STN,prec_1,prec_2,prec_3,prec_4,prec_5,prec_6,prec_7,prec_8,prec_9,prec_10,prec_11,prec_12,prec_13,prec_14,prec_15,prec_16,st_1,st_2,st_3,st_4,st_5,st_6,st_7,st_8,st_9,st_10,st_11,st_12,st_13,st_14,st_15,st_16,08.0
LAT,29.30136,29.30136,29.30136,29.30136,32.09194,32.09194,32.09194,32.09194,34.88252,34.88252,34.88252,34.88252,37.67308,37.67308,37.67308,37.67308,29.30136,29.30136,29.30136,29.30136,32.09194,32.09194,32.09194,32.09194,34.88252,34.88252,34.88252,34.88252,37.67308,37.67308,37.67308,37.67308,33.6194949
LON,-115.3125,-112.5000,-109.6875,-106.8750,-115.3125,-112.5000,-109.6875,-106.8750,-115.3125,-112.5000,-109.6875,-106.8750,-115.3125,-112.5000,-109.6875,-106.8750,-115.3125,-112.5000,-109.6875,-106.8750,-115.3125,-112.5000,-109.6875,-106.8750,-115.3125,-112.5000,-109.6875,-106.8750,-115.3125,-112.5000,-109.6875,-106.8750,-110.9215037
1958 1.1391621E-09 8.2689960E-10 4.5192454E-09 1.8007794E-08 4.6471488E-10 1.1983416E-09 3.8939225E-09 1.3546551E-08 1.1130624E-09 2.4229467E-09 5.9286855E-09 1.2342828E-08 3.1993466E-09 4.1794057E-09 6.9933894E-09 1.0282986E-08  294.2029 300.4799 297.1278 292.4212 297.2385 297.0138 294.5186 292.2453 292.2965 291.1117 288.9083 288.3100 286.5678 284.8876 282.9863 283.4222  295.871
1959 2.2734223E-09 2.2965487E-09 6.1115868E-09 1.1995612E-08 1.5019469E-09 2.7427036E-09 4.6534985E-09 7.9996898E-09 3.2012177E-09 4.2667310E-09 6.6375505E-09 8.7681133E-09 5.8856875E-09 7.0632771E-09 9.2171160E-09 9.3530437E-09  294.1571 300.7325 296.9104 292.2166 297.8996 297.4056 294.5677 292.2189 292.9031 291.5764 288.9558 288.3950 287.2571 285.3840 283.2859 283.8080  1330.84
1960 1.3499700E-09 4.9449633E-10 3.6700076E-09 8.1735703E-09 6.3799382E-10 9.7961728E-10 4.9239426E-09 6.7836599E-09 1.4910646E-09 2.6953033E-09 5.3919269E-09 7.3802817E-09 4.6451598E-09 5.6314531E-09 6.9454167E-09 7.8431288E-09  293.9585 300.7698 297.9886 293.5140 297.3838 297.4497 295.0884 293.0545 292.7893 291.7600 289.5711 289.0333 287.2378 285.6195 283.7926 284.2946  171.581
1961 2.4528966E-09 1.3418139E-09 3.2520819E-09 1.0190358E-08 1.3729772E-09 1.8860329E-09 4.5983435E-09 7.9540454E-09 2.1638080E-09 3.3379044E-09 6.8406361E-09 8.8066479E-09 5.2008540E-09 6.1117023E-09 8.1432630E-09 9.5431272E-09  294.0419 300.1578 297.5219 293.2362 296.8272 296.8208 294.5803 292.7361 292.2332 291.1150 288.9350 288.6551 286.6340 285.0114 283.2286 283.7746  285.806
1962 1.2377138E-09 4.0758177E-10 2.7800460E-09 9.8679642E-09 1.2542354E-09 1.8779580E-09 3.3785406E-09 7.6634228E-09 1.9896964E-09 2.9548299E-09 4.8503739E-09 8.0411597E-09 4.4713873E-09 5.5319282E-09 6.6864234E-09 8.1484623E-09  293.8306 300.6075 297.7032 293.1392 297.4214 297.1734 294.7232 292.5717 292.8413 291.4789 289.1795 288.6256 287.1649 285.2461 283.3314 283.7304  150.548
1963 1.7275376E-09 1.3654622E-09 3.1787057E-09 1.1274430E-08 1.4430724E-09 2.0615909E-09 5.0718145E-09 1.0034944E-08 2.3075435E-09 3.4399807E-09 6.2801173E-09 9.7462571E-09 3.9200128E-09 4.9263567E-09 7.0750179E-09 8.9344079E-09  294.1576 300.6129 298.0080 293.3942 297.1460 297.2597 294.9604 292.8203 292.6753 291.5821 289.4000 288.8419 287.3020 285.5749 283.6523 284.0754  1030.77
1964 1.0939978E-09 4.5117624E-10 2.1356479E-09 7.1809678E-09 7.2149858E-10 1.0437827E-09 2.6841966E-09 5.6556142E-09 1.7398204E-09 2.6392517E-09 4.6407997E-09 8.1162321E-09 3.9381081E-09 5.1918794E-09 6.8515185E-09 9.9171968E-09  293.7072 300.2855 297.3748 293.0686 297.0154 296.7830 294.4178 292.5549 292.2784 291.0345 288.8128 288.3896 286.7021 284.9854 283.0416 283.4453  634.387
1965 2.2346378E-09 2.1446747E-09 5.8922338E-09 1.2610106E-08 1.6156712E-09 3.1606515E-09 6.8912644E-09 9.4995372E-09 3.0522971E-09 5.1251301E-09 8.4244682E-09 1.0939841E-08 7.7637496E-09 9.3211021E-09 1.1208802E-08 1.2820047E-08  294.1040 299.8847 297.2974 293.1383 296.4113 296.4156 294.2509 292.6386 291.8228 290.7195 288.6584 288.5437 286.4001 284.7011 282.8831 283.5549  520.871
1966 1.3604147E-09 2.0766520E-09 3.6407857E-09 1.1923638E-08 6.7567690E-10 1.6865829E-09 4.8778914E-09 6.9346289E-09 1.7374960E-09 3.6942971E-09 4.9842228E-09 7.3953395E-09 5.9393965E-09 7.0426536E-09 7.7326643E-09 8.6091818E-09  293.8346 300.1142 297.2672 292.7186 296.9258 296.7032 294.1543 292.1844 292.2993 290.9425 288.6814 288.2439 286.8028 284.9219 282.9608 283.2899  459.29
1967 1.7930155E-09 1.7315178E-09 5.4908660E-09 1.2607173E-08 1.3466680E-09 2.2897775E-09 6.5466210E-09 1.1104554E-08 2.3448927E-09 4.8740265E-09 9.2292067E-09 1.2350077E-08 5.6641261E-09 8.2112557E-09 1.0469786E-08 1.2493786E-08  293.8870 300.1530 297.1421 292.6924 296.8542 296.8337 294.3475 292.3342 292.3495 291.0195 288.6060 288.2233 286.9504 284.9792 282.8292 283.3327  1337.94
1968 2.2672011E-09 2.1896589E-09 4.5756008E-09 1.1673958E-08 2.5664335E-09 3.7835735E-09 5.1742566E-09 8.6415222E-09 3.9184465E-09 5.5772600E-09 6.4946333E-09 8.6063183E-09 6.3719354E-09 6.9366513E-09 7.7979934E-09 8.8295069E-09  293.8384 300.3340 297.6402 293.3686 297.0103 296.9711 294.7408 293.0064 292.3366 291.1827 289.1268 289.0100 286.8408 285.1674 283.3848 284.0540  701.29
1969 1.0433727E-09 7.6175960E-10 3.3806087E-09 7.7540427E-09 6.0800109E-10 1.1202640E-09 4.4698836E-09 7.0380870E-09 1.4849268E-09 2.6782201E-09 5.0266875E-09 7.6131403E-09 3.9791068E-09 5.3044871E-09 7.4223090E-09 8.4689287E-09  293.9054 300.9637 298.2955 293.8631 297.5559 297.7198 295.2903 293.3177 293.1294 292.0710 289.8206 289.2433 287.7527 286.0558 284.0716 284.4325  348.129
1970 1.1647047E-09 1.1209670E-09 4.6207860E-09 1.4930453E-08 1.0338057E-09 1.8146191E-09 4.3884163E-09 1.0098709E-08 2.5537246E-09 3.6646270E-09 5.7962741E-09 9.1481276E-09 5.0194711E-09 5.5900600E-09 7.4241520E-09 8.0533269E-09  293.8690 300.6252 297.4592 292.5155 297.2410 297.1744 294.5720 292.2386 292.6858 291.5132 289.0730 288.4607 287.3335 285.5898 283.5403 283.9591  336.581
1971 1.2157912E-09 1.0342357E-09 5.6068323E-09 1.3541885E-08 1.2480906E-09 2.1142297E-09 5.2526854E-09 9.4597681E-09 3.4680383E-09 5.6871650E-09 7.1660526E-09 9.1723651E-09 5.5378253E-09 7.8493168E-09 9.5200221E-09 9.9349338E-09  293.7334 300.2701 296.9998 292.4849 297.0797 296.8099 294.2024 292.1322 292.3351 290.9890 288.6874 288.2100 286.8484 284.8570 282.9200 283.4625  860.194
1972 3.8679180E-09 2.6898570E-09 4.1813819E-09 1.3532815E-08 2.9104654E-09 3.7681325E-09 6.7948234E-09 1.1392630E-08 4.6670250E-09 5.5639675E-09 8.0809803E-09 1.0928751E-08 7.5381985E-09 8.5070795E-09 9.6867634E-09 1.1046496E-08  294.1362 299.2847 296.8181 292.6484 295.7629 295.6887 293.5287 291.6858 291.0942 289.9196 287.9350 287.5480 285.4785 283.7568 282.0450 282.5031  178.774
1973 1.3571848E-09 4.2017617E-10 2.2858002E-09 7.7300433E-09 5.9180194E-10 9.1480368E-10 3.5929881E-09 6.6250481E-09 1.6660954E-09 2.5339457E-09 4.6419526E-09 7.5833126E-09 4.1977102E-09 5.5934217E-09 6.9795338E-09 8.4813090E-09  293.6320 300.0238 297.6306 293.3745 296.5616 296.5928 294.4374 292.6127 292.0681 290.9555 288.7350 288.3529 286.6611 284.9832 283.0472 283.5624  370.29
1974 1.7037245E-09 1.4091358E-09 3.8175050E-09 1.1106907E-08 1.0946940E-09 1.9834356E-09 4.7624522E-09 8.0975973E-09 2.0528614E-09 3.4529082E-09 5.8356737E-09 7.8824929E-09 5.2970210E-09 6.3511361E-09 7.6642372E-09 9.1953307E-09  293.7374 299.5099 296.6556 292.3577 296.5117 296.1679 293.6646 291.7394 291.9027 290.4728 288.2021 287.7266 286.2538 284.3503 282.3499 282.7654  284.129
1975 1.1878719E-09 7.4170625E-10 2.1148123E-09 7.4244859E-09 4.4876436E-10 1.6120726E-09 3.7235037E-09 5.4070002E-09 1.8121775E-09 3.3903678E-09 4.4543627E-09 6.4475216E-09 4.0570045E-09 4.8070707E-09 6.2312773E-09 7.1979742E-09  293.6966 300.2725 297.7805 293.5190 297.0611 296.9486 294.7383 292.9342 292.6273 291.3514 289.1306 288.7687 287.1094 285.2817 283.2579 283.7585  180.903
1976 3.0278768E-09 2.3684432E-09 6.9830373E-09 1.3602376E-08 2.4161664E-09 4.1908823E-09 8.0442204E-09 1.2069489E-08 3.3976590E-09 7.0525683E-09 1.0911885E-08 1.4129834E-08 7.2143229E-09 8.8383425E-09 1.0927486E-08 1.2366918E-08  294.0531 299.2516 296.1465 291.9626 295.9785 295.7091 293.2828 291.3627 291.1160 289.8931 287.6234 287.3149 285.3977 283.7749 281.9707 282.4953  295.097
1977 1.8099963E-09 1.8650259E-09 5.4600404E-09 1.3575800E-08 1.5961427E-09 2.6722287E-09 6.1231682E-09 1.1017794E-08 2.7742952E-09 4.3621213E-09 6.9957857E-09 1.1074252E-08 4.8930953E-09 6.9180213E-09 8.8677243E-09 1.0575204E-08  294.0294 300.7092 297.6403 292.8142 297.5224 297.3386 294.7037 292.4357 293.0505 291.7085 289.3134 288.6811 287.8187 285.7876 283.6891 283.8865  396.71
1978 1.4703830E-09 8.2117652E-10 3.7714076E-09 9.9002575E-09 1.0783225E-09 1.1974292E-09 3.2991345E-09 6.5781567E-09 3.1968836E-09 4.4718149E-09 5.3547486E-09 6.5297359E-09 7.1771589E-09 8.1193328E-09 8.7265102E-09 8.9444532E-09  293.9543 299.8700 297.2127 292.9835 296.5356 296.5486 294.2642 292.4443 291.9469 290.7408 288.6530 288.3994 286.3353 284.5134 282.6782 283.2124  360
1979 2.6304094E-09 2.7353653E-09 5.0315778E-09 1.5561548E-08 1.4921568E-09 3.4975522E-09 6.5231407E-09 1.0903086E-08 3.2808678E-09 5.9451031E-09 9.0314183E-09 1.1952415E-08 6.2433814E-09 7.8381239E-09 1.0680457E-08 1.2294239E-08  294.0465 300.1803 297.5927 293.1250 296.7048 296.8782 294.6664 292.6185 292.2334 291.2050 289.0940 288.6149 286.9981 285.3001 283.3313 283.7692  414
1980 2.5008460E-09 3.1705565E-09 6.0317116E-09 1.2798552E-08 2.2167796E-09 3.0712421E-09 5.4861307E-09 1.0691051E-08 3.9757708E-09 5.7229217E-09 7.9842968E-09 1.0969840E-08 7.4421549E-09 9.2095869E-09 9.4291606E-09 1.0554077E-08  294.0401 299.8459 297.0827 292.9400 296.7158 296.5306 294.2193 292.3964 292.2163 291.0109 288.8966 288.5762 286.8663 285.1960 283.3405 283.9090  461.29
1981 1.3747208E-09 8.3345719E-10 2.4523288E-09 9.9042250E-09 7.4518308E-10 1.4557591E-09 3.7710577E-09 7.5702671E-09 1.5195897E-09 2.8949958E-09 4.8222897E-09 8.1031368E-09 4.1977790E-09 5.4956129E-09 6.8048376E-09 9.2446877E-09  294.1011 300.6440 297.8100 293.2186 297.2719 297.1985 294.7703 292.7260 292.6994 291.5437 289.3252 288.6914 287.2657 285.4255 283.5107 283.7960  336
1982 4.7068793E-09 4.5723252E-09 6.6591883E-09 1.5870979E-08 3.4324732E-09 5.4701257E-09 9.4205035E-09 1.3504772E-08 5.7358305E-09 8.7996446E-09 1.2294604E-08 1.4060085E-08 9.3377990E-09 1.1865901E-08 1.3325820E-08 1.4271626E-08  293.8648 299.6136 296.7681 292.1995 296.3382 296.1400 293.6644 291.5459 291.8692 290.4766 288.0627 287.6018 286.5506 284.5771 282.4283 283.0029  428.839
1983 2.4504525E-09 3.1374552E-09 7.1453647E-09 1.5275779E-08 2.0909194E-09 4.4381747E-09 8.0693052E-09 1.1676875E-08 3.6872954E-09 5.9593135E-09 7.6830862E-09 1.0623284E-08 5.4182556E-09 7.4946023E-09 8.8733030E-09 9.6627399E-09  294.5732 300.6139 297.2892 292.5305 297.3017 297.0425 294.2257 291.9749 292.5294 291.2312 288.7857 288.1496 287.1191 285.2697 283.1912 283.5341  557.613
1984 1.4031454E-09 5.3782423E-10 3.5931884E-09 1.1744090E-08 4.5825488E-10 1.1011166E-09 4.7841802E-09 7.7909048E-09 2.4697269E-09 4.2291473E-09 6.6506347E-09 8.6453573E-09 6.9004304E-09 8.5897787E-09 1.0118582E-08 1.0793033E-08  294.6307 300.3322 297.4057 292.8683 297.0593 296.9010 294.4045 292.4085 292.2852 290.9741 288.6624 288.3170 286.5701 284.7792 282.8340 283.4457  729.645
1985 2.2399338E-09 1.0757526E-09 2.3652167E-09 8.9951477E-09 1.4229398E-09 1.7071702E-09 4.0135788E-09 8.7753929E-09 3.0026599E-09 3.8884611E-09 7.1057125E-09 9.8669277E-09 5.5556737E-09 8.0717237E-09 1.0165917E-08 1.1274332E-08  294.4757 299.6188 297.0376 292.9400 296.1215 295.9631 293.7663 292.1172 291.3616 290.1343 288.0697 287.8301 285.7224 283.9571 282.1005 282.6929  458.161
1986 4.0001003E-09 4.1108961E-09 7.3443451E-09 1.4259131E-08 3.9948507E-09 5.4023759E-09 9.4912620E-09 1.3092919E-08 5.6254401E-09 8.1203932E-09 1.0501536E-08 1.3596185E-08 9.0074330E-09 9.6803863E-09 1.1618820E-08 1.1712189E-08  294.5116 299.8626 297.0249 292.5732 296.5182 296.4482 293.9137 291.9507 292.1146 290.8309 288.4686 288.0069 286.9042 285.0648 283.0489 283.5236  386
1987 5.4775651E-09 4.6090047E-09 6.8287758E-09 1.5052310E-08 5.5673879E-09 6.7954189E-09 9.6254791E-09 1.3156349E-08 6.6493540E-09 9.2814769E-09 1.1312329E-08 1.3223652E-08 8.8644407E-09 1.2013816E-08 1.3332570E-08 1.3292544E-08  294.4277 300.0422 296.9019 292.0710 296.8266 296.4059 293.6966 291.4667 292.1830 290.7300 288.2329 287.7807 286.8047 284.8826 282.7216 283.2342  532.387
1988 1.4908162E-09 9.2167352E-10 2.1582063E-09 8.8175440E-09 5.1879001E-10 1.2613828E-09 3.0561260E-09 6.8445880E-09 1.0468576E-09 2.4393194E-09 4.6266462E-09 7.0902666E-09 3.1286695E-09 4.4907367E-09 5.6868239E-09 6.3569674E-09  294.3421 300.2686 297.6341 293.0606 296.8662 296.9455 294.7678 292.8010 292.6317 291.5354 289.4041 289.0660 287.4390 285.6343 283.7030 284.2820  1231.06
1989 2.4155637E-09 2.2912727E-09 4.0052068E-09 1.1382818E-08 1.8325371E-09 2.6452085E-09 4.9345790E-09 8.0741698E-09 3.0888814E-09 4.4456545E-09 6.6974812E-09 8.8134531E-09 6.2548904E-09 7.6477535E-09 8.7610390E-09 9.0586934E-09  294.6050 300.1609 297.1546 292.6459 297.1792 296.8758 294.2681 292.2332 292.7213 291.3250 288.9558 288.4328 287.4148 285.4113 283.3595 283.7496  276.839
1990 1.5776158E-09 1.4952506E-09 4.8504165E-09 1.2499783E-08 1.3001255E-09 2.9298257E-09 6.3622090E-09 1.0719110E-08 2.9057434E-09 5.4721592E-09 7.7180990E-09 1.0153225E-08 6.1896768E-09 8.3574809E-09 9.3662793E-09 1.0187576E-08  294.6912 300.1075 297.0388 292.4446 297.0046 296.7059 294.1301 291.9377 292.3193 290.9708 288.5660 287.9431 286.8510 284.8965 282.8124 283.2453  461.968
1991 2.8362908E-09 3.2104497E-09 8.6800780E-09 1.6824924E-08 2.8335607E-09 5.0538342E-09 9.0915933E-09 1.4309338E-08 5.5885550E-09 9.3653867E-09 1.2039458E-08 1.3844684E-08 9.8565440E-09 1.2329859E-08 1.3321471E-08 1.3592638E-08  294.4075 299.7645 296.6643 292.2803 296.5969 296.2215 293.6458 291.6899 291.9460 290.4925 288.0852 287.7498 286.7564 284.8161 282.6753 283.2270  297.774
1992 2.8958274E-09 3.4775152E-09 8.1735188E-09 1.7762472E-08 2.1151003E-09 4.7754520E-09 1.0398668E-08 1.6080046E-08 4.4684572E-09 8.2904412E-09 1.2124108E-08 1.6131374E-08 8.7309822E-09 1.1760124E-08 1.4083762E-08 1.5119038E-08  294.8967 299.7062 296.2927 291.7297 296.6296 296.0626 293.2606 290.9268 291.6078 290.1146 287.6169 286.9709 285.8419 283.9837 281.9498 282.4870  1427.35
1993 3.9842716E-09 5.4207518E-09 1.0942052E-08 1.9338833E-08 3.5626877E-09 6.1394290E-09 1.2017363E-08 1.6708405E-08 5.8658953E-09 9.0346051E-09 1.3242392E-08 1.6422270E-08 9.8538431E-09 1.2591365E-08 1.4028550E-08 1.5109363E-08  294.8420 299.7589 296.1456 291.4918 296.7597 296.1182 293.1127 290.9879 291.9017 290.3137 287.6649 287.1869 286.4738 284.4437 282.2571 282.6976  371.226
1994 3.1686458E-09 3.0501355E-09 7.6108861E-09 1.7087496E-08 3.1073100E-09 4.9012612E-09 8.6938083E-09 1.4272093E-08 5.3108953E-09 7.8602271E-09 1.1012239E-08 1.3382125E-08 8.6308116E-09 1.0508284E-08 1.2423138E-08 1.3304929E-08  294.3623 299.9611 296.4462 291.6169 296.8674 296.4544 293.5118 291.0844 292.3110 290.9101 288.1520 287.3664 287.0216 285.1022 282.8288 283.1714  266.29
1995 2.4188804E-09 1.7938262E-09 3.0383114E-09 1.0321507E-08 1.3983517E-09 2.5595870E-09 6.0486318E-09 1.0191131E-08 3.3555794E-09 5.4120664E-09 8.3712708E-09 1.2097169E-08 5.8289475E-09 7.3102084E-09 9.0347250E-09 1.1681421E-08  294.4756 299.6775 297.2915 293.1232 296.2247 296.2227 294.1020 292.4468 291.6913 290.5273 288.5350 288.2708 286.2227 284.5736 282.8073 283.3152  252.742
1996 3.9291512E-09 2.9224905E-09 4.0522536E-09 1.0962554E-08 2.8484211E-09 3.7376089E-09 5.7502407E-09 9.8917106E-09 3.7802703E-09 5.1790536E-09 7.2025625E-09 1.0433367E-08 6.6088433E-09 8.4937568E-09 9.9707034E-09 1.0698552E-08  294.7373 299.8639 297.2738 292.9958 296.4706 296.4327 294.2320 292.5490 292.0133 290.8841 288.8965 288.6321 286.6716 284.9616 283.1904 283.7188  271
1997 4.7709365E-09 5.0728755E-09 9.7211936E-09 2.1090331E-08 5.2412377E-09 8.0263574E-09 1.3319585E-08 1.8367556E-08 8.0235294E-09 1.1940481E-08 1.5418919E-08 1.5625808E-08 1.1817663E-08 1.3685940E-08 1.4513521E-08 1.5100824E-08  294.9407 299.9967 296.3934 291.4426 296.8937 296.1917 293.1783 290.8255 291.9460 290.3145 287.5984 287.1110 286.4288 284.3938 282.3461 282.8871  200.226
1998 1.1269748E-09 2.6749275E-10 2.2957172E-09 1.0470143E-08 3.7655562E-10 9.4396835E-10 3.4687908E-09 6.3702452E-09 1.2567642E-09 2.2161974E-09 4.7393214E-09 7.5676656E-09 2.5519331E-09 3.8539492E-09 4.9433537E-09 7.0822606E-09  294.5397 301.1690 298.4793 293.9489 297.7337 297.7689 295.5066 293.6640 293.2376 292.1109 289.9745 289.5569 287.6943 286.0064 284.2587 284.6709  254.355
1999 1.3744460E-09 6.2278810E-10 2.5030216E-09 8.6062917E-09 6.3551864E-10 1.3578890E-09 3.4876166E-09 6.5545942E-09 3.0312346E-09 3.9560781E-09 5.0419620E-09 6.5186363E-09 6.5827721E-09 6.8320416E-09 6.2707781E-09 6.2842798E-09  294.2773 300.2122 297.5622 293.3332 296.8708 296.6410 294.3878 292.6861 292.2285 290.9588 288.8657 288.6520 286.8022 285.0344 283.2574 283.7606  1159.81
2000 1.5851267E-09 4.2953352E-10 1.4380523E-09 6.5608292E-09 6.4504568E-10 9.0236252E-10 2.8251852E-09 5.1904503E-09 1.6927542E-09 2.7251716E-09 4.0009152E-09 6.7752706E-09 4.0380077E-09 5.3004134E-09 7.2210296E-09 8.1922149E-09  294.5881 300.3719 297.7183 293.4004 296.8399 296.7319 294.4150 292.6810 292.3221 291.0219 288.7759 288.4453 286.9156 285.0207 282.9589 283.4833  302.645
2001 1.9379232E-09 1.7048631E-09 4.9344360E-09 1.1847461E-08 1.2539295E-09 2.7657612E-09 6.0369603E-09 1.0131024E-08 3.0637661E-09 5.0172515E-09 6.9595392E-09 8.6534788E-09 5.7685448E-09 7.1943065E-09 8.6204386E-09 9.0517700E-09  294.5221 300.6077 297.5011 292.7488 297.3554 297.1540 294.4521 292.3703 293.0598 291.6283 289.2775 288.7936 287.8247 285.8554 283.8274 284.1786  346.516
2002 2.9952694E-09 3.1950653E-09 5.9025624E-09 1.3285736E-08 3.1621430E-09 5.0282565E-09 7.6723845E-09 1.1775659E-08 5.1589408E-09 7.1859718E-09 8.9027870E-09 1.1969447E-08 7.5285209E-09 8.6267171E-09 1.0367114E-08 1.0760655E-08  294.5187 300.5800 297.4063 292.6062 297.3343 297.1515 294.4108 292.1210 292.8633 291.5398 289.1124 288.3994 287.4562 285.5421 283.4750 283.8508  354.387
2003 2.0917059E-09 1.3906383E-09 4.4610076E-09 9.7848059E-09 1.0615637E-09 1.6061394E-09 5.0221067E-09 8.5892280E-09 1.9032635E-09 2.9928984E-09 6.7830879E-09 9.6962482E-09 4.4099076E-09 5.3915996E-09 8.3283158E-09 1.0300749E-08  294.1695 300.6362 297.7557 293.1994 297.5827 297.4477 294.8462 292.8000 293.1660 291.8440 289.4695 288.9319 287.6834 285.8112 283.7241 284.1870  301.452
2004 1.9625837E-09 2.3453088E-09 4.8366333E-09 1.1933054E-08 1.8585600E-09 3.6793666E-09 5.6178258E-09 1.0890826E-08 4.4315240E-09 5.9533392E-09 7.4869391E-09 1.0817356E-08 8.3842755E-09 9.4063379E-09 1.0566435E-08 1.1639739E-08  294.5426 300.2642 297.3768 292.7731 297.0063 296.9410 294.4774 292.4825 292.6033 291.3232 289.0593 288.5842 287.2843 285.4032 283.2749 283.7606  218.903
2005 2.9807745E-09 3.0358906E-09 3.9684842E-09 1.0306615E-08 2.2172688E-09 3.4910186E-09 5.5001816E-09 8.7360972E-09 3.6102030E-09 5.4592868E-09 6.9576416E-09 9.3009351E-09 6.7096231E-09 7.6159594E-09 8.0860163E-09 9.6960244E-09  294.4859 300.2968 297.7831 293.4866 296.9696 296.8911 294.6345 292.9494 292.5890 291.3125 289.2570 289.0933 287.2609 285.4558 283.6514 284.2286  423.355
2006 2.0298034E-09 1.9516182E-09 5.3679012E-09 1.0970311E-08 1.3424422E-09 2.9203695E-09 5.7299605E-09 8.1421954E-09 2.7093117E-09 5.0960551E-09 7.8804190E-09 8.3299030E-09 5.4986651E-09 7.0388162E-09 8.8583940E-09 9.3394457E-09  294.3323 300.4489 297.3486 292.8321 297.4095 297.1934 294.6553 292.6522 292.9510 291.6378 289.3017 288.8890 287.5641 285.7618 283.7433 284.2013  2414.45
2007 2.5221270E-09 1.9475890E-09 4.5099124E-09 1.1001615E-08 2.0496898E-09 3.3031915E-09 5.2956568E-09 8.4738732E-09 3.7826782E-09 5.2710796E-09 6.6305752E-09 8.2217335E-09 6.2569439E-09 7.4117676E-09 8.0984455E-09 8.7140135E-09  294.1840 300.5852 297.8696 293.4309 297.3808 297.3727 294.9542 292.9670 293.2158 291.9797 289.6081 289.1365 287.9492 286.1552 284.1404 284.5457  1074
2008 1.4205941E-09 4.4563542E-10 1.7874737E-09 6.9968946E-09 5.1987198E-10 9.4956276E-10 2.1729034E-09 4.9094688E-09 1.5439798E-09 2.4276876E-09 3.7548351E-09 5.5871379E-09 4.1596069E-09 5.0418913E-09 5.9602696E-09 6.9922903E-09  294.1553 300.9242 298.7730 294.4872 297.3116 297.5933 295.7446 294.0202 293.0591 292.1281 290.2701 290.0426 287.9386 286.2595 284.5348 285.0843  511.774
2009 3.6863785E-09 4.4655479E-09 7.1475719E-09 1.5687849E-08 4.9338560E-09 6.4005596E-09 8.0791089E-09 1.2727375E-08 5.5520819E-09 8.1568494E-09 9.8028616E-09 1.3000195E-08 6.8683206E-09 8.6587173E-09 1.1050732E-08 1.2675345E-08  294.5244 300.1820 297.1266 292.6085 296.9835 296.6460 294.1079 291.9838 292.2169 290.8682 288.5523 288.0421 286.8847 285.0447 283.0749 283.5583  119.226
2010 1.4669093E-09 3.4773248E-10 1.2751352E-09 6.9897466E-09 6.2178068E-10 6.9561490E-10 2.2934816E-09 4.8304316E-09 1.4719589E-09 1.6509178E-09 2.3445592E-09 4.0541628E-09 2.7754652E-09 3.0148819E-09 3.6656060E-09 4.2107784E-09  293.9476 300.8956 298.7757 294.4090 297.2054 297.5287 295.5332 293.8620 293.0423 292.0676 290.1566 289.9590 287.9525 286.1937 284.4676 284.9499  836.613
2011 1.5575021E-09 5.2368604E-10 2.1684601E-09 9.6667856E-09 7.7445350E-10 1.2966946E-09 4.5568114E-09 8.7058769E-09 1.8895221E-09 3.2152891E-09 6.3230452E-09 9.7431352E-09 5.6783680E-09 6.5665002E-09 8.3947551E-09 1.0293173E-08  294.0858 300.4583 298.1654 294.0610 297.0035 297.1141 294.9740 293.3621 292.6017 291.4486 289.4337 289.2548 287.3215 285.5962 283.8002 284.4136  361.355
2012 1.3524781E-09 1.4650011E-09 5.7682215E-09 1.1427633E-08 5.8227217E-10 2.2622202E-09 5.9484884E-09 1.1003347E-08 2.2443740E-09 4.8266235E-09 7.9917193E-09 1.1005267E-08 4.9102806E-09 6.8546484E-09 8.5370120E-09 1.0032458E-08  294.5087 300.5434 297.3362 292.7337 297.5241 297.1567 294.4405 292.2132 292.9640 291.5156 289.0103 288.4019 287.4470 285.4424 283.4281 283.7749  235.613
2013 1.6337192E-09 1.2429855E-09 2.8037155E-09 9.3016013E-09 9.7730846E-10 2.0314159E-09 4.6636877E-09 8.4220773E-09 2.1340123E-09 3.9151318E-09 6.0259171E-09 7.6418498E-09 5.3426206E-09 6.8715513E-09 7.4666540E-09 7.6696125E-09  294.3214 300.6408 297.7802 293.3210 297.4588 297.2391 294.6616 292.6478 292.9703 291.5117 289.1187 288.7199 287.4394 285.5225 283.6453 284.0845  489.355
2014 1.7518325E-09 9.6928432E-10 3.8707553E-09 1.1314798E-08 1.3299968E-09 1.7567291E-09 4.7337765E-09 8.4543652E-09 3.3088308E-09 4.8232334E-09 7.3465922E-09 9.2303933E-09 6.0826455E-09 8.2596232E-09 9.9456212E-09 1.0026456E-08  294.7162 301.4452 297.9692 292.8423 298.4656 298.0760 295.1143 292.5978 293.7818 292.2397 289.6525 289.0357 288.2622 286.1909 284.0417 284.5036  450.548
2015 3.2242675E-09 3.0974487E-09 7.2806223E-09 1.6795806E-08 2.5034932E-09 3.1648668E-09 8.4633633E-09 1.4383633E-08 3.7153109E-09 6.4057928E-09 1.0737527E-08 1.4057190E-08 7.6646920E-09 9.5398436E-09 1.1947372E-08 1.3873403E-08  295.0721 300.2994 296.8240 292.1528 297.3700 296.9565 293.9840 291.5892 292.5512 291.0934 288.4638 287.7477 286.8503 284.9049 282.7746 283.1357  384.032
