STN,prec_1,prec_2,prec_3,prec_4,prec_5,prec_6,prec_7,prec_8,prec_9,prec_10,prec_11,prec_12,prec_13,prec_14,prec_15,prec_16,st_1,st_2,st_3,st_4,st_5,st_6,st_7,st_8,st_9,st_10,st_11,st_12,st_13,st_14,st_15,st_16,09.0
LAT,29.30136,29.30136,29.30136,29.30136,32.09194,32.09194,32.09194,32.09194,34.88252,34.88252,34.88252,34.88252,37.67308,37.67308,37.67308,37.67308,29.30136,29.30136,29.30136,29.30136,32.09194,32.09194,32.09194,32.09194,34.88252,34.88252,34.88252,34.88252,37.67308,37.67308,37.67308,37.67308,33.6194949
LON,-115.3125,-112.5000,-109.6875,-106.8750,-115.3125,-112.5000,-109.6875,-106.8750,-115.3125,-112.5000,-109.6875,-106.8750,-115.3125,-112.5000,-109.6875,-106.8750,-115.3125,-112.5000,-109.6875,-106.8750,-115.3125,-112.5000,-109.6875,-106.8750,-115.3125,-112.5000,-109.6875,-106.8750,-115.3125,-112.5000,-109.6875,-106.8750,-110.9215037
1958 6.5085017E-09 7.2889961E-09 9.4703729E-09 1.3940507E-08 1.0121160E-08 1.1032203E-08 1.3909192E-08 1.5778244E-08 1.8030084E-08 1.8175163E-08 1.7159433E-08 1.5830631E-08 2.0732614E-08 1.9617374E-08 1.8403117E-08 1.8403867E-08  289.5314 290.1327 286.5199 282.4388 286.7018 284.5644 281.8314 279.9172 279.1819 276.4978 273.9143 273.9395 271.1021 268.2043 266.3646 267.9054  570.633
1959 6.4805850E-09 6.0358794E-09 8.5415017E-09 1.2030923E-08 1.1868722E-08 1.0863237E-08 1.1970837E-08 1.2247389E-08 2.3146590E-08 2.1255394E-08 1.7901302E-08 1.4000027E-08 2.7417503E-08 2.4675098E-08 2.2341242E-08 1.9245849E-08  289.5911 290.4017 286.8572 283.0195 286.9305 284.9760 282.4599 280.9324 279.4988 277.2041 274.7520 275.1158 271.2059 268.8496 267.3337 268.8793  236.533
1960 4.9024576E-09 6.4406831E-09 8.1237657E-09 1.2187610E-08 7.7685192E-09 8.4941538E-09 1.1378243E-08 1.4308562E-08 1.7214576E-08 1.6339719E-08 1.5568917E-08 1.3868394E-08 2.5724569E-08 2.2214829E-08 2.0514065E-08 1.8031365E-08  289.4269 290.5797 287.3688 283.6181 287.1925 285.3581 282.8916 281.2672 279.8441 277.6460 275.0917 275.2860 271.7174 269.2202 267.4426 269.1296  136
1961 7.5983602E-09 6.8829875E-09 6.9804322E-09 9.6914086E-09 1.0790243E-08 1.0844644E-08 1.1486303E-08 1.2416816E-08 1.8532770E-08 1.7403313E-08 1.6103602E-08 1.4265855E-08 2.3924372E-08 2.0679710E-08 1.9658559E-08 1.8977676E-08  289.4515 289.9820 286.4854 282.6626 286.4591 284.4258 281.8511 280.0539 278.6150 276.2742 273.7360 273.8380 270.3558 267.6866 265.9207 267.5685  240.567
1962 7.7373548E-09 7.0162756E-09 8.6843137E-09 1.2635154E-08 1.1456992E-08 1.1455909E-08 1.3558849E-08 1.3920780E-08 1.9777582E-08 1.8681872E-08 1.6969015E-08 1.3315502E-08 2.4336519E-08 2.1938703E-08 1.9731376E-08 1.6716257E-08  289.3394 290.4575 286.9669 283.0112 287.1335 285.1668 282.5099 280.7211 279.6142 277.2371 274.6987 274.8994 271.0445 268.8049 267.1347 268.7912  233.967
1963 9.1930543E-09 9.7856327E-09 1.1437598E-08 1.5618761E-08 1.3124194E-08 1.4504321E-08 1.5553976E-08 1.5710530E-08 1.8812225E-08 1.8124789E-08 1.6987260E-08 1.5139388E-08 2.3147022E-08 1.9911010E-08 1.8498874E-08 1.7777664E-08  289.5589 289.7849 286.1921 282.2401 286.6728 284.5305 281.8776 280.0130 279.4995 277.0690 274.3413 274.2890 271.4665 268.9271 266.9111 268.4189  924.967
1964 5.0143818E-09 4.4285584E-09 6.6089649E-09 1.0068367E-08 6.6903132E-09 6.7422703E-09 8.9197600E-09 1.0459918E-08 1.2518538E-08 1.3004680E-08 1.2901607E-08 1.1501689E-08 1.8154697E-08 1.8147125E-08 1.7660437E-08 1.6952029E-08  289.1693 290.2007 286.7603 283.0750 287.0093 285.0410 282.3993 280.6764 279.4431 277.0753 274.5521 274.7261 270.9573 268.3455 266.6700 268.2373  800.367
1965 1.2919548E-08 1.5674383E-08 1.7489514E-08 2.0368205E-08 2.1369742E-08 2.1846841E-08 2.2732189E-08 2.1182663E-08 2.8348325E-08 2.6588971E-08 2.3391975E-08 1.8912557E-08 2.8953739E-08 2.4405162E-08 2.2086780E-08 2.0198685E-08  289.5197 289.3386 285.6507 281.6013 286.1141 283.9372 281.5341 279.7674 278.9089 276.7757 274.3945 274.5407 271.3554 269.1133 267.6319 269.0431  232.933
1966 1.0380856E-08 1.1274367E-08 1.2130233E-08 1.4731821E-08 1.3089607E-08 1.4766758E-08 1.6253287E-08 1.5621499E-08 1.9506382E-08 1.9192280E-08 1.8224251E-08 1.4804515E-08 2.3975135E-08 2.1275053E-08 1.9789768E-08 1.8756939E-08  289.4482 289.6509 286.1179 282.2686 286.3365 284.1438 281.5878 279.8667 278.9067 276.4353 273.8355 274.0807 270.7319 268.1770 266.5831 268.0937  579.133
1967 7.5214182E-09 7.0036452E-09 9.7733714E-09 1.4935091E-08 1.3070355E-08 1.1758697E-08 1.3667769E-08 1.5667792E-08 2.5971334E-08 2.1621455E-08 1.8497316E-08 1.5395955E-08 3.0596926E-08 2.5540475E-08 2.1595188E-08 1.8690219E-08  289.4726 289.5001 285.8921 282.0530 286.1494 284.1677 281.6524 279.8701 278.6667 276.5229 274.0581 274.0433 270.8541 268.6147 266.8358 268.1278  686.6
1968 1.0244888E-08 9.1208676E-09 9.9431894E-09 1.3668585E-08 1.9261179E-08 1.5834365E-08 1.5424275E-08 1.5065117E-08 3.1983102E-08 2.5713211E-08 2.0991950E-08 1.5750494E-08 3.5384993E-08 2.8731701E-08 2.4327189E-08 2.0381913E-08  289.4316 289.3063 285.8069 282.0806 285.8719 283.7773 281.5464 280.0145 278.4625 276.1736 273.7976 274.2649 270.8267 268.3188 266.6317 268.2703  232.233
1969 8.0459630E-09 9.6922879E-09 1.2128839E-08 1.4664319E-08 1.3384174E-08 1.4024189E-08 1.6780861E-08 1.6633734E-08 2.1693408E-08 2.0621362E-08 1.9553804E-08 1.6567004E-08 2.7025722E-08 2.3215062E-08 2.1590877E-08 1.9867825E-08  289.4965 289.7324 286.2921 282.5180 286.3806 284.3576 281.9061 280.4191 279.1926 276.8499 274.4512 274.7724 271.6074 268.9070 267.2340 268.7905  494.233
1970 5.8953105E-09 5.8610574E-09 6.0727721E-09 8.3744984E-09 8.7490788E-09 8.7228651E-09 1.0512051E-08 1.0482652E-08 1.6143034E-08 1.5942414E-08 1.5449185E-08 1.3737141E-08 2.0828168E-08 1.9516685E-08 1.9187494E-08 1.9165288E-08  289.3132 290.2440 286.8609 283.3205 286.9074 284.9528 282.4039 281.0620 279.5226 277.1404 274.7263 275.0992 271.5224 268.6159 266.9319 268.7187  829.667
1971 5.1595026E-09 6.7190831E-09 9.9855306E-09 1.4279577E-08 9.1880263E-09 1.0427512E-08 1.2180656E-08 1.3710482E-08 1.6582296E-08 1.5482856E-08 1.4214664E-08 1.2219342E-08 2.2316803E-08 1.9402224E-08 1.7424206E-08 1.5600632E-08  289.2474 289.9333 286.2855 282.4217 286.9388 284.8225 282.1120 280.3866 279.6171 277.2365 274.5824 274.8449 271.5529 268.6677 266.9604 268.7097  529.167
1972 1.0431591E-08 1.2299845E-08 1.4418467E-08 1.7669784E-08 1.6875228E-08 1.7858627E-08 2.0203290E-08 1.8185268E-08 2.3872149E-08 2.1721672E-08 2.0599050E-08 1.7341657E-08 2.5701555E-08 2.1620965E-08 1.9903895E-08 1.8873699E-08  289.5951 289.1576 285.4641 281.4733 285.9344 283.5658 281.2085 279.5598 278.3844 275.9706 273.4922 273.9218 270.4272 267.9055 266.5558 267.9741  209.5
1973 4.9512594E-09 4.1319366E-09 4.9898214E-09 7.3546587E-09 8.7632941E-09 8.8653636E-09 9.4626271E-09 9.2928243E-09 1.5965027E-08 1.6554949E-08 1.4474583E-08 1.1509772E-08 2.0403464E-08 2.0181080E-08 1.8832292E-08 1.6960641E-08  289.1995 290.3886 287.1078 283.5476 287.0098 285.1231 282.5854 281.1292 279.8041 277.3074 274.7857 275.1392 272.0315 268.9467 266.8139 268.7457  200.233
1974 7.4323965E-09 6.5695875E-09 6.7291537E-09 9.7759205E-09 1.1053475E-08 1.1147153E-08 1.2516315E-08 1.3222354E-08 1.8242673E-08 1.7458907E-08 1.7035950E-08 1.5497539E-08 2.2346955E-08 2.0728336E-08 2.0288887E-08 1.9107587E-08  289.3002 289.5186 286.0281 282.3530 286.1464 284.1490 281.6928 280.0342 278.5944 276.2435 273.8217 274.0037 270.2695 267.5114 265.9682 267.5775  168.2
1975 6.1230914E-09 5.4497522E-09 6.4678236E-09 8.9447623E-09 9.0457668E-09 9.0633048E-09 1.1108234E-08 1.2481729E-08 1.8220819E-08 1.7986311E-08 1.6674006E-08 1.4092781E-08 2.5032966E-08 2.2313671E-08 2.0780826E-08 1.8685348E-08  289.1817 290.4104 287.0930 283.6513 287.0370 285.2228 282.7043 281.3291 279.8075 277.5439 275.1402 275.6096 271.7130 269.1681 267.3863 269.1801  335.033
1976 9.4173416E-09 8.9305354E-09 9.7297956E-09 1.2691125E-08 1.2969678E-08 1.4188576E-08 1.5890970E-08 1.6064801E-08 2.3017625E-08 2.2106132E-08 2.0236008E-08 1.6737127E-08 2.8895156E-08 2.5601279E-08 2.3077748E-08 2.0973994E-08  289.4486 289.2314 285.5698 281.7923 285.7434 283.5185 281.0529 279.4556 278.0925 275.6281 273.1481 273.6194 270.0514 267.4952 266.1172 267.8503  236.367
1977 7.0209043E-09 6.5662902E-09 7.3508990E-09 9.2958556E-09 1.0205356E-08 1.0355581E-08 1.1784362E-08 1.2350743E-08 1.7369729E-08 1.7539717E-08 1.7016488E-08 1.5035296E-08 2.3908514E-08 2.1705846E-08 2.0410830E-08 2.0007157E-08  289.4002 290.1173 286.5473 282.6683 286.6102 284.5981 281.9393 280.2075 278.7811 276.3264 273.8322 274.1881 270.4221 267.8027 266.2001 267.9663  318.167
1978 1.0172875E-08 8.1860643E-09 7.3866082E-09 9.9137738E-09 1.4424176E-08 1.2787857E-08 1.2688607E-08 1.3272311E-08 2.1260506E-08 1.9851447E-08 1.7736243E-08 1.4304120E-08 2.6223496E-08 2.3464359E-08 2.1743979E-08 2.0187073E-08  289.4757 290.0393 286.7728 283.0542 286.4943 284.5554 282.1363 280.5376 278.9743 276.5893 274.1175 274.3749 270.7504 268.1309 266.4592 267.9836  177.1
1979 9.4423074E-09 8.7149310E-09 9.7203756E-09 1.4230344E-08 1.3428825E-08 1.3574541E-08 1.4294700E-08 1.5585970E-08 2.1580490E-08 2.0109836E-08 1.7850176E-08 1.5420081E-08 2.7057599E-08 2.3121050E-08 2.0544292E-08 1.8576795E-08  289.4984 290.0317 286.4846 282.5220 286.5916 284.6194 281.9848 280.2187 279.0870 276.9099 274.4096 274.4543 271.2181 268.7431 267.1347 268.6687  223.3
1980 7.4967970E-09 9.5118784E-09 1.2415381E-08 1.6242728E-08 1.0986144E-08 1.2482734E-08 1.5540888E-08 1.6376728E-08 1.8613056E-08 1.7541751E-08 1.6243323E-08 1.4379967E-08 2.2176462E-08 1.9774712E-08 1.8131670E-08 1.7140874E-08  289.6546 290.1404 286.6996 282.7954 286.9771 285.0002 282.4436 280.6654 279.7782 277.4813 274.9105 274.8522 271.6170 269.1403 267.2229 268.7027  316
1981 7.5302511E-09 6.3232517E-09 7.1065740E-09 1.1757254E-08 1.0906215E-08 1.1762828E-08 1.3661417E-08 1.4691198E-08 1.7590825E-08 1.8182439E-08 1.7182241E-08 1.5062035E-08 2.1332376E-08 1.9865706E-08 1.8597694E-08 1.7814459E-08  289.4698 289.7357 286.2845 282.6652 286.2955 284.2959 281.7485 280.0673 278.7821 276.3107 273.8479 274.0709 270.3497 267.8521 266.0858 267.7778  277.6
1982 8.1547542E-09 9.1056158E-09 1.1427474E-08 1.4770857E-08 1.4930512E-08 1.4620698E-08 1.6875862E-08 1.7128260E-08 2.4315828E-08 1.9976243E-08 1.8042213E-08 1.5674335E-08 2.5779396E-08 2.0587583E-08 1.8497790E-08 1.7872622E-08  289.5255 288.8338 285.1673 281.1812 285.6930 283.3618 280.9502 279.1901 278.3455 275.9865 273.3467 273.6160 270.8188 268.4848 266.9308 268.1193  476.167
1983 6.2044654E-09 6.5096297E-09 8.0002343E-09 1.2370742E-08 8.4255811E-09 9.4669206E-09 1.1746868E-08 1.3579831E-08 1.5852548E-08 1.6003515E-08 1.5283961E-08 1.3344195E-08 1.7750498E-08 1.7960454E-08 1.7299987E-08 1.7328743E-08  289.7439 289.9451 286.3658 282.3148 286.9585 284.7980 281.9242 279.8651 279.6509 276.9296 274.0930 273.8130 271.2901 268.3478 266.4185 267.6986  683.033
1984 4.7277524E-09 4.1535593E-09 4.7535660E-09 8.0203879E-09 5.8574581E-09 5.6368594E-09 6.9360500E-09 9.5647001E-09 9.0433909E-09 9.2795149E-09 9.4190931E-09 1.0219425E-08 1.4412874E-08 1.3987036E-08 1.3690451E-08 1.3818068E-08  289.4982 290.9464 287.4624 283.3491 287.7101 285.6735 282.9060 280.8854 280.3574 277.7518 274.9066 274.8124 271.9350 268.9905 266.7102 268.5004  662.5
1985 9.4155146E-09 8.8559267E-09 9.8770361E-09 1.3723903E-08 1.3626280E-08 1.3294271E-08 1.4282758E-08 1.5198323E-08 1.9807842E-08 1.9020822E-08 1.7453210E-08 1.4342249E-08 2.3598238E-08 2.2672523E-08 2.0865171E-08 1.9249562E-08  289.5603 289.8344 286.3594 282.4823 286.3728 284.4366 281.9616 280.2130 279.0846 276.6801 274.2412 274.4218 271.0581 268.4032 266.5742 268.3791  450.767
1986 1.2842303E-08 1.0892228E-08 1.1019799E-08 1.3378002E-08 1.7871654E-08 1.6511475E-08 1.6195910E-08 1.4700990E-08 2.4750051E-08 2.1112617E-08 1.8852511E-08 1.6156308E-08 2.7482033E-08 2.1993817E-08 2.0457163E-08 2.0316088E-08  289.6143 289.2262 285.8702 281.9588 286.0412 283.8348 281.6502 280.1147 279.1621 276.7429 274.2086 274.3579 271.6170 269.0806 267.1350 268.2888  350.2
1987 6.9391888E-09 8.0824334E-09 1.1078826E-08 1.4604340E-08 1.0579920E-08 1.1942894E-08 1.5232676E-08 1.6198257E-08 1.7008601E-08 1.6936795E-08 1.7248317E-08 1.5874605E-08 2.1974556E-08 1.9313113E-08 1.8380447E-08 1.8266872E-08  289.8196 289.1974 285.4860 281.5425 285.7146 283.4084 280.7484 278.9335 278.0331 275.3351 272.8085 272.9500 270.0264 267.5724 266.0309 267.3411  219.8
1988 2.8138005E-09 2.9022269E-09 3.4160750E-09 6.5626797E-09 5.5082081E-09 6.3303967E-09 8.3280174E-09 1.0159301E-08 1.3040570E-08 1.3565974E-08 1.3632426E-08 1.2107934E-08 2.0998593E-08 2.0361080E-08 1.9135189E-08 1.8264142E-08  289.3247 290.3954 287.2622 283.7397 286.5629 284.6129 282.2912 280.8348 278.8647 276.1917 273.7957 274.2212 270.4688 267.6443 266.0762 267.7912  1439.93
1989 8.6439469E-09 9.0362615E-09 8.4974809E-09 9.8518367E-09 1.0712641E-08 1.2172811E-08 1.2335604E-08 1.1174883E-08 1.7987212E-08 1.8421627E-08 1.6460323E-08 1.2713058E-08 2.4826846E-08 2.3325644E-08 2.1182519E-08 1.8259469E-08  289.6688 290.7990 287.6223 284.0273 287.3890 285.5064 283.0871 281.5465 279.9151 277.5228 275.1035 275.5035 271.8385 269.1453 267.5067 269.0854  143.5
1990 1.1555417E-08 9.9208979E-09 1.1072683E-08 1.5484989E-08 1.8028905E-08 1.4893270E-08 1.5517672E-08 1.6514525E-08 2.8799334E-08 2.3384658E-08 2.0338923E-08 1.6413400E-08 3.1747884E-08 2.6289422E-08 2.3156927E-08 1.9762599E-08  289.7668 289.6898 286.2543 282.4190 286.2939 284.3498 282.0687 280.4097 279.2532 276.9867 274.5081 274.6053 271.6500 268.9662 267.3271 268.6392  267.7
1991 8.2236049E-09 9.0635233E-09 1.2431039E-08 1.7705133E-08 1.3183988E-08 1.4935241E-08 1.7704203E-08 1.8539223E-08 2.1414502E-08 2.2577010E-08 2.1875071E-08 1.7768620E-08 2.3991033E-08 2.2869479E-08 2.1757215E-08 1.9170624E-08  289.7572 289.4389 285.8222 281.9650 286.0359 283.8386 281.3506 279.6381 278.4313 275.9490 273.4598 273.7567 270.2923 267.9474 266.5297 267.8730  447.367
1992 1.1519172E-08 1.2074738E-08 1.3106672E-08 1.7308899E-08 1.7282877E-08 1.8296969E-08 1.8937270E-08 1.7991713E-08 2.1414147E-08 2.1209631E-08 1.9991740E-08 1.7335191E-08 2.2284995E-08 2.0759527E-08 2.0225331E-08 1.9220478E-08  289.9276 289.5479 285.7099 281.3730 286.5549 284.2608 281.3697 279.3168 279.1895 276.6542 273.8500 273.5343 271.1943 268.5361 266.7101 267.7914  444.867
1993 1.0928019E-08 1.3522109E-08 1.9106189E-08 2.4152252E-08 1.9041098E-08 2.0082197E-08 2.3085491E-08 2.2372539E-08 2.8213377E-08 2.4866440E-08 2.2593211E-08 1.9740348E-08 2.7148923E-08 2.2888862E-08 2.1129150E-08 2.0368672E-08  289.9151 288.2289 284.5877 280.7700 285.2145 282.7996 280.5276 278.8842 278.1208 275.6951 273.2387 273.3337 270.3963 268.1542 266.8293 267.8409  442.933
1994 5.8031540E-09 6.7444716E-09 9.2190433E-09 1.2693192E-08 8.9032035E-09 1.0277907E-08 1.2888719E-08 1.4569671E-08 1.5012160E-08 1.5384986E-08 1.6276356E-08 1.6117284E-08 1.9036712E-08 1.7913141E-08 1.7689704E-08 1.8518007E-08  289.7237 289.7739 285.8493 281.5034 286.5166 284.2927 281.3797 279.2085 278.9452 276.3815 273.5865 273.4897 270.7082 268.2552 266.5376 267.8261  706.833
1995 5.4200275E-09 5.5903362E-09 7.0320225E-09 1.0383144E-08 8.3145668E-09 9.5531503E-09 1.1777598E-08 1.2980053E-08 1.6515044E-08 1.7050043E-08 1.6581913E-08 1.4750166E-08 2.1902185E-08 2.0597662E-08 1.9700579E-08 1.9733932E-08  289.7140 290.0721 286.8040 283.0140 286.6169 284.6407 282.3409 280.7701 279.3516 277.0253 274.6032 274.7487 271.5983 268.9646 267.0474 268.3545  250.367
1996 2.8505953E-09 3.0286789E-09 4.7104161E-09 7.1871624E-09 6.4486518E-09 6.9851369E-09 9.5062838E-09 1.0294315E-08 1.4723748E-08 1.4522332E-08 1.3421346E-08 1.1657999E-08 2.2747248E-08 1.9787036E-08 1.7679147E-08 1.6128400E-08  289.6082 290.9595 287.3345 283.3497 287.5762 285.6696 282.9237 281.0728 279.9148 277.5077 274.8987 275.0728 271.7684 269.1185 267.0891 268.9451  563.2
1997 1.1834089E-08 1.3757891E-08 1.7161513E-08 2.1176080E-08 2.1152591E-08 2.2034721E-08 2.2790394E-08 2.1837510E-08 3.4588869E-08 2.9611432E-08 2.4618380E-08 1.9608816E-08 3.5342854E-08 2.8167440E-08 2.4197851E-08 2.1292632E-08  290.0835 289.2230 285.4876 281.4608 285.7166 283.3598 281.0676 279.4774 278.3847 276.0723 273.5876 273.8934 270.8725 268.7629 267.1943 268.2894  220.567
1998 3.3662362E-09 2.9816927E-09 4.3000776E-09 6.5842647E-09 5.4834004E-09 6.6863763E-09 8.3530276E-09 8.5224743E-09 1.3771242E-08 1.4459432E-08 1.3938006E-08 1.1525881E-08 2.1010424E-08 2.0506755E-08 1.9123997E-08 1.6861570E-08  289.5107 291.0633 287.9162 284.4212 287.5304 285.8463 283.3887 281.8868 280.2576 277.9136 275.4913 275.8649 271.8815 269.4252 267.6597 269.3515  160.1
1999 5.2975762E-09 5.1280402E-09 6.9453212E-09 9.3762553E-09 7.1010513E-09 7.8018552E-09 1.0106794E-08 1.0782791E-08 1.4098137E-08 1.3961500E-08 1.3481930E-08 1.1273682E-08 1.7675527E-08 1.6951784E-08 1.6495703E-08 1.6124723E-08  289.2968 290.6817 287.6180 284.1598 287.1792 285.4076 283.0775 281.6079 279.9840 277.5563 275.1632 275.4673 271.6811 268.9886 267.3620 269.0644  522.133
2000 1.0097348E-08 1.2806343E-08 1.4342576E-08 1.6123510E-08 1.0875519E-08 1.3513019E-08 1.6660270E-08 1.7128064E-08 1.4488885E-08 1.5994235E-08 1.6066787E-08 1.4460531E-08 1.7511258E-08 1.8312731E-08 1.7961396E-08 1.7024286E-08  289.6778 290.1010 286.9095 283.2451 287.1334 285.0615 282.6843 281.0119 279.7431 277.4294 274.9837 275.1803 271.2074 268.4317 266.9927 268.7680  157.567
2001 6.0776668E-09 6.0488490E-09 7.6893585E-09 1.2855392E-08 8.1857339E-09 7.9546663E-09 1.0061363E-08 1.1861848E-08 1.2968138E-08 1.2796541E-08 1.2696562E-08 1.1951794E-08 1.7422110E-08 1.6793658E-08 1.5834910E-08 1.5614649E-08  289.6362 290.3509 286.9740 283.1451 287.2739 285.3094 282.8196 281.1303 280.0841 277.7273 275.2173 275.4218 272.2146 269.2140 267.1460 268.8926  182.1
2002 6.9085568E-09 7.6403062E-09 1.0586417E-08 1.5123119E-08 9.1641850E-09 1.0632291E-08 1.3157202E-08 1.4853160E-08 1.5413161E-08 1.5351837E-08 1.5960008E-08 1.5902945E-08 1.8013505E-08 1.6874390E-08 1.6961531E-08 1.7784480E-08  289.6431 290.1690 286.5868 282.4959 287.0452 285.0160 282.2133 280.1223 279.7817 277.3492 274.4548 274.1079 271.6732 268.8264 266.8698 268.2065  482.967
2003 5.8069336E-09 6.5586279E-09 8.8349141E-09 1.3074477E-08 7.5214075E-09 9.3289376E-09 1.2474117E-08 1.3851338E-08 1.1798669E-08 1.3612471E-08 1.4076213E-08 1.3289826E-08 1.6066323E-08 1.6099481E-08 1.6730555E-08 1.7826384E-08  289.3333 290.0433 286.7151 282.8314 286.7637 284.7674 282.2941 280.5250 279.5278 276.9799 274.4426 274.4156 271.5077 268.6044 266.5633 268.1744  862.267
2004 8.7545073E-09 1.0432542E-08 1.2443485E-08 1.5351878E-08 1.3032856E-08 1.3490246E-08 1.5750176E-08 1.6735681E-08 2.0663657E-08 2.0171251E-08 1.8832516E-08 1.6562440E-08 2.3596071E-08 2.1375909E-08 1.9800408E-08 1.9242908E-08  289.7658 289.6890 286.0303 282.2353 286.6045 284.4874 281.8917 280.1587 279.3221 276.9350 274.4775 274.3710 271.3209 268.7859 267.0964 268.3017  208.933
2005 6.8789001E-09 8.6081435E-09 1.0886930E-08 1.5928808E-08 8.8704413E-09 1.1191375E-08 1.4391117E-08 1.6105943E-08 1.5813523E-08 1.8138188E-08 1.8190679E-08 1.5878742E-08 1.9894497E-08 1.9738268E-08 1.9213923E-08 1.9114079E-08  289.8685 289.6395 286.1153 282.2937 286.6667 284.4745 281.9646 280.3478 279.5731 277.1554 274.5574 274.6636 272.0624 269.3518 267.3156 268.4536  233.733
2006 5.3742224E-09 7.4789748E-09 9.7093249E-09 1.2562022E-08 8.1268743E-09 1.0678688E-08 1.3219722E-08 1.2738468E-08 1.4740147E-08 1.6508041E-08 1.6090615E-08 1.3655239E-08 1.9571363E-08 1.9370896E-08 1.8495308E-08 1.7234486E-08  289.6235 290.3188 286.8086 282.9344 286.9342 284.8738 282.3113 280.6508 279.5155 277.0003 274.5857 274.6267 271.3459 268.8499 267.1079 268.5416  697.1
2007 6.4760886E-09 6.5716659E-09 7.2195547E-09 9.5815995E-09 8.7484846E-09 9.6200994E-09 1.0627372E-08 1.0841168E-08 1.3912449E-08 1.5191182E-08 1.5459639E-08 1.3856388E-08 2.0196932E-08 1.9018872E-08 1.8852093E-08 1.8349807E-08  289.2555 290.3287 287.0586 283.4964 287.1446 285.1664 282.6585 281.0960 279.9231 277.4315 274.8250 275.0082 271.8515 269.0892 267.2645 268.8213  264.1
2008 4.6073461E-09 5.2298068E-09 7.4665785E-09 1.0811863E-08 5.8083192E-09 8.1167535E-09 1.0608566E-08 1.2252347E-08 1.0281544E-08 1.1908282E-08 1.3225466E-08 1.2757258E-08 1.3595094E-08 1.4670034E-08 1.5308263E-08 1.6077870E-08  289.3259 290.8242 287.3920 283.4770 287.7360 285.7110 283.1690 281.3510 280.5321 278.1151 275.5801 275.6386 272.1767 269.3763 267.5807 269.4443  665.333
2009 9.8956239E-09 1.1108659E-08 1.2904501E-08 1.6170345E-08 1.6524403E-08 1.8007066E-08 2.0581545E-08 1.8809082E-08 2.1869534E-08 2.1791800E-08 2.0946796E-08 1.7648627E-08 2.3264535E-08 2.0653045E-08 1.9430463E-08 1.8991233E-08  289.9505 289.8699 286.1406 282.0926 286.8142 284.5315 281.8589 280.0861 279.7740 277.2264 274.4887 274.5335 272.1559 269.2520 267.3961 268.8453  155.1
2010 7.9754958E-09 6.7541692E-09 5.7957354E-09 7.3463542E-09 9.4763015E-09 9.1875281E-09 8.8539984E-09 8.5578034E-09 1.4498764E-08 1.5049535E-08 1.3743422E-08 1.1083762E-08 1.9665938E-08 1.9260998E-08 1.8102597E-08 1.6513722E-08  289.1714 291.1701 288.2636 284.6501 287.8407 286.2295 283.9482 282.3844 280.5709 278.4125 276.0935 276.2878 271.9981 269.4708 267.8034 269.4476  284.733
2011 3.6793566E-09 4.4926396E-09 5.4894151E-09 7.6861992E-09 5.7993184E-09 8.0081142E-09 9.8150137E-09 1.0543863E-08 1.2245780E-08 1.3116383E-08 1.2787117E-08 1.1152006E-08 1.8894616E-08 1.7903437E-08 1.6832312E-08 1.5503250E-08  289.2872 290.6059 287.3873 283.9592 287.4532 285.5607 283.0840 281.6254 280.1523 277.7472 275.3204 275.7451 271.8121 269.2023 267.3671 269.2386  285.5
2012 8.5153493E-09 1.0467565E-08 1.1577950E-08 1.3990755E-08 1.2315849E-08 1.3946750E-08 1.5730993E-08 1.4655352E-08 1.8208638E-08 1.8823718E-08 1.7666894E-08 1.5003728E-08 2.1259989E-08 2.0179336E-08 1.9293896E-08 1.8588000E-08  289.6735 290.0919 286.7234 282.8818 287.0841 284.9544 282.4763 280.7341 279.9694 277.5129 275.0240 275.0737 271.9811 269.0837 267.3437 268.9529  197.867
2013 3.9899217E-09 3.4346497E-09 5.4706728E-09 9.0792760E-09 5.7819127E-09 5.6842802E-09 7.9606570E-09 1.0592814E-08 9.8938466E-09 1.1136483E-08 1.1365402E-08 1.1411987E-08 1.4814059E-08 1.6177658E-08 1.6050063E-08 1.6350095E-08  289.5053 289.9420 286.4561 282.7557 286.7661 284.6882 281.8687 280.0423 279.3268 276.6266 273.8042 273.8405 270.6676 267.9320 265.9418 267.5747  1028.23
2014 9.5696615E-09 1.1716136E-08 1.3841880E-08 1.6933761E-08 1.5227757E-08 1.6992832E-08 1.8510384E-08 1.7187658E-08 2.1779989E-08 2.2362874E-08 2.1150484E-08 1.6968201E-08 2.3952635E-08 2.2468162E-08 2.1214614E-08 1.9581648E-08  289.9592 290.1666 286.4300 282.2635 286.9965 284.7423 282.0865 280.2032 279.6767 277.2327 274.6106 274.6570 271.7851 269.2283 267.4865 268.8600  458.867
2015 1.2435266E-08 1.2054770E-08 1.3177226E-08 1.5213867E-08 2.4335396E-08 2.1325107E-08 2.1176673E-08 1.8313500E-08 3.9239996E-08 3.0271270E-08 2.3856057E-08 1.6697108E-08 4.0815209E-08 3.1215208E-08 2.5004875E-08 2.0971097E-08  290.4449 288.6624 284.8825 281.0489 285.1508 282.7374 280.3197 279.1366 277.9053 275.3978 272.9850 273.9236 270.3658 268.6037 267.2690 268.4724  354.4
