STN,prec_1,prec_2,prec_3,prec_4,prec_5,prec_6,prec_7,prec_8,prec_9,prec_10,prec_11,prec_12,prec_13,prec_14,prec_15,prec_16,st_1,st_2,st_3,st_4,st_5,st_6,st_7,st_8,st_9,st_10,st_11,st_12,st_13,st_14,st_15,st_16,04.0
LAT,29.30136,29.30136,29.30136,29.30136,32.09194,32.09194,32.09194,32.09194,34.88252,34.88252,34.88252,34.88252,37.67308,37.67308,37.67308,37.67308,29.30136,29.30136,29.30136,29.30136,32.09194,32.09194,32.09194,32.09194,34.88252,34.88252,34.88252,34.88252,37.67308,37.67308,37.67308,37.67308,33.6194949
LON,-115.3125,-112.5000,-109.6875,-106.8750,-115.3125,-112.5000,-109.6875,-106.8750,-115.3125,-112.5000,-109.6875,-106.8750,-115.3125,-112.5000,-109.6875,-106.8750,-115.3125,-112.5000,-109.6875,-106.8750,-115.3125,-112.5000,-109.6875,-106.8750,-115.3125,-112.5000,-109.6875,-106.8750,-115.3125,-112.5000,-109.6875,-106.8750,-110.9215037
1958 8.3462320E-10 6.3991545E-09 3.7819497E-08 5.4862763E-08 1.2495744E-09 7.0766166E-09 2.7878301E-08 3.4550652E-08 1.9489452E-09 9.3991543E-09 2.6290548E-08 3.7740197E-08 5.6998606E-09 1.4894355E-08 2.6714902E-08 2.5784750E-08  293.4166 306.6030 302.0342 298.0959 306.8553 307.3096 302.7003 300.5063 305.2879 304.0386 300.5323 299.0790 302.1665 299.5942 296.5993 296.1197  3914.67
1959 9.1472480E-10 6.1459193E-09 3.6819063E-08 5.3286012E-08 1.4848431E-09 6.3850378E-09 2.6302661E-08 3.6875967E-08 1.8576032E-09 9.5794377E-09 2.8540203E-08 4.6838153E-08 6.1697070E-09 1.9620593E-08 3.1434730E-08 3.1678717E-08  293.3587 306.3521 301.5390 297.9426 307.1443 307.4817 302.5838 300.3761 305.6690 304.1377 300.1985 298.3926 302.2741 299.3121 295.9948 295.5144  240.5
1960 7.3155620E-10 4.4176676E-09 3.3998255E-08 5.4836384E-08 1.0911931E-09 6.0887366E-09 2.7952455E-08 3.7505860E-08 1.9649571E-09 1.0289635E-08 3.0120717E-08 4.0607603E-08 7.7169435E-09 1.8694687E-08 3.0589881E-08 2.9762505E-08  293.3061 306.8932 301.8312 297.5737 307.2003 307.5036 302.4228 300.0477 305.4129 303.8232 299.8696 298.4256 301.8496 299.1019 295.9423 295.4484  1643.77
1961 1.0720732E-09 5.6278986E-09 3.2457937E-08 5.0334311E-08 1.5032044E-09 6.2760805E-09 2.4970609E-08 3.4583582E-08 1.9050790E-09 8.5686640E-09 2.6292220E-08 3.7861987E-08 6.7803057E-09 1.5712448E-08 2.6946747E-08 2.6766926E-08  293.3244 306.5544 301.8614 297.8653 306.9311 307.3904 302.6049 300.3640 305.2248 303.9092 300.1670 298.8602 301.7677 299.3516 296.3568 295.8711  539.7
1962 1.0902028E-09 5.1990146E-09 3.0389980E-08 4.9320931E-08 1.7810713E-09 6.5114274E-09 2.5271577E-08 3.6028290E-08 2.3427920E-09 9.8670592E-09 2.4484185E-08 4.0030127E-08 7.3045570E-09 1.6020149E-08 2.7901347E-08 2.7539619E-08  293.0624 306.0602 301.6237 297.5824 306.2919 306.8407 302.3214 300.0678 304.8827 303.5575 299.9774 298.4519 301.5993 299.1189 296.0062 295.4638  3999
1963 1.2913047E-09 5.0697557E-09 3.5249005E-08 4.6204782E-08 1.8691064E-09 7.6534814E-09 2.6269900E-08 3.1828066E-08 2.6496436E-09 1.0372029E-08 2.8948262E-08 4.1282512E-08 8.2476443E-09 1.9175284E-08 3.0926461E-08 2.9190163E-08  293.2885 306.2109 301.5291 298.0527 306.7070 306.9140 302.3896 300.5704 305.2877 303.6768 299.8891 298.5687 301.9927 299.2237 296.0508 295.6137  900
1964 1.0401535E-09 5.1506941E-09 2.9845921E-08 4.6699217E-08 1.7480726E-09 7.0543322E-09 2.3423109E-08 3.0688390E-08 2.1533999E-09 9.3843475E-09 2.6953808E-08 3.8431590E-08 6.2635386E-09 1.5905620E-08 2.7191012E-08 2.6868516E-08  293.2933 306.7361 302.2994 298.4943 306.9088 307.3944 302.9973 300.9216 305.2470 303.9541 300.3303 298.9710 301.9933 299.4301 296.4550 295.9068  955.667
1965 1.0958269E-09 5.6884519E-09 3.2427323E-08 4.9820006E-08 1.3726994E-09 6.3849708E-09 2.4521816E-08 3.4063675E-08 2.1777404E-09 8.3035481E-09 2.4469758E-08 4.0704109E-08 5.4237264E-09 1.4447879E-08 2.6570877E-08 2.8231884E-08  293.3976 306.4808 301.8087 297.8655 306.7035 307.1982 302.5287 300.2927 305.0748 303.9672 300.2190 298.4665 301.9336 299.5822 296.4153 295.6405  3380.67
1966 8.8438346E-10 4.9299973E-09 3.0761445E-08 5.2136564E-08 1.3075403E-09 6.4817280E-09 2.4524379E-08 3.4298754E-08 1.8153209E-09 8.5023970E-09 2.4899704E-08 3.8788528E-08 5.9741692E-09 1.5499758E-08 2.5949843E-08 2.8899038E-08  293.0835 305.9854 301.3774 297.3993 306.1618 306.7042 302.2292 299.9196 304.7621 303.6516 300.0694 298.3730 301.6162 299.1877 296.2121 295.3448  2498.33
1967 1.0180552E-09 4.6896060E-09 2.7425230E-08 4.6896787E-08 1.4575173E-09 5.1234288E-09 1.9665691E-08 3.0218740E-08 1.9919695E-09 7.6918267E-09 2.3288097E-08 3.7861440E-08 6.5709576E-09 1.5155303E-08 2.5433579E-08 2.6747070E-08  293.1833 306.0800 301.7691 297.6428 306.2762 307.1498 302.9654 300.5383 304.8940 303.8781 300.3349 298.6457 301.5552 299.2370 296.1385 295.5592  305.333
1968 9.0973057E-10 5.0260529E-09 3.1108264E-08 4.9374808E-08 1.0755621E-09 6.0161724E-09 2.4428481E-08 3.6262445E-08 1.6544162E-09 8.8236884E-09 2.6024290E-08 3.9760273E-08 6.9205250E-09 1.6868672E-08 2.8021045E-08 2.8689835E-08  293.2911 306.2712 301.6426 297.6686 306.7523 307.1478 302.3675 299.9054 305.2672 303.8174 299.9742 298.2237 301.6161 299.0765 295.9111 295.2682  2798.67
1969 5.7092686E-10 2.9897105E-09 2.6480803E-08 4.1965674E-08 6.4196348E-10 4.0141837E-09 2.0379817E-08 2.8136219E-08 1.3079380E-09 7.0126607E-09 2.1015163E-08 3.1841424E-08 4.6135611E-09 1.2609331E-08 2.2554486E-08 2.4105219E-08  293.1236 307.1050 303.1599 299.0724 306.9057 307.9484 303.8512 301.4632 305.2876 304.3819 301.1143 299.7870 302.1391 299.8413 296.9727 296.3090  2395
1970 1.4531334E-09 6.3777783E-09 3.1765225E-08 4.7902770E-08 1.5535884E-09 7.3610584E-09 2.6584896E-08 3.4727069E-08 2.4206239E-09 1.0366591E-08 2.9384497E-08 4.2300240E-08 5.1194124E-09 1.6755715E-08 2.9390778E-08 3.0880226E-08  293.3117 306.4622 301.8629 298.1681 306.9724 307.1695 302.4142 300.4062 305.4033 303.9231 299.9120 298.4490 302.3394 299.5899 296.3533 295.6545  931.367
1971 1.0317466E-09 4.7258681E-09 3.1735727E-08 5.2013547E-08 1.8934201E-09 6.9806165E-09 2.4466251E-08 3.6016822E-08 2.9491196E-09 1.1190573E-08 2.6621626E-08 3.9982201E-08 7.9884499E-09 1.8480364E-08 2.8412321E-08 2.9087403E-08  293.0164 306.4518 301.4758 297.4102 306.5694 307.0495 302.2325 299.9624 304.7654 303.4358 299.8588 298.3720 301.4149 298.9255 295.8720 295.4651  259.467
1972 1.0166796E-09 4.8634865E-09 2.8991082E-08 5.0182635E-08 1.3689413E-09 5.4424074E-09 2.1846679E-08 3.2467351E-08 1.7886094E-09 7.4521731E-09 2.3367846E-08 3.6987167E-08 5.8837930E-09 1.5689743E-08 2.4992030E-08 2.7207454E-08  293.2026 306.2085 301.5297 297.7389 306.3488 307.0630 302.6043 300.2877 304.7374 303.6759 300.1316 298.6727 301.5330 299.1132 296.2277 295.4444  257.433
1973 1.0545339E-09 3.9095518E-09 2.4272587E-08 4.7516053E-08 1.4428420E-09 4.7252144E-09 1.8681233E-08 3.1228229E-08 2.0676532E-09 6.6271766E-09 2.2490166E-08 3.9184073E-08 5.7423426E-09 1.4623703E-08 2.7369495E-08 2.8222214E-08  293.1477 306.2093 301.8882 298.0908 306.4127 307.4046 303.1213 300.7515 305.2265 304.3695 300.9326 299.1076 302.1081 299.7487 296.6845 295.9565  6195.33
1974 1.3782829E-09 5.1721529E-09 2.3415200E-08 4.2691795E-08 1.8180898E-09 6.4163004E-09 2.0266926E-08 3.3691329E-08 3.0499774E-09 9.5965538E-09 2.6220993E-08 4.0860773E-08 8.9760857E-09 1.7952599E-08 2.8580043E-08 2.8110096E-08  292.9271 305.9816 301.3594 297.6171 306.4300 306.7829 302.1564 300.1122 304.9903 303.4695 299.6864 298.0917 301.4280 298.8016 295.7083 295.1257  509.967
1975 1.0037565E-09 3.7721515E-09 3.0230400E-08 4.7940393E-08 1.2673399E-09 5.5423688E-09 2.2694730E-08 3.2459823E-08 1.6311286E-09 8.7180849E-09 2.3264496E-08 3.6059813E-08 4.8051363E-09 1.4620360E-08 2.6162484E-08 2.5552779E-08  292.9329 306.4165 301.8442 298.0375 306.6413 307.2923 302.6081 300.5395 305.2050 303.9137 300.3742 298.8838 301.9547 299.4342 296.2924 295.7499  2968.33
1976 1.3364326E-09 6.5925549E-09 3.6426080E-08 5.1278086E-08 2.0747597E-09 8.2074898E-09 2.7901427E-08 3.5672318E-08 2.8795628E-09 1.1987396E-08 3.0440997E-08 4.1273069E-08 9.7062678E-09 2.2349244E-08 3.3383451E-08 3.0104633E-08  293.1355 305.8758 301.0163 297.3227 306.5094 306.6084 301.8190 299.7455 304.8871 303.2216 299.2919 297.9227 301.4037 298.4893 295.1704 294.9032  1203.7
1977 6.9686068E-10 4.0324819E-09 3.2683452E-08 5.4561525E-08 1.2322562E-09 4.9778417E-09 2.2950749E-08 3.6952006E-08 2.0484814E-09 8.7192991E-09 2.5729689E-08 3.7815152E-08 5.3805542E-09 1.6058930E-08 2.5895057E-08 2.7288481E-08  293.3421 306.5820 301.8054 297.6293 306.8101 307.4421 302.6990 300.2121 304.8886 303.7917 300.1093 298.8306 301.6206 299.0843 296.2382 295.6988  608.067
1978 9.7347108E-10 5.2110787E-09 3.2406032E-08 5.0804768E-08 1.2006864E-09 7.1033033E-09 2.4522169E-08 3.3513984E-08 2.2561282E-09 8.7198186E-09 2.5218453E-08 3.7186386E-08 6.0068985E-09 1.5157687E-08 2.8777638E-08 2.8361981E-08  293.3442 306.6057 301.8893 298.0262 306.8482 307.2615 302.7258 300.6217 305.0354 303.8022 300.2677 298.9306 301.7414 299.1802 296.0530 295.6060  3080.67
1979 7.5938639E-10 3.8404306E-09 2.4009321E-08 4.7564342E-08 1.0850452E-09 4.9670783E-09 1.9721400E-08 3.2010274E-08 1.6390692E-09 7.3564768E-09 2.2507580E-08 3.7124543E-08 5.6031269E-09 1.4738658E-08 2.5621857E-08 2.7902797E-08  293.2059 306.4853 302.3791 298.0909 306.6619 307.6277 303.3860 300.7028 305.2675 304.3462 300.8036 299.0751 302.1838 299.7373 296.5604 295.6969  6281.33
1980 1.0139486E-09 4.9719504E-09 2.9780891E-08 5.4955439E-08 1.0397204E-09 5.2264530E-09 2.2961702E-08 3.7878610E-08 1.4085402E-09 7.6998088E-09 2.4951435E-08 3.8985942E-08 4.8929794E-09 1.4114741E-08 2.6511058E-08 2.9329740E-08  293.5170 306.3698 301.6525 297.6462 306.6013 307.3185 302.5897 300.1944 305.3188 304.1880 300.3410 298.6372 302.2617 299.7687 296.5872 295.6454  3848.33
1981 1.1340150E-09 4.8642046E-09 3.1497294E-08 5.5865129E-08 1.6776784E-09 6.0376175E-09 2.5297071E-08 3.6685286E-08 2.3020792E-09 8.7366114E-09 2.6285106E-08 4.0469303E-08 7.2819857E-09 1.6350338E-08 2.8420581E-08 2.8943475E-08  293.3890 306.3052 301.7093 297.5313 306.4757 307.1149 302.4262 300.0728 304.9344 303.7237 300.0007 298.2963 301.6494 299.1703 296.0014 295.4000  1280.43
1982 8.7246671E-10 3.8743839E-09 2.8405122E-08 4.8360047E-08 1.1296147E-09 5.0747793E-09 2.2108837E-08 3.2066616E-08 1.5971502E-09 7.4690583E-09 2.3522640E-08 3.5744385E-08 4.1100812E-09 1.1674844E-08 2.3810726E-08 2.6401130E-08  292.9798 306.5954 302.4540 298.3242 306.7368 307.4825 303.1663 300.7935 305.1025 304.0929 300.5521 299.0515 302.0085 299.7678 296.6932 295.9014  1945
1983 6.7478612E-10 3.5459558E-09 2.6566180E-08 4.6832938E-08 6.4893124E-10 4.9768789E-09 2.1140071E-08 3.1372203E-08 1.9427415E-09 7.7839841E-09 2.0951779E-08 3.5401030E-08 5.4005649E-09 1.3218273E-08 2.2672975E-08 2.4183848E-08  293.4448 307.0876 302.9034 298.6743 306.5256 307.6548 303.4389 300.9140 304.7808 304.1040 300.8997 299.2260 301.7728 299.4965 296.8747 296.1407  4265.33
1984 8.9521363E-10 4.2102455E-09 2.8625559E-08 5.1318175E-08 1.4619965E-09 6.3986310E-09 2.5931717E-08 3.8227419E-08 3.1452165E-09 1.1408501E-08 2.8267825E-08 4.2313058E-08 9.8469917E-09 1.9132928E-08 2.9062489E-08 2.8646308E-08  293.4532 306.4463 301.5026 297.2894 306.5351 306.8293 301.9064 299.5834 304.5500 303.1091 299.4514 297.8568 300.9025 298.4133 295.4249 295.0011  921.567
1985 8.6641683E-10 3.9433639E-09 3.0823482E-08 5.0908749E-08 2.0337030E-09 6.8777259E-09 2.6276936E-08 3.7524313E-08 3.1975562E-09 1.1636554E-08 2.8694522E-08 4.3399520E-08 1.0157374E-08 2.1140652E-08 2.9487831E-08 3.0113839E-08  293.2843 306.1619 301.1991 297.2087 306.3255 306.6809 301.7404 299.5852 304.7615 303.3085 299.3894 297.6984 301.1286 298.4497 295.5040 294.9980  3361.33
1986 1.3587741E-09 4.5796877E-09 2.5426317E-08 4.8394785E-08 1.7012687E-09 5.8276242E-09 2.0532237E-08 3.5396926E-08 2.2709272E-09 9.3872696E-09 2.4829552E-08 3.8829391E-08 6.7310042E-09 1.7023718E-08 2.8489243E-08 2.8090511E-08  293.4477 306.4048 301.9361 297.6765 306.5329 307.1994 302.6919 300.1071 304.9302 303.7757 300.1781 298.3071 301.3680 298.8717 296.0017 295.2254  1715.27
1987 7.7520823E-10 2.4973794E-09 1.7651884E-08 4.2462077E-08 1.2116975E-09 3.7309147E-09 1.5354878E-08 3.0936111E-08 1.8815021E-09 5.7532694E-09 1.9303059E-08 3.3438624E-08 5.5202678E-09 1.2141973E-08 2.2505812E-08 2.4222720E-08  293.3419 306.9871 303.1339 298.7810 306.5188 307.8000 303.7633 300.9796 305.0851 304.5164 301.1940 299.3110 301.8260 299.7742 296.9395 296.0398  3104
1988 9.5700003E-10 4.6696451E-09 2.8404308E-08 5.0811643E-08 1.5485556E-09 6.0123666E-09 2.2061997E-08 3.7969485E-08 2.6741169E-09 8.7595318E-09 2.2268150E-08 3.7552855E-08 7.6165758E-09 1.6353226E-08 2.4108767E-08 2.6337206E-08  293.3293 306.3951 301.8693 297.6232 306.4351 307.1044 302.7104 300.2520 304.8540 303.8488 300.4622 298.7924 301.6100 299.3203 296.6060 295.8890  1784.97
1989 9.6320862E-10 4.2259574E-09 2.2883855E-08 4.4411976E-08 1.8128740E-09 5.6947416E-09 2.1766104E-08 3.5109512E-08 2.2210480E-09 8.5137764E-09 2.4989676E-08 4.0183110E-08 7.5830613E-09 1.7550958E-08 2.7778471E-08 2.9581724E-08  293.1923 306.1346 301.5495 297.5360 306.2470 306.8283 302.1718 299.9022 304.8417 303.5441 299.8092 298.0571 301.2952 298.6965 295.6591 294.9497  582.833
1990 8.3955831E-10 4.2890167E-09 2.5300764E-08 4.8992625E-08 1.6735469E-09 5.1265614E-09 2.1908155E-08 3.4334967E-08 2.3560638E-09 8.5491125E-09 2.4689466E-08 3.8565570E-08 7.2190276E-09 1.6110043E-08 2.7061288E-08 2.6878356E-08  293.3456 306.8629 302.2552 298.0532 306.9711 307.6736 303.0029 300.4480 305.3691 304.1178 300.4207 298.5150 301.8013 299.3282 296.2375 295.5857  414.5
1991 7.5427414E-10 3.6098242E-09 2.3246344E-08 4.6558750E-08 9.0115188E-10 4.8450124E-09 1.8288119E-08 3.3162546E-08 1.4892958E-09 7.4648243E-09 2.1246734E-08 3.4968124E-08 5.6354486E-09 1.3573953E-08 2.3848266E-08 2.6084098E-08  293.4049 306.7109 302.7134 298.4213 306.7035 307.6885 303.6010 300.8659 305.3678 304.4248 300.9944 299.1955 302.0201 299.7952 296.9029 296.0019  3673.67
1992 7.7858825E-10 3.1549552E-09 2.2213142E-08 4.6984127E-08 8.9156282E-10 3.9314272E-09 1.6838360E-08 3.0442102E-08 1.5161694E-09 6.4975114E-09 1.8974216E-08 3.1424321E-08 5.1703251E-09 1.0408608E-08 2.0154035E-08 2.3841098E-08  293.4249 306.7587 302.7054 298.3806 306.2245 307.6188 303.7574 300.9845 304.6776 304.2076 301.3088 299.6339 301.5691 299.7025 297.1703 296.3680  3018.67
1993 1.0704776E-09 4.3646060E-09 2.8105729E-08 5.3313851E-08 1.7187733E-09 4.9830291E-09 2.0965793E-08 3.8118866E-08 1.9686484E-09 7.5174249E-09 2.1432013E-08 3.4885979E-08 6.8938046E-09 1.6317053E-08 2.4680265E-08 2.3916185E-08  293.7477 306.9226 302.1599 297.7085 306.7463 307.5101 303.0008 300.1964 304.9669 303.9622 300.6226 298.9259 301.4083 299.0858 296.2978 295.7637  4864.33
1994 1.3788483E-09 4.8644506E-09 2.6002823E-08 4.7377213E-08 1.6284769E-09 6.4630723E-09 2.3064235E-08 3.5101937E-08 2.0492312E-09 9.0352206E-09 2.5622439E-08 3.9423796E-08 7.4541262E-09 1.7605426E-08 2.5853470E-08 2.9311995E-08  293.2231 306.1405 301.6696 297.7245 306.4129 306.9197 302.3652 300.0387 305.2618 303.9429 300.1648 298.2545 301.7260 299.0882 296.2857 295.3244  902.067
1995 1.2672583E-09 5.7655933E-09 3.1937677E-08 5.0588117E-08 2.0175863E-09 6.7289219E-09 2.4451786E-08 3.2659845E-08 2.7979390E-09 9.5860502E-09 2.5652421E-08 3.9490970E-08 7.2432300E-09 1.8542394E-08 2.9511137E-08 2.9304992E-08  293.4227 306.4525 301.8004 297.9506 306.7578 307.1702 302.7302 300.5714 305.0069 303.6873 300.1841 298.7939 301.7191 299.0245 296.0873 295.6379  1375.67
1996 7.9016821E-10 4.8765756E-09 3.9636557E-08 5.2703101E-08 1.7389603E-09 7.7408329E-09 3.1637754E-08 3.9311285E-08 2.4819760E-09 1.0619548E-08 3.2754258E-08 4.3896449E-08 8.7920435E-09 1.8216509E-08 3.1235686E-08 2.9540006E-08  293.6011 306.6793 301.4205 297.6691 307.2072 307.1230 301.9171 299.9619 305.2976 303.6085 299.4565 298.1406 301.6610 299.0056 295.7979 295.3427  197.5
1997 9.7830233E-10 3.7122432E-09 2.0057847E-08 4.3711044E-08 1.4318172E-09 4.5574939E-09 1.7400730E-08 2.9749840E-08 2.2882445E-09 8.2096063E-09 2.2041856E-08 3.4694189E-08 6.7906964E-09 1.4790281E-08 2.4166107E-08 2.5444814E-08  293.4350 307.0640 303.0125 298.5640 306.7893 307.7782 303.6639 301.0115 305.1957 304.2016 300.9248 299.2636 301.8510 299.5500 296.5478 295.8797  1082.77
1998 7.6639967E-10 3.8920400E-09 2.8403168E-08 5.0125376E-08 9.1112429E-10 5.1499729E-09 2.1152891E-08 3.2819287E-08 1.6063109E-09 7.9970244E-09 2.1652601E-08 3.5164117E-08 5.6592033E-09 1.4063184E-08 2.4493183E-08 2.5395025E-08  293.4706 306.8835 302.5773 298.5680 306.9632 307.7431 303.4216 300.9664 305.2946 304.3423 301.0347 299.4663 302.1591 299.6958 296.9364 296.3109  3296.67
1999 1.4423316E-09 6.2582459E-09 3.3843111E-08 5.2374691E-08 2.4767570E-09 8.0794234E-09 3.0025735E-08 4.3070457E-08 3.8658490E-09 1.0990932E-08 2.9228501E-08 4.6324111E-08 1.1700988E-08 2.3094819E-08 3.1447684E-08 2.7923878E-08  293.2793 306.1785 301.4601 297.6256 306.7704 306.8357 301.8549 299.6239 305.0952 303.4271 299.4672 297.6755 301.4258 298.6490 295.5726 295.2979  420.167
2000 8.1468210E-10 4.1776813E-09 2.3787035E-08 5.0055018E-08 1.8995860E-09 6.4648877E-09 2.2834554E-08 3.7291123E-08 3.0415284E-09 1.0510730E-08 2.6302088E-08 3.6617909E-08 8.8015932E-09 1.8804510E-08 2.8285781E-08 2.5948818E-08  293.3261 306.7436 302.1695 297.8336 306.8102 307.3190 302.5220 300.1427 304.9973 303.6557 299.8544 298.4435 301.4680 299.0081 295.9112 295.5243  216.2
2001 8.5210261E-10 3.8298942E-09 2.5146001E-08 4.6429165E-08 1.5777134E-09 6.2812262E-09 2.2370562E-08 3.4047900E-08 2.5105327E-09 1.1305207E-08 2.4584253E-08 3.6602895E-08 7.9261238E-09 1.8244336E-08 2.5882560E-08 2.6659253E-08  293.2327 306.4657 302.1158 297.9112 306.6137 307.2237 302.7718 300.4268 304.9333 303.6165 300.2172 298.8157 301.5227 298.9611 296.2137 295.7255  1775.67
2002 1.0026564E-09 3.7506034E-09 2.0167885E-08 4.3098794E-08 1.3997389E-09 5.0268962E-09 1.7985547E-08 3.4576018E-08 2.1800308E-09 7.2011912E-09 2.0511184E-08 3.8100691E-08 6.7717054E-09 1.5025142E-08 2.5573824E-08 2.7054483E-08  293.0965 306.3413 302.2869 298.2966 306.5215 307.3946 303.2051 300.6183 305.1642 304.2557 300.7933 298.8920 301.8511 299.5709 296.4745 295.7854  164.5
2003 6.5759032E-10 2.9642997E-09 2.3274673E-08 4.9941494E-08 1.5353732E-09 4.4574828E-09 2.0030974E-08 3.7505941E-08 2.3722622E-09 7.1703909E-09 2.1591116E-08 3.9393342E-08 7.8639015E-09 1.6110945E-08 2.6292840E-08 2.4788722E-08  293.3071 306.6356 302.1103 297.5828 306.2095 307.2243 302.7506 299.9524 304.7196 303.8156 300.3400 298.4156 301.3254 298.9789 296.1328 295.5688  1321.47
2004 5.7533733E-10 2.9089171E-09 2.2808132E-08 4.2866940E-08 8.4622448E-10 4.2307664E-09 1.9449665E-08 2.8671650E-08 2.0015025E-09 7.8222335E-09 2.1689829E-08 3.2203541E-08 6.3713048E-09 1.4282678E-08 2.3335559E-08 2.4351060E-08  292.9384 307.0917 302.8322 298.4874 306.9498 307.8643 303.4768 300.8869 305.1310 304.1613 300.7776 299.3767 301.7677 299.3833 296.6019 295.9877  914.8
2005 1.0067828E-09 4.7510138E-09 2.9592817E-08 4.9915506E-08 1.5555078E-09 5.5795311E-09 2.5788797E-08 3.4897052E-08 1.9580260E-09 8.3886702E-09 2.6941859E-08 3.9858310E-08 8.2866611E-09 1.8131768E-08 2.8240644E-08 2.9037730E-08  293.4112 306.9148 302.2874 298.2524 307.2039 307.7918 302.9966 300.5394 305.6913 304.3621 300.6497 298.9943 302.1820 299.4817 296.4733 295.9763  1954.67
2006 6.4435834E-10 3.6944143E-09 2.3323352E-08 5.0431382E-08 9.7149688E-10 5.5590439E-09 1.9889411E-08 3.4699308E-08 1.6667681E-09 8.8348289E-09 2.2139801E-08 3.5823643E-08 6.8158439E-09 1.5737790E-08 2.6271344E-08 2.6516359E-08  293.0822 306.7203 302.2319 298.0013 306.6185 307.5500 303.1142 300.3958 305.0903 304.0561 300.6350 298.9340 301.7100 299.3699 296.3846 295.8169  268.733
2007 4.7321375E-10 2.7814258E-09 2.1524478E-08 4.7700013E-08 4.6162313E-10 3.5563219E-09 1.8262737E-08 3.2111835E-08 1.0717629E-09 5.2732085E-09 1.8898788E-08 3.3817159E-08 4.2082888E-09 1.0900810E-08 2.1496108E-08 2.3764970E-08  293.1606 307.0887 302.8795 298.5942 306.9384 308.0991 303.8487 301.0659 305.3790 304.8032 301.3774 299.5884 302.2448 300.2994 297.2654 296.4913  515.967
2008 9.4530284E-10 4.4873616E-09 2.9439539E-08 4.7113829E-08 1.2564942E-09 5.3775486E-09 2.5618574E-08 3.6221891E-08 2.4116003E-09 9.4083763E-09 2.7572080E-08 4.1858055E-08 7.9191977E-09 1.8227471E-08 2.9564614E-08 2.8945724E-08  293.1403 306.5282 301.9838 298.0551 306.7380 307.3482 302.5040 300.2909 305.0513 303.7198 299.8520 298.2758 301.6663 299.0552 295.8214 295.3292  1619.07
2009 1.0047706E-09 4.9877418E-09 3.8561240E-08 5.8281888E-08 2.1915554E-09 7.1279929E-09 3.1758510E-08 4.0511257E-08 3.3481207E-09 1.1904556E-08 3.3635409E-08 4.4268099E-08 9.6773638E-09 2.1536707E-08 3.2402511E-08 2.8932158E-08  293.3405 306.5717 301.4801 297.1936 306.9381 306.9682 301.7549 299.4636 305.0241 303.2426 299.0398 297.8008 301.3541 298.6481 295.2652 295.0486  887.267
2010 6.8891098E-10 4.2465649E-09 2.6616712E-08 5.0488801E-08 1.1354702E-09 5.1454965E-09 2.1456184E-08 3.3188421E-08 1.8741175E-09 7.8862028E-09 2.2005107E-08 3.7133130E-08 5.6318372E-09 1.5004405E-08 2.5134296E-08 2.7394105E-08  0.0000000E+00 0.0000000E+00 0.0000000E+00 0.0000000E+00 0.0000000E+00 0.0000000E+00 0.0000000E+00 0.0000000E+00 0.0000000E+00 0.0000000E+00 0.0000000E+00 0.0000000E+00 0.0000000E+00 0.0000000E+00 0.0000000E+00 0.0000000E+00  3325.33
2011 5.6755095E-10 4.9713824E-09 3.5163698E-08 4.5999766E-08 1.5268792E-09 6.7659922E-09 2.7564450E-08 3.2348954E-08 2.6008096E-09 9.6346824E-09 2.7249968E-08 3.6319790E-08 7.8029361E-09 1.7742000E-08 2.8900335E-08 2.8223077E-08  292.9757 306.2185 301.7777 298.1523 306.6915 306.9913 302.4942 300.7013 304.9595 303.5592 300.0075 298.9460 301.4411 298.7905 295.8716 295.4895  300.8
2012 1.4049233E-09 6.4238019E-09 3.1486536E-08 4.7719912E-08 2.1715070E-09 7.2523627E-09 2.5137354E-08 3.3082802E-08 3.3915379E-09 1.1104066E-08 2.9457215E-08 3.8729052E-08 8.9458991E-09 1.9241753E-08 3.0696988E-08 2.8844520E-08  293.4234 306.3630 301.8178 298.0287 306.8799 307.0577 302.3655 300.5258 304.9774 303.3739 299.6737 298.6665 301.3996 298.6657 295.7251 295.5091  558.433
2013 9.8820052E-10 4.7261408E-09 2.5566505E-08 5.3893881E-08 1.0153626E-09 4.5739128E-09 2.2168940E-08 3.8860076E-08 1.5772469E-09 7.6334654E-09 2.4334344E-08 4.0368917E-08 6.1966374E-09 1.5016880E-08 2.6861489E-08 2.7115103E-08  293.2642 306.8169 302.2029 297.9431 307.0449 307.7395 303.0129 300.2092 305.5031 304.3140 300.5020 298.5204 302.1539 299.6865 296.4155 295.7642  673.033
2014 7.6895312E-10 4.2244870E-09 2.9575357E-08 5.2828813E-08 9.8334640E-10 5.4434639E-09 2.5912390E-08 3.5378154E-08 2.1769895E-09 8.5293923E-09 2.5867184E-08 3.9760980E-08 6.1945125E-09 1.5291970E-08 2.6645695E-08 2.8763345E-08  293.4165 306.8611 302.2445 298.1522 307.1651 307.7792 303.0013 300.5692 305.3683 304.2072 300.4983 298.9312 302.0402 299.5742 296.5004 295.8269  202.8
2015 1.0323633E-09 3.7787919E-09 2.0742595E-08 4.7120523E-08 1.5913402E-09 5.3566991E-09 1.8106167E-08 3.3073569E-08 2.4530389E-09 8.3653067E-09 2.1441288E-08 3.5629519E-08 5.8052292E-09 1.4575362E-08 2.3270545E-08 2.4081769E-08  293.6193 307.0113 302.5900 298.3640 306.7537 307.6862 303.4532 300.7966 305.1110 304.2325 300.9598 299.2567 301.9548 299.7189 297.0745 296.3282  307.667
