STN,prec_1,prec_2,prec_3,prec_4,prec_5,prec_6,prec_7,prec_8,prec_9,prec_10,prec_11,prec_12,prec_13,prec_14,prec_15,prec_16,st_1,st_2,st_3,st_4,st_5,st_6,st_7,st_8,st_9,st_10,st_11,st_12,st_13,st_14,st_15,st_16,08.0
LAT,29.30136,29.30136,29.30136,29.30136,32.09194,32.09194,32.09194,32.09194,34.88252,34.88252,34.88252,34.88252,37.67308,37.67308,37.67308,37.67308,29.30136,29.30136,29.30136,29.30136,32.09194,32.09194,32.09194,32.09194,34.88252,34.88252,34.88252,34.88252,37.67308,37.67308,37.67308,37.67308,33.6194949
LON,-115.3125,-112.5000,-109.6875,-106.8750,-115.3125,-112.5000,-109.6875,-106.8750,-115.3125,-112.5000,-109.6875,-106.8750,-115.3125,-112.5000,-109.6875,-106.8750,-115.3125,-112.5000,-109.6875,-106.8750,-115.3125,-112.5000,-109.6875,-106.8750,-115.3125,-112.5000,-109.6875,-106.8750,-115.3125,-112.5000,-109.6875,-106.8750,-110.9215037
1958 3.6768268E-09 2.7999731E-09 4.5564463E-09 8.8082475E-09 4.3865187E-09 5.2357927E-09 8.5171781E-09 1.1781246E-08 7.8863129E-09 8.8262286E-09 1.0541689E-08 1.2547318E-08 1.2536864E-08 1.2834916E-08 1.2854844E-08 1.3705327E-08  292.6332 293.5657 290.2357 286.3091 290.3082 288.6169 285.9421 284.0951 284.1747 282.1147 279.4817 279.0022 277.7296 275.3167 272.8512 273.6328  295.871
1959 3.2656309E-09 3.5458030E-09 4.9812776E-09 8.3333367E-09 3.5437770E-09 4.2263060E-09 5.7158518E-09 7.6857294E-09 6.8973089E-09 8.7205683E-09 8.0793230E-09 8.0089153E-09 1.1714407E-08 1.2498911E-08 1.2232593E-08 1.2313256E-08  292.6280 293.5866 290.1990 286.0878 290.3366 288.7446 286.0493 284.2134 284.1450 282.1824 279.6996 279.4438 277.7540 275.3630 272.9104 273.8017  1330.84
1960 1.9406914E-09 2.4693643E-09 4.7451127E-09 1.0501259E-08 2.6079894E-09 2.7347353E-09 5.5376659E-09 9.3219388E-09 6.6516663E-09 6.0493042E-09 6.2274781E-09 7.5144255E-09 1.1230870E-08 1.0037067E-08 9.3841708E-09 9.6062358E-09  292.4874 293.8282 290.8182 286.8516 290.3446 288.9931 286.4999 284.6934 284.3322 282.5787 280.1924 279.7957 278.0820 276.0053 273.7189 274.4646  171.581
1961 3.6992924E-09 3.9712402E-09 4.3605608E-09 8.1800993E-09 4.6997850E-09 6.5441932E-09 8.0125053E-09 9.5729407E-09 1.0460587E-08 1.1341827E-08 1.1064343E-08 1.0061493E-08 1.7546700E-08 1.6659227E-08 1.5363213E-08 1.3287991E-08  292.5531 293.5005 290.6002 286.9781 290.0108 288.6660 286.3837 284.9477 283.9996 282.2407 280.0080 279.9964 277.6619 275.5504 273.3729 274.3716  285.806
1962 3.6610937E-09 2.6524498E-09 3.4718950E-09 6.2108914E-09 3.9660950E-09 4.3216573E-09 5.6964637E-09 7.8410967E-09 7.7298656E-09 8.4590290E-09 9.5974864E-09 9.6822559E-09 1.5706645E-08 1.6270439E-08 1.5617577E-08 1.4340256E-08  292.3896 293.3306 290.6718 287.2721 289.7947 288.6105 286.4371 285.1382 283.9402 282.2322 280.0558 280.0266 277.6427 275.5409 273.3423 274.3575  150.548
1963 2.9166045E-09 1.9449706E-09 4.4170037E-09 8.5858467E-09 3.4659537E-09 3.4069989E-09 5.8293943E-09 9.3034958E-09 7.2398718E-09 7.7331395E-09 8.3758627E-09 9.1943839E-09 1.1950434E-08 1.1087199E-08 1.0872715E-08 1.1725477E-08  292.6306 293.8394 290.7250 286.7276 290.4965 289.0673 286.4932 284.6610 284.5948 282.7320 280.2567 279.8522 278.4656 276.1390 273.7401 274.4126  1030.77
1964 2.3219664E-09 1.3297384E-09 2.0247544E-09 4.6963202E-09 3.2582679E-09 3.4505965E-09 4.6177875E-09 6.1623617E-09 8.4780059E-09 9.4764125E-09 8.9415346E-09 8.0727931E-09 1.6049857E-08 1.5550791E-08 1.3952499E-08 1.2430662E-08  292.2375 293.5393 290.6938 287.0589 290.1371 288.7137 286.3926 284.9574 284.1078 282.3199 280.0145 280.0059 277.7126 275.5273 273.3660 274.3108  634.387
1965 4.4364712E-09 4.3171045E-09 4.6755573E-09 8.9464454E-09 4.1410995E-09 5.6000187E-09 7.8567588E-09 1.1309626E-08 7.3441950E-09 9.8147188E-09 1.0784384E-08 1.1756363E-08 1.2813584E-08 1.3654677E-08 1.3662198E-08 1.3872210E-08  292.6727 293.0644 289.8755 286.0204 289.5776 288.0330 285.5121 283.8798 283.4508 281.5274 279.1011 278.9400 277.1391 274.8790 272.5874 273.4849  520.871
1966 2.1577684E-09 2.0086639E-09 3.4280681E-09 7.1345720E-09 2.7513365E-09 3.2225762E-09 5.3145248E-09 7.4181190E-09 6.9170625E-09 7.7774658E-09 8.3943332E-09 8.9800771E-09 1.3017891E-08 1.3718118E-08 1.3806173E-08 1.4296448E-08  292.4126 293.5042 290.3289 286.2613 289.9746 288.5003 285.8960 284.0753 283.8360 281.8647 279.3494 279.0498 277.3775 275.0871 272.6794 273.4386  459.29
1967 3.4335594E-09 3.1828693E-09 3.4063765E-09 5.6872111E-09 5.0229008E-09 5.0763318E-09 4.9887685E-09 5.6898939E-09 9.4875157E-09 9.3847508E-09 8.1640517E-09 7.0262405E-09 1.5298193E-08 1.4559775E-08 1.3050512E-08 1.1936110E-08  292.4530 293.4570 290.4729 286.7789 290.0412 288.6734 286.3293 284.8415 284.0484 282.2539 279.9419 279.8039 277.7140 275.5287 273.2771 274.1188  1337.94
1968 5.8191763E-09 6.5673844E-09 6.5608994E-09 8.9607335E-09 6.2834737E-09 7.4303266E-09 8.0433917E-09 9.2028243E-09 9.5847055E-09 1.0544961E-08 1.0352903E-08 9.4766639E-09 1.5000097E-08 1.5139744E-08 1.4270002E-08 1.2692979E-08  292.4313 293.3781 290.4589 286.6861 289.8311 288.3784 286.0909 284.5439 283.7725 282.0120 279.6531 279.5306 277.4509 275.3138 273.0180 273.9390  701.29
1969 1.7476084E-09 1.5728862E-09 2.2512867E-09 5.4142912E-09 2.2681932E-09 3.0464249E-09 4.5242050E-09 7.3906921E-09 6.5094548E-09 7.7103621E-09 8.4840766E-09 9.2211616E-09 1.2210086E-08 1.2865508E-08 1.3068994E-08 1.2882783E-08  292.5110 293.3502 290.1657 286.2328 289.9568 288.3116 285.6570 283.9031 283.7176 281.6243 279.1213 278.8434 277.2118 274.7987 272.5416 273.3613  348.129
1970 3.4490748E-09 2.1882063E-09 2.5831886E-09 5.0757936E-09 5.0402043E-09 4.6251993E-09 5.2978613E-09 6.5457781E-09 1.0974166E-08 1.1163123E-08 9.9252828E-09 8.4466851E-09 1.8176205E-08 1.7739533E-08 1.5855623E-08 1.4046765E-08  292.3556 293.5705 290.4805 286.5665 289.9414 288.6224 286.1951 284.6565 283.8680 282.1490 279.8616 279.8367 277.5029 275.4244 273.3121 274.3521  336.581
1971 1.9011659E-09 1.4199464E-09 3.2038219E-09 6.9780222E-09 2.6012075E-09 2.5990876E-09 5.1209832E-09 7.4462934E-09 7.0049224E-09 7.7492128E-09 8.6661220E-09 9.0444514E-09 1.4284367E-08 1.4941312E-08 1.4651206E-08 1.3717037E-08  292.2717 293.7789 290.6067 286.4955 290.1489 288.8080 286.2370 284.4037 283.9683 282.0859 279.6401 279.2486 277.3737 274.8880 272.5964 273.4902  860.194
1972 5.1299009E-09 3.9193178E-09 5.7035634E-09 1.2580697E-08 6.2270575E-09 6.1782601E-09 8.1518463E-09 1.1959106E-08 9.5766524E-09 1.0552762E-08 1.1400990E-08 1.1796098E-08 1.4578071E-08 1.5497358E-08 1.5151953E-08 1.4491815E-08  292.6510 292.9846 289.6855 285.6389 289.4707 287.9699 285.3783 283.4956 283.2425 281.2988 278.9100 278.6218 276.7499 274.2670 271.9947 272.9553  178.774
1973 1.5951512E-09 1.0730626E-09 1.8328546E-09 3.9690002E-09 1.7280882E-09 1.7274590E-09 2.9035903E-09 4.4641846E-09 3.6792414E-09 4.1941632E-09 4.8594919E-09 5.4503730E-09 8.5585761E-09 9.2441406E-09 8.9112451E-09 8.7078167E-09  292.1878 294.2979 291.2604 287.1456 290.7031 289.4200 287.0222 285.2747 284.8458 283.0572 280.6655 280.4006 278.5957 276.3145 273.8867 274.8268  370.29
1974 3.2885037E-09 2.9267575E-09 3.3803409E-09 6.0850192E-09 4.4174073E-09 4.8105653E-09 5.5303508E-09 6.6910877E-09 8.2337266E-09 9.0009378E-09 8.8301659E-09 8.5808587E-09 1.4540461E-08 1.4529222E-08 1.3782288E-08 1.2113388E-08  292.2874 293.3950 290.3058 286.3662 290.1482 288.5844 285.9850 284.3229 284.2169 282.0821 279.5096 279.3602 277.8018 275.2267 272.6817 273.6564  284.129
1975 1.4588969E-09 6.6066180E-10 1.9524879E-09 4.5970743E-09 1.3404970E-09 1.9711084E-09 3.0405747E-09 5.2413713E-09 3.7493533E-09 4.6454098E-09 5.8834830E-09 6.9019057E-09 1.1205750E-08 1.0603125E-08 1.0932535E-08 1.1343528E-08  292.1971 293.8322 290.6713 286.6081 290.5688 289.1332 286.4628 284.5908 284.7268 282.7711 280.1368 279.8039 278.5326 276.1228 273.6101 274.3963  180.903
1976 4.1845483E-09 3.7897787E-09 4.4095816E-09 8.4221687E-09 4.9559996E-09 5.8977445E-09 7.4645028E-09 9.1724015E-09 9.0690975E-09 1.0841788E-08 1.1060159E-08 1.0045702E-08 1.6243186E-08 1.6594369E-08 1.5992912E-08 1.4003855E-08  292.5005 293.0246 289.7209 285.7441 289.5406 287.9685 285.3803 283.6831 283.4301 281.5081 278.9285 278.7432 277.2548 274.9429 272.4384 273.2835  295.097
1977 2.6303133E-09 2.5034654E-09 3.7966186E-09 6.6553305E-09 3.4405534E-09 4.1152992E-09 5.2827902E-09 7.2878219E-09 7.8784748E-09 9.4898382E-09 9.1162278E-09 9.3179020E-09 1.4150698E-08 1.4461508E-08 1.3746728E-08 1.2536068E-08  292.5153 293.6023 290.4631 286.4551 290.0392 288.6258 286.0636 284.2707 283.8369 281.8816 279.4347 279.1670 277.2645 274.8716 272.5000 273.4116  396.71
1978 1.9728812E-09 1.6736115E-09 3.4650267E-09 7.0005659E-09 3.3420011E-09 3.2326115E-09 5.0978297E-09 8.0951699E-09 7.6507796E-09 8.3579428E-09 8.5551273E-09 8.6678940E-09 1.2845038E-08 1.3169352E-08 1.3151695E-08 1.3548038E-08  292.4416 293.5043 290.3742 286.5534 290.1395 288.6318 286.0555 284.4308 284.0216 282.0251 279.5982 279.4044 277.4647 275.0612 272.7225 273.7251  360
1979 4.5607340E-09 4.9050639E-09 6.7065260E-09 1.0600886E-08 4.9250941E-09 6.5751307E-09 8.8207983E-09 1.1273878E-08 1.0828465E-08 1.2075344E-08 1.1664761E-08 1.1387245E-08 1.8717381E-08 1.7298337E-08 1.4859166E-08 1.3417996E-08  292.5680 293.3796 290.3723 286.5224 289.9443 288.6170 286.2324 284.5717 283.9616 282.2712 280.0170 279.8399 277.8874 275.8918 273.6049 274.3591  414
1980 4.4680419E-09 3.9301118E-09 4.8670228E-09 8.7116989E-09 6.1481025E-09 6.5552945E-09 8.2916820E-09 1.1671711E-08 1.0217284E-08 1.1478034E-08 1.2617139E-08 1.3514727E-08 1.6876244E-08 1.7082147E-08 1.6656619E-08 1.6529334E-08  292.6113 292.9562 290.0536 286.5123 289.4169 288.0148 285.7158 284.2124 283.3710 281.5768 279.3524 279.2346 276.8174 274.7943 272.9277 273.7776  461.29
1981 2.2802145E-09 1.3999091E-09 2.8753455E-09 7.4871656E-09 2.7899123E-09 3.1549023E-09 4.9899040E-09 8.0903426E-09 6.7168648E-09 8.3783318E-09 9.3085424E-09 9.7576152E-09 1.2709137E-08 1.3622554E-08 1.4050803E-08 1.4345307E-08  292.5381 293.9803 290.8518 286.7300 290.5330 289.1887 286.6808 284.7853 284.6258 282.8661 280.4797 280.0732 278.2486 276.1699 273.9073 274.7071  336
1982 4.3052388E-09 3.9773247E-09 6.0271792E-09 1.0470810E-08 4.9280144E-09 6.2486336E-09 8.0367135E-09 9.9212425E-09 8.5241263E-09 9.8882591E-09 9.5172767E-09 9.7085024E-09 1.1984564E-08 1.2420347E-08 1.2214294E-08 1.2312025E-08  292.4869 293.1701 290.0238 286.0243 289.9334 288.3066 285.7742 283.9793 283.8215 281.7240 279.1704 278.9488 277.3260 274.7449 272.1963 272.9921  428.839
1983 2.5647355E-09 2.8005884E-09 4.7576170E-09 1.0567520E-08 3.7394092E-09 4.8967035E-09 7.8435365E-09 1.2144442E-08 8.4815008E-09 9.4980210E-09 9.9048947E-09 1.0410478E-08 1.5108734E-08 1.4872185E-08 1.3271187E-08 1.2188974E-08  292.9680 293.5823 290.3767 286.2608 290.0027 288.4000 285.7230 283.8328 283.8133 281.7040 279.0824 278.8082 277.4529 275.0586 272.6198 273.4255  557.613
1984 3.4069723E-09 2.6040965E-09 3.6742296E-09 7.7030302E-09 3.3764200E-09 4.1632187E-09 5.4709766E-09 8.4673148E-09 6.2458398E-09 7.2182793E-09 8.5393443E-09 8.7134788E-09 1.2978210E-08 1.2072195E-08 1.1903473E-08 1.1251386E-08  292.9026 293.9861 291.0206 287.0402 290.4615 289.0041 286.4905 284.7511 284.3585 282.3902 279.8865 279.6526 277.8835 275.5948 273.1871 274.0786  729.645
1985 3.5909795E-09 3.1327860E-09 5.7902332E-09 1.0547471E-08 4.7124700E-09 4.7444773E-09 6.5286936E-09 8.9382093E-09 1.0079856E-08 9.0440402E-09 8.5455403E-09 7.5329565E-09 1.6088608E-08 1.4542351E-08 1.2360965E-08 9.8914130E-09  292.7601 293.8698 290.7888 286.7425 290.3342 288.9041 286.4051 284.6892 284.2846 282.4034 279.9326 279.7540 278.0391 275.7223 273.3098 274.3501  458.161
1986 4.0672541E-09 3.7537600E-09 5.6910152E-09 9.3500852E-09 5.9936718E-09 6.8137314E-09 9.1324424E-09 1.1367887E-08 1.1258689E-08 1.2416399E-08 1.2562704E-08 1.2867448E-08 1.7218015E-08 1.7339504E-08 1.6613079E-08 1.6024947E-08  292.8475 293.7055 290.3355 286.0982 290.1880 288.6735 285.9585 284.1292 284.0821 282.0914 279.4716 279.2522 277.9218 275.4528 272.9368 273.7943  386
1987 4.6609099E-09 6.7979591E-09 9.3460608E-09 1.3523259E-08 4.6224482E-09 7.4782411E-09 1.0919112E-08 1.2710013E-08 8.1697769E-09 1.0932695E-08 1.1774858E-08 1.1086290E-08 1.4724015E-08 1.5310450E-08 1.4491054E-08 1.3779633E-08  292.9579 293.1486 289.8410 285.7426 289.8925 288.2384 285.5973 283.7301 283.6901 281.6151 279.1086 278.7797 277.2247 274.6805 272.2944 273.1497  532.387
1988 4.6021045E-09 2.9974925E-09 2.7291644E-09 4.5384403E-09 5.6583396E-09 5.0604139E-09 5.3500813E-09 6.6869008E-09 1.0021776E-08 9.9749364E-09 8.9520427E-09 8.2067633E-09 1.5489620E-08 1.5351974E-08 1.3246495E-08 1.1768035E-08  292.5800 294.0425 291.2010 287.3106 290.4521 289.1969 286.9305 285.2964 284.5963 282.8032 280.5292 280.3835 278.3365 276.0413 273.8173 274.7886  1231.06
1989 3.0427578E-09 3.2927263E-09 5.0818443E-09 8.4378113E-09 4.0582280E-09 5.4349560E-09 7.5210220E-09 8.4006873E-09 8.0342435E-09 9.2380397E-09 9.7582546E-09 9.2608596E-09 1.3190508E-08 1.3269547E-08 1.3134421E-08 1.3390057E-08  292.8721 293.8270 290.6576 286.5723 290.3203 288.8345 286.2816 284.4538 284.2579 282.1939 279.7195 279.6044 277.8305 275.2658 272.8387 273.7593  276.839
1990 2.9871268E-09 2.5793985E-09 3.6791676E-09 8.1815186E-09 4.0332457E-09 4.7249689E-09 6.4554739E-09 9.2040553E-09 8.9927017E-09 9.9558042E-09 1.0578292E-08 1.0211777E-08 1.7604615E-08 1.7074383E-08 1.5322335E-08 1.3536289E-08  292.9642 293.6512 290.3914 286.3039 290.2706 288.6835 286.0475 284.2890 284.1564 282.2078 279.7503 279.5840 277.9833 275.6168 273.2839 274.2168  461.968
1991 2.7039242E-09 2.4174407E-09 3.8237151E-09 8.6798764E-09 4.1527928E-09 4.8926756E-09 6.9997856E-09 1.0674828E-08 8.1458458E-09 1.0156493E-08 1.1504288E-08 1.2004103E-08 1.5272457E-08 1.5100166E-08 1.4736941E-08 1.4465619E-08  292.8731 293.4394 289.9927 285.8396 290.1332 288.4957 285.7766 283.8141 284.1121 282.0280 279.3750 278.9933 277.9520 275.5596 273.0382 273.6142  297.774
1992 3.1872536E-09 3.2636411E-09 4.9659081E-09 1.0344106E-08 4.3561048E-09 4.8410147E-09 6.6906960E-09 9.4819947E-09 9.3734807E-09 9.5475325E-09 9.5491837E-09 1.0023212E-08 1.5594306E-08 1.4372226E-08 1.3177261E-08 1.2907791E-08  293.1949 293.4789 289.9679 285.7302 290.1062 288.4594 285.6620 283.5938 283.9653 281.9537 279.2224 278.7572 277.7102 275.3009 272.6145 273.2957  1427.35
1993 6.3782188E-09 7.1125310E-09 9.2796322E-09 1.5011887E-08 7.1951196E-09 8.4192564E-09 1.1727392E-08 1.4859230E-08 1.0279811E-08 1.2705671E-08 1.4511426E-08 1.4796512E-08 1.8043007E-08 1.7652589E-08 1.7466272E-08 1.7030596E-08  293.2204 293.2117 289.7438 285.5149 289.8732 288.1208 285.4586 283.6873 283.6881 281.6050 279.0988 278.9288 277.5842 275.3086 272.9180 273.6786  371.226
1994 5.1681757E-09 5.5967129E-09 5.9983982E-09 1.0035992E-08 5.9059406E-09 7.7634486E-09 8.8296837E-09 9.8973461E-09 1.0106123E-08 1.2100980E-08 1.2411803E-08 1.1765787E-08 1.3915534E-08 1.4986840E-08 1.5441939E-08 1.5471810E-08  292.8096 293.0665 289.7168 285.6125 289.7545 288.0296 285.4266 283.6292 283.7105 281.6218 279.0615 278.8638 277.7338 275.1836 272.7282 273.4145  266.29
1995 3.2598713E-09 3.8364107E-09 5.6286562E-09 9.1706642E-09 3.1802607E-09 3.9884589E-09 7.1651121E-09 1.0250772E-08 6.9919039E-09 8.0148599E-09 9.1470094E-09 1.0142786E-08 1.4169535E-08 1.3400226E-08 1.2799028E-08 1.2812235E-08  292.9029 294.0026 290.9228 286.8459 290.4368 289.0572 286.4787 284.6312 284.4056 282.4667 279.9133 279.6892 278.1533 275.7389 273.3688 274.2721  252.742
1996 4.4395292E-09 2.9974498E-09 4.4948965E-09 1.0347986E-08 5.9446972E-09 5.9237308E-09 7.6731359E-09 1.1751970E-08 1.1185723E-08 1.1721488E-08 1.1696889E-08 1.1222509E-08 1.8052631E-08 1.6840263E-08 1.5357628E-08 1.3152218E-08  292.9908 293.7789 290.6610 286.6482 290.1466 288.7458 286.2955 284.5934 284.1326 282.3534 280.0236 279.8253 277.9113 275.7319 273.4671 274.3807  271
1997 4.4624731E-09 5.5987806E-09 7.7081692E-09 1.3116269E-08 5.2625233E-09 7.7558973E-09 1.0793391E-08 1.5722220E-08 9.7886961E-09 1.2556954E-08 1.4021984E-08 1.6996056E-08 1.5551187E-08 1.6231567E-08 1.6518021E-08 1.7733875E-08  293.2690 293.6865 290.0907 285.6352 290.2092 288.5006 285.7250 283.5591 284.0460 282.0067 279.3409 278.7974 278.0994 275.7842 273.1676 273.7053  200.226
1998 1.4972171E-09 7.8186307E-10 1.6745156E-09 2.8206213E-09 1.3621166E-09 1.2832838E-09 2.2269853E-09 3.9361954E-09 3.8736303E-09 4.0151162E-09 4.6343023E-09 5.4817146E-09 1.0587682E-08 9.7413331E-09 8.8484047E-09 8.7717567E-09  292.7988 294.3443 291.4902 287.7955 290.8055 289.4742 287.2109 285.8391 284.8344 282.9807 280.7706 280.7220 278.4004 276.1788 274.0301 274.9822  254.355
1999 2.1357704E-09 1.7992294E-09 1.6414389E-09 2.3898770E-09 2.3739957E-09 3.0103511E-09 3.8171808E-09 4.1874446E-09 5.9591332E-09 6.7648638E-09 6.4574390E-09 6.7103483E-09 1.1498829E-08 1.0956674E-08 1.0413984E-08 9.8294342E-09  292.5908 294.4571 291.5719 287.6157 291.0833 289.7281 287.2636 285.5941 285.3297 283.4128 280.9392 280.7077 279.0792 276.6893 274.2298 275.2555  1159.81
2000 3.5933765E-09 2.5848592E-09 3.0193432E-09 6.5279404E-09 4.7802726E-09 5.2440554E-09 6.6754908E-09 8.4049239E-09 1.0186664E-08 1.0896790E-08 1.0635671E-08 1.0330170E-08 1.8097294E-08 1.8250683E-08 1.6758641E-08 1.4649765E-08  292.8877 293.4972 290.6045 287.0355 289.9102 288.5339 286.1808 284.8078 283.7993 281.9884 279.7578 279.7448 277.3683 275.2769 273.2110 274.2471  302.645
2001 5.9292500E-09 6.0710383E-09 6.1112502E-09 8.9351335E-09 5.7269420E-09 6.3513252E-09 7.2623525E-09 1.0117050E-08 9.9973727E-09 1.0965290E-08 1.0389833E-08 9.8717043E-09 1.6352327E-08 1.6247236E-08 1.5236797E-08 1.3821893E-08  292.8398 293.7951 290.6923 286.7491 290.3727 288.9512 286.4329 284.8385 284.5197 282.5790 280.2617 280.1892 278.3397 276.0377 273.7795 274.8024  346.516
2002 3.5817638E-09 3.8755017E-09 6.5638015E-09 1.1200836E-08 4.8798774E-09 6.7814083E-09 9.7255217E-09 1.1686796E-08 9.1952028E-09 1.3073094E-08 1.3450704E-08 1.2151390E-08 1.4211823E-08 1.6757905E-08 1.7294070E-08 1.5968039E-08  292.8853 293.4693 290.2924 286.2363 290.0928 288.4756 285.9308 284.1093 284.1506 282.1051 279.5448 279.2661 278.0041 275.5893 273.0523 273.7753  354.387
2003 3.8649404E-09 2.7019256E-09 3.7271910E-09 6.7627015E-09 4.1567461E-09 3.9501353E-09 5.4153619E-09 6.8899269E-09 6.7087829E-09 7.8347471E-09 7.4046040E-09 6.8280253E-09 1.3689757E-08 1.3977459E-08 1.2663222E-08 1.1236115E-08  292.5225 293.9433 290.9193 286.9935 290.5826 289.1692 286.6482 284.9734 284.6483 282.6840 280.3232 280.1799 277.9581 275.6703 273.4468 274.6064  301.452
2004 4.9256412E-09 4.3208193E-09 5.0723070E-09 8.6599092E-09 6.6060766E-09 5.9861160E-09 6.9042736E-09 8.4656104E-09 1.2766680E-08 1.2114502E-08 1.1492464E-08 9.4694581E-09 2.0261680E-08 1.8742728E-08 1.7028809E-08 1.4240805E-08  292.9196 293.9247 290.8085 286.8531 290.4338 288.9623 286.4521 284.8661 284.2290 282.3717 279.9519 279.9332 277.9258 275.6045 273.4032 274.4017  218.903
2005 5.3716582E-09 6.3667724E-09 7.7890840E-09 1.1437303E-08 5.8263119E-09 7.3488797E-09 1.0110376E-08 1.2686491E-08 9.8848432E-09 1.1130894E-08 1.1827191E-08 1.1835215E-08 1.6584696E-08 1.5932979E-08 1.4704864E-08 1.4063351E-08  292.9023 293.5026 290.3892 286.5179 290.3226 288.7701 286.2134 284.4143 284.4173 282.5411 280.0788 279.6050 278.1107 275.8310 273.5772 274.2386  423.355
2006 5.2201496E-09 4.9344249E-09 5.9151271E-09 1.1542370E-08 5.1512283E-09 5.3563438E-09 6.4755734E-09 9.1533963E-09 8.6053484E-09 8.8307566E-09 9.0303951E-09 9.4589305E-09 1.6685453E-08 1.6323295E-08 1.4816367E-08 1.3272920E-08  292.6417 293.5493 290.5313 286.7266 290.2491 288.7780 286.4034 284.9169 284.2012 282.3067 280.0264 280.1265 277.7863 275.5483 273.4754 274.5403  2414.45
2007 3.9091033E-09 3.9244092E-09 4.2515018E-09 7.3498492E-09 4.6749169E-09 5.1558526E-09 5.0642823E-09 7.1640427E-09 7.9104652E-09 9.2902228E-09 7.8777296E-09 6.7181989E-09 1.3993380E-08 1.3694070E-08 1.2140851E-08 9.9453477E-09  292.4906 294.2461 291.2761 287.2470 290.8613 289.4454 286.9347 285.2188 284.9001 282.9645 280.5126 280.3835 278.4871 276.2132 273.9806 275.1290  1074
2008 2.6273701E-09 3.2179257E-09 5.6246723E-09 7.7767526E-09 2.5469402E-09 3.6861580E-09 5.9714873E-09 8.0612832E-09 6.7025994E-09 8.1341645E-09 8.7729353E-09 8.3575351E-09 1.4525773E-08 1.4135344E-08 1.3371250E-08 1.2568462E-08  292.5062 293.7689 290.8176 287.1216 290.3863 289.0710 286.6826 285.1860 284.4510 282.6876 280.4220 280.3794 278.0792 276.0337 273.9066 274.8748  511.774
2009 2.8443210E-09 4.0835340E-09 5.7633320E-09 1.1140315E-08 3.8453352E-09 5.4392073E-09 7.3914022E-09 1.1007927E-08 7.8355189E-09 9.5596757E-09 1.0079571E-08 1.1270457E-08 1.3480062E-08 1.3784070E-08 1.3534083E-08 1.3953129E-08  292.9193 293.8501 290.5790 286.4710 290.5342 288.9197 286.3355 284.5099 284.5051 282.5218 279.9457 279.5809 278.2832 275.9199 273.4527 274.3587  119.226
2010 2.1691759E-09 1.7263687E-09 2.2225262E-09 4.1647756E-09 2.6619640E-09 3.5384404E-09 4.4063122E-09 5.6307567E-09 5.5891745E-09 6.6048704E-09 7.1171917E-09 7.1226944E-09 1.1035573E-08 1.1000760E-08 1.0580592E-08 1.1921180E-08  292.4002 294.8152 292.0147 288.1379 291.2549 290.0867 287.7607 286.1667 285.5040 283.6877 281.3691 281.1607 279.3150 277.0079 274.6769 275.5134  836.613
2011 2.7562463E-09 1.5363130E-09 3.0849936E-09 6.7688406E-09 3.3485730E-09 3.5216527E-09 5.6286469E-09 7.8710434E-09 8.3155571E-09 9.6660866E-09 9.8705772E-09 9.3263406E-09 1.3951408E-08 1.4038822E-08 1.3416490E-08 1.2876685E-08  292.4755 294.1732 291.1542 287.2752 290.6183 289.3892 286.9254 285.2594 284.7529 282.9151 280.5828 280.3911 278.5696 276.1938 273.8721 274.7906  361.355
2012 2.1975928E-09 2.5820173E-09 3.9201611E-09 6.6142349E-09 2.5585796E-09 3.4254697E-09 5.6282996E-09 7.1389774E-09 5.2552926E-09 6.1913519E-09 7.3534823E-09 8.0908613E-09 1.0622499E-08 1.1348392E-08 1.1761315E-08 1.1703209E-08  292.8553 293.8879 290.8365 286.8657 290.4825 289.0862 286.5853 284.8415 284.5846 282.6786 280.2665 279.9084 278.2416 275.9153 273.5418 274.3233  235.613
2013 3.1776983E-09 3.6156933E-09 4.1624526E-09 7.7023898E-09 4.0951020E-09 5.2096145E-09 5.9893903E-09 8.3183078E-09 8.6941769E-09 9.5128057E-09 9.6744595E-09 9.9178834E-09 1.4717251E-08 1.4853124E-08 1.4919783E-08 1.4099402E-08  292.6173 293.7788 290.8774 287.0728 290.3291 288.9513 286.5508 284.8760 284.2632 282.4893 280.1597 279.8998 277.8699 275.7116 273.5645 274.4181  489.355
2014 7.0448789E-09 7.2941888E-09 7.6593869E-09 1.0511713E-08 7.9660509E-09 9.2467136E-09 1.0235654E-08 1.1155983E-08 1.3730888E-08 1.4097740E-08 1.2474059E-08 1.0904314E-08 1.8910772E-08 1.8351015E-08 1.7032336E-08 1.5687039E-08  293.0247 293.7853 290.5359 286.4939 290.3409 288.8248 286.2272 284.4661 284.1280 282.1866 279.7710 279.6340 277.8588 275.5062 273.1069 274.0390  450.548
2015 5.3740088E-09 6.6731398E-09 1.0340883E-08 1.6882193E-08 5.6973697E-09 8.1152534E-09 1.1580421E-08 1.4721190E-08 1.1028113E-08 1.2942175E-08 1.3806067E-08 1.3534745E-08 1.7371043E-08 1.6861044E-08 1.5849842E-08 1.5036820E-08  293.4706 293.5992 290.2383 286.0495 290.4338 288.7372 285.9861 283.8747 284.3444 282.2933 279.5655 278.9991 278.1053 275.6911 273.0785 273.6907  384.032
