STN,prec_1,prec_2,prec_3,prec_4,prec_5,prec_6,prec_7,prec_8,prec_9,prec_10,prec_11,prec_12,prec_13,prec_14,prec_15,prec_16,st_1,st_2,st_3,st_4,st_5,st_6,st_7,st_8,st_9,st_10,st_11,st_12,st_13,st_14,st_15,st_16,08.0
LAT,29.30136,29.30136,29.30136,29.30136,32.09194,32.09194,32.09194,32.09194,34.88252,34.88252,34.88252,34.88252,37.67308,37.67308,37.67308,37.67308,29.30136,29.30136,29.30136,29.30136,32.09194,32.09194,32.09194,32.09194,34.88252,34.88252,34.88252,34.88252,37.67308,37.67308,37.67308,37.67308,33.6194949
LON,-115.3125,-112.5000,-109.6875,-106.8750,-115.3125,-112.5000,-109.6875,-106.8750,-115.3125,-112.5000,-109.6875,-106.8750,-115.3125,-112.5000,-109.6875,-106.8750,-115.3125,-112.5000,-109.6875,-106.8750,-115.3125,-112.5000,-109.6875,-106.8750,-115.3125,-112.5000,-109.6875,-106.8750,-115.3125,-112.5000,-109.6875,-106.8750,-110.9215037
1958 7.9317362E-09 8.7788656E-09 9.7372324E-09 1.1349034E-08 1.1611776E-08 1.2270480E-08 1.2933368E-08 1.2638347E-08 1.9238341E-08 1.8613417E-08 1.7172237E-08 1.2743198E-08 2.7883134E-08 2.2891724E-08 1.9991516E-08 1.7291701E-08  289.8607 288.8033 285.4065 281.4365 285.1221 282.9910 280.3659 278.5883 277.4013 274.8373 272.0740 272.3675 269.3452 266.8320 265.1643 266.6801  295.871
1959 1.0815824E-08 1.3248608E-08 1.2722922E-08 1.2119595E-08 1.3466788E-08 1.3798978E-08 1.3140557E-08 1.1441254E-08 1.9577113E-08 1.6922868E-08 1.4066031E-08 1.0644269E-08 2.4800604E-08 2.0766491E-08 1.8088681E-08 1.5533940E-08  289.9389 288.7774 285.3992 281.4160 285.4034 283.0751 280.4409 278.5630 278.0218 275.2081 272.3700 272.3187 270.0718 267.1877 265.2088 266.5029  1330.84
1960 6.0205152E-09 5.1920508E-09 5.5543570E-09 7.7463662E-09 9.8741664E-09 9.3142889E-09 1.0490298E-08 1.0610494E-08 1.9703169E-08 1.7510686E-08 1.5196390E-08 1.1183864E-08 2.7101636E-08 2.2912428E-08 2.0030804E-08 1.6615873E-08  289.8064 289.1257 285.8224 281.8972 285.5106 283.3886 280.8396 279.0710 278.0191 275.4693 272.6512 272.8217 270.2821 267.7132 265.6850 267.1095  171.581
1961 1.0065800E-08 1.0625384E-08 1.1758896E-08 1.3707727E-08 1.3239335E-08 1.3957814E-08 1.5050110E-08 1.4558421E-08 1.8528215E-08 1.8216221E-08 1.7023110E-08 1.3987511E-08 2.2940213E-08 2.0424570E-08 1.8642227E-08 1.6861433E-08  289.8510 288.4687 285.1367 281.3225 284.9390 282.6786 280.1284 278.4038 277.2376 274.5891 271.9394 272.1384 269.3404 266.7597 265.0780 266.3452  285.806
1962 5.0633440E-09 5.4106333E-09 6.6082917E-09 9.2829291E-09 1.0187853E-08 1.0820791E-08 1.1739112E-08 1.0604560E-08 2.1796092E-08 1.9979817E-08 1.7349219E-08 1.2543967E-08 2.8577778E-08 2.4595659E-08 2.1355952E-08 1.7498426E-08  289.7197 288.9527 285.6954 281.8108 285.4302 283.2956 280.6796 278.9371 277.8769 275.2318 272.5067 272.7690 269.7877 267.3004 265.5311 267.1138  150.548
1963 6.5539707E-09 5.2888831E-09 6.6427694E-09 1.0405794E-08 9.8270565E-09 8.9704431E-09 8.9203995E-09 9.8579545E-09 1.7223872E-08 1.6556998E-08 1.4779777E-08 1.0981181E-08 2.7167602E-08 2.2914811E-08 2.0266006E-08 1.6737634E-08  289.9236 288.3069 284.9107 281.0156 284.9034 282.7451 280.1037 278.3057 277.2366 274.6342 271.8898 271.9019 269.1611 266.4943 264.8108 266.1441  1030.77
1964 8.8739567E-09 7.8441085E-09 8.3138731E-09 1.1954314E-08 1.1000767E-08 1.0261362E-08 1.0848854E-08 1.1987789E-08 1.5676100E-08 1.4749822E-08 1.3332221E-08 1.0878656E-08 2.2223638E-08 1.9058772E-08 1.6682295E-08 1.4371321E-08  289.5369 288.8461 285.6912 281.8788 285.5848 283.4748 280.9348 279.2659 278.3605 275.6991 272.9908 273.0796 270.2769 267.4974 265.6112 267.1120  634.387
1965 1.0366962E-08 1.2108399E-08 1.6315189E-08 2.1624976E-08 1.5140330E-08 1.5340543E-08 1.7706373E-08 1.7808393E-08 2.5141020E-08 2.1761441E-08 1.9515625E-08 1.5093876E-08 3.0158027E-08 2.4274305E-08 2.0307777E-08 1.8009223E-08  289.9406 287.7212 284.3181 280.4050 284.5811 282.1370 279.6063 277.7239 276.8606 274.2172 271.5782 271.7635 269.0978 266.6337 264.9602 266.2707  520.871
1966 6.5528480E-09 5.1607261E-09 6.4198864E-09 8.8343928E-09 1.0141174E-08 9.3010728E-09 1.0400449E-08 1.0916555E-08 1.8475877E-08 1.6133020E-08 1.4448465E-08 1.1354624E-08 2.3223206E-08 2.0757671E-08 1.8369839E-08 1.5601000E-08  289.7279 288.1792 284.8253 280.9062 284.7856 282.5002 279.7005 277.9091 277.1372 274.2720 271.4700 271.5116 268.9010 266.2409 264.4438 265.7354  459.29
1967 8.9565866E-09 8.0490352E-09 1.0308725E-08 1.6170279E-08 1.3853137E-08 1.3178618E-08 1.4863877E-08 1.5057438E-08 2.1454053E-08 1.9287736E-08 1.7439387E-08 1.3667087E-08 2.6073238E-08 2.1685757E-08 1.9115340E-08 1.6940250E-08  289.7960 287.9492 284.5595 280.7324 284.7514 282.4002 279.8000 277.9836 277.0548 274.2869 271.5618 271.7120 268.7692 266.2256 264.7300 266.0092  1337.94
1968 1.2101811E-08 1.2687964E-08 1.3600477E-08 1.6882511E-08 1.5828608E-08 1.5948915E-08 1.6225282E-08 1.5274662E-08 2.2094536E-08 2.0717982E-08 1.8207945E-08 1.3815327E-08 2.6368618E-08 2.2568765E-08 1.9711836E-08 1.7577209E-08  289.7976 287.9077 284.3553 280.4324 284.5154 282.2393 279.5827 277.7208 276.6537 274.1388 271.5333 271.5262 268.5804 266.2073 264.7383 265.8705  701.29
1969 4.5819339E-09 5.6360605E-09 8.8635783E-09 1.3502107E-08 7.6865190E-09 8.6716225E-09 1.0619638E-08 1.2451670E-08 1.4126308E-08 1.4232063E-08 1.3857533E-08 1.1829946E-08 1.9922881E-08 1.8064673E-08 1.7004481E-08 1.5806073E-08  289.8172 288.1407 284.5770 280.6430 284.8816 282.5714 279.7312 277.8618 277.2628 274.4604 271.6135 271.6662 268.9921 266.3461 264.6367 266.0127  348.129
1970 2.6928770E-09 2.8414762E-09 4.3953263E-09 7.4733144E-09 4.5131201E-09 4.8825139E-09 7.1299282E-09 8.5066008E-09 1.0800170E-08 1.0290004E-08 1.0769095E-08 9.8680992E-09 1.9902345E-08 1.7264789E-08 1.5869691E-08 1.3946419E-08  289.6522 289.3332 285.8889 281.6503 285.9955 283.9357 281.1243 279.1670 278.6145 276.0273 273.0692 273.2554 270.5116 267.7044 265.8327 267.5362  336.581
1971 8.7713907E-09 9.3331405E-09 1.0929933E-08 1.3356104E-08 1.1430696E-08 1.2019592E-08 1.3153061E-08 1.3344288E-08 1.4930910E-08 1.4934244E-08 1.4547122E-08 1.2050902E-08 1.7260787E-08 1.7171681E-08 1.6356452E-08 1.4359143E-08  289.5985 288.7697 285.3370 281.0649 285.7291 283.4893 280.6768 278.4349 278.5703 275.8243 272.7176 272.4124 270.5852 267.4052 265.5818 266.8566  860.194
1972 9.6121147E-09 1.0182190E-08 1.2474406E-08 1.7335532E-08 1.5929270E-08 1.5676287E-08 1.6258470E-08 1.6079220E-08 2.5116854E-08 2.2043507E-08 1.9676841E-08 1.4931265E-08 2.9215895E-08 2.3146143E-08 2.0029901E-08 1.7033258E-08  289.9338 287.5670 283.9372 280.0429 284.2682 281.8209 279.1911 277.2265 276.6707 274.0356 271.3140 271.2468 268.8307 266.3720 264.6347 265.6965  178.774
1973 6.8719168E-09 7.1118742E-09 8.1667970E-09 8.9648902E-09 9.1933048E-09 1.0709665E-08 1.1519398E-08 1.0755913E-08 1.6921666E-08 1.7280525E-08 1.4191516E-08 1.0266504E-08 2.2703052E-08 2.1609164E-08 1.9031686E-08 1.6021083E-08  289.5178 288.9179 285.8900 282.2589 285.5018 283.5738 281.1799 279.6656 278.1364 275.6825 273.0643 273.3919 270.0143 267.3206 265.6298 267.2651  370.29
1974 8.8417069E-09 1.0270712E-08 1.1402456E-08 1.4482133E-08 9.8951665E-09 1.1955898E-08 1.3334174E-08 1.3782843E-08 1.2885604E-08 1.4659024E-08 1.4478743E-08 1.2107066E-08 1.7528846E-08 1.6647130E-08 1.5662412E-08 1.4241461E-08  289.6611 288.6002 285.2947 281.3376 285.3094 283.0913 280.5934 278.7288 277.8107 275.2321 272.4864 272.5981 269.6292 266.7229 264.9758 266.5547  284.129
1975 6.2831469E-09 4.9105129E-09 5.3698379E-09 7.5155810E-09 1.0446185E-08 9.9009485E-09 9.9384589E-09 9.2600185E-09 1.8795896E-08 1.7234171E-08 1.5098625E-08 1.0594844E-08 2.3376963E-08 2.1393856E-08 1.9487707E-08 1.6812814E-08  289.5632 289.1054 285.6399 281.5241 285.5197 283.2894 280.5002 278.6478 277.7445 274.9520 272.0023 272.2058 269.5360 266.5953 264.7052 266.2889  180.903
1976 6.0248913E-09 7.0704163E-09 9.2360617E-09 1.3616511E-08 7.8040614E-09 9.5849071E-09 1.2058320E-08 1.3911137E-08 1.3367303E-08 1.4243770E-08 1.4312917E-08 1.2319228E-08 1.9593411E-08 1.7265741E-08 1.5643506E-08 1.4579141E-08  289.8015 287.7760 284.3598 280.4359 284.4317 282.0219 279.3578 277.3921 276.5157 273.5900 270.9688 271.1651 268.0221 265.1872 263.7665 265.5301  295.097
1977 5.1706022E-09 5.6817724E-09 7.2894126E-09 9.4694190E-09 9.9451682E-09 1.0371862E-08 1.1861457E-08 1.1359298E-08 1.8588652E-08 1.7269759E-08 1.6087636E-08 1.2565739E-08 2.3303640E-08 2.0798065E-08 1.8573624E-08 1.6436070E-08  289.7739 287.8754 284.4202 280.7170 284.6071 282.2450 279.6151 277.9579 276.6896 273.8670 271.2866 271.5957 268.1451 265.6123 264.2615 265.8034  396.71
1978 7.8424343E-09 7.7699545E-09 7.7068911E-09 1.0275273E-08 1.0010413E-08 9.7064294E-09 9.4666035E-09 1.0250379E-08 1.5641488E-08 1.5002385E-08 1.3335329E-08 1.0586423E-08 2.2010322E-08 1.9390203E-08 1.7403732E-08 1.5472070E-08  289.8004 288.8041 285.3537 281.3266 285.3448 283.1859 280.5079 278.5383 277.5761 274.9553 272.2910 272.2159 269.1935 266.5066 264.8897 266.3452  360
1979 6.8355970E-09 6.0764291E-09 7.0564039E-09 9.6423802E-09 1.0236891E-08 1.1126749E-08 1.3057059E-08 1.2317887E-08 1.8147780E-08 1.8208670E-08 1.7586904E-08 1.3821595E-08 2.3281636E-08 2.0171294E-08 1.8249661E-08 1.7016964E-08  289.8920 288.3100 284.6956 280.5587 284.8548 282.5434 279.6131 277.6384 277.2338 274.3849 271.4768 271.5297 269.2156 266.6469 265.0742 266.2655  414
1980 5.8251186E-09 6.5613346E-09 8.8662899E-09 1.2744217E-08 7.6205717E-09 8.6847169E-09 1.1153113E-08 1.3209821E-08 1.5618394E-08 1.5780945E-08 1.5183330E-08 1.2682728E-08 2.2744668E-08 2.0199424E-08 1.8606544E-08 1.6609592E-08  289.9409 288.8507 285.3740 281.3026 285.4250 283.1776 280.3648 278.3713 277.7803 275.1203 272.1993 272.0119 269.6469 267.0053 265.0107 266.3345  461.29
1981 4.7784581E-09 5.0158815E-09 6.5570891E-09 1.0951953E-08 7.4314408E-09 8.5189393E-09 1.0293703E-08 1.2029524E-08 1.4739866E-08 1.5106936E-08 1.4562776E-08 1.2845612E-08 2.2408450E-08 2.0635911E-08 1.8868523E-08 1.6795795E-08  289.8655 288.2403 284.7859 280.7982 284.9162 282.6859 279.8788 278.0593 277.5298 274.8093 271.9040 271.8356 269.6114 266.9828 265.1628 266.1768  336
1982 1.1076903E-08 1.0091987E-08 1.1540214E-08 1.5097438E-08 1.5457459E-08 1.4321948E-08 1.5373468E-08 1.5844876E-08 2.3799847E-08 2.0194911E-08 1.8260605E-08 1.5299509E-08 2.5379169E-08 2.1105848E-08 1.8680394E-08 1.6923392E-08  289.8559 288.0128 284.5213 280.3975 284.8152 282.3871 279.4615 277.3055 277.3374 274.5699 271.5064 271.1050 269.5386 267.0540 265.0692 265.8470  428.839
1983 4.4689465E-09 4.9747730E-09 7.5579294E-09 1.0256052E-08 6.1268159E-09 6.9700010E-09 9.2377821E-09 1.1481051E-08 1.2025306E-08 1.2166325E-08 1.2480254E-08 1.1038001E-08 2.0114200E-08 1.7925435E-08 1.6961112E-08 1.5066739E-08  290.0685 289.0650 285.8064 281.7473 285.7503 283.4727 280.8188 278.8764 278.2473 275.6344 272.5827 272.4305 270.1810 267.2794 265.1458 266.6287  557.613
1984 3.2870813E-09 3.0786611E-09 5.2014766E-09 1.0278444E-08 4.5793498E-09 5.2594058E-09 8.4508631E-09 1.1640791E-08 1.0237740E-08 1.2016292E-08 1.3152098E-08 1.2415128E-08 1.7487823E-08 1.7825984E-08 1.7582316E-08 1.6646142E-08  289.9343 288.8158 285.2978 281.0696 285.3638 283.2192 280.1723 277.9571 277.6877 274.8150 271.8735 271.7093 269.4700 266.6479 264.8453 266.2113  729.645
1985 6.5748331E-09 6.6680634E-09 7.9893043E-09 1.1826896E-08 8.0703559E-09 8.5113152E-09 1.0376864E-08 1.1901443E-08 1.4989277E-08 1.5464773E-08 1.4710114E-08 1.2131259E-08 1.9867823E-08 1.9560316E-08 1.7867048E-08 1.6286100E-08  289.9113 288.3713 285.0945 281.1709 284.8167 282.7169 280.0928 278.2239 276.9050 274.3781 271.8366 271.8127 268.6096 266.1557 264.5631 266.0317  458.161
1986 8.9905852E-09 9.0901890E-09 1.0076795E-08 1.2861350E-08 1.0509777E-08 1.1289654E-08 1.2256166E-08 1.2228578E-08 1.5992756E-08 1.5845085E-08 1.4949855E-08 1.2668616E-08 2.0100662E-08 1.7719033E-08 1.6003161E-08 1.4895050E-08  289.9515 288.5847 285.1553 280.9789 285.3234 282.9619 280.1940 277.9483 277.8441 275.0485 271.9959 271.7977 269.7873 266.9092 264.9822 266.3171  386
1987 6.8278165E-09 6.6282819E-09 7.6185991E-09 1.1114245E-08 1.0755310E-08 1.0837458E-08 1.0581652E-08 1.0975225E-08 1.9015092E-08 1.7435678E-08 1.5248059E-08 1.1942675E-08 2.5678489E-08 2.2044707E-08 1.9620511E-08 1.6592317E-08  290.1720 288.1160 284.5815 280.3930 284.7379 282.2786 279.5143 277.4433 277.0893 274.2507 271.4531 271.3953 269.0602 266.4724 264.8459 266.0646  532.387
1988 8.7897689E-09 7.2710926E-09 8.3565261E-09 1.2267725E-08 1.4747586E-08 1.3378350E-08 1.3383631E-08 1.4165665E-08 2.2544386E-08 2.0925931E-08 1.7797003E-08 1.2796376E-08 2.5888513E-08 2.3156927E-08 2.0614163E-08 1.6912386E-08  289.7126 288.9669 285.9253 282.2798 285.1684 283.1896 281.0150 279.5797 277.8047 275.3314 272.9375 273.3925 270.0138 267.3303 265.5764 267.2103  1231.06
1989 7.2262702E-09 8.5419982E-09 1.0573341E-08 1.3362358E-08 7.8558200E-09 8.9596623E-09 1.2072214E-08 1.3551172E-08 1.3609072E-08 1.2695394E-08 1.3661311E-08 1.2882429E-08 2.0902968E-08 1.8136552E-08 1.6714894E-08 1.5784130E-08  289.9785 288.5448 285.2107 281.2383 285.2737 283.0216 280.3331 278.3095 277.7555 275.1929 272.2119 272.0314 269.5765 266.9233 265.0526 266.3138  276.839
1990 9.0342382E-09 9.0787502E-09 1.0574143E-08 1.6514068E-08 1.1977531E-08 1.1979524E-08 1.3385134E-08 1.6053548E-08 1.9388967E-08 1.8526539E-08 1.6679119E-08 1.4930368E-08 2.3094911E-08 2.0454991E-08 1.8293635E-08 1.7823917E-08  290.1114 287.9781 284.5420 280.5813 284.5648 282.2642 279.5435 277.4751 276.7196 273.9741 271.3471 271.3230 268.2466 265.6917 264.1607 265.6304  461.968
1991 8.2296117E-09 6.5402626E-09 6.7566117E-09 1.0057764E-08 1.1996829E-08 1.0913568E-08 1.1051472E-08 1.1931522E-08 1.8605155E-08 1.6664918E-08 1.5846684E-08 1.3623557E-08 2.4461064E-08 2.1396120E-08 1.9075657E-08 1.6294800E-08  290.0967 287.6543 284.1873 280.3038 284.2560 281.7823 279.1325 277.2415 276.6028 273.7503 270.9052 270.7608 268.5575 265.9604 264.0861 265.2483  297.774
1992 1.2659970E-08 1.5208316E-08 1.8322716E-08 2.0170887E-08 1.4366839E-08 1.6806295E-08 1.8235230E-08 1.7043750E-08 1.8644039E-08 1.9272601E-08 1.8577555E-08 1.4741892E-08 2.3267205E-08 2.0199600E-08 1.8560517E-08 1.7136225E-08  290.3017 287.8666 284.2368 280.0722 284.7148 282.1351 279.3869 277.1103 277.0358 274.1400 271.2831 271.0112 268.8138 265.8961 264.4398 265.4924  1427.35
1993 1.5603351E-08 1.7584231E-08 1.9773539E-08 2.2034866E-08 2.3225711E-08 2.2073962E-08 2.2636467E-08 2.0230031E-08 3.2015940E-08 2.5960377E-08 2.2100725E-08 1.6704718E-08 3.1733894E-08 2.4787230E-08 2.0670912E-08 1.7430439E-08  290.3363 287.6777 284.0601 280.0151 284.5969 282.1456 279.4458 277.4529 277.4812 274.8122 271.8127 271.6596 270.1302 267.7753 265.7930 266.5915  371.226
1994 6.8365127E-09 7.1846227E-09 9.8552135E-09 1.4104152E-08 9.3611403E-09 9.4537773E-09 1.1761839E-08 1.3915872E-08 1.5126394E-08 1.5531262E-08 1.5161989E-08 1.3395691E-08 2.0185741E-08 1.9382618E-08 1.8222641E-08 1.7011240E-08  289.9530 288.0973 284.7954 280.7695 284.6179 282.3470 279.8101 277.9873 277.1207 274.3037 271.5345 271.7063 269.1898 266.3986 264.5661 265.9836  266.29
1995 4.7112607E-09 5.6466014E-09 8.5749035E-09 1.3976787E-08 7.3070203E-09 7.0588309E-09 8.9939416E-09 1.1582807E-08 1.4855186E-08 1.3585623E-08 1.2704330E-08 1.1646805E-08 2.1216643E-08 1.8508160E-08 1.6372518E-08 1.4396944E-08  290.0924 288.6955 285.1550 280.9956 285.2878 283.0214 280.0985 277.9360 277.5792 274.8917 272.0518 271.8858 269.4797 266.9396 265.2206 266.3948  252.742
1996 5.6105902E-09 5.1772373E-09 6.7786203E-09 1.1222649E-08 7.9275830E-09 8.9547081E-09 1.0339678E-08 1.1068689E-08 1.4781572E-08 1.4518477E-08 1.4043059E-08 1.1854260E-08 2.2828335E-08 1.9617019E-08 1.7633733E-08 1.6018600E-08  290.0265 288.7641 285.3204 281.2022 285.1261 282.9575 280.2650 278.2829 277.2549 274.6362 271.9131 271.9865 269.0284 266.5678 264.9107 266.3172  271
1997 1.3373199E-08 1.2822325E-08 1.4816339E-08 1.7732834E-08 2.3510809E-08 2.1078316E-08 2.1012388E-08 1.9687150E-08 3.3700339E-08 2.7200818E-08 2.3607537E-08 1.8207468E-08 3.5306289E-08 2.8227259E-08 2.4620794E-08 2.1367340E-08  290.4483 287.9703 284.3352 280.3481 284.6647 282.1509 279.7284 277.9752 277.4081 274.8714 272.2455 272.2587 270.3212 267.7401 265.9670 266.8896  200.226
1998 5.5646012E-09 3.9106443E-09 3.9257988E-09 6.0263776E-09 7.4980244E-09 7.6420106E-09 7.6123170E-09 8.0008125E-09 1.4499080E-08 1.4509115E-08 1.2477025E-08 9.7096704E-09 2.0985857E-08 2.0916822E-08 1.8293273E-08 1.5548920E-08  289.9073 289.2558 286.4097 282.8871 285.5490 283.7062 281.3144 279.8307 278.0853 275.6022 273.0396 273.2357 269.8499 267.1979 265.5590 267.0299  254.355
1999 4.4912851E-09 4.1708943E-09 4.5772910E-09 5.9869842E-09 5.7277569E-09 6.4124945E-09 7.0202830E-09 7.6590467E-09 9.5216786E-09 1.0537423E-08 1.0844843E-08 1.0112053E-08 1.4427481E-08 1.4196260E-08 1.3826872E-08 1.4158971E-08  289.7103 288.8893 285.9442 282.4161 285.3235 283.2088 280.7727 279.1367 277.7350 275.0477 272.3767 272.3002 269.6137 266.8549 264.9801 266.2946  1159.81
2000 7.5251156E-09 7.7411544E-09 9.3724468E-09 1.2788578E-08 6.1642202E-09 8.0638767E-09 9.8869535E-09 1.0928151E-08 9.8660582E-09 1.2243800E-08 1.3142162E-08 1.1652538E-08 1.4668226E-08 1.6138449E-08 1.6562042E-08 1.6034301E-08  290.0101 288.5381 285.5293 281.7601 285.0803 282.9265 280.5740 278.7440 277.6004 275.0162 272.4725 272.3629 269.5401 266.7151 264.8608 266.3732  302.645
2001 3.7584060E-09 4.1145594E-09 5.7113496E-09 8.4883949E-09 3.5599299E-09 4.5736908E-09 7.0395383E-09 9.1573238E-09 7.4950375E-09 8.3417628E-09 9.5013055E-09 9.8964987E-09 1.3578274E-08 1.3670232E-08 1.3767150E-08 1.3510189E-08  289.9733 289.3544 285.9184 281.7517 286.0687 283.8523 280.9317 278.8587 278.7572 275.8711 272.8871 272.5364 270.6457 267.6106 265.4785 266.8394  346.516
2002 5.3541327E-09 7.6262543E-09 1.1220773E-08 1.4851170E-08 6.0920402E-09 8.0074463E-09 1.0934900E-08 1.2269172E-08 1.0700125E-08 1.2038772E-08 1.2417299E-08 1.1030475E-08 1.7106425E-08 1.6727700E-08 1.5875624E-08 1.4888082E-08  290.0423 288.3562 284.7381 280.5269 284.9940 282.5717 279.5896 277.4772 277.3438 274.3996 271.3467 271.2065 269.1071 266.2091 264.4157 265.6659  354.387
2003 7.8296942E-09 8.9147303E-09 1.0514435E-08 1.5106002E-08 9.1777625E-09 1.1018065E-08 1.2020789E-08 1.3922072E-08 1.6388416E-08 1.5973960E-08 1.4866701E-08 1.3561490E-08 2.2615847E-08 1.9689301E-08 1.7579735E-08 1.5994498E-08  289.6104 288.1309 285.1426 281.4714 284.8933 282.6889 280.2852 278.3965 277.3856 274.8169 272.2557 272.0215 269.0924 266.4219 264.7345 266.1678  301.452
2004 7.5129707E-09 8.1972757E-09 8.8018091E-09 1.2848301E-08 8.4088185E-09 1.0384861E-08 1.1898096E-08 1.2728921E-08 1.2388790E-08 1.5086725E-08 1.5124650E-08 1.2291498E-08 1.6578616E-08 1.6976440E-08 1.6632402E-08 1.5509391E-08  290.1487 288.4028 285.0327 281.0911 285.0402 282.7180 279.9763 278.0019 277.1945 274.3440 271.6305 271.5569 268.8672 265.9789 264.3640 265.8151  218.903
2005 8.9540135E-09 8.7436787E-09 1.1845738E-08 1.6081769E-08 1.2888973E-08 1.3096425E-08 1.4751652E-08 1.5176534E-08 2.2577737E-08 2.0314026E-08 1.8169468E-08 1.4498081E-08 3.0067103E-08 2.5375567E-08 2.1834131E-08 1.8580595E-08  290.2933 288.0298 284.7819 281.0763 284.6527 282.5102 280.0641 278.2955 277.3791 274.8533 272.1879 272.0520 269.7126 267.2590 265.2968 266.3031  423.355
2006 9.8552775E-09 8.1881275E-09 9.0024459E-09 1.4307420E-08 1.1948809E-08 1.1046006E-08 1.1421154E-08 1.3965250E-08 1.8280840E-08 1.6755548E-08 1.4989611E-08 1.3291036E-08 2.1811614E-08 1.9869409E-08 1.8290343E-08 1.6611496E-08  290.0089 288.6775 285.3451 281.4304 285.3485 283.2073 280.6450 278.5742 277.9616 275.5252 272.7634 272.4195 270.1320 267.5589 265.5208 266.5408  2414.45
2007 7.8951494E-09 7.0897723E-09 7.7966753E-09 1.0732576E-08 1.2275470E-08 1.0964118E-08 1.1398490E-08 1.2783193E-08 1.9831379E-08 1.8706064E-08 1.7521408E-08 1.3973914E-08 2.4993476E-08 2.2540210E-08 2.0596829E-08 1.9277833E-08  289.7605 288.6707 285.5621 281.8774 285.1775 283.0108 280.6201 278.9930 277.8456 275.2370 272.7247 272.8438 269.9407 267.2601 265.5503 266.9248  1074
2008 4.2564308E-09 4.7414175E-09 6.8603723E-09 8.0292955E-09 7.6306845E-09 8.1292768E-09 9.5688257E-09 9.7815862E-09 1.4604342E-08 1.4003724E-08 1.3278977E-08 1.1662602E-08 2.1780551E-08 1.9408416E-08 1.8164084E-08 1.6851589E-08  289.6637 289.1323 285.8955 282.0391 285.7161 283.5862 280.8993 278.9341 278.0458 275.4973 272.7307 272.6135 269.6032 267.0089 265.2413 266.7474  511.774
2009 6.5825230E-09 7.6125204E-09 1.0054913E-08 1.2392732E-08 1.1456231E-08 1.1774900E-08 1.3114010E-08 1.2267265E-08 1.9798808E-08 1.7088873E-08 1.5282088E-08 1.1154489E-08 2.7319839E-08 2.2394927E-08 1.9458707E-08 1.5401653E-08  290.2908 288.2155 284.4999 280.5624 285.1053 282.6079 279.8347 278.0142 277.6200 274.7512 271.7883 271.9486 269.7655 267.1728 265.3690 266.5153  119.226
2010 6.5463879E-09 6.8496604E-09 7.2567268E-09 9.5568851E-09 1.0698885E-08 9.0791907E-09 8.7353857E-09 9.6255564E-09 1.6040046E-08 1.4651476E-08 1.2128028E-08 9.3260697E-09 1.9429770E-08 1.8532356E-08 1.6846762E-08 1.4012951E-08  289.5634 289.3413 286.3351 282.5630 286.0344 284.1048 281.6540 279.9230 278.8951 276.4316 273.8420 273.7864 270.8906 268.0808 266.2133 267.5678  836.613
2011 5.5338711E-09 6.0452412E-09 8.4027763E-09 1.1238565E-08 9.5237214E-09 1.0759710E-08 1.2817521E-08 1.3296396E-08 1.8979977E-08 1.7525203E-08 1.5827089E-08 1.3002004E-08 2.6626896E-08 2.3417815E-08 2.0062945E-08 1.7208777E-08  289.7505 288.7590 285.4155 281.6382 285.2922 283.2341 280.7073 279.0879 278.1333 275.6750 273.0309 273.2016 270.7171 268.3078 266.5145 267.6835  361.355
2012 5.2352558E-09 6.5479546E-09 9.9989306E-09 1.4579575E-08 6.4771135E-09 9.2477697E-09 1.2771883E-08 1.4367127E-08 1.2801688E-08 1.5194635E-08 1.5932045E-08 1.3700119E-08 1.7822231E-08 1.8346050E-08 1.7565108E-08 1.6297115E-08  290.1117 288.4977 285.1776 281.2715 285.2873 282.9596 280.2651 278.2994 277.8447 275.1237 272.2569 272.1915 269.6974 267.1291 265.2664 266.5005  235.613
2013 4.0927035E-09 3.7234853E-09 5.1141069E-09 1.0549240E-08 7.2595645E-09 7.0832833E-09 8.6811296E-09 1.0698516E-08 1.5774660E-08 1.5052750E-08 1.4117663E-08 1.1587393E-08 2.2539444E-08 2.0958177E-08 1.8728249E-08 1.6350119E-08  289.9551 288.3758 285.0177 281.1700 285.0320 282.7914 279.9369 278.0624 277.6223 274.8260 271.8260 271.8460 269.7268 267.0793 265.1531 266.2541  489.355
2014 7.2014283E-09 7.5600495E-09 1.0145612E-08 1.4954619E-08 1.1089027E-08 1.0783650E-08 1.1696297E-08 1.2804144E-08 1.9337380E-08 1.7534594E-08 1.5664806E-08 1.2354485E-08 2.4855268E-08 2.1475261E-08 1.8926425E-08 1.6111505E-08  290.2261 288.3256 284.8197 280.8667 285.1680 282.8274 280.0279 278.1126 277.5876 274.8688 271.9986 271.9962 269.7670 266.8078 264.9241 266.3463  450.548
2015 1.4816377E-08 1.3609224E-08 1.5401397E-08 1.7866933E-08 2.6656812E-08 2.4869001E-08 2.4460624E-08 1.9669692E-08 4.0442902E-08 3.2050274E-08 2.6307257E-08 1.7682000E-08 4.3456620E-08 3.1968046E-08 2.5986800E-08 2.0687704E-08  290.6706 287.5148 283.8169 279.9290 284.3771 281.7633 279.2323 277.6307 277.2083 274.5501 271.8619 272.1515 270.2919 267.9486 266.3022 267.1088  384.032
