STN,prec_1,prec_2,prec_3,prec_4,prec_5,prec_6,prec_7,prec_8,prec_9,prec_10,prec_11,prec_12,prec_13,prec_14,prec_15,prec_16,st_1,st_2,st_3,st_4,st_5,st_6,st_7,st_8,st_9,st_10,st_11,st_12,st_13,st_14,st_15,st_16,03.0
LAT,29.30136,29.30136,29.30136,29.30136,32.09194,32.09194,32.09194,32.09194,34.88252,34.88252,34.88252,34.88252,37.67308,37.67308,37.67308,37.67308,29.30136,29.30136,29.30136,29.30136,32.09194,32.09194,32.09194,32.09194,34.88252,34.88252,34.88252,34.88252,37.67308,37.67308,37.67308,37.67308,33.6194949
LON,-115.3125,-112.5000,-109.6875,-106.8750,-115.3125,-112.5000,-109.6875,-106.8750,-115.3125,-112.5000,-109.6875,-106.8750,-115.3125,-112.5000,-109.6875,-106.8750,-115.3125,-112.5000,-109.6875,-106.8750,-115.3125,-112.5000,-109.6875,-106.8750,-115.3125,-112.5000,-109.6875,-106.8750,-115.3125,-112.5000,-109.6875,-106.8750,-110.9215037
1958 3.2234335E-09 3.0535090E-09 5.8330203E-09 1.2957429E-08 7.1070430E-09 9.0253760E-09 1.5059250E-08 2.1121215E-08 1.5586595E-08 2.2085702E-08 2.5728870E-08 2.9055384E-08 2.8790963E-08 2.8926717E-08 3.3619372E-08 3.5246774E-08  290.7393 295.7886 292.5657 289.1354 293.1845 292.2707 289.2246 287.5165 287.4129 285.2054 282.6700 282.5236 280.4732 278.9131 275.9150 277.0115  3137.42
1959 1.7096299E-09 1.2568117E-09 2.6452092E-09 8.2140454E-09 2.6556075E-09 3.2968592E-09 7.0284485E-09 1.1232906E-08 9.4614627E-09 1.1731801E-08 1.5584563E-08 1.7956852E-08 1.9648583E-08 2.1552115E-08 2.6032968E-08 2.5306456E-08  290.3089 296.8155 293.8556 290.3347 294.4182 293.6376 290.6413 288.8650 288.8004 286.6736 284.0272 283.9071 281.5923 279.4420 276.5245 277.8280  230.323
1960 1.4276693E-09 1.1168241E-09 2.1608195E-09 6.1571312E-09 1.4960571E-09 2.2719044E-09 4.6699293E-09 8.2658973E-09 5.7864380E-09 7.4786630E-09 9.2749755E-09 1.0418890E-08 1.3706275E-08 1.6156672E-08 1.9630260E-08 1.8421423E-08  289.8555 297.6623 295.0688 291.8089 295.2792 294.7667 292.0535 290.4265 289.9539 288.1248 285.7342 285.6267 282.6481 280.6285 277.9415 279.2656  2936.39
1961 1.7916705E-09 1.5203795E-09 3.0469136E-09 7.5873601E-09 2.3795148E-09 3.1580403E-09 4.9987157E-09 8.7463414E-09 5.4432192E-09 7.4662614E-09 1.0158792E-08 1.3037436E-08 1.4097296E-08 1.5799667E-08 1.8783217E-08 1.8323941E-08  289.8076 297.6410 295.2597 292.0362 295.4060 294.9940 292.4573 290.8937 290.3821 288.6165 286.2250 286.0638 283.2119 281.2887 278.7779 279.8679  338.935
1962 1.6704824E-09 1.5083402E-09 2.4284059E-09 5.6686056E-09 2.0641311E-09 3.0110299E-09 5.4784768E-09 7.6919733E-09 6.4191306E-09 8.9448049E-09 1.1510052E-08 1.3092608E-08 1.6522733E-08 1.8420783E-08 2.1690237E-08 2.0776826E-08  289.3427 296.8039 294.4014 291.5005 294.2399 293.8554 291.4229 290.1597 288.9309 287.1931 284.9711 285.2166 281.5888 279.8389 277.3636 278.8431  1722.9
1963 1.9872606E-09 1.3612953E-09 2.6288833E-09 7.7952924E-09 2.2010158E-09 3.0987797E-09 5.3868106E-09 9.3729131E-09 7.4396209E-09 1.0209290E-08 1.2023315E-08 1.3691592E-08 1.6669476E-08 1.9840243E-08 2.1494483E-08 1.9219621E-08  289.7180 296.6405 294.1122 291.0667 294.2760 293.7515 291.2679 289.9638 288.9171 287.0653 284.9231 285.1652 281.6042 279.5880 277.2673 278.9183  783.065
1964 2.3055511E-09 1.6716392E-09 2.8219940E-09 7.4582260E-09 2.5737972E-09 4.6367328E-09 6.9130359E-09 9.0913144E-09 8.7896659E-09 1.2781208E-08 1.4254169E-08 1.6749034E-08 1.8605487E-08 2.3666946E-08 2.6848054E-08 2.4537483E-08  289.8164 296.3170 293.4721 290.3844 294.0026 293.1712 290.4955 289.1167 288.6510 286.5883 284.1843 284.1089 281.4676 279.4048 276.8293 278.0947  220
1965 2.3063627E-09 2.1637792E-09 3.2589464E-09 8.4799954E-09 3.6651890E-09 4.9562074E-09 7.5502218E-09 1.1895172E-08 1.0293978E-08 1.3453409E-08 1.5955100E-08 1.8100344E-08 2.0460611E-08 2.3482706E-08 2.7836411E-08 2.5501462E-08  289.5312 296.1085 293.2014 290.0002 293.6990 292.9687 290.2404 288.7043 288.2786 286.2934 283.8888 283.8845 281.1921 279.1297 276.5339 277.8409  1684.74
1966 2.6204252E-09 2.5712057E-09 4.2547068E-09 1.0514754E-08 5.9149410E-09 7.2378894E-09 1.1242554E-08 1.5978600E-08 1.3547130E-08 1.7806846E-08 2.1622826E-08 2.4670422E-08 2.4633495E-08 2.7447287E-08 3.0974629E-08 3.0569630E-08  289.4472 296.1091 293.1435 289.6774 293.5073 292.7521 289.8326 288.1445 287.8858 285.6862 283.1244 283.1586 280.8350 278.9135 276.1959 277.6523  3216.16
1967 2.2285898E-09 1.6767469E-09 2.4669120E-09 7.1401880E-09 2.6519418E-09 2.9981189E-09 5.6666831E-09 9.9055271E-09 6.4232037E-09 8.9227816E-09 1.2243235E-08 1.5045245E-08 1.7622289E-08 1.9108262E-08 2.2200402E-08 2.0916428E-08  289.6535 296.5235 293.9996 290.9049 294.1915 293.7227 291.1615 289.6838 289.0093 287.1773 284.8540 284.8321 281.6579 279.6580 277.1796 278.6116  298.355
1968 2.8497487E-09 2.4742757E-09 4.0560098E-09 9.4147277E-09 3.2641831E-09 4.3429029E-09 7.0456019E-09 9.8503650E-09 1.0527082E-08 1.4531021E-08 1.5913088E-08 1.5151672E-08 2.3386788E-08 2.5559071E-08 2.7542191E-08 2.4294865E-08  290.0327 295.8454 293.0569 289.9573 293.3395 292.6233 289.9179 288.6342 287.7723 285.5892 283.2358 283.6119 280.5192 278.4955 275.6815 277.4286  2828.71
1969 3.2415490E-09 3.2709644E-09 4.5563402E-09 1.0439977E-08 5.2578946E-09 6.1694627E-09 1.0550873E-08 1.6641831E-08 1.3595051E-08 1.7635067E-08 2.3677277E-08 2.4905372E-08 2.6709120E-08 2.7290444E-08 3.0605609E-08 3.0264705E-08  289.4678 296.0688 293.2780 289.7908 293.4755 292.9498 290.1021 288.4076 287.9956 285.9363 283.4222 283.4597 281.1494 279.5382 276.7146 277.9241  1222.26
1970 2.8727931E-09 2.9581211E-09 4.7185300E-09 1.0782371E-08 5.1883839E-09 5.9685372E-09 9.7225019E-09 1.3607248E-08 1.1664915E-08 1.6213445E-08 1.9031745E-08 1.9494937E-08 2.3095563E-08 2.5497318E-08 2.8452924E-08 2.8747314E-08  289.8024 296.0718 293.1871 289.9255 293.6911 293.0257 290.3001 288.8338 288.5398 286.4536 284.1020 284.1371 281.8372 279.8230 277.1816 278.3011  605.226
1971 2.2926014E-09 1.8611409E-09 2.9267433E-09 6.6151733E-09 2.0216597E-09 2.7873781E-09 4.6746407E-09 7.1657329E-09 6.9001582E-09 8.7872873E-09 1.0472298E-08 1.1498783E-08 1.5742415E-08 1.7568276E-08 1.9684984E-08 1.7755246E-08  289.2747 296.6067 294.3821 291.7211 294.2691 293.8281 291.5835 290.5017 289.1380 287.4259 285.3853 285.7624 281.9798 280.0852 277.8534 279.5071  262.161
1972 3.5566494E-09 3.1573930E-09 5.0122422E-09 1.2057944E-08 4.6935082E-09 5.5040039E-09 9.9487716E-09 1.5898665E-08 1.0860830E-08 1.4059403E-08 1.8137458E-08 2.0224853E-08 2.2860704E-08 2.5814778E-08 2.8427888E-08 2.5924754E-08  289.1174 295.7013 293.0445 289.9480 293.5286 293.0057 290.2896 288.8134 288.4067 286.6343 284.3395 284.3428 281.6165 279.7950 277.3811 278.5723  493.903
1973 2.8682297E-09 2.5161604E-09 3.6210408E-09 9.6216377E-09 7.4298194E-09 8.1703586E-09 1.1161190E-08 1.5330668E-08 1.9124897E-08 2.3548935E-08 2.4107576E-08 2.4160537E-08 3.1097084E-08 3.0853514E-08 3.4089343E-08 3.1564461E-08  290.0814 295.3730 292.3361 289.1472 292.5898 291.7000 289.0052 287.5477 286.7367 284.6296 282.3730 282.5923 280.1666 278.4905 275.7070 277.1674  5511.61
1974 1.6373796E-09 9.0632113E-10 2.2335827E-09 5.7939071E-09 1.6005918E-09 1.9484587E-09 3.7751686E-09 5.5233467E-09 5.0169491E-09 5.9992500E-09 7.4605415E-09 8.3122256E-09 1.2466979E-08 1.4199978E-08 1.6863227E-08 1.4056610E-08  289.0222 297.2552 295.0494 292.1299 294.8315 294.5835 292.2320 290.9989 289.6639 288.0783 285.9483 286.2130 282.0036 280.1330 277.7010 279.5502  559.258
1975 2.2928408E-09 1.8357706E-09 2.9026395E-09 9.2156887E-09 2.4673485E-09 2.9479139E-09 5.5773404E-09 9.6875157E-09 5.8771379E-09 8.5770946E-09 1.1781258E-08 1.3487320E-08 1.2468103E-08 1.5784206E-08 1.9532347E-08 1.9635623E-08  289.0831 296.9425 294.3904 291.1378 294.8694 294.3811 291.8163 290.3340 289.8220 288.0149 285.7946 285.8152 282.6938 280.8398 278.4537 279.6154  2143.87
1976 2.7938469E-09 2.1582371E-09 3.4105310E-09 1.0198219E-08 2.8166309E-09 3.9790460E-09 7.1461028E-09 1.1619746E-08 8.4520195E-09 1.2343965E-08 1.5073169E-08 1.7028066E-08 1.7775706E-08 2.0321501E-08 2.4214437E-08 2.1678652E-08  289.5603 296.3524 293.9194 290.6721 294.0176 293.5323 290.9755 289.5159 288.7676 286.9367 284.6412 284.7390 281.4994 279.6340 277.2193 278.8339  574.387
1977 2.3970999E-09 3.1272918E-09 4.9911515E-09 1.1476303E-08 5.7324510E-09 7.2383721E-09 1.2208077E-08 1.7878794E-08 1.2428477E-08 1.9125181E-08 2.5034883E-08 2.5335716E-08 2.4858537E-08 2.6597581E-08 2.9868627E-08 2.9558525E-08  290.3467 296.1445 292.7823 289.0732 293.6505 292.6366 289.4930 287.6252 288.0310 285.5835 282.8492 282.7270 281.1472 279.0587 276.0150 277.2403  241.097
1978 2.0747981E-09 1.4892574E-09 2.8956733E-09 8.0276106E-09 2.6605493E-09 3.7698684E-09 6.2464069E-09 1.0487389E-08 7.5879472E-09 1.2061590E-08 1.4720171E-08 1.7882705E-08 1.8494694E-08 2.1470175E-08 2.5712058E-08 2.5646120E-08  290.3430 296.8146 293.7138 290.1537 294.4048 293.5383 290.6112 288.8296 288.8079 286.5160 283.9990 283.8421 281.4998 279.3210 276.5371 277.6832  10386.5
1979 2.5971836E-09 2.0387556E-09 3.7912637E-09 9.7824309E-09 3.2704244E-09 4.7327813E-09 8.0780600E-09 1.2613578E-08 9.4668824E-09 1.2957263E-08 1.6738714E-08 1.8779538E-08 2.2338771E-08 2.4946647E-08 2.7738947E-08 2.5069774E-08  289.3830 295.7961 293.1099 290.0342 293.4013 292.8851 290.2934 288.9164 288.4179 286.5725 284.2177 284.2535 281.6733 279.8559 277.4064 278.5874  5053.23
1980 3.7726120E-09 4.0328891E-09 5.9282703E-09 1.1525572E-08 7.1737607E-09 7.0767618E-09 1.0941045E-08 1.5777715E-08 1.5075253E-08 1.8239213E-08 2.1364743E-08 2.3630070E-08 2.6718730E-08 2.7318048E-08 3.1509341E-08 3.0025486E-08  290.4933 296.3710 293.3690 289.7469 293.8440 293.1219 290.1698 288.3409 288.2660 286.1259 283.6401 283.4865 281.4882 279.8358 277.0627 278.0611  2700.97
1981 3.1214717E-09 2.6448035E-09 3.1872804E-09 7.3800477E-09 4.8029674E-09 5.5355938E-09 7.0652186E-09 9.6007824E-09 1.1439248E-08 1.3743902E-08 1.4175057E-08 1.3566162E-08 2.2109367E-08 2.3420576E-08 2.4591234E-08 2.1804123E-08  290.3201 296.4431 293.7813 290.9104 293.8120 293.1592 290.6974 289.5915 288.2009 286.3722 284.2918 284.6024 280.9377 279.1188 276.7815 278.2619  763.032
1982 2.6441740E-09 2.0146840E-09 2.6855722E-09 8.1382421E-09 3.6277288E-09 3.9287769E-09 6.0044880E-09 1.1150736E-08 1.0095770E-08 1.2555484E-08 1.6600747E-08 1.9161892E-08 1.8965332E-08 2.2087431E-08 2.6403088E-08 2.4970978E-08  289.3209 296.5352 293.9447 290.6088 294.2756 293.7169 291.0440 289.2657 288.9691 286.9993 284.4917 284.3071 282.0116 280.0356 277.2939 278.4630  2641.61
1983 2.1951732E-09 1.8985309E-09 3.1428866E-09 8.8358076E-09 3.9444794E-09 5.2373172E-09 1.0285879E-08 1.6890930E-08 1.0253676E-08 1.5417784E-08 2.0121263E-08 2.3388539E-08 2.2845072E-08 2.4709404E-08 2.7899434E-08 2.8841997E-08  290.6027 296.1692 292.9882 289.5555 293.6628 292.7183 289.5710 287.7074 287.6768 285.2975 282.5872 282.3898 279.9187 277.7668 274.5156 276.3499  5229.35
1984 2.1555087E-09 1.5826390E-09 3.4722978E-09 9.4687245E-09 2.6702964E-09 4.0648072E-09 8.4325604E-09 1.2316788E-08 7.8711535E-09 1.2085152E-08 1.6887803E-08 2.0032417E-08 1.8193715E-08 2.2779741E-08 2.7269595E-08 2.6901201E-08  290.2562 297.0653 294.3066 290.9113 294.7507 294.1118 291.2946 289.7330 289.5654 287.4644 284.9406 284.8500 282.5596 280.4124 277.7774 278.9116  815.032
1985 1.8881685E-09 1.4908701E-09 2.7038338E-09 7.9417397E-09 1.6979949E-09 2.0396531E-09 4.1619725E-09 8.1933003E-09 4.9776099E-09 6.3625922E-09 8.6577137E-09 1.1347043E-08 1.2779576E-08 1.4925742E-08 1.7963780E-08 1.6182742E-08  289.5180 297.3103 295.1679 292.0489 295.0818 294.8784 292.5460 291.1523 290.3045 288.6710 286.5275 286.7247 283.3915 281.4538 279.2700 280.9680  5155.48
1986 2.1969024E-09 1.6800628E-09 3.3115310E-09 1.0131062E-08 3.1632215E-09 3.5047603E-09 6.9548083E-09 1.1780318E-08 9.2331103E-09 1.2373446E-08 1.4811666E-08 1.5604785E-08 2.2815801E-08 2.4183743E-08 2.6224901E-08 2.3757716E-08  290.1903 296.5680 293.7152 290.2482 294.0757 293.4602 290.6576 288.9604 288.6032 286.5465 284.1271 284.0837 281.4280 279.3691 276.8509 278.2051  2379.68
1987 2.2799616E-09 2.0017683E-09 3.6963264E-09 9.9976241E-09 4.7033453E-09 6.3886709E-09 1.3172900E-08 1.8933534E-08 1.4579538E-08 2.0241870E-08 2.5965702E-08 2.6914860E-08 2.8919496E-08 3.1633050E-08 3.3890256E-08 3.4330480E-08  289.9026 295.6705 292.6269 289.2444 293.0723 292.3186 289.2274 287.5238 287.4600 285.3366 282.6641 282.5948 280.7210 278.8535 276.0269 277.1378  2684.52
1988 3.1062770E-09 3.0078910E-09 3.9733354E-09 9.6684909E-09 5.2376081E-09 6.1720762E-09 9.4241503E-09 1.3291469E-08 1.1770152E-08 1.4009532E-08 1.6768492E-08 1.8958737E-08 2.1833531E-08 2.4240084E-08 2.6695357E-08 2.5364761E-08  289.6484 296.6231 294.1629 291.0106 294.1302 293.8070 291.3718 289.8970 289.2142 287.5658 285.3187 285.2246 282.7447 281.0787 278.6801 279.6231  1125.32
1989 1.9321205E-09 9.4071795E-10 1.4618731E-09 5.6478444E-09 1.6127343E-09 1.9253747E-09 3.4504566E-09 5.3206199E-09 6.5647439E-09 6.8470882E-09 7.8281417E-09 9.2524939E-09 1.3783908E-08 1.6182595E-08 1.7199826E-08 1.5177777E-08  289.0585 296.8181 294.9780 292.4803 294.4152 294.2699 292.2758 291.5199 289.5944 288.2247 286.5387 287.0108 282.4933 280.8614 279.1159 280.7214  1158.19
1990 2.5854445E-09 2.0185946E-09 3.3560719E-09 9.5605186E-09 3.8882497E-09 4.7565112E-09 8.0254088E-09 1.3393813E-08 8.1621039E-09 1.2011833E-08 1.6478722E-08 2.0530846E-08 2.0024794E-08 2.3589491E-08 2.7935148E-08 2.6361413E-08  289.7516 296.5041 293.6369 290.1404 294.1389 293.4899 290.6395 288.9076 289.0681 287.0311 284.4243 284.1856 282.3948 280.3055 277.5297 278.5350  426.645
1991 2.6246003E-09 2.3045597E-09 4.7269788E-09 1.2567678E-08 3.5229633E-09 4.3407238E-09 9.1164525E-09 1.5343392E-08 8.9226901E-09 1.2421743E-08 1.8640684E-08 2.2689553E-08 1.9383997E-08 2.1261943E-08 2.5926404E-08 2.4997208E-08  290.2232 297.0266 294.0591 290.3461 294.6660 294.1239 291.0574 289.1833 289.4148 287.3415 284.5906 284.3723 282.7068 280.8030 278.0163 279.0543  6408.39
1992 1.9667283E-09 2.2154940E-09 5.6923533E-09 1.4285107E-08 3.7519841E-09 5.4947193E-09 1.2560329E-08 2.0533314E-08 1.1371522E-08 1.7004270E-08 2.3365899E-08 2.6550110E-08 2.4969694E-08 2.7793284E-08 3.1925357E-08 3.0861759E-08  290.5906 296.2867 292.8042 288.9987 293.7866 292.8173 289.4364 287.4441 288.2016 285.9171 283.0251 282.7384 281.3361 279.5359 276.5212 277.5919  2741.61
1993 3.1732248E-09 1.8751123E-09 3.1017833E-09 9.6894901E-09 4.0286197E-09 4.8875095E-09 9.4717540E-09 1.4875246E-08 1.1435827E-08 1.6433273E-08 2.0407661E-08 2.1159794E-08 2.2773364E-08 2.4696112E-08 2.7549600E-08 2.6803830E-08  290.4946 296.7110 293.6187 289.9522 294.1177 293.3775 290.2461 288.3110 288.4464 286.2079 283.4960 283.3946 281.5159 279.4706 276.5350 277.5710  5152.9
1994 2.5977946E-09 2.2639195E-09 3.1113507E-09 8.0287563E-09 3.2696659E-09 4.5845279E-09 7.2303852E-09 1.0224456E-08 1.0795709E-08 1.3847952E-08 1.6248789E-08 1.6479166E-08 2.1628708E-08 2.3014032E-08 2.5580837E-08 2.2963222E-08  289.9303 296.4580 293.6163 290.4394 294.0001 293.3404 290.5757 289.1465 288.4678 286.4893 284.1445 284.3882 281.4332 279.5255 277.1106 278.5566  1420.1
1995 2.3686013E-09 2.1884390E-09 3.1692269E-09 9.7711972E-09 4.6601518E-09 5.1689724E-09 8.1269436E-09 1.4440735E-08 1.1654176E-08 1.4432761E-08 1.8619190E-08 1.9216090E-08 2.4355341E-08 2.8346012E-08 3.0389060E-08 2.7898889E-08  290.2251 296.3597 293.4000 289.9329 293.8073 293.1316 290.1850 288.4793 288.3129 286.1871 283.5747 283.5413 281.4658 279.4771 276.8739 277.8786  5089.35
1996 2.8861180E-09 1.7235512E-09 2.4692717E-09 6.8984090E-09 3.0145388E-09 3.6717627E-09 5.6110139E-09 7.9838927E-09 6.6488508E-09 9.3747587E-09 1.2209016E-08 1.3894991E-08 1.6403240E-08 1.9389992E-08 2.2313660E-08 2.1174253E-08  290.3327 297.0720 294.6103 291.6090 294.4486 294.0228 291.5593 290.2249 289.3466 287.4052 285.1492 285.1997 282.4266 280.3296 277.8559 279.0468  222.323
1997 2.7816169E-09 2.8350569E-09 3.9260470E-09 8.6030516E-09 3.9124264E-09 4.8046842E-09 7.4383806E-09 1.0552086E-08 9.1708436E-09 1.2918616E-08 1.6032311E-08 1.7504096E-08 2.1451187E-08 2.3919679E-08 2.7534343E-08 2.6364662E-08  289.8325 296.4680 293.7456 290.6175 294.2322 293.5835 290.7947 289.3103 289.0038 286.8814 284.3936 284.3987 281.9408 279.7528 277.2013 278.3259  2115.81
1998 1.8526892E-09 1.5083423E-09 2.3480922E-09 7.0975523E-09 3.8022616E-09 4.9097086E-09 9.1598471E-09 1.3208534E-08 1.1887270E-08 1.5649823E-08 1.8683819E-08 2.0795042E-08 2.6035368E-08 2.7558327E-08 2.9479121E-08 2.8903138E-08  290.8706 296.1537 292.9908 289.7670 293.5283 292.5889 289.5511 288.1214 287.5636 285.2495 282.7043 282.9617 279.8430 277.7142 274.6940 276.8409  2901.61
1999 1.6325609E-09 9.2065716E-10 1.8340304E-09 6.6452834E-09 1.6840916E-09 2.4294828E-09 4.5185420E-09 7.4372082E-09 4.5942961E-09 7.2099144E-09 8.8520000E-09 1.0070956E-08 1.1682795E-08 1.4873245E-08 1.8673781E-08 1.7677989E-08  289.4122 297.3214 295.4792 292.8289 294.9949 294.9000 292.8161 291.8776 290.3311 288.8699 287.1147 287.4928 283.3416 281.7537 279.8955 281.2816  192.226
2000 2.1213618E-09 1.0099651E-09 2.0248596E-09 7.8050864E-09 1.4592325E-09 1.7511823E-09 3.7021559E-09 7.4763467E-09 3.5572776E-09 5.7064371E-09 8.9744399E-09 1.1501072E-08 1.0840450E-08 1.3672754E-08 1.7572935E-08 1.6969889E-08  289.7259 298.1194 296.1197 292.9013 295.8561 295.9240 293.6762 292.2606 291.5822 290.0449 287.8239 287.6885 284.8083 282.8695 280.5615 281.4608  226
2001 3.1235619E-09 2.6372196E-09 3.7568899E-09 1.0569558E-08 4.4331343E-09 4.6846100E-09 7.1920838E-09 1.2233373E-08 9.4199111E-09 1.2605704E-08 1.6900115E-08 1.7387798E-08 2.0159224E-08 2.2621151E-08 2.5470722E-08 2.2452900E-08  289.6023 296.4534 294.0721 291.0662 293.9125 293.6794 291.3432 290.0306 289.0428 287.3011 285.1549 285.3714 282.6028 280.6333 278.4085 279.7612  1256
2002 2.6098743E-09 3.3128669E-09 5.1862266E-09 1.4042643E-08 4.2038923E-09 5.6818790E-09 1.2038922E-08 1.7617820E-08 8.2955687E-09 1.2931756E-08 1.8082448E-08 1.9535074E-08 1.5173589E-08 1.8931718E-08 2.3371344E-08 2.3357380E-08  289.5649 297.0989 294.2331 290.3439 294.9506 294.3561 291.2350 289.3285 290.1733 288.0793 285.2306 284.8421 283.8785 281.6328 278.8415 279.6046  178.742
2003 2.0026372E-09 2.1357367E-09 5.1379168E-09 1.2518015E-08 2.7985974E-09 4.4655186E-09 1.0024782E-08 1.7723151E-08 9.0191650E-09 1.3751678E-08 2.0726951E-08 2.5182478E-08 2.1152958E-08 2.4110003E-08 2.9252440E-08 2.7959521E-08  290.5398 297.1689 294.1324 290.3329 294.7413 294.1273 291.0905 289.0967 289.5762 287.3893 284.5718 284.3877 282.9220 281.0075 278.0145 279.0765  2632.26
2004 2.4298890E-09 2.1212334E-09 2.6505456E-09 7.5083468E-09 2.0808553E-09 3.1739840E-09 5.6260472E-09 9.4490336E-09 7.3942621E-09 1.0306252E-08 1.2481431E-08 1.4251627E-08 1.8070834E-08 2.0190786E-08 2.3469216E-08 2.1390070E-08  289.9441 297.0699 294.4910 291.3748 294.6002 294.2338 291.5896 290.1870 289.5628 287.6298 285.3041 285.4007 282.7773 280.7412 278.2297 279.3077  1382.03
2005 3.0615819E-09 3.0300602E-09 4.8337778E-09 1.1368893E-08 3.8571160E-09 5.1383235E-09 8.9071355E-09 1.4682103E-08 7.8890476E-09 1.3106191E-08 1.7658540E-08 2.0862258E-08 2.0054744E-08 2.3237760E-08 2.7620468E-08 2.7100693E-08  290.3853 297.2292 294.3734 290.6616 294.8484 294.3176 291.2524 289.2973 289.7536 287.4897 284.6186 284.3075 283.0568 280.9326 277.9906 278.7366  2128.06
2006 1.8366132E-09 1.1576257E-09 1.9088460E-09 5.2598650E-09 2.4210687E-09 2.4194948E-09 3.9292063E-09 6.4361223E-09 6.9790227E-09 7.9193168E-09 8.2763298E-09 9.9277715E-09 1.5930620E-08 1.7778156E-08 1.9700282E-08 1.7764650E-08  289.5365 296.5337 294.0610 291.2923 294.0841 293.7153 291.2626 290.2231 288.8364 287.1572 285.1011 285.5141 281.5833 279.7295 277.4963 279.2455  201.581
2007 3.2245899E-09 3.9424375E-09 5.6380696E-09 1.2602989E-08 5.6267013E-09 6.9467614E-09 1.0871235E-08 1.3522564E-08 1.0615950E-08 1.4003491E-08 1.8179440E-08 1.9905332E-08 2.2653726E-08 2.6098414E-08 2.8664292E-08 2.7533597E-08  289.9603 296.5849 293.7462 290.3126 294.3301 293.7027 290.8289 289.2282 289.3792 287.4151 284.8216 284.5461 283.0462 281.0611 278.4878 279.1754  874.581
2008 1.6984280E-09 6.8863515E-10 9.7230424E-10 4.6413220E-09 7.8868556E-10 1.3884222E-09 2.6446600E-09 5.2062572E-09 2.7944247E-09 4.8287059E-09 6.9835830E-09 8.6297787E-09 9.3977794E-09 1.1449511E-08 1.5037415E-08 1.5592320E-08  289.0920 298.0627 296.1077 293.1866 295.8310 295.6145 293.3161 291.9016 290.9869 289.3629 287.3337 287.1662 283.7241 281.7742 279.7376 280.7032  2569.35
2009 2.4889517E-09 1.7063869E-09 2.5158120E-09 7.7662712E-09 2.9892682E-09 2.4656268E-09 5.8148979E-09 1.0604785E-08 7.4878699E-09 9.3230907E-09 1.1648581E-08 1.3208508E-08 1.7975818E-08 1.9556820E-08 2.0953795E-08 2.0048821E-08  289.8978 297.0189 294.8886 291.8418 294.4351 294.3504 292.0384 290.6925 289.6223 288.0657 286.0413 286.2372 282.7546 281.1124 278.9609 280.3510  1608.06
2010 2.4719196E-09 2.2156543E-09 3.4092460E-09 9.3687094E-09 3.7164001E-09 3.7687755E-09 6.9299890E-09 1.1984379E-08 9.7044524E-09 1.2158665E-08 1.6079516E-08 1.7951544E-08 2.1806269E-08 2.3999251E-08 2.7597379E-08 2.5883278E-08  0.0000000E+00 0.0000000E+00 0.0000000E+00 0.0000000E+00 0.0000000E+00 0.0000000E+00 0.0000000E+00 0.0000000E+00 0.0000000E+00 0.0000000E+00 0.0000000E+00 0.0000000E+00 0.0000000E+00 0.0000000E+00 0.0000000E+00 0.0000000E+00  2528.06
2011 1.7161411E-09 9.3899699E-10 1.2754511E-09 3.8570729E-09 1.5175945E-09 1.5166971E-09 2.4759119E-09 5.0200843E-09 4.9214433E-09 6.4452164E-09 7.4089561E-09 8.5759266E-09 1.3389037E-08 1.5973244E-08 1.8846565E-08 1.7292935E-08  289.0177 297.0888 294.8203 292.1724 294.7148 294.3289 291.9606 290.7905 289.3179 287.5731 285.7025 285.9911 281.3547 279.5780 277.5052 279.2224  376.516
2012 1.9709767E-09 1.1487725E-09 2.3171365E-09 6.0185532E-09 2.0209956E-09 2.0276383E-09 4.1492547E-09 7.0391715E-09 5.9371614E-09 6.9750397E-09 8.6535827E-09 1.1612569E-08 1.4263538E-08 1.7541915E-08 2.1191111E-08 1.9587704E-08  289.7441 297.0322 294.7986 292.1581 294.6429 294.3284 292.1019 291.0163 289.6562 288.0047 286.1339 286.2575 282.6927 280.8362 278.7579 280.0304  645.032
2013 2.7279916E-09 2.9521350E-09 4.5225734E-09 1.0269922E-08 3.2933998E-09 4.0421195E-09 6.8971286E-09 1.0968581E-08 6.2044885E-09 9.4073833E-09 1.2858362E-08 1.5669958E-08 1.6745739E-08 2.0669116E-08 2.4764555E-08 2.2140508E-08  289.3625 296.3615 293.9092 290.6685 294.1884 293.7655 291.1323 289.6176 289.3374 287.4603 285.0494 284.9510 282.5993 280.5085 278.0009 279.1409  1288.39
2014 2.5085343E-09 1.9033095E-09 2.8338489E-09 8.8046619E-09 2.7281915E-09 2.9089535E-09 5.5930505E-09 1.0727666E-08 8.4773655E-09 1.0904220E-08 1.4489911E-08 1.6758650E-08 2.1201124E-08 2.3784647E-08 2.6492307E-08 2.3615588E-08  290.2487 297.0160 294.4365 291.0583 294.6507 294.2493 291.4836 289.8440 289.5357 287.5765 285.0960 285.1103 282.7581 280.8482 278.2612 279.3524  394.71
2015 3.9224477E-09 5.0894275E-09 7.3885063E-09 1.5390505E-08 6.4854264E-09 6.7877211E-09 1.1491114E-08 1.8234655E-08 1.3431261E-08 1.8576481E-08 2.2825484E-08 2.3599782E-08 2.5399201E-08 2.9093449E-08 3.1940825E-08 2.9237679E-08  291.0465 297.5548 294.2502 290.1581 294.9531 294.2622 291.0291 288.9451 289.5250 287.1738 284.5109 284.3716 283.0851 281.0410 278.3007 279.1645  587.355
