STN,prec_1,prec_2,prec_3,prec_4,prec_5,prec_6,prec_7,prec_8,prec_9,prec_10,prec_11,prec_12,prec_13,prec_14,prec_15,prec_16,st_1,st_2,st_3,st_4,st_5,st_6,st_7,st_8,st_9,st_10,st_11,st_12,st_13,st_14,st_15,st_16,03.0
LAT,29.30136,29.30136,29.30136,29.30136,32.09194,32.09194,32.09194,32.09194,34.88252,34.88252,34.88252,34.88252,37.67308,37.67308,37.67308,37.67308,29.30136,29.30136,29.30136,29.30136,32.09194,32.09194,32.09194,32.09194,34.88252,34.88252,34.88252,34.88252,37.67308,37.67308,37.67308,37.67308,33.6194949
LON,-115.3125,-112.5000,-109.6875,-106.8750,-115.3125,-112.5000,-109.6875,-106.8750,-115.3125,-112.5000,-109.6875,-106.8750,-115.3125,-112.5000,-109.6875,-106.8750,-115.3125,-112.5000,-109.6875,-106.8750,-115.3125,-112.5000,-109.6875,-106.8750,-115.3125,-112.5000,-109.6875,-106.8750,-115.3125,-112.5000,-109.6875,-106.8750,-110.9215037
1958 1.3934314E-09 4.1792041E-09 3.0349785E-08 3.8340684E-08 1.2228610E-09 5.1366347E-09 1.8634454E-08 2.3897027E-08 3.1054439E-09 8.4322513E-09 1.7680543E-08 2.3168528E-08 4.7480100E-09 9.0986711E-09 1.5228347E-08 1.5760191E-08  295.0209 305.5269 301.0250 296.2169 303.2267 303.7410 300.2181 297.6197 299.6840 298.6729 295.6964 294.8128 295.4051 293.5026 291.0037 290.9746  3137.42
1959 1.0739831E-09 3.3948209E-09 2.5437222E-08 3.4112002E-08 2.0483202E-09 5.5480855E-09 1.6684822E-08 2.0513562E-08 2.4156883E-09 7.0233805E-09 1.5823444E-08 2.1340560E-08 3.2935066E-09 8.2697467E-09 1.4792780E-08 1.4915338E-08  294.8995 306.0948 301.4017 296.2917 303.8519 304.3607 300.5861 297.7841 300.1029 299.0301 295.9615 295.0335 295.7130 293.7530 291.0720 291.1727  230.323
1960 1.3616688E-09 7.0511090E-09 3.1682319E-08 3.4578978E-08 2.2115083E-09 7.6880085E-09 2.0437007E-08 2.2699263E-08 2.8993892E-09 8.5773246E-09 1.6518346E-08 2.1882103E-08 4.7556532E-09 9.5089918E-09 1.6179058E-08 1.5569407E-08  295.0350 305.7406 300.8442 295.9776 304.0841 304.2037 300.2203 297.5606 300.4944 299.2539 296.0868 295.0340 295.9065 293.9834 291.4030 291.3853  2936.39
1961 1.1244090E-09 6.4963945E-09 2.9432391E-08 3.1439523E-08 3.1490113E-09 7.9624556E-09 1.9786523E-08 2.1265327E-08 4.2288697E-09 1.1341894E-08 2.0479373E-08 2.3911948E-08 6.3022281E-09 1.1924551E-08 1.9165418E-08 1.8592187E-08  295.0222 305.9298 301.2763 296.5953 303.9917 304.3778 300.5801 298.0190 300.1120 298.9410 295.8435 294.8626 295.4904 293.5416 290.8454 290.9940  338.935
1962 9.0575358E-10 5.1367306E-09 3.7532608E-08 3.5734057E-08 2.5040567E-09 7.0481336E-09 2.5691685E-08 2.5668211E-08 2.7009097E-09 9.7548982E-09 2.3318114E-08 2.9290630E-08 5.4519078E-09 1.1423076E-08 1.9784578E-08 2.1122567E-08  294.8240 305.9556 300.8716 296.2660 304.3396 304.4140 300.0745 297.5815 300.4295 299.1059 295.5179 294.4802 295.6587 293.5775 290.8115 290.9415  1722.9
1963 8.5052099E-10 8.9360430E-09 3.8361296E-08 4.1430255E-08 3.0145026E-09 1.2178679E-08 2.5566992E-08 2.7200779E-08 4.4283235E-09 1.3928206E-08 2.5618764E-08 2.9035233E-08 6.7718982E-09 1.3908910E-08 2.2142856E-08 2.1076382E-08  294.9492 305.5771 300.2569 295.3658 304.4274 303.7953 299.7148 296.9900 300.4964 298.6747 295.0233 294.0531 296.0312 293.5253 290.3690 290.6125  783.065
1964 7.4846002E-10 5.8678546E-09 3.0441129E-08 3.5348943E-08 1.9599971E-09 6.6936723E-09 2.0024968E-08 2.3556501E-08 3.4127992E-09 8.5163032E-09 1.7896062E-08 2.2742864E-08 4.4322834E-09 9.2677928E-09 1.6443618E-08 1.7498218E-08  295.0750 305.6713 301.0105 296.2259 303.7696 304.0334 300.3137 297.8020 299.9814 298.9270 295.8135 294.8982 295.5175 293.6139 290.9934 290.9550  220
1965 8.5767171E-10 3.9017962E-09 2.5719354E-08 3.9636134E-08 1.0001230E-09 5.0111191E-09 2.0059330E-08 2.5690321E-08 1.8262994E-09 7.2444726E-09 1.7013171E-08 2.3674893E-08 4.7702491E-09 9.7551887E-09 1.6374617E-08 1.6620699E-08  295.1573 305.8145 301.2057 296.0044 303.6773 304.0364 300.1541 297.4477 299.9567 298.8043 295.6526 294.5888 295.2708 293.2577 290.6772 290.6892  1684.74
1966 1.0384823E-09 6.8311330E-09 4.0403172E-08 3.6084167E-08 2.5436067E-09 7.6344282E-09 2.6342963E-08 2.5178586E-08 3.1994805E-09 1.0405220E-08 2.2163931E-08 2.8022715E-08 5.9075029E-09 1.2143894E-08 1.9410146E-08 1.9070551E-08  294.7428 305.6404 300.1627 295.6151 304.1180 303.8828 299.4709 296.9465 300.2038 298.7191 295.1444 294.0382 295.6147 293.4272 290.5219 290.5556  3216.16
1967 8.4243507E-10 3.5231507E-09 3.4037715E-08 3.9253074E-08 1.5742447E-09 5.4457687E-09 2.2007784E-08 2.0995195E-08 2.7732092E-09 8.3074267E-09 1.9259428E-08 2.2885148E-08 4.4637152E-09 9.8944488E-09 1.5709235E-08 1.6362698E-08  294.8778 305.7346 300.7344 295.7724 303.8396 304.2148 300.1140 297.7790 300.1694 299.0882 295.8972 295.0493 295.6062 293.7495 291.2057 291.2548  298.355
1968 8.3797741E-10 4.6847122E-09 3.0149970E-08 3.7380445E-08 1.7734283E-09 6.8942656E-09 2.2708758E-08 2.3534216E-08 2.9301503E-09 1.0900921E-08 2.1341513E-08 2.4830985E-08 5.3138836E-09 1.1247863E-08 1.8676833E-08 1.8577381E-08  294.8927 305.5796 300.6718 295.5897 303.6533 303.7811 299.7021 297.2107 299.8697 298.4398 295.2761 294.3604 295.2683 293.0612 290.3240 290.4478  2828.71
1969 9.3397490E-10 3.3011252E-09 3.1473846E-08 3.8354717E-08 1.5129322E-09 5.6818692E-09 2.0508157E-08 2.6220581E-08 2.1364535E-09 8.6259453E-09 2.0480892E-08 2.7245040E-08 5.0087312E-09 1.0570225E-08 1.7382618E-08 1.8446746E-08  294.9046 306.2592 300.9630 295.9931 304.4009 304.5571 300.2607 297.3283 300.6041 299.3202 295.6735 294.4159 296.0853 293.9424 291.0963 290.8877  1222.26
1970 1.2667243E-09 6.4345076E-09 3.5294782E-08 4.2180645E-08 2.8762193E-09 8.7792662E-09 2.2135454E-08 2.3907079E-08 3.2936707E-09 9.6117896E-09 2.1578813E-08 2.5585832E-08 5.8117875E-09 1.1221053E-08 1.8757664E-08 1.9918252E-08  294.9823 305.2809 300.4626 295.4831 303.4605 303.6846 299.9254 297.3617 299.7485 298.5445 295.3910 294.5569 295.2709 293.2507 290.5494 290.7266  605.226
1971 8.0808288E-10 5.3380762E-09 2.8756915E-08 3.5246476E-08 2.0243964E-09 6.2926975E-09 1.9293639E-08 2.3245367E-08 2.2446338E-09 8.2303870E-09 1.8514809E-08 2.4845324E-08 5.3834430E-09 1.0139313E-08 1.7016509E-08 1.8863968E-08  294.8564 305.7907 301.1906 296.2271 303.7575 304.1583 300.2033 297.6828 299.9887 298.9348 295.8146 294.8818 295.2614 293.5149 290.9135 290.9991  262.161
1972 1.0279976E-09 4.4346571E-09 2.9816661E-08 3.2882507E-08 1.6978229E-09 7.9664675E-09 2.2524567E-08 2.1504899E-08 3.2646992E-09 1.1824255E-08 2.1385279E-08 2.5452334E-08 6.9387340E-09 1.2373196E-08 1.7337790E-08 1.8678259E-08  294.9232 305.6121 301.0200 296.2459 303.8928 303.7641 299.8486 297.4762 300.0252 298.5551 295.3305 294.3214 295.1994 293.1007 290.5065 290.4046  493.903
1973 7.8103690E-10 4.9724806E-09 3.5700431E-08 4.3030081E-08 2.2906221E-09 6.7901094E-09 2.4047633E-08 2.7714629E-08 2.8578815E-09 9.5712167E-09 1.9306887E-08 2.6624869E-08 5.1202087E-09 1.0685264E-08 1.6927418E-08 1.6784037E-08  294.8412 305.6479 300.5736 295.3311 303.7183 304.0412 299.8368 296.8083 300.0587 298.8653 295.5336 294.3045 295.5432 293.5705 290.9932 291.0027  5511.61
1974 7.9634438E-10 3.8984247E-09 2.7268152E-08 4.1449077E-08 1.0188618E-09 5.6081118E-09 1.8565476E-08 2.3837631E-08 2.6060305E-09 8.2641582E-09 1.6521511E-08 2.3437197E-08 5.0323061E-09 9.8703250E-09 1.5839630E-08 1.6381492E-08  294.6005 305.4808 300.7469 295.1909 303.2651 303.5829 299.6553 296.6587 299.5723 298.3585 295.2646 294.0650 295.1063 293.0699 290.4136 290.2528  559.258
1975 4.8972049E-10 4.8422759E-09 3.6126455E-08 3.9508564E-08 9.1973384E-10 6.8908497E-09 2.3661112E-08 2.6875588E-08 1.8636805E-09 9.8090300E-09 2.0730775E-08 2.5325628E-08 4.6041650E-09 1.0348781E-08 1.8095736E-08 1.7232663E-08  294.8103 305.8560 300.8044 295.9543 304.4265 304.2285 299.9922 297.4055 300.5348 299.0500 295.7027 294.7419 295.6010 293.5641 290.8080 290.9285  2143.87
1976 1.1842110E-09 5.9310761E-09 3.3761008E-08 3.6775916E-08 2.2284006E-09 6.8169679E-09 2.2339051E-08 2.4000160E-08 2.8441274E-09 9.7731476E-09 1.8732690E-08 2.2571129E-08 4.4598960E-09 1.0142094E-08 1.6117280E-08 1.6311276E-08  294.8512 305.7329 300.6244 295.5898 304.0657 304.0582 299.8277 297.0235 300.2610 298.8670 295.5284 294.3286 295.5835 293.4534 290.7413 290.5968  574.387
1977 1.5033882E-09 3.8305652E-09 2.9849151E-08 4.1247727E-08 3.0994958E-09 5.9831882E-09 2.5071351E-08 2.8043322E-08 3.5959353E-09 8.5569072E-09 2.1465690E-08 2.7339183E-08 4.9841455E-09 9.8596864E-09 1.7042606E-08 1.9130777E-08  295.0324 305.6778 300.7613 295.4745 303.3114 303.6925 299.5087 296.8180 299.7154 298.5207 295.0309 293.9765 295.3551 293.4070 290.7440 290.5555  241.097
1978 1.2825792E-09 4.8096567E-09 2.6476629E-08 3.6562614E-08 1.2548548E-09 5.1122560E-09 1.9964459E-08 2.4900400E-08 2.0697530E-09 6.9579302E-09 1.6521341E-08 2.2985386E-08 4.6781312E-09 9.8862296E-09 1.5875232E-08 1.6838523E-08  295.0694 305.5809 300.9923 295.6212 303.6952 304.0258 300.1635 297.2294 300.2303 298.9738 295.8652 294.6414 295.5603 293.5074 290.9408 290.8729  10386.5
1979 1.4521347E-09 2.6283686E-09 2.5632385E-08 3.7016552E-08 1.2866264E-09 4.4884318E-09 1.8689708E-08 2.5374971E-08 2.1529394E-09 8.0453715E-09 1.7916667E-08 2.5716496E-08 5.2347557E-09 1.0108363E-08 1.6988452E-08 1.6484403E-08  295.0267 305.9373 301.1636 296.0655 303.9826 304.3808 300.2601 297.4934 300.3574 299.0906 295.8078 294.5874 295.6696 293.6329 290.9275 290.9549  5053.23
1980 7.7481077E-10 4.4903734E-09 2.3209980E-08 3.4384311E-08 1.1463733E-09 5.7141865E-09 1.6854919E-08 2.1744992E-08 2.6131319E-09 8.5351024E-09 1.5129748E-08 2.0668288E-08 3.8274215E-09 8.3571212E-09 1.3291421E-08 1.3297796E-08  295.1176 306.0795 301.6597 296.3474 303.8945 304.4175 300.7975 297.9933 300.0494 299.1401 296.4125 295.3878 295.4803 293.7708 291.4778 291.4453  2700.97
1981 9.0890068E-10 4.2430330E-09 3.4169997E-08 4.1462247E-08 9.5578478E-10 6.1654601E-09 2.2583512E-08 2.7315560E-08 2.4097255E-09 7.9478797E-09 1.7471534E-08 2.5459730E-08 4.6857669E-09 9.6195212E-09 1.5963687E-08 1.7632299E-08  295.0145 305.2964 300.5176 295.6486 303.3715 303.7131 299.7942 297.0900 299.6567 298.6656 295.6287 294.4918 295.1490 293.3370 290.7951 290.7929  763.032
1982 5.9892008E-10 2.8011835E-09 2.9735121E-08 3.2331751E-08 8.5117408E-10 4.9934519E-09 2.1200044E-08 2.2545791E-08 1.6477939E-09 7.4429347E-09 1.8189089E-08 2.4083244E-08 3.6096803E-09 8.2342027E-09 1.5474550E-08 1.6090706E-08  294.8709 306.1795 301.2246 296.2010 304.3765 304.5938 300.3677 297.7126 300.5456 299.4031 296.1052 294.9838 295.9481 294.1508 291.5247 291.4798  2641.61
1983 8.4201335E-10 3.4991261E-09 2.6231703E-08 3.9889461E-08 7.0878292E-10 4.6746829E-09 1.7663989E-08 2.3899020E-08 1.9459334E-09 8.0237088E-09 1.5895596E-08 2.3135026E-08 5.0543352E-09 9.8777315E-09 1.5933468E-08 1.5923334E-08  295.1670 306.2834 301.6298 296.0371 303.8740 304.5481 300.6739 297.5866 300.0788 299.1279 296.2630 295.0072 295.4969 293.7303 291.3372 291.3129  5229.35
1984 1.0451404E-09 3.3483689E-09 2.1554580E-08 3.5705803E-08 8.9746865E-10 3.8054999E-09 1.7969141E-08 2.3554835E-08 2.0650890E-09 5.1187983E-09 1.6062456E-08 2.5030479E-08 3.8858126E-09 7.0466104E-09 1.5029961E-08 1.6025179E-08  294.9695 305.7193 301.4004 296.1049 303.2310 303.9597 300.2731 297.4235 299.7096 298.8322 295.7693 294.5191 295.2811 293.5152 290.8913 290.9091  815.032
1985 7.6094869E-10 2.6909048E-09 2.9038690E-08 3.6653638E-08 8.3036800E-10 3.5572472E-09 2.0545746E-08 2.2769061E-08 1.7981576E-09 6.5307071E-09 1.7502398E-08 2.1707377E-08 4.2845745E-09 8.5654221E-09 1.6036585E-08 1.7042083E-08  294.9609 305.5903 300.8415 295.7864 303.4613 303.9705 299.9479 297.3496 299.9339 298.8498 295.6476 294.7068 295.6811 293.6936 290.9225 290.9168  5155.48
1986 1.0273599E-09 4.1331063E-09 2.9311813E-08 3.9152468E-08 1.6825022E-09 6.4283809E-09 2.3914152E-08 2.8921024E-08 3.1936185E-09 9.8676631E-09 1.9853637E-08 2.6176709E-08 6.3144334E-09 1.2352242E-08 1.7728960E-08 1.6227144E-08  295.1055 305.3900 300.6846 295.7897 303.3942 303.4590 299.3741 296.8109 299.7208 298.3249 295.0359 293.8509 295.2189 293.0314 290.3221 290.4920  2379.68
1987 1.1747643E-09 4.7881277E-09 3.0218622E-08 4.2283745E-08 2.3541789E-09 4.8081654E-09 2.0717984E-08 2.8982758E-08 3.4687875E-09 8.0813205E-09 1.9644073E-08 2.6397410E-08 5.8531819E-09 1.1137254E-08 1.7839445E-08 1.7746013E-08  295.0083 305.8581 300.7877 295.1689 303.8048 304.0757 299.7206 296.4695 300.0110 298.8707 295.4012 293.9757 295.2296 293.1931 290.4762 290.4235  2684.52
1988 5.4185550E-10 2.3905316E-09 1.7950274E-08 3.0529538E-08 4.1190690E-10 3.1960479E-09 1.5761405E-08 1.9833903E-08 8.5641999E-10 5.4691034E-09 1.5515464E-08 2.1133118E-08 3.1537593E-09 7.4482460E-09 1.2870540E-08 1.3919109E-08  294.8800 305.9955 301.7119 296.1455 303.4043 304.1429 300.3994 297.3849 299.9055 298.8974 295.8538 294.5912 295.6129 293.6785 291.0033 290.9090  1125.32
1989 5.9460464E-10 3.6894914E-09 1.8183751E-08 3.2134921E-08 9.4322228E-10 4.1066928E-09 1.3396688E-08 1.8945032E-08 1.5248158E-09 6.1534129E-09 1.3293047E-08 1.9225800E-08 3.5448073E-09 8.0967650E-09 1.3161134E-08 1.2654193E-08  294.8808 305.8123 301.7959 296.3175 303.5331 304.1236 300.6236 297.8656 300.1321 299.0091 296.0622 294.9308 295.7238 293.6400 290.9664 291.0045  1158.19
1990 9.9954622E-10 4.9678386E-09 2.5524299E-08 3.6707618E-08 1.4603335E-09 7.1542887E-09 1.9184643E-08 2.5374462E-08 3.5925123E-09 9.2755252E-09 1.7285092E-08 2.4553700E-08 6.5358225E-09 1.1290670E-08 1.7767345E-08 1.7507855E-08  295.0533 305.9493 301.3628 296.1079 303.9736 304.1121 300.1538 297.3804 300.2163 298.9980 295.8521 294.6151 295.5805 293.6092 290.9820 290.9543  426.645
1991 8.6525259E-10 6.5249184E-09 2.3913413E-08 3.9180534E-08 2.0321260E-09 7.1439059E-09 1.8352983E-08 2.1802457E-08 2.9234826E-09 9.0413561E-09 1.7102042E-08 2.3348182E-08 4.8365805E-09 8.9652161E-09 1.4936541E-08 1.4963232E-08  295.0330 306.0243 301.4601 295.9232 303.9051 304.3039 300.4819 297.6589 300.1518 299.0901 296.1989 295.1248 295.8163 293.8961 291.4224 291.5017  6408.39
1992 1.2119502E-09 4.3726778E-09 1.9301186E-08 3.2422726E-08 1.7815185E-09 5.7064349E-09 1.6189979E-08 2.2368711E-08 3.3744800E-09 8.9661372E-09 1.6058486E-08 2.4878869E-08 5.9158474E-09 1.0116368E-08 1.6221680E-08 1.6411047E-08  295.0516 305.9769 301.6812 296.2125 303.6776 304.0582 300.3972 297.3661 299.8688 298.7481 295.7616 294.4042 295.2416 293.3502 290.7311 290.7500  2741.61
1993 2.2529600E-09 3.9560408E-09 2.2862357E-08 4.3672067E-08 2.7597256E-09 6.5666788E-09 1.8564327E-08 2.9799260E-08 4.0184998E-09 1.0595015E-08 1.7719877E-08 2.5271378E-08 7.0041084E-09 1.2566137E-08 1.7744572E-08 1.8049555E-08  295.3568 305.5473 300.9379 295.1924 303.0904 303.4597 299.6073 296.5386 299.4730 298.2606 295.2402 294.1508 294.9689 292.9197 290.2992 290.3919  5152.9
1994 1.3514688E-09 5.9315437E-09 3.0438020E-08 3.7731009E-08 1.3571378E-09 6.6430967E-09 2.3016156E-08 2.3908806E-08 2.3990987E-09 1.0737990E-08 2.1430907E-08 2.4189013E-08 6.5107804E-09 1.1431182E-08 1.7653921E-08 1.8264954E-08  294.8958 305.4932 300.8507 295.6500 303.6563 303.6610 299.6593 297.1342 299.9904 298.4783 295.2201 294.3856 295.4256 293.2357 290.5692 290.6504  1420.1
1995 9.8144171E-10 4.5573048E-09 3.2676546E-08 4.3790564E-08 1.1776541E-09 5.7106981E-09 2.4040894E-08 2.9374878E-08 2.7982063E-09 8.6231013E-09 2.0146679E-08 2.6741453E-08 4.0512438E-09 9.4379722E-09 1.7012233E-08 1.8438737E-08  295.0799 305.9956 301.1019 295.7745 304.0671 304.4595 300.2845 297.3535 300.4262 299.3700 296.0944 294.8109 295.9375 294.0183 291.3173 291.1144  5089.35
1996 1.2529566E-09 5.1887485E-09 2.9688385E-08 3.9454321E-08 1.8216814E-09 6.1136429E-09 2.2870028E-08 2.6968802E-08 3.3308918E-09 8.8285050E-09 2.1202920E-08 2.7456061E-08 4.9500697E-09 1.1050071E-08 1.9121799E-08 1.8547530E-08  295.2011 305.8869 300.8996 295.7127 303.9882 304.1345 299.9702 297.1052 300.1447 298.9578 295.4239 294.2485 295.5484 293.5437 290.6451 290.7121  222.323
1997 9.5940189E-10 6.3609589E-09 3.4864762E-08 3.7283066E-08 2.4499891E-09 7.5802591E-09 2.5816718E-08 2.5144184E-08 3.5378691E-09 1.0472140E-08 2.0253397E-08 2.5486676E-08 6.1836434E-09 1.1940927E-08 1.6989306E-08 1.5785298E-08  295.1538 305.8450 300.7695 295.8559 304.1351 303.9559 299.5892 297.0230 300.3085 298.8185 295.3542 294.2192 295.5180 293.3238 290.6489 290.5864  2115.81
1998 8.0142981E-10 3.2450802E-09 1.9067521E-08 3.1752776E-08 1.2811651E-09 4.4313500E-09 1.6146391E-08 2.0477257E-08 2.7325848E-09 7.6008284E-09 1.4578695E-08 2.0309432E-08 4.6032298E-09 8.8404377E-09 1.4030497E-08 1.4054367E-08  295.0683 306.3076 302.1351 296.7429 303.9323 304.7603 300.9680 298.0644 300.3147 299.4308 296.4926 295.2545 296.0612 294.1382 291.6563 291.5157  2901.61
1999 5.9359473E-10 2.6923983E-09 1.5278186E-08 3.2105103E-08 5.3965077E-10 4.8693365E-09 1.4996109E-08 2.0266015E-08 1.8654587E-09 6.7870563E-09 1.4694984E-08 2.0394568E-08 4.1975277E-09 8.8899688E-09 1.4328001E-08 1.3932068E-08  295.0021 306.0862 302.2495 296.7576 303.2592 304.2144 300.7546 297.8996 299.9756 299.0806 296.1853 295.0704 295.7123 293.8343 291.3192 291.3745  192.226
2000 1.0095158E-09 2.2113131E-09 1.5677772E-08 3.1755281E-08 1.0382375E-09 3.8513508E-09 1.3505250E-08 1.9703892E-08 1.7548644E-09 5.3907065E-09 1.1792830E-08 1.8857866E-08 2.9712577E-09 6.3038748E-09 1.0177385E-08 1.2589230E-08  295.0900 306.2934 302.5964 297.1279 303.4168 304.6375 301.3307 298.3972 300.1827 299.5411 296.7967 295.5543 296.0636 294.3750 292.0420 291.9102  226
2001 1.1206783E-09 4.4597606E-09 2.5757076E-08 3.7055408E-08 1.7238633E-09 4.8532782E-09 1.7420248E-08 2.2059885E-08 2.5524651E-09 6.9185115E-09 1.6391015E-08 2.1483373E-08 5.0249320E-09 8.4833962E-09 1.4867503E-08 1.4970764E-08  294.9027 305.8903 301.1675 295.8057 303.8645 304.2473 300.2318 297.4264 300.2823 299.1957 296.0675 294.7978 295.8097 293.9030 291.2873 291.2924  1256
2002 7.0898470E-10 3.9041552E-09 2.1373779E-08 3.0389991E-08 1.8675350E-09 5.3626494E-09 1.6185638E-08 1.8670114E-08 2.9462794E-09 7.5268360E-09 1.5176909E-08 2.0331125E-08 5.3769749E-09 8.7550580E-09 1.4077926E-08 1.3573062E-08  294.8254 306.1642 301.8048 296.4761 303.8867 304.3936 300.5658 297.9453 300.2204 299.0995 296.0086 295.0442 295.7601 293.7916 291.1627 291.3096  178.742
2003 6.9578904E-10 5.4189151E-09 2.8942114E-08 3.8465750E-08 1.8344940E-09 6.2148606E-09 1.8724009E-08 2.3278268E-08 3.5742505E-09 1.0141708E-08 1.6262321E-08 2.0567938E-08 5.9803296E-09 1.0884899E-08 1.5027700E-08 1.4265414E-08  294.4246 306.2680 301.2201 295.7560 304.3498 304.4305 300.2276 297.2074 300.4981 299.0937 295.9651 294.6832 295.9944 293.8509 291.2274 291.2102  2632.26
2004 7.6143503E-10 3.5975225E-09 2.0212054E-08 2.7899848E-08 1.0531994E-09 5.2151039E-09 1.4759123E-08 1.9386459E-08 2.2570037E-09 7.4257795E-09 1.3380695E-08 1.9077804E-08 4.5593249E-09 9.0008312E-09 1.4694428E-08 1.4335570E-08  294.9263 306.2921 302.2220 296.8202 304.1287 304.5599 300.8636 298.0526 300.4732 299.3300 296.4255 295.3084 295.9258 293.9498 291.5055 291.3992  1382.03
2005 1.3739248E-09 4.1056500E-09 2.3166637E-08 3.9923346E-08 2.1889213E-09 4.4880508E-09 1.7514493E-08 2.5918006E-08 2.6133302E-09 6.9916886E-09 1.5706938E-08 2.2700180E-08 5.0499396E-09 9.5466088E-09 1.4604759E-08 1.5494329E-08  295.1900 306.3000 301.7623 296.2863 303.8849 304.5605 300.7882 297.7048 300.3126 299.3447 296.4243 295.1452 295.7373 293.8610 291.4450 291.1530  2128.06
2006 6.5300110E-10 3.5487648E-09 3.1960035E-08 3.6043492E-08 1.3212218E-09 6.7440737E-09 2.1890049E-08 2.3581045E-08 2.2274034E-09 9.1599572E-09 1.9587295E-08 2.3989529E-08 5.7218053E-09 1.1132525E-08 1.7492384E-08 1.7384739E-08  294.9848 306.3404 301.6618 296.4455 304.4405 304.7260 300.6134 297.7812 300.8046 299.5123 296.1223 294.9021 296.2059 294.1740 291.4424 291.2905  201.581
2007 7.7848272E-10 2.8540315E-09 1.6393614E-08 3.3911178E-08 8.2481444E-10 2.9587484E-09 1.2301516E-08 2.1442679E-08 1.7067416E-09 5.3064877E-09 1.2808461E-08 1.8659305E-08 3.6224586E-09 6.8798349E-09 1.2916466E-08 1.3828096E-08  295.0313 306.6268 302.6849 296.9625 303.9226 305.0427 301.4993 298.4795 300.4008 299.6576 296.9108 295.6186 295.9670 294.1832 291.7739 291.5172  874.581
2008 6.5453865E-10 3.8295216E-09 2.7748616E-08 3.5175809E-08 1.5177264E-09 5.2509597E-09 2.1815266E-08 2.4649724E-08 2.2457567E-09 8.5939504E-09 1.7720394E-08 2.4934625E-08 4.4719775E-09 1.0254910E-08 1.6699111E-08 1.6871327E-08  294.7743 305.8690 301.3430 296.1910 303.7122 304.1726 300.1083 297.4322 300.3820 299.1170 295.8104 294.6722 296.0653 293.8676 291.1211 290.9726  2569.35
2009 6.8960881E-10 4.7055129E-09 2.9572044E-08 4.1983380E-08 1.3456121E-09 4.9832729E-09 1.9507610E-08 2.7900697E-08 2.7355882E-09 6.9956192E-09 1.6426549E-08 2.4603310E-08 5.2248961E-09 9.7301722E-09 1.5672093E-08 1.4708977E-08  295.1472 305.9244 300.8198 295.4701 304.1784 304.3699 300.1939 296.9105 300.5068 299.2859 295.9659 294.5095 296.0628 294.0250 291.2768 291.2463  1608.06
2010 6.8752881E-10 1.8613460E-09 2.0355383E-08 3.5500410E-08 7.2833689E-10 4.8769504E-09 1.6157408E-08 2.2177280E-08 1.9286925E-09 7.4514652E-09 1.4241792E-08 2.0581123E-08 3.6704961E-09 7.7032087E-09 1.2384384E-08 1.3091193E-08  0.0000000E+00 0.0000000E+00 0.0000000E+00 0.0000000E+00 0.0000000E+00 0.0000000E+00 0.0000000E+00 0.0000000E+00 0.0000000E+00 0.0000000E+00 0.0000000E+00 0.0000000E+00 0.0000000E+00 0.0000000E+00 0.0000000E+00 0.0000000E+00  2528.06
2011 7.6422763E-10 1.7562185E-09 1.9806896E-08 3.5618665E-08 7.9803170E-10 4.6261373E-09 1.7782716E-08 2.5090134E-08 1.7868264E-09 7.6379481E-09 1.6650173E-08 2.3196204E-08 4.1259978E-09 8.4216989E-09 1.2920969E-08 1.4087854E-08  294.7641 305.9248 301.6623 296.3973 303.6257 304.1882 300.3792 297.6611 300.1664 298.9276 295.8032 294.7234 295.7469 293.7011 291.2073 291.2130  376.516
2012 8.5476931E-10 5.4589391E-09 2.9095482E-08 3.7363126E-08 1.8518161E-09 7.3285698E-09 2.1840332E-08 2.4957677E-08 2.7639810E-09 7.6445605E-09 1.8900272E-08 2.7156830E-08 4.5987751E-09 9.4494368E-09 1.7308356E-08 1.8689340E-08  295.2487 305.7402 300.9690 296.1086 304.1208 304.1693 300.0350 297.4600 300.4821 299.1518 295.7372 294.4491 295.9990 293.8130 290.9970 290.9205  645.032
2013 7.6674611E-10 6.6057875E-09 2.3912417E-08 3.5037992E-08 2.8190053E-09 7.2643775E-09 1.8390310E-08 2.2116295E-08 3.4686316E-09 9.0938803E-09 1.7964242E-08 2.1631518E-08 6.1155139E-09 1.0175310E-08 1.5398490E-08 1.4147280E-08  294.9882 306.0648 301.7097 296.1915 304.1704 304.4563 300.5796 297.7630 300.6730 299.4120 296.2444 295.0146 296.2946 294.2757 291.6169 291.5458  1288.39
2014 1.0813489E-09 5.5964695E-09 2.7209206E-08 3.6824190E-08 9.1619351E-10 7.2070976E-09 2.1505196E-08 2.2728686E-08 2.0849715E-09 8.6138687E-09 1.9154546E-08 2.3016149E-08 4.7532032E-09 9.3457215E-09 1.7051583E-08 1.8049182E-08  295.0162 305.9163 301.2375 296.2363 304.1240 304.2827 300.2768 297.7863 300.4722 299.1938 295.8694 294.8954 295.9294 293.8817 291.0856 291.1745  394.71
2015 1.1895696E-09 4.6163180E-09 2.9245426E-08 4.1353672E-08 1.2817887E-09 6.2309526E-09 1.9873799E-08 2.7235231E-08 2.6181906E-09 8.4865910E-09 1.6821998E-08 2.2623754E-08 6.1851173E-09 1.1482499E-08 1.7557445E-08 1.6920538E-08  295.3356 305.7046 300.8908 295.5977 304.0032 304.1719 300.0784 297.0138 300.5321 299.1486 295.7749 294.5320 296.0145 293.7292 290.8862 290.9749  587.355
