STN,prec_1,prec_2,prec_3,prec_4,prec_5,prec_6,prec_7,prec_8,prec_9,prec_10,prec_11,prec_12,prec_13,prec_14,prec_15,prec_16,st_1,st_2,st_3,st_4,st_5,st_6,st_7,st_8,st_9,st_10,st_11,st_12,st_13,st_14,st_15,st_16,10.0
LAT,29.30136,29.30136,29.30136,29.30136,32.09194,32.09194,32.09194,32.09194,34.88252,34.88252,34.88252,34.88252,37.67308,37.67308,37.67308,37.67308,29.30136,29.30136,29.30136,29.30136,32.09194,32.09194,32.09194,32.09194,34.88252,34.88252,34.88252,34.88252,37.67308,37.67308,37.67308,37.67308,33.6194949
LON,-115.3125,-112.5000,-109.6875,-106.8750,-115.3125,-112.5000,-109.6875,-106.8750,-115.3125,-112.5000,-109.6875,-106.8750,-115.3125,-112.5000,-109.6875,-106.8750,-115.3125,-112.5000,-109.6875,-106.8750,-115.3125,-112.5000,-109.6875,-106.8750,-115.3125,-112.5000,-109.6875,-106.8750,-115.3125,-112.5000,-109.6875,-106.8750,-110.9215037
1958 3.7702415E-09 4.2729567E-09 5.0761879E-09 7.9459603E-09 4.5433879E-09 5.5732690E-09 7.1099997E-09 9.1776702E-09 8.6409147E-09 9.6491908E-09 1.0026337E-08 9.1893089E-09 1.5742403E-08 1.4755319E-08 1.4002031E-08 1.2856617E-08  291.0177 290.1668 286.8781 282.6794 286.7035 284.6812 281.9385 279.9286 279.8929 277.4860 274.5699 274.1454 272.4309 269.7341 267.5409 268.4280  670.323
1959 3.4286927E-09 4.4870774E-09 8.6016811E-09 1.4163447E-08 4.5441704E-09 6.2187113E-09 9.7375166E-09 1.3228973E-08 1.1267971E-08 1.2721835E-08 1.3472638E-08 1.2951628E-08 2.1816364E-08 2.0620137E-08 1.8789033E-08 1.7273315E-08  290.7919 288.6177 285.3552 281.7570 284.9853 282.8157 280.2382 278.5473 277.6434 275.0065 272.3595 272.2747 269.8012 267.3065 265.3377 266.3495  552
1960 5.3313949E-09 6.2266960E-09 7.9301374E-09 1.1154170E-08 7.3549757E-09 8.3525444E-09 1.0838006E-08 1.3019201E-08 1.3128209E-08 1.3456202E-08 1.3475861E-08 1.2434667E-08 2.0514214E-08 1.8287317E-08 1.6630764E-08 1.5711489E-08  290.9112 289.2162 286.0955 282.2575 285.5452 283.4622 280.8658 279.1489 278.2673 275.7839 273.0347 272.8947 270.5789 267.9593 266.0540 267.0063  236.226
1961 4.9466351E-09 4.6300754E-09 5.6791611E-09 9.5327408E-09 6.9977859E-09 8.0097813E-09 9.2703374E-09 9.8258104E-09 1.3984634E-08 1.4303191E-08 1.3696700E-08 1.0937481E-08 2.2029957E-08 2.0378833E-08 1.8394024E-08 1.5424177E-08  290.6634 289.2608 286.0562 282.3868 285.8008 283.6837 281.0749 279.5880 278.9125 276.3053 273.5995 273.6469 271.4865 268.8561 266.7939 267.7741  146.935
1962 4.6275135E-09 4.8028737E-09 4.4919415E-09 5.4610712E-09 5.4787277E-09 6.7951964E-09 7.5147844E-09 7.1815882E-09 1.0152983E-08 1.0284455E-08 1.0267102E-08 9.1708898E-09 1.6510135E-08 1.5262254E-08 1.4548244E-08 1.3656511E-08  290.5315 289.8478 286.6946 282.7816 286.4023 284.3889 281.7917 280.1367 279.6828 277.1416 274.3551 274.2339 272.3073 269.4511 267.1450 268.2782  253.645
1963 6.6599668E-09 6.4235395E-09 7.5894206E-09 1.1474102E-08 7.1477593E-09 7.6640312E-09 9.6969774E-09 1.1530041E-08 1.2031154E-08 1.1707995E-08 1.1784245E-08 1.0640487E-08 2.0447883E-08 1.7954926E-08 1.5860575E-08 1.3533660E-08  291.0816 289.5630 286.1070 281.9571 286.1133 283.9651 281.1845 279.2419 279.1010 276.4772 273.6544 273.5450 271.5309 268.8881 266.7187 267.8757  326.323
1964 6.0362062E-09 5.0025628E-09 4.7763100E-09 7.3845974E-09 7.0986133E-09 7.5763813E-09 7.4218280E-09 8.3056184E-09 1.1489441E-08 1.2658370E-08 1.1236464E-08 9.1474339E-09 1.6692463E-08 1.6058573E-08 1.4120101E-08 1.2559840E-08  290.2675 289.4144 286.4143 282.5163 285.7314 283.7507 281.3022 279.6462 278.5302 276.0259 273.4073 273.4910 270.6410 267.9322 266.1277 267.6248  295.161
1965 7.8535383E-09 6.7803660E-09 7.6505469E-09 1.3194764E-08 9.1822656E-09 8.6223793E-09 9.9357713E-09 1.2546172E-08 1.4430794E-08 1.3287769E-08 1.2762462E-08 1.1594558E-08 1.9812829E-08 1.8305132E-08 1.6901923E-08 1.5304545E-08  290.9494 288.7174 285.3620 281.4609 285.4942 283.1561 280.5118 278.7198 278.2963 275.7628 272.9261 272.8848 270.7706 268.0226 265.8973 266.9724  161.387
1966 7.3086617E-09 7.7292333E-09 8.3329912E-09 1.1656442E-08 8.0883309E-09 9.1049408E-09 1.0280982E-08 1.1468220E-08 1.2847052E-08 1.3101791E-08 1.2272464E-08 1.0648642E-08 1.8344515E-08 1.8120923E-08 1.6344691E-08 1.4600686E-08  290.6418 289.0388 285.9093 282.2149 285.5845 283.4804 280.9358 279.3877 278.6081 276.1924 273.5565 273.4109 270.9849 268.4711 266.4344 267.3793  222.484
1967 4.6128106E-09 4.7540114E-09 6.3287722E-09 1.0325040E-08 7.4123716E-09 7.9913107E-09 9.8799831E-09 1.1048845E-08 1.5957985E-08 1.5734688E-08 1.3828226E-08 1.0892285E-08 2.3171330E-08 2.0742007E-08 1.7848224E-08 1.5061648E-08  290.8050 289.0844 285.7180 281.9335 285.8130 283.5952 281.0005 279.4232 278.9258 276.4116 273.7968 273.7178 271.7627 269.1454 266.9857 268.0268  213.677
1968 4.2239998E-09 3.5542012E-09 5.0641185E-09 7.9625098E-09 5.3698090E-09 5.8335750E-09 7.1560375E-09 8.2260208E-09 1.2196168E-08 1.2652948E-08 1.1371866E-08 8.4884286E-09 2.2756154E-08 2.0537502E-08 1.7600613E-08 1.4058749E-08  290.6832 289.6271 286.2456 282.1689 286.1454 284.0913 281.3717 279.6584 279.1685 276.7294 273.9053 273.9771 271.8690 269.1103 266.8892 268.1024  228.613
1969 7.0725372E-09 7.4136493E-09 8.6845082E-09 1.2074060E-08 8.6640854E-09 9.6867137E-09 1.1011181E-08 1.1476416E-08 1.6647935E-08 1.4842436E-08 1.3230251E-08 1.0864890E-08 2.4745580E-08 2.0643649E-08 1.7486030E-08 1.4967187E-08  290.7537 289.3871 286.1364 282.2608 286.1093 283.9890 281.3867 279.7005 279.2130 276.8516 274.1136 273.8820 271.8766 269.2009 267.0372 267.9591  231.29
1970 4.1547494E-09 4.3787631E-09 5.1048055E-09 6.0867715E-09 5.1954485E-09 6.0564038E-09 6.4016077E-09 6.8670030E-09 1.1632394E-08 1.1554556E-08 1.0520584E-08 8.4801375E-09 1.9621156E-08 1.8149555E-08 1.6481716E-08 1.3993358E-08  290.5577 289.5922 286.5172 282.7794 285.9337 283.9436 281.5169 280.0916 279.1398 276.7039 274.0933 274.2188 271.7572 268.9924 266.8961 268.0964  252.29
1971 4.3501607E-09 3.9539541E-09 4.2255492E-09 6.0221281E-09 7.9840339E-09 7.5681097E-09 7.7969293E-09 7.9505584E-09 1.4048649E-08 1.3786162E-08 1.3054517E-08 1.0700433E-08 1.9419074E-08 1.7483829E-08 1.6498289E-08 1.5556967E-08  290.6210 289.3391 286.0566 282.1813 286.0061 283.9159 281.3447 279.7036 279.3181 276.8148 274.0643 273.9691 272.2152 269.5659 267.1878 268.0410  2146.87
1972 5.2905240E-09 5.6221570E-09 6.7871841E-09 1.2463512E-08 7.6619591E-09 8.3307894E-09 9.4801100E-09 1.0873920E-08 1.2984440E-08 1.3045535E-08 1.2185849E-08 1.1031597E-08 1.9253104E-08 1.7856902E-08 1.6380682E-08 1.5186549E-08  290.9855 288.6691 285.2628 281.1199 285.4081 283.0096 280.2691 278.3262 278.4272 275.6725 272.6456 272.3973 271.0184 268.3021 266.1344 266.8802  4731.84
1973 6.5613546E-09 5.1023283E-09 4.1379518E-09 6.3609193E-09 7.4421402E-09 9.0989580E-09 9.4393755E-09 8.5442391E-09 1.1141313E-08 1.3795588E-08 1.3690926E-08 1.1229334E-08 1.7025171E-08 1.6946005E-08 1.6913321E-08 1.6513429E-08  290.2387 289.4224 286.4233 282.7638 285.6872 283.7685 281.3847 280.0058 278.7169 276.2274 273.6536 273.8501 271.3456 268.5910 266.5372 267.6139  179.935
1974 5.8777663E-09 5.9096186E-09 7.4979001E-09 1.0722402E-08 9.5580441E-09 1.0409607E-08 1.1903751E-08 1.1837262E-08 1.6256335E-08 1.7465911E-08 1.5977433E-08 1.2043015E-08 2.1781851E-08 2.0822654E-08 1.8989626E-08 1.6703888E-08  290.6699 288.7575 285.5284 281.8062 285.3410 283.1896 280.6439 279.1245 278.2928 275.8050 273.1558 273.2590 270.9992 268.4257 266.3600 267.3708  529.774
1975 4.9368380E-09 5.2350893E-09 6.7908577E-09 1.0690873E-08 5.7086478E-09 6.3763448E-09 7.7358795E-09 9.2847285E-09 1.2008121E-08 1.1316785E-08 1.0362778E-08 8.3974339E-09 1.9380300E-08 1.8269620E-08 1.6346821E-08 1.4318541E-08  290.2656 289.4327 286.2507 282.3689 286.1240 284.1458 281.6109 279.9673 279.3246 276.8899 274.2533 274.1991 271.8524 268.9805 267.0032 268.1136  148.774
1976 2.5277305E-09 2.3241060E-09 3.7738568E-09 7.1267587E-09 4.0082178E-09 5.0811337E-09 6.6401880E-09 8.4728740E-09 9.1337569E-09 1.0346894E-08 1.0602245E-08 9.1419130E-09 1.5157395E-08 1.5087416E-08 1.4526134E-08 1.3272697E-08  290.6490 288.9221 285.2004 280.9057 285.7577 283.4207 280.5082 278.7044 278.7126 276.0847 273.2046 273.2018 271.2452 268.4348 266.2717 267.3658  188.774
1977 3.2916996E-09 3.0412457E-09 5.0112630E-09 1.0244747E-08 4.3450936E-09 4.4385149E-09 6.5187362E-09 8.7901846E-09 9.9165414E-09 1.0516061E-08 1.0211251E-08 8.4424912E-09 1.7306522E-08 1.6287848E-08 1.5231677E-08 1.2684529E-08  290.7336 289.4103 285.9160 281.7219 286.0930 283.9059 281.0905 279.2341 279.0284 276.4277 273.5032 273.4459 271.4827 268.5966 266.5464 267.7368  232.419
1978 4.9359774E-09 4.4006350E-09 6.6322907E-09 9.6043262E-09 6.6742949E-09 7.1274746E-09 9.4386179E-09 1.0780662E-08 1.0956433E-08 1.1277437E-08 1.1186759E-08 9.9528847E-09 1.8463718E-08 1.6093365E-08 1.5444744E-08 1.3639717E-08  290.6060 289.4442 286.1120 281.9980 286.1955 284.0031 281.2083 279.2669 279.4904 276.9212 273.8668 273.7506 272.2337 269.4039 267.0796 268.0107  187.29
1979 4.0652059E-09 4.3350559E-09 6.1996039E-09 1.1295004E-08 5.1413140E-09 6.0067520E-09 7.4702102E-09 1.0022007E-08 9.7609085E-09 1.0787164E-08 1.0540512E-08 9.6209876E-09 1.7435674E-08 1.6147203E-08 1.5450082E-08 1.4014016E-08  290.8134 289.3224 285.9809 282.0034 286.1986 283.8355 281.1992 279.5145 279.3401 276.7066 273.7916 273.7633 272.0518 269.3298 266.9943 267.9774  200.452
1980 3.5969425E-09 3.2513896E-09 4.7613438E-09 8.9035286E-09 5.0498001E-09 5.2182068E-09 7.0065012E-09 9.4229611E-09 1.1885149E-08 1.1580103E-08 1.0395428E-08 8.7120249E-09 2.1917092E-08 1.9835467E-08 1.7200513E-08 1.3825079E-08  290.9914 288.6772 285.4556 281.8404 285.1244 282.9453 280.3938 278.8341 277.9143 275.4585 272.8108 272.8162 270.3422 267.8317 265.9513 267.0281  311.032
1981 5.1864215E-09 4.6395900E-09 6.5984511E-09 1.1480331E-08 7.8318720E-09 8.5161505E-09 1.0139147E-08 1.1882646E-08 1.4728065E-08 1.6057815E-08 1.6159937E-08 1.3079424E-08 2.2250234E-08 2.0474065E-08 1.8974955E-08 1.6267022E-08  290.8703 289.6826 286.3966 282.4890 286.2031 284.0451 281.3496 279.5842 279.2658 276.5462 273.6925 273.6278 271.9945 268.9998 266.6784 267.7986  353.581
1982 8.1866345E-09 7.9652427E-09 8.5206375E-09 1.3483070E-08 9.6279820E-09 1.0249398E-08 1.1291222E-08 1.2148696E-08 1.4023751E-08 1.4579020E-08 1.3610690E-08 1.0789071E-08 1.8124954E-08 1.7202494E-08 1.5965790E-08 1.3879447E-08  290.9229 288.5076 285.0345 280.8391 285.4301 283.0499 280.2241 278.1451 278.4142 275.7704 272.6881 272.2841 270.9026 268.2669 266.0336 266.8565  205.581
1983 3.8821413E-09 4.5267119E-09 7.2032860E-09 1.2259303E-08 4.1874015E-09 6.5287868E-09 1.0024257E-08 1.2628131E-08 9.0585548E-09 1.0991823E-08 1.1883110E-08 1.1140274E-08 1.6019269E-08 1.5514372E-08 1.4692538E-08 1.3723405E-08  291.4298 289.2894 286.0205 282.1653 285.9040 283.6714 280.9561 279.1248 278.7249 276.1558 273.2282 272.9191 270.8258 268.4092 266.2787 267.0033  4831.68
1984 6.3479151E-09 6.8597061E-09 9.9603357E-09 1.3382584E-08 8.0560509E-09 9.4017878E-09 1.1760988E-08 1.2788114E-08 1.5183343E-08 1.6018603E-08 1.5298500E-08 1.2154308E-08 2.1270099E-08 2.0312084E-08 1.8835653E-08 1.5744208E-08  291.4441 289.3087 286.0326 282.2222 285.9354 283.6679 281.2172 279.6862 279.1590 276.5588 273.8530 274.0343 271.9208 269.1432 266.9206 268.0845  1206.45
1985 4.5166164E-09 4.4673936E-09 6.0181806E-09 8.7214920E-09 5.5824390E-09 6.0403620E-09 7.4292985E-09 8.9559240E-09 1.1956018E-08 1.1789203E-08 1.1145240E-08 9.8107398E-09 1.7789455E-08 1.6660133E-08 1.5229748E-08 1.3723643E-08  291.1245 289.2332 286.0527 282.2661 285.5997 283.5419 280.9882 279.2667 278.3325 275.8232 273.1406 273.0146 270.4811 267.7274 265.8747 266.9199  534.613
1986 1.0775517E-08 1.1647242E-08 1.3926169E-08 1.6009635E-08 1.4534423E-08 1.4287720E-08 1.4807386E-08 1.5187933E-08 2.1379739E-08 1.8598350E-08 1.6026862E-08 1.3204397E-08 2.4357893E-08 2.0421838E-08 1.8186242E-08 1.5032006E-08  291.1375 289.2745 285.8738 281.5376 285.8909 283.8235 281.1956 279.1872 279.1064 276.7426 273.8065 273.5804 272.0630 269.2422 266.9133 267.9451  509.032
1987 4.0532675E-09 5.1873537E-09 8.7715355E-09 1.2794265E-08 6.1102376E-09 8.0604448E-09 1.0933541E-08 1.1785166E-08 1.1185646E-08 1.4055287E-08 1.4558879E-08 1.2639362E-08 1.7947228E-08 1.7767155E-08 1.7062785E-08 1.5474273E-08  291.5376 289.5208 286.0584 281.8215 285.9939 283.7480 280.8968 278.8369 278.8929 276.2018 273.1518 272.8482 271.3281 268.6458 266.3712 267.1530  241.839
1988 4.2755062E-09 4.4292463E-09 5.4789222E-09 6.3741452E-09 4.8288720E-09 5.2123790E-09 6.2902994E-09 6.6451902E-09 9.1922931E-09 9.9098925E-09 9.2765209E-09 7.4781425E-09 1.6293303E-08 1.6131990E-08 1.5323552E-08 1.3269530E-08  290.9289 289.9282 286.9694 283.2334 286.4195 284.4882 282.0823 280.6625 279.6416 277.1677 274.5291 274.7958 272.2556 269.3666 267.0788 268.5141  307.935
1989 8.4958742E-09 9.2489953E-09 1.1086795E-08 1.4379889E-08 8.9122603E-09 1.1297814E-08 1.4098578E-08 1.5662101E-08 1.6688073E-08 1.8559062E-08 1.8162126E-08 1.4020198E-08 2.4266493E-08 2.3764041E-08 2.1506171E-08 1.7468070E-08  291.1088 289.0845 286.0656 282.5047 285.7263 283.5502 281.2326 279.7917 278.8196 276.2960 273.6989 273.9984 271.4789 268.8310 266.7527 268.1994  183.419
1990 6.1815926E-09 6.4722618E-09 8.2278442E-09 1.1237892E-08 6.2106458E-09 7.0188042E-09 8.9554817E-09 1.0740531E-08 8.7227416E-09 9.8881987E-09 1.0878886E-08 1.0466271E-08 1.3819555E-08 1.4297901E-08 1.4576888E-08 1.4521119E-08  291.4023 289.2790 285.9062 281.7355 285.8123 283.5189 280.7788 278.8997 278.6938 275.9658 272.9587 272.7250 271.1739 268.2466 266.1132 266.9561  239.258
1991 6.5136554E-09 5.5144769E-09 6.3248606E-09 8.1534210E-09 7.9093949E-09 6.3363252E-09 7.4050241E-09 8.7322807E-09 1.5700008E-08 1.3232447E-08 1.1298847E-08 9.5135757E-09 2.6806918E-08 2.2221441E-08 1.9491937E-08 1.5495194E-08  291.1034 289.7545 286.5201 282.5507 286.3345 284.2796 281.6092 279.9047 279.4169 276.9379 274.1148 273.9886 271.8912 269.2460 267.2434 268.1354  193.839
1992 7.7855455E-09 8.6000274E-09 1.1987602E-08 1.9477300E-08 1.0126902E-08 1.1909400E-08 1.6055658E-08 1.8648180E-08 1.7960943E-08 1.9149113E-08 1.9505981E-08 1.6929905E-08 2.2938895E-08 2.1303897E-08 1.9744553E-08 1.8694658E-08  291.6025 289.0858 285.2867 281.0535 285.7234 283.2948 280.3606 278.3363 278.7253 275.9247 273.0351 272.7905 271.5266 268.7359 266.6426 267.3792  235.484
1993 6.5064190E-09 6.2401062E-09 7.6170492E-09 1.1791693E-08 8.3127709E-09 8.6967953E-09 1.0607462E-08 1.2563779E-08 1.1809362E-08 1.1108071E-08 1.2196494E-08 1.2608558E-08 1.5195429E-08 1.2997567E-08 1.2769592E-08 1.2846464E-08  291.4096 289.6355 285.8543 281.2729 286.2643 283.8838 280.7914 278.3713 279.4183 276.6788 273.4355 272.6880 272.2620 269.3195 266.7394 267.3643  360.806
1994 6.4118000E-09 6.3220358E-09 8.3921643E-09 1.4615076E-08 6.4391394E-09 7.3565296E-09 8.8924867E-09 1.2257023E-08 9.6105399E-09 1.0758196E-08 1.1193902E-08 1.1114063E-08 1.5473857E-08 1.4708371E-08 1.3857962E-08 1.2816582E-08  291.2850 289.3784 285.9380 281.7493 286.1040 283.8910 281.1385 279.1511 279.2155 276.7469 273.7281 273.2932 271.7501 269.0541 266.7970 267.6570  266.968
1995 6.2883623E-09 7.5231021E-09 7.1591888E-09 1.0525796E-08 7.2242021E-09 8.8979073E-09 1.0082397E-08 1.2012761E-08 1.2347765E-08 1.3630536E-08 1.3898422E-08 1.3097608E-08 1.8999017E-08 1.8263844E-08 1.7578138E-08 1.7009246E-08  291.2957 289.7638 286.8205 283.0208 286.1560 284.1816 281.7322 280.0714 279.3721 276.9557 274.3387 274.1036 272.1724 269.4977 267.1974 268.1365  200.065
1996 3.5774270E-09 3.6105217E-09 5.3934945E-09 8.5574765E-09 3.8547658E-09 4.9722098E-09 7.4541120E-09 9.4877208E-09 1.0242221E-08 1.0742489E-08 1.1241368E-08 1.0954932E-08 2.1130818E-08 1.9178680E-08 1.8117136E-08 1.5555157E-08  291.2356 289.6562 286.4503 282.6247 286.2581 284.2000 281.6062 279.9940 279.4355 277.0213 274.2566 274.2025 272.3847 269.6960 267.4732 268.4218  198.387
1997 7.2938291E-09 7.9029849E-09 1.0019974E-08 1.4801539E-08 1.1171699E-08 1.1284028E-08 1.2012584E-08 1.3359611E-08 1.9679590E-08 1.7709715E-08 1.5368474E-08 1.2606042E-08 2.5047068E-08 2.0902922E-08 1.8133273E-08 1.5287638E-08  291.9571 289.2942 285.4837 281.0189 285.9521 283.4378 280.4559 278.4048 278.9366 276.1266 273.0951 272.7961 271.8415 269.1083 266.8292 267.5629  184.935
1998 3.5510452E-09 3.2312548E-09 3.9061261E-09 5.2475357E-09 5.4330358E-09 6.1477516E-09 6.9850592E-09 7.1396595E-09 1.2613543E-08 1.3123404E-08 1.1597758E-08 8.4966167E-09 2.0983453E-08 1.9716710E-08 1.7955969E-08 1.4321734E-08  291.3358 290.0344 286.9446 283.2661 286.4289 284.4846 282.0033 280.5873 279.6274 277.2255 274.7498 275.0347 272.4357 269.7916 267.6439 269.0483  210.645
1999 4.1468438E-09 2.9156446E-09 2.4630240E-09 4.1243253E-09 6.1084346E-09 5.6724510E-09 6.4468075E-09 6.6274795E-09 1.2146183E-08 1.2370620E-08 1.1075199E-08 8.2802361E-09 1.8886329E-08 1.8296985E-08 1.6463170E-08 1.3753009E-08  290.7820 290.2083 287.3623 283.8793 286.4437 284.7289 282.4840 281.3394 279.7371 277.5972 275.1726 275.5590 272.5046 269.8672 267.6794 269.1955  204.452
2000 6.7173329E-09 5.6145995E-09 6.8375119E-09 1.0895115E-08 8.7195424E-09 9.6306261E-09 1.1717595E-08 1.2416121E-08 1.5817852E-08 1.6343977E-08 1.5990496E-08 1.3464013E-08 2.3593394E-08 2.1663890E-08 1.9514198E-08 1.7015022E-08  291.2557 289.0099 285.8929 282.4369 285.4951 283.3307 280.9356 279.6506 278.5580 276.0020 273.5373 273.8564 271.2657 268.6506 266.6859 267.9066  546.452
2001 5.9488876E-09 7.4034743E-09 1.0529257E-08 1.4945732E-08 7.1812787E-09 7.4763093E-09 9.0653227E-09 1.0680783E-08 1.2733087E-08 1.2285016E-08 1.1382781E-08 9.8872031E-09 1.6645641E-08 1.5383131E-08 1.4779784E-08 1.4527416E-08  291.1596 290.4501 286.9629 282.5747 287.2075 285.2426 282.3817 280.2961 280.5708 278.1473 275.2651 274.7593 273.4567 270.5297 268.1214 268.8283  156
2002 5.0496238E-09 5.6451142E-09 7.5856814E-09 1.2831911E-08 6.8483685E-09 7.6001321E-09 9.1660528E-09 1.1797332E-08 1.2812679E-08 1.3319392E-08 1.3316297E-08 1.2198249E-08 1.9232729E-08 1.9162966E-08 1.8140160E-08 1.6635063E-08  291.2234 289.1409 285.8633 281.9767 285.5726 283.5294 280.9099 279.0569 278.6438 276.2335 273.4081 273.1381 271.3373 268.7736 266.4745 267.4240  158.903
2003 7.1135622E-09 8.3864258E-09 9.7376125E-09 1.3101207E-08 9.5796215E-09 1.0503469E-08 1.1845810E-08 1.3387965E-08 1.7432374E-08 1.7376346E-08 1.5160753E-08 1.2746460E-08 2.4528495E-08 2.2458879E-08 1.9763331E-08 1.6373932E-08  290.9492 289.3906 286.4066 282.7286 286.0816 284.0669 281.5543 279.9014 279.3850 276.9580 274.2014 274.0308 271.9093 269.2977 267.2787 268.1552  173.161
2004 7.0357098E-09 9.2923331E-09 1.2968783E-08 1.6384838E-08 9.7340598E-09 1.1130061E-08 1.4099137E-08 1.5259660E-08 1.6793493E-08 1.6001973E-08 1.5871633E-08 1.4534290E-08 2.0650250E-08 1.9227471E-08 1.7771628E-08 1.6509190E-08  291.3627 289.6054 286.1864 281.9660 286.2925 284.0898 281.3527 279.1978 279.3988 277.0028 274.1313 273.6414 272.1449 269.4064 267.3132 267.9915  166.935
2005 5.1297326E-09 5.8060539E-09 7.9452604E-09 1.0964453E-08 5.1564975E-09 6.5090164E-09 8.4383203E-09 1.0244744E-08 1.0077959E-08 1.1792508E-08 1.1467627E-08 9.4084092E-09 1.4589215E-08 1.5679463E-08 1.4726864E-08 1.3390131E-08  291.1830 289.2925 286.0334 282.1176 285.9354 283.7673 281.0876 279.3662 278.7212 276.1180 273.5935 273.4733 270.7689 267.9887 266.1242 267.3342  168.677
2006 7.7278379E-09 8.4400549E-09 1.0324556E-08 1.4729405E-08 9.0961105E-09 1.1736518E-08 1.4092191E-08 1.4299022E-08 1.3833788E-08 1.7170567E-08 1.6689615E-08 1.3727538E-08 1.8276207E-08 1.9204302E-08 1.7930443E-08 1.6332045E-08  291.2389 289.4167 286.2648 282.4038 286.0461 283.9295 281.4031 279.7468 279.1822 276.7744 274.0755 274.0753 271.9374 269.3125 267.1611 268.2289  329.097
2007 5.7278724E-09 5.6738854E-09 7.1855291E-09 1.0240297E-08 9.5047907E-09 1.0277252E-08 1.1129185E-08 1.2400774E-08 1.6633809E-08 1.7308190E-08 1.5725444E-08 1.2622881E-08 2.2736460E-08 2.1539744E-08 1.9699746E-08 1.7286384E-08  290.7884 289.6110 286.5396 282.8352 285.9623 283.9717 281.5411 280.0113 278.9462 276.4977 273.9941 274.0080 271.5222 268.8881 266.9261 267.9328  167.613
2008 3.4166350E-09 3.2459522E-09 3.7856869E-09 7.3776150E-09 5.0721551E-09 5.7237015E-09 6.9009860E-09 8.9958441E-09 1.1657590E-08 1.2349704E-08 1.2015103E-08 9.9855342E-09 2.1088795E-08 1.9179858E-08 1.7637996E-08 1.5370397E-08  290.9596 289.4504 286.2527 282.4925 286.0174 283.8692 281.1828 279.5044 279.1017 276.6225 273.8964 273.7840 271.7359 269.1079 266.7410 267.8564  296.871
2009 3.5562431E-09 3.6462744E-09 6.1658314E-09 1.2907091E-08 3.7684496E-09 4.4386970E-09 7.4239228E-09 1.2535270E-08 8.5637160E-09 9.3932542E-09 1.0317065E-08 1.1536134E-08 1.5957070E-08 1.5520651E-08 1.5319770E-08 1.5110752E-08  291.3572 289.8388 286.5833 282.5402 286.5663 284.3970 281.6140 279.6831 279.6816 277.2125 274.2206 273.8388 272.2725 269.6546 267.3232 268.1689  124.806
2010 4.9369846E-09 4.1812735E-09 4.3049648E-09 7.5624476E-09 5.4426481E-09 6.0361294E-09 6.5686296E-09 7.0480914E-09 1.0235238E-08 1.0259684E-08 9.4404138E-09 7.5500273E-09 1.6665638E-08 1.4665096E-08 1.4006541E-08 1.2934160E-08  290.5079 290.3082 287.4699 283.6203 286.8906 285.1273 282.7158 280.9531 280.3538 278.1355 275.4785 275.2426 272.9110 270.1875 267.9767 269.0393  178.839
2011 4.8405471E-09 3.7893866E-09 3.9681081E-09 5.1067732E-09 6.3281678E-09 6.4673507E-09 7.1709740E-09 7.7935045E-09 1.2563264E-08 1.2876102E-08 1.1913083E-08 9.3316528E-09 2.2007269E-08 2.0798716E-08 1.8595205E-08 1.5009809E-08  290.6946 289.5004 286.6907 283.3983 285.6442 283.7728 281.5125 280.3053 278.4695 276.1225 273.6306 274.0757 270.8098 268.1643 266.3182 267.8195  176.806
2012 3.8330872E-09 4.4036343E-09 5.3800666E-09 8.7745811E-09 4.0116492E-09 5.3138045E-09 6.8578858E-09 8.0103169E-09 8.7108063E-09 1.0017826E-08 9.8878878E-09 8.6157614E-09 1.5401724E-08 1.5671167E-08 1.5494507E-08 1.3589152E-08  291.2047 289.6762 286.2370 282.2705 286.4627 284.1254 281.2394 279.4489 279.3806 276.7191 273.7660 273.6369 271.7199 268.8787 266.5478 267.6586  115.387
2013 5.3609850E-09 5.2887188E-09 8.5556042E-09 1.3736603E-08 7.0713737E-09 8.0199580E-09 1.0682001E-08 1.2127617E-08 1.2055882E-08 1.3623543E-08 1.3467157E-08 1.1629266E-08 1.7198468E-08 1.7151407E-08 1.6128528E-08 1.4146190E-08  290.9449 288.9858 285.6513 281.9421 285.6733 283.4758 280.8343 279.2224 278.7697 276.1789 273.5300 273.5406 271.4837 268.8710 266.7967 267.8183  224.645
2014 4.9620525E-09 5.3974207E-09 7.4892563E-09 1.1940799E-08 5.8563363E-09 7.2457618E-09 9.4161594E-09 1.1655442E-08 1.0492042E-08 1.2119162E-08 1.2695963E-08 1.1715554E-08 1.7166146E-08 1.6722506E-08 1.6610500E-08 1.5524092E-08  291.4926 289.8090 286.2341 281.9474 286.7449 284.4713 281.5505 279.4897 280.1492 277.4881 274.3122 273.9429 273.2627 270.3121 267.7538 268.3863  450.452
2015 8.6241663E-09 8.0848732E-09 1.0959070E-08 1.6891955E-08 1.2400232E-08 1.1668719E-08 1.2891139E-08 1.4356314E-08 2.1592259E-08 1.8684267E-08 1.6988499E-08 1.3652157E-08 3.0120198E-08 2.4297943E-08 2.1492658E-08 1.8365895E-08  291.9709 288.7253 284.9955 280.7278 285.4955 283.0475 280.1944 278.0349 278.3284 275.6864 272.8643 272.5528 271.2015 268.7715 266.5723 267.1939  350.71
