STN,prec_1,prec_2,prec_3,prec_4,prec_5,prec_6,prec_7,prec_8,prec_9,prec_10,prec_11,prec_12,prec_13,prec_14,prec_15,prec_16,st_1,st_2,st_3,st_4,st_5,st_6,st_7,st_8,st_9,st_10,st_11,st_12,st_13,st_14,st_15,st_16,10.0
LAT,29.30136,29.30136,29.30136,29.30136,32.09194,32.09194,32.09194,32.09194,34.88252,34.88252,34.88252,34.88252,37.67308,37.67308,37.67308,37.67308,29.30136,29.30136,29.30136,29.30136,32.09194,32.09194,32.09194,32.09194,34.88252,34.88252,34.88252,34.88252,37.67308,37.67308,37.67308,37.67308,33.6194949
LON,-115.3125,-112.5000,-109.6875,-106.8750,-115.3125,-112.5000,-109.6875,-106.8750,-115.3125,-112.5000,-109.6875,-106.8750,-115.3125,-112.5000,-109.6875,-106.8750,-115.3125,-112.5000,-109.6875,-106.8750,-115.3125,-112.5000,-109.6875,-106.8750,-115.3125,-112.5000,-109.6875,-106.8750,-115.3125,-112.5000,-109.6875,-106.8750,-110.9215037
1958 2.5138547E-09 2.2377464E-09 2.0282358E-09 4.2206749E-09 2.5003462E-09 3.0708729E-09 3.7248491E-09 5.6649339E-09 4.4043227E-09 5.1371676E-09 5.8003482E-09 6.8011006E-09 9.7154640E-09 9.4504458E-09 9.0371897E-09 9.3789074E-09  292.6801 294.6632 291.2441 286.8945 291.2495 289.7277 286.9382 284.8633 285.0644 283.0728 280.4070 279.9738 278.5317 276.2630 273.7991 274.7410  670.323
1959 1.8560105E-09 1.7197591E-09 2.8334022E-09 6.8309398E-09 2.0712709E-09 3.1876091E-09 4.5728523E-09 7.3938660E-09 5.9973000E-09 7.3908391E-09 7.6855793E-09 8.1500477E-09 1.2759827E-08 1.3261099E-08 1.1854437E-08 1.1793738E-08  292.2298 293.5898 290.3439 286.3010 290.2486 288.7128 286.1178 284.2000 284.0320 282.0971 279.6243 279.2564 277.4613 275.2194 272.9676 273.8059  552
1960 2.2109703E-09 1.7647802E-09 1.7016234E-09 4.0114845E-09 3.2936660E-09 3.7590393E-09 3.9634354E-09 5.4610640E-09 6.3145400E-09 7.7064337E-09 8.0254257E-09 8.0115727E-09 1.1940577E-08 1.2447641E-08 1.2150807E-08 1.1831310E-08  292.4200 294.0976 291.0236 287.0692 290.5674 289.1319 286.6572 285.0394 284.4613 282.5264 280.1024 280.0039 278.0508 275.8068 273.5391 274.6221  236.226
1961 2.2495019E-09 1.4221943E-09 1.9891571E-09 5.0744653E-09 2.5249061E-09 2.8659155E-09 3.7124099E-09 5.4461595E-09 5.2344928E-09 6.1744054E-09 6.7963732E-09 6.8281953E-09 1.0862760E-08 1.1409989E-08 1.2095484E-08 1.1966122E-08  291.8566 293.6134 290.6453 286.9676 290.2567 288.9124 286.5375 285.0348 284.2783 282.5280 280.1846 280.1115 278.0295 275.8310 273.5296 274.3747  146.935
1962 1.9098723E-09 1.7051213E-09 1.8661159E-09 3.3756589E-09 1.5556644E-09 2.3758455E-09 3.3613718E-09 4.0283767E-09 5.2369646E-09 6.1700365E-09 5.9805312E-09 5.9834067E-09 1.4242947E-08 1.3709332E-08 1.2131850E-08 1.1397054E-08  291.5794 293.6975 290.8896 287.3467 290.3560 289.0070 286.6888 285.3278 284.3091 282.4780 280.1987 280.2515 277.6026 275.5269 273.4389 274.4367  253.645
1963 3.8865919E-09 3.6825158E-09 6.9632322E-09 1.1743824E-08 4.9350493E-09 5.8698890E-09 7.7643287E-09 1.0268714E-08 1.0154079E-08 1.0533892E-08 1.0161578E-08 1.0606163E-08 1.6824872E-08 1.5156912E-08 1.3129301E-08 1.2504996E-08  292.7090 293.6731 290.7046 287.0287 290.3469 288.8745 286.4972 285.0141 284.2043 282.2842 280.0271 279.8830 277.7636 275.5726 273.3575 274.2047  326.323
1964 2.7811955E-09 1.4235850E-09 2.5255766E-09 5.0600026E-09 3.7596335E-09 2.9515674E-09 3.7926267E-09 5.5350728E-09 8.3835117E-09 7.2636750E-09 6.1495311E-09 6.3210046E-09 1.3804154E-08 1.2499687E-08 1.0943284E-08 9.8585629E-09  291.1513 293.6011 290.8267 287.1518 290.1437 289.0072 286.6833 285.0259 284.3720 282.6674 280.2333 279.9766 278.1021 275.9367 273.6132 274.5071  295.161
1965 4.7376645E-09 5.4708851E-09 8.5193790E-09 1.3231658E-08 5.7589560E-09 8.2063609E-09 1.1718226E-08 1.3860036E-08 1.1823537E-08 1.3911861E-08 1.4877089E-08 1.4089570E-08 1.8175763E-08 1.8012049E-08 1.7218056E-08 1.7042060E-08  292.3226 292.5448 289.1216 285.2889 289.2025 287.4132 284.7473 283.0299 282.9023 280.7996 278.3010 278.1307 276.5073 274.0703 271.7709 272.6407  161.387
1966 2.7059865E-09 1.9520585E-09 2.1828532E-09 4.8690412E-09 3.0870366E-09 3.1193763E-09 4.4733759E-09 6.7858528E-09 6.1805170E-09 6.4393517E-09 6.8049841E-09 7.9326403E-09 1.2341824E-08 1.2109834E-08 1.1039294E-08 1.1377866E-08  291.8686 293.2640 290.3735 286.6819 289.9405 288.5810 286.1643 284.5197 284.0777 282.2205 279.8771 279.5222 277.7213 275.5172 273.2912 273.9937  222.484
1967 2.6851095E-09 1.9977862E-09 3.0164489E-09 6.0315068E-09 4.0007042E-09 4.1790802E-09 5.1249396E-09 7.3889312E-09 8.2660332E-09 8.4542373E-09 8.0582332E-09 8.3699492E-09 1.2582947E-08 1.2226297E-08 1.1331910E-08 1.1268329E-08  292.2537 294.3963 291.2361 287.1857 290.8936 289.5102 286.9928 285.1601 284.9847 283.1534 280.7091 280.3701 278.9453 276.6499 274.2800 274.9423  213.677
1968 2.1836315E-09 2.4043991E-09 3.9885486E-09 7.0694455E-09 3.2839158E-09 4.0044577E-09 5.9891887E-09 8.0902831E-09 7.3611455E-09 7.7321411E-09 8.2731209E-09 8.4461922E-09 1.6007268E-08 1.3974392E-08 1.2397218E-08 1.1630035E-08  291.7420 293.7964 290.7299 286.8452 290.4334 289.0438 286.4992 284.7389 284.4608 282.5790 280.1035 279.8889 278.1433 275.9142 273.5542 274.4179  228.613
1969 3.6054042E-09 3.7433696E-09 5.7935710E-09 9.5126831E-09 4.3902855E-09 5.3068052E-09 7.3223640E-09 9.3601029E-09 8.6623828E-09 9.5913926E-09 9.6118713E-09 9.0258414E-09 1.3105234E-08 1.3228830E-08 1.3206848E-08 1.3004606E-08  291.8191 293.7992 290.8908 287.0817 290.5163 289.1918 286.7894 285.1082 284.6854 283.0043 280.6906 280.4470 278.6240 276.5641 274.3665 275.1269  231.29
1970 1.1151743E-09 5.5423993E-10 1.1045198E-09 3.3719416E-09 1.6393009E-09 1.8847774E-09 2.6199156E-09 4.0220853E-09 5.4982765E-09 5.9110676E-09 5.6875962E-09 5.3332783E-09 1.2304490E-08 1.2647075E-08 1.1530116E-08 9.8095594E-09  291.6874 294.1295 291.0709 287.0577 290.8295 289.5190 286.9678 285.3275 284.9767 283.0524 280.5938 280.4503 278.5230 276.1716 273.9204 274.9364  252.29
1971 3.9291059E-09 2.7603075E-09 4.8707274E-09 7.2111757E-09 4.5690873E-09 4.5818900E-09 5.5487317E-09 7.0501933E-09 7.8889970E-09 8.2206242E-09 7.6769000E-09 7.2942856E-09 1.3529283E-08 1.3202476E-08 1.2043158E-08 1.0236016E-08  292.3427 294.0323 290.8194 286.7862 290.7198 289.3165 286.8206 285.0552 284.7265 282.8905 280.6212 280.4050 278.4507 276.1095 273.8159 274.8642  2146.87
1972 4.3378274E-09 4.5394875E-09 6.3073204E-09 1.1318164E-08 4.5849244E-09 6.2489880E-09 8.5534158E-09 1.1340278E-08 8.3115657E-09 1.0266550E-08 1.1153322E-08 1.2331027E-08 1.5335317E-08 1.5183248E-08 1.4820649E-08 1.4770841E-08  292.4794 292.6883 289.2461 285.0894 289.5411 287.8037 285.0416 283.0750 283.5278 281.3969 278.7538 278.3789 277.4233 274.9378 272.4135 273.1000  4731.84
1973 1.8522778E-09 1.2256458E-09 1.5741533E-09 3.7719388E-09 2.4017528E-09 2.5794438E-09 3.6092798E-09 4.7199369E-09 5.4480718E-09 6.6731478E-09 6.3867076E-09 5.5498250E-09 1.1340759E-08 1.1381046E-08 1.0884989E-08 9.7742268E-09  290.8965 293.5414 290.8987 287.2610 290.1171 288.8846 286.6833 285.3383 284.4183 282.5700 280.2861 280.3311 278.0735 275.7440 273.4053 274.5852  179.935
1974 3.6789511E-09 3.4266954E-09 4.8961506E-09 8.9654968E-09 5.0405928E-09 5.6167364E-09 6.6733099E-09 8.5704626E-09 9.6913011E-09 9.7302211E-09 9.2333501E-09 8.2397547E-09 1.7887638E-08 1.5306385E-08 1.2823411E-08 1.0359622E-08  292.0472 293.4569 290.4576 286.5597 290.0219 288.6901 286.2110 284.5329 284.0129 282.2624 279.7513 279.6173 277.6338 275.4808 273.1554 274.1210  529.774
1975 2.8725966E-09 2.5638855E-09 3.7550798E-09 6.8819563E-09 2.7600144E-09 3.2515510E-09 4.7330224E-09 6.7775927E-09 5.7998131E-09 6.6404855E-09 7.1490063E-09 7.2073099E-09 1.0972949E-08 1.1436717E-08 1.0941343E-08 1.0571763E-08  291.2413 293.7248 290.7075 286.5447 290.4328 289.0873 286.5902 284.8532 284.6184 282.6267 280.1865 279.9921 278.2179 275.7693 273.4993 274.5099  148.774
1976 3.1650120E-09 2.7576084E-09 4.4075334E-09 9.4693631E-09 3.4186758E-09 3.8100545E-09 5.9495577E-09 9.6067767E-09 9.6087742E-09 1.0335812E-08 9.6368504E-09 9.2792316E-09 1.5295923E-08 1.5930112E-08 1.5091775E-08 1.3423796E-08  292.0414 293.3615 289.9509 285.7396 289.9470 288.4048 285.6868 283.7818 283.7503 281.7486 279.2460 278.9648 277.1664 274.8287 272.5627 273.4416  188.774
1977 3.6163701E-09 3.5864338E-09 5.5553686E-09 9.8568966E-09 4.1141757E-09 4.7388742E-09 6.2742331E-09 8.8240864E-09 7.4083362E-09 7.3833180E-09 7.8451476E-09 8.4612406E-09 1.3362563E-08 1.2610046E-08 1.1459788E-08 1.1506040E-08  291.9343 293.6981 290.3510 286.0973 290.4409 288.8476 286.0948 284.2061 284.3600 282.2983 279.7458 279.5078 277.8896 275.3929 272.9949 273.9787  232.419
1978 3.5663854E-09 2.9690812E-09 3.6009924E-09 5.9101399E-09 4.2272248E-09 4.1352872E-09 5.5470513E-09 7.1866881E-09 8.1342986E-09 8.3216456E-09 8.4773895E-09 9.1975600E-09 1.4985003E-08 1.4678908E-08 1.3802661E-08 1.3186902E-08  291.6680 294.2308 291.2920 287.3563 290.7377 289.5510 287.2044 285.5888 284.8181 283.1049 280.9348 280.8231 278.4379 276.2696 274.3574 275.3247  187.29
1979 5.1262647E-09 6.5281136E-09 8.0017752E-09 1.1724912E-08 6.2340324E-09 7.6011171E-09 8.2886817E-09 1.0420256E-08 8.9194501E-09 1.0066436E-08 1.0239155E-08 1.1012140E-08 1.3134795E-08 1.3088623E-08 1.3170922E-08 1.3112826E-08  292.0713 294.1172 290.8855 286.5416 290.7457 289.3289 286.7335 284.7203 284.8602 282.9477 280.3994 279.9540 278.6232 276.3440 273.8916 274.5290  200.452
1980 5.3747180E-09 6.1074505E-09 7.3551769E-09 1.0947407E-08 4.3059760E-09 5.6791114E-09 7.9929583E-09 1.1111155E-08 7.0666726E-09 8.5048635E-09 9.2463992E-09 1.0618181E-08 1.2001078E-08 1.3217946E-08 1.2789160E-08 1.2821589E-08  292.1974 293.6276 290.5540 286.6276 290.1749 288.7851 286.2372 284.4778 284.2056 282.3354 279.9153 279.5775 277.9008 275.4655 273.2288 273.9396  311.032
1981 2.0756898E-09 1.8717616E-09 3.0833887E-09 5.7574838E-09 2.2742861E-09 3.6245809E-09 4.9689080E-09 6.3142434E-09 5.6982326E-09 7.6850073E-09 8.7721643E-09 9.1032586E-09 1.0320246E-08 1.1931683E-08 1.3188394E-08 1.3828442E-08  292.4450 293.8739 290.5624 286.4249 290.5001 288.9355 286.2449 284.4097 284.4177 282.2844 279.7304 279.3673 278.0900 275.5522 273.0331 273.6412  353.581
1982 5.1510396E-09 5.7135292E-09 7.1755863E-09 1.2290757E-08 6.3201990E-09 7.9544771E-09 1.0518847E-08 1.3717871E-08 1.2995549E-08 1.3572565E-08 1.3855739E-08 1.4562010E-08 1.9590059E-08 1.8515543E-08 1.7470464E-08 1.6616266E-08  292.5265 292.7972 289.4916 285.4702 289.4320 287.7320 285.0199 283.2201 283.1470 280.9751 278.2955 278.0327 276.7631 274.1736 271.7686 272.6704  205.581
1983 1.6570869E-09 1.9590045E-09 3.9719485E-09 7.7897333E-09 1.9910600E-09 3.2053631E-09 5.5862053E-09 8.5808445E-09 6.8479946E-09 8.2989722E-09 9.3393870E-09 9.2674064E-09 1.5127695E-08 1.5675017E-08 1.4615694E-08 1.3435858E-08  293.8341 293.8474 290.6247 286.7768 290.4250 288.9656 286.4478 284.7970 284.3026 282.4805 280.1265 279.8677 278.0456 275.8459 273.5278 274.3460  4831.68
1984 7.4719573E-09 7.5874445E-09 7.2144815E-09 9.2081720E-09 7.9095406E-09 1.0172763E-08 1.1268052E-08 1.2341501E-08 1.1231119E-08 1.5212972E-08 1.5962582E-08 1.3585240E-08 1.7846130E-08 1.9350070E-08 1.9011102E-08 1.6513344E-08  293.8953 293.3344 290.0553 286.2717 290.0570 288.4440 285.8856 284.4189 284.0023 281.9911 279.6128 279.6541 277.7889 275.4210 273.1243 274.1505  1206.45
1985 2.6707476E-09 2.5783402E-09 5.0131046E-09 9.7387902E-09 4.0265515E-09 4.8008921E-09 8.0800957E-09 1.1416894E-08 1.1033085E-08 1.2027444E-08 1.2286048E-08 1.2854283E-08 1.8353164E-08 1.8473655E-08 1.7276285E-08 1.5838630E-08  293.0529 293.2122 290.0956 286.3691 289.5261 288.0817 285.6935 284.2218 283.0933 281.3271 279.2162 279.0936 276.5354 274.5103 272.5276 273.4170  534.613
1986 7.1041883E-09 7.2049393E-09 1.0416762E-08 1.6589903E-08 7.0493686E-09 8.9602077E-09 1.2397590E-08 1.6322984E-08 1.3190832E-08 1.4367104E-08 1.5464265E-08 1.6105703E-08 1.8726997E-08 1.8776859E-08 1.8652164E-08 1.7887851E-08  292.5130 292.8997 289.4733 285.2757 289.6264 288.0438 285.2968 283.3200 283.6475 281.6603 278.9962 278.6611 277.7086 275.2551 272.8936 273.5175  509.032
1987 3.8238235E-09 4.3250679E-09 5.6173848E-09 1.0423199E-08 3.8721457E-09 5.2673754E-09 7.0297941E-09 1.0224224E-08 6.7917170E-09 9.3017558E-09 9.9379376E-09 8.8826830E-09 1.1955141E-08 1.4323237E-08 1.4066048E-08 1.2637784E-08  293.1640 293.6507 290.2911 286.0726 290.1418 288.4911 285.7560 283.7346 283.8556 281.7325 279.1830 278.8433 277.2831 274.8344 272.5330 273.4451  241.839
1988 3.3211938E-09 2.6491311E-09 3.2337604E-09 4.6145447E-09 2.8798186E-09 3.6023737E-09 4.6273199E-09 5.8505409E-09 7.0905721E-09 8.8002228E-09 8.4674250E-09 7.2935142E-09 1.4168433E-08 1.4485554E-08 1.3950827E-08 1.2454904E-08  292.4621 293.6076 290.9439 287.3981 290.2672 289.0609 286.9294 285.5896 284.6024 283.0234 280.7910 280.9283 278.6205 276.6351 274.4385 275.4997  307.935
1989 4.6579025E-09 5.4062408E-09 8.1241422E-09 1.3298288E-08 4.7265654E-09 6.0593632E-09 9.1683168E-09 1.2167109E-08 9.2347605E-09 1.0728128E-08 1.1375684E-08 1.0928096E-08 1.3971547E-08 1.4743054E-08 1.4658280E-08 1.3862334E-08  292.8136 293.2473 290.1922 286.3408 290.0117 288.5754 286.1035 284.4265 284.1081 282.1526 279.7319 279.5733 277.7915 275.4599 273.0809 273.9817  183.419
1990 6.6117760E-09 5.6654974E-09 6.4059376E-09 1.1610379E-08 8.4186480E-09 9.6957589E-09 1.1053609E-08 1.3557784E-08 1.2658258E-08 1.5163964E-08 1.5477973E-08 1.5591022E-08 1.6727627E-08 1.7912397E-08 1.7885075E-08 1.7200930E-08  293.4745 293.3956 290.1330 286.0553 289.7206 288.0884 285.4832 283.6830 283.4569 281.3381 278.8407 278.6382 277.1464 274.6567 272.4035 273.1576  239.258
1991 2.4354958E-09 2.5972924E-09 5.4043574E-09 9.2005754E-09 2.5974269E-09 3.7791885E-09 6.4299970E-09 8.9667491E-09 6.8544765E-09 9.1103267E-09 9.5713739E-09 9.4749710E-09 1.4481260E-08 1.5712120E-08 1.5750022E-08 1.4227665E-08  292.2285 293.4630 290.4302 286.5361 289.9955 288.5676 286.0662 284.3410 284.0382 282.0146 279.5315 279.3319 277.6979 275.3239 272.9204 273.8943  193.839
1992 4.4866146E-09 5.4726943E-09 9.8392201E-09 1.9433848E-08 5.9834271E-09 8.2589278E-09 1.2187114E-08 1.5185805E-08 1.0862639E-08 1.4267687E-08 1.5270473E-08 1.3923606E-08 1.5801829E-08 1.7361332E-08 1.6521428E-08 1.4835210E-08  293.7418 293.7170 290.1156 285.7897 290.3129 288.6989 285.9369 283.8443 284.1328 282.1237 279.6119 279.3129 278.0345 275.6086 273.1942 274.0254  235.484
1993 6.3278502E-09 8.0317459E-09 1.0535824E-08 1.3375261E-08 5.5146807E-09 7.8105202E-09 1.0098957E-08 1.1393743E-08 7.2586634E-09 9.5273718E-09 1.0952847E-08 1.1140860E-08 1.1803442E-08 1.2656590E-08 1.2725371E-08 1.3036933E-08  292.8681 293.6089 290.1514 285.7622 290.4242 288.6386 285.8355 283.8047 284.3097 282.0278 279.3151 279.0238 277.9926 275.2564 272.6585 273.6162  360.806
1994 6.5626806E-09 5.9219385E-09 7.1448927E-09 1.1666900E-08 7.5943563E-09 7.3823561E-09 8.8429823E-09 1.1056411E-08 1.1647142E-08 1.1065909E-08 1.1133756E-08 1.1218370E-08 1.8079549E-08 1.6918824E-08 1.5865421E-08 1.5499877E-08  292.8971 293.2823 290.3522 286.5836 289.8341 288.4994 286.2043 284.6685 283.9160 282.1182 279.8190 279.7021 277.6708 275.4652 273.0857 273.9453  266.968
1995 4.5436335E-09 3.9458952E-09 4.2090735E-09 5.0652491E-09 5.5711231E-09 5.5510170E-09 6.1630607E-09 6.4510566E-09 8.7621146E-09 9.0513828E-09 8.7968957E-09 7.7119600E-09 1.3365087E-08 1.3333477E-08 1.2717493E-08 1.1554774E-08  293.1254 294.4191 291.7411 288.0208 290.8548 289.6789 287.4270 285.9533 285.0490 283.2595 280.9993 280.9925 278.8392 276.6256 274.4526 275.4379  200.065
1996 4.8326463E-09 3.9776040E-09 4.4737645E-09 8.3560625E-09 5.3534577E-09 5.7517986E-09 7.3479813E-09 1.0115304E-08 1.1565720E-08 1.1998588E-08 1.2557143E-08 1.2232452E-08 1.8813772E-08 1.8159003E-08 1.7061630E-08 1.6452601E-08  293.1949 293.4609 290.4473 286.7162 289.8876 288.3979 285.9394 284.4493 283.7753 281.9287 279.6226 279.6058 277.3360 275.2778 273.1305 274.0905  198.387
1997 3.7352859E-09 2.7121525E-09 4.0846428E-09 8.5664906E-09 6.3158514E-09 7.3585968E-09 8.3109928E-09 1.0642561E-08 1.0723410E-08 1.3369035E-08 1.3576133E-08 1.2620054E-08 1.3034849E-08 1.3606488E-08 1.3776947E-08 1.4657323E-08  294.3343 294.0009 290.1104 285.3966 290.6193 288.6851 285.7617 283.5101 284.3966 282.1381 279.3271 278.8541 278.4165 275.8936 273.0495 273.7306  184.935
1998 3.3589032E-09 3.3251419E-09 3.7161501E-09 5.4402953E-09 4.4084651E-09 5.0974034E-09 5.9479683E-09 6.5745405E-09 9.2700834E-09 9.8863264E-09 8.9054835E-09 7.6412148E-09 1.4723870E-08 1.4321248E-08 1.3300473E-08 1.1649299E-08  293.2438 294.5532 291.8571 288.2013 290.9972 289.8672 287.7515 286.3543 285.3366 283.7754 281.5739 281.5279 279.4275 277.3873 275.0913 275.9967  210.645
1999 2.8016243E-09 1.8051122E-09 1.9629782E-09 4.4197632E-09 2.7195268E-09 2.8438158E-09 3.6560031E-09 5.1498454E-09 6.6310291E-09 7.0087149E-09 6.4174421E-09 5.9799206E-09 1.0911696E-08 1.0994642E-08 1.0367564E-08 1.0320995E-08  292.1150 294.2649 291.7585 288.1851 290.9181 289.8848 287.7748 286.3322 285.4021 283.7423 281.5720 281.4809 279.3098 277.0472 274.8896 275.7509  204.452
2000 4.2331463E-09 3.5145316E-09 4.7990967E-09 8.0860927E-09 4.7656172E-09 5.8935532E-09 7.3508097E-09 8.7460847E-09 7.9595655E-09 9.9236273E-09 1.0371585E-08 9.2896162E-09 1.3037011E-08 1.3646920E-08 1.3515257E-08 1.2751059E-08  293.0216 294.0302 291.1487 287.4710 290.6068 289.2909 286.9059 285.4365 284.8646 282.9854 280.7354 280.7541 278.6108 276.3302 274.1736 275.2000  546.452
2001 3.8103107E-09 4.1895274E-09 5.3814526E-09 1.0774984E-08 3.4785499E-09 3.5769803E-09 4.9897593E-09 8.2753440E-09 6.8759185E-09 7.4497297E-09 7.7619191E-09 8.1995815E-09 1.2454806E-08 1.2773036E-08 1.1986918E-08 1.1358545E-08  292.6338 294.5475 291.4005 286.9846 291.2183 289.9615 287.2567 285.1089 285.5047 283.6587 281.0918 280.4727 279.3416 276.9959 274.5753 275.2241  156
2002 6.4990071E-09 7.8633180E-09 9.3864552E-09 1.2863127E-08 5.8724074E-09 7.8805602E-09 1.1618416E-08 1.3900140E-08 8.6996321E-09 1.0036867E-08 1.2307117E-08 1.2203180E-08 1.4235657E-08 1.4403861E-08 1.4063757E-08 1.4062936E-08  292.7870 293.1211 289.9193 285.9893 289.8880 288.3253 285.7243 283.9774 283.9371 281.9894 279.4611 279.2722 277.6040 275.1586 272.9000 273.8969  158.903
2003 2.2621502E-09 2.3576121E-09 4.3052717E-09 8.5748528E-09 2.3542985E-09 3.1421084E-09 4.6727888E-09 7.6126669E-09 5.9873084E-09 7.2249051E-09 8.2914697E-09 8.9386889E-09 1.2568782E-08 1.2932563E-08 1.3239225E-08 1.3102929E-08  293.2048 294.5908 291.4809 287.4079 291.0133 289.7669 287.2340 285.2861 285.1167 283.2803 280.8135 280.4461 278.7539 276.4428 274.1076 274.9135  173.161
2004 5.3333244E-09 4.4554787E-09 6.3062271E-09 1.1993272E-08 5.9554139E-09 7.2192288E-09 8.3003213E-09 1.0822490E-08 1.1745400E-08 1.1656436E-08 1.0906610E-08 1.0047088E-08 1.6663751E-08 1.5057584E-08 1.3772323E-08 1.3473413E-08  293.3765 293.9855 290.5872 286.4072 290.7589 289.1407 286.4135 284.5823 284.6866 282.6476 280.1829 279.9672 278.5560 276.1512 273.8496 274.6532  166.935
2005 2.9309819E-09 2.7110714E-09 3.4634768E-09 7.3187238E-09 3.4933731E-09 4.3102633E-09 5.2736575E-09 7.3236532E-09 6.4197572E-09 7.8127433E-09 8.3078353E-09 8.2183886E-09 1.0910126E-08 1.1355409E-08 1.0976163E-08 1.0845150E-08  293.0249 294.1258 291.0688 287.1901 290.7115 289.3399 286.8790 285.2156 284.8232 282.9541 280.5961 280.4302 278.6398 276.3950 274.1636 275.0695  168.677
2006 3.4955641E-09 3.2240537E-09 3.5798928E-09 6.6380403E-09 4.9650564E-09 5.7215379E-09 5.9467413E-09 7.1422561E-09 9.2016661E-09 9.3170565E-09 8.9442471E-09 8.6065421E-09 1.4012843E-08 1.3650427E-08 1.2374304E-08 1.1476188E-08  293.4021 294.7613 291.6810 287.5748 291.2834 289.9034 287.4336 285.6929 285.4061 283.5666 281.1549 280.9471 279.2000 276.9805 274.8405 275.7039  329.097
2007 4.7354201E-09 4.0339003E-09 3.5342114E-09 4.9567341E-09 4.9584941E-09 6.0097571E-09 6.1252252E-09 6.8919217E-09 8.2385219E-09 1.0597600E-08 9.4901171E-09 7.9825480E-09 1.4334463E-08 1.5596557E-08 1.4893415E-08 1.3438569E-08  292.7007 293.5780 290.9966 287.6753 290.0707 288.8250 286.8071 285.6798 284.2251 282.5182 280.5260 280.8256 277.8682 275.7026 273.7146 274.9591  167.613
2008 2.0005302E-09 1.9671778E-09 2.8888367E-09 5.3477227E-09 2.9495035E-09 4.1541326E-09 5.3784173E-09 5.5391478E-09 7.6178850E-09 8.6208889E-09 8.1803453E-09 7.2182691E-09 1.3174507E-08 1.3283516E-08 1.1941071E-08 1.1255829E-08  293.2954 294.1452 291.1908 287.5785 290.8368 289.4165 287.0377 285.5872 285.0832 283.2396 280.8376 280.7090 278.8672 276.5132 274.2885 275.2394  296.871
2009 3.1119836E-09 3.4145238E-09 4.0182511E-09 6.5926984E-09 2.7514500E-09 3.5252665E-09 4.9910791E-09 6.7663959E-09 5.7311307E-09 7.0866264E-09 7.7279054E-09 7.8910167E-09 1.2438720E-08 1.2630772E-08 1.2808695E-08 1.1584064E-08  293.1088 294.5423 291.6708 287.8176 290.7847 289.5569 287.1807 285.5407 284.7874 283.0110 280.6039 280.3221 278.3807 276.2491 273.9464 274.8152  124.806
2010 1.7133969E-09 1.0126761E-09 1.0810099E-09 2.9103502E-09 1.6566122E-09 1.1286087E-09 1.7303557E-09 2.4353706E-09 4.4135087E-09 4.4011674E-09 3.8463366E-09 3.6095229E-09 8.9307273E-09 9.4435704E-09 8.7858085E-09 8.0648697E-09  291.7870 294.4854 292.0696 288.3627 291.0319 290.1033 287.9509 286.4841 285.5703 283.9525 281.6779 281.6911 279.2620 277.0585 274.9329 275.9972  178.839
2011 2.5812588E-09 1.1772390E-09 1.5262995E-09 3.6850645E-09 3.3396952E-09 3.0978649E-09 3.4428678E-09 4.6755138E-09 8.4254275E-09 8.4614715E-09 8.0894083E-09 6.5111987E-09 1.6098744E-08 1.5135122E-08 1.3065734E-08 1.1528138E-08  292.3973 293.3798 290.8701 287.5880 289.6607 288.5483 286.4695 285.3282 283.6574 281.9913 279.8985 280.2173 277.1969 275.0692 273.1840 274.3002  176.806
2012 3.8127910E-09 3.5312457E-09 3.9616368E-09 6.2682193E-09 3.8924619E-09 5.3134146E-09 6.2179555E-09 6.7584343E-09 7.3076407E-09 8.4775760E-09 8.6804066E-09 7.6011650E-09 1.1138212E-08 1.2124077E-08 1.1271418E-08 1.0923062E-08  293.7021 293.8943 290.9348 287.1357 290.3670 288.8451 286.4803 284.9200 284.3575 282.4038 280.0891 280.0551 277.9251 275.6400 273.4647 274.4355  115.387
2013 2.5271383E-09 2.2423077E-09 3.7796588E-09 6.3152163E-09 3.3831034E-09 4.3110293E-09 5.6404983E-09 6.8237425E-09 7.5418916E-09 8.0358147E-09 8.2586604E-09 7.5431208E-09 1.2381975E-08 1.1686385E-08 1.0597859E-08 1.0204261E-08  292.7873 295.0592 291.8863 287.7631 291.6482 290.4268 287.8932 286.0549 285.9798 284.1504 281.6945 281.4455 279.9824 277.5397 275.2055 276.0588  224.645
2014 7.1654522E-09 6.6727557E-09 9.6026671E-09 1.5453171E-08 7.1493114E-09 8.4001321E-09 1.1384484E-08 1.5165185E-08 1.0927891E-08 1.3165998E-08 1.3985077E-08 1.4325376E-08 1.7063824E-08 1.7479355E-08 1.6691617E-08 1.7119691E-08  294.1210 294.3623 290.9961 286.9037 291.2957 289.7344 287.0645 285.1911 285.4421 283.4329 280.8903 280.6322 279.2384 276.8667 274.5515 275.2380  450.452
2015 9.8959356E-09 1.1232157E-08 1.4394438E-08 2.2891893E-08 1.1206448E-08 1.4696083E-08 1.7856681E-08 2.1124880E-08 1.5548197E-08 2.0693925E-08 2.1156001E-08 1.9310070E-08 1.9023377E-08 2.1606096E-08 2.1513205E-08 2.0430340E-08  294.5864 293.2944 290.0418 286.1141 289.7222 288.0855 285.8535 284.1000 283.3587 281.4329 279.1822 279.2551 277.1741 275.0367 272.8279 273.7176  350.71
