STN,prec_1,prec_2,prec_3,prec_4,prec_5,prec_6,prec_7,prec_8,prec_9,prec_10,prec_11,prec_12,prec_13,prec_14,prec_15,prec_16,st_1,st_2,st_3,st_4,st_5,st_6,st_7,st_8,st_9,st_10,st_11,st_12,st_13,st_14,st_15,st_16,02.0
LAT,29.30136,29.30136,29.30136,29.30136,32.09194,32.09194,32.09194,32.09194,34.88252,34.88252,34.88252,34.88252,37.67308,37.67308,37.67308,37.67308,29.30136,29.30136,29.30136,29.30136,32.09194,32.09194,32.09194,32.09194,34.88252,34.88252,34.88252,34.88252,37.67308,37.67308,37.67308,37.67308,33.6194949
LON,-115.3125,-112.5000,-109.6875,-106.8750,-115.3125,-112.5000,-109.6875,-106.8750,-115.3125,-112.5000,-109.6875,-106.8750,-115.3125,-112.5000,-109.6875,-106.8750,-115.3125,-112.5000,-109.6875,-106.8750,-115.3125,-112.5000,-109.6875,-106.8750,-115.3125,-112.5000,-109.6875,-106.8750,-115.3125,-112.5000,-109.6875,-106.8750,-110.9215037
1958 1.9021207E-09 5.7166444E-10 1.6590809E-09 7.5714128E-09 1.0276816E-09 1.4452123E-09 3.3150012E-09 8.4279357E-09 3.3279914E-09 4.7174140E-09 8.6761860E-09 1.4762322E-08 1.5059699E-08 1.7015665E-08 2.0630754E-08 2.1063986E-08  290.5558 300.0975 299.2045 296.4449 297.7413 298.7344 297.1749 295.8056 294.4148 293.4814 291.6148 291.3871 288.1410 286.5629 284.5945 285.5438  722.929
1959 1.4581421E-09 1.0379928E-09 3.9474588E-09 1.3084457E-08 7.4205836E-10 1.6190760E-09 4.9353170E-09 1.1465044E-08 2.9164973E-09 4.6181166E-09 9.4827204E-09 1.5389835E-08 9.9645927E-09 1.4148783E-08 1.9644474E-08 1.9689972E-08  290.6430 301.1177 299.7703 296.6001 298.8347 299.6801 297.5829 295.9087 295.8109 294.7006 292.5863 291.9285 290.0627 288.1229 286.0000 286.4417  203.393
1960 1.3951235E-09 7.1741663E-10 2.7957243E-09 1.2384104E-08 6.1448746E-10 6.7469091E-10 4.2202934E-09 1.0391410E-08 1.8775599E-09 3.3203407E-09 8.5368743E-09 1.5701961E-08 9.6196571E-09 1.3434201E-08 1.7421716E-08 1.8177575E-08  290.5006 301.4499 300.4045 297.0768 299.1605 300.2555 298.4120 296.6091 296.2169 295.2526 293.2968 292.5444 290.3875 288.4900 286.4772 286.8560  1008.07
1961 1.9434205E-09 6.0829092E-10 1.2547720E-09 1.0551720E-08 6.9000156E-10 1.3691591E-09 3.0855185E-09 9.4767785E-09 3.2624652E-09 5.1652083E-09 7.4605531E-09 1.2747608E-08 1.1252840E-08 1.5190556E-08 1.5936889E-08 1.6862291E-08  290.4747 301.1888 300.2071 297.1589 298.5984 299.6345 298.1148 296.6961 295.4323 294.5015 293.0680 292.8611 289.6168 287.9421 286.4146 286.9772  194.536
1962 1.4735787E-09 6.7665218E-10 1.9661022E-09 9.9562687E-09 7.0623213E-10 1.0232339E-09 3.5531404E-09 9.8065538E-09 1.8805197E-09 2.6945790E-09 6.9258830E-09 1.4280826E-08 9.0118251E-09 1.2220432E-08 1.5974319E-08 1.5661433E-08  290.4271 300.9822 300.1841 297.0619 298.6466 299.7789 298.2725 296.6550 295.8909 294.9969 293.2658 292.6372 290.2469 288.4485 286.5367 286.9939  2154.29
1963 1.4986911E-09 8.8943164E-10 3.2966421E-09 1.2338904E-08 6.9665962E-10 1.1247769E-09 4.5529678E-09 1.0452635E-08 1.6771168E-09 3.6069214E-09 8.3385459E-09 1.5403142E-08 8.8927443E-09 1.2594795E-08 1.7481412E-08 1.7027302E-08  290.5144 301.4016 300.0649 296.7463 299.1284 300.0256 298.0731 296.4585 295.8900 294.8056 293.0183 292.5987 289.9290 288.0709 286.3021 286.9029  1285.86
1964 1.3962487E-09 4.3287063E-10 1.8067452E-09 8.8181151E-09 6.8610112E-10 1.2125899E-09 3.6347676E-09 8.7804679E-09 2.6387099E-09 4.5053934E-09 7.7985369E-09 1.3573453E-08 1.2901206E-08 1.5456454E-08 1.8409434E-08 1.7828416E-08  290.6074 300.5415 299.5774 296.6981 298.0185 299.0310 297.4780 296.1773 294.8396 293.8889 292.3063 292.0145 288.9367 287.3304 285.4882 286.2853  167.966
1965 1.4448032E-09 1.1572747E-09 2.7229159E-09 1.2109285E-08 8.3324875E-10 1.6782157E-09 4.1893276E-09 1.1917934E-08 4.1980508E-09 6.2511600E-09 1.1494256E-08 1.9677456E-08 1.0317906E-08 1.4875453E-08 2.0154685E-08 2.3621061E-08  290.5220 300.8189 299.8031 296.6198 298.4742 299.5273 297.8187 296.1843 295.3903 294.3867 292.5565 292.0963 289.7909 288.0396 286.0564 286.6055  1409.61
1966 1.7271899E-09 6.0675021E-10 2.2482383E-09 1.1100513E-08 6.5311961E-10 1.0487006E-09 3.8961456E-09 1.0535973E-08 3.1534779E-09 5.5229150E-09 1.1046905E-08 1.6946366E-08 1.2745277E-08 1.6735664E-08 2.0218151E-08 2.0146018E-08  290.3825 300.2050 299.1521 296.2549 297.9136 298.8598 297.0354 295.4909 294.5752 293.4291 291.2852 290.9415 288.4991 286.6881 284.5734 285.4033  699.714
1967 1.3240643E-09 6.1136007E-10 2.2250541E-09 1.2348853E-08 8.0776874E-10 1.2237339E-09 4.3167248E-09 1.1560252E-08 2.4730624E-09 4.4197650E-09 9.1976080E-09 1.5667974E-08 9.1663299E-09 1.2655657E-08 1.7922009E-08 1.8309489E-08  290.4590 301.0317 299.8930 296.6430 298.7567 299.6833 297.8546 296.2162 295.7191 294.6714 292.7495 292.2793 289.8907 288.1636 286.2264 286.7087  222.714
1968 1.5503383E-09 8.5936130E-10 2.2505906E-09 1.4097842E-08 5.6426203E-10 1.1601240E-09 4.4824642E-09 1.1989138E-08 2.1027546E-09 3.5800354E-09 8.0016358E-09 1.5182090E-08 1.1374951E-08 1.5284201E-08 1.9648027E-08 2.0505583E-08  290.4472 300.5084 299.4855 296.2095 298.0378 299.1014 297.4279 295.7661 295.1684 294.2304 292.4918 291.9850 289.6633 287.8981 285.9301 286.5312  3129.66
1969 1.4568020E-09 6.0476368E-10 1.3947437E-09 9.5032613E-09 1.0269225E-09 1.2964123E-09 3.7827852E-09 1.0454310E-08 3.8745394E-09 5.2458082E-09 9.6290522E-09 1.6271647E-08 1.5224794E-08 1.7594925E-08 1.8925421E-08 1.9625743E-08  290.3302 300.2262 299.3191 296.4505 297.6919 298.6959 297.1291 295.7842 294.3582 293.5584 291.8954 291.6539 288.4990 287.0656 285.4383 286.1702  694.143
1970 1.7973442E-09 5.8656280E-10 2.0816968E-09 1.0212602E-08 6.9621287E-10 1.0744626E-09 3.7300700E-09 1.0559811E-08 3.1856244E-09 4.4772883E-09 9.3439718E-09 1.5350052E-08 1.2344399E-08 1.5263383E-08 1.9424364E-08 1.8785354E-08  290.4674 300.4043 299.4982 296.6048 298.2718 299.2399 297.4749 295.8947 295.3032 294.2301 292.2362 291.6986 289.3688 287.5462 285.4760 286.0206  229.429
1971 1.8955391E-09 1.1769837E-09 2.9870921E-09 1.3318870E-08 1.2669767E-09 1.5131332E-09 3.8001309E-09 1.0871515E-08 2.6269025E-09 4.0806665E-09 7.3462121E-09 1.3190456E-08 8.6583487E-09 1.1388021E-08 1.5113475E-08 1.7432280E-08  290.2750 301.0673 299.9987 296.7049 298.6565 299.6829 298.0998 296.5594 295.7908 294.8411 293.3027 292.9674 290.1600 288.5340 286.9113 287.2415  221.5
1972 1.5572144E-09 7.1763939E-10 1.8400299E-09 1.2724887E-08 1.2420266E-09 1.9967255E-09 5.4382152E-09 1.4682806E-08 3.2437253E-09 5.5688818E-09 1.1160707E-08 1.9320145E-08 1.3077536E-08 1.6581764E-08 2.3130710E-08 2.2707162E-08  290.0237 300.3387 299.1764 295.7876 298.0154 299.0484 297.1518 295.3149 295.0906 294.0894 292.1624 291.5391 289.4841 287.9233 285.7391 286.2751  332.138
1973 1.5467559E-09 4.4649476E-10 1.2277092E-09 6.6708834E-09 4.0264736E-10 9.2672053E-10 2.9197811E-09 7.7029512E-09 2.9443914E-09 5.0051501E-09 8.6070990E-09 1.4086942E-08 1.2193984E-08 1.5665071E-08 2.0414864E-08 1.9807743E-08  290.4395 299.9201 299.1476 296.6876 297.7691 298.6146 297.1306 296.0188 294.6442 293.5563 291.8646 291.6790 288.6020 286.9803 285.0302 285.8766  2654.29
1974 1.4833476E-09 5.9091920E-10 3.5718775E-09 1.5402929E-08 7.3361001E-10 1.0385866E-09 4.4548512E-09 1.1370051E-08 2.0693574E-09 2.4062865E-09 6.7949890E-09 1.4606234E-08 7.7418001E-09 9.6697752E-09 1.3671426E-08 1.6316994E-08  290.0302 301.7025 300.9151 297.5991 299.1640 300.6828 299.1627 297.5609 296.5830 296.0345 294.5246 294.0703 290.9116 289.5249 288.0192 288.3628  235.25
1975 1.7592776E-09 9.4644204E-10 2.4366344E-09 1.1136302E-08 1.4527377E-09 1.7970577E-09 4.1287076E-09 9.7200461E-09 4.5486717E-09 6.0727703E-09 8.9483381E-09 1.5172033E-08 1.2727006E-08 1.4952752E-08 1.8271974E-08 1.9437651E-08  290.2280 300.4657 299.3530 296.4308 297.9948 299.0159 297.4316 296.0628 294.8785 293.9951 292.3966 292.0433 289.3738 287.7829 285.9592 286.4534  474.929
1976 1.5276818E-09 1.1365060E-09 3.5378049E-09 1.3395511E-08 5.5442806E-10 1.7692482E-09 5.5926423E-09 1.0536926E-08 1.9245623E-09 3.6433931E-09 8.0454061E-09 1.3247946E-08 9.9691295E-09 1.3039131E-08 1.7966840E-08 1.8422037E-08  290.1866 300.9972 300.0477 296.8748 298.6565 299.8095 298.2490 296.8007 296.0867 295.2083 293.6282 293.2852 290.6586 288.9122 287.0795 287.5749  1174.38
1977 1.8097186E-09 3.9207601E-10 9.9408404E-10 7.2885533E-09 1.0766801E-09 1.2372505E-09 4.0063970E-09 1.0509798E-08 4.7385731E-09 6.8521833E-09 1.1884588E-08 1.6669034E-08 2.0003368E-08 2.3624732E-08 2.7416860E-08 2.6152875E-08  290.6133 299.5179 298.4268 295.6099 297.1256 298.0504 296.1823 294.7156 293.7520 292.6665 290.5738 290.3668 287.6764 285.9644 283.7435 284.6992  215.857
1978 1.9014785E-09 6.5069689E-10 1.2718194E-09 9.2321280E-09 9.3885688E-10 1.2669056E-09 3.5459859E-09 9.0866372E-09 3.3003429E-09 5.3577125E-09 1.0270136E-08 1.5687309E-08 1.1982745E-08 1.6631162E-08 2.1599377E-08 2.1446169E-08  290.5417 300.2891 299.3153 296.2944 297.9560 298.8569 297.1214 295.6642 294.8342 293.6551 291.6425 291.2174 288.9556 286.9744 284.8287 285.4889  1837.04
1979 1.4444683E-09 4.3620579E-10 1.1298368E-09 8.5789607E-09 6.0552319E-10 7.2511075E-10 2.9973419E-09 9.8138546E-09 2.5064555E-09 3.3145744E-09 7.1460335E-09 1.3723309E-08 1.0550597E-08 1.2474315E-08 1.6764732E-08 1.8002835E-08  290.4759 300.5500 299.6570 296.8783 298.1664 299.1948 297.4667 296.0219 295.0757 294.0886 292.1293 291.7245 289.2834 287.5139 285.4567 286.1626  3071.07
1980 1.8327780E-09 7.7419798E-10 2.5506410E-09 1.0458375E-08 1.4281123E-09 1.1500195E-09 3.9450168E-09 9.7030046E-09 3.0964586E-09 4.3551713E-09 8.3698035E-09 1.5095457E-08 1.2054391E-08 1.3698171E-08 1.7568997E-08 1.8879152E-08  290.5932 300.9862 300.0789 296.9509 298.5814 299.5994 297.9174 296.3762 295.6313 294.6490 292.8011 292.3457 289.8460 288.1944 286.3414 286.8346  9072.14
1981 1.4103050E-09 4.5752357E-10 1.4590527E-09 1.1028830E-08 6.0573735E-10 9.8567676E-10 2.9024549E-09 9.7904129E-09 2.1603228E-09 3.6565830E-09 7.4902360E-09 1.2627973E-08 1.1158503E-08 1.3102809E-08 1.5836234E-08 1.6708372E-08  290.6423 300.8955 300.0476 297.0354 298.2371 299.4534 298.0506 296.6800 295.1082 294.4611 292.9325 292.7095 289.3340 287.9815 286.4829 287.1088  283.286
1982 1.4583521E-09 4.6504744E-10 1.8736108E-09 1.0053120E-08 7.0328493E-10 1.2859134E-09 3.6425349E-09 9.5914121E-09 2.4301741E-09 5.0783888E-09 9.1598462E-09 1.3536882E-08 1.0492320E-08 1.4849867E-08 1.9656923E-08 1.8984338E-08  290.2512 300.6689 299.6499 296.6577 298.1353 299.1014 297.5277 296.2044 294.9089 293.8559 292.1532 291.9961 288.8947 287.1631 285.2148 286.2526  1404.89
1983 2.0571416E-09 9.4850905E-10 2.0789956E-09 1.0432411E-08 2.2776256E-09 2.3924045E-09 5.6485154E-09 1.3877917E-08 6.1463021E-09 9.5237498E-09 1.5445778E-08 2.1413690E-08 1.9962989E-08 2.2676080E-08 2.7837459E-08 2.6037776E-08  290.4650 299.1606 298.0411 295.2901 296.8466 297.6422 295.8243 294.3873 293.2646 292.0533 290.0140 289.8375 287.0026 285.3767 283.2820 284.4110  2895
1984 1.3459547E-09 1.0287065E-09 3.1106182E-09 1.2795740E-08 5.7562050E-10 1.5171145E-09 4.1860408E-09 1.1032385E-08 2.8906448E-09 3.6419059E-09 9.2201322E-09 1.5951334E-08 1.1097743E-08 1.5485901E-08 2.0400579E-08 2.0602647E-08  290.6353 301.3345 300.1825 296.7863 298.9840 300.0118 298.2452 296.6045 296.1805 295.1640 293.1783 292.8203 290.6188 288.5595 286.5358 287.0403  579.276
1985 1.6849172E-09 9.1568414E-10 2.9871747E-09 1.1816211E-08 1.2651513E-09 1.3073981E-09 3.7730201E-09 8.9984526E-09 2.5765374E-09 3.7398844E-09 7.7218667E-09 1.3821379E-08 7.7169480E-09 1.1448209E-08 1.4863737E-08 1.5852549E-08  290.2525 301.3129 300.2733 297.0633 298.8907 299.9683 298.3080 296.8337 296.1563 295.2267 293.4852 293.1216 290.7563 288.8283 286.9947 287.3595  2398.93
1986 1.4564695E-09 9.0567831E-10 2.3041331E-09 1.1020441E-08 8.0948148E-10 1.1824532E-09 4.4797313E-09 1.1012925E-08 2.2247388E-09 3.8348356E-09 8.3659488E-09 1.4366292E-08 9.8558344E-09 1.3827014E-08 1.8263584E-08 1.7598145E-08  290.4975 300.7267 299.5773 296.3412 298.3141 299.2892 297.4797 295.8649 295.2665 294.1918 292.2865 291.9027 289.6453 287.7698 285.7682 286.3629  1509
1987 1.9405253E-09 6.4581485E-10 2.0698865E-09 1.0408171E-08 1.1708476E-09 1.5148405E-09 5.3520912E-09 1.6443664E-08 3.2965364E-09 6.8072765E-09 1.2989231E-08 2.1357280E-08 1.5516394E-08 1.9734760E-08 2.4290243E-08 2.3710735E-08  290.6516 300.2433 299.0563 295.8517 298.0357 298.8635 296.8434 294.9236 294.9116 293.5197 291.3107 290.5744 288.9177 287.0049 284.7837 285.2447  1037.21
1988 1.6531405E-09 7.6583029E-10 1.6618641E-09 1.0307962E-08 1.1450141E-09 1.7843390E-09 5.0722009E-09 1.0735730E-08 3.3150223E-09 5.3826641E-09 1.0063610E-08 1.5196362E-08 1.2112224E-08 1.5841124E-08 1.9361044E-08 1.9221064E-08  290.4883 300.4762 299.2525 296.2108 298.2502 299.0131 297.2021 295.6815 295.0439 293.9078 292.1409 291.7557 289.1340 287.3825 285.5500 285.9583  1589.38
1989 1.7907907E-09 9.9468633E-10 4.0038368E-09 1.5140142E-08 9.0282171E-10 1.7417171E-09 5.3435505E-09 1.2854723E-08 2.4393574E-09 5.1925113E-09 1.0228484E-08 1.5112910E-08 8.9137391E-09 1.3483691E-08 1.7575907E-08 1.6575370E-08  290.1625 301.3847 300.2893 296.7053 298.9267 300.1430 298.2850 296.6038 296.5088 295.4545 293.5602 293.1623 291.1508 289.2012 287.2847 287.7028  483.393
1990 1.9007542E-09 1.0060727E-09 3.0308318E-09 1.0397574E-08 9.5426633E-10 1.6702404E-09 5.8280691E-09 1.1611551E-08 3.7463006E-09 5.3168021E-09 1.1282144E-08 1.7444602E-08 1.6562852E-08 1.9491873E-08 2.3857091E-08 2.3888894E-08  290.5724 300.2191 298.8972 296.1151 297.9986 298.7986 296.8655 295.4953 294.8070 293.7381 291.7696 291.4178 289.0287 287.2204 285.1299 285.8271  224.964
1991 1.5131367E-09 6.8992789E-10 1.9392710E-09 1.2651422E-08 7.4334533E-10 1.4066909E-09 4.8845217E-09 1.1989627E-08 3.6414236E-09 5.9086807E-09 1.1390266E-08 1.8232262E-08 1.3211660E-08 1.7412265E-08 2.1398147E-08 2.2533483E-08  290.6554 300.4756 299.3136 296.1693 298.0207 298.9789 297.0667 295.4574 294.9029 293.8146 291.6606 291.1194 289.3351 287.4193 285.1906 285.6467  714.321
1992 1.6509845E-09 1.0471886E-09 1.8145198E-09 1.0073779E-08 1.2127285E-09 1.8163265E-09 5.7080447E-09 1.3977020E-08 4.8529456E-09 7.2825559E-09 1.3802823E-08 2.2631681E-08 1.5854452E-08 2.0328894E-08 2.5575275E-08 2.5867843E-08  290.5996 300.3019 299.0883 296.0250 298.2188 298.8984 296.8110 295.0390 294.7986 293.5166 291.2074 290.4275 288.7417 286.7849 284.3662 284.9889  2325.21
1993 1.8818345E-09 8.3666746E-10 1.9296325E-09 1.0454562E-08 1.5282471E-09 1.9791417E-09 4.7984958E-09 1.0341245E-08 4.7661270E-09 6.9087176E-09 1.0863327E-08 1.5992812E-08 1.3559799E-08 1.7886160E-08 2.1236367E-08 2.1421460E-08  290.6069 300.6132 299.3145 296.1408 298.1131 298.7628 296.7728 295.1999 294.4998 293.3206 291.2031 290.8615 288.4911 286.6343 284.5053 285.2394  7867.5
1994 1.9276858E-09 8.7559382E-10 2.4325291E-09 1.3029260E-08 1.1931516E-09 2.1179640E-09 6.7384498E-09 1.5888652E-08 3.7392525E-09 7.1625825E-09 1.3659252E-08 1.9941409E-08 1.5428236E-08 2.1095069E-08 2.4761482E-08 2.5059174E-08  290.5102 300.3553 299.1143 295.7097 298.1326 298.9730 296.8643 295.0586 295.0334 293.7804 291.5224 290.8971 289.1857 287.1575 284.8797 285.3655  681.536
1995 1.5912084E-09 5.5303168E-10 1.6034991E-09 8.6446077E-09 9.2013069E-10 1.4045837E-09 3.5464078E-09 9.7937081E-09 4.3286392E-09 5.5163736E-09 9.5204555E-09 1.6696877E-08 1.5401577E-08 1.9787022E-08 2.4295840E-08 2.3921567E-08  290.6342 300.3099 299.1875 296.3194 298.0248 298.8596 297.0670 295.6248 294.6007 293.5567 291.5980 291.1095 288.7230 286.8607 284.7326 285.2928  3795.36
1996 1.8555248E-09 1.0832157E-09 2.6516753E-09 1.1448841E-08 9.0730884E-10 1.6913656E-09 5.1213318E-09 1.0558876E-08 3.1747365E-09 4.5953441E-09 8.9143208E-09 1.4744575E-08 1.1404137E-08 1.5746004E-08 1.9220458E-08 2.0560456E-08  290.7831 300.8933 299.7085 296.5040 298.4436 299.2999 297.5331 296.0307 295.2613 294.2626 292.4721 292.1392 289.4707 287.6483 285.7565 286.3136  249.103
1997 1.6637057E-09 1.2227409E-09 2.4911351E-09 1.2324528E-08 1.3309814E-09 1.9029189E-09 6.3081687E-09 1.3548574E-08 3.8021226E-09 5.9590679E-09 1.2523577E-08 1.7673674E-08 1.4010254E-08 1.9909841E-08 2.4052820E-08 2.3924150E-08  290.4192 300.0295 298.8221 295.7942 297.6816 298.5518 296.6378 295.2412 294.6720 293.5614 291.6079 291.2484 289.0805 287.1329 285.1461 285.8068  598
1998 2.3481133E-09 5.9602823E-10 1.3561443E-09 8.8863947E-09 1.1283604E-09 1.1323910E-09 3.8002312E-09 1.1247835E-08 4.0181289E-09 6.5553447E-09 1.2178503E-08 1.9964110E-08 1.4945906E-08 2.0786519E-08 2.7201020E-08 2.5398899E-08  290.7834 299.9724 298.9908 296.1263 297.7931 298.7773 296.8751 295.2762 294.4370 293.1460 290.9401 290.5653 287.9463 285.9714 283.5290 284.6226  946.286
1999 1.4342849E-09 6.4330830E-10 2.3511317E-09 1.0762363E-08 7.8504808E-10 1.3477519E-09 3.9863792E-09 9.1707193E-09 2.4102422E-09 3.6638492E-09 7.3859554E-09 1.4383710E-08 1.0600286E-08 1.3894354E-08 1.7165444E-08 1.7878209E-08  290.4600 301.2332 300.2687 297.2970 298.6742 299.8150 298.2875 297.0583 295.9612 295.1152 293.6239 293.2841 290.4584 288.8041 287.1942 287.4874  204.214
2000 1.9467774E-09 1.1366732E-09 3.3132710E-09 1.2896631E-08 1.0273381E-09 1.7058145E-09 5.3033884E-09 1.0575110E-08 2.1477089E-09 3.3803498E-09 8.3558387E-09 1.4860824E-08 8.9587928E-09 1.1985064E-08 1.6469775E-08 1.7252491E-08  290.2513 301.4133 300.4286 297.2277 298.8253 300.0493 298.5014 297.1861 296.0610 295.3607 293.8524 293.6189 290.5970 289.0623 287.5518 288.1458  196.897
2001 1.5318409E-09 1.1409504E-09 2.1721125E-09 1.3419788E-08 1.1314071E-09 1.4485835E-09 4.1818238E-09 1.2758017E-08 2.8488814E-09 4.6762172E-09 1.1350477E-08 1.7645458E-08 1.1906362E-08 1.4289471E-08 1.8845753E-08 1.9990699E-08  290.4889 301.1349 300.1797 296.7517 298.6064 299.7098 298.0760 296.4720 295.6437 294.7265 292.8999 292.5526 290.1989 288.5221 286.6318 287.2355  495.286
2002 1.2666573E-09 5.1029092E-10 1.7660238E-09 1.0631322E-08 4.6558538E-10 8.8882152E-10 3.5031260E-09 1.0316153E-08 1.9152502E-09 3.6368828E-09 7.7692182E-09 1.3523624E-08 8.2800025E-09 1.1705210E-08 1.6248702E-08 1.7607340E-08  290.4635 301.3810 300.3615 297.1144 299.0309 299.9875 298.2232 296.6667 296.1785 295.1280 293.2729 292.8566 290.8522 288.9498 286.9789 287.3680  173.714
2003 1.8191630E-09 1.0986577E-09 2.7837881E-09 1.1990240E-08 1.1114609E-09 2.0890945E-09 6.2082859E-09 1.3638228E-08 4.1130352E-09 6.3776873E-09 1.2260080E-08 1.8466377E-08 1.4864812E-08 1.9977250E-08 2.3660490E-08 2.3966541E-08  290.8464 300.6068 299.3708 296.0571 298.0724 299.0706 297.0495 295.3174 294.9503 293.8534 291.6062 291.1395 289.3293 287.3786 285.1553 285.8356  478.679
2004 1.6038049E-09 4.9822851E-10 1.3261251E-09 8.7585379E-09 4.3234427E-10 6.4374278E-10 2.6549103E-09 7.5633428E-09 1.7534685E-09 2.6030351E-09 5.6227005E-09 1.1825391E-08 8.4253635E-09 1.1774548E-08 1.5433070E-08 1.8521128E-08  290.7128 301.0768 300.3719 297.4401 298.5302 299.7230 298.2624 296.9025 295.7374 294.8712 293.1301 292.7780 290.2292 288.4295 286.5107 286.9532  217.069
2005 1.8996584E-09 1.1146302E-09 2.9643843E-09 1.3387330E-08 1.3417251E-09 2.2554447E-09 6.1253327E-09 1.4202889E-08 3.5712384E-09 6.6314292E-09 1.3311594E-08 1.8294665E-08 1.1235396E-08 1.6565609E-08 2.1927180E-08 2.1175957E-08  290.7519 300.7303 299.4691 296.2220 298.3360 299.1656 297.1097 295.3789 295.1542 293.9456 291.6460 291.1949 289.4599 287.4290 285.1742 285.7115  6706.29
2006 1.6306457E-09 8.7128199E-10 2.0262017E-09 1.0001722E-08 7.1337747E-10 1.3022251E-09 4.0493155E-09 9.7347277E-09 2.8997018E-09 4.6726827E-09 8.4253884E-09 1.3939154E-08 1.1108141E-08 1.3416066E-08 1.7236943E-08 1.7352294E-08  290.4808 300.6388 299.6741 296.8012 298.2734 299.2289 297.5522 296.1754 295.2127 294.1812 292.3071 292.0485 289.6396 287.8043 285.7864 286.5125  161.036
2007 1.8953314E-09 1.2653887E-09 1.9364039E-09 9.5514716E-09 1.0486573E-09 1.9255524E-09 4.5862367E-09 1.1509661E-08 2.6481817E-09 4.5806230E-09 9.7777386E-09 1.5612999E-08 1.1739051E-08 1.6021563E-08 2.0656174E-08 2.0828274E-08  290.5672 300.6555 299.5797 296.6007 298.3512 299.2110 297.3177 295.8431 295.4189 294.2231 292.0876 291.6584 289.6393 287.6988 285.4770 286.0092  490.571
2008 1.9492774E-09 1.3051695E-09 4.5149200E-09 1.5391606E-08 1.1386753E-09 2.1597955E-09 6.1492393E-09 1.1647645E-08 3.2396055E-09 4.3375565E-09 8.6944256E-09 1.4979138E-08 9.8346353E-09 1.2916293E-08 1.6459454E-08 1.9127814E-08  290.2516 301.1130 300.1015 296.8443 298.6715 299.7794 298.1682 296.7582 295.9492 295.1974 293.6329 293.1761 290.6381 289.1505 287.5009 287.6667  2946.9
2009 1.2558371E-09 5.9063465E-10 1.4386800E-09 8.6573140E-09 5.2485111E-10 1.0640199E-09 2.9324008E-09 8.1225586E-09 1.4007030E-09 2.9475604E-09 5.7870255E-09 1.0066532E-08 6.6052994E-09 8.9186205E-09 1.2036677E-08 1.4027079E-08  290.4427 301.7062 301.0648 298.1568 299.0855 300.3044 299.0036 297.8273 296.3415 295.5421 294.1683 294.1576 291.0049 289.4190 287.8232 288.3663  941.857
2010 1.7625056E-09 4.3271567E-10 1.4179220E-09 1.1105974E-08 5.8907901E-10 9.2168212E-10 4.4203206E-09 1.0317647E-08 2.9288911E-09 4.5184492E-09 1.1335296E-08 1.8183000E-08 1.4432577E-08 1.8462451E-08 2.3914762E-08 2.3729458E-08  0.0000000E+00 0.0000000E+00 0.0000000E+00 0.0000000E+00 0.0000000E+00 0.0000000E+00 0.0000000E+00 0.0000000E+00 0.0000000E+00 0.0000000E+00 0.0000000E+00 0.0000000E+00 0.0000000E+00 0.0000000E+00 0.0000000E+00 0.0000000E+00  1625.75
2011 1.3556440E-09 4.8309307E-10 2.0095285E-09 8.8794527E-09 4.4434981E-10 5.5422378E-10 2.4610989E-09 8.6095646E-09 1.4546989E-09 2.6833278E-09 5.6956084E-09 1.1507781E-08 6.1723680E-09 8.9471035E-09 1.2715265E-08 1.3675767E-08  290.1705 301.8920 301.1531 298.0078 299.2079 300.6339 299.2744 297.9065 296.5042 295.8420 294.5256 294.4062 291.1031 289.5585 288.1486 288.5344  231.393
2012 1.4077035E-09 5.8369987E-10 1.6115651E-09 1.3362405E-08 6.5818667E-10 1.1657326E-09 3.4270455E-09 1.0863363E-08 1.5814513E-09 3.8997636E-09 8.3472189E-09 1.4013088E-08 8.7214858E-09 1.3268189E-08 1.7163570E-08 1.8197108E-08  290.2714 301.2683 300.3999 297.1875 298.6190 299.7982 298.3504 296.9822 295.8442 294.9232 293.3135 293.1249 290.2361 288.6104 286.8252 287.3529  290.138
2013 1.8243536E-09 1.0690553E-09 3.2992202E-09 1.1364998E-08 8.9393887E-10 1.5397142E-09 4.0363610E-09 9.8683746E-09 2.1329851E-09 3.5938403E-09 7.8201117E-09 1.3309024E-08 9.5318340E-09 1.4137250E-08 1.7416200E-08 1.8227054E-08  290.3950 300.7229 299.7719 296.8371 298.3576 299.4181 297.8600 296.5218 295.5846 294.6674 292.9869 292.7418 290.0791 288.2707 286.5070 287.1403  439.071
2014 1.6852354E-09 9.3755026E-10 2.1265028E-09 1.4001428E-08 9.7478281E-10 1.1698864E-09 3.7532040E-09 1.1211807E-08 2.5907090E-09 2.8432086E-09 6.9486328E-09 1.4856830E-08 1.0236991E-08 1.2546422E-08 1.5446943E-08 1.6219971E-08  290.3800 301.2502 300.1964 296.7391 298.6079 299.7934 298.1510 296.4551 295.6440 294.9163 293.3178 292.6964 290.2611 288.5848 286.9532 287.3207  262.929
2015 1.6530244E-09 6.4617139E-10 2.6379665E-09 1.0640153E-08 1.1648031E-09 1.9703073E-09 5.4401887E-09 1.3131451E-08 3.7251886E-09 7.2569257E-09 1.3367019E-08 1.8723672E-08 1.4007020E-08 1.9162886E-08 2.3027582E-08 2.3731610E-08  290.6876 300.3880 299.2339 296.0110 298.0826 298.8866 296.7317 295.0146 294.9323 293.5097 291.0573 290.6177 289.3477 287.2329 284.8932 285.3639  870.5
