STN,prec_1,prec_2,prec_3,prec_4,prec_5,prec_6,prec_7,prec_8,prec_9,prec_10,prec_11,prec_12,prec_13,prec_14,prec_15,prec_16,st_1,st_2,st_3,st_4,st_5,st_6,st_7,st_8,st_9,st_10,st_11,st_12,st_13,st_14,st_15,st_16,10.0
LAT,29.30136,29.30136,29.30136,29.30136,32.09194,32.09194,32.09194,32.09194,34.88252,34.88252,34.88252,34.88252,37.67308,37.67308,37.67308,37.67308,29.30136,29.30136,29.30136,29.30136,32.09194,32.09194,32.09194,32.09194,34.88252,34.88252,34.88252,34.88252,37.67308,37.67308,37.67308,37.67308,33.6194949
LON,-115.3125,-112.5000,-109.6875,-106.8750,-115.3125,-112.5000,-109.6875,-106.8750,-115.3125,-112.5000,-109.6875,-106.8750,-115.3125,-112.5000,-109.6875,-106.8750,-115.3125,-112.5000,-109.6875,-106.8750,-115.3125,-112.5000,-109.6875,-106.8750,-115.3125,-112.5000,-109.6875,-106.8750,-115.3125,-112.5000,-109.6875,-106.8750,-110.9215037
1958 2.2870115E-09 2.4204172E-09 4.8295017E-09 8.9100105E-09 3.6881298E-09 4.5786708E-09 7.0915998E-09 1.0060973E-08 1.0776842E-08 1.1597359E-08 1.3305873E-08 1.5420435E-08 2.2342748E-08 2.2958371E-08 2.5214542E-08 2.3276982E-08  289.9000 296.5492 293.7445 290.6378 293.9915 293.3246 290.6741 289.3713 288.4918 286.6167 284.3235 284.4659 281.2471 279.5312 276.8027 278.1441  670.323
1959 2.9208576E-09 1.9495616E-09 2.9046525E-09 7.2577238E-09 3.9067882E-09 4.6882693E-09 6.1813989E-09 9.0656016E-09 7.9974010E-09 1.0149365E-08 1.2080250E-08 1.4723648E-08 1.7281577E-08 1.9469050E-08 2.2655458E-08 2.2032866E-08  289.8691 296.9397 294.2437 290.9280 294.5547 293.8846 291.1634 289.5975 289.1395 287.1344 284.6761 284.5187 281.7193 279.5725 276.7743 278.2369  552
1960 2.6447180E-09 2.3274798E-09 3.0376022E-09 8.7769729E-09 3.3623888E-09 3.7488754E-09 6.9175541E-09 1.0588724E-08 9.1114654E-09 1.0981262E-08 1.3890396E-08 1.4666958E-08 1.7405029E-08 2.0224791E-08 2.3143775E-08 2.1159051E-08  289.8447 296.6724 294.1750 291.0634 294.2389 293.7953 291.2003 289.7708 289.0963 287.3246 284.8489 284.9493 282.2398 280.4057 277.8251 278.9061  236.226
1961 2.5718474E-09 2.5428517E-09 4.2374939E-09 9.4786028E-09 3.4258685E-09 4.8449729E-09 7.9214750E-09 1.1051940E-08 8.6004128E-09 1.2090478E-08 1.5370491E-08 1.6902941E-08 1.6547922E-08 1.9646553E-08 2.2965743E-08 2.2814072E-08  289.8322 296.4125 293.6076 290.4042 294.1444 293.3515 290.5697 289.1431 288.7966 286.6121 284.0819 284.1690 281.7138 279.4505 276.5584 277.9889  146.935
1962 2.4742817E-09 2.4890670E-09 5.0828626E-09 1.0838698E-08 3.3382743E-09 4.0655235E-09 7.7237861E-09 1.2230251E-08 8.1838936E-09 1.2201260E-08 1.6703693E-08 1.7675088E-08 1.7647942E-08 2.1259499E-08 2.5402878E-08 2.3951836E-08  289.7231 296.6636 293.9993 290.6472 294.2879 293.9199 291.3060 289.7494 289.2550 287.5251 285.1578 285.1125 282.5325 280.7244 278.1820 279.2774  253.645
1963 2.4730580E-09 2.4213658E-09 3.8735615E-09 8.7184668E-09 4.0120756E-09 4.5507313E-09 8.2138802E-09 1.1914439E-08 1.0382378E-08 1.3570141E-08 1.7806538E-08 1.9737014E-08 2.1348052E-08 2.3996439E-08 2.8521846E-08 2.8566692E-08  289.8789 296.4443 293.4464 290.1844 294.0833 293.3436 290.5088 288.9738 288.5160 286.5135 284.0010 283.9896 281.4857 279.6385 276.9837 278.0765  326.323
1964 1.8354137E-09 1.6266227E-09 4.1643280E-09 1.0837410E-08 2.6947198E-09 3.6583916E-09 6.8317387E-09 1.1558951E-08 8.3187173E-09 1.1359600E-08 1.3429223E-08 1.5388014E-08 1.8325135E-08 2.0674145E-08 2.3014069E-08 2.1052072E-08  289.6241 297.1589 294.2278 290.8863 294.8265 294.2206 291.3469 289.7880 289.4133 287.4017 285.0399 285.0528 282.2167 279.9207 277.4850 279.0688  295.161
1965 1.8748367E-09 1.6719622E-09 3.6898498E-09 1.0760054E-08 3.9380939E-09 4.5142419E-09 8.3934495E-09 1.3410386E-08 1.1581070E-08 1.5710389E-08 1.9817204E-08 2.1410132E-08 2.4783445E-08 2.6934519E-08 2.9020368E-08 2.7986035E-08  289.8297 296.4865 293.4628 289.9406 293.9758 293.2861 290.2975 288.6490 288.2911 286.2180 283.7001 283.7801 281.2450 279.2595 276.4958 278.1944  161.387
1966 2.2883484E-09 2.1413931E-09 3.9327714E-09 8.9247152E-09 3.9402819E-09 5.0958011E-09 9.2474162E-09 1.2146610E-08 9.5505888E-09 1.3162247E-08 1.6261199E-08 1.7733592E-08 1.9571655E-08 2.1353987E-08 2.4938428E-08 2.4361032E-08  289.8137 296.1841 293.4973 290.5359 293.8362 293.1213 290.5350 289.2083 288.5698 286.6190 284.3357 284.4318 281.6160 279.8669 277.1538 278.5073  222.484
1967 2.3832085E-09 2.1162772E-09 3.4027299E-09 9.6570538E-09 3.5533076E-09 3.6464451E-09 8.3659071E-09 1.2759448E-08 8.6315097E-09 1.3674996E-08 1.9653305E-08 2.2132824E-08 2.1675948E-08 2.3236222E-08 2.9214487E-08 2.9286763E-08  289.8653 296.3330 293.3740 289.8569 293.7653 293.0205 290.0107 288.3578 288.0801 285.7044 283.2405 283.2630 280.8272 278.6027 275.7185 277.1057  213.677
1968 2.7532936E-09 2.1961397E-09 2.9658387E-09 7.3526785E-09 4.5863073E-09 5.6177676E-09 9.2503427E-09 1.3016944E-08 1.4062309E-08 1.7763933E-08 1.9885389E-08 2.0133621E-08 2.5664681E-08 2.7303654E-08 3.0792513E-08 2.9313567E-08  289.8426 295.8980 292.7737 289.6850 293.2246 292.4080 289.5508 288.2254 287.4423 285.3803 282.9896 283.2935 280.3543 278.5427 275.7635 277.3791  228.613
1969 2.0619106E-09 1.4486606E-09 2.6917515E-09 7.3216624E-09 2.9740395E-09 3.4510379E-09 6.3292962E-09 1.1424406E-08 9.5386099E-09 1.1080281E-08 1.4028596E-08 1.7163462E-08 2.0091864E-08 2.1395204E-08 2.3952669E-08 2.4003995E-08  289.8299 296.5594 293.7255 290.4792 294.1438 293.5190 290.7239 289.1916 288.8386 286.8844 284.4018 284.3115 281.7499 279.8344 277.0608 278.2936  231.29
1970 2.2282971E-09 1.8760691E-09 3.0499867E-09 7.7558786E-09 3.0539342E-09 3.3272780E-09 5.5047980E-09 8.9858005E-09 6.8237593E-09 9.2677332E-09 1.1371766E-08 1.2971961E-08 1.7241048E-08 1.9185824E-08 2.2330051E-08 2.1303872E-08  289.7814 296.6852 293.8793 290.7374 294.3137 293.6308 290.8552 289.4199 288.8310 286.7399 284.3169 284.4754 281.1535 279.0103 276.3273 278.0666  252.29
1971 2.3588309E-09 1.8554749E-09 3.3641627E-09 8.7065031E-09 3.5382064E-09 4.4830841E-09 7.4919138E-09 1.0320160E-08 9.5873363E-09 1.1966030E-08 1.4489490E-08 1.6398481E-08 1.9319129E-08 2.1247882E-08 2.4508488E-08 2.4048243E-08  289.6407 296.4678 293.5512 290.3130 294.0350 293.1926 290.5168 289.0965 288.4702 286.4218 284.1753 284.3603 281.4002 279.3885 276.7945 278.1391  2146.87
1972 2.5390696E-09 2.1670421E-09 3.7617256E-09 1.2902597E-08 4.9532560E-09 5.4159148E-09 9.8483541E-09 1.6985380E-08 9.5635766E-09 1.3909525E-08 1.9552402E-08 2.2072763E-08 2.1331514E-08 2.3128461E-08 2.7785426E-08 2.6303479E-08  289.8840 297.2528 294.1260 290.1667 294.7284 293.9004 290.7354 288.6482 289.1635 286.7404 283.8283 283.7563 281.9063 279.8072 276.7864 278.2806  4731.84
1973 2.3927491E-09 2.3443980E-09 3.8122070E-09 9.1522692E-09 2.9509415E-09 3.7409564E-09 6.5607200E-09 1.0295944E-08 6.6245835E-09 9.9538502E-09 1.2307958E-08 1.3971146E-08 1.4581770E-08 1.7014527E-08 2.1249155E-08 2.1281078E-08  289.6244 297.0694 294.5355 291.3538 294.8337 294.2573 291.6863 290.3203 289.6536 287.7405 285.5828 285.6713 282.4168 280.5030 278.2187 279.5185  179.935
1974 1.9660158E-09 1.2889373E-09 2.8168832E-09 8.9470245E-09 3.0210972E-09 4.0148151E-09 8.8234549E-09 1.2921495E-08 9.8193578E-09 1.3038401E-08 1.7126201E-08 1.8946984E-08 2.1892395E-08 2.4057268E-08 2.7127758E-08 2.6298881E-08  289.7391 296.7992 293.6567 290.0718 294.5535 293.7702 290.6502 288.7735 289.1410 287.0009 284.2489 284.0288 282.1367 280.0756 277.1730 278.0847  529.774
1975 2.2573676E-09 2.0217357E-09 3.6306698E-09 9.5200043E-09 3.5699268E-09 4.3628217E-09 6.5121331E-09 9.7817043E-09 8.5246725E-09 1.0965439E-08 1.2018383E-08 1.3791903E-08 1.8697778E-08 2.0860480E-08 2.3190870E-08 2.1376692E-08  289.6144 296.5763 293.8188 290.6290 294.1298 293.5778 291.0073 289.6419 288.7835 286.9658 284.8232 285.0183 281.5589 279.7414 277.2303 278.8699  148.774
1976 1.9971371E-09 1.8403015E-09 3.6439205E-09 8.4973157E-09 3.3620466E-09 4.6210222E-09 7.4761184E-09 1.2928050E-08 8.9158458E-09 1.2971757E-08 1.6676893E-08 1.9059623E-08 2.1912257E-08 2.3787942E-08 2.7621416E-08 2.6180176E-08  289.7704 296.0987 293.1619 289.8649 293.7588 293.0142 290.1639 288.5240 288.2969 286.0956 283.5887 283.6004 280.9084 278.7398 276.0659 277.5518  188.774
1977 1.8939261E-09 8.7553664E-10 1.9608160E-09 6.0155259E-09 2.8913423E-09 3.0735257E-09 6.0448104E-09 8.2602671E-09 8.4424006E-09 1.1148673E-08 1.4277822E-08 1.6070825E-08 2.0488214E-08 2.3224432E-08 2.6749197E-08 2.5415581E-08  289.7783 296.3414 293.7239 290.7959 293.6878 293.2904 290.8260 289.5769 288.4518 286.7230 284.5003 284.5390 281.4126 279.6508 277.1027 278.2071  232.419
1978 1.8678954E-09 1.5105434E-09 3.2931271E-09 8.6799448E-09 2.7385765E-09 3.7028636E-09 7.2435582E-09 1.0355794E-08 8.5272784E-09 1.1954122E-08 1.5861678E-08 1.7185309E-08 1.8515559E-08 2.1678400E-08 2.6310049E-08 2.5412602E-08  289.8682 296.6790 293.9478 290.6429 294.3466 293.7598 291.0807 289.5653 288.9379 286.9826 284.6754 284.6123 281.6608 279.7178 277.3600 278.4385  187.29
1979 1.7348487E-09 1.5193803E-09 2.8807310E-09 7.8667268E-09 2.1386608E-09 3.1325564E-09 5.7204534E-09 8.3306393E-09 8.1552969E-09 1.0399878E-08 1.2602484E-08 1.3979871E-08 1.7409368E-08 2.0599876E-08 2.3852884E-08 2.2635254E-08  289.8672 296.9747 294.2153 290.9414 294.6671 294.0787 291.4194 289.9560 289.4401 287.5540 285.3272 285.2851 282.3719 280.4469 277.9940 279.0401  200.452
1980 2.1323456E-09 1.5146262E-09 3.3515730E-09 9.0812007E-09 2.6834028E-09 3.6476031E-09 7.7386710E-09 1.1865906E-08 7.2096049E-09 1.1950311E-08 1.5473731E-08 1.6710842E-08 1.9558174E-08 2.2422386E-08 2.5807928E-08 2.3738636E-08  289.9669 296.5107 293.7470 290.5914 293.9786 293.4450 290.7761 289.2889 288.6259 286.7253 284.3357 284.3223 281.1677 279.3176 276.6984 278.0303  311.032
1981 2.5559439E-09 1.8084021E-09 2.9187297E-09 7.8470617E-09 2.5775599E-09 3.5561143E-09 7.5022522E-09 1.1976915E-08 7.4858102E-09 1.1361648E-08 1.6630448E-08 1.9364322E-08 1.8355196E-08 2.1251578E-08 2.5270598E-08 2.4987285E-08  289.8524 296.2668 293.6041 290.5131 294.0083 293.3970 290.6906 289.1878 288.7592 286.7121 284.2013 284.2007 281.5918 279.5112 276.7383 278.1627  353.581
1982 2.4653615E-09 2.1608908E-09 3.3057299E-09 8.7219441E-09 4.2353534E-09 4.8531210E-09 8.7970857E-09 1.3282052E-08 9.9866009E-09 1.4469768E-08 2.0634522E-08 2.2500611E-08 2.2797355E-08 2.5521414E-08 2.9542395E-08 2.9424230E-08  289.8731 296.4550 293.5537 290.0652 293.9053 293.2910 290.4064 288.6145 288.4677 286.3121 283.7042 283.5452 281.5298 279.7310 276.8257 277.9394  205.581
1983 1.6721003E-09 1.7769620E-09 3.5782568E-09 9.0927976E-09 2.9193610E-09 4.0480681E-09 8.1178095E-09 1.4153884E-08 7.3766766E-09 1.0736161E-08 1.5196992E-08 1.7828297E-08 1.5990675E-08 1.9416818E-08 2.4260059E-08 2.3130150E-08  289.9385 296.9537 294.0833 290.6997 294.7464 294.0297 291.1108 289.3827 289.4447 287.4621 284.8716 284.6720 282.3548 280.2700 277.4873 278.6227  4831.68
1984 2.3310107E-09 1.8968687E-09 3.8580299E-09 8.4281000E-09 2.7036524E-09 4.0434447E-09 6.6500734E-09 9.7566204E-09 6.0275087E-09 8.1738394E-09 1.1598288E-08 1.4372878E-08 1.3737315E-08 1.6929949E-08 2.1287420E-08 2.0868956E-08  289.8745 297.0806 294.7529 291.6231 294.7701 294.3430 291.8216 290.2769 289.8345 287.9334 285.4532 285.2821 282.4821 280.4130 277.6286 278.9099  1206.45
1985 2.8140927E-09 2.1253217E-09 3.4602183E-09 8.9415479E-09 4.9503002E-09 5.5976668E-09 8.5329850E-09 1.2445875E-08 1.2535246E-08 1.4646703E-08 1.6869780E-08 1.8032493E-08 2.1801185E-08 2.3955455E-08 2.6797107E-08 2.4550793E-08  289.8956 296.2280 293.5364 290.4825 293.7245 293.1872 290.6131 289.2238 288.3802 286.5200 284.2860 284.4201 281.6617 279.7361 277.1559 278.5701  534.613
1986 2.2855462E-09 3.0170344E-09 4.8687450E-09 1.2776582E-08 3.8920729E-09 5.3972742E-09 9.9990682E-09 1.5516118E-08 8.2766753E-09 1.3458763E-08 1.8492255E-08 2.0761870E-08 1.7130397E-08 2.2035330E-08 2.6855991E-08 2.6343871E-08  289.9007 297.3111 294.2372 290.3316 295.0809 294.3241 291.0853 288.9437 289.8821 287.5604 284.6038 284.1321 282.9994 280.6874 277.7809 278.6458  509.032
1987 2.7370342E-09 1.7290750E-09 2.9850549E-09 8.4283176E-09 5.0544453E-09 6.3331340E-09 9.1686418E-09 1.2255079E-08 1.2700180E-08 1.5914834E-08 1.8913831E-08 1.8945334E-08 2.7151316E-08 2.8757530E-08 3.0156489E-08 2.8939024E-08  290.0576 296.0363 293.0592 289.8703 293.3132 292.5968 289.8727 288.4483 287.7184 285.6903 283.2222 283.4288 280.6982 278.7644 276.1835 277.4400  241.839
1988 2.7116478E-09 2.0327664E-09 2.5864548E-09 8.2838776E-09 3.0006144E-09 3.1956848E-09 5.0008953E-09 8.9707415E-09 6.7085906E-09 7.9566949E-09 1.0211749E-08 1.1500704E-08 1.6220204E-08 1.8526272E-08 2.0012640E-08 1.8030864E-08  289.7733 296.8909 294.6476 291.6509 294.5161 294.2422 291.9325 290.7236 289.3415 287.6534 285.6435 286.0560 282.0210 280.1553 278.0823 279.6486  307.935
1989 2.2766669E-09 2.2426017E-09 3.7099874E-09 1.0118921E-08 2.6363700E-09 4.4901953E-09 8.4883638E-09 1.2791211E-08 7.9078299E-09 1.1378462E-08 1.4478946E-08 1.7249228E-08 1.8997726E-08 2.1600808E-08 2.4341606E-08 2.2758496E-08  289.8455 296.7600 294.1321 290.7596 294.5357 293.9572 291.1990 289.6036 289.3286 287.4026 284.9058 284.8721 282.2983 280.2050 277.6063 279.0475  183.419
1990 3.4335368E-09 2.8274403E-09 4.5483421E-09 1.1160510E-08 4.7468371E-09 5.2079878E-09 1.0171188E-08 1.4845685E-08 1.1140886E-08 1.6287869E-08 2.0538634E-08 2.2056385E-08 2.3452547E-08 2.6113931E-08 3.0034744E-08 2.8593531E-08  290.0777 296.3501 293.2962 289.6634 293.7914 293.1445 290.0043 288.1718 288.5066 286.2628 283.4673 283.1811 281.9097 279.8795 276.8125 277.6688  239.258
1991 2.9796350E-09 2.6622866E-09 4.0844870E-09 9.1564178E-09 5.5959477E-09 6.4954540E-09 9.5847295E-09 1.2347297E-08 1.3978139E-08 1.6271242E-08 1.7820760E-08 1.9081211E-08 2.5655950E-08 2.7732316E-08 3.0493808E-08 2.8186101E-08  290.0038 296.0683 293.1810 290.0534 293.3970 292.6786 289.9715 288.5703 287.8094 285.7686 283.4970 283.5711 280.8243 278.8214 276.2603 277.4900  193.839
1992 2.8695095E-09 2.8369236E-09 4.1879353E-09 9.6720871E-09 5.5146638E-09 6.0691456E-09 9.6938972E-09 1.3347223E-08 1.2796527E-08 1.7152031E-08 1.9440892E-08 2.0046125E-08 2.5640752E-08 2.8438171E-08 3.0548122E-08 2.9122843E-08  290.1868 296.1950 293.0191 289.5340 293.2896 292.4920 289.4453 287.8097 287.3318 285.0022 282.4664 282.6830 280.1670 278.0854 275.2712 276.6956  235.484
1993 2.5113494E-09 2.7709213E-09 4.2595238E-09 1.0361485E-08 4.7904267E-09 5.2688489E-09 9.4485291E-09 1.4022219E-08 1.0684577E-08 1.4755175E-08 1.8969345E-08 2.1968248E-08 2.2013291E-08 2.5938780E-08 2.9784111E-08 2.9552538E-08  290.1656 296.3105 293.2797 289.6565 293.7044 293.0339 289.9420 288.1281 288.3873 286.0918 283.3523 283.1754 281.3968 279.3635 276.4584 277.3571  360.806
1994 2.4660358E-09 2.0687470E-09 3.5711671E-09 9.8249950E-09 5.8385861E-09 6.6219039E-09 1.1383263E-08 1.6745110E-08 1.4760471E-08 1.8792985E-08 2.1290710E-08 2.4508493E-08 2.6426958E-08 2.6658338E-08 3.0646660E-08 3.0194244E-08  290.0792 296.3812 293.2742 289.5810 293.6821 292.8575 289.8027 287.9745 287.9917 285.8983 283.3157 283.1349 281.1518 279.3788 276.5381 277.5603  266.968
1995 2.6887317E-09 2.0050133E-09 2.8074632E-09 6.8592598E-09 3.4890100E-09 4.5738862E-09 6.5797017E-09 9.5643946E-09 8.8832408E-09 1.1656433E-08 1.4122093E-08 1.5611324E-08 1.7420211E-08 1.9819081E-08 2.4454391E-08 2.4696043E-08  290.1342 296.6451 294.0509 291.1616 294.2950 293.6745 291.1466 289.8444 289.1240 287.2283 284.8595 284.9561 282.1634 280.2314 277.6667 278.6877  200.065
1996 2.1787874E-09 2.1944970E-09 4.2667287E-09 8.2932905E-09 4.6049826E-09 5.4332774E-09 7.9514528E-09 1.1839918E-08 9.2781205E-09 1.2545804E-08 1.6294756E-08 1.7432257E-08 1.9655941E-08 2.3185921E-08 2.7930158E-08 2.5823201E-08  289.8832 296.1622 293.4723 290.3688 293.7833 293.1333 290.5938 289.1803 288.4705 286.6253 284.3628 284.3382 281.3828 279.5511 276.9750 278.3003  198.387
1997 2.3430717E-09 2.4006783E-09 4.5737187E-09 1.1002877E-08 4.9560818E-09 5.5467773E-09 1.0915788E-08 1.6440294E-08 1.2098894E-08 1.8875925E-08 2.3144496E-08 2.4736590E-08 2.4880663E-08 2.9163029E-08 3.2813904E-08 2.9802170E-08  290.2913 296.7932 293.7339 290.0566 294.1524 293.4587 290.3304 288.4812 288.4284 285.9331 283.3329 283.3578 281.1950 279.1754 276.3380 277.7489  184.935
1998 1.5931554E-09 8.5873930E-10 1.5244297E-09 6.3635155E-09 1.4301403E-09 1.9993773E-09 3.1115679E-09 6.3486985E-09 4.0298156E-09 6.3171455E-09 8.2846148E-09 1.0359724E-08 1.3350144E-08 1.5701756E-08 1.8297388E-08 1.6433015E-08  289.8577 297.1382 295.1119 292.3949 294.9021 294.7512 292.6089 291.4500 290.1224 288.5756 286.5913 286.7769 282.8944 281.2308 279.0224 280.4742  210.645
1999 2.2882425E-09 1.2569477E-09 2.1995170E-09 6.9265291E-09 2.3087101E-09 2.6496196E-09 4.5040558E-09 8.3344860E-09 5.4897398E-09 7.1377282E-09 9.1398773E-09 1.0392771E-08 1.2813213E-08 1.5936360E-08 1.9272136E-08 1.7995937E-08  289.6497 297.1622 294.9223 291.9604 294.8745 294.6599 292.3217 291.0786 290.2619 288.6614 286.7451 286.7884 283.4501 281.5175 279.4544 280.5894  204.452
2000 1.8842812E-09 1.6389482E-09 3.9039207E-09 1.0470059E-08 3.5171936E-09 4.2306101E-09 8.0541156E-09 1.2450628E-08 9.4875618E-09 1.2150140E-08 1.4667942E-08 1.6483446E-08 1.9519767E-08 2.1146931E-08 2.4278078E-08 2.2261883E-08  290.0011 296.2564 293.5514 290.4329 293.8800 293.2933 290.6447 289.2895 288.6395 286.5930 284.2372 284.5320 281.7104 279.6337 276.9915 278.7523  546.452
2001 2.5206031E-09 2.6924241E-09 3.8920023E-09 9.1835703E-09 3.2658407E-09 5.0162194E-09 7.5169426E-09 1.1346560E-08 8.1338678E-09 1.1391500E-08 1.4899058E-08 1.7016196E-08 1.8595564E-08 2.1129129E-08 2.5242873E-08 2.3231690E-08  289.9829 296.6584 294.0382 290.6897 294.3558 293.7157 290.9839 289.5205 289.1620 287.1182 284.6152 284.7176 282.2112 280.2344 277.4922 278.9021  156
2002 2.1840605E-09 1.8705901E-09 3.3530878E-09 8.0432550E-09 3.5651484E-09 4.4745998E-09 8.0692777E-09 1.0278448E-08 9.1175512E-09 1.2843430E-08 1.7350041E-08 1.8692178E-08 2.1384592E-08 2.4205596E-08 2.8054350E-08 2.6984482E-08  290.0355 296.2605 293.4055 290.1714 293.8193 293.2095 290.4583 288.8739 288.5173 286.5048 283.9285 283.8478 281.5294 279.5460 276.7397 277.9467  158.903
2003 2.1430313E-09 2.2050013E-09 3.3340364E-09 9.7804431E-09 3.3882599E-09 4.6291948E-09 8.3929699E-09 1.2881616E-08 8.5530578E-09 1.2124008E-08 1.7178854E-08 2.0150946E-08 1.6612198E-08 2.0421815E-08 2.5829399E-08 2.6285715E-08  289.8622 296.6126 293.8811 290.4301 294.3389 293.8061 291.0493 289.2848 289.2862 287.2201 284.6709 284.3381 282.5673 280.3583 277.4946 278.2956  173.161
2004 3.0317528E-09 3.3876120E-09 4.3583905E-09 9.7520561E-09 3.4495085E-09 5.2895293E-09 9.0918508E-09 1.1825943E-08 1.0645906E-08 1.4395829E-08 1.8540899E-08 1.9591928E-08 2.5067177E-08 2.8031964E-08 3.0959566E-08 2.9522949E-08  290.1117 296.1990 293.2834 290.0896 293.8825 293.2011 290.3925 288.8978 288.4221 286.4276 283.9770 283.8871 281.5056 279.4328 276.8525 277.9448  166.935
2005 2.4135234E-09 2.1313558E-09 3.8064543E-09 9.3549488E-09 3.3113063E-09 4.1762243E-09 7.6327105E-09 1.2073036E-08 8.2537648E-09 1.0673989E-08 1.5569229E-08 1.8629231E-08 1.6195777E-08 1.9615218E-08 2.4497499E-08 2.5553270E-08  290.0344 296.5872 293.8383 290.6184 294.2964 293.7353 290.9980 289.3946 289.3120 287.4102 284.8951 284.6921 282.7083 280.6505 277.9382 278.7500  168.677
2006 2.8254725E-09 2.5281559E-09 3.8973638E-09 8.7476462E-09 4.2533985E-09 5.3067266E-09 7.8319182E-09 1.0015664E-08 8.1822602E-09 1.1349769E-08 1.3584635E-08 1.4258504E-08 1.7285869E-08 2.0341275E-08 2.3193595E-08 2.1578664E-08  289.9310 297.0671 294.3354 290.8692 294.8283 294.2276 291.5357 289.9312 289.8992 287.9614 285.4013 285.3225 283.2076 281.1320 278.3913 279.4737  329.097
2007 3.0180998E-09 2.2166260E-09 3.5194554E-09 8.4746006E-09 4.0126009E-09 3.8885752E-09 6.3475478E-09 1.0278591E-08 8.3307024E-09 1.0387656E-08 1.2326340E-08 1.4170813E-08 1.7197108E-08 2.0515687E-08 2.3554101E-08 2.1565866E-08  289.7141 296.4840 294.0759 291.1418 293.9586 293.5884 291.0725 289.8276 288.9868 287.0638 284.9586 285.1445 281.9428 280.0056 277.5152 278.9779  167.613
2008 2.3619235E-09 1.7323787E-09 3.2366285E-09 9.0609786E-09 2.9712632E-09 3.4757583E-09 6.5756467E-09 1.0836783E-08 7.7963138E-09 1.0045372E-08 1.2740454E-08 1.6337738E-08 1.7464117E-08 1.9750072E-08 2.3309211E-08 2.2479373E-08  289.5677 296.4254 294.0223 291.1593 294.0417 293.6217 291.1590 289.8997 288.9320 287.1742 285.0371 285.2006 281.9099 280.0917 277.7631 279.1927  296.871
2009 2.3661237E-09 1.6337348E-09 3.1779717E-09 8.5695770E-09 2.7187659E-09 3.5712484E-09 7.1912081E-09 1.2810064E-08 8.1151867E-09 1.1483260E-08 1.6851319E-08 2.0696172E-08 1.9514459E-08 2.3367177E-08 2.9415258E-08 2.7525369E-08  290.0500 296.4963 293.7286 290.3954 294.3126 293.7417 290.8147 289.1248 289.4040 287.3445 284.6142 284.3106 282.6553 280.7258 277.8037 278.7724  124.806
2010 2.0083861E-09 1.6447999E-09 3.2453951E-09 7.9644291E-09 2.8474367E-09 3.2708978E-09 5.7345750E-09 9.9423874E-09 7.7567197E-09 9.4145385E-09 1.0736199E-08 1.3035720E-08 1.5319289E-08 1.8396284E-08 2.0433895E-08 1.7834969E-08  289.6213 296.9676 294.4919 291.4580 294.6527 294.1816 291.7190 290.4456 289.8015 288.0630 286.0103 286.1122 283.0885 281.1479 279.0538 280.2802  178.839
2011 2.7408762E-09 1.8694986E-09 2.2593432E-09 7.2134987E-09 2.0853481E-09 3.2236378E-09 5.5128502E-09 9.7943325E-09 6.8677117E-09 9.5052313E-09 1.2403930E-08 1.4126808E-08 1.6401893E-08 1.9401334E-08 2.2779366E-08 2.1849182E-08  289.5496 296.6822 294.1346 291.0384 294.3298 293.7982 291.2296 289.8325 289.0768 287.1745 284.9839 285.0534 281.7420 279.8487 277.3797 278.8728  176.806
2012 2.2492237E-09 2.1057276E-09 3.9891481E-09 9.9241229E-09 3.3050676E-09 4.2150941E-09 7.9574489E-09 1.2091236E-08 1.1716117E-08 1.3552722E-08 1.6464623E-08 1.8333285E-08 2.3192774E-08 2.2584974E-08 2.7139601E-08 2.6073222E-08  289.8021 296.3147 293.5813 290.4266 293.9221 293.3672 290.7291 289.3334 288.5906 286.6898 284.4512 284.5695 281.8850 280.1600 277.5475 278.9401  115.387
2013 2.5907581E-09 2.7918019E-09 3.9629935E-09 1.0668177E-08 3.3655405E-09 4.2762065E-09 7.7802129E-09 1.2773094E-08 1.0356194E-08 1.3388263E-08 1.5734591E-08 1.8403053E-08 2.1134205E-08 2.3439279E-08 2.6914980E-08 2.5631431E-08  289.8510 296.7965 293.9725 290.5968 294.4533 293.8808 291.0566 289.4008 289.2459 287.3383 284.8069 284.6672 282.4355 280.5555 277.8383 278.8669  224.645
2014 2.1744537E-09 1.8478086E-09 3.7923118E-09 1.1317248E-08 3.6216823E-09 5.1399787E-09 1.0051836E-08 1.6713415E-08 8.1952223E-09 1.3541821E-08 1.9477337E-08 2.2976897E-08 2.0685757E-08 2.3956540E-08 2.9002239E-08 2.8661884E-08  290.1446 297.2151 294.0330 290.1256 294.8268 294.1147 290.8210 288.7176 289.4919 287.1368 284.1605 283.7600 282.3479 280.3581 277.1230 278.0345  450.452
2015 2.3650111E-09 1.7331601E-09 3.1417073E-09 9.7196944E-09 4.8206821E-09 4.9872182E-09 9.3797734E-09 1.4566559E-08 1.1206652E-08 1.5019825E-08 2.1375715E-08 2.4286880E-08 2.4394096E-08 2.7029436E-08 3.0705209E-08 3.1293396E-08  290.4950 296.7148 293.7328 290.1210 293.8459 293.2569 290.0542 288.3675 288.0783 285.6913 283.0235 283.1529 280.7401 278.6456 275.7501 277.4742  350.71
