STN,prec_1,prec_2,prec_3,prec_4,prec_5,prec_6,prec_7,prec_8,prec_9,prec_10,prec_11,prec_12,prec_13,prec_14,prec_15,prec_16,st_1,st_2,st_3,st_4,st_5,st_6,st_7,st_8,st_9,st_10,st_11,st_12,st_13,st_14,st_15,st_16,03.0
LAT,29.30136,29.30136,29.30136,29.30136,32.09194,32.09194,32.09194,32.09194,34.88252,34.88252,34.88252,34.88252,37.67308,37.67308,37.67308,37.67308,29.30136,29.30136,29.30136,29.30136,32.09194,32.09194,32.09194,32.09194,34.88252,34.88252,34.88252,34.88252,37.67308,37.67308,37.67308,37.67308,33.6194949
LON,-115.3125,-112.5000,-109.6875,-106.8750,-115.3125,-112.5000,-109.6875,-106.8750,-115.3125,-112.5000,-109.6875,-106.8750,-115.3125,-112.5000,-109.6875,-106.8750,-115.3125,-112.5000,-109.6875,-106.8750,-115.3125,-112.5000,-109.6875,-106.8750,-115.3125,-112.5000,-109.6875,-106.8750,-115.3125,-112.5000,-109.6875,-106.8750,-110.9215037
1958 1.2560220E-09 9.9452455E-09 4.2553317E-08 4.7184585E-08 3.2498348E-09 1.2674497E-08 3.5565410E-08 3.3946076E-08 3.2757010E-09 1.4848162E-08 3.1310126E-08 4.0278685E-08 8.9453902E-09 2.0270654E-08 2.9285701E-08 2.7569412E-08  294.7728 306.4203 301.2696 297.3936 307.0459 306.3849 301.4651 299.5225 304.6584 302.5622 298.6388 297.1638 300.5979 297.7270 294.5410 294.2274  3137.42
1959 7.5932144E-10 7.8195965E-09 4.8761823E-08 5.0977999E-08 2.1314031E-09 9.7713935E-09 3.4248384E-08 3.7904140E-08 3.5050751E-09 1.4252087E-08 3.2369936E-08 3.7282184E-08 1.1189114E-08 2.1963050E-08 3.2031128E-08 2.5645937E-08  294.6580 306.7507 301.0403 296.9683 307.1767 306.5056 301.3219 299.2299 304.2630 302.1856 298.2820 297.3472 300.0246 297.0552 293.9683 294.2555  230.323
1960 8.7070356E-10 7.1040667E-09 4.7483276E-08 5.5655686E-08 2.7273974E-09 1.0025375E-08 3.4921765E-08 3.8973081E-08 3.0059149E-09 1.2926522E-08 3.0160294E-08 3.7648913E-08 7.6618054E-09 1.7852939E-08 2.7775608E-08 2.3664253E-08  294.7771 306.3984 300.7665 296.6951 306.6254 306.1886 301.0783 298.7963 304.1934 302.3447 298.1714 296.9448 300.2757 297.5402 294.3314 294.3148  2936.39
1961 7.3402767E-10 7.4101472E-09 4.9412385E-08 5.1968929E-08 2.1148021E-09 8.3412042E-09 3.4387167E-08 3.5354873E-08 4.5257464E-09 1.4031077E-08 3.4431444E-08 3.8780101E-08 9.2864942E-09 2.1555934E-08 3.1387444E-08 2.8132282E-08  294.7627 306.7245 300.8517 296.7849 307.1758 306.4480 301.1320 299.1790 304.1711 302.0471 297.9709 297.0844 300.0554 297.0228 293.7711 293.8975  338.935
1962 1.0206787E-09 8.2633740E-09 4.3322544E-08 4.5017270E-08 2.4344866E-09 1.1037363E-08 3.2118486E-08 3.2083133E-08 3.9857149E-09 1.4927359E-08 3.1705536E-08 3.8964675E-08 9.7709165E-09 1.9903132E-08 2.9609534E-08 2.5734696E-08  294.5526 306.3791 301.0019 296.9455 306.8501 306.1466 301.1852 299.2845 304.0723 301.9198 297.9118 297.0564 299.9323 297.0458 293.7790 293.9303  1722.9
1963 8.1119084E-10 7.6338331E-09 4.6199073E-08 4.9522214E-08 3.0090472E-09 1.0355773E-08 3.2930515E-08 3.6373752E-08 4.1475561E-09 1.5609556E-08 3.2533631E-08 4.1192916E-08 1.1669929E-08 2.2091356E-08 3.3739909E-08 2.7897666E-08  294.7024 306.5374 300.7277 296.6488 307.1180 306.3120 301.0266 298.9762 304.3627 302.1521 297.9327 296.6712 300.0164 297.1299 293.7446 293.7926  783.065
1964 9.2105595E-10 1.0809529E-08 4.8330239E-08 5.6311077E-08 2.9522516E-09 1.2319783E-08 3.4179834E-08 3.7684536E-08 5.0475801E-09 1.5336948E-08 3.3256235E-08 4.0856506E-08 1.0697407E-08 2.0497477E-08 3.0588559E-08 2.8616340E-08  294.8469 306.7803 301.1818 296.9781 307.1918 306.4586 301.4380 299.3952 304.5650 302.4426 298.3835 297.2620 300.5691 297.6660 294.3803 294.2205  220
1965 9.4198227E-10 7.6071416E-09 3.8866180E-08 4.7509083E-08 2.7392044E-09 9.0593755E-09 2.9283800E-08 3.1340360E-08 3.9342809E-09 1.3392600E-08 2.9773899E-08 3.7340541E-08 1.0668961E-08 2.0269734E-08 2.8246996E-08 2.5998943E-08  294.8905 306.6035 301.2923 297.2569 307.1529 306.5815 301.4269 299.6179 304.4608 302.3293 298.4059 297.2385 300.1904 297.2587 294.0723 294.1339  1684.74
1966 9.8521358E-10 6.7432850E-09 4.5739053E-08 5.2298773E-08 2.3463154E-09 9.0044514E-09 3.4373496E-08 3.8703753E-08 4.0688790E-09 1.3167424E-08 3.2306364E-08 4.4524498E-08 1.1298760E-08 2.0963967E-08 3.0738697E-08 2.7186985E-08  294.5005 306.5424 300.8951 296.7563 306.9684 306.3227 301.0065 298.8069 304.2599 302.2106 297.8378 296.3874 300.0069 297.1652 293.7932 293.6975  3216.16
1967 8.8162083E-10 5.4148575E-09 4.3945178E-08 5.1914331E-08 1.5222793E-09 8.5187803E-09 3.2798116E-08 3.6091020E-08 2.5188380E-09 1.3014264E-08 3.0870630E-08 3.8633097E-08 7.7099607E-09 1.9763322E-08 2.8934060E-08 2.6814211E-08  294.6069 306.4235 300.7380 296.6540 306.9418 306.2303 300.9509 298.9380 304.2032 302.0934 298.1034 296.8943 300.0350 297.1257 293.9446 293.8155  298.355
1968 1.1796579E-09 8.7273246E-09 4.3952280E-08 4.8073584E-08 1.9187205E-09 9.8624771E-09 3.1183419E-08 3.2697756E-08 3.7782169E-09 1.4254263E-08 3.1289915E-08 3.7655855E-08 9.6411172E-09 2.1127141E-08 3.1183735E-08 2.6651382E-08  294.6063 306.2918 300.9333 296.8475 306.7404 306.2320 301.2248 299.2251 304.1782 302.0855 298.1921 297.1227 300.0190 297.1516 293.9598 293.8900  2828.71
1969 1.0346763E-09 7.3606885E-09 4.4751069E-08 4.9254105E-08 2.2726092E-09 9.3904537E-09 3.3580591E-08 3.3883346E-08 2.4265336E-09 1.2451682E-08 3.1348065E-08 3.8090668E-08 5.9597838E-09 1.6140257E-08 2.8058393E-08 2.6779633E-08  294.5978 306.9660 301.6954 297.7221 307.3805 306.8301 301.8484 299.8797 304.9184 302.9580 298.8693 297.6625 301.1875 298.2517 294.9453 294.6832  1222.26
1970 1.1756665E-09 8.3788372E-09 4.5372435E-08 5.4033833E-08 2.2353195E-09 9.6298294E-09 3.5203733E-08 3.4793715E-08 3.5931875E-09 1.3162913E-08 3.3068495E-08 4.1756298E-08 9.2843910E-09 1.9916277E-08 2.9954489E-08 2.7285472E-08  294.7314 306.2222 300.7641 296.6738 306.6134 306.1309 301.1114 299.0523 304.1257 302.1307 297.9388 296.7718 300.1693 297.3581 294.0654 293.8842  605.226
1971 7.7483625E-10 7.1619763E-09 4.7053032E-08 5.1443454E-08 2.6329035E-09 8.5883043E-09 3.5484703E-08 3.8936481E-08 4.2415875E-09 1.2895923E-08 3.4675367E-08 4.1022872E-08 9.8159552E-09 2.0905825E-08 3.2018733E-08 2.6708975E-08  294.5488 306.2725 300.7116 296.8453 306.9039 306.2748 300.8597 298.9763 304.3307 302.2724 298.0831 296.8795 300.1424 297.2461 293.7532 293.8389  262.161
1972 7.4775880E-10 6.8177894E-09 3.9839573E-08 4.6396753E-08 1.8200994E-09 1.0123090E-08 2.9681017E-08 3.2529186E-08 3.0254377E-09 1.2116733E-08 3.1075754E-08 3.4857560E-08 8.1494091E-09 1.9287119E-08 2.9425479E-08 2.5561096E-08  294.5937 306.4383 301.1465 297.1430 306.8188 306.2149 301.4296 299.4607 304.1678 302.2174 298.2914 297.3887 300.1302 297.3029 294.0895 294.0844  493.903
1973 9.7270936E-10 7.0541093E-09 4.3517019E-08 5.4191663E-08 2.8326741E-09 8.3020177E-09 3.4085872E-08 4.0656570E-08 3.9511767E-09 1.2014654E-08 3.4203303E-08 4.2201400E-08 1.0843658E-08 2.0936914E-08 3.0530305E-08 2.6024193E-08  294.6018 306.4442 300.7469 296.4897 306.8836 306.3846 300.7669 298.4370 304.2847 302.3221 297.8422 296.4700 300.0208 297.2196 293.9083 293.8518  5511.61
1974 7.2399642E-10 6.9204962E-09 3.1039839E-08 4.2892697E-08 2.2053288E-09 8.6002965E-09 2.6713948E-08 3.4188226E-08 3.6092058E-09 1.3254767E-08 2.8806991E-08 3.5869089E-08 8.9551122E-09 1.9944085E-08 2.9205582E-08 2.6222908E-08  294.3443 306.0720 300.8575 296.5199 306.4270 306.0263 300.9131 298.7081 304.0285 301.9719 298.0466 296.8256 299.7666 296.8450 293.6837 293.5500  559.258
1975 1.0854455E-09 6.5608572E-09 3.5312173E-08 3.8329222E-08 3.1788230E-09 1.0975572E-08 2.6654456E-08 2.8852538E-08 4.4647321E-09 1.5254916E-08 2.9632565E-08 3.4709391E-08 1.0190993E-08 2.1024899E-08 3.1094473E-08 2.4716776E-08  294.5187 306.7733 301.5201 297.8535 307.1676 306.5139 301.6757 299.9361 304.3567 302.2294 298.6096 297.6521 300.0685 297.2627 294.1270 294.3067  2143.87
1976 7.7299900E-10 6.7283490E-09 3.9481762E-08 4.3212850E-08 2.6951077E-09 9.5537409E-09 3.2006039E-08 3.6458211E-08 3.7835384E-09 1.4011667E-08 3.0752481E-08 3.9504201E-08 1.1216721E-08 2.2436270E-08 3.1353419E-08 2.5642670E-08  294.6061 306.2346 300.8322 296.9219 306.6038 306.0209 300.7707 298.8155 304.0240 301.9113 297.9364 296.6247 299.7539 296.8377 293.6471 293.6097  574.387
1977 1.0313662E-09 5.4883960E-09 3.9075122E-08 4.9518217E-08 1.5892562E-09 8.0857196E-09 3.2625035E-08 3.4762373E-08 1.7851310E-09 1.0951759E-08 3.2368977E-08 3.8645915E-08 7.0570794E-09 1.7377628E-08 2.8235764E-08 2.5586402E-08  294.7992 306.8065 301.5545 297.0295 306.9912 306.8433 301.7567 299.3256 304.6218 302.7781 298.6070 297.2359 300.5398 297.8861 294.5925 294.2907  241.097
1978 7.7684814E-10 4.7423065E-09 3.7751157E-08 5.2570353E-08 1.3339165E-09 5.9296101E-09 2.7766339E-08 3.6301955E-08 2.7951310E-09 1.0093766E-08 2.6307253E-08 3.6435726E-08 7.5723365E-09 1.7354743E-08 2.6560812E-08 2.4615712E-08  294.7692 306.6185 301.0232 296.5176 306.7188 306.6532 301.5383 299.0204 304.1664 302.5562 298.6645 297.2546 300.1011 297.5451 294.5106 294.1808  10386.5
1979 7.2910000E-10 6.6843757E-09 4.1887180E-08 5.1035570E-08 2.3271183E-09 1.0627780E-08 3.3105493E-08 3.5078667E-08 4.0626391E-09 1.2784101E-08 3.1604639E-08 3.7242526E-08 9.1412833E-09 1.8294701E-08 2.8763973E-08 2.5468614E-08  294.7154 306.7071 301.2267 296.9985 306.8902 306.3109 301.2299 299.2426 304.1664 302.2329 298.1536 297.1466 300.1815 297.4124 294.1118 294.1993  5053.23
1980 8.9501562E-10 4.7230602E-09 3.1701600E-08 5.3195244E-08 1.9172188E-09 7.0195996E-09 2.4961430E-08 3.6492629E-08 2.9398799E-09 1.0042405E-08 2.5292971E-08 3.6064677E-08 7.2012782E-09 1.6404696E-08 2.5632389E-08 2.3955058E-08  294.8466 306.7885 301.4433 296.7173 306.5390 306.5535 301.6479 299.0842 303.9945 302.5308 298.7324 297.3637 300.0797 297.6068 294.5218 294.2542  2700.97
1981 8.6508489E-10 9.2101970E-09 4.0172456E-08 4.9556210E-08 2.4166604E-09 1.0356976E-08 2.7578315E-08 3.3799719E-08 3.9462913E-09 1.1346920E-08 2.7225637E-08 3.7269739E-08 9.1435108E-09 1.7394191E-08 2.6764692E-08 2.4444345E-08  294.7499 306.3032 301.0139 296.8438 306.6630 306.2571 301.3919 299.2365 304.0599 302.3618 298.5280 297.1878 300.1077 297.5393 294.3522 294.1010  763.032
1982 9.1911312E-10 5.4075597E-09 3.9669043E-08 5.1554611E-08 2.5410678E-09 8.1462108E-09 2.9393494E-08 3.5871700E-08 2.9345544E-09 1.1056563E-08 2.6769836E-08 3.9241542E-08 6.8001604E-09 1.7491319E-08 2.6432922E-08 2.4953486E-08  294.5602 306.6609 301.2866 297.1396 307.0329 306.8108 301.6013 299.4153 304.5990 302.8634 298.8447 297.4176 300.6946 297.8695 294.7343 294.5001  2641.61
1983 9.0882213E-10 5.5224216E-09 3.5588336E-08 5.5848634E-08 2.1808790E-09 7.7807707E-09 2.9612048E-08 4.1090487E-08 2.7140015E-09 1.0476841E-08 2.7490186E-08 3.9236109E-08 7.1423263E-09 1.5279127E-08 2.7005731E-08 2.5086683E-08  294.9066 306.9679 301.7166 297.1957 306.8575 306.9754 301.8340 299.1151 304.5301 302.9281 298.8672 297.0933 300.6038 297.9922 294.7539 294.2780  5229.35
1984 1.0035227E-09 6.6686838E-09 3.9284981E-08 4.9328435E-08 2.5112552E-09 8.9671239E-09 3.3169020E-08 3.9301472E-08 3.6290075E-09 1.2451446E-08 3.0406230E-08 4.0197818E-08 1.0800422E-08 2.0487249E-08 3.0466779E-08 2.4842738E-08  294.7584 306.1603 300.4963 296.2574 306.4206 305.8459 300.4045 298.3711 303.8316 301.8265 297.6856 296.4183 299.5389 296.7618 293.6084 293.6755  815.032
1985 8.1719270E-10 5.0077471E-09 4.1732310E-08 5.0406229E-08 2.7131171E-09 8.9841432E-09 3.0474212E-08 3.8231700E-08 3.9452499E-09 1.2697326E-08 2.7210920E-08 3.6156376E-08 9.6288622E-09 1.7931786E-08 2.6294803E-08 2.3595463E-08  294.6990 306.8782 301.3614 296.9995 306.8145 306.5296 301.4333 299.0568 304.1049 302.4078 298.5586 297.1171 300.0744 297.4669 294.3375 294.1551  5155.48
1986 1.2229653E-09 7.2303603E-09 3.8422087E-08 4.5392660E-08 3.3172300E-09 9.9894839E-09 2.9621290E-08 3.2911174E-08 4.2960786E-09 1.3787673E-08 2.9116880E-08 3.8528995E-08 1.1205188E-08 2.1595406E-08 2.8840279E-08 2.3859148E-08  294.7839 306.4825 301.3580 297.1601 306.7822 306.3152 301.4229 299.2766 304.1576 302.1295 298.4218 297.1786 299.9776 297.1612 294.1779 294.1502  2379.68
1987 8.9257629E-10 3.8873491E-09 2.9353508E-08 5.0387580E-08 1.9794202E-09 7.8405122E-09 2.5111579E-08 3.6373148E-08 3.0001188E-09 1.1149406E-08 2.7923814E-08 3.6187934E-08 8.3415124E-09 1.7609107E-08 2.8167650E-08 2.5396314E-08  294.7282 306.8059 301.5870 296.9470 306.8822 306.7339 301.7474 299.0217 304.4087 302.6712 298.6551 297.1148 300.2563 297.5242 294.2834 294.0348  2684.52
1988 5.5047727E-10 4.0057215E-09 3.4175468E-08 4.9037041E-08 1.1708079E-09 6.4847150E-09 2.5903839E-08 3.6006387E-08 2.7933384E-09 9.9470867E-09 2.5441391E-08 3.5886281E-08 8.8309324E-09 1.8679204E-08 2.7311330E-08 2.3223297E-08  294.6436 306.7527 301.2855 296.5016 306.6765 306.5482 301.3872 298.5295 303.9233 302.2799 298.3317 296.8015 299.7726 297.0154 293.7940 293.8313  1125.32
1989 6.8666484E-10 5.4089382E-09 3.8827086E-08 5.1788327E-08 2.0305257E-09 8.9742258E-09 3.1517356E-08 3.8397051E-08 4.3537898E-09 1.3505147E-08 2.9303902E-08 3.8859575E-08 1.2571521E-08 2.1581046E-08 2.9723932E-08 2.6205567E-08  294.5749 306.4946 300.7921 296.3890 306.7973 306.2836 300.8495 298.3719 304.0597 301.9150 297.7769 296.3162 299.6525 296.7524 293.5641 293.5026  1158.19
1990 8.3427698E-10 5.3781717E-09 3.4544605E-08 4.9200441E-08 1.6936552E-09 8.0650686E-09 2.7352817E-08 3.7156020E-08 2.7902702E-09 1.2576779E-08 2.7294721E-08 3.7351469E-08 9.8822666E-09 1.9984544E-08 2.8386989E-08 2.3916046E-08  294.7573 306.9947 301.7756 297.3593 307.3281 306.9203 301.6298 299.2728 304.7448 302.7704 298.8578 297.3601 300.4179 297.5656 294.4798 294.4363  426.645
1991 8.8527269E-10 6.0041612E-09 3.8993857E-08 5.0257920E-08 2.4011599E-09 7.7845943E-09 3.1077160E-08 3.6811283E-08 3.2663321E-09 1.1073940E-08 2.7328989E-08 3.7689535E-08 8.1943519E-09 1.9086631E-08 3.0235185E-08 2.5231644E-08  294.8124 306.8104 301.6177 297.2135 307.0199 306.8603 301.7435 299.4029 304.6236 302.8205 298.8921 297.4421 300.6167 297.7766 294.4871 294.3846  6408.39
1992 1.2084097E-09 5.6308571E-09 3.7256655E-08 5.3017757E-08 2.0259026E-09 7.1748403E-09 2.9994101E-08 4.1396962E-08 3.3089018E-09 1.1161047E-08 2.8596711E-08 4.0409507E-08 1.0365227E-08 1.9628450E-08 2.8752931E-08 2.4730630E-08  294.7278 306.3809 300.8615 296.4536 306.4460 306.1136 300.8085 298.3722 303.9738 302.0635 297.9549 296.4030 299.8459 297.1172 293.8904 293.7203  2741.61
1993 1.2108761E-09 4.8176756E-09 3.2769112E-08 4.8861690E-08 2.4366635E-09 7.0425852E-09 2.5689655E-08 3.6181710E-08 3.3423819E-09 9.5117114E-09 2.4958734E-08 3.6570345E-08 7.3890507E-09 1.6032930E-08 2.6204779E-08 2.4116195E-08  295.0153 307.0226 301.6514 297.1958 306.9156 306.9905 302.0113 299.3306 304.4049 302.9423 299.1556 297.4416 300.4316 297.9768 294.8005 294.4160  5152.9
1994 9.1071123E-10 6.4560988E-09 3.6750883E-08 5.1297267E-08 2.3347189E-09 9.9966719E-09 3.0431391E-08 4.0048683E-08 3.8823549E-09 1.3930880E-08 3.1387522E-08 3.9606604E-08 1.1163001E-08 2.1255776E-08 3.0652892E-08 2.5019249E-08  294.6234 306.2780 300.8696 296.4160 306.6737 306.1538 300.8048 298.3528 304.1953 302.0518 297.8757 296.3533 299.8330 296.8877 293.6295 293.6893  1420.1
1995 8.2631130E-10 5.4960148E-09 3.3938811E-08 5.0377594E-08 1.4821293E-09 6.3245564E-09 2.5452218E-08 3.5106947E-08 1.8878294E-09 9.3018837E-09 2.6429303E-08 3.5993114E-08 6.6298491E-09 1.6041641E-08 2.6433680E-08 2.4536453E-08  294.7387 306.9543 301.7829 297.2554 306.9695 307.1636 302.1245 299.4753 304.7751 303.1875 299.1181 297.5777 300.9312 298.2786 294.9478 294.5730  5089.35
1996 7.8704121E-10 7.1157928E-09 4.2027668E-08 5.3492887E-08 1.9113038E-09 9.5510968E-09 3.1309419E-08 3.8200522E-08 3.0641378E-09 1.3731607E-08 3.0367424E-08 3.7792674E-08 1.1165253E-08 2.0143691E-08 2.7675554E-08 2.4121272E-08  294.9601 306.5478 300.7909 296.4666 306.9884 306.3484 301.0694 298.6589 304.2886 302.2167 298.0190 296.7000 299.8883 297.1049 293.9797 294.0647  222.323
1997 8.0154350E-10 6.1885901E-09 3.7110098E-08 4.2458723E-08 2.3671642E-09 9.7189705E-09 2.9491265E-08 3.0809545E-08 4.7021089E-09 1.4427138E-08 3.0809623E-08 3.5715750E-08 1.0914194E-08 2.1382341E-08 2.9547166E-08 2.5471165E-08  294.7946 306.9965 301.6181 297.4955 307.1254 306.5387 301.4166 299.4814 304.0707 302.0710 298.1923 297.1455 299.8308 296.9699 293.8902 294.0510  2115.81
1998 7.2501277E-10 4.8663544E-09 3.5872656E-08 5.1629812E-08 1.8402123E-09 7.1636386E-09 2.5975774E-08 3.5057802E-08 3.0483673E-09 1.1589794E-08 2.6154842E-08 3.8394894E-08 8.4453564E-09 1.7399834E-08 2.7032016E-08 2.5556007E-08  294.8178 306.9572 301.5434 297.1572 307.0310 307.0683 302.0870 299.5662 304.4439 302.8537 299.0334 297.5568 300.4557 297.8808 294.7889 294.5540  2901.61
1999 6.2540934E-10 4.6354378E-09 3.1341806E-08 4.7390230E-08 1.8555294E-09 7.5539708E-09 2.9012005E-08 3.7340318E-08 3.2335066E-09 1.0763540E-08 2.8518446E-08 3.8786780E-08 8.4157961E-09 1.8315705E-08 2.8411824E-08 2.4395066E-08  294.7762 306.8550 301.7172 297.0937 306.6943 306.6490 301.4669 299.1092 304.1528 302.3965 298.3123 296.9492 300.1493 297.3293 293.9863 294.0146  192.226
2000 1.0641273E-09 5.2022036E-09 3.5104303E-08 5.3223850E-08 1.6336935E-09 7.3341133E-09 3.0275974E-08 4.4301736E-08 3.3598759E-09 1.1876272E-08 2.8912474E-08 3.9404789E-08 1.0891347E-08 2.0365452E-08 2.7487584E-08 2.4486702E-08  294.7937 306.8336 301.6233 296.9680 306.8628 306.6873 301.4742 298.7690 304.4781 302.5975 298.5491 296.8309 300.2452 297.5052 294.3773 294.2296  226
2001 9.4304542E-10 6.2268821E-09 4.2917328E-08 4.9627516E-08 2.4593592E-09 9.4992503E-09 3.2662861E-08 3.8048679E-08 4.7373505E-09 1.4226382E-08 3.1837541E-08 3.8101621E-08 1.0954632E-08 2.2453884E-08 3.1508609E-08 2.6296485E-08  294.5896 306.5698 301.0837 296.9615 307.0504 306.3224 301.0302 298.9223 304.3701 302.1805 298.0870 296.8267 300.1376 297.1173 293.8063 293.9430  1256
2002 5.8522975E-10 4.1128376E-09 3.8624211E-08 5.1860720E-08 1.3775346E-09 7.2006290E-09 3.2927122E-08 3.9420300E-08 2.8891489E-09 1.2444854E-08 3.2010774E-08 4.1128857E-08 1.0132799E-08 2.0956204E-08 2.9751087E-08 2.4977936E-08  294.4887 306.5865 300.9606 296.4839 306.9718 306.5999 301.1998 298.5776 304.5097 302.4849 298.1866 296.5916 300.2747 297.3174 293.9945 293.9065  178.742
2003 5.1473314E-10 4.3316768E-09 3.2315430E-08 5.1206001E-08 2.0123672E-09 7.3249291E-09 2.6770206E-08 4.0180783E-08 3.8817887E-09 1.2203055E-08 2.9348866E-08 3.9774651E-08 1.1478199E-08 2.0770988E-08 2.8414458E-08 2.3402686E-08  294.2637 306.9127 301.3844 296.7859 306.8890 306.6410 301.4228 298.7006 304.3011 302.5124 298.4233 296.6023 300.0692 297.5029 294.2196 294.0215  2632.26
2004 6.3566519E-10 4.8766826E-09 3.0227916E-08 4.9364502E-08 1.2467277E-09 6.4574230E-09 2.7063766E-08 3.4765076E-08 1.8576870E-09 8.8194341E-09 2.2826223E-08 3.2802472E-08 6.4800574E-09 1.4766834E-08 2.2693587E-08 2.1065235E-08  294.6312 307.2188 302.0407 297.4160 306.8464 307.0624 302.0464 299.4415 304.4649 303.1257 299.2858 297.7586 300.5872 298.2585 295.0857 294.7847  1382.03
2005 9.2869290E-10 5.4107447E-09 3.6739035E-08 5.0444484E-08 1.4526875E-09 7.0914781E-09 2.9156835E-08 3.8011066E-08 2.8994298E-09 1.1184897E-08 2.6234581E-08 3.6918092E-08 8.5324681E-09 1.7673383E-08 2.7520915E-08 2.4352534E-08  294.8204 306.9693 301.8119 297.4180 307.0591 306.8813 301.8038 299.3652 304.5875 302.9045 298.9709 297.3811 300.5267 297.9613 294.6927 294.4185  2128.06
2006 9.1250957E-10 7.5315594E-09 4.2888356E-08 5.3146138E-08 2.9519553E-09 1.1860767E-08 3.4886792E-08 3.7070318E-08 4.5847344E-09 1.5053766E-08 3.1585234E-08 3.7701447E-08 1.2035181E-08 2.3336327E-08 3.0579994E-08 2.5371524E-08  294.5674 306.8796 301.4250 297.2601 307.4920 306.6849 301.4886 299.4819 304.5696 302.4763 298.5614 297.5091 300.2366 297.3910 294.4054 294.6310  201.581
2007 7.0117218E-10 3.6009242E-09 2.7142363E-08 4.6649461E-08 1.0524961E-09 5.7935789E-09 2.4093577E-08 3.1037899E-08 2.0453657E-09 8.9517842E-09 2.5909012E-08 3.5516290E-08 6.0540830E-09 1.4592129E-08 2.6411771E-08 2.4020876E-08  294.6859 307.4228 302.5369 297.8925 307.1638 307.4679 302.6644 300.1291 304.6536 303.1707 299.2658 297.9216 300.7437 298.1654 295.0031 294.7499  874.581
2008 1.1390454E-09 5.2431401E-09 3.5018545E-08 5.0250364E-08 2.3918953E-09 9.1420871E-09 2.9303539E-08 3.5711128E-08 3.2421872E-09 1.1682245E-08 2.7139158E-08 3.3917647E-08 9.8502859E-09 1.8469432E-08 2.7106582E-08 2.2777929E-08  294.5729 306.6160 301.3974 297.0484 306.5228 306.3517 301.4513 299.0610 304.1302 302.3734 298.5074 297.3326 299.8956 297.3210 294.2760 294.3189  2569.35
2009 9.7533681E-10 7.0509407E-09 4.5559343E-08 5.3911965E-08 2.8234084E-09 9.8943458E-09 3.2618996E-08 4.0305391E-08 3.7522749E-09 1.2629823E-08 3.0791533E-08 4.0429718E-08 1.0223241E-08 1.9894420E-08 2.8323898E-08 2.5198739E-08  294.8154 306.9679 301.1583 296.7572 307.3224 306.7063 301.1956 298.7037 304.5582 302.5418 298.2314 296.6936 300.4303 297.5452 294.2764 294.1476  1608.06
2010 6.2986638E-10 6.3819221E-09 3.6606050E-08 5.2339939E-08 1.8884290E-09 8.4298346E-09 2.7139349E-08 3.5404106E-08 3.2350451E-09 1.1285168E-08 2.9190568E-08 3.7225650E-08 8.8815675E-09 1.8360787E-08 2.7954050E-08 2.6299873E-08  0.0000000E+00 0.0000000E+00 0.0000000E+00 0.0000000E+00 0.0000000E+00 0.0000000E+00 0.0000000E+00 0.0000000E+00 0.0000000E+00 0.0000000E+00 0.0000000E+00 0.0000000E+00 0.0000000E+00 0.0000000E+00 0.0000000E+00 0.0000000E+00  2528.06
2011 8.1212603E-10 6.2784022E-09 3.9550567E-08 4.9857501E-08 1.7186489E-09 7.8646174E-09 3.2078709E-08 3.6017020E-08 2.1758071E-09 1.1785041E-08 2.9321424E-08 3.8489766E-08 8.1220017E-09 1.8225212E-08 2.7151785E-08 2.4467898E-08  294.4488 306.6575 301.2061 296.9327 306.9443 306.4809 301.2229 299.0469 304.3529 302.4211 298.2781 296.8957 300.2480 297.6590 294.3925 294.2348  376.516
2012 1.1104000E-09 8.2109040E-09 4.7051493E-08 5.5612638E-08 2.8087834E-09 1.0948553E-08 3.4820953E-08 3.9110802E-08 4.7267092E-09 1.4061583E-08 3.0216910E-08 3.9645162E-08 9.9185558E-09 2.0516561E-08 2.9238933E-08 2.7462676E-08  294.9500 306.5932 300.9242 296.7542 307.2463 306.3905 301.2108 298.9230 304.4417 302.3319 298.3498 296.9514 300.4213 297.4771 294.2176 294.1111  645.032
2013 7.8403756E-10 7.3085871E-09 3.6885261E-08 5.8040072E-08 2.6162514E-09 8.6990353E-09 3.1586747E-08 3.9722622E-08 2.8804330E-09 1.0284738E-08 2.7274348E-08 3.8392788E-08 7.6797306E-09 1.6877902E-08 2.7442388E-08 2.2152179E-08  294.7180 306.7642 301.3616 296.6952 306.9898 306.7037 301.5779 299.0602 304.4981 302.8195 298.6953 297.1740 300.5093 297.8740 294.5416 294.5191  1288.39
2014 1.1281082E-09 6.7315997E-09 4.3609226E-08 4.8349154E-08 1.9382178E-09 9.5030206E-09 3.1014569E-08 3.4320873E-08 3.5201753E-09 1.4796938E-08 3.3343301E-08 3.8705675E-08 9.8511537E-09 2.0445890E-08 3.0548883E-08 2.6631591E-08  294.6532 306.9530 301.6621 297.4978 307.5854 307.0147 301.9564 299.6859 304.7972 302.6017 298.5719 297.5096 300.6267 297.6477 294.3998 294.4631  394.71
2015 1.4615908E-09 5.7837011E-09 3.8531137E-08 4.8419999E-08 2.5709923E-09 9.0256682E-09 3.0396791E-08 3.4115832E-08 3.8299168E-09 1.4327260E-08 3.2319306E-08 3.7666194E-08 9.4576293E-09 2.1346485E-08 3.1366433E-08 2.7235872E-08  294.9074 306.8325 301.2807 297.1291 307.1396 306.7441 301.6637 299.5145 304.4748 302.4485 298.3544 297.3312 300.4826 297.4515 294.1145 294.1761  587.355
