STN,prec_1,prec_2,prec_3,prec_4,prec_5,prec_6,prec_7,prec_8,prec_9,prec_10,prec_11,prec_12,prec_13,prec_14,prec_15,prec_16,st_1,st_2,st_3,st_4,st_5,st_6,st_7,st_8,st_9,st_10,st_11,st_12,st_13,st_14,st_15,st_16,03.0
LAT,29.30136,29.30136,29.30136,29.30136,32.09194,32.09194,32.09194,32.09194,34.88252,34.88252,34.88252,34.88252,37.67308,37.67308,37.67308,37.67308,29.30136,29.30136,29.30136,29.30136,32.09194,32.09194,32.09194,32.09194,34.88252,34.88252,34.88252,34.88252,37.67308,37.67308,37.67308,37.67308,33.6194949
LON,-115.3125,-112.5000,-109.6875,-106.8750,-115.3125,-112.5000,-109.6875,-106.8750,-115.3125,-112.5000,-109.6875,-106.8750,-115.3125,-112.5000,-109.6875,-106.8750,-115.3125,-112.5000,-109.6875,-106.8750,-115.3125,-112.5000,-109.6875,-106.8750,-115.3125,-112.5000,-109.6875,-106.8750,-115.3125,-112.5000,-109.6875,-106.8750,-110.9215037
1958 6.7931958E-09 7.1729884E-09 8.9877981E-09 1.2544599E-08 1.3397530E-08 1.4116591E-08 1.8743540E-08 2.0851012E-08 2.2451911E-08 2.2977620E-08 2.3586212E-08 2.3721086E-08 3.1240326E-08 2.4871005E-08 2.4610413E-08 2.4632302E-08  291.1906 292.9418 289.0533 285.0366 289.4644 287.7514 284.9871 283.3111 282.3709 280.3377 278.0615 278.1980 275.2556 273.1466 270.2523 271.8720  3137.42
1959 3.1799570E-09 3.4521290E-09 5.3500608E-09 1.0956437E-08 6.6539627E-09 6.9581110E-09 1.1108779E-08 1.4249289E-08 1.3182124E-08 1.5887476E-08 1.7496303E-08 1.8117859E-08 1.9360693E-08 2.0685350E-08 2.2613174E-08 2.3535623E-08  290.3788 292.6244 288.5592 284.6091 289.6693 287.8196 284.7370 283.0120 282.6160 280.1459 277.7005 277.8392 274.9079 272.4659 269.7342 271.2310  230.323
1960 2.6715508E-09 2.6693707E-09 4.0033017E-09 7.2192017E-09 5.5458749E-09 5.8129981E-09 8.2941884E-09 1.0839737E-08 1.0740452E-08 1.3085904E-08 1.4178963E-08 1.4527807E-08 1.7683030E-08 1.8515992E-08 1.9738291E-08 2.0927661E-08  289.6023 293.2346 289.7949 286.1727 290.2051 288.5946 285.6568 284.0170 283.4082 280.9655 278.3210 278.3084 275.5057 272.8303 270.2233 271.7122  2936.39
1961 3.2509830E-09 2.7198070E-09 3.6679797E-09 6.7309287E-09 4.9482232E-09 5.8548921E-09 7.9892937E-09 9.9218420E-09 1.2413873E-08 1.3704777E-08 1.3991807E-08 1.3036394E-08 2.2112655E-08 2.1376515E-08 2.0883839E-08 2.0443752E-08  289.5396 292.9210 289.6126 286.3358 289.9206 288.3387 285.6920 284.3860 282.7932 280.4108 278.0634 278.5450 274.7453 272.1136 269.5757 271.6787  338.935
1962 2.9866856E-09 3.0143672E-09 3.8699968E-09 6.2771335E-09 6.3715055E-09 6.9993575E-09 7.7688593E-09 8.0471931E-09 1.4707524E-08 1.5497724E-08 1.4717339E-08 1.2504750E-08 2.4716286E-08 2.2956774E-08 2.1950715E-08 1.9605224E-08  288.7399 293.4242 290.2737 287.0022 289.9869 288.6477 286.1288 284.8333 283.0517 280.8395 278.6083 279.2616 275.2538 272.6430 270.1443 272.7223  1722.9
1963 2.9223515E-09 2.9545908E-09 5.0191926E-09 1.0193846E-08 6.0347363E-09 6.5620438E-09 1.0295850E-08 1.2943419E-08 1.3119489E-08 1.3809740E-08 1.4918893E-08 1.5594107E-08 2.1407292E-08 2.0233646E-08 2.0187914E-08 2.0213268E-08  289.3983 293.5278 289.9826 286.2568 290.4232 288.8364 285.9157 284.2063 283.3376 280.9031 278.5006 278.8362 275.0804 272.4443 270.3084 272.4678  783.065
1964 3.8098573E-09 3.5763434E-09 4.7309294E-09 9.1193453E-09 6.7633779E-09 7.8694544E-09 1.0790996E-08 1.3192698E-08 1.2144958E-08 1.5202522E-08 1.7210196E-08 1.7725101E-08 2.0594614E-08 2.0211319E-08 2.1291241E-08 2.0635900E-08  289.4905 293.1920 289.5213 285.6817 290.3987 288.7088 285.8237 284.0457 283.8869 281.4968 278.8930 278.8530 276.2878 273.6530 270.8957 272.5936  220
1965 3.4955268E-09 4.4990998E-09 7.0646675E-09 1.0946750E-08 6.8198260E-09 7.9939051E-09 1.0796562E-08 1.3256519E-08 1.5836687E-08 1.6953368E-08 1.6251182E-08 1.6293971E-08 2.4015129E-08 2.2523048E-08 2.2575781E-08 2.1894225E-08  289.0676 293.0258 289.4477 285.8513 290.1836 288.5709 285.7752 284.2729 283.4367 281.2901 279.0321 279.4070 275.9159 273.6670 271.4188 273.2288  1684.74
1966 5.5282827E-09 5.8507359E-09 7.5116855E-09 1.0965389E-08 1.1490960E-08 1.0842450E-08 1.4897716E-08 1.6540394E-08 2.0816517E-08 2.1964093E-08 2.1448550E-08 1.9656387E-08 2.8199070E-08 2.4641796E-08 2.4390834E-08 2.3490781E-08  288.9798 292.6375 288.9632 285.0585 289.2236 287.7429 285.0410 283.4334 282.2520 280.1274 277.9345 278.3676 274.8358 272.4381 270.0783 272.2149  3216.16
1967 2.8090748E-09 4.0012882E-09 5.4927329E-09 7.6389322E-09 3.9050891E-09 5.2910232E-09 8.7889260E-09 9.7616715E-09 1.0395290E-08 1.1655111E-08 1.3046151E-08 1.3095564E-08 1.9462183E-08 1.8511967E-08 1.8443234E-08 1.7981208E-08  289.3267 293.1505 289.6901 286.1416 290.1433 288.5355 285.7318 284.2577 283.2182 280.7362 278.2993 278.6425 275.0366 272.5161 269.7342 271.8568  298.355
1968 6.6526233E-09 7.7048545E-09 1.1011935E-08 1.6719431E-08 1.1141870E-08 1.2621260E-08 1.7110144E-08 1.9364684E-08 2.0734971E-08 2.3224075E-08 2.4387782E-08 2.2344489E-08 2.7623717E-08 2.6986836E-08 2.6839476E-08 2.6727371E-08  290.0296 292.9475 289.2450 285.4713 290.1117 288.2798 285.4831 283.8254 283.2126 281.0040 278.5141 278.6653 275.9932 273.7391 270.8779 272.2420  2828.71
1969 5.9821077E-09 7.2489064E-09 8.7664054E-09 1.2951600E-08 1.4373149E-08 1.4924520E-08 1.6275218E-08 1.7322382E-08 2.3979768E-08 2.5441054E-08 2.3900206E-08 2.0132450E-08 3.1179024E-08 2.6540405E-08 2.5014741E-08 2.3659139E-08  288.9353 292.4248 288.8142 284.9415 289.1387 287.4846 284.8907 283.3843 282.4474 280.3231 278.0963 278.5999 275.7828 273.4927 270.8765 272.7407  1222.26
1970 4.7816711E-09 4.6334843E-09 7.0162600E-09 1.1868374E-08 9.3223038E-09 1.0345370E-08 1.2559052E-08 1.4253210E-08 1.5223863E-08 1.7383401E-08 1.8265855E-08 1.7372093E-08 2.1141755E-08 2.1139783E-08 2.2180959E-08 2.1795016E-08  289.5771 293.2127 289.4163 285.4644 290.3446 288.5412 285.6656 283.8874 283.6367 281.2247 278.6843 278.7158 276.1461 273.6649 270.7058 272.5535  605.226
1971 3.2416567E-09 3.3865846E-09 4.4344817E-09 7.2337634E-09 5.1490479E-09 6.0769878E-09 8.5031466E-09 9.0350110E-09 1.1074363E-08 1.2593366E-08 1.3336518E-08 1.1739778E-08 1.8030752E-08 1.7953045E-08 1.8711109E-08 1.8420243E-08  288.6515 292.7144 289.7052 286.6261 289.6842 288.2866 285.7771 284.6965 283.1222 280.7892 278.5202 279.3044 275.1441 272.5697 270.5363 272.6043  262.161
1972 3.7232604E-09 4.0338488E-09 6.2659358E-09 9.6895931E-09 6.1837011E-09 6.7277823E-09 1.0328586E-08 1.2051009E-08 1.4416275E-08 1.5696266E-08 1.6266965E-08 1.4841151E-08 2.3025773E-08 2.2552967E-08 2.2679764E-08 2.1518565E-08  288.4538 292.7523 289.5390 286.1927 289.9099 288.6003 285.9523 284.6321 283.5780 281.5339 279.1912 279.5504 276.0793 273.7803 271.3312 273.0764  493.903
1973 6.4421188E-09 8.3384988E-09 1.1111428E-08 1.4698803E-08 1.1867355E-08 1.3585462E-08 1.7493411E-08 1.8290908E-08 2.0523061E-08 2.1296344E-08 2.1893126E-08 2.0476129E-08 2.6215023E-08 2.2918693E-08 2.3358831E-08 2.3483878E-08  289.9846 292.5004 288.6377 284.7422 289.6093 287.7177 284.9193 283.3228 282.7284 280.4425 278.0393 278.3387 275.5941 272.6856 270.2162 272.1876  5511.61
1974 2.8156508E-09 2.3918558E-09 3.1999237E-09 5.8159531E-09 4.5654551E-09 4.9483475E-09 7.2263657E-09 8.7089038E-09 1.2332754E-08 1.2628238E-08 1.3096837E-08 1.2067375E-08 2.0907782E-08 2.1035767E-08 2.0155621E-08 2.0230319E-08  288.3379 292.5204 289.4837 286.5634 289.3758 288.0477 285.5827 284.5035 282.4067 280.2217 278.0399 278.7199 274.0510 271.5374 269.3082 271.6426  559.258
1975 2.7731120E-09 3.7932537E-09 5.5632983E-09 8.4938705E-09 4.8988293E-09 6.0335363E-09 8.8437160E-09 1.1103164E-08 1.2300423E-08 1.4527167E-08 1.5337813E-08 1.4715249E-08 1.9783014E-08 2.1257542E-08 2.0876794E-08 2.0649148E-08  288.4384 292.5951 289.1634 285.7266 289.6806 288.1739 285.3728 283.8825 282.9625 280.6921 278.1922 278.3916 275.2610 272.6748 270.1411 271.7807  2143.87
1976 4.2372870E-09 3.7162449E-09 3.9799826E-09 7.2689126E-09 7.4100774E-09 7.9659701E-09 1.0286468E-08 1.1183747E-08 1.5665899E-08 1.7226382E-08 1.6612171E-08 1.4856348E-08 2.3915486E-08 2.2761984E-08 2.2214152E-08 2.0703185E-08  289.2483 292.5447 289.2533 285.9182 289.3410 287.9251 285.3017 284.0564 282.2820 280.0246 277.8157 278.6464 273.9950 271.4262 269.4799 272.1031  574.387
1977 7.4917912E-09 1.1566856E-08 1.4742925E-08 1.8290471E-08 1.5164581E-08 1.8818602E-08 2.3751856E-08 2.4016702E-08 2.4357277E-08 2.6376579E-08 2.7246257E-08 2.5589616E-08 2.8551030E-08 2.6824795E-08 2.6420674E-08 2.6919841E-08  290.4852 291.8142 287.7087 283.8445 289.1408 286.9573 283.9266 282.2366 282.3346 279.8571 277.2184 277.2757 275.1535 272.5974 269.9215 271.3413  241.097
1978 7.1621962E-09 8.3798728E-09 1.0307343E-08 1.4211412E-08 1.1585790E-08 1.3031744E-08 1.5978243E-08 1.6713093E-08 2.0315312E-08 2.0461886E-08 1.9204457E-08 1.7723339E-08 2.6954931E-08 2.4012767E-08 2.2912387E-08 2.1887507E-08  290.3694 292.5501 288.9540 285.1756 289.6731 287.9311 285.2728 283.7290 283.0278 280.7786 278.5006 278.8452 275.6392 273.2684 270.8328 272.5703  10386.5
1979 4.1566399E-09 3.4696590E-09 5.0034981E-09 8.9236414E-09 6.9343939E-09 7.5526021E-09 9.7778363E-09 1.1040846E-08 1.3155268E-08 1.4176996E-08 1.4062114E-08 1.3135472E-08 2.0367160E-08 2.0342812E-08 1.9471551E-08 1.7808237E-08  288.5824 292.2958 288.8181 285.2850 289.4882 287.9429 285.2021 283.7229 282.9227 280.5189 278.0344 278.4162 275.1493 272.4781 269.8762 271.7806  5053.23
1980 8.2511082E-09 1.0643701E-08 1.3621390E-08 1.7857470E-08 1.3488290E-08 1.5606059E-08 1.9489903E-08 2.0444457E-08 2.0827891E-08 2.2727873E-08 2.4065971E-08 2.3650690E-08 2.8077443E-08 2.4266381E-08 2.4007834E-08 2.3617332E-08  290.7272 292.4290 288.6884 284.6823 289.5228 287.7043 285.0676 283.3624 282.8639 280.7935 278.4558 278.5826 276.2138 274.2251 271.3809 272.7471  2700.97
1981 2.5632365E-09 3.3031817E-09 4.8497504E-09 7.9898355E-09 3.4021439E-09 4.7584323E-09 7.9611837E-09 9.7193373E-09 8.6697760E-09 1.2185248E-08 1.4353176E-08 1.5154590E-08 1.8054378E-08 1.9083043E-08 2.1269734E-08 2.2228628E-08  290.4108 293.2101 289.5804 285.8622 290.1652 288.5412 285.6386 283.9651 283.0816 280.6660 278.2361 278.1909 274.8978 272.5305 269.7897 271.3074  763.032
1982 4.3180983E-09 4.5137152E-09 5.6679674E-09 9.4768726E-09 6.5458843E-09 7.5402955E-09 1.0863610E-08 1.2704482E-08 1.3494295E-08 1.6364302E-08 1.7248437E-08 1.6008045E-08 2.1490683E-08 2.1511806E-08 2.2187384E-08 2.1757923E-08  289.0044 293.1712 289.9056 286.1954 290.1200 288.7086 286.1003 284.3820 283.4776 281.1800 278.8846 279.0358 275.7540 273.2458 270.7543 272.5164  2641.61
1983 3.0498297E-09 2.8361093E-09 4.3637765E-09 7.2801272E-09 6.2180794E-09 8.0898683E-09 1.3190367E-08 1.5421188E-08 1.6515552E-08 1.8825904E-08 2.0727995E-08 2.0170381E-08 2.8023621E-08 2.5129291E-08 2.5042100E-08 2.5344637E-08  291.0893 292.2589 288.2089 284.4038 288.8171 286.8778 283.8500 282.2955 281.0923 278.6519 276.1493 276.5222 272.6805 270.5934 268.3983 270.0204  5229.35
1984 3.8617629E-09 4.5707726E-09 6.6303434E-09 1.1069499E-08 5.8527196E-09 6.9999047E-09 1.0649782E-08 1.3492823E-08 1.3232039E-08 1.4487205E-08 1.6414070E-08 1.7396291E-08 2.3187017E-08 2.1971577E-08 2.1869212E-08 2.1232930E-08  290.1353 293.7343 290.2382 286.4141 290.6672 289.1947 286.4364 284.8240 283.9145 281.7887 279.5138 279.7028 276.7278 274.3517 271.9481 273.3850  815.032
1985 3.3642649E-09 4.2189652E-09 6.4690480E-09 9.6055537E-09 5.8055161E-09 7.5529574E-09 9.9002539E-09 1.2332656E-08 1.1673946E-08 1.3675053E-08 1.3247799E-08 1.2596193E-08 1.8504252E-08 1.9280488E-08 1.8848674E-08 1.6716498E-08  288.9661 293.3668 290.0029 286.4990 290.5022 289.0061 286.2333 284.7919 283.7810 281.4299 279.0423 279.5166 275.6831 272.8814 270.6511 272.9995  5155.48
1986 6.8022148E-09 7.9352009E-09 9.3729371E-09 1.2036977E-08 1.0536732E-08 1.1918829E-08 1.4077713E-08 1.6230191E-08 1.6020042E-08 1.8322254E-08 1.8143222E-08 1.7895704E-08 2.1390852E-08 1.9990184E-08 2.0499154E-08 2.1737822E-08  290.1232 292.8759 289.4182 285.5470 289.9852 288.3005 285.6251 283.8085 283.3265 280.8721 278.5714 278.6428 275.7953 273.3055 270.5289 272.3138  2379.68
1987 4.7027977E-09 4.5604769E-09 6.5212946E-09 9.8876995E-09 1.0436604E-08 1.0763122E-08 1.4236005E-08 1.5570334E-08 1.9406796E-08 1.9810967E-08 2.0860536E-08 2.1293593E-08 2.8728250E-08 2.4656316E-08 2.3729150E-08 2.4397336E-08  289.4479 292.5352 288.6680 284.6986 289.2754 287.5564 284.7120 282.9958 282.3743 280.3566 277.9521 277.9801 275.5085 273.3093 270.6861 272.1393  2684.52
1988 4.1077852E-09 4.2910213E-09 7.2989179E-09 1.0967424E-08 6.1993495E-09 7.6073308E-09 1.0815947E-08 1.2426710E-08 1.3598764E-08 1.5058470E-08 1.6895619E-08 1.6893685E-08 1.8430391E-08 1.9814847E-08 2.1102153E-08 2.2064167E-08  289.0986 293.4458 290.0224 286.2393 290.6211 289.0956 286.2390 284.4902 284.0351 281.7741 279.1991 279.1999 276.5254 274.1574 271.3498 272.9344  1125.32
1989 2.4445399E-09 1.4140423E-09 1.6029778E-09 3.5452628E-09 4.1642427E-09 3.4653347E-09 3.5872951E-09 4.7947464E-09 1.1135279E-08 1.0181841E-08 8.5679082E-09 7.1995756E-09 1.9827258E-08 1.8572855E-08 1.7651288E-08 1.5386384E-08  288.2787 293.8376 291.3381 288.5456 290.4797 289.6376 287.5327 286.5945 283.8705 282.2029 280.3766 281.1387 275.7466 273.7370 271.8673 274.2178  1158.19
1990 4.8083710E-09 3.9328643E-09 4.9452717E-09 8.8153742E-09 7.7288504E-09 7.2727966E-09 9.5574011E-09 1.2997057E-08 1.4953411E-08 1.6392367E-08 1.7067663E-08 1.6390100E-08 2.0294756E-08 2.0269935E-08 2.1348352E-08 2.1586050E-08  289.4237 293.4019 289.7557 285.6671 290.5651 288.9121 285.9192 283.9033 283.8820 281.4349 278.7581 278.7331 276.4248 273.6849 270.9286 272.5871  426.645
1991 6.5221282E-09 6.8439703E-09 8.3253422E-09 1.1503277E-08 1.0728990E-08 1.0338082E-08 1.2690158E-08 1.3908656E-08 1.9191049E-08 1.9714239E-08 1.9408406E-08 1.8006878E-08 2.4782128E-08 2.2327956E-08 2.1893330E-08 2.1623974E-08  290.0460 293.0725 289.6279 285.6165 289.8983 288.4226 285.7282 284.0176 283.2225 281.0524 278.7015 278.9151 276.2697 274.0331 270.8951 272.8147  6408.39
1992 4.7880708E-09 6.1490746E-09 8.1740152E-09 1.2204016E-08 1.2033961E-08 1.4051690E-08 1.7286320E-08 1.9602561E-08 2.2117169E-08 2.2887566E-08 2.2690644E-08 2.2890561E-08 2.8690328E-08 2.4817433E-08 2.4073461E-08 2.4846351E-08  290.9007 292.2262 288.0847 284.0958 288.9980 286.9868 284.0186 282.2810 281.9387 279.6871 277.2259 277.3225 274.9281 272.5340 269.8294 271.3586  2741.61
1993 5.7557115E-09 6.0256036E-09 8.2455447E-09 1.2954454E-08 9.5217638E-09 1.0347042E-08 1.4179001E-08 1.7051544E-08 1.8518833E-08 2.0421053E-08 2.1178673E-08 2.0427631E-08 2.6069937E-08 2.2556740E-08 2.2447473E-08 2.2643155E-08  290.5288 292.9659 289.0760 284.9715 289.8759 288.2231 285.2014 283.3008 282.8836 280.6583 278.2852 278.2675 275.7495 273.2923 270.4579 272.2408  5152.9
1994 3.8766212E-09 4.3299275E-09 6.7050858E-09 1.0723021E-08 8.6403329E-09 9.2603063E-09 1.1059225E-08 1.3243406E-08 1.6400936E-08 1.6460795E-08 1.7356811E-08 1.6149221E-08 2.4982999E-08 2.1200142E-08 2.0713038E-08 1.9960270E-08  289.7384 293.5118 289.7984 285.6858 290.3302 288.8140 285.9510 284.0589 283.3624 281.0570 278.6705 278.8659 275.8948 273.2848 270.7410 272.5338  1420.1
1995 5.1036517E-09 5.9374812E-09 8.0726457E-09 1.4004491E-08 9.5287511E-09 1.0780079E-08 1.5603176E-08 1.7027608E-08 1.7324767E-08 1.9733838E-08 2.1190665E-08 2.0866965E-08 2.5807125E-08 2.3267701E-08 2.2889665E-08 2.2435271E-08  290.0885 293.3772 289.5408 285.2554 290.2709 288.5590 285.5225 283.6557 283.5757 281.3047 278.7764 278.8011 276.7359 274.5135 271.6469 273.1051  5089.35
1996 4.8033448E-09 4.8603348E-09 5.6867417E-09 9.5834549E-09 6.0919580E-09 8.1934832E-09 1.0671852E-08 1.1610077E-08 1.1638867E-08 1.4611893E-08 1.5784813E-08 1.4633794E-08 1.9243325E-08 1.9598973E-08 2.0589567E-08 1.9777994E-08  290.1306 293.3897 290.1354 286.6072 290.4100 288.9443 286.2494 284.8583 283.9150 281.6623 279.3249 279.6703 276.4031 274.0475 271.4848 273.1299  222.323
1997 2.7292772E-09 2.8944054E-09 4.3924038E-09 8.4901064E-09 5.4981757E-09 5.0448334E-09 7.4084379E-09 9.3011732E-09 1.1946161E-08 1.2839791E-08 1.2959558E-08 1.2874851E-08 1.9584832E-08 1.9115186E-08 1.9284965E-08 1.8937905E-08  289.4622 294.0969 290.7253 286.8859 290.9401 289.5211 286.7621 285.0463 284.1880 281.6891 279.3600 279.6425 276.3528 273.7016 271.1000 272.9861  2115.81
1998 2.5763267E-09 2.5112161E-09 3.8996557E-09 7.2791093E-09 5.5257803E-09 7.3480426E-09 1.0815241E-08 1.2476961E-08 1.4025953E-08 1.5953228E-08 1.7464043E-08 1.6840678E-08 2.4500686E-08 2.2772964E-08 2.2262700E-08 2.2594872E-08  291.3450 293.2847 289.2211 285.1881 289.8319 287.8643 284.7624 283.0261 281.9203 279.1719 276.6148 277.0791 272.6157 270.0823 268.0515 270.4089  2901.61
1999 2.6789169E-09 1.9622699E-09 2.7807310E-09 4.8601181E-09 4.4878812E-09 4.1856194E-09 4.7439146E-09 5.8011183E-09 1.1693086E-08 1.1658601E-08 9.5049364E-09 8.1612992E-09 2.0600678E-08 2.0702347E-08 1.8536905E-08 1.5558337E-08  288.7925 293.5599 291.0507 288.4264 290.2424 289.4332 287.4259 286.6635 283.6718 281.9582 280.3411 281.3114 275.6822 273.6578 272.0025 274.4932  192.226
2000 2.8025073E-09 2.0436846E-09 2.7338263E-09 5.8352443E-09 3.9834296E-09 3.8207015E-09 6.0138645E-09 7.7600282E-09 9.5456993E-09 9.8484030E-09 1.1115155E-08 1.1419937E-08 1.8232367E-08 1.6387235E-08 1.7018072E-08 1.6671315E-08  289.4836 294.4824 291.6591 288.3737 291.2613 290.3568 287.9075 286.6014 284.8829 283.0189 280.8515 281.2134 277.1355 275.0003 272.7348 274.5201  226
2001 3.9267034E-09 4.7142774E-09 6.6482468E-09 1.0747948E-08 7.3494180E-09 8.1010487E-09 1.0669655E-08 1.2480729E-08 1.4103711E-08 1.6094315E-08 1.6308782E-08 1.6302790E-08 2.0404592E-08 2.1529793E-08 2.2279604E-08 2.1221661E-08  289.1770 293.3293 290.0792 286.6281 290.5934 289.2143 286.5532 285.0733 284.2494 282.1562 279.8585 280.0417 276.9333 274.6062 272.2931 273.8417  1256
2002 4.2399009E-09 3.9481582E-09 5.4177223E-09 1.0878919E-08 7.4754007E-09 7.3540849E-09 9.8658504E-09 1.2706740E-08 1.4520074E-08 1.5800463E-08 1.6710572E-08 1.6300062E-08 2.2655776E-08 2.0877110E-08 2.0529894E-08 1.8875806E-08  289.0594 293.7515 290.1845 286.0055 290.7449 289.3324 286.3754 284.4653 284.1753 281.9018 279.3508 279.3696 276.9602 274.5907 271.9109 273.3844  178.742
2003 5.6848366E-09 6.4900521E-09 9.0624637E-09 1.2933122E-08 1.0870779E-08 1.1854759E-08 1.3941745E-08 1.6313424E-08 1.9172999E-08 2.1411282E-08 2.0981579E-08 1.9911521E-08 2.6799917E-08 2.4166974E-08 2.4257975E-08 2.3099147E-08  290.6162 293.2240 289.4420 285.4083 289.8569 288.2669 285.4689 283.7112 282.9902 280.8503 278.5588 278.8062 275.9421 273.9550 271.2829 273.1735  2632.26
2004 5.3183382E-09 5.1202411E-09 6.1227374E-09 9.1966159E-09 8.1862144E-09 9.0354613E-09 1.0611212E-08 1.1912718E-08 1.5001415E-08 1.7922684E-08 1.7979316E-08 1.5530741E-08 2.1274813E-08 2.1759211E-08 2.1396630E-08 2.0677399E-08  289.5549 293.5255 290.1249 286.3735 290.4094 288.9280 286.2348 284.6530 283.9539 281.5861 279.2394 279.5412 276.7031 274.3108 271.8041 273.1732  1382.03
2005 5.6160423E-09 5.8037601E-09 7.1354109E-09 1.2123214E-08 1.0185161E-08 1.0904796E-08 1.4616533E-08 1.6756285E-08 1.7823542E-08 2.1225038E-08 2.3086336E-08 2.2730559E-08 2.3804899E-08 2.2513817E-08 2.4155330E-08 2.4306258E-08  290.3481 293.2105 289.7190 285.8643 290.0329 288.5140 285.8179 284.1554 283.3916 281.2076 278.9310 279.1203 276.7237 274.6306 271.7184 273.1687  2128.06
2006 3.4914325E-09 2.4834739E-09 3.5821768E-09 6.3672618E-09 6.3107310E-09 6.8358843E-09 8.7669250E-09 1.0201889E-08 1.3002617E-08 1.5587789E-08 1.6424073E-08 1.4899508E-08 1.8878639E-08 2.0263895E-08 2.1894691E-08 2.1528649E-08  288.9763 292.8842 289.5397 286.2647 289.7982 288.3319 285.6167 284.4109 283.0159 280.6602 278.4384 279.0086 275.1926 272.6704 270.3811 272.4112  201.581
2007 4.0616177E-09 3.9841810E-09 5.1163616E-09 9.2957375E-09 6.6788530E-09 7.8522273E-09 1.0743090E-08 1.2904036E-08 1.2575783E-08 1.4665655E-08 1.5984156E-08 1.7053777E-08 1.7113734E-08 1.7188436E-08 1.8781169E-08 1.9796152E-08  289.6043 293.6027 290.0335 286.0507 290.8625 289.2836 286.3062 284.4786 284.5938 282.3182 279.6390 279.5567 277.8653 275.5397 272.4728 273.6468  874.581
2008 2.8090270E-09 2.2815532E-09 3.0592344E-09 5.4428946E-09 3.4251153E-09 3.9105150E-09 5.4110134E-09 6.2296825E-09 7.7404554E-09 8.1849585E-09 8.2100637E-09 7.9666611E-09 1.4853812E-08 1.5264565E-08 1.4912933E-08 1.4829746E-08  288.4210 293.7249 291.0783 288.2436 290.7527 289.5883 287.2848 286.2466 284.1996 282.2701 280.1574 280.6502 275.7919 273.6154 271.7126 273.5622  2569.35
2009 2.9029235E-09 2.5554765E-09 4.0125809E-09 7.9247293E-09 5.3026969E-09 5.1062985E-09 6.5229644E-09 8.1474782E-09 1.2128386E-08 1.2297887E-08 1.1463595E-08 1.0410811E-08 1.8632369E-08 1.8463838E-08 1.8012434E-08 1.7026881E-08  289.5478 293.8100 290.6044 287.1505 290.7601 289.5984 286.9515 285.5692 284.1350 282.1631 279.9481 280.3285 276.4941 274.1149 271.5053 273.6630  1608.06
2010 4.0665999E-09 4.1798889E-09 5.2839857E-09 8.8590637E-09 6.8559074E-09 8.0007672E-09 1.0818503E-08 1.3222602E-08 1.5863046E-08 1.7522442E-08 1.8800131E-08 1.8324622E-08 2.3601704E-08 2.2142592E-08 2.2286015E-08 2.2887557E-08  0.0000000E+00 0.0000000E+00 0.0000000E+00 0.0000000E+00 0.0000000E+00 0.0000000E+00 0.0000000E+00 0.0000000E+00 0.0000000E+00 0.0000000E+00 0.0000000E+00 0.0000000E+00 0.0000000E+00 0.0000000E+00 0.0000000E+00 0.0000000E+00  2528.06
2011 4.2874526E-09 3.2297336E-09 2.7671201E-09 3.6656216E-09 8.3975138E-09 7.8869729E-09 7.6685804E-09 7.0434631E-09 1.4827173E-08 1.5613212E-08 1.4073676E-08 1.0482482E-08 2.3217922E-08 2.1692113E-08 2.0844457E-08 1.8516879E-08  288.3178 293.0636 290.4567 287.9323 289.3127 288.2506 286.1976 285.5710 282.3938 280.4450 278.7603 279.8766 274.3958 272.1266 270.1385 272.7365  376.516
2012 4.2802890E-09 3.7504284E-09 4.6273620E-09 8.8072092E-09 6.3305281E-09 7.6913045E-09 8.9582581E-09 9.5649435E-09 1.4082540E-08 1.6212375E-08 1.4864685E-08 1.2100317E-08 1.9657762E-08 2.0725258E-08 2.0126263E-08 1.7739362E-08  289.5281 293.1698 290.3693 287.4380 289.9808 288.7807 286.5540 285.6731 283.5022 281.6239 279.6677 280.4594 276.0176 273.8231 271.9031 274.0005  645.032
2013 3.7117336E-09 3.8473256E-09 5.8343401E-09 1.0996461E-08 5.0557283E-09 5.8673262E-09 9.1465928E-09 1.2264830E-08 1.1526154E-08 1.3823675E-08 1.4206607E-08 1.3876241E-08 1.9125885E-08 1.9938323E-08 1.9771036E-08 1.8155159E-08  288.7173 293.3944 290.2766 286.8294 290.8102 289.3820 286.7343 285.2089 284.4769 282.2309 279.9453 280.2439 277.0670 274.8090 272.4093 274.0956  1288.39
2014 5.0243760E-09 4.2586485E-09 5.9860108E-09 1.0821281E-08 8.2038971E-09 8.2271070E-09 1.0370186E-08 1.2837437E-08 1.6675580E-08 1.8057811E-08 1.8481909E-08 1.7284664E-08 2.4964864E-08 2.2715998E-08 2.1911271E-08 2.1831465E-08  290.3829 293.8492 290.1946 286.1392 290.6856 289.1660 286.3061 284.5163 283.8977 281.5803 279.2605 279.4825 276.7752 274.1861 271.4859 273.1995  394.71
2015 1.2771950E-08 1.4182540E-08 1.5957637E-08 1.8222005E-08 2.0395387E-08 2.0225270E-08 2.1614479E-08 2.0974591E-08 2.7902505E-08 2.9294039E-08 2.8075608E-08 2.5199911E-08 3.0049947E-08 2.7458199E-08 2.7789293E-08 2.7578075E-08  291.3875 293.1277 289.4099 285.3621 290.0830 288.3358 285.6945 284.0266 283.7733 281.6105 279.4561 279.5585 277.5390 275.6089 272.8528 273.9348  587.355
