STN,prec_1,prec_2,prec_3,prec_4,prec_5,prec_6,prec_7,prec_8,prec_9,prec_10,prec_11,prec_12,prec_13,prec_14,prec_15,prec_16,st_1,st_2,st_3,st_4,st_5,st_6,st_7,st_8,st_9,st_10,st_11,st_12,st_13,st_14,st_15,st_16,07.0
LAT,29.30136,29.30136,29.30136,29.30136,32.09194,32.09194,32.09194,32.09194,34.88252,34.88252,34.88252,34.88252,37.67308,37.67308,37.67308,37.67308,29.30136,29.30136,29.30136,29.30136,32.09194,32.09194,32.09194,32.09194,34.88252,34.88252,34.88252,34.88252,37.67308,37.67308,37.67308,37.67308,33.6194949
LON,-115.3125,-112.5000,-109.6875,-106.8750,-115.3125,-112.5000,-109.6875,-106.8750,-115.3125,-112.5000,-109.6875,-106.8750,-115.3125,-112.5000,-109.6875,-106.8750,-115.3125,-112.5000,-109.6875,-106.8750,-115.3125,-112.5000,-109.6875,-106.8750,-115.3125,-112.5000,-109.6875,-106.8750,-115.3125,-112.5000,-109.6875,-106.8750,-110.9215037
1958 4.4929815E-10 6.9162556E-09 5.1487486E-08 4.7997943E-08 1.3160091E-09 9.0777945E-09 3.9777657E-08 3.0961750E-08 2.0884499E-09 1.2784081E-08 3.3111078E-08 3.8112191E-08 5.6657723E-09 1.7165554E-08 3.0784012E-08 2.8062580E-08  294.8808 307.1208 301.7264 297.9261 307.7852 307.0522 301.7942 300.2683 305.0831 303.0211 298.8941 297.9183 301.2447 298.4451 295.0265 294.8049  146.645
1959 1.2743842E-09 1.0896057E-08 5.6667385E-08 5.1546099E-08 3.7091457E-09 1.5131777E-08 3.9589075E-08 3.6472695E-08 4.5539488E-09 1.8221368E-08 3.7223433E-08 4.0465242E-08 1.0499227E-08 2.4343684E-08 3.4695816E-08 2.8411597E-08  294.3508 306.4388 300.4939 296.6440 307.2401 306.0511 300.7068 298.9181 304.2133 301.7360 297.5909 296.7308 299.9379 296.7276 293.3976 293.7254  228.29
1960 7.9885004E-10 8.3822513E-09 4.5352934E-08 5.0683553E-08 2.1618962E-09 1.1474662E-08 3.4536718E-08 3.4858356E-08 4.0021764E-09 1.6331287E-08 3.4855677E-08 3.9442124E-08 1.0365212E-08 2.2521775E-08 3.1882600E-08 2.5301039E-08  294.1411 306.2986 300.7143 296.7565 306.9200 306.0566 300.9054 299.0318 304.2251 301.8754 297.7665 296.7788 299.9860 297.0303 293.7368 293.9710  130.774
1961 1.3421916E-09 6.0655254E-09 3.1802365E-08 4.7881581E-08 3.6027923E-09 9.9215471E-09 2.7546458E-08 3.4143508E-08 4.6936917E-09 1.4074110E-08 3.0538281E-08 3.7449947E-08 1.1364060E-08 2.0238636E-08 2.8944788E-08 2.4070379E-08  293.9095 306.7496 301.4608 296.9331 306.6397 306.3527 301.4102 299.1082 303.8882 302.0264 298.0829 296.9137 299.7355 297.0675 294.0110 294.0347  139.323
1962 6.3521893E-10 5.6793676E-09 3.7558255E-08 4.5552877E-08 1.7838223E-09 9.1275636E-09 3.0420377E-08 3.3415848E-08 2.6419087E-09 1.2164383E-08 2.9384076E-08 3.7537514E-08 7.5991924E-09 1.8216319E-08 2.9150367E-08 2.5558663E-08  293.5737 306.8967 301.8420 297.6045 307.2306 306.9020 301.8395 299.7201 304.8216 302.8228 298.7077 297.3551 300.7801 297.7482 294.4271 294.4421  182.903
1963 6.7340333E-10 5.3215379E-09 4.1421025E-08 5.4801870E-08 9.6943353E-10 6.0639631E-09 3.1730767E-08 3.8473701E-08 2.3014219E-09 1.0226528E-08 2.9233609E-08 4.0193381E-08 5.9667102E-09 1.5735392E-08 2.5825804E-08 2.6516744E-08  294.2393 306.8609 301.3275 297.0609 307.0813 306.8683 301.6136 299.2291 304.5742 302.8653 298.6549 296.9482 300.7119 298.0811 294.7408 294.1462  78.3226
1964 5.4231442E-10 6.5397585E-09 3.4745675E-08 4.7798032E-08 2.2996389E-09 9.2125809E-09 2.7500921E-08 3.5110343E-08 3.5595566E-09 1.2660421E-08 2.7080013E-08 3.5844462E-08 9.8803330E-09 1.8431804E-08 2.7898603E-08 2.5102867E-08  293.6369 306.5551 301.4457 297.3231 306.8635 306.6037 301.7996 299.3881 304.5054 302.6549 298.8723 297.2782 300.3906 297.7549 294.4688 294.2822  278.871
1965 8.6237262E-10 6.9687527E-09 4.6096801E-08 5.2313069E-08 2.5980424E-09 9.7332444E-09 3.5109327E-08 3.7738271E-08 3.8978745E-09 1.4430324E-08 3.4887655E-08 4.1452317E-08 1.0569591E-08 2.0605430E-08 2.9902164E-08 2.6343486E-08  293.9940 306.4809 300.9827 296.7224 306.9862 306.3145 301.0063 298.6582 304.3521 302.1159 297.7675 296.4470 300.1447 297.1487 293.8052 293.7332  396.645
1966 7.1778167E-10 6.1708052E-09 4.2291685E-08 5.1825861E-08 1.0865575E-09 8.2879463E-09 3.0558862E-08 3.9276856E-08 2.6615385E-09 1.2305246E-08 3.0083484E-08 4.0796102E-08 8.5230054E-09 2.0013331E-08 2.8766188E-08 2.6353883E-08  294.0618 306.7952 301.4037 297.3936 307.1167 306.8864 301.5763 299.2854 304.6397 302.7472 298.6255 297.0335 300.5831 297.7489 294.5636 294.2678  200.194
1967 9.2733415E-10 6.2855405E-09 3.9560526E-08 4.9668230E-08 2.0059219E-09 8.3429850E-09 3.3537251E-08 4.1712880E-08 3.3151679E-09 1.2854210E-08 3.1293840E-08 4.3744148E-08 1.0825147E-08 2.2266557E-08 3.0649208E-08 2.6320272E-08  293.8667 306.4974 300.9581 296.8528 306.6956 306.3385 300.8244 298.4622 304.2909 302.1669 297.8639 296.2475 300.0190 297.0739 293.7926 293.6515  376.548
1968 9.6377994E-10 4.2335846E-09 3.0102360E-08 5.2164360E-08 1.6487082E-09 6.8488419E-09 2.5747307E-08 3.9379188E-08 2.3824354E-09 9.1688657E-09 2.5580718E-08 3.5839960E-08 7.6974622E-09 1.7226949E-08 2.5175337E-08 2.2550847E-08  293.8962 306.6728 301.6455 296.8910 306.3662 306.6697 301.7859 298.8969 304.2052 302.7144 298.7536 297.0168 300.2083 297.6912 294.5940 294.1607  281.516
1969 1.0325027E-09 6.2564571E-09 4.2214513E-08 5.2571998E-08 3.2717651E-09 9.4001971E-09 3.0750776E-08 3.4195111E-08 3.7542791E-09 1.2300445E-08 2.6474176E-08 3.5609617E-08 8.3400016E-09 1.7494949E-08 2.7124354E-08 2.3902649E-08  293.7074 307.0757 301.8243 297.4865 307.2629 307.0547 302.0803 299.6672 304.5138 302.8732 299.1820 297.7939 300.4807 297.8347 294.9807 294.8652  213.129
1970 6.3759065E-10 6.6556178E-09 3.9885922E-08 4.8026525E-08 2.9335465E-09 8.1748386E-09 3.1818058E-08 3.6853830E-08 3.4036951E-09 1.0643721E-08 2.7974099E-08 3.7879481E-08 8.6789846E-09 1.8458531E-08 2.8187934E-08 2.5575487E-08  293.8149 306.5696 301.3707 296.8947 306.6687 306.4607 301.3556 298.8778 304.0310 302.3734 298.4145 296.9109 299.9290 297.2937 294.1484 293.9793  162.935
1971 8.1491197E-10 4.7755062E-09 3.0188058E-08 4.3748102E-08 2.1038469E-09 7.9791276E-09 2.7280914E-08 3.5053613E-08 4.0651247E-09 1.2042273E-08 2.6514504E-08 3.6863110E-08 9.6080521E-09 1.9353815E-08 2.7388278E-08 2.6598425E-08  293.6566 306.2359 301.1952 296.7598 306.1046 306.0049 301.0842 298.6772 303.7275 302.0042 298.1848 296.5557 299.6679 296.9102 293.7172 293.4422  122.871
1972 1.0575133E-09 4.1654618E-09 3.0381489E-08 4.9653014E-08 2.0857616E-09 6.9483259E-09 2.6595469E-08 3.3750254E-08 2.8479188E-09 1.0111855E-08 2.6633490E-08 3.6114219E-08 7.9285094E-09 1.5984991E-08 2.5729866E-08 2.3866118E-08  294.1120 306.8752 301.7818 297.2116 306.5998 306.7600 301.8157 299.2146 304.0295 302.5451 298.6425 297.1526 299.9467 297.3985 294.3163 294.0402  149.323
1973 4.1734849E-10 5.9603389E-09 3.8748162E-08 4.6917478E-08 1.7004241E-09 9.6352570E-09 3.0568028E-08 3.4501049E-08 2.9550518E-09 1.2816299E-08 2.9829440E-08 3.8267814E-08 9.5856754E-09 2.0331800E-08 2.7692469E-08 2.4676380E-08  293.6279 306.6313 301.2990 297.1292 307.0327 306.4617 301.3304 298.9343 304.3509 302.3348 298.3945 296.9773 300.1322 297.3056 294.2763 294.1905  557.452
1974 9.1578445E-10 5.3320566E-09 3.0473842E-08 4.3895135E-08 1.6869711E-09 8.0996427E-09 2.5155357E-08 3.2844060E-08 3.3080916E-09 1.1441752E-08 2.8023420E-08 3.8008515E-08 7.8930862E-09 1.7852436E-08 2.8715599E-08 2.6281796E-08  293.5822 306.2497 301.1473 296.9651 306.3470 306.3165 301.5217 299.0258 303.9814 302.3446 298.4126 296.9166 299.9789 297.2807 294.0582 293.8142  173.161
1975 1.1205087E-09 5.5162905E-09 3.3921857E-08 4.4942464E-08 2.2761693E-09 7.2290578E-09 2.7516567E-08 3.5737404E-08 2.9988112E-09 9.8840598E-09 2.7038876E-08 3.7922682E-08 8.3635348E-09 1.6528796E-08 2.7557466E-08 2.5403901E-08  293.5414 305.7974 300.8086 296.7314 306.0842 305.9600 300.9641 298.6409 303.8985 302.3059 298.3138 296.6491 300.0395 297.5500 294.2278 293.8235  324.323
1976 5.2020893E-10 5.7428182E-09 4.2381878E-08 4.3113147E-08 1.2569675E-09 8.7539300E-09 2.9792799E-08 2.9889950E-08 3.0504312E-09 1.3074461E-08 3.1096594E-08 3.8645013E-08 7.7159985E-09 1.9194028E-08 2.9688167E-08 2.6920533E-08  294.0722 306.5568 301.0832 296.8976 306.9124 306.4831 301.4231 299.3993 304.1349 302.2109 298.1717 296.9262 299.9505 297.0974 293.9014 293.8128  297.065
1977 1.0560609E-09 7.8687297E-09 3.7173599E-08 5.0792668E-08 2.1246518E-09 9.7717674E-09 2.8778096E-08 3.5739070E-08 4.3634745E-09 1.3985198E-08 2.7575561E-08 3.7399648E-08 9.3715551E-09 1.9281469E-08 2.7983607E-08 2.5617567E-08  294.0055 306.2307 301.0909 296.8539 306.5047 306.2932 301.3957 298.9748 304.0179 302.3069 298.5579 297.0681 300.0087 297.3810 294.2732 294.1154  225.065
1978 1.2172618E-09 5.8850653E-09 3.5778829E-08 5.0769234E-08 2.7353890E-09 8.5358902E-09 2.9350799E-08 3.7549921E-08 3.3802812E-09 1.1177899E-08 2.8510243E-08 3.8078799E-08 1.0185427E-08 1.9129706E-08 2.6959878E-08 2.4955066E-08  294.3950 306.4803 301.2310 296.9787 306.5285 306.4498 301.5295 299.2238 304.2148 302.6334 298.8152 297.2445 300.2344 297.7120 294.5964 294.3798  190.839
1979 1.0470855E-09 5.2527604E-09 3.2163424E-08 5.0620230E-08 1.2368815E-09 6.1708594E-09 2.6589840E-08 3.6746986E-08 2.3677877E-09 1.0523155E-08 2.6491058E-08 3.7455457E-08 7.8743785E-09 1.7385855E-08 2.6667825E-08 2.3631545E-08  294.3052 306.8415 301.6940 297.3364 306.9222 307.1018 302.0295 299.4719 304.5765 302.9846 299.0811 297.5664 300.5337 297.8688 294.7838 294.5680  403.355
1980 7.6874773E-10 8.1952090E-09 4.4519293E-08 5.5230959E-08 2.8531746E-09 1.0336658E-08 3.3551508E-08 3.8378875E-08 3.3834968E-09 1.2241752E-08 2.9037450E-08 4.0778740E-08 8.6480627E-09 1.8109796E-08 2.8645278E-08 2.5544521E-08  293.9564 306.4681 301.1580 296.9952 307.0564 306.5009 301.3842 299.1542 304.5259 302.6498 298.6114 297.1659 300.4640 297.7713 294.5080 294.3675  369.355
1981 9.5413477E-10 5.5089453E-09 3.2535137E-08 4.6241048E-08 1.6539058E-09 8.6032692E-09 2.5580121E-08 3.4666066E-08 2.4813356E-09 1.1996186E-08 2.8951806E-08 3.7652025E-08 8.3823668E-09 1.8730372E-08 2.8670149E-08 2.4222656E-08  294.4063 306.4967 301.2659 297.0455 306.6767 306.3131 301.2177 298.9664 304.2525 302.2981 298.2459 296.9158 300.2978 297.5316 294.1794 294.0862  269.29
1982 7.5640127E-10 3.5489292E-09 3.1004159E-08 4.6191687E-08 1.6414984E-09 6.3858279E-09 2.4704432E-08 3.7608189E-08 3.7044159E-09 1.1111722E-08 2.6241430E-08 3.7059600E-08 1.0234039E-08 1.7746125E-08 2.6186209E-08 2.3543850E-08  293.9979 306.9669 301.8463 297.6439 307.2054 307.1419 301.9812 299.4593 304.6325 302.9915 299.0973 297.4380 300.2751 297.6859 294.7722 294.5613  202.323
1983 5.0765575E-10 4.4503286E-09 3.6258690E-08 5.4958175E-08 1.3473447E-09 5.5926872E-09 2.6512344E-08 3.3334636E-08 1.9033330E-09 7.9610993E-09 2.3673156E-08 3.2543888E-08 4.9818145E-09 1.2087328E-08 2.1652744E-08 2.3139510E-08  295.2497 307.5109 302.1765 297.5656 307.2127 307.6059 302.5539 299.8424 304.5023 303.5075 299.8522 298.3421 300.9406 298.7986 295.8268 295.2699  445.613
1984 1.1014671E-09 7.1770696E-09 3.9862620E-08 5.3041550E-08 1.6829121E-09 7.5822673E-09 3.3852338E-08 4.0158120E-08 3.1871983E-09 1.2072316E-08 3.0941873E-08 4.0191804E-08 1.1020493E-08 2.0791965E-08 2.9699844E-08 2.5229264E-08  295.2785 305.8972 300.3236 295.7717 306.3504 305.7075 300.3649 297.7989 303.7259 301.5907 297.2220 295.6649 299.2122 296.3239 293.0284 293.0780  328.742
1985 9.2648439E-10 5.7468879E-09 3.5423220E-08 4.1009471E-08 1.6637035E-09 7.6882554E-09 2.9684722E-08 3.3541092E-08 2.9616716E-09 1.0623526E-08 2.9217420E-08 3.5949466E-08 8.4506526E-09 1.8872372E-08 2.8459215E-08 2.4516497E-08  294.8328 306.1593 300.8335 296.8784 306.4071 305.9669 300.7803 298.8382 304.0002 302.1364 298.0736 296.9075 299.9194 297.1589 294.0229 293.8956  322.742
1986 6.8244255E-10 4.8424269E-09 3.0499596E-08 4.6157702E-08 1.5555864E-09 6.9537514E-09 2.4992445E-08 3.6042398E-08 2.8842531E-09 1.0323768E-08 2.6502939E-08 3.7339166E-08 8.7860172E-09 1.8313651E-08 2.7880546E-08 2.3397950E-08  295.1530 306.3488 301.0822 296.6281 306.4455 306.3365 301.2785 298.6752 304.2510 302.4719 298.4580 296.6932 300.1591 297.4214 294.0765 293.9583  393.452
1987 7.0040534E-10 4.4003214E-09 2.8658190E-08 4.9403102E-08 1.2670885E-09 5.6054081E-09 2.2802526E-08 3.2819965E-08 2.0861946E-09 9.0606411E-09 2.1830637E-08 3.1289616E-08 6.9120523E-09 1.4264191E-08 2.2383681E-08 2.1330557E-08  294.9536 307.4903 302.6563 297.6798 307.1884 307.5750 302.8368 299.9777 304.7624 303.4465 299.9128 298.3521 300.9206 298.6039 295.6165 295.2888  221.968
1988 7.6594042E-10 5.4227631E-09 3.4345611E-08 4.7595091E-08 1.9009467E-09 7.3019315E-09 2.7783932E-08 3.5107401E-08 2.3233246E-09 1.0577178E-08 2.5661524E-08 3.5799651E-08 8.1684650E-09 1.6130494E-08 2.5464566E-08 2.4711323E-08  295.0266 306.5201 301.6081 296.7106 306.2154 306.4850 301.8089 299.1035 303.9244 302.4950 298.7621 297.2190 300.0372 297.5232 294.4876 294.1727  313.29
1989 8.1342211E-10 7.2595396E-09 4.2298666E-08 4.7230724E-08 2.6802214E-09 1.2711160E-08 3.4637750E-08 3.7749754E-08 4.5388622E-09 1.7891544E-08 3.6182549E-08 4.2291134E-08 1.4369737E-08 2.4386297E-08 3.2213418E-08 2.6575048E-08  295.1047 306.2386 300.5083 296.3175 306.8075 305.6771 300.3340 298.2823 304.0159 301.3995 297.0977 295.9216 299.4169 296.4594 293.0280 293.2740  140.613
1990 7.7512646E-10 6.4125478E-09 3.6047901E-08 5.5107662E-08 1.6550737E-09 8.8152223E-09 2.7497050E-08 3.7973670E-08 3.0441427E-09 1.0714166E-08 2.5656952E-08 3.9022755E-08 8.3645499E-09 1.7069244E-08 2.6229118E-08 2.5045557E-08  295.2258 306.9372 301.4708 297.0421 306.9361 306.8519 301.7579 299.2506 304.4757 302.8714 298.9439 297.2854 300.5984 297.9277 294.6908 294.3674  483.71
1991 6.9433914E-10 4.7557087E-09 3.4767677E-08 4.8125717E-08 2.2003928E-09 6.9958683E-09 2.6575453E-08 3.4085115E-08 3.6235757E-09 1.1388897E-08 2.6457176E-08 3.7253923E-08 9.4428252E-09 1.7722520E-08 2.7376712E-08 2.4001855E-08  294.6068 306.7293 301.6972 297.4155 306.8028 306.7299 301.8279 299.4044 304.4623 302.7604 298.8908 297.4147 300.4451 297.7471 294.5461 294.4028  218.968
1992 7.3944106E-10 7.6009519E-09 4.0561343E-08 5.5735885E-08 1.6145382E-09 8.1183522E-09 3.0860175E-08 4.3132061E-08 3.2704097E-09 1.2720901E-08 2.6888056E-08 3.6441442E-08 8.4815186E-09 1.8657008E-08 2.8118311E-08 2.4209298E-08  295.8657 306.9050 300.9051 296.3294 307.1771 306.5128 301.0333 298.0498 304.1758 302.3314 298.2778 296.6504 299.8526 297.2414 294.0059 294.0379  278.613
1993 7.5427276E-10 8.6612788E-09 5.6270999E-08 5.1337071E-08 2.2391553E-09 1.2674973E-08 3.9387658E-08 3.8177244E-08 3.3080614E-09 1.5657848E-08 3.4778509E-08 3.9128370E-08 1.0306317E-08 2.1877806E-08 2.9699864E-08 2.6282812E-08  295.8741 306.8847 300.9734 297.0640 307.4576 306.2310 300.9590 298.9642 304.3947 302.0871 297.8768 296.9867 299.9777 297.0331 294.0229 294.0599  294.387
1994 1.0069249E-09 4.9639626E-09 3.3654668E-08 5.2473954E-08 2.6362419E-09 8.1170741E-09 2.7630772E-08 3.8570377E-08 4.1465453E-09 1.3923609E-08 2.9750513E-08 3.8305792E-08 1.1566481E-08 2.3478076E-08 3.0176469E-08 2.4941338E-08  295.1185 306.4305 300.9070 296.4068 306.7477 306.2821 300.8805 298.4948 304.1262 301.9284 297.8634 296.4257 299.6578 296.6393 293.4883 293.7394  147.806
1995 6.3664107E-10 6.6224972E-09 3.4536860E-08 5.2611419E-08 1.7008372E-09 8.0086187E-09 2.9916567E-08 3.8890253E-08 2.9055052E-09 1.1830825E-08 2.6574055E-08 3.7017173E-08 9.0681604E-09 1.7219282E-08 2.6282770E-08 2.3809815E-08  294.6794 307.2071 301.9092 297.1570 307.1198 306.9074 301.7383 299.0983 304.4322 302.8567 299.0025 297.3960 300.5364 297.9290 294.8251 294.6522  220.613
1996 1.0374676E-09 6.8048061E-09 3.7136441E-08 4.9425754E-08 1.9654542E-09 7.0774528E-09 2.7870751E-08 3.4959488E-08 2.6304452E-09 1.2190437E-08 2.7761381E-08 3.6636720E-08 1.0452252E-08 2.0141686E-08 2.7026806E-08 2.4940471E-08  295.5203 306.7275 301.3268 297.1282 307.0264 306.8308 301.6655 299.4715 304.4996 302.6196 298.8553 297.4370 299.9886 297.4300 294.4587 294.3005  245
1997 9.7507669E-10 7.1396049E-09 3.7651546E-08 4.9025996E-08 1.8078744E-09 6.8909638E-09 2.6711112E-08 3.4494317E-08 3.3976053E-09 1.1850210E-08 2.6265869E-08 3.5577536E-08 9.4706269E-09 1.8207031E-08 2.7671549E-08 2.4490976E-08  295.6246 307.1875 301.8853 297.4138 307.3491 307.2798 302.2977 299.7340 304.6307 303.0218 299.2474 297.8015 300.3105 297.7942 294.6964 294.4742  132.129
1998 1.0705552E-09 6.1153975E-09 4.0445801E-08 4.8673513E-08 1.7590296E-09 8.5970893E-09 3.2024719E-08 3.4154095E-08 2.7574452E-09 1.1248344E-08 2.8421638E-08 3.6885847E-08 8.2005718E-09 1.7013738E-08 2.6681631E-08 2.3780222E-08  295.2777 307.2076 301.9054 298.0197 307.6580 307.2955 302.0021 300.0494 305.0247 303.2956 299.2780 298.1280 300.9122 298.3161 295.2560 295.2439  252.71
1999 9.0700736E-10 5.3356799E-09 3.4583007E-08 4.7279787E-08 2.5767370E-09 8.2560305E-09 3.0612856E-08 4.0868901E-08 3.1769767E-09 1.1482986E-08 2.7402560E-08 4.1527198E-08 9.5168513E-09 1.8630063E-08 2.8158135E-08 2.4450564E-08  294.5286 306.8686 301.6216 297.3400 307.0660 306.8867 301.5255 299.1752 304.8619 302.9318 298.7217 296.9700 300.7630 297.9114 294.5813 294.3997  416.452
2000 1.1018775E-09 6.2966139E-09 3.3572025E-08 5.0093444E-08 2.6129479E-09 7.9211375E-09 2.9237134E-08 3.9006707E-08 3.2857639E-09 1.2530746E-08 2.9990499E-08 3.9533845E-08 1.0707446E-08 2.2088892E-08 2.8359191E-08 2.6171346E-08  295.7624 306.6607 301.1408 296.5984 306.8308 306.4315 300.9380 298.5327 304.2595 302.1992 297.9874 296.4548 299.9582 297.0652 293.9112 293.7430  128.258
2001 7.3723877E-10 5.9240644E-09 3.7717616E-08 4.8498638E-08 1.8646531E-09 8.6495602E-09 2.8667543E-08 3.7111462E-08 3.5807590E-09 1.2947582E-08 3.0297912E-08 3.8582574E-08 1.1735554E-08 2.1720119E-08 3.0305820E-08 2.5706834E-08  295.4223 306.8920 301.4879 296.9606 307.1730 306.6844 301.3867 298.9108 304.5764 302.4964 298.3028 296.8140 300.3393 297.3761 294.0719 294.0760  168.871
2002 7.0560957E-10 4.8097419E-09 4.1694328E-08 4.7634433E-08 1.9603976E-09 9.2410701E-09 3.0065891E-08 3.6182598E-08 4.1920063E-09 1.3224323E-08 3.0338988E-08 4.0763279E-08 1.2512361E-08 1.9308732E-08 2.6156648E-08 2.4079513E-08  294.8963 307.0915 301.7556 297.2627 307.2328 306.8800 301.8433 299.2149 304.7642 302.7376 298.6694 297.0654 300.4189 297.8215 294.6565 294.5132  254.935
2003 1.1250796E-09 5.4075016E-09 3.6902012E-08 4.4636700E-08 2.4110138E-09 8.0375777E-09 2.8169048E-08 3.3947249E-08 3.1684353E-09 1.1691166E-08 2.7389529E-08 3.5064609E-08 9.8045989E-09 1.9509191E-08 2.6725989E-08 2.5296966E-08  295.0124 307.1673 302.0224 297.6415 307.0923 307.0110 302.0202 299.6435 304.5276 302.8057 298.9497 297.6765 300.4445 297.7322 294.7098 294.5592  188.968
2004 9.5153374E-10 9.6064259E-09 5.0444410E-08 5.1809625E-08 2.4477347E-09 1.2914025E-08 3.5191622E-08 3.9360476E-08 3.4739975E-09 1.5390256E-08 3.2219845E-08 4.0364601E-08 9.6256443E-09 2.1864864E-08 3.0539130E-08 2.5286274E-08  295.4256 306.8319 301.1912 297.1586 307.4237 306.5157 301.2314 299.1801 304.5491 302.3093 298.2763 297.0841 300.4738 297.4604 294.2317 294.4007  189.032
2005 5.0005339E-10 4.8784496E-09 3.3264332E-08 4.7719269E-08 9.6199726E-10 8.5386676E-09 2.5486138E-08 3.3253606E-08 1.6141459E-09 1.1138403E-08 2.3982693E-08 3.4544978E-08 5.7281411E-09 1.5689201E-08 2.6045342E-08 2.3475760E-08  295.4805 307.6027 302.7570 298.1572 307.5407 307.7357 302.9409 300.2566 305.0233 303.5651 299.8438 298.3971 301.2267 298.6752 295.5147 295.2036  146.355
2006 6.6867006E-10 5.4425948E-09 3.6045201E-08 5.0784639E-08 1.5354761E-09 7.5989552E-09 2.8444687E-08 3.6163900E-08 2.6988758E-09 1.1862223E-08 2.6340558E-08 3.4752880E-08 9.5840056E-09 1.7268844E-08 2.4569978E-08 2.2889358E-08  295.4872 307.4847 302.3829 297.8539 307.5983 307.6575 302.6097 300.1104 305.1842 303.6220 299.8420 298.2323 301.0769 298.6346 295.6830 295.2358  481.355
2007 7.5334750E-10 6.0772258E-09 4.2998881E-08 5.4048535E-08 2.7469143E-09 1.0836636E-08 3.6265106E-08 4.2721286E-08 3.9986947E-09 1.3304143E-08 3.2711274E-08 4.2344933E-08 1.0368597E-08 2.2937416E-08 3.2133059E-08 2.5036650E-08  295.0395 307.4094 301.6978 297.2244 307.8251 307.1342 301.6226 299.2013 305.2909 303.0175 298.6516 297.1726 301.1600 297.9643 294.6085 294.7521  242.29
2008 8.7117585E-10 7.0765558E-09 4.1652797E-08 4.7521034E-08 2.8284659E-09 9.5849408E-09 3.3135557E-08 3.6499426E-08 3.6122045E-09 1.3224943E-08 3.0893155E-08 4.1626290E-08 1.0976813E-08 2.0140931E-08 2.8881212E-08 2.6888529E-08  295.0359 306.6670 301.2918 297.2949 307.1965 306.6122 301.4040 299.4319 304.4654 302.3997 298.3448 297.0128 300.1943 297.4348 294.3559 294.2045  371.355
2009 9.0285074E-10 7.6905220E-09 4.8013526E-08 5.4035123E-08 2.7639715E-09 9.6928661E-09 3.4755249E-08 3.8459849E-08 3.6562462E-09 1.3317059E-08 2.9585559E-08 4.1373749E-08 8.8372509E-09 1.8253218E-08 2.7956174E-08 2.4274938E-08  0.0000000E+00 0.0000000E+00 0.0000000E+00 0.0000000E+00 0.0000000E+00 0.0000000E+00 0.0000000E+00 0.0000000E+00 0.0000000E+00 0.0000000E+00 0.0000000E+00 0.0000000E+00 0.0000000E+00 0.0000000E+00 0.0000000E+00 0.0000000E+00  147.548
2010 4.0457546E-10 2.7750502E-09 2.5110618E-08 4.6494957E-08 5.2446564E-10 4.1693542E-09 1.9411470E-08 2.8918937E-08 1.1361233E-09 6.9271060E-09 2.0469409E-08 2.8698105E-08 3.6235537E-09 1.1116893E-08 2.1336886E-08 1.8833536E-08  294.7414 307.8106 303.5865 298.9160 307.3214 308.3749 304.1078 301.2697 305.1067 304.3638 300.9644 299.5206 301.7636 299.5641 296.6023 296.2325  366.645
2011 6.0763539E-10 5.1707034E-09 3.7370057E-08 4.9506756E-08 2.5831191E-09 8.7502237E-09 3.1300818E-08 3.6240461E-08 3.4262377E-09 1.0011694E-08 2.7260736E-08 3.6078688E-08 7.7703710E-09 1.6064995E-08 2.5448461E-08 2.3052239E-08  294.7812 307.1765 301.9799 297.7355 307.1343 307.1685 302.0612 299.7799 304.5118 303.1241 299.1199 297.8785 300.8278 298.2834 295.1689 295.1222  126.677
2012 3.9349904E-10 4.7012763E-09 3.7970846E-08 5.2424681E-08 9.2631558E-10 7.0048540E-09 2.9686721E-08 3.7640092E-08 2.5369253E-09 1.1191036E-08 2.6224361E-08 3.9978776E-08 7.0958071E-09 1.7107986E-08 2.6191977E-08 2.4200574E-08  295.0936 307.3615 301.9811 297.5692 307.6884 307.5252 302.0722 299.4760 304.9893 303.2508 299.2360 297.3967 301.0375 298.3216 295.0737 294.6956  138.097
2013 7.9435603E-10 6.8401746E-09 4.0617287E-08 5.7520914E-08 3.0454981E-09 1.1268773E-08 3.3854761E-08 4.2636788E-08 4.5963833E-09 1.5034276E-08 3.1770771E-08 4.0558621E-08 1.0610686E-08 1.9515422E-08 2.8880468E-08 2.4664356E-08  295.2318 307.0368 301.4369 296.6262 307.1530 306.6543 301.3921 298.7545 304.6178 302.5256 298.3097 296.7342 300.5251 297.7538 294.2682 294.1290  340.452
2014 1.0660711E-09 5.1186930E-09 3.5114137E-08 5.4981452E-08 2.6180649E-09 7.2155300E-09 2.6171197E-08 3.8645897E-08 4.4729038E-09 1.2044080E-08 2.5874481E-08 3.5377038E-08 1.1434369E-08 2.0288104E-08 2.8147763E-08 2.4332865E-08  296.0623 307.3467 301.7501 296.9926 307.3290 307.1810 301.8415 299.1392 304.5830 302.7752 298.8885 297.3807 300.1591 297.5176 294.4160 294.4213  167.032
2015 8.6969087E-10 7.0119728E-09 3.7398468E-08 4.9339814E-08 2.7603291E-09 1.2036154E-08 3.1157253E-08 3.6204703E-08 4.8273958E-09 1.6546743E-08 3.0067188E-08 3.6885076E-08 1.2661794E-08 2.4194387E-08 3.0179383E-08 2.4899764E-08  295.9485 307.2458 301.7989 297.4915 307.6524 306.9019 301.6967 299.2392 304.8303 302.5035 298.4914 297.1414 300.3283 297.2684 294.1638 294.3665  386
