STN,prec_1,prec_2,prec_3,prec_4,prec_5,prec_6,prec_7,prec_8,prec_9,prec_10,prec_11,prec_12,prec_13,prec_14,prec_15,prec_16,st_1,st_2,st_3,st_4,st_5,st_6,st_7,st_8,st_9,st_10,st_11,st_12,st_13,st_14,st_15,st_16,08.0
LAT,29.30136,29.30136,29.30136,29.30136,32.09194,32.09194,32.09194,32.09194,34.88252,34.88252,34.88252,34.88252,37.67308,37.67308,37.67308,37.67308,29.30136,29.30136,29.30136,29.30136,32.09194,32.09194,32.09194,32.09194,34.88252,34.88252,34.88252,34.88252,37.67308,37.67308,37.67308,37.67308,33.6194949
LON,-115.3125,-112.5000,-109.6875,-106.8750,-115.3125,-112.5000,-109.6875,-106.8750,-115.3125,-112.5000,-109.6875,-106.8750,-115.3125,-112.5000,-109.6875,-106.8750,-115.3125,-112.5000,-109.6875,-106.8750,-115.3125,-112.5000,-109.6875,-106.8750,-115.3125,-112.5000,-109.6875,-106.8750,-115.3125,-112.5000,-109.6875,-106.8750,-110.9215037
1958 1.0740050E-09 7.7575182E-09 4.0089859E-08 3.9634703E-08 3.0086866E-09 7.5255269E-09 2.6565035E-08 2.3974646E-08 3.0459384E-09 1.0675135E-08 2.3122263E-08 2.6136689E-08 5.1719993E-09 1.2414560E-08 2.0614538E-08 2.2555177E-08  294.6816 306.1655 301.0441 296.3891 304.8111 304.8196 300.6168 298.0455 300.8497 299.5360 296.2037 295.2807 295.9539 293.9511 291.2002 291.1174  295.871
1959 1.7354826E-09 1.2305104E-08 5.4741975E-08 4.9669008E-08 5.7758132E-09 1.3679125E-08 3.4755523E-08 3.0847900E-08 6.1054171E-09 1.5448114E-08 2.9287886E-08 3.0344868E-08 9.8407469E-09 1.7524167E-08 2.3561388E-08 2.1496005E-08  294.8558 305.1938 299.4612 294.7934 304.3521 303.6251 299.0084 296.4878 300.3413 298.6109 294.7707 293.9211 295.6411 293.3403 290.4523 290.6320  1330.84
1960 5.8086969E-10 3.6132366E-09 2.7146957E-08 3.7587725E-08 1.2239231E-09 5.0287046E-09 2.2572102E-08 2.5089056E-08 1.8670157E-09 7.1399846E-09 1.8840085E-08 2.5671786E-08 3.4466423E-09 7.5285698E-09 1.3881764E-08 1.6042373E-08  294.3678 306.2102 301.8688 296.5681 303.9856 304.6905 300.8041 298.0695 300.3578 299.4898 296.4063 295.2021 295.9647 294.2293 291.7704 291.6039  171.581
1961 6.3597455E-10 4.9660311E-09 2.5841151E-08 3.6576736E-08 1.5037627E-09 6.8835777E-09 1.9480753E-08 2.0691097E-08 2.5904088E-09 9.8747774E-09 1.7697639E-08 2.1965924E-08 4.6867199E-09 1.0600385E-08 1.6706572E-08 1.6206277E-08  294.4274 306.1392 301.5208 296.0150 304.1479 304.3802 300.5174 297.7395 300.4026 299.1601 296.0885 294.9601 295.9329 293.8547 291.2628 291.2947  285.806
1962 7.9366480E-10 2.9378973E-09 1.8754404E-08 3.2564706E-08 1.5216939E-09 3.8941539E-09 1.3172603E-08 2.0360106E-08 2.5574365E-09 6.5492554E-09 1.3770171E-08 2.0280250E-08 5.5268816E-09 7.9443403E-09 1.3335259E-08 1.3498241E-08  293.8545 305.9755 302.1292 296.8361 303.5769 304.4538 301.0602 298.1513 300.2960 299.3601 296.5732 295.4050 295.7856 293.9860 291.7186 291.6700  150.548
1963 8.6540403E-10 4.2336175E-09 2.0200346E-08 3.5082845E-08 1.2664011E-09 5.1758300E-09 1.4836902E-08 2.1600348E-08 2.3630531E-09 7.9519875E-09 1.5083250E-08 2.0722766E-08 4.9262368E-09 8.2123988E-09 1.4766044E-08 1.4668247E-08  294.5732 306.3047 302.1743 296.7642 304.1732 304.8006 301.1177 298.3487 300.6670 299.5624 296.6569 295.5081 296.1617 294.2071 291.7887 291.7035  1030.77
1964 7.6805773E-10 5.5237979E-09 3.8021014E-08 4.1861998E-08 1.5296854E-09 6.7884227E-09 2.6020841E-08 2.8944351E-08 2.1019035E-09 9.4878008E-09 2.3089351E-08 2.9567325E-08 4.4372945E-09 1.1362087E-08 1.8402536E-08 1.8718808E-08  293.7746 305.6184 300.7093 295.7126 304.1241 304.1046 299.9149 297.0863 300.5042 299.0229 295.5707 294.3052 296.0765 293.8853 291.0114 290.9069  634.387
1965 7.5130457E-10 2.4457696E-09 2.3872396E-08 3.0718031E-08 8.3757873E-10 5.3655937E-09 1.9465697E-08 1.9054301E-08 1.8458644E-09 8.3186720E-09 1.9103368E-08 2.2504292E-08 4.3197494E-09 1.0424873E-08 1.7048926E-08 1.5939339E-08  294.0706 305.9029 301.3949 296.5194 303.6235 304.0553 300.1313 297.7065 300.0049 298.7934 295.5731 294.6843 295.5475 293.5256 290.8673 291.1060  520.871
1966 8.7972357E-10 3.4803926E-09 1.8215381E-08 2.9799368E-08 1.3963984E-09 5.7943597E-09 1.4452713E-08 1.9726260E-08 2.9825213E-09 8.4838820E-09 1.5590251E-08 2.0710793E-08 5.0020721E-09 9.2471630E-09 1.4563626E-08 1.6457559E-08  293.8943 305.8313 301.8628 296.5669 303.4035 304.1553 300.6224 297.7262 299.9625 298.9092 295.9185 294.7613 295.6847 293.6801 291.1440 290.8476  459.29
1967 6.2373529E-10 5.1688880E-09 3.7808132E-08 3.9080305E-08 2.2888798E-09 7.3785906E-09 2.7254821E-08 2.6388053E-08 3.9513735E-09 1.1333034E-08 2.3374115E-08 2.8914624E-08 8.0903408E-09 1.3704800E-08 2.1206276E-08 2.0282894E-08  294.0338 305.8051 300.4240 295.5536 304.3737 304.0421 299.4715 296.8261 300.5432 298.8344 295.2548 294.0087 295.8188 293.4972 290.5315 290.4484  1337.94
1968 9.8552400E-10 3.7694790E-09 1.9583883E-08 3.3180264E-08 1.6981644E-09 5.1291544E-09 1.4694959E-08 1.9964741E-08 2.4905296E-09 8.0750855E-09 1.5350505E-08 2.0873420E-08 5.0836317E-09 8.7539878E-09 1.3678023E-08 1.4979886E-08  293.9953 305.8452 301.8983 296.5598 303.4401 304.0593 300.5323 297.8492 299.9574 298.8719 295.9698 294.9404 295.4633 293.5425 291.0258 290.8988  701.29
1969 6.6135003E-10 2.7639302E-09 1.8087192E-08 3.2886028E-08 9.5852293E-10 4.4722865E-09 1.4438768E-08 1.9984782E-08 2.1824862E-09 6.8407333E-09 1.5007194E-08 2.0373019E-08 4.6366413E-09 8.5360394E-09 1.3865879E-08 1.3838332E-08  293.8401 306.5056 302.3983 297.1862 304.2311 304.9006 301.3570 298.4719 300.6993 299.6734 296.7045 295.5979 296.2145 294.3233 291.7859 291.8644  348.129
1970 3.9311163E-10 2.2189168E-09 2.7049618E-08 4.3448264E-08 6.4533440E-10 3.9163099E-09 2.0232783E-08 2.5145528E-08 1.2765172E-09 6.0681962E-09 1.7264473E-08 2.2647466E-08 3.5550798E-09 7.2804203E-09 1.4371004E-08 1.4875869E-08  294.1731 305.7910 301.0916 295.7146 303.7252 304.2434 300.2850 297.2702 300.2717 299.2186 295.9874 294.8869 295.8489 293.8872 291.2701 291.2751  336.581
1971 7.7040307E-10 5.9166791E-09 3.0797452E-08 3.8623451E-08 1.7830842E-09 6.7341266E-09 2.3868377E-08 2.6089708E-08 3.2365475E-09 9.7589092E-09 2.1765816E-08 2.5749499E-08 5.3924269E-09 1.1109028E-08 1.7521570E-08 1.7604725E-08  293.9589 305.6852 300.9041 295.8025 303.6295 303.9234 299.7926 296.9779 299.8257 298.6904 295.4067 294.1118 295.2676 293.3938 290.7975 290.6291  860.194
1972 1.0183890E-09 2.5474600E-09 2.5138009E-08 3.3576161E-08 1.2320124E-09 3.4891385E-09 1.6849970E-08 2.1742801E-08 2.1720890E-09 6.3277312E-09 1.6040712E-08 2.2471065E-08 4.1875823E-09 7.0239836E-09 1.3566180E-08 1.6282824E-08  294.4494 305.5679 301.4663 296.5782 303.2580 303.9111 300.2379 297.6425 299.5893 298.6657 295.7805 294.5351 294.9575 293.2839 290.8218 290.7139  178.774
1973 4.7541926E-10 2.3684847E-09 2.0181554E-08 3.8032972E-08 6.2551958E-10 4.1264605E-09 1.6872136E-08 2.4624704E-08 1.9193129E-09 7.7440161E-09 1.6939705E-08 2.5700398E-08 3.3747967E-09 9.5767305E-09 1.5392896E-08 1.7810516E-08  293.7224 306.1153 302.0168 296.5435 303.6125 304.3873 300.6050 297.6618 299.8622 298.8725 295.7470 294.4724 295.5159 293.5920 290.8705 290.7769  370.29
1974 9.9498354E-10 3.4481975E-09 2.7894396E-08 3.2167222E-08 1.0173110E-09 5.4457936E-09 1.9866093E-08 2.2271053E-08 1.5661403E-09 8.6135721E-09 1.8386231E-08 2.3152291E-08 5.1133267E-09 1.0334295E-08 1.6470194E-08 1.7760758E-08  293.9599 305.0382 300.7953 296.0406 303.0183 303.3450 299.5851 297.0182 299.4668 298.2149 295.0120 294.1050 294.9271 292.8923 290.1824 290.0627  284.129
1975 7.2819889E-10 3.9235815E-09 2.2070926E-08 3.6293439E-08 9.1600705E-10 6.3492074E-09 1.7004941E-08 2.2627217E-08 2.0378641E-09 7.5771869E-09 1.4853196E-08 2.2331864E-08 4.2585837E-09 8.9691783E-09 1.3924035E-08 1.4700367E-08  293.9969 305.5425 301.4614 296.2661 303.3709 303.8542 300.1635 297.4638 299.9679 298.8600 295.8301 294.7055 295.5520 293.6505 291.0840 291.0539  180.903
1976 8.0587198E-10 2.9096319E-09 3.4857695E-08 4.1086892E-08 7.6525208E-10 3.6265357E-09 2.2872712E-08 2.7311380E-08 1.2593462E-09 6.6370314E-09 1.8689457E-08 2.4951134E-08 3.4107612E-09 8.7759702E-09 1.5925924E-08 1.7750315E-08  294.5035 305.5932 300.4678 295.2194 303.4658 303.8422 299.5831 296.6424 299.6010 298.5938 295.2086 294.0120 294.9893 293.1591 290.4791 290.3871  295.097
1977 5.0859711E-10 3.1800713E-09 2.0694626E-08 3.1479615E-08 1.1315262E-09 4.9205369E-09 1.7983446E-08 2.3592158E-08 3.0534792E-09 7.8740046E-09 1.6667961E-08 2.3689610E-08 4.9874176E-09 9.4537134E-09 1.4538471E-08 1.5678360E-08  294.3893 306.1712 301.9051 296.3355 303.7903 304.2381 300.3864 297.5628 300.0728 298.8945 295.7643 294.4635 295.5043 293.4234 290.8465 290.5734  396.71
1978 6.6923356E-10 3.7723562E-09 2.3422857E-08 3.6261095E-08 1.2188244E-09 5.5794511E-09 1.8121131E-08 2.2014021E-08 2.4550131E-09 8.8792973E-09 1.6149382E-08 2.1110015E-08 5.1116857E-09 1.1088980E-08 1.5490329E-08 1.5768601E-08  294.4719 305.9427 301.7923 296.4115 303.8141 304.1778 300.3124 297.6707 300.1270 298.8048 295.8454 294.7426 295.6157 293.4316 290.7956 290.7537  360
1979 8.9283453E-10 2.3412190E-09 2.5780274E-08 4.0039300E-08 1.4301266E-09 5.1074265E-09 1.8388221E-08 2.6093771E-08 2.9788116E-09 8.0324352E-09 1.6670736E-08 2.4794243E-08 4.6854365E-09 8.5915177E-09 1.5295345E-08 1.5625107E-08  294.3386 306.0098 301.4648 296.3044 304.0135 304.6141 300.6082 297.7155 300.5765 299.5209 296.3317 294.9792 296.1669 294.2118 291.5755 291.3130  414
1980 9.3152142E-10 3.6693950E-09 2.4808013E-08 3.7064861E-08 9.8392205E-10 5.8383578E-09 1.9025908E-08 2.4202656E-08 1.9087361E-09 7.0074040E-09 1.5175448E-08 2.1944324E-08 3.3745864E-09 8.5544842E-09 1.3345933E-08 1.4790773E-08  294.1392 305.6162 301.5572 296.5734 303.4149 303.9958 300.5439 297.8567 299.8527 298.9252 296.0898 295.0796 295.3254 293.4612 291.1371 291.0999  461.29
1981 1.1054553E-09 2.7595146E-09 2.2674774E-08 3.3878322E-08 1.3761735E-09 5.0315823E-09 1.7523462E-08 2.1865707E-08 2.3241191E-09 8.2687173E-09 1.6378348E-08 2.3836877E-08 5.1376090E-09 9.4400336E-09 1.4285350E-08 1.5696415E-08  294.7704 305.9418 301.8885 296.6289 303.4488 303.9976 300.4541 297.8308 299.8674 298.7718 295.9975 294.8830 295.5844 293.7215 291.2631 291.1433  336
1982 1.2035339E-09 7.3270359E-09 2.8474261E-08 3.4946918E-08 3.5945968E-09 9.5509929E-09 2.2042355E-08 2.5178311E-08 5.6177645E-09 1.3785858E-08 1.9800179E-08 2.3770482E-08 1.0625932E-08 1.4814638E-08 1.9911385E-08 1.8677349E-08  294.0430 305.1377 300.6878 295.6989 303.3362 303.3106 299.3944 296.8696 299.4422 298.0370 295.1287 294.1260 294.6465 292.5825 290.1395 290.3083  428.839
1983 1.3923295E-09 6.1810650E-09 3.1708193E-08 4.0183739E-08 1.2612954E-09 7.1043491E-09 2.3260451E-08 2.5061775E-08 1.8424062E-09 9.2139754E-09 1.9666839E-08 2.4727958E-08 4.2433554E-09 1.0813597E-08 1.8072024E-08 1.8205396E-08  295.4067 305.6957 301.4114 296.4821 303.6676 304.2067 300.4101 297.7610 300.1636 299.0267 295.9071 295.0703 295.7332 293.7395 291.0688 291.1585  557.613
1984 1.3555294E-09 7.7389508E-09 2.7550975E-08 3.5539969E-08 2.1143760E-09 8.1782572E-09 2.3083818E-08 2.5482981E-08 3.0636258E-09 1.0199550E-08 2.2778304E-08 2.6658318E-08 5.8163785E-09 1.1959968E-08 1.8211114E-08 1.8573047E-08  296.0330 305.4424 300.7294 295.5573 303.5214 303.5367 299.4537 296.7973 299.9374 298.4681 294.9862 293.8797 295.2949 293.1154 290.3001 290.3240  729.645
1985 9.6970643E-10 6.8819848E-09 2.4519787E-08 3.1344900E-08 1.8497122E-09 6.9779786E-09 1.8030375E-08 2.2173225E-08 3.1375065E-09 9.2195149E-09 1.7164254E-08 2.2841379E-08 6.6217480E-09 1.1318247E-08 1.7486716E-08 1.7507366E-08  295.6737 305.4234 300.9732 295.7739 303.5508 303.5373 299.6306 296.8663 299.8064 298.3685 295.1488 293.9025 295.1521 292.9221 290.1956 290.0943  458.161
1986 6.4290434E-10 3.2340912E-09 2.1493914E-08 3.7740325E-08 7.3576556E-10 3.8313890E-09 1.6054946E-08 2.4375653E-08 2.6237552E-09 6.4262853E-09 1.7587791E-08 2.5279419E-08 4.8551025E-09 8.3346379E-09 1.6169343E-08 1.6414898E-08  295.2960 306.0021 301.4265 296.0088 303.6274 304.0944 300.0319 297.0623 299.7426 298.7874 295.4888 294.1038 295.1234 293.3828 290.6115 290.5677  386
1987 1.6350686E-09 4.9394471E-09 2.2622750E-08 3.5149466E-08 2.3315907E-09 5.8516538E-09 1.8854033E-08 2.3438478E-08 4.1228838E-09 8.0880573E-09 1.6779934E-08 2.1475982E-08 7.0658173E-09 1.0352242E-08 1.4260696E-08 1.5701868E-08  294.7277 305.6667 301.5661 296.3701 303.2456 303.8620 300.1971 297.5785 299.7196 298.8374 295.9635 295.0422 295.3441 293.5618 291.1490 291.1813  532.387
1988 8.7872243E-10 4.6544080E-09 2.9174501E-08 3.4257976E-08 1.0019796E-09 7.1250947E-09 2.2866088E-08 2.1426709E-08 1.3674891E-09 9.2871622E-09 1.8681511E-08 2.2244830E-08 3.7116878E-09 1.0310697E-08 1.7133118E-08 1.5614027E-08  295.4035 305.5888 301.1831 296.2023 303.6259 303.8758 299.8910 297.4691 300.1328 298.7738 295.5556 294.6596 295.7816 293.6087 290.8419 290.9832  1231.06
1989 7.4565359E-10 3.9730872E-09 2.3029571E-08 3.5575066E-08 1.3077330E-09 5.0395492E-09 1.5885824E-08 2.1936371E-08 2.4442042E-09 7.0089778E-09 1.3273598E-08 1.8748290E-08 4.0902211E-09 7.3072557E-09 1.3086136E-08 1.2844765E-08  295.4994 305.7992 301.3149 296.0046 303.5799 303.9481 300.1381 297.3182 300.0407 298.8230 295.8910 294.7632 295.5598 293.6978 291.1831 291.2806  276.839
1990 9.9501385E-10 6.5434542E-09 3.0883044E-08 4.2328175E-08 2.8892206E-09 7.6388744E-09 2.1064569E-08 2.6368463E-08 4.3791832E-09 9.8977333E-09 1.9143943E-08 2.4859755E-08 6.5793442E-09 1.2308559E-08 1.8213363E-08 1.7243694E-08  295.9515 305.8712 300.7916 295.4571 304.2721 304.1411 300.1214 297.1043 300.4928 299.1420 295.8073 294.6173 295.8551 293.6882 291.1035 291.1001  461.968
1991 1.2428887E-09 6.2081829E-09 3.3225675E-08 3.8165727E-08 3.7085843E-09 8.1836689E-09 2.5484409E-08 2.6372881E-08 5.4234461E-09 1.2759482E-08 2.3156645E-08 2.6444939E-08 9.4493471E-09 1.4785527E-08 2.0743737E-08 1.8356506E-08  294.6906 305.1889 300.5003 295.7395 303.6110 303.3452 299.2219 296.8153 299.7829 298.1783 294.9128 293.9362 295.0767 292.7935 290.1432 290.3127  297.774
1992 1.8977331E-09 6.0485390E-09 3.4574658E-08 4.4790472E-08 2.4243378E-09 6.9324755E-09 2.7435158E-08 3.0926042E-08 4.4625219E-09 1.0938159E-08 2.3004226E-08 2.9658255E-08 7.7166948E-09 1.3611953E-08 1.9761568E-08 1.9338399E-08  296.0283 305.1732 299.9038 294.7137 303.5136 303.2341 298.6544 295.8045 299.3362 297.8978 294.4489 293.2642 294.4915 292.3871 289.7345 289.9729  1427.35
1993 1.2766851E-09 3.9148893E-09 2.6212923E-08 3.8090008E-08 1.9636623E-09 5.0204649E-09 1.9785020E-08 2.4526452E-08 3.0761933E-09 8.6827239E-09 1.9738865E-08 2.4013007E-08 6.3529328E-09 1.0946999E-08 1.7171386E-08 1.8479605E-08  295.6029 306.0736 301.0968 295.7185 304.0471 304.2916 299.9512 297.0299 300.1445 298.9680 295.6074 294.3490 295.4441 293.3814 290.7124 290.5479  371.226
1994 1.2450002E-09 7.5123321E-09 2.8278725E-08 4.0460950E-08 4.3406061E-09 8.3501179E-09 2.0308143E-08 2.7653721E-08 4.9038618E-09 1.2726913E-08 2.0389782E-08 2.6766262E-08 1.0188429E-08 1.4823321E-08 1.9322412E-08 1.7273077E-08  295.1041 305.6493 300.5962 295.0725 303.7470 303.4547 299.2500 296.1707 299.8447 298.1100 294.5265 293.3260 295.0597 292.7856 289.9854 290.1591  266.29
1995 1.4996602E-09 3.4412140E-09 2.2779316E-08 3.6598042E-08 1.4387807E-09 5.4802043E-09 1.7483275E-08 2.3645107E-08 1.9288184E-09 7.5618187E-09 1.4710678E-08 2.1570093E-08 4.5897037E-09 9.0995655E-09 1.2835889E-08 1.3703508E-08  295.0353 305.9108 301.5212 295.9240 303.4721 304.0507 300.2852 297.2892 299.9873 299.0256 296.0477 294.7334 295.6821 293.8280 291.4133 291.2884  252.742
1996 8.3815138E-10 2.2747109E-09 1.4955924E-08 2.7326388E-08 9.0777214E-10 2.3881499E-09 1.1590306E-08 1.6510331E-08 1.4412790E-09 4.5691397E-09 1.1486875E-08 1.6597181E-08 3.8894195E-09 7.1958008E-09 1.2454995E-08 1.2524833E-08  295.6151 306.0298 302.0985 296.7892 303.5158 304.3855 300.9192 298.2980 300.0945 299.2454 296.3724 295.4037 295.7497 293.8288 291.2384 291.2361  271
1997 2.1496340E-09 5.2369415E-09 2.9876862E-08 4.4328257E-08 2.2548585E-09 7.4480266E-09 2.6939444E-08 3.2110833E-08 3.8972905E-09 1.1406649E-08 2.2746560E-08 2.7806474E-08 7.6876461E-09 1.1742266E-08 1.7655896E-08 1.8759671E-08  295.8182 305.7330 301.0086 295.7936 303.7054 303.7903 299.5623 296.9893 299.8272 298.4984 295.2865 294.3177 295.0853 293.2185 290.5990 290.6359  200.226
1998 7.0747419E-10 3.6772592E-09 2.2539288E-08 2.9320111E-08 7.4936185E-10 4.5070894E-09 1.6324767E-08 1.8891839E-08 1.8911299E-09 7.8803541E-09 1.4321768E-08 2.2670566E-08 5.1672666E-09 9.5865129E-09 1.4558156E-08 1.5230134E-08  295.7409 306.9045 302.8516 297.7354 304.6394 305.3936 301.7948 299.0510 301.1260 300.1135 297.1577 295.9735 296.6550 294.7406 292.2155 292.1104  254.355
1999 1.1256558E-09 5.1297842E-09 2.4386972E-08 3.3768320E-08 2.0622872E-09 7.4533650E-09 1.8558339E-08 2.2258064E-08 3.4841805E-09 7.9591853E-09 1.5812446E-08 2.2414508E-08 5.7544733E-09 1.0231633E-08 1.5344307E-08 1.5285833E-08  295.0694 305.5067 301.4347 296.3622 303.4252 303.8109 300.1659 297.5356 300.1382 298.9240 295.9905 294.9271 296.0172 293.8423 291.2895 291.2764  1159.81
2000 8.3894508E-10 5.1480002E-09 3.3790279E-08 3.9771898E-08 1.3368455E-09 5.5360694E-09 2.5823935E-08 2.8041926E-08 2.0452255E-09 7.2733939E-09 2.0971560E-08 2.7794009E-08 3.7911319E-09 8.5972678E-09 1.6277253E-08 1.8189830E-08  295.5583 305.8186 300.8636 296.0130 304.0557 304.2212 299.8474 297.1012 300.4308 299.1815 295.6442 294.3252 295.8738 293.9443 291.1068 290.9024  302.645
2001 8.7738911E-10 3.6419929E-09 2.0028157E-08 3.4308684E-08 1.2018387E-09 5.2025491E-09 1.6638516E-08 2.2512822E-08 1.9249855E-09 7.6296889E-09 1.5264824E-08 2.2379737E-08 5.4098348E-09 8.4553724E-09 1.4077100E-08 1.3784503E-08  295.5233 306.2255 301.9822 296.3736 303.8401 304.4989 300.7050 297.7425 300.4192 299.3986 296.4044 295.0004 296.0174 294.1455 291.4898 291.4046  346.516
2002 7.9020418E-10 3.9954249E-09 2.3325002E-08 3.9093418E-08 1.3971984E-09 4.6116426E-09 1.9638756E-08 2.6402770E-08 2.3477924E-09 6.9948500E-09 1.5969835E-08 2.3262903E-08 4.4973447E-09 8.8352561E-09 1.4776987E-08 1.4135225E-08  294.9582 306.1454 301.6732 296.2992 303.9185 304.4811 300.3565 297.4517 300.3351 299.3019 296.1808 294.8447 295.8485 293.9738 291.3872 291.4562  354.387
2003 8.7432439E-10 3.1199179E-09 2.0325659E-08 3.2724206E-08 8.8015856E-10 4.8024686E-09 1.3967788E-08 1.8554490E-08 2.0217146E-09 7.0747515E-09 1.3937162E-08 1.9157010E-08 4.7751851E-09 9.0430206E-09 1.4755540E-08 1.2678326E-08  295.2598 306.8581 302.4513 296.9790 304.6813 305.2180 301.2163 298.4718 301.0218 299.9016 296.8273 295.6480 296.5155 294.4490 291.7467 291.9390  301.452
2004 1.2999598E-09 3.5171772E-09 1.9871147E-08 3.9069889E-08 2.0058015E-09 5.0887241E-09 1.4683483E-08 2.2582407E-08 2.5555988E-09 7.3269559E-09 1.3827520E-08 2.1131857E-08 4.3881516E-09 8.8908978E-09 1.3781686E-08 1.4173581E-08  295.5564 306.1764 301.7293 295.9530 303.6872 304.4501 300.7301 297.7396 300.2831 299.4022 296.4961 295.1590 295.9763 294.1161 291.5389 291.3582  218.903
2005 9.5707775E-10 1.6935491E-09 1.3847377E-08 3.1023990E-08 1.9477925E-10 2.6557914E-09 9.7023971E-09 1.7998687E-08 8.2012491E-10 4.6444493E-09 9.9590398E-09 1.5503963E-08 2.7224170E-09 5.9780412E-09 1.0281088E-08 1.2092921E-08  295.5432 306.2079 302.7820 297.1205 303.7052 304.8367 301.6004 298.6671 300.6994 299.8756 297.1396 296.1230 296.4891 294.6145 292.2395 292.0137  423.355
2006 6.5383571E-10 4.1613233E-09 2.8517691E-08 3.9647869E-08 1.9065780E-09 6.5854069E-09 2.2582221E-08 2.4380812E-08 3.1522358E-09 1.0276949E-08 1.8748764E-08 2.3215613E-08 5.1984435E-09 9.1748875E-09 1.6005167E-08 1.6152192E-08  296.2244 306.5247 301.5345 296.2386 304.5187 304.8235 300.6761 297.8749 300.8928 299.5556 296.3515 295.3238 296.5665 294.5594 291.7787 291.6895  2414.45
2007 8.3813084E-10 4.4797503E-09 2.4793675E-08 3.8307551E-08 1.1011042E-09 4.9821418E-09 1.8518602E-08 2.4485038E-08 2.2352469E-09 6.8279453E-09 1.6917390E-08 2.3709374E-08 3.5175725E-09 7.3086288E-09 1.3941363E-08 1.3388338E-08  295.1311 306.7468 302.0665 296.5329 304.7967 305.3028 301.1561 298.0253 301.3969 300.2449 296.5884 295.2095 297.2653 295.1024 292.1847 292.1313  1074
2008 8.8267760E-10 1.4907686E-09 1.3927700E-08 2.6092113E-08 1.4058006E-09 3.3886605E-09 1.3000526E-08 1.7474081E-08 1.8824711E-09 5.7868808E-09 1.0348641E-08 1.6242749E-08 3.5010539E-09 6.7014168E-09 9.6927142E-09 1.1147304E-08  295.4486 306.1427 302.5713 297.3873 303.3097 304.2803 300.8170 298.3499 300.0099 299.1137 296.5005 295.5091 295.7291 293.9743 291.6807 291.5115  511.774
2009 7.8232065E-10 4.6847588E-09 2.3871941E-08 3.2588904E-08 1.5604947E-09 5.7576446E-09 1.6441570E-08 1.9551091E-08 3.5704171E-09 8.7837453E-09 1.6473257E-08 2.1313596E-08 6.8603949E-09 9.9084083E-09 1.4789407E-08 1.5411045E-08  295.5629 306.4208 301.9564 297.1324 304.5882 304.8988 301.1242 298.6176 300.7831 299.6043 296.5791 295.7130 296.0994 294.1460 291.7744 291.8826  119.226
2010 7.6286977E-10 9.2094338E-10 1.0387229E-08 3.0005744E-08 2.0367320E-10 2.1761011E-09 1.0555268E-08 1.8641662E-08 1.1748478E-09 3.8222625E-09 1.0449640E-08 1.7123606E-08 2.5174760E-09 4.4894546E-09 9.0479944E-09 1.1004482E-08  294.6498 305.9089 302.9829 297.8130 302.7202 304.3016 301.5122 298.9478 299.8411 299.4230 297.0883 296.1813 296.0749 294.5447 292.4088 292.1743  836.613
2011 7.5019002E-10 2.1221933E-09 1.9208327E-08 2.6983226E-08 8.4449214E-10 4.1956696E-09 1.4653875E-08 1.7521419E-08 1.1923047E-09 5.5660321E-09 1.3474377E-08 1.8285089E-08 3.5057663E-09 6.3780838E-09 1.1899040E-08 1.2895061E-08  295.0873 306.0351 302.5953 297.6841 303.5576 304.6197 301.3270 298.8997 300.4151 299.6648 296.9571 296.0870 296.2934 294.5506 292.1795 292.0499  361.355
2012 7.8323187E-10 2.8228926E-09 2.2191436E-08 3.9096978E-08 8.9772545E-10 4.6911461E-09 1.6720513E-08 2.3045791E-08 1.2852300E-09 6.5536212E-09 1.4900922E-08 2.1953451E-08 3.8449839E-09 7.1170958E-09 1.2681925E-08 1.5321513E-08  295.2227 306.0087 301.7670 296.6544 303.6790 304.3306 300.8620 298.2565 300.1548 299.3136 296.4536 295.5064 295.8800 294.1983 291.7860 291.8348  235.613
2013 8.1757368E-10 4.3580495E-09 2.3252708E-08 3.3817756E-08 2.1995121E-09 5.2823883E-09 1.5442955E-08 2.0064945E-08 2.7363938E-09 7.6289579E-09 1.4775312E-08 1.9653578E-08 5.1378812E-09 7.9189686E-09 1.2246872E-08 1.2190288E-08  295.6237 306.1233 301.5662 296.1643 304.0143 304.5168 300.7531 297.8329 300.5515 299.3279 296.1106 295.0991 296.1657 294.0946 291.5477 291.5808  489.355
2014 1.2112278E-09 6.0781109E-09 2.6207644E-08 3.9516745E-08 2.0868731E-09 7.3287056E-09 1.9578533E-08 2.4347887E-08 2.5505018E-09 9.2463326E-09 1.7750143E-08 2.2062785E-08 6.3416010E-09 1.1392343E-08 1.7008949E-08 1.4878020E-08  296.4662 306.2553 301.1154 295.7531 304.7083 304.6930 300.3178 297.2507 301.1476 299.6130 296.0630 294.8157 296.4076 294.1919 291.3525 291.5874  450.548
2015 2.8721432E-09 9.6140100E-09 3.5424296E-08 3.5126853E-08 4.4389008E-09 1.1346658E-08 2.6582148E-08 2.6082843E-08 5.7619922E-09 1.4473670E-08 2.4407264E-08 2.6410776E-08 9.3717283E-09 1.6328043E-08 2.2292310E-08 1.9125155E-08  296.3273 305.9338 301.0518 296.5483 304.4354 304.0694 299.9379 297.7248 300.3936 298.7136 295.4192 294.8002 295.7057 293.3721 290.6003 290.9352  384.032
