STN,prec_1,prec_2,prec_3,prec_4,prec_5,prec_6,prec_7,prec_8,prec_9,prec_10,prec_11,prec_12,prec_13,prec_14,prec_15,prec_16,st_1,st_2,st_3,st_4,st_5,st_6,st_7,st_8,st_9,st_10,st_11,st_12,st_13,st_14,st_15,st_16,09.0
LAT,29.30136,29.30136,29.30136,29.30136,32.09194,32.09194,32.09194,32.09194,34.88252,34.88252,34.88252,34.88252,37.67308,37.67308,37.67308,37.67308,29.30136,29.30136,29.30136,29.30136,32.09194,32.09194,32.09194,32.09194,34.88252,34.88252,34.88252,34.88252,37.67308,37.67308,37.67308,37.67308,33.6194949
LON,-115.3125,-112.5000,-109.6875,-106.8750,-115.3125,-112.5000,-109.6875,-106.8750,-115.3125,-112.5000,-109.6875,-106.8750,-115.3125,-112.5000,-109.6875,-106.8750,-115.3125,-112.5000,-109.6875,-106.8750,-115.3125,-112.5000,-109.6875,-106.8750,-115.3125,-112.5000,-109.6875,-106.8750,-115.3125,-112.5000,-109.6875,-106.8750,-110.9215037
1958 4.2027604E-09 4.0470094E-09 5.2428297E-09 9.1899510E-09 4.7640545E-09 6.6368857E-09 8.4247578E-09 1.0775167E-08 7.6290290E-09 1.0735318E-08 1.1395432E-08 1.0592096E-08 1.2446006E-08 1.3957830E-08 1.3413160E-08 1.3294201E-08  292.5472 294.1018 290.7538 286.4009 290.5995 289.1109 286.4348 284.4140 284.5965 282.6405 280.0756 279.5580 278.4109 276.0245 273.6712 274.3982  570.633
1959 3.4379468E-09 2.9636515E-09 4.1183101E-09 8.3004164E-09 4.8446132E-09 5.0154640E-09 6.4186589E-09 9.6255324E-09 9.6369721E-09 1.0020855E-08 1.0018224E-08 1.0370198E-08 1.6527119E-08 1.5557831E-08 1.4716331E-08 1.4026268E-08  292.5936 293.6269 290.2699 286.2575 290.1273 288.6270 285.8943 284.1162 283.8465 281.9536 279.3263 279.0653 277.3806 275.1588 272.7110 273.5026  236.533
1960 2.5595874E-09 1.7104124E-09 2.8148566E-09 7.2683561E-09 3.6374406E-09 3.1948029E-09 4.1141011E-09 7.5399234E-09 7.1130608E-09 7.1302910E-09 6.8340276E-09 7.5098798E-09 1.2082480E-08 1.1702582E-08 1.0676810E-08 1.0560167E-08  292.2625 294.2270 291.0419 286.7505 290.8112 289.4089 286.7703 284.7229 284.7503 282.8051 280.2790 279.8027 278.2724 275.9320 273.4951 274.2680  136
1961 1.8900468E-09 1.6903628E-09 2.2892577E-09 4.4310351E-09 3.4312129E-09 2.5230180E-09 3.6144090E-09 5.0998943E-09 8.5148990E-09 7.1312427E-09 6.0517298E-09 6.6588388E-09 1.4371040E-08 1.3605091E-08 1.1773997E-08 1.1197916E-08  292.3154 294.0867 291.2265 287.4886 290.6199 289.3454 286.9968 285.4383 284.5471 282.8306 280.5270 280.3548 278.1792 276.1160 273.9357 274.7802  240.567
1962 3.4701950E-09 2.7832323E-09 2.9179374E-09 5.6910578E-09 3.9645758E-09 3.9985948E-09 5.4093987E-09 8.2683229E-09 8.7532932E-09 8.8808552E-09 9.1845758E-09 8.9617895E-09 1.7760527E-08 1.6080786E-08 1.4497643E-08 1.3102136E-08  292.2320 293.6191 290.6600 286.9890 290.0881 288.6982 286.2372 284.6547 284.1168 282.2266 279.8279 279.6260 277.7954 275.5062 273.2334 274.0132  233.967
1963 5.2526614E-09 5.4076215E-09 6.3119709E-09 1.1000508E-08 5.2534017E-09 6.6761712E-09 8.6243501E-09 1.1406593E-08 8.7487155E-09 9.1175094E-09 9.1977395E-09 9.5498951E-09 1.4796803E-08 1.4267758E-08 1.3591843E-08 1.2944085E-08  292.6203 293.3618 290.2256 286.3556 289.9767 288.4636 285.8918 284.2237 283.8844 281.9922 279.5919 279.3775 277.5089 275.2206 272.9581 273.8777  924.967
1964 2.3966911E-09 2.0359801E-09 4.2529869E-09 7.8193754E-09 2.8955771E-09 3.5943355E-09 5.4369518E-09 6.9259798E-09 5.3609703E-09 6.0857759E-09 6.3529226E-09 6.0491505E-09 1.0936886E-08 1.1195581E-08 1.0224563E-08 9.4917905E-09  292.0414 293.9579 291.1667 287.3412 290.5727 289.3540 287.0589 285.5442 284.9095 283.1497 280.9146 280.8693 278.7649 276.5998 274.4193 275.4593  800.367
1965 3.9544381E-09 4.8818354E-09 7.4677233E-09 1.1455894E-08 5.2037947E-09 6.7491750E-09 9.4516723E-09 1.2130800E-08 9.1827213E-09 1.0416653E-08 1.1432740E-08 1.2084255E-08 1.3771848E-08 1.2989308E-08 1.2525536E-08 1.2776795E-08  292.5422 293.5498 290.0512 285.6565 290.4605 288.6287 285.7564 283.5204 284.4232 282.1838 279.2820 278.7074 278.3397 275.8053 273.1477 273.7128  232.933
1966 4.0521160E-09 3.0868457E-09 4.4121968E-09 8.2937426E-09 5.3336255E-09 5.5422107E-09 6.9970483E-09 9.0184518E-09 9.8758566E-09 1.0046180E-08 8.9207282E-09 7.7132469E-09 1.3954397E-08 1.3948864E-08 1.2756283E-08 1.1238694E-08  292.4540 293.7686 290.5844 286.5408 290.1982 288.7543 286.1982 284.4897 284.2226 282.2339 279.8041 279.6418 277.9812 275.6453 273.3174 274.2452  579.133
1967 2.3133158E-09 1.9031432E-09 3.5058045E-09 7.6587234E-09 2.8820879E-09 3.1000631E-09 6.0699312E-09 9.1978318E-09 8.1383904E-09 7.9768148E-09 8.8093683E-09 9.2758805E-09 1.5797601E-08 1.4646795E-08 1.3526067E-08 1.2904318E-08  292.3951 293.5743 290.4972 286.6978 290.1608 288.7313 286.1620 284.5635 284.0568 282.2458 279.7995 279.7111 277.7191 275.5676 273.2476 274.2710  686.6
1968 4.7042770E-09 6.3044996E-09 8.3897840E-09 1.2196795E-08 5.9259739E-09 7.9940019E-09 1.0394885E-08 1.1754977E-08 1.1205677E-08 1.2227092E-08 1.2095853E-08 1.1098276E-08 1.6945995E-08 1.5771338E-08 1.4658058E-08 1.3144647E-08  292.2547 293.3839 290.2571 286.3991 290.0898 288.5927 286.0560 284.2552 284.0984 282.0758 279.6395 279.3172 277.8501 275.4000 272.9780 273.8410  232.233
1969 2.0537929E-09 1.3207949E-09 3.4958321E-09 7.4541919E-09 2.3808890E-09 2.7256113E-09 4.8924780E-09 8.3663529E-09 6.6677215E-09 7.1836488E-09 8.7534024E-09 9.3254426E-09 1.4942533E-08 1.4197531E-08 1.2729727E-08 1.1506625E-08  292.4987 293.9269 290.8216 286.9510 290.6399 289.2513 286.7033 284.9351 284.7122 282.7997 280.2903 280.0892 278.3924 276.1762 273.8500 274.7758  494.233
1970 1.7647172E-09 9.5214836E-10 1.5081133E-09 4.4248973E-09 1.5457716E-09 1.6954201E-09 3.0107925E-09 5.3510081E-09 5.6186900E-09 6.3902617E-09 6.8523605E-09 6.8771517E-09 1.3278280E-08 1.2873350E-08 1.1783298E-08 1.0439973E-08  292.2584 293.7135 290.6963 286.9360 290.2881 288.8878 286.4319 284.8809 284.3057 282.4564 280.0079 279.8618 277.8740 275.5987 273.2249 274.1971  829.667
1971 2.5484987E-09 2.9717806E-09 4.3117110E-09 6.7823418E-09 2.8062208E-09 4.0740424E-09 6.3457533E-09 8.1294242E-09 8.8837879E-09 8.3465697E-09 8.8210133E-09 9.1559329E-09 1.6983579E-08 1.4179653E-08 1.2308131E-08 1.1296196E-08  292.2962 293.6635 290.7928 287.1545 290.1656 288.9342 286.6968 285.3337 284.3710 282.7919 280.5567 280.5941 278.4005 276.3770 274.2127 275.2310  529.167
1972 4.7359054E-09 4.5204067E-09 5.3104681E-09 9.8484350E-09 3.9835748E-09 5.3554636E-09 7.5239157E-09 1.1156803E-08 7.9061717E-09 9.3712007E-09 1.0051864E-08 1.1857826E-08 1.3486751E-08 1.3886210E-08 1.3857490E-08 1.4801192E-08  292.6846 292.7444 289.4246 285.4348 289.5151 287.7166 285.0592 283.3611 283.3797 281.2672 278.7802 278.4875 277.1204 274.6493 272.1825 272.9354  209.5
1973 1.5557536E-09 5.9213323E-10 1.4490352E-09 3.7010022E-09 1.4834103E-09 1.5079077E-09 2.9224605E-09 4.8744124E-09 4.1973571E-09 4.9735043E-09 5.8566503E-09 6.1274643E-09 1.1103937E-08 1.1488980E-08 1.1420172E-08 1.1131667E-08  292.0703 293.8255 290.9113 287.0065 290.4536 289.0901 286.6137 284.8773 284.5089 282.6324 280.0537 279.8274 277.9162 275.5835 272.9927 273.9329  200.233
1974 2.0153257E-09 1.4363147E-09 2.3604989E-09 4.3689932E-09 2.7323854E-09 2.7031244E-09 4.2540491E-09 4.9611493E-09 7.1230306E-09 7.6678663E-09 7.6548865E-09 6.9864452E-09 1.3941210E-08 1.4205934E-08 1.3092885E-08 1.1504149E-08  292.1240 293.3131 290.2689 286.5403 290.0895 288.5674 286.0831 284.7098 284.0974 282.1452 279.7106 279.7612 277.5709 275.1794 272.9568 274.0623  168.2
1975 2.3662934E-09 1.8597859E-09 2.6822704E-09 5.0328528E-09 2.7635501E-09 3.0443603E-09 4.0491495E-09 4.9974549E-09 8.0625782E-09 7.1524053E-09 6.0271779E-09 5.6937677E-09 1.3806394E-08 1.2147424E-08 1.0717877E-08 9.6267971E-09  291.9277 293.5599 290.8659 287.3008 290.1442 288.8845 286.6515 285.2807 284.2171 282.5748 280.3940 280.3870 277.8937 275.8638 273.6835 274.7530  335.033
1976 4.3114166E-09 4.2663468E-09 4.9844471E-09 8.0951068E-09 6.0477516E-09 6.2927379E-09 6.6729391E-09 8.3598453E-09 1.0673131E-08 1.1509078E-08 1.0627457E-08 9.2858574E-09 1.5789507E-08 1.5623348E-08 1.4900702E-08 1.3605955E-08  292.3166 293.2522 289.8202 285.6786 289.8262 288.2761 285.6542 283.8286 283.6719 281.6532 279.2253 279.0743 277.3573 275.0250 272.7196 273.7412  236.367
1977 2.0282731E-09 2.7511891E-09 5.9637695E-09 1.0759323E-08 2.8648757E-09 4.3769837E-09 8.1045712E-09 1.1599629E-08 8.7079091E-09 1.0579274E-08 1.1372161E-08 1.1440685E-08 1.5715720E-08 1.5618186E-08 1.5422758E-08 1.4520470E-08  292.3250 293.4932 290.1234 285.9187 290.0890 288.5266 285.7183 283.8176 283.8896 281.8244 279.1617 278.9316 277.5915 275.1823 272.7562 273.5848  318.167
1978 3.1217002E-09 2.3506253E-09 3.0585972E-09 6.3410077E-09 4.4307242E-09 5.3471005E-09 6.8648709E-09 8.8872163E-09 9.4017008E-09 1.1067504E-08 1.1403995E-08 1.1067350E-08 1.6749240E-08 1.6073072E-08 1.5431649E-08 1.5040383E-08  292.3224 293.4165 290.2599 286.3256 289.9463 288.4489 285.8429 284.0241 283.8231 281.8209 279.2926 279.0330 277.4185 275.0660 272.6798 273.3725  177.1
1979 3.4435925E-09 3.9068828E-09 5.0248627E-09 8.9634868E-09 5.5827263E-09 5.5501999E-09 7.3174249E-09 9.6563548E-09 1.1923924E-08 1.2497008E-08 1.1062214E-08 1.0036138E-08 1.7693370E-08 1.7889983E-08 1.6115914E-08 1.3743005E-08  292.3941 293.0154 289.9488 286.2431 289.6190 288.1520 285.7708 284.2255 283.5542 281.8076 279.5186 279.4001 277.1420 275.1197 273.0050 273.8600  223.3
1980 1.8210969E-09 1.5417650E-09 2.3936526E-09 5.9152554E-09 1.7938123E-09 2.1971138E-09 4.1506159E-09 7.4902040E-09 5.8388712E-09 6.1429688E-09 7.2292830E-09 8.3086817E-09 1.3331883E-08 1.2538806E-08 1.2022833E-08 1.1877316E-08  292.7372 294.0751 291.0791 287.1746 290.5178 289.1705 286.6852 284.9773 284.4497 282.6153 280.1998 279.9250 277.9979 275.7079 273.4404 274.3157  316
1981 1.7775724E-09 1.3715230E-09 2.1210087E-09 4.6686761E-09 2.7769540E-09 2.8790774E-09 3.5309893E-09 5.1971321E-09 7.2378223E-09 7.6836981E-09 7.7201747E-09 8.1040499E-09 1.3201269E-08 1.2928154E-08 1.2829891E-08 1.3284655E-08  292.3557 293.6464 290.3345 286.2845 290.3403 288.7191 286.0342 284.1787 284.1783 282.1330 279.6446 279.2660 277.7032 275.2805 272.8740 273.6468  277.6
1982 7.7204572E-09 7.6184170E-09 7.5516011E-09 1.0188057E-08 8.7765715E-09 9.1562375E-09 9.9585460E-09 1.1839202E-08 1.3401728E-08 1.3602357E-08 1.3267106E-08 1.3190100E-08 1.7360183E-08 1.7892734E-08 1.8417285E-08 1.8655697E-08  292.4179 292.3727 289.2811 285.4487 288.9292 287.3257 284.9915 283.3978 282.7409 280.8904 278.5388 278.4627 276.4574 274.1693 271.8257 272.7176  476.167
1983 5.7201799E-09 7.3157032E-09 1.1408892E-08 1.6026254E-08 5.0813305E-09 7.8746778E-09 1.2707245E-08 1.5865735E-08 7.6234432E-09 1.0924791E-08 1.3179427E-08 1.5056242E-08 1.0988755E-08 1.3277280E-08 1.3959771E-08 1.5777351E-08  293.1416 293.4986 290.4149 286.5495 290.1803 288.5579 286.1786 284.5873 284.1113 282.1961 279.8463 279.6487 277.9403 275.6939 273.3587 274.0446  683.033
1984 4.1062846E-09 3.1363101E-09 4.6153552E-09 9.3399271E-09 5.2684737E-09 5.6353699E-09 6.8247599E-09 8.6592298E-09 1.0598945E-08 9.9829025E-09 9.5235331E-09 8.1095166E-09 1.8984693E-08 1.6710922E-08 1.4453130E-08 1.1998526E-08  293.0201 293.7261 290.5060 286.5476 290.1147 288.7336 286.2827 284.7785 283.9884 282.3059 280.0855 280.0263 277.7219 275.6143 273.3788 274.3271  662.5
1985 3.1025211E-09 2.2863154E-09 4.5294111E-09 9.0042018E-09 4.2341646E-09 4.8312709E-09 7.0142026E-09 9.3095505E-09 9.0745251E-09 1.0630377E-08 1.1130452E-08 1.0531726E-08 1.4067839E-08 1.5603371E-08 1.5527197E-08 1.4500589E-08  292.8449 293.4012 290.3368 286.4761 289.7898 288.4560 285.9640 284.3902 283.7139 281.8377 279.5111 279.4265 277.1981 274.9363 272.7596 273.7026  450.767
1986 9.2201144E-09 9.7163868E-09 1.2031066E-08 1.7894545E-08 9.5105221E-09 1.1221133E-08 1.3639604E-08 1.6304627E-08 1.3923203E-08 1.5326398E-08 1.5109491E-08 1.4262081E-08 1.7296699E-08 1.8568141E-08 1.7977447E-08 1.6677900E-08  292.8860 293.1038 289.9398 285.9249 289.8673 288.2449 285.7625 284.0038 283.8745 281.9273 279.5675 279.4212 277.7115 275.3138 273.0450 274.0726  350.2
1987 7.3197639E-09 7.7236324E-09 1.0086342E-08 1.5604231E-08 9.3291508E-09 1.1078067E-08 1.4054505E-08 1.6580504E-08 1.2464648E-08 1.4902531E-08 1.5480856E-08 1.5196427E-08 1.4499046E-08 1.6159303E-08 1.6852113E-08 1.6405934E-08  293.0470 293.0921 289.8209 285.7133 289.8622 288.1803 285.5551 283.6546 284.0316 281.9704 279.3226 279.0096 278.1203 275.6076 272.9834 273.6195  219.8
1988 3.0496332E-09 2.5038658E-09 3.2756520E-09 6.1185772E-09 3.8641628E-09 4.1006167E-09 5.3721099E-09 7.4364013E-09 7.7938811E-09 8.9365146E-09 9.4953876E-09 9.4566479E-09 1.3642328E-08 1.4881655E-08 1.4554870E-08 1.4104939E-08  292.5880 293.9437 291.0811 287.2849 290.4364 289.1064 286.7274 285.2084 284.5121 282.6054 280.3296 280.2143 278.2512 275.8727 273.5387 274.4637  1439.93
1989 3.2369181E-09 2.8464202E-09 3.8508876E-09 7.1600326E-09 4.3866804E-09 5.2173683E-09 6.9062778E-09 8.5351211E-09 8.4063831E-09 1.0318070E-08 1.0027401E-08 9.7937471E-09 1.4667463E-08 1.5376189E-08 1.4599902E-08 1.3553731E-08  292.9780 293.6469 290.6394 286.9832 290.0058 288.6039 286.2418 284.8423 283.8856 281.9998 279.6972 279.7801 277.3530 275.0050 272.8485 273.9729  143.5
1990 3.1691609E-09 2.7853060E-09 4.9121405E-09 9.0579677E-09 4.0549994E-09 4.5616479E-09 7.1793145E-09 9.1350936E-09 8.6760155E-09 8.6546921E-09 9.0138794E-09 9.1260288E-09 1.4681048E-08 1.4025615E-08 1.2971300E-08 1.1982792E-08  293.0331 293.8557 290.4489 286.2357 290.3813 288.9142 286.2674 284.3403 284.2614 282.3882 279.8826 279.6625 278.1910 275.8496 273.4390 274.4171  267.7
1991 3.5355694E-09 4.0537755E-09 6.7310255E-09 9.8101918E-09 3.8714241E-09 6.3832206E-09 9.9524744E-09 1.2289600E-08 9.7841859E-09 1.2507474E-08 1.3968434E-08 1.4101146E-08 1.7196385E-08 1.7079769E-08 1.6848636E-08 1.6688020E-08  292.7741 293.5995 290.1946 285.9624 290.2413 288.6533 285.9199 283.9562 284.1281 282.0523 279.4111 279.0653 277.7934 275.3872 272.9657 273.8087  447.367
1992 4.5114366E-09 4.4704511E-09 7.0769368E-09 1.2377220E-08 5.2738285E-09 6.7786661E-09 9.6116475E-09 1.2192667E-08 1.0495962E-08 1.2719115E-08 1.2968035E-08 1.3014697E-08 1.5393974E-08 1.6471878E-08 1.6088071E-08 1.5053622E-08  293.3241 293.5317 290.0078 285.7242 290.1870 288.4673 285.6613 283.6471 283.9732 281.8433 279.2267 278.8123 277.7097 275.2010 272.7819 273.4772  444.867
1993 4.9668656E-09 4.8415978E-09 8.2446396E-09 1.5223309E-08 6.1140542E-09 7.0023134E-09 1.0633414E-08 1.5466819E-08 1.0570854E-08 1.2007455E-08 1.3436623E-08 1.4776671E-08 1.4992848E-08 1.5312409E-08 1.5705451E-08 1.6592082E-08  293.1443 293.3816 289.9163 285.5229 290.0159 288.3551 285.5556 283.4291 284.0213 281.9802 279.2935 278.6948 277.9639 275.5797 272.9311 273.5020  442.933
1994 7.8062978E-09 6.9508528E-09 7.9440623E-09 1.3831154E-08 7.5539432E-09 7.3856703E-09 9.2805443E-09 1.3244670E-08 1.0221862E-08 1.1024022E-08 1.1375161E-08 1.2432329E-08 1.5458495E-08 1.5204861E-08 1.4206047E-08 1.3878894E-08  292.9627 293.1207 289.8678 285.7488 289.7574 288.1285 285.4503 283.5448 283.6705 281.6774 279.1133 278.8197 277.5289 275.1490 272.6917 273.5099  706.833
1995 4.1514276E-09 3.6027146E-09 4.7765458E-09 9.2063086E-09 4.4725565E-09 5.0176685E-09 7.0968240E-09 1.0794548E-08 6.8431287E-09 8.5153298E-09 1.0237611E-08 1.1314309E-08 1.0640372E-08 1.2014310E-08 1.2514651E-08 1.2645966E-08  292.9163 294.1718 290.9479 286.7339 290.7865 289.2617 286.5438 284.5781 284.9871 282.8931 280.3096 279.8802 278.7792 276.2903 273.8700 274.5384  250.367
1996 5.8318408E-09 4.4361905E-09 4.9327524E-09 9.3339532E-09 6.3588894E-09 6.1269816E-09 6.9693309E-09 9.7564090E-09 9.7554977E-09 9.9825419E-09 1.0455085E-08 1.1380231E-08 1.4676999E-08 1.4276807E-08 1.4170555E-08 1.4385434E-08  293.0360 293.9961 290.8531 286.8733 290.6118 289.1392 286.6465 284.8734 284.7127 282.7758 280.4301 280.1877 278.4543 276.1488 274.0387 274.8554  563.2
1997 3.8602179E-09 4.8179389E-09 7.3072886E-09 1.3806817E-08 4.5931570E-09 5.8359362E-09 8.4417096E-09 1.2795478E-08 7.8005016E-09 9.5979606E-09 1.1503158E-08 1.3049649E-08 1.2177024E-08 1.2347681E-08 1.3804782E-08 1.6040339E-08  293.4881 293.5966 289.8268 285.0468 290.3380 288.4616 285.4428 283.0778 284.0966 281.8777 279.0222 278.3635 278.0065 275.4426 272.5899 273.0182  220.567
1998 2.6251954E-09 2.0511259E-09 2.6848110E-09 5.2724980E-09 2.0788384E-09 2.8653122E-09 3.9851735E-09 5.7822147E-09 4.0712345E-09 5.7675176E-09 6.5442549E-09 6.1376948E-09 8.5954817E-09 1.0245367E-08 1.0330356E-08 9.7910817E-09  292.9659 294.5229 291.6614 287.7722 291.1738 289.8363 287.4059 285.7697 285.3588 283.4839 281.0649 280.9310 278.9427 276.6666 274.3505 275.3658  160.1
1999 1.8610826E-09 1.4264927E-09 2.1478126E-09 4.6896460E-09 2.0501283E-09 2.5442362E-09 3.2298140E-09 4.1594639E-09 5.3582836E-09 5.6900875E-09 5.4451323E-09 4.9905360E-09 1.1101603E-08 1.0428925E-08 9.1705266E-09 8.2891951E-09  292.5030 294.1339 291.4496 287.7586 290.5520 289.3797 287.1958 285.7626 284.7458 283.0625 280.8495 280.7894 278.4907 276.3233 274.1485 275.1828  522.133
2000 3.2796614E-09 2.8375116E-09 5.2093916E-09 6.9500281E-09 4.6015458E-09 5.9621947E-09 9.0180627E-09 9.0551664E-09 8.5320675E-09 9.8063264E-09 1.0866318E-08 9.5736530E-09 1.4504569E-08 1.4229886E-08 1.3599314E-08 1.2633272E-08  292.9907 294.0105 290.9712 287.2036 290.4385 289.0149 286.6770 285.1956 284.4392 282.6354 280.3165 280.3348 278.3605 275.9883 273.6917 274.7773  157.567
2001 4.1534829E-09 4.3553023E-09 5.4808500E-09 7.6692039E-09 5.5229288E-09 5.9369047E-09 6.8966668E-09 8.5197538E-09 8.5358405E-09 8.9909493E-09 8.5877350E-09 8.7545846E-09 1.2658757E-08 1.2949124E-08 1.1513660E-08 1.1315280E-08  292.8493 294.0484 290.9541 286.8668 290.6416 289.1853 286.6651 284.8300 284.7675 282.8591 280.3526 279.9323 278.6501 276.3488 273.8142 274.5543  182.1
2002 4.7895594E-09 4.7643400E-09 5.2970850E-09 1.0186086E-08 4.9337392E-09 5.6544551E-09 7.6766629E-09 1.0625178E-08 7.5327184E-09 9.0124628E-09 1.0196206E-08 1.0203872E-08 1.1594774E-08 1.3442755E-08 1.3453454E-08 1.2997272E-08  292.8087 293.2528 290.0009 286.0501 289.9321 288.3651 285.7074 283.9299 283.9761 281.8685 279.2911 279.0179 277.6348 275.1031 272.6284 273.4839  482.967
2003 5.1360001E-09 3.7269103E-09 4.1115098E-09 7.7467597E-09 6.6169621E-09 6.0749068E-09 7.3131150E-09 9.0280103E-09 9.3738146E-09 1.0144053E-08 1.0930967E-08 1.0726404E-08 1.5061927E-08 1.5238173E-08 1.4858060E-08 1.3915707E-08  292.6379 294.1835 291.2081 287.2485 290.6685 289.3341 286.8873 285.0955 284.7074 282.9066 280.4655 280.1657 278.5658 276.3315 273.9199 274.7034  862.267
2004 3.2890783E-09 2.2444155E-09 3.8942818E-09 6.2797625E-09 3.9175738E-09 3.5491838E-09 4.9428857E-09 6.6417405E-09 7.7184179E-09 8.1697902E-09 8.5052489E-09 8.5131298E-09 1.5945732E-08 1.4717117E-08 1.4867727E-08 1.4095709E-08  292.8268 293.8376 290.5478 286.4673 290.4493 288.9534 286.2487 284.4131 284.3333 282.3459 279.8081 279.4835 277.9944 275.7167 273.2670 273.8812  208.933
2005 3.0899585E-09 3.3950553E-09 6.4034178E-09 1.1340792E-08 4.1727897E-09 4.3162705E-09 7.4903657E-09 1.1392332E-08 9.1495886E-09 9.6527657E-09 1.0367272E-08 1.1557408E-08 1.4628589E-08 1.4979259E-08 1.3923893E-08 1.3475934E-08  292.8478 294.2484 291.2079 287.2007 290.6729 289.3889 286.9009 285.0888 284.7872 282.9655 280.5477 280.1376 278.6060 276.3354 274.0591 274.8130  233.733
2006 4.0946198E-09 3.0236285E-09 3.7697432E-09 8.2963298E-09 5.3484688E-09 5.9419452E-09 6.8400174E-09 8.2566327E-09 1.1007124E-08 1.3560607E-08 1.2245094E-08 9.9474038E-09 1.6832622E-08 1.8587530E-08 1.7449016E-08 1.4115596E-08  292.8261 293.7842 290.7651 286.9476 290.2774 288.7636 286.2250 284.5750 284.1913 282.1107 279.6019 279.4386 277.8511 275.4416 272.9604 273.9055  697.1
2007 2.5640812E-09 2.2362514E-09 3.9214374E-09 6.0613519E-09 3.4614662E-09 4.5413855E-09 6.5165588E-09 7.4816908E-09 7.1797754E-09 9.7359871E-09 9.7407735E-09 8.5138909E-09 1.3142380E-08 1.4736442E-08 1.3577606E-08 1.2677756E-08  292.5322 294.3882 291.6204 287.8398 290.9062 289.6222 287.2870 285.7656 285.1333 283.2554 280.8810 280.7404 278.8376 276.5604 274.4780 275.3333  264.1
2008 3.0474849E-09 2.0230486E-09 3.2293197E-09 7.3740458E-09 3.7099410E-09 3.6234580E-09 5.3695750E-09 8.3325773E-09 7.8381284E-09 7.8185547E-09 7.4701401E-09 7.9077722E-09 1.4581286E-08 1.3844888E-08 1.2075455E-08 1.1441741E-08  292.6446 293.7097 290.8737 287.2638 290.2264 288.9234 286.6006 285.1662 284.3141 282.5058 280.2439 280.1717 278.0334 275.7561 273.5440 274.4206  665.333
2009 5.3076969E-09 5.9329679E-09 7.5595539E-09 1.2637766E-08 5.3002878E-09 6.8457409E-09 9.5481516E-09 1.2561552E-08 8.0796436E-09 1.0009225E-08 1.1374365E-08 1.2292732E-08 1.1915064E-08 1.2250864E-08 1.2491217E-08 1.2426970E-08  292.9035 293.9432 290.5920 286.3078 290.7005 289.1924 286.4916 284.4188 284.7691 282.7432 280.0661 279.5599 278.7215 276.2963 273.7343 274.3841  155.1
2010 2.8436564E-09 1.6631119E-09 1.8978641E-09 4.8740185E-09 3.1240392E-09 2.8293079E-09 3.7393457E-09 5.2251137E-09 7.6544575E-09 7.6198399E-09 6.8802604E-09 6.4521535E-09 1.3032082E-08 1.3060127E-08 1.2055647E-08 1.1255945E-08  292.2556 294.2692 291.9019 288.4234 290.6174 289.7111 287.6872 286.3657 284.8170 283.2906 281.2368 281.3225 278.3731 276.4332 274.5031 275.4980  284.733
2011 1.8338698E-09 1.3969822E-09 1.8251123E-09 4.6152344E-09 1.4147366E-09 2.1327069E-09 3.2634651E-09 5.5482072E-09 4.4620743E-09 4.8098125E-09 5.1546158E-09 6.0511174E-09 1.0586518E-08 9.8699084E-09 9.2190318E-09 9.6685060E-09  292.3340 294.2146 291.3849 287.6002 290.8917 289.6064 287.1971 285.5871 285.2926 283.3858 281.0018 280.7550 279.0709 276.6974 274.4076 275.1502  285.5
2012 2.8995533E-09 3.0292968E-09 4.6581796E-09 1.0660870E-08 3.9879526E-09 5.4084404E-09 7.4117747E-09 1.0667674E-08 8.7125303E-09 1.0218956E-08 1.0736373E-08 1.0944249E-08 1.3901706E-08 1.5209530E-08 1.4206764E-08 1.3577773E-08  292.8385 293.0051 290.1753 286.6183 289.5591 288.1357 285.9211 284.5822 283.5816 281.7432 279.5909 279.6480 277.2997 275.1030 272.9619 273.9541  197.867
2013 4.6809814E-09 5.3057780E-09 4.9584021E-09 7.1763866E-09 4.2067865E-09 6.2178516E-09 7.1532642E-09 8.3111882E-09 8.0592226E-09 1.0000344E-08 1.0152047E-08 9.7275166E-09 1.3776706E-08 1.4230340E-08 1.3362353E-08 1.2374161E-08  292.4846 294.1387 291.3431 287.5746 290.5930 289.3689 287.0612 285.5119 284.7418 282.9499 280.6467 280.5183 278.3723 276.0963 273.9580 274.9480  1028.23
2014 3.5686845E-09 3.2385192E-09 3.9397712E-09 8.4130161E-09 4.3541117E-09 4.4220871E-09 6.0080616E-09 9.9471658E-09 9.0921422E-09 8.9926377E-09 1.0181236E-08 1.1658821E-08 1.7163138E-08 1.6269208E-08 1.5817555E-08 1.5866952E-08  293.1457 294.1298 290.7084 286.4457 290.8165 289.2988 286.4937 284.4352 284.7285 282.7091 280.0521 279.6380 278.4486 275.9789 273.5439 274.2235  458.867
2015 5.8566130E-09 6.8073391E-09 1.0161416E-08 1.9746443E-08 7.8359106E-09 8.8353813E-09 1.1856631E-08 1.7708009E-08 1.1735791E-08 1.2818989E-08 1.3765604E-08 1.5550745E-08 1.4485754E-08 1.4411405E-08 1.5010778E-08 1.6298042E-08  293.6139 293.0414 289.1304 284.5168 290.0468 288.0919 285.0366 282.6917 283.8540 281.6221 278.8210 278.2567 277.9486 275.2952 272.7515 273.2368  354.4
