STN,prec_1,prec_2,prec_3,prec_4,prec_5,prec_6,prec_7,prec_8,prec_9,prec_10,prec_11,prec_12,prec_13,prec_14,prec_15,prec_16,st_1,st_2,st_3,st_4,st_5,st_6,st_7,st_8,st_9,st_10,st_11,st_12,st_13,st_14,st_15,st_16,11.0
LAT,29.30136,29.30136,29.30136,29.30136,32.09194,32.09194,32.09194,32.09194,34.88252,34.88252,34.88252,34.88252,37.67308,37.67308,37.67308,37.67308,29.30136,29.30136,29.30136,29.30136,32.09194,32.09194,32.09194,32.09194,34.88252,34.88252,34.88252,34.88252,37.67308,37.67308,37.67308,37.67308,33.6194949
LON,-115.3125,-112.5000,-109.6875,-106.8750,-115.3125,-112.5000,-109.6875,-106.8750,-115.3125,-112.5000,-109.6875,-106.8750,-115.3125,-112.5000,-109.6875,-106.8750,-115.3125,-112.5000,-109.6875,-106.8750,-115.3125,-112.5000,-109.6875,-106.8750,-115.3125,-112.5000,-109.6875,-106.8750,-115.3125,-112.5000,-109.6875,-106.8750,-110.9215037
1958 1.7776783E-09 1.3515389E-09 2.5555273E-09 7.7480609E-09 2.3927476E-09 3.6989820E-09 6.6417178E-09 1.0380400E-08 5.7118723E-09 9.0329912E-09 1.2786827E-08 1.5067254E-08 1.3568942E-08 1.7362664E-08 2.2296016E-08 2.3339208E-08  289.8929 296.9528 294.2532 291.0287 294.6079 293.9554 291.2303 289.7115 289.2910 287.2231 284.7062 284.5304 281.9443 279.8424 276.9850 277.9780  232.333
1959 2.7298643E-09 2.0734006E-09 3.1374847E-09 8.5777145E-09 3.9093577E-09 4.0105008E-09 7.2925830E-09 1.2461614E-08 9.9193063E-09 1.2366447E-08 1.5593459E-08 1.8370438E-08 2.2413545E-08 2.3549122E-08 2.6762951E-08 2.5778217E-08  289.8758 296.8414 294.2040 290.8958 294.2422 293.8225 291.0986 289.5068 288.9180 287.0195 284.6649 284.5888 281.8075 280.0056 277.4539 278.5180  1258.6
1960 2.1062232E-09 2.9273364E-09 4.7021080E-09 9.4418899E-09 3.2881182E-09 3.7433878E-09 6.8175354E-09 1.1492906E-08 8.5484118E-09 1.0709158E-08 1.3655762E-08 1.5792194E-08 1.7871264E-08 2.0513257E-08 2.3658348E-08 2.2215513E-08  289.7721 296.4611 293.7847 290.6255 294.2865 293.6060 290.8645 289.2775 289.0197 287.0327 284.6102 284.3802 281.8160 279.7613 277.1949 278.2454  190.8
1961 2.1205941E-09 1.7460482E-09 3.8195349E-09 9.5466488E-09 3.0654594E-09 3.5138494E-09 6.0750427E-09 1.0257826E-08 7.2297071E-09 1.0681203E-08 1.2862638E-08 1.4249471E-08 1.6533599E-08 1.9663448E-08 2.3626880E-08 2.1501075E-08  289.7380 296.8275 294.0159 290.8518 294.6881 294.0116 291.2401 289.7075 289.5404 287.4971 285.0931 285.0801 282.5276 280.3619 277.6455 279.0283  274
1962 3.5554986E-09 3.0062917E-09 4.7471294E-09 9.6290087E-09 4.5353508E-09 5.2574096E-09 7.8231688E-09 1.2390436E-08 9.0599199E-09 1.2114512E-08 1.5882602E-08 1.7998616E-08 1.9367308E-08 2.2060691E-08 2.6239045E-08 2.4036160E-08  289.6629 296.2016 293.4896 290.3037 293.8578 293.2086 290.5551 289.0493 288.4810 286.4338 284.1267 284.1794 281.2226 279.2811 276.7917 278.4072  234.433
1963 2.6765903E-09 2.1334952E-09 3.7974153E-09 1.0238198E-08 3.7480623E-09 4.4043267E-09 6.8693820E-09 1.0413154E-08 9.3150057E-09 1.1998396E-08 1.5505529E-08 1.7145771E-08 2.1784768E-08 2.4255009E-08 2.8143939E-08 2.4998736E-08  289.8437 296.8456 294.0513 290.5651 294.5306 293.8896 291.1186 289.4602 289.0645 287.0099 284.4925 284.4558 281.7596 279.8660 277.1823 278.4103  309.8
1964 2.1259805E-09 1.7080551E-09 3.3621046E-09 9.3094510E-09 3.0855196E-09 4.0979460E-09 8.3782838E-09 1.2516986E-08 8.9260563E-09 1.3648474E-08 1.6124202E-08 1.7342895E-08 2.0025874E-08 2.3112669E-08 2.5918771E-08 2.3486633E-08  289.6565 296.0002 293.1790 290.0356 293.9048 293.0740 290.2047 288.7144 288.6095 286.5178 284.0074 283.9248 281.4448 279.4178 276.7593 278.0058  190.167
1965 2.7213403E-09 2.2427600E-09 4.7194813E-09 1.1127225E-08 4.1319641E-09 5.2513842E-09 9.1956043E-09 1.5622065E-08 1.2949296E-08 1.7536438E-08 2.0935346E-08 2.2425164E-08 2.3776124E-08 2.6323441E-08 2.9463660E-08 2.8409485E-08  289.8548 296.3691 293.2433 289.7997 293.6721 292.8342 289.9031 288.2343 287.7144 285.4279 282.9871 283.1993 280.5616 278.5565 275.8385 277.5140  506.9
1966 2.3194060E-09 1.5541634E-09 2.1929993E-09 7.7622282E-09 2.3323701E-09 3.0617393E-09 5.8343601E-09 9.8591046E-09 7.1197448E-09 1.0794812E-08 1.4032522E-08 1.6037374E-08 1.9359076E-08 2.2021045E-08 2.4591507E-08 2.3611538E-08  289.7317 296.5696 293.8492 290.6111 294.1743 293.4772 290.7063 289.1522 288.4897 286.3342 283.8444 283.8930 280.8591 278.7995 275.9428 277.4541  211.533
1967 2.3003781E-09 2.2333970E-09 4.7615436E-09 1.1670039E-08 3.3049912E-09 4.2617181E-09 9.3330632E-09 1.4722317E-08 8.4989855E-09 1.3448124E-08 1.7485545E-08 1.8920501E-08 1.9129986E-08 2.2337289E-08 2.5754764E-08 2.5054874E-08  289.8409 296.7477 293.6783 290.0045 294.5511 293.7744 290.5677 288.7610 289.0988 286.8370 284.0066 283.8579 282.0132 279.8558 276.9829 277.9666  194.833
1968 2.5864730E-09 2.1403843E-09 3.5624268E-09 9.3405896E-09 3.9872274E-09 4.9244391E-09 7.4309807E-09 1.2866547E-08 1.0216224E-08 1.3770218E-08 1.7704487E-08 1.9704123E-08 2.2673863E-08 2.4945313E-08 2.9305793E-08 2.8995883E-08  289.6926 296.4957 293.5866 290.2744 293.9562 293.3226 290.6070 289.0780 288.4292 286.4150 284.0480 284.0902 281.1990 279.2743 276.5725 277.8713  207.5
1969 2.4934681E-09 2.3937536E-09 4.5723727E-09 1.1385026E-08 3.2077159E-09 5.4035545E-09 1.1007889E-08 1.4884147E-08 9.7956327E-09 1.4664173E-08 1.9467871E-08 2.0813937E-08 2.1701350E-08 2.4259872E-08 2.7603667E-08 2.5542873E-08  289.7870 296.0643 292.9516 289.5359 293.8505 292.9038 289.7572 288.2360 288.2244 285.8763 283.2262 283.2579 281.1223 278.9785 276.2286 277.5928  293.067
1970 2.0492230E-09 1.0691233E-09 2.0471538E-09 6.7302892E-09 2.6020637E-09 2.9436640E-09 6.0317435E-09 9.6655404E-09 8.4494136E-09 1.1212965E-08 1.3661124E-08 1.5144529E-08 1.9723302E-08 2.2521620E-08 2.5937904E-08 2.3374238E-08  289.7633 296.4534 293.7094 290.5843 294.0458 293.3653 290.6483 289.2399 288.4958 286.4964 284.2648 284.3314 281.3203 279.3116 276.8416 278.1761  172.367
1971 2.6704479E-09 2.6056390E-09 3.8814503E-09 8.9431058E-09 4.1608388E-09 5.7323328E-09 9.9483790E-09 1.2828774E-08 1.0969943E-08 1.6293049E-08 1.9532854E-08 2.0160236E-08 2.2145132E-08 2.6471811E-08 3.0086767E-08 2.6771712E-08  289.5469 295.7820 293.0945 289.9913 293.5015 292.8180 290.1060 288.8136 288.3547 286.2959 283.9475 284.0566 281.6147 279.6366 277.0876 278.4033  727.4
1972 1.6325281E-09 8.1312529E-10 1.5496343E-09 6.3329484E-09 2.6966043E-09 2.7774210E-09 5.7016507E-09 1.0406670E-08 8.6358902E-09 1.1797456E-08 1.6065695E-08 1.8419197E-08 2.1183007E-08 2.3434733E-08 2.7363800E-08 2.5658844E-08  289.8119 296.7855 293.9233 290.5205 294.2172 293.6220 290.8085 289.1992 288.7489 286.6866 284.1160 284.2205 281.6746 279.8406 277.0068 278.4285  1229.47
1973 1.9864892E-09 1.3299284E-09 2.1080484E-09 5.6913718E-09 2.7043294E-09 2.7390372E-09 3.8734829E-09 6.7067289E-09 6.9825759E-09 8.3403755E-09 1.0097181E-08 1.2008826E-08 1.4578674E-08 1.6893074E-08 1.9666052E-08 1.8478154E-08  289.4094 297.2878 295.0482 291.9576 294.7899 294.5334 292.2391 290.7534 289.7433 288.0839 285.9186 285.9702 282.7472 280.8022 278.4143 279.7021  222.133
1974 2.7957181E-09 3.2346401E-09 4.3278670E-09 8.5138252E-09 5.0071813E-09 7.0210984E-09 9.9085238E-09 1.3019026E-08 1.3438590E-08 1.7674338E-08 2.0762027E-08 2.0782302E-08 2.4253419E-08 2.8036613E-08 2.9924117E-08 2.8380446E-08  289.6624 295.4698 292.6192 289.7697 293.0993 292.3058 289.6004 288.4539 287.7449 285.7491 283.3047 283.5655 280.8029 278.8857 276.2715 277.6457  479.033
1975 2.3104922E-09 1.8569257E-09 3.4552610E-09 8.3592422E-09 2.9599310E-09 3.0426459E-09 6.0851799E-09 9.1958388E-09 8.2423171E-09 8.7354710E-09 1.1046808E-08 1.3063269E-08 1.7139085E-08 1.7766231E-08 1.9898309E-08 1.7592793E-08  289.5781 296.7736 294.3115 291.2900 294.3507 293.9876 291.4432 290.0644 289.1162 287.5543 285.3643 285.3497 282.0699 280.3049 277.9547 279.3154  163.233
1976 1.9354789E-09 1.7716195E-09 2.8031222E-09 7.5718889E-09 2.6062641E-09 3.6363050E-09 7.3852489E-09 1.2351876E-08 9.2774188E-09 1.2928020E-08 1.6764350E-08 1.8945691E-08 2.2696209E-08 2.5164425E-08 2.8261958E-08 2.6037597E-08  289.8040 296.1032 293.0930 289.8024 293.8047 292.9473 290.0244 288.4153 288.1754 285.9442 283.3285 283.2638 280.6303 278.5342 275.4275 277.1281  177.267
1977 2.7052198E-09 1.8427706E-09 2.3109465E-09 6.4938201E-09 3.6068513E-09 4.1496317E-09 6.0054721E-09 9.1981240E-09 8.8528891E-09 1.0768894E-08 1.2912455E-08 1.4045222E-08 2.0289169E-08 2.1509408E-08 2.4389893E-08 2.2244960E-08  289.7225 296.4242 293.8524 290.8140 293.7879 293.1841 290.7186 289.5510 288.3415 286.5540 284.4173 284.7989 281.2064 279.4892 277.1419 278.7086  196.567
1978 2.3894606E-09 1.9188306E-09 3.2163963E-09 8.6136920E-09 3.7856465E-09 4.4585766E-09 7.8267046E-09 1.1890084E-08 9.9154915E-09 1.4020171E-08 1.6795349E-08 1.8190587E-08 2.0929450E-08 2.2959087E-08 2.6117691E-08 2.3674538E-08  289.8510 296.4648 293.4487 290.0168 293.9423 293.0930 290.1571 288.5700 288.5038 286.1766 283.6903 283.6696 281.4695 279.2577 276.5588 277.8724  2009
1979 3.1326290E-09 2.7875136E-09 4.4391615E-09 9.4542116E-09 5.2857585E-09 5.2136797E-09 8.3527230E-09 1.0949028E-08 1.1068798E-08 1.2783094E-08 1.5085410E-08 1.6549354E-08 2.0880471E-08 2.2516451E-08 2.6510618E-08 2.3808148E-08  289.8503 296.6315 293.8438 290.6475 294.2380 293.6681 290.9260 289.4580 288.8130 286.9514 284.5966 284.6828 281.7928 279.9846 277.3284 278.7055  268.1
1980 1.5965504E-09 1.6692037E-09 3.5502585E-09 1.0519439E-08 3.0284926E-09 3.5818457E-09 7.2467272E-09 1.1749892E-08 6.5655681E-09 9.6533395E-09 1.2551117E-08 1.6135782E-08 1.4186907E-08 1.7676248E-08 2.1806578E-08 2.0681480E-08  289.9472 297.3767 294.4066 290.7315 295.0015 294.2907 291.3730 289.6358 289.6431 287.5146 284.9227 284.8495 282.5944 280.3223 277.4600 278.9033  371.767
1981 2.5386147E-09 2.0841981E-09 3.1574843E-09 8.1064906E-09 3.5060146E-09 3.7343546E-09 6.5621593E-09 1.0084663E-08 8.2323171E-09 1.2202992E-08 1.5897051E-08 1.4865905E-08 1.8635522E-08 2.3097721E-08 2.6798661E-08 2.3825432E-08  289.7561 296.7265 293.9316 290.6150 294.4521 293.9073 291.1482 289.5786 289.3468 287.3404 284.8703 284.8715 282.4039 280.4101 277.8036 278.8900  230.733
1982 2.5429610E-09 2.1387070E-09 2.8080434E-09 7.3734441E-09 5.2989315E-09 5.3551092E-09 8.4385654E-09 1.2954222E-08 1.4016257E-08 1.8360591E-08 2.2009475E-08 2.2836293E-08 2.9565006E-08 2.9524783E-08 3.2528963E-08 3.1871330E-08  289.8706 295.7762 292.8360 289.6368 292.9814 292.3658 289.5359 288.1575 287.0676 284.8589 282.4902 282.9166 279.7979 277.8809 275.3148 277.1294  365.933
1983 1.6998452E-09 1.1212477E-09 1.7638787E-09 5.5823279E-09 1.7616160E-09 2.1602826E-09 5.7316911E-09 9.1248449E-09 7.5255535E-09 1.1556503E-08 1.4151757E-08 1.4432960E-08 1.8533370E-08 2.1279536E-08 2.2757874E-08 2.0886459E-08  289.8905 297.2599 294.6120 291.4933 294.8879 294.3104 291.5449 290.0875 289.4275 287.2716 284.8443 285.0404 281.9596 279.8471 277.1855 278.8783  486.4
1984 2.2473854E-09 1.7018718E-09 3.7447001E-09 7.4888984E-09 2.5302409E-09 3.6407395E-09 5.6267715E-09 8.2173939E-09 6.0458154E-09 8.9057952E-09 1.0006374E-08 1.1166961E-08 1.4393691E-08 1.7192175E-08 1.9474415E-08 1.7832628E-08  289.7381 296.9966 294.5816 291.5937 294.6154 294.2117 291.8024 290.5061 289.5337 287.7764 285.5898 285.7319 282.2544 280.3263 277.9692 279.4137  526.633
1985 2.4492712E-09 3.2143106E-09 5.2973359E-09 1.1326903E-08 4.3897637E-09 5.8522898E-09 1.0550056E-08 1.5599394E-08 9.4458610E-09 1.4275334E-08 1.9223586E-08 2.1519602E-08 1.9198531E-08 2.3042730E-08 2.8074920E-08 2.6342756E-08  289.9629 296.4341 293.2940 289.7190 294.2276 293.2695 290.2604 288.4425 288.7624 286.4886 283.8004 283.5567 281.6433 279.5826 276.7344 277.8716  585.233
1986 2.4172364E-09 2.8045599E-09 4.1239110E-09 9.7227835E-09 3.8781596E-09 5.2940630E-09 8.7672607E-09 1.3085359E-08 1.0640944E-08 1.3190988E-08 1.8252175E-08 2.0441629E-08 2.2131433E-08 2.2650330E-08 2.6982763E-08 2.8538665E-08  289.9544 297.0399 293.8703 289.9229 294.4540 293.6913 290.5174 288.5545 288.7912 286.4861 283.6487 283.5253 281.7695 279.7710 276.7475 277.7476  943.8
1987 2.8172367E-09 3.4615633E-09 4.8745297E-09 1.0482831E-08 7.1648762E-09 7.7165057E-09 1.2346472E-08 1.7297928E-08 1.5686009E-08 1.9630424E-08 2.2086274E-08 2.3398192E-08 2.6102848E-08 2.7296741E-08 3.0483740E-08 2.8927287E-08  290.1028 295.9266 292.8256 289.4781 293.2888 292.4796 289.5558 288.0193 287.9147 285.8441 283.3044 283.2664 281.4666 279.7086 277.0066 277.9559  489.9
1988 2.1601332E-09 1.2132353E-09 2.5421256E-09 8.0771612E-09 2.4853195E-09 2.4646649E-09 4.7943138E-09 8.7339975E-09 5.9841883E-09 7.5033748E-09 9.4086934E-09 9.9861817E-09 1.4257786E-08 1.6451716E-08 1.8402503E-08 1.5640831E-08  289.7711 297.0977 294.7242 291.6800 294.6941 294.3929 291.9266 290.6186 289.5844 287.8776 285.7737 286.0583 282.1889 280.1817 277.8568 279.7466  247.133
1989 2.3527904E-09 1.8692459E-09 3.0297564E-09 8.7683434E-09 2.6598721E-09 2.7121607E-09 5.2683462E-09 9.8996802E-09 7.7872899E-09 9.1063228E-09 1.1606185E-08 1.4526477E-08 1.7330034E-08 1.9311377E-08 2.1121002E-08 2.0098724E-08  289.9077 296.8208 294.4397 291.3204 294.4723 294.0070 291.5429 290.1292 289.2940 287.5211 285.3727 285.4921 282.2569 280.4161 278.0436 279.3690  185.667
1990 1.9539315E-09 1.1640812E-09 2.8592941E-09 8.6360323E-09 3.0406064E-09 4.6958615E-09 8.3629823E-09 1.3336340E-08 9.1925285E-09 1.3740576E-08 1.8298937E-08 2.0195872E-08 2.0958439E-08 2.4266292E-08 2.7739089E-08 2.6000984E-08  290.1260 296.6833 293.5435 289.9112 294.1702 293.3463 290.3080 288.4570 288.6461 286.3802 283.6796 283.5164 281.6858 279.5558 276.8533 277.9511  290.967
1991 3.8612806E-09 2.8155505E-09 3.2129066E-09 9.0931369E-09 6.0556120E-09 6.0499983E-09 7.9656157E-09 1.1771783E-08 1.3873946E-08 1.6751912E-08 1.8401165E-08 1.9005761E-08 2.6310781E-08 2.7478476E-08 3.1028865E-08 2.7937325E-08  290.1489 296.4349 293.4223 289.9720 293.7560 293.0074 290.1598 288.5768 288.1173 286.0251 283.6103 283.6178 281.3037 279.4800 276.7558 277.8711  287.367
1992 2.9099976E-09 2.2467941E-09 3.6875902E-09 7.9310141E-09 3.8320178E-09 4.9740674E-09 8.8459347E-09 1.1877468E-08 1.1273650E-08 1.5383126E-08 1.9227617E-08 1.9994063E-08 2.4244308E-08 2.7191422E-08 2.9661470E-08 2.7420466E-08  290.1887 296.3375 293.2064 289.7518 293.7825 293.0520 289.9606 288.2914 288.2269 286.0924 283.4337 283.3379 281.2927 279.3112 276.5543 277.4966  245.267
1993 4.3105652E-09 4.9555360E-09 6.6140453E-09 1.1452297E-08 8.2183806E-09 9.7598427E-09 1.3168884E-08 1.5542275E-08 1.5246147E-08 1.8301144E-08 2.0947107E-08 2.2444199E-08 2.4655368E-08 2.6014760E-08 2.8803383E-08 2.7667161E-08  290.2056 296.4825 293.4060 289.7980 293.8270 293.0294 290.0832 288.3827 288.3384 286.2625 283.7374 283.6948 281.6939 279.8163 277.1852 278.3978  555.1
1994 3.1548348E-09 3.1205463E-09 3.4827472E-09 9.1191632E-09 4.8798197E-09 5.8023915E-09 9.3502344E-09 1.3240816E-08 1.1970689E-08 1.6265519E-08 2.0345340E-08 2.1140599E-08 2.5087992E-08 2.6719698E-08 3.0215908E-08 2.9640857E-08  289.9857 296.0132 292.9562 289.4838 293.3846 292.5175 289.5212 287.8921 287.7418 285.5696 282.8278 282.8172 280.8484 278.9419 275.8835 276.9043  1217.37
1995 2.4433673E-09 1.9048796E-09 3.0860321E-09 8.5181950E-09 3.8433732E-09 4.7844209E-09 6.6075923E-09 9.8585389E-09 9.3412620E-09 1.1147622E-08 1.2625870E-08 1.4108220E-08 1.9223220E-08 2.0896652E-08 2.3654421E-08 2.2350109E-08  289.9997 296.6363 293.9890 290.8000 294.1249 293.5666 291.0156 289.6843 288.8704 287.0421 284.8174 284.9757 281.9221 280.0622 277.5681 278.8926  217.967
1996 2.4839264E-09 2.1572639E-09 3.1198009E-09 8.4175706E-09 4.3632808E-09 4.7424185E-09 8.4813969E-09 1.3440937E-08 1.1203193E-08 1.4416876E-08 1.8047782E-08 2.0382519E-08 1.9607482E-08 2.4696961E-08 2.9410637E-08 2.6791792E-08  289.8944 296.1627 293.3254 290.0850 293.6924 292.9384 290.0779 288.5495 288.2402 285.9566 283.3885 283.5053 281.2902 278.9880 276.1280 277.6337  313.7
1997 2.6531439E-09 2.5975622E-09 3.3289966E-09 8.6857357E-09 5.3794835E-09 5.8462630E-09 9.5565875E-09 1.4055773E-08 1.3614303E-08 1.7444194E-08 2.1059495E-08 2.1743167E-08 2.6528909E-08 2.7236839E-08 2.9385003E-08 2.8473366E-08  290.2074 296.3111 293.2044 289.7583 293.5138 292.7164 289.6430 288.0601 287.6151 285.3273 282.7473 282.9147 280.4541 278.3605 275.4206 277.2189  201.033
1998 2.0075417E-09 1.3009401E-09 2.4502347E-09 7.6897653E-09 2.9996263E-09 3.6192174E-09 6.0859096E-09 8.8692174E-09 9.3754142E-09 1.0568248E-08 1.2581456E-08 1.3796571E-08 1.9020186E-08 2.0576293E-08 2.1920499E-08 2.0052351E-08  289.8999 296.8821 294.5710 291.5907 294.3306 293.9892 291.5955 290.3729 289.1815 287.4737 285.4089 285.6545 282.2737 280.4730 278.2718 279.6491  239.667
1999 1.7736693E-09 7.8392365E-10 1.7605487E-09 7.1067894E-09 2.5199294E-09 2.9348795E-09 5.1056901E-09 8.5006615E-09 6.8218995E-09 7.9234326E-09 9.8732116E-09 1.2049624E-08 1.5705808E-08 1.7150272E-08 1.9692525E-08 1.7828549E-08  289.6683 297.3410 295.0806 292.1086 294.7060 294.5751 292.3738 291.2313 289.7895 288.2982 286.4873 286.7856 282.9057 281.2350 279.2751 280.6750  180.133
2000 1.9955329E-09 1.2615857E-09 2.6001141E-09 9.0309218E-09 2.1143569E-09 2.6667875E-09 6.1760232E-09 9.8589785E-09 7.4462854E-09 1.0678442E-08 1.4441938E-08 1.5652788E-08 1.7772766E-08 2.0734065E-08 2.3860892E-08 2.1657533E-08  289.9001 296.9006 294.2061 290.8392 294.4826 293.8868 291.2102 289.7913 289.3224 287.2535 284.8434 285.0211 282.4581 280.3146 277.6342 279.2032  1174.17
2001 2.0861128E-09 1.3359899E-09 2.5321620E-09 7.1893380E-09 3.1673417E-09 3.5886389E-09 5.9407732E-09 9.3334336E-09 7.6475777E-09 9.5287573E-09 1.1835789E-08 1.2673305E-08 1.7728382E-08 1.9505032E-08 2.2774747E-08 2.1548933E-08  290.0110 296.5680 293.7630 290.6672 294.0829 293.4290 290.7310 289.3795 288.7635 286.7980 284.4119 284.7018 281.5985 279.6791 277.0008 278.6679  160.367
2002 2.1566999E-09 1.9277839E-09 3.7226644E-09 1.0431959E-08 5.2421338E-09 6.5097336E-09 1.1512346E-08 1.6001415E-08 1.3128844E-08 1.7234537E-08 2.1199803E-08 2.3543921E-08 2.5029422E-08 2.7434792E-08 3.1638244E-08 2.9466522E-08  290.0310 296.2340 293.1294 289.6052 293.7271 292.8314 289.7417 287.9704 288.1939 285.9506 283.1802 283.0072 281.4428 279.4705 276.4349 277.6174  204.033
2003 2.8481320E-09 2.6899054E-09 3.8273589E-09 8.2292031E-09 3.1901031E-09 4.7026290E-09 7.1644655E-09 1.0258903E-08 8.8162393E-09 1.1569591E-08 1.3916863E-08 1.5921529E-08 1.8211315E-08 2.2122670E-08 2.4853424E-08 2.5371687E-08  289.9318 296.2025 293.5310 290.5087 293.9796 293.3620 290.6852 289.4035 288.9701 287.1313 284.6985 284.7606 282.2555 280.3478 277.8596 278.7090  275.833
2004 3.0761291E-09 2.6716178E-09 3.5078473E-09 9.4986783E-09 4.9202531E-09 5.2828835E-09 7.7245081E-09 1.1556390E-08 1.1408490E-08 1.3574575E-08 1.7127924E-08 1.8434235E-08 2.1552049E-08 2.3633763E-08 2.7253321E-08 2.6617602E-08  290.1854 296.9828 293.9182 290.3409 294.4760 293.7900 290.7493 289.1252 289.0816 286.9557 284.3683 284.2702 282.3732 280.3424 277.6491 278.4983  243.433
2005 2.4873688E-09 3.1207721E-09 4.1561510E-09 9.4005452E-09 4.3141615E-09 5.7785274E-09 9.6449941E-09 1.1393599E-08 9.5287858E-09 1.2830363E-08 1.6557326E-08 1.6930802E-08 1.9098664E-08 2.1649356E-08 2.5747946E-08 2.5337192E-08  289.9385 296.5018 293.5764 290.3214 294.0910 293.3411 290.5122 289.1391 288.9210 286.8402 284.3134 284.3828 282.2454 280.2608 277.5008 278.4141  164.633
2006 3.2010465E-09 2.9334122E-09 4.3804222E-09 1.0564521E-08 4.3974424E-09 5.9060685E-09 9.5448192E-09 1.4105307E-08 1.0024299E-08 1.4469041E-08 1.8882353E-08 2.0238607E-08 2.0871257E-08 2.4596439E-08 2.7894131E-08 2.6535435E-08  289.9798 296.2738 293.5730 290.2934 293.9252 293.2769 290.4751 288.7761 288.8962 286.8526 284.2690 283.9855 282.1552 280.2117 277.7075 278.5226  207.8
2007 2.3661679E-09 2.2257283E-09 4.0454662E-09 1.0374585E-08 2.6090099E-09 3.7326027E-09 5.8144716E-09 9.7530926E-09 7.4488500E-09 9.4870858E-09 1.1186335E-08 1.3722308E-08 1.7620096E-08 2.0296438E-08 2.2322650E-08 2.0134326E-08  289.6968 296.6856 294.2376 291.1202 294.4056 294.0219 291.6637 290.3655 289.4151 287.6225 285.5667 285.8233 282.4367 280.4544 278.2780 279.6848  157.3
2008 2.8666740E-09 2.3945173E-09 3.1641780E-09 6.9285404E-09 3.2186440E-09 3.7930810E-09 5.8516503E-09 8.7413925E-09 8.2529796E-09 1.0926868E-08 1.1771987E-08 1.2478067E-08 1.7413221E-08 1.9943194E-08 2.1282878E-08 1.9239833E-08  289.5274 296.3042 294.1268 291.4025 294.0484 293.5614 291.2620 290.2613 289.1657 287.3576 285.3474 285.6164 282.5348 280.6053 278.2965 279.5977  230.467
2009 1.8716368E-09 2.1705207E-09 4.1007286E-09 1.0855879E-08 3.1853589E-09 3.9673558E-09 1.0461449E-08 1.5614157E-08 7.7026687E-09 1.2588802E-08 1.7675660E-08 2.0772386E-08 1.7619822E-08 2.0938861E-08 2.6640635E-08 2.5905853E-08  290.0551 296.9378 294.0269 290.3069 294.6524 294.0475 290.9602 289.0822 289.5089 287.4153 284.6139 284.2522 282.8034 280.8062 277.7667 278.6711  150.867
2010 2.5479276E-09 1.9762547E-09 3.2832532E-09 7.2509874E-09 2.5383240E-09 2.8906291E-09 4.6408570E-09 6.9923338E-09 6.3871930E-09 8.2513525E-09 8.8762162E-09 9.3638794E-09 1.1978818E-08 1.4890842E-08 1.7021138E-08 1.4957630E-08  289.6126 297.2066 294.9786 292.2192 294.7133 294.4426 292.1573 291.2078 289.7699 288.1513 286.2758 286.8080 282.8472 280.9901 279.0396 280.5079  165.2
2011 2.6429574E-09 2.1784752E-09 3.3178664E-09 7.1216659E-09 3.5537369E-09 4.1204959E-09 6.4105210E-09 8.1526403E-09 9.0813055E-09 1.1909217E-08 1.3843038E-08 1.4450450E-08 1.8767890E-08 2.0897136E-08 2.3069862E-08 2.1645267E-08  289.5066 296.2781 294.0178 291.4195 293.9557 293.5085 291.2105 290.2126 288.7935 287.0289 285.0629 285.3053 281.6929 279.8606 277.7079 278.9818  161.067
2012 2.4590596E-09 2.4470359E-09 4.1898383E-09 8.4311287E-09 3.5251884E-09 4.3273980E-09 6.5708390E-09 1.0105500E-08 1.0170233E-08 1.1724448E-08 1.3923207E-08 1.4984701E-08 2.1074159E-08 2.4019428E-08 2.6747568E-08 2.3848713E-08  289.8557 296.3320 293.5597 290.3632 293.9953 293.3762 290.7725 289.3243 288.8665 286.9157 284.5129 284.6282 281.9263 279.9501 277.4068 278.7531  139.4
2013 2.6843301E-09 2.5205256E-09 3.8403081E-09 7.7087696E-09 3.5061980E-09 5.0347460E-09 7.3198851E-09 9.8848716E-09 8.5831049E-09 1.1414774E-08 1.3645510E-08 1.3618222E-08 1.9259494E-08 2.2337659E-08 2.5129191E-08 2.1366487E-08  289.8331 296.5277 293.7346 290.5600 294.4190 293.6057 290.8296 289.3980 289.0703 287.1002 284.6602 284.7073 281.8818 279.8900 277.4510 278.6601  270.333
2014 2.3435047E-09 2.2124926E-09 3.3440957E-09 1.0242347E-08 4.8542250E-09 6.2606946E-09 1.0800228E-08 1.6527409E-08 1.4091524E-08 1.7796946E-08 2.1446983E-08 2.2864940E-08 2.6669845E-08 2.7994721E-08 3.0646351E-08 3.0196283E-08  290.1464 296.4990 293.4971 290.0049 293.8903 293.1130 290.0372 288.3232 288.3194 286.1037 283.5349 283.4820 281.5807 279.7050 276.9642 277.9248  211.133
2015 2.6499933E-09 3.1223457E-09 4.6907922E-09 1.2344212E-08 4.9701008E-09 6.0964815E-09 1.1153723E-08 1.7413786E-08 1.1133994E-08 1.7432502E-08 2.0931754E-08 2.2506679E-08 2.3232881E-08 2.4958144E-08 2.7732970E-08 2.6465822E-08  290.4698 297.2532 294.2410 290.4467 294.5074 293.8264 290.5534 288.6985 288.7650 286.2580 283.5560 283.6294 281.3451 279.1733 276.2690 277.9599  845.067
