STN,prec_1,prec_2,prec_3,prec_4,prec_5,prec_6,prec_7,prec_8,prec_9,prec_10,prec_11,prec_12,prec_13,prec_14,prec_15,prec_16,st_1,st_2,st_3,st_4,st_5,st_6,st_7,st_8,st_9,st_10,st_11,st_12,st_13,st_14,st_15,st_16,07.0
LAT,29.30136,29.30136,29.30136,29.30136,32.09194,32.09194,32.09194,32.09194,34.88252,34.88252,34.88252,34.88252,37.67308,37.67308,37.67308,37.67308,29.30136,29.30136,29.30136,29.30136,32.09194,32.09194,32.09194,32.09194,34.88252,34.88252,34.88252,34.88252,37.67308,37.67308,37.67308,37.67308,33.6194949
LON,-115.3125,-112.5000,-109.6875,-106.8750,-115.3125,-112.5000,-109.6875,-106.8750,-115.3125,-112.5000,-109.6875,-106.8750,-115.3125,-112.5000,-109.6875,-106.8750,-115.3125,-112.5000,-109.6875,-106.8750,-115.3125,-112.5000,-109.6875,-106.8750,-115.3125,-112.5000,-109.6875,-106.8750,-115.3125,-112.5000,-109.6875,-106.8750,-110.9215037
1958 1.1710335E-09 3.2750919E-10 3.5943051E-09 1.1435644E-08 6.0488781E-10 1.4675168E-09 3.9370236E-09 9.8127604E-09 1.6836738E-09 3.5057974E-09 6.0580514E-09 1.0370853E-08 4.4175632E-09 6.5379968E-09 8.5557739E-09 1.0238913E-08  294.2784 300.3033 297.2284 292.9538 297.1049 296.9605 294.6247 292.6416 292.2103 291.0614 288.8255 288.4345 286.4814 284.7792 282.8777 283.3828  146.645
1959 2.0120374E-09 1.6058649E-09 3.9027439E-09 8.2578611E-09 1.9143009E-09 2.3655697E-09 4.4979593E-09 6.1887131E-09 2.8494087E-09 4.1548067E-09 6.3441621E-09 7.6691720E-09 5.5520220E-09 7.1091297E-09 8.8933962E-09 9.2423855E-09  294.0821 300.3033 297.2082 292.8575 296.9476 296.7793 294.3297 292.4870 292.2579 291.0074 288.6754 288.4185 286.7444 284.8588 282.8286 283.4683  228.29
1960 1.4211787E-09 1.0953701E-09 4.5771262E-09 1.1530614E-08 7.9957391E-10 1.3117232E-09 4.0428327E-09 8.1219289E-09 2.1853721E-09 2.9754892E-09 5.7783627E-09 9.5730828E-09 4.8593507E-09 4.9587645E-09 7.4859967E-09 9.8989830E-09  294.0860 300.4196 297.2964 292.9886 297.1867 297.0543 294.6984 292.6502 292.3973 291.2731 288.9001 288.5281 286.7350 285.0380 283.1029 283.7478  130.774
1961 1.6064485E-09 9.2016089E-10 3.2158012E-09 1.0282461E-08 1.2577963E-09 2.0065896E-09 5.6724105E-09 8.7367145E-09 3.0356053E-09 5.0402154E-09 7.3074848E-09 9.9036122E-09 5.8175100E-09 7.8747799E-09 9.9574757E-09 1.0067830E-08  294.1183 300.8242 297.9005 293.1755 297.3811 297.3456 294.8328 292.6198 292.6407 291.3991 289.1425 288.5855 287.1474 285.2332 283.2874 283.8170  139.323
1962 1.5983769E-09 1.7089787E-09 6.1898588E-09 1.3652313E-08 7.9879164E-10 2.2256750E-09 7.6068112E-09 1.1453290E-08 1.9914175E-09 4.0333332E-09 8.9060208E-09 1.2486532E-08 4.6666804E-09 6.2460805E-09 9.0317789E-09 1.1611323E-08  293.9395 300.6238 297.2324 292.5336 297.4334 297.1115 294.2621 292.0132 292.7130 291.3337 288.7896 288.0904 287.2162 285.3584 283.2764 283.5827  182.903
1963 2.5844511E-09 3.0522553E-09 7.0498247E-09 1.5041547E-08 1.8837352E-09 2.4024127E-09 6.6974217E-09 1.0607369E-08 2.7643174E-09 4.2106723E-09 7.0800064E-09 1.0564026E-08 5.0872151E-09 6.3696577E-09 8.5818277E-09 1.1644380E-08  294.2113 300.5945 297.2997 292.4987 297.2853 297.2763 294.7118 292.4747 292.5508 291.4639 289.3130 288.7818 287.0653 285.4141 283.5233 283.9857  78.3226
1964 1.0618122E-09 4.5180784E-10 2.6105662E-09 1.1510990E-08 6.6737421E-10 1.4638667E-09 3.4794150E-09 8.2367535E-09 1.9895425E-09 4.4492983E-09 6.3071268E-09 9.1537951E-09 5.9512746E-09 8.0330764E-09 9.9433981E-09 1.1936137E-08  293.8853 300.0489 297.2264 292.8475 296.7212 296.6838 294.4315 292.3891 291.9743 290.8682 288.7788 288.3120 286.1972 284.5706 282.7542 283.3011  278.871
1965 2.5675981E-09 3.2122582E-09 7.0581705E-09 1.7759064E-08 2.0962074E-09 4.6310422E-09 9.0844052E-09 1.4977992E-08 3.2698217E-09 7.0083299E-09 1.1187989E-08 1.3608749E-08 6.6346533E-09 9.6611350E-09 1.2819546E-08 1.4958800E-08  294.2699 299.8530 296.8784 292.3708 296.5126 296.3493 293.9003 291.9082 291.9762 290.7740 288.4723 288.2104 286.7051 285.0239 283.0877 283.7335  396.645
1966 1.6119095E-09 1.4842616E-09 4.9743747E-09 1.2139679E-08 1.0547629E-09 1.8883688E-09 5.2610476E-09 8.8460785E-09 2.6446112E-09 4.7101465E-09 6.1002927E-09 8.8689163E-09 6.4278312E-09 7.8760269E-09 8.2897982E-09 9.4235713E-09  294.0177 300.1729 297.1130 292.4772 296.8611 296.7589 294.2540 292.1713 292.0527 290.9097 288.7021 288.1802 286.4832 284.7609 282.9292 283.4718  200.194
1967 1.2171674E-09 2.2563358E-09 5.6957523E-09 1.1490905E-08 9.0424113E-10 2.2213655E-09 6.4338508E-09 9.3852437E-09 1.8085581E-09 4.1270170E-09 7.4177868E-09 1.0661665E-08 4.6967821E-09 6.2590297E-09 8.9453440E-09 1.0744746E-08  293.9865 300.7238 297.5990 292.9711 297.5266 297.2801 294.7270 292.5979 292.8297 291.5363 289.0919 288.4886 287.4732 285.6156 283.4180 283.8270  376.548
1968 1.7018941E-09 1.4350058E-09 3.8283301E-09 1.3721093E-08 1.3880675E-09 2.0278224E-09 5.3093236E-09 1.0450547E-08 3.5761689E-09 5.2869216E-09 8.8899625E-09 1.1575028E-08 8.5155936E-09 1.0058451E-08 1.1354521E-08 1.2244255E-08  294.0262 300.0966 297.0797 292.4999 296.7842 296.6406 294.0961 291.8910 292.1299 290.8582 288.5327 287.9976 286.6217 284.8670 282.8488 283.2725  281.516
1969 2.1402609E-09 1.9684421E-09 4.8958340E-09 1.3872684E-08 2.0812754E-09 3.7962522E-09 6.9024564E-09 1.1560171E-08 4.4315818E-09 7.0360220E-09 8.7230649E-09 1.1624401E-08 7.7647613E-09 9.6811927E-09 1.1596860E-08 1.1859767E-08  294.0364 300.2783 297.2463 292.7560 297.0808 296.9870 294.3773 292.3006 292.3948 291.1252 288.8269 288.3287 286.9468 285.1544 283.1554 283.6862  213.129
1970 1.0384481E-09 9.0025659E-10 4.7272586E-09 1.2843695E-08 4.6607596E-10 1.2064841E-09 3.7304444E-09 8.7085557E-09 1.3726210E-09 2.1383284E-09 4.2189527E-09 8.3159879E-09 4.6110729E-09 5.3099760E-09 6.3329200E-09 7.8330986E-09  293.9948 300.4892 297.3049 292.4010 297.4298 297.1349 294.5071 292.1465 292.6557 291.3896 288.9945 288.2998 287.0609 285.1812 283.2198 283.6322  162.935
1971 1.2674035E-09 7.2615797E-10 3.6454877E-09 1.0282664E-08 1.0022477E-09 1.6111662E-09 4.1376356E-09 8.2395939E-09 2.4824449E-09 3.9137427E-09 5.8796643E-09 9.2662287E-09 5.0256550E-09 6.1957812E-09 7.6961264E-09 8.3321350E-09  293.8826 300.3834 297.3955 292.7658 297.1712 296.9630 294.4029 292.1398 292.5891 291.2256 288.8452 288.1943 287.1845 285.2095 283.1512 283.5221  122.871
1972 2.5907489E-09 2.9548399E-09 5.9540919E-09 1.4080675E-08 2.1820954E-09 3.8917372E-09 7.2594291E-09 1.2689378E-08 4.7635291E-09 6.5434076E-09 8.7995611E-09 1.1639781E-08 8.4196028E-09 1.0395415E-08 1.1730318E-08 1.2522093E-08  294.1770 299.7745 296.9325 292.4677 296.5168 296.2871 293.7786 291.6404 291.8866 290.5965 288.1841 287.6340 286.4268 284.5635 282.5264 282.9376  149.323
1973 1.6318233E-09 1.7693761E-09 3.7389545E-09 1.1164017E-08 1.1051782E-09 2.4455389E-09 4.4901003E-09 7.8555082E-09 2.6709575E-09 4.0136223E-09 5.6357821E-09 7.8417974E-09 5.0192175E-09 6.3377859E-09 7.8400442E-09 9.0795478E-09  293.7844 300.1270 297.2584 292.7046 296.7372 296.5853 294.1530 292.0421 292.0956 290.8141 288.5608 288.0402 286.6181 284.8285 282.9739 283.4085  557.452
1974 1.4054714E-09 1.8191026E-09 5.6215517E-09 1.0876670E-08 7.3088929E-10 2.2625033E-09 6.4390568E-09 8.7969863E-09 1.5747934E-09 3.7480485E-09 7.2658182E-09 9.3790193E-09 5.2083231E-09 6.9756436E-09 8.0716989E-09 9.4230073E-09  293.8509 300.1516 297.0257 292.4049 297.0061 296.7244 294.1505 292.0349 292.1525 290.8302 288.5942 288.1414 286.4900 284.6344 282.7375 283.2152  173.161
1975 1.4579272E-09 1.0244241E-09 3.2151197E-09 1.0940766E-08 1.2923126E-09 1.6999911E-09 4.0114587E-09 8.0635187E-09 2.6838978E-09 3.7685894E-09 5.2219336E-09 8.4114875E-09 5.2979026E-09 5.9590839E-09 7.4032318E-09 8.9597947E-09  293.7401 300.3458 297.5680 292.8822 296.7884 296.8002 294.4922 292.4040 292.0862 290.9524 288.8356 288.3736 286.5159 284.7934 282.9521 283.4855  324.323
1976 2.0005011E-09 1.4203145E-09 4.5621520E-09 8.8793666E-09 7.4376671E-10 1.6136664E-09 4.3128185E-09 8.6655954E-09 1.7638073E-09 3.6142973E-09 6.0279106E-09 8.7716527E-09 4.5388369E-09 6.0350636E-09 8.2360412E-09 9.8323047E-09  294.0123 299.6675 296.7363 292.4637 296.4144 296.1985 293.7924 291.9588 291.6583 290.4287 288.2963 287.9024 286.0577 284.3738 282.5057 283.0392  297.065
1977 1.8289364E-09 1.8952289E-09 5.3140612E-09 1.3843831E-08 1.5863804E-09 3.5297578E-09 6.4653616E-09 1.1265719E-08 3.5779573E-09 5.7495715E-09 8.9168966E-09 1.2838012E-08 6.7730181E-09 9.0144523E-09 1.0349038E-08 1.3257528E-08  294.0623 300.0980 297.1333 292.6474 296.8287 296.6376 294.1817 292.0641 292.0140 290.7908 288.5476 288.0737 286.4842 284.6894 282.8281 283.3585  225.065
1978 2.1640472E-09 1.6368085E-09 5.7596248E-09 1.4502733E-08 1.7304593E-09 2.7607563E-09 5.4808469E-09 1.0246554E-08 2.6954052E-09 4.1702557E-09 6.0569088E-09 9.3221582E-09 5.9473910E-09 6.6722161E-09 7.6970483E-09 8.6723180E-09  294.0725 300.5722 297.2013 292.3928 297.3469 297.0437 294.3569 292.0990 292.6454 291.3109 288.8832 288.2245 286.9398 285.1324 283.1015 283.5036  190.839
1979 2.0456283E-09 1.2377064E-09 4.1809480E-09 1.2159531E-08 1.6394258E-09 2.4057438E-09 5.7461627E-09 9.9465733E-09 3.4868879E-09 4.7556141E-09 7.2298270E-09 1.0677573E-08 7.8371425E-09 8.2744416E-09 9.4442791E-09 1.1269048E-08  294.1433 300.6921 297.7911 293.1541 297.1891 297.2622 294.7985 292.8202 292.5068 291.4778 289.2785 288.8791 287.1195 285.5127 283.6379 284.2115  403.355
1980 1.9244757E-09 1.5986268E-09 4.2894808E-09 1.2636159E-08 1.4714546E-09 2.2257864E-09 5.3543743E-09 9.7705488E-09 3.3074874E-09 4.3091992E-09 6.1837877E-09 9.1421546E-09 7.2831927E-09 8.1157614E-09 8.3649141E-09 9.6370183E-09  294.1375 300.2144 297.1316 292.6157 296.9446 296.8468 294.3416 292.2742 292.2722 291.0728 288.8519 288.4073 286.7978 285.0149 283.0850 283.5383  369.355
1981 2.3081348E-09 2.1955402E-09 4.7234181E-09 1.0810832E-08 1.5352077E-09 2.4756166E-09 4.7812234E-09 8.8707273E-09 3.2443643E-09 4.0427373E-09 6.1405681E-09 8.8350092E-09 6.2823822E-09 6.9411361E-09 7.5573876E-09 8.5705647E-09  294.1516 300.0577 297.3040 292.9343 296.8457 296.5612 294.1421 292.1152 292.1337 290.8099 288.5323 287.9738 286.6947 284.8728 282.9283 283.3187  269.29
1982 3.4740952E-09 4.2535477E-09 8.5979224E-09 1.7582344E-08 3.8434673E-09 5.5154485E-09 9.5704111E-09 1.3917309E-08 5.7410201E-09 8.2286169E-09 1.1129221E-08 1.3477809E-08 8.4808240E-09 1.0431821E-08 1.1979177E-08 1.2717661E-08  294.0664 299.9316 296.9785 292.2959 296.5655 296.5835 294.0087 291.8671 291.9305 290.7887 288.5525 287.9924 286.8629 285.1160 283.0835 283.5836  202.323
1983 1.4366641E-09 1.7168800E-09 4.8575939E-09 1.4670073E-08 1.4523051E-09 2.6397116E-09 6.0157919E-09 1.0336985E-08 3.0605833E-09 5.0708238E-09 7.1727899E-09 1.0125600E-08 5.9785323E-09 7.3214816E-09 8.6421874E-09 9.9886792E-09  294.5330 300.8410 297.6260 292.6081 297.4390 297.2839 294.6379 292.2831 292.6430 291.3882 289.0643 288.5848 287.2706 285.4542 283.4572 283.8640  445.613
1984 1.3674071E-09 8.0004092E-10 2.7873566E-09 8.4691907E-09 5.0233984E-10 1.2274753E-09 4.4034394E-09 7.3142754E-09 1.6485300E-09 2.9082430E-09 6.1012053E-09 8.0691471E-09 4.6880131E-09 5.4014704E-09 7.8759053E-09 9.5797139E-09  294.3353 300.2470 297.4812 293.0481 296.9348 296.7891 294.3476 292.3956 292.2851 290.9930 288.7191 288.3167 286.6413 284.7637 282.7956 283.3046  328.742
1985 2.2386220E-09 1.8137352E-09 2.8279641E-09 8.9671754E-09 1.6831364E-09 2.2340398E-09 5.1224891E-09 8.4514680E-09 2.1931834E-09 4.2351265E-09 7.1129587E-09 9.6678230E-09 4.7300097E-09 5.8770633E-09 8.2572997E-09 9.6274251E-09  294.2047 300.2554 297.6714 293.2340 296.9856 296.9137 294.5752 292.5838 292.4512 291.2502 289.0310 288.6266 287.0064 285.2225 283.2727 283.7812  322.742
1986 2.7390061E-09 3.2606433E-09 5.6938130E-09 1.4141593E-08 2.0494668E-09 3.4048298E-09 6.4322290E-09 1.0107597E-08 4.3042920E-09 5.4898988E-09 7.6683406E-09 1.0315056E-08 8.4969285E-09 9.2246077E-09 9.8970476E-09 1.0829598E-08  294.5844 299.8744 296.9374 292.3828 296.6106 296.3635 293.8233 291.8424 291.7275 290.5102 288.3275 287.8563 286.2984 284.4724 282.5734 283.0923  393.452
1987 3.3903240E-09 2.8949445E-09 4.8794977E-09 1.0342461E-08 2.2154654E-09 3.7730983E-09 6.0187695E-09 9.2603676E-09 2.9138454E-09 5.5228626E-09 7.4630115E-09 9.8806634E-09 4.8647379E-09 6.3631296E-09 8.4203595E-09 1.1110334E-08  294.5916 300.3903 297.5387 292.8553 297.0688 296.8074 294.2808 292.0794 292.3127 290.9028 288.5862 287.9769 286.7278 284.7895 282.7892 283.0816  221.968
1988 1.5845228E-09 9.5630814E-10 3.9609604E-09 1.2240243E-08 1.1769470E-09 1.7204005E-09 4.6866937E-09 8.1650375E-09 2.6881579E-09 3.4299987E-09 5.2694320E-09 7.9965208E-09 6.1928289E-09 6.4727077E-09 7.2393291E-09 7.4767756E-09  294.1537 300.7444 297.7064 292.9610 297.3021 297.3504 294.9284 292.9099 292.7612 291.6338 289.4506 289.0979 287.3984 285.6005 283.7063 284.3766  313.29
1989 1.5343325E-09 8.5029150E-10 2.1962678E-09 8.9497902E-09 9.6090635E-10 1.5195296E-09 3.1992737E-09 7.0775923E-09 1.7582049E-09 2.7123768E-09 5.0009477E-09 8.5269898E-09 4.9238960E-09 5.4460232E-09 6.3654024E-09 8.0152249E-09  294.3165 300.3181 297.5211 292.8705 296.8099 296.7402 294.4210 292.3067 292.3020 291.1300 288.9054 288.4168 286.8612 285.1571 283.2755 283.8753  140.613
1990 1.9230917E-09 1.5157051E-09 4.4948427E-09 1.3062330E-08 1.3212202E-09 2.3787554E-09 6.1265979E-09 9.9723225E-09 2.4658968E-09 4.3754143E-09 6.6759727E-09 9.3435863E-09 5.1412088E-09 6.3956245E-09 7.9144673E-09 9.8163948E-09  294.5047 300.4795 297.4849 292.7966 297.0980 296.9722 294.4339 292.2466 292.3791 291.1089 288.8358 288.3241 286.8299 285.0215 283.1197 283.5812  483.71
1991 1.9112885E-09 1.1428039E-09 3.7021204E-09 1.2123273E-08 1.3597945E-09 1.6415567E-09 4.5225308E-09 8.5729974E-09 2.7891853E-09 3.9025538E-09 6.0650671E-09 8.4253049E-09 6.0244632E-09 7.2219111E-09 8.4149017E-09 9.9338688E-09  294.3699 300.2993 297.3667 292.7541 296.7432 296.7570 294.3220 292.2235 292.0628 290.9431 288.7623 288.2499 286.5472 284.7987 282.9984 283.4315  218.968
1992 2.6856852E-09 2.5938123E-09 7.9041014E-09 1.5863826E-08 2.4952942E-09 3.4575887E-09 8.6559435E-09 1.4339212E-08 3.7179180E-09 5.3635878E-09 1.0825334E-08 1.4027322E-08 7.1010047E-09 8.8260483E-09 1.1134239E-08 1.3445079E-08  294.7300 299.8782 296.6507 292.0475 296.5619 296.2326 293.5086 291.2524 291.6410 290.3176 287.8196 287.3303 286.0241 284.2092 282.1802 282.6045  278.613
1993 7.0591777E-09 6.1293255E-09 1.0172863E-08 1.6763039E-08 7.5203950E-09 7.7473468E-09 1.2584009E-08 1.5138898E-08 1.0110216E-08 1.2185019E-08 1.4940232E-08 1.5626899E-08 1.5247245E-08 1.6866228E-08 1.6713777E-08 1.6195459E-08  294.8914 299.5731 295.8034 291.3192 296.6225 295.9389 292.8848 290.6241 291.5477 290.0349 287.2553 286.7199 285.9266 283.9930 281.8151 282.3323  294.387
1994 3.2205845E-09 2.8626681E-09 7.1726061E-09 1.5891569E-08 2.9669456E-09 3.7015973E-09 6.8128561E-09 1.1903913E-08 4.7428919E-09 5.9615268E-09 7.4248803E-09 1.1844373E-08 7.2126118E-09 8.4262544E-09 9.2186605E-09 1.0665781E-08  294.3537 300.2542 296.8607 291.8043 296.8203 296.6017 293.7415 291.2302 291.9310 290.5952 288.1599 287.4406 286.2929 284.4145 282.4947 283.0045  147.806
1995 1.8010980E-09 1.9732178E-09 5.7648242E-09 1.1154032E-08 1.5156283E-09 2.4550153E-09 5.6851310E-09 1.0186064E-08 2.3997011E-09 4.6743081E-09 7.2019426E-09 1.0516488E-08 5.5336957E-09 7.8805398E-09 9.5082608E-09 1.0106041E-08  294.2690 300.7646 297.3511 292.6745 297.6418 297.2875 294.5248 292.2962 293.0035 291.5824 289.0878 288.5350 287.7140 285.6622 283.4889 283.9253  220.613
1996 1.5356807E-09 1.0084731E-09 3.6808880E-09 1.0840777E-08 9.9225528E-10 2.1318443E-09 4.6793920E-09 1.0337764E-08 2.6837319E-09 5.0052802E-09 7.1996049E-09 1.1421273E-08 6.0485865E-09 7.5113737E-09 9.6486499E-09 1.1683932E-08  294.6809 300.0779 297.2570 292.9453 296.9518 296.6655 294.2460 292.3042 292.2994 290.9535 288.7526 288.2107 286.7096 284.9406 283.0307 283.3242  245
1997 4.8561706E-09 4.8721978E-09 8.4308329E-09 1.9541611E-08 7.6609608E-09 8.5448804E-09 1.2949785E-08 1.9296648E-08 1.1483871E-08 1.4615596E-08 1.6889517E-08 1.9610614E-08 1.4830281E-08 1.8106086E-08 1.8014633E-08 1.7470354E-08  294.7774 298.9803 295.7070 291.1532 295.9268 295.3834 292.6240 290.4947 291.1502 289.6353 287.1437 286.7721 285.8643 283.8763 281.8064 282.3955  132.129
1998 1.3188709E-09 5.8901667E-10 4.1588923E-09 1.0517567E-08 6.7224348E-10 1.1246423E-09 3.4240730E-09 6.6031882E-09 1.8675421E-09 2.8313190E-09 4.5293742E-09 6.9550077E-09 4.1062322E-09 4.6532600E-09 5.2690483E-09 6.4413705E-09  294.4569 301.0866 298.1223 293.4749 297.7822 297.7303 295.2215 293.0231 293.1681 291.9479 289.5638 288.9997 287.7795 285.9110 283.8813 284.2570  252.71
1999 1.5865365E-09 7.3141537E-10 1.8730599E-09 7.9285618E-09 7.4835554E-10 1.5107189E-09 2.5234903E-09 4.9846229E-09 1.3862136E-09 2.2604125E-09 3.5179049E-09 5.6756129E-09 2.6581861E-09 3.8693533E-09 4.9240523E-09 5.8059757E-09  294.1204 300.3454 298.0141 293.7786 297.0753 297.1180 295.0713 293.3379 292.9307 291.7180 289.5614 289.1975 287.5945 285.7687 283.8509 284.2741  416.452
2000 1.6595050E-09 1.1325676E-09 2.6023672E-09 7.9035543E-09 6.4341493E-10 1.5328839E-09 4.2183270E-09 7.4740703E-09 1.9017394E-09 3.4532250E-09 6.3687557E-09 1.0150162E-08 5.3936460E-09 6.1308931E-09 7.3892590E-09 8.9778025E-09  294.5837 300.6553 298.0374 293.5479 297.4096 297.2982 294.8654 292.7788 293.0550 291.7328 289.2428 288.5388 287.8088 285.9602 283.7683 284.1250  128.258
2001 1.8951574E-09 1.7013038E-09 5.9646559E-09 1.1633202E-08 1.9967257E-09 2.5621254E-09 6.0762280E-09 9.2926919E-09 3.1477585E-09 4.4471085E-09 6.0852479E-09 8.0717699E-09 5.1490416E-09 6.6577055E-09 7.6359443E-09 7.8915372E-09  294.5476 300.8009 297.7585 293.2242 297.5289 297.3987 294.8199 292.8105 292.9692 291.7474 289.3982 288.9619 287.5495 285.6942 283.6562 284.2368  168.871
2002 2.7272669E-09 1.6553838E-09 3.5455889E-09 8.6945677E-09 2.5083442E-09 3.1353684E-09 5.8712399E-09 7.9992928E-09 3.5457639E-09 5.1643179E-09 7.2393531E-09 8.3646254E-09 6.5976349E-09 7.7750748E-09 8.6038030E-09 9.7123118E-09  294.5847 300.6837 298.2355 294.0144 296.9790 297.1945 295.0731 293.2750 292.5960 291.5343 289.4986 289.2097 287.3651 285.6589 283.7911 284.3266  254.935
2003 1.7299653E-09 9.3572816E-10 3.3222674E-09 9.8442197E-09 1.0051606E-09 1.4393445E-09 3.8608343E-09 7.0789876E-09 1.6639127E-09 3.3579479E-09 5.4673639E-09 8.4000913E-09 3.6534591E-09 4.9035069E-09 6.1157799E-09 7.7867552E-09  294.1865 300.6719 297.7983 293.1718 297.3921 297.1297 294.5953 292.5828 292.8521 291.3843 289.0083 288.5082 287.3376 285.3897 283.3318 283.6494  188.968
2004 1.6666691E-09 2.2219109E-09 5.3330584E-09 1.3143840E-08 1.1555197E-09 1.4153964E-09 3.4022511E-09 8.8363574E-09 3.1806862E-09 3.3051812E-09 5.2932863E-09 8.3339291E-09 6.8340800E-09 7.4815070E-09 7.5355651E-09 9.0966470E-09  294.5604 300.2550 297.2136 292.7207 296.9578 296.9297 294.5616 292.4334 292.3595 291.3518 289.1409 288.6047 287.0098 285.3202 283.4644 283.9537  189.032
2005 1.8418332E-09 1.0797619E-09 2.7047458E-09 9.2407895E-09 1.0774643E-09 1.5061217E-09 3.6489960E-09 6.9894890E-09 2.3092346E-09 3.2302112E-09 4.7972675E-09 8.2066887E-09 5.3441878E-09 6.6590462E-09 7.1550885E-09 9.0388053E-09  294.4362 300.1158 297.4506 293.1595 296.7294 296.7168 294.5597 292.8642 292.2379 291.1234 289.1420 288.9307 286.9571 285.2640 283.4507 283.9778  146.355
2006 1.7645344E-09 1.6462350E-09 3.5285357E-09 9.5416288E-09 1.7279169E-09 2.3403550E-09 4.8881530E-09 8.6545677E-09 2.8726459E-09 4.3371586E-09 6.7086439E-09 9.5302495E-09 4.8777618E-09 6.9154171E-09 8.2838838E-09 1.0026164E-08  294.1415 300.7757 298.2267 293.8386 297.4635 297.4797 295.1063 293.2195 293.1400 291.8748 289.6650 289.3309 287.9158 286.0188 284.0453 284.5079  481.355
2007 1.5264299E-09 8.8269020E-10 2.8062139E-09 9.4326982E-09 1.0454699E-09 1.5215723E-09 3.9828678E-09 6.5051831E-09 2.6490512E-09 3.8523633E-09 5.0254014E-09 7.2395392E-09 5.2538653E-09 6.0127650E-09 6.7567587E-09 6.7798291E-09  294.1833 301.0567 298.2340 293.4697 297.5254 297.7508 295.2840 293.0864 293.2047 292.1377 289.9106 289.3752 287.9189 286.2072 284.2981 284.7916  242.29
2008 1.3332371E-09 4.7266130E-10 1.0822198E-09 7.5253954E-09 3.5795006E-10 4.7449117E-10 1.6849917E-09 5.2165232E-09 1.6759744E-09 2.1008162E-09 3.1479046E-09 6.5743810E-09 4.9631113E-09 4.8083462E-09 5.0652083E-09 7.0028463E-09  293.9808 300.2809 298.0092 293.9571 297.0434 297.1674 295.1459 293.3866 292.7455 291.7213 289.7095 289.3581 287.3054 285.6749 283.9579 284.4802  371.355
2009 1.7614510E-09 2.0162250E-09 8.1237905E-09 1.9025604E-08 1.1477334E-09 2.4811697E-09 7.8670963E-09 1.5559392E-08 2.6842835E-09 5.9931042E-09 1.0123594E-08 1.5037596E-08 6.2458532E-09 8.4030125E-09 1.0410125E-08 1.1713980E-08  0.0000000E+00 0.0000000E+00 0.0000000E+00 0.0000000E+00 0.0000000E+00 0.0000000E+00 0.0000000E+00 0.0000000E+00 0.0000000E+00 0.0000000E+00 0.0000000E+00 0.0000000E+00 0.0000000E+00 0.0000000E+00 0.0000000E+00 0.0000000E+00  147.548
2010 1.3319317E-09 3.0054531E-10 2.7476141E-09 6.3957954E-09 3.8179154E-10 5.9779814E-10 2.5358495E-09 5.0661457E-09 9.4672070E-10 1.6849067E-09 3.2507939E-09 5.1910631E-09 3.2351613E-09 4.7175872E-09 6.1972942E-09 7.8694624E-09  294.1092 300.1945 297.9523 294.0141 296.9360 296.9373 294.8346 293.2731 292.6434 291.3600 289.3057 289.0783 287.1024 285.2628 283.4109 283.7279  366.645
2011 1.7642159E-09 1.7905101E-09 4.3834825E-09 8.9691268E-09 1.5580512E-09 2.6568259E-09 4.7720747E-09 6.9232593E-09 3.4429708E-09 4.3501980E-09 5.1171081E-09 7.8427265E-09 5.9823542E-09 6.6193824E-09 7.2614372E-09 8.4612468E-09  294.1411 300.0235 297.4098 293.2995 296.6472 296.6813 294.4612 292.8365 292.3058 291.2165 289.1993 288.9420 286.9995 285.3914 283.6344 284.1097  126.677
2012 2.5217930E-09 2.0301454E-09 6.2928414E-09 1.1073183E-08 2.1960758E-09 3.8912131E-09 6.1503593E-09 9.3626236E-09 2.9664184E-09 5.5536042E-09 6.8485040E-09 9.0558032E-09 5.4252198E-09 7.6871896E-09 9.2156132E-09 1.0064465E-08  294.4846 300.6766 297.7515 293.3081 297.2136 297.1724 294.7732 292.6770 292.6664 291.4110 289.1687 288.6349 287.3148 285.3798 283.3494 283.7975  138.097
2013 1.3897459E-09 9.5249542E-10 3.0325544E-09 1.3440287E-08 7.3962025E-10 1.3286984E-09 4.4182418E-09 9.0042480E-09 1.7939491E-09 3.4575505E-09 5.4930589E-09 9.1003125E-09 4.9659832E-09 5.8324470E-09 6.6915717E-09 8.4075849E-09  294.2823 300.4442 297.5196 292.7289 297.2150 297.1568 294.7091 292.6464 292.8066 291.5751 289.3100 288.8528 287.4325 285.6328 283.6565 284.1255  340.452
2014 2.1332407E-09 1.7490548E-09 3.1779668E-09 9.7095940E-09 1.6409235E-09 2.6769000E-09 5.4872018E-09 9.4869916E-09 3.4248808E-09 4.9519078E-09 7.5097066E-09 1.0122862E-08 7.5223694E-09 8.8259444E-09 8.8232568E-09 1.0079524E-08  294.5827 300.3068 297.3471 292.7674 297.1492 296.8298 294.1749 291.9790 292.3503 291.0103 288.5812 288.0813 286.6781 284.7872 282.8352 283.3934  167.032
2015 3.7023657E-09 4.7415836E-09 1.1077832E-08 1.8559353E-08 3.1725627E-09 6.3493295E-09 1.2754223E-08 1.6725132E-08 5.5027711E-09 9.1661363E-09 1.4635789E-08 1.6247153E-08 9.5978869E-09 1.1721214E-08 1.4150257E-08 1.4978756E-08  294.9561 300.2993 296.7592 292.1271 297.2517 296.7388 293.7323 291.3560 292.4372 290.9959 288.2524 287.7329 287.0139 285.1904 283.0540 283.4892  386
