STN,prec_1,prec_2,prec_3,prec_4,prec_5,prec_6,prec_7,prec_8,prec_9,prec_10,prec_11,prec_12,prec_13,prec_14,prec_15,prec_16,st_1,st_2,st_3,st_4,st_5,st_6,st_7,st_8,st_9,st_10,st_11,st_12,st_13,st_14,st_15,st_16,06.0
LAT,29.30136,29.30136,29.30136,29.30136,32.09194,32.09194,32.09194,32.09194,34.88252,34.88252,34.88252,34.88252,37.67308,37.67308,37.67308,37.67308,29.30136,29.30136,29.30136,29.30136,32.09194,32.09194,32.09194,32.09194,34.88252,34.88252,34.88252,34.88252,37.67308,37.67308,37.67308,37.67308,33.6194949
LON,-115.3125,-112.5000,-109.6875,-106.8750,-115.3125,-112.5000,-109.6875,-106.8750,-115.3125,-112.5000,-109.6875,-106.8750,-115.3125,-112.5000,-109.6875,-106.8750,-115.3125,-112.5000,-109.6875,-106.8750,-115.3125,-112.5000,-109.6875,-106.8750,-115.3125,-112.5000,-109.6875,-106.8750,-115.3125,-112.5000,-109.6875,-106.8750,-110.9215037
1958 2.7708802E-09 2.9311897E-09 4.1794448E-09 7.6061433E-09 3.4522434E-09 4.1787200E-09 5.9144236E-09 7.5930204E-09 8.2921678E-09 8.1881657E-09 8.4474170E-09 7.4357103E-09 1.6485998E-08 1.4517430E-08 1.2951581E-08 1.1461210E-08  290.9617 290.1563 286.9340 282.7858 286.7330 284.7121 281.9701 280.0018 279.8531 277.3744 274.3636 274.1003 272.2146 269.3740 267.1726 268.3521  407.167
1959 2.7615443E-09 2.7923628E-09 4.4603943E-09 9.9077884E-09 4.1777555E-09 4.4790793E-09 6.3694894E-09 1.0079691E-08 9.9093072E-09 1.0323420E-08 1.0078082E-08 9.2350776E-09 1.7764021E-08 1.6467723E-08 1.5240282E-08 1.3686676E-08  290.9952 289.2278 285.8669 281.8319 285.5948 283.4345 280.7723 278.9423 278.4794 275.9175 273.2089 273.0270 271.0550 268.2852 266.2093 267.2017  78.6667
1960 4.6730619E-09 3.5767387E-09 4.2653547E-09 7.4081195E-09 5.4847118E-09 4.9191824E-09 6.0974443E-09 7.9873779E-09 1.0019455E-08 9.3307850E-09 8.3767713E-09 7.4562516E-09 1.7681847E-08 1.5975157E-08 1.4049581E-08 1.1795248E-08  290.9549 289.8801 286.4893 282.2651 286.3441 284.2949 281.5297 279.5203 279.2638 276.8238 274.0781 273.8783 271.4122 268.9079 267.0359 268.1548  284.633
1961 4.8868021E-09 4.8741677E-09 6.6393113E-09 9.9656932E-09 5.3977449E-09 6.1549166E-09 8.0659639E-09 1.0507800E-08 1.1315059E-08 1.2223802E-08 1.1607366E-08 1.0540385E-08 2.0396804E-08 1.8998991E-08 1.7184613E-08 1.5415685E-08  290.9074 289.3052 286.1608 282.3760 285.8720 283.7813 281.2256 279.5870 278.8966 276.4071 273.6769 273.6408 271.5118 268.8356 266.7089 267.7949  108.433
1962 5.0862936E-09 3.4326142E-09 4.1982022E-09 7.2694881E-09 7.0898643E-09 5.9651928E-09 7.0375572E-09 8.1737692E-09 1.4648524E-08 1.3133985E-08 1.1809389E-08 1.0232600E-08 2.2137700E-08 1.9846526E-08 1.7758387E-08 1.4967600E-08  290.8308 289.1963 285.8527 282.0595 285.6415 283.5130 280.8027 279.2215 278.3886 275.9167 273.2440 273.3095 270.6995 268.1454 265.9966 267.3175  310.1
1963 4.7495479E-09 4.5516062E-09 6.5261374E-09 1.0483657E-08 7.5332602E-09 7.7667321E-09 9.8132249E-09 1.0815217E-08 1.4676450E-08 1.4756169E-08 1.4382402E-08 1.1673952E-08 1.9050367E-08 1.7937955E-08 1.7631177E-08 1.6011144E-08  290.9463 289.3842 285.8963 281.8194 285.9449 283.7369 281.0331 279.3021 279.0412 276.3330 273.4498 273.4446 271.5787 268.7436 266.4666 267.5665  104.5
1964 4.2413735E-09 2.1654312E-09 3.0572427E-09 6.3286860E-09 5.0107900E-09 3.3191856E-09 4.7833497E-09 7.1823658E-09 8.8250101E-09 8.2403906E-09 8.0930160E-09 7.9261522E-09 1.3517855E-08 1.3231728E-08 1.2904954E-08 1.2068771E-08  290.6863 290.0021 286.8296 282.7560 286.3096 284.3916 281.6822 279.8023 279.2605 276.7969 273.9540 273.7106 271.5525 268.7746 266.4948 267.6907  137.867
1965 1.0263593E-08 8.7410834E-09 8.2286542E-09 1.2423040E-08 1.5012077E-08 1.3367473E-08 1.2539229E-08 1.2475957E-08 2.1914756E-08 1.9923547E-08 1.6656271E-08 1.2282642E-08 2.7061921E-08 2.2755181E-08 1.9625022E-08 1.6052612E-08  291.0867 288.4432 285.1042 281.2234 285.1029 282.6868 280.1175 278.4015 278.1984 275.4851 272.7118 272.7190 271.1115 268.3344 266.1468 267.1306  556.5
1966 4.0893342E-09 3.2835872E-09 3.7303165E-09 7.4117659E-09 4.9922435E-09 5.6978995E-09 6.5246542E-09 8.3509129E-09 1.0563800E-08 1.1816212E-08 1.1586295E-08 1.0148929E-08 1.7527695E-08 1.6659339E-08 1.5584925E-08 1.4056821E-08  290.8448 289.1254 285.6926 281.6669 285.6282 283.4285 280.7141 278.9589 278.6453 276.0357 273.2777 273.1975 270.9998 268.4345 266.4203 267.4427  268.2
1967 4.9112718E-09 4.0863792E-09 5.4846891E-09 9.6473407E-09 7.0560091E-09 7.0349415E-09 8.9721617E-09 1.1209214E-08 1.4090464E-08 1.3664316E-08 1.2293066E-08 1.0492804E-08 2.1379028E-08 1.8841197E-08 1.6433864E-08 1.4267760E-08  290.8707 289.1895 285.8436 281.8597 285.5572 283.5175 280.8168 279.0229 278.5929 276.0289 273.2739 273.1823 271.1109 268.5739 266.4650 267.4873  128.533
1968 7.9279809E-09 6.9757884E-09 1.0000853E-08 1.5435134E-08 9.7903019E-09 9.5736432E-09 1.1187010E-08 1.2933545E-08 1.6528309E-08 1.5439324E-08 1.3585884E-08 1.1339338E-08 2.1484869E-08 1.9234273E-08 1.6890159E-08 1.4126655E-08  290.9206 288.9037 285.4516 281.4128 285.5202 283.3362 280.7384 278.8880 278.5593 276.0579 273.3629 273.2497 270.9511 268.4346 266.3492 267.3231  458
1969 4.1997161E-09 2.9184173E-09 4.1966528E-09 8.5669702E-09 5.6686389E-09 5.8911742E-09 7.2630870E-09 9.4441255E-09 1.2849804E-08 1.2714541E-08 1.1759004E-08 1.0070341E-08 2.1035286E-08 1.9287715E-08 1.6954885E-08 1.4673628E-08  290.9636 289.3631 285.9993 282.0070 285.8720 283.7188 280.9915 279.2328 278.8489 276.3239 273.4007 273.2958 271.7233 268.7990 266.4223 267.3176  312.267
1970 3.6085837E-09 3.6817189E-09 5.7713754E-09 1.0081830E-08 5.3278182E-09 6.1047301E-09 6.9380506E-09 8.5749505E-09 1.0233854E-08 1.0074302E-08 9.3295931E-09 7.6540125E-09 1.7707158E-08 1.5435937E-08 1.4203209E-08 1.2207090E-08  290.8470 289.8397 286.4863 282.2985 286.2649 284.2194 281.5045 279.5115 279.3361 276.7848 273.7464 273.4791 271.6846 268.8569 266.7417 267.7152  204.767
1971 5.0110942E-09 4.4462287E-09 4.9642628E-09 8.4646299E-09 6.0203749E-09 6.1684009E-09 7.7239912E-09 9.4509485E-09 1.2018043E-08 1.1526029E-08 1.1801986E-08 1.0881809E-08 2.1147473E-08 1.8328521E-08 1.7401533E-08 1.5942542E-08  290.7589 289.1176 285.9875 282.0441 285.3851 283.4360 280.9365 279.2297 278.2317 275.8148 273.0057 272.9474 270.4501 267.8864 265.8013 266.8681  100.133
1972 7.0498531E-09 7.0735089E-09 9.4407415E-09 1.3304098E-08 7.7862774E-09 9.2918846E-09 1.2282383E-08 1.3428355E-08 1.1355068E-08 1.2610037E-08 1.3919637E-08 1.3281260E-08 1.6047956E-08 1.5866062E-08 1.5454463E-08 1.4808279E-08  290.9891 289.2249 285.7434 281.7129 285.8591 283.6224 280.8239 278.9203 278.9373 276.3536 273.3672 273.0164 271.7479 268.9707 266.6192 267.4408  189.933
1973 4.3946415E-09 4.5930473E-09 5.4048725E-09 7.1939237E-09 6.6359234E-09 7.9922184E-09 8.9727212E-09 9.8525454E-09 1.1962679E-08 1.3419197E-08 1.2333180E-08 9.8603623E-09 1.7497349E-08 1.7774186E-08 1.6011237E-08 1.3670165E-08  290.6292 289.3958 286.3206 282.5541 285.8496 283.8450 281.3515 279.7117 278.9431 276.4397 273.8900 273.9642 271.6544 268.8646 266.8953 268.1043  1329
1974 5.0077884E-09 3.9850749E-09 4.2570627E-09 6.6646439E-09 6.6431411E-09 7.0067476E-09 7.7943332E-09 9.3015675E-09 1.2058663E-08 1.2855850E-08 1.2635385E-08 1.1552685E-08 1.9619357E-08 1.8773012E-08 1.8104110E-08 1.6277109E-08  290.6869 289.1687 285.8824 282.0045 285.7368 283.6669 281.0971 279.4565 278.8357 276.3375 273.4916 273.4774 271.3704 268.5261 266.3271 267.4528  121.333
1975 3.1781662E-09 4.2464436E-09 6.4460846E-09 8.6953538E-09 4.8808340E-09 6.5540959E-09 9.2121653E-09 9.6718082E-09 1.0089864E-08 1.0941925E-08 1.1184857E-08 1.0377533E-08 1.8061035E-08 1.6822066E-08 1.5818317E-08 1.4222181E-08  290.6632 289.3924 286.1953 282.4111 285.7855 283.7366 281.1388 279.5868 278.6920 276.0842 273.2817 273.4457 271.2558 268.3753 266.2270 267.3941  476.9
1976 5.6744738E-09 5.3737201E-09 6.6554482E-09 9.5628101E-09 8.0256015E-09 8.0916989E-09 9.3742569E-09 1.0622994E-08 1.4072377E-08 1.2752103E-08 1.0863012E-08 8.8788328E-09 2.0855003E-08 1.7297953E-08 1.5331345E-08 1.2774374E-08  290.8137 288.9879 285.5043 281.4327 285.5242 283.2857 280.5798 278.7961 278.5284 275.9629 273.0236 272.9495 271.2350 268.5593 266.4167 267.3482  239.633
1977 2.9811567E-09 4.1876898E-09 7.1465074E-09 1.1044002E-08 4.6734088E-09 5.9483445E-09 8.4905887E-09 9.7770219E-09 8.9059133E-09 1.0028200E-08 9.8640616E-09 8.9065511E-09 1.4435405E-08 1.4224739E-08 1.3645319E-08 1.1710456E-08  290.8746 289.5625 286.2166 282.2190 286.2108 284.1009 281.3741 279.6843 279.2049 276.6395 273.8055 273.8937 271.8003 268.8669 266.7325 268.0131  141.767
1978 3.7433154E-09 4.4959685E-09 7.8656432E-09 1.3160376E-08 4.3911017E-09 5.7323977E-09 8.8781782E-09 1.2304006E-08 1.1038201E-08 1.1868302E-08 1.2007834E-08 1.0753786E-08 1.8763087E-08 1.7763343E-08 1.6690423E-08 1.5338665E-08  290.9526 289.0624 285.7096 281.6597 285.6776 283.4905 280.8141 279.0049 278.6204 275.9683 273.2656 273.1980 271.1223 268.3295 266.2617 267.3405  320.267
1979 3.7434593E-09 3.0926695E-09 5.0902820E-09 9.2422034E-09 5.1886690E-09 4.9411941E-09 6.3125531E-09 8.5731084E-09 1.0769348E-08 1.0734231E-08 9.8840269E-09 8.3845446E-09 1.7121335E-08 1.5802959E-08 1.4953606E-08 1.2929450E-08  291.0052 289.9056 286.4023 282.0618 286.5579 284.4371 281.6514 279.5723 279.6975 277.1811 274.2345 273.8094 272.3427 269.4772 267.0258 268.0546  1280.57
1980 4.5492290E-09 4.3497144E-09 6.7415002E-09 1.2224799E-08 7.8303684E-09 8.0019618E-09 9.2705994E-09 1.2021016E-08 1.5918422E-08 1.4362143E-08 1.2831011E-08 1.0515792E-08 2.2105079E-08 1.9477094E-08 1.6809082E-08 1.4651877E-08  291.0540 288.8568 285.4156 281.4542 285.4204 283.1702 280.4212 278.6228 278.3197 275.6403 272.7876 272.7010 270.6540 267.9662 265.8995 267.0028  879.433
1981 4.3107744E-09 4.7775313E-09 5.8443734E-09 8.8072181E-09 4.3102331E-09 5.9783423E-09 7.9457054E-09 9.5240908E-09 7.3550610E-09 8.9622993E-09 9.2661887E-09 8.2328571E-09 1.3805806E-08 1.3489159E-08 1.2718522E-08 1.2291475E-08  290.9981 289.6734 286.2267 281.9472 286.0880 283.8568 281.0388 279.0478 279.1202 276.2928 273.2601 273.0923 271.7047 268.6526 266.2495 267.2838  203.033
1982 5.3109623E-09 3.3016982E-09 4.8040336E-09 9.6362003E-09 8.7836884E-09 7.1875208E-09 8.2290645E-09 1.0760584E-08 1.8504974E-08 1.6340172E-08 1.4010864E-08 1.1932092E-08 2.5643969E-08 2.3494833E-08 2.0632768E-08 1.6537825E-08  290.9865 289.2689 285.8597 281.7854 285.8671 283.6532 280.9784 279.1239 278.8551 276.3102 273.4760 273.4190 271.5493 268.9384 266.7420 267.7559  388.133
1983 5.4813563E-09 5.5346918E-09 5.8230278E-09 8.5498355E-09 8.0247684E-09 7.9959275E-09 8.8869108E-09 9.9104644E-09 1.4626099E-08 1.4910141E-08 1.3411926E-08 1.0757464E-08 1.9929063E-08 1.8541908E-08 1.6501829E-08 1.4982144E-08  291.0583 289.1217 285.9047 281.9579 285.6433 283.3929 280.7416 278.9239 278.6380 275.9353 273.0749 272.9454 270.9961 268.3372 266.2834 267.2541  1189.53
1984 3.2341074E-09 3.0783380E-09 3.3243472E-09 6.4823862E-09 4.5363762E-09 4.7637791E-09 5.7413994E-09 7.5261477E-09 1.0695181E-08 1.0250407E-08 9.9547330E-09 8.5069329E-09 1.9467548E-08 1.7982996E-08 1.6612928E-08 1.4572303E-08  291.0202 290.0198 286.7719 282.7296 286.5081 284.5182 281.8474 280.1368 279.5371 277.1719 274.3015 274.3695 272.2025 269.4821 267.0813 268.3590  190.033
1985 4.4115858E-09 6.1703629E-09 7.5890654E-09 1.0792795E-08 5.5753380E-09 7.8655953E-09 1.0358852E-08 1.1456436E-08 1.2295540E-08 1.2929200E-08 1.2345892E-08 1.0944643E-08 1.9988306E-08 1.8403085E-08 1.7308523E-08 1.5340097E-08  290.9214 289.2967 286.1846 282.4900 285.7909 283.7661 281.3180 279.8586 278.9990 276.6390 274.0385 274.0774 271.8630 269.2891 267.1153 268.0603  648.5
1986 7.3368245E-09 8.4618197E-09 1.0174239E-08 1.4291779E-08 9.6475929E-09 1.0800238E-08 1.1943016E-08 1.3317267E-08 1.4487456E-08 1.5190476E-08 1.3943583E-08 1.2013947E-08 1.7649187E-08 1.8036657E-08 1.6896175E-08 1.5170517E-08  291.1030 288.9882 285.6243 281.5619 285.6088 283.3375 280.6883 278.7222 278.6240 276.1763 273.4163 273.1951 271.2339 268.5939 266.6257 267.6114  270.033
1987 3.0393099E-09 2.4587983E-09 3.8043591E-09 8.0878033E-09 4.9840914E-09 5.3721116E-09 6.6389423E-09 8.3845446E-09 1.0924226E-08 1.0528172E-08 1.0569101E-08 9.4532950E-09 2.0990759E-08 1.7166759E-08 1.5623336E-08 1.2742409E-08  291.2964 290.0333 286.5631 282.2179 286.4927 284.4290 281.6072 279.5282 279.5865 277.1663 274.1215 273.7232 272.3981 269.6548 267.1718 267.9711  399.533
1988 5.1931477E-09 4.2091921E-09 5.3056741E-09 6.9988442E-09 6.6176056E-09 6.8048625E-09 7.9026190E-09 7.7884019E-09 1.2370988E-08 1.3609326E-08 1.2562738E-08 9.4749231E-09 1.8145691E-08 1.7946441E-08 1.6339316E-08 1.4283021E-08  290.8148 290.0640 286.9990 283.1017 286.5258 284.5938 282.1194 280.5247 279.7984 277.3108 274.6469 274.6963 272.4321 269.6894 267.4410 268.6230  321.7
1989 3.1445284E-09 3.1286647E-09 4.4320294E-09 7.7018871E-09 5.0038191E-09 6.0427152E-09 7.8064426E-09 9.4367332E-09 1.2322122E-08 1.3296521E-08 1.3188091E-08 1.1012556E-08 2.2019023E-08 1.9392438E-08 1.8252262E-08 1.6163867E-08  290.8463 289.3053 286.1527 282.4703 285.6587 283.5708 281.1123 279.6001 278.6748 276.1696 273.5602 273.6873 271.3413 268.6132 266.5002 267.6076  117.867
1990 5.9829977E-09 6.7521415E-09 1.0129741E-08 1.3459825E-08 6.8215598E-09 7.5500530E-09 1.0093839E-08 1.2429627E-08 1.1664882E-08 1.1929330E-08 1.1809480E-08 1.0752299E-08 1.6911530E-08 1.6392260E-08 1.5631567E-08 1.3957473E-08  291.1477 289.2845 285.8497 281.6805 285.9486 283.6937 280.9420 279.0070 279.0201 276.4046 273.4256 273.2200 271.4748 268.7669 266.4959 267.5423  113.067
1991 3.6840462E-09 3.2571450E-09 3.7168717E-09 6.7338917E-09 6.4113075E-09 6.4778098E-09 7.4108106E-09 8.3145100E-09 1.5775303E-08 1.4290964E-08 1.2485972E-08 9.9976978E-09 2.5385072E-08 2.2632889E-08 1.9829306E-08 1.6157713E-08  291.0635 289.2129 285.8629 281.9924 285.5934 283.4523 280.8201 279.1588 278.4597 276.0892 273.4063 273.3732 271.4124 268.8784 266.6304 267.6855  557.5
1992 3.9707224E-09 3.9024095E-09 5.6667413E-09 9.8140660E-09 5.1476388E-09 5.1530882E-09 6.9333428E-09 8.6945153E-09 1.1003055E-08 1.1663350E-08 1.1137267E-08 9.5076791E-09 1.8114589E-08 1.7231768E-08 1.6317898E-08 1.5101493E-08  291.2685 289.6699 286.2015 281.9699 286.2163 284.0140 281.2836 279.3958 279.2247 276.6469 273.7741 273.6343 272.0680 269.2341 266.9252 267.9796  811.4
1993 1.2863953E-08 1.4417014E-08 1.8385295E-08 2.3888568E-08 1.6233571E-08 1.7454767E-08 1.9504560E-08 2.0066839E-08 2.3091388E-08 2.2467811E-08 1.9976426E-08 1.6263618E-08 2.4419283E-08 2.1901386E-08 1.9406702E-08 1.7048334E-08  291.4657 288.6645 284.9780 280.6537 285.4534 282.9809 280.1499 278.0349 278.6301 275.9428 272.9751 272.6858 271.4499 268.7980 266.6597 267.3712  717.767
1994 3.4619489E-09 3.9955128E-09 6.9082269E-09 1.1223077E-08 4.8402895E-09 5.6324709E-09 8.6285246E-09 1.1459928E-08 1.0402646E-08 1.0865663E-08 1.1370011E-08 1.1613341E-08 1.9127357E-08 1.7474974E-08 1.6044556E-08 1.5179610E-08  291.0387 289.1207 285.7327 281.8224 285.8401 283.6084 280.8628 279.0388 278.7957 276.3117 273.4273 273.1415 271.3236 268.8176 266.6586 267.5213  227
1995 9.2976942E-09 8.5045144E-09 1.0386826E-08 1.6462407E-08 1.0419762E-08 1.0709042E-08 1.1727715E-08 1.3706227E-08 1.4243603E-08 1.4377521E-08 1.3623436E-08 1.2234834E-08 1.7185496E-08 1.6705600E-08 1.5590986E-08 1.4921799E-08  291.1421 289.4357 286.2544 282.2172 285.9217 283.9398 281.4854 279.6550 278.8738 276.6350 274.0142 273.8067 271.3696 268.9138 266.9842 267.8805  476.533
1996 4.0221915E-09 4.2553610E-09 5.4136660E-09 1.0499727E-08 5.4295661E-09 6.9354891E-09 8.7902956E-09 9.9463264E-09 1.2880517E-08 1.3743082E-08 1.3556419E-08 1.1323758E-08 2.0694943E-08 1.9864016E-08 1.7956310E-08 1.5728748E-08  291.1583 289.2804 286.0837 282.2031 285.6257 283.5024 280.9409 279.3298 278.4731 275.8560 273.1858 273.1308 270.7457 267.9678 265.8169 267.1241  115.833
1997 1.0555614E-08 1.0105070E-08 1.1289361E-08 1.4241015E-08 1.5059941E-08 1.4581631E-08 1.3863246E-08 1.3792844E-08 2.3927107E-08 2.2274264E-08 1.8076321E-08 1.2753254E-08 2.8216657E-08 2.4327266E-08 2.0463574E-08 1.6124709E-08  291.3693 289.3671 285.7471 281.3885 285.9780 283.7881 280.9297 278.9051 279.1199 276.7274 273.7549 273.4406 272.1045 269.5228 267.2771 268.1942  200
1998 4.3286117E-09 4.4193880E-09 4.6231667E-09 5.4672613E-09 6.5639081E-09 7.3372712E-09 7.3279049E-09 6.6155925E-09 1.1983729E-08 1.3144290E-08 1.1297895E-08 7.8829379E-09 1.8734656E-08 1.8562531E-08 1.6992347E-08 1.4053576E-08  291.0648 289.9961 287.0013 283.2882 286.2394 284.3504 282.0065 280.4771 279.3271 277.0030 274.4307 274.4558 271.8625 269.1879 267.1096 268.2618  454.833
1999 2.7076443E-09 2.6540323E-09 3.6156969E-09 4.7290092E-09 3.5068566E-09 4.3778972E-09 6.0853425E-09 6.7003145E-09 9.2431147E-09 9.3073371E-09 9.0450847E-09 7.4646618E-09 1.7118932E-08 1.6013834E-08 1.4351804E-08 1.1799679E-08  290.6977 290.3939 287.4271 283.6488 286.9066 285.0538 282.5405 280.9331 280.1455 277.8505 275.2073 275.2271 272.5866 269.8477 267.8526 269.2740  145.8
2000 5.5497171E-09 6.0400542E-09 7.4672188E-09 1.4467529E-08 6.3281478E-09 7.0626816E-09 9.7857464E-09 1.2863747E-08 1.2013326E-08 1.2963335E-08 1.3541783E-08 1.1992657E-08 2.0020648E-08 1.9300391E-08 1.8088995E-08 1.6696571E-08  291.0826 289.1169 286.0003 282.3944 285.7472 283.6133 281.1025 279.6183 278.6550 276.2232 273.6293 273.8077 270.8445 268.1825 266.3806 267.6417  165.333
2001 7.2968680E-09 8.3103888E-09 9.8177662E-09 1.3515288E-08 7.5593700E-09 1.0207421E-08 1.2902471E-08 1.4527913E-08 1.3436557E-08 1.4997172E-08 1.5457582E-08 1.3361467E-08 2.0412525E-08 1.9821449E-08 1.9300348E-08 1.7650940E-08  291.0964 289.1648 285.9524 282.1731 285.6778 283.4476 280.9641 279.2834 278.7752 276.1759 273.4221 273.5003 271.3979 268.6502 266.5730 267.6563  193.167
2002 5.2924176E-09 4.6562771E-09 5.3134301E-09 9.8121635E-09 5.9641447E-09 6.7336967E-09 7.8977660E-09 1.0171322E-08 1.2618202E-08 1.3789386E-08 1.3698764E-08 1.2340939E-08 2.0987560E-08 2.0381108E-08 1.9184274E-08 1.7353390E-08  291.0805 289.3274 286.0720 282.2557 285.7438 283.6195 281.0209 279.3219 278.5307 276.0354 273.3806 273.3365 271.2139 268.6136 266.3725 267.3464  74.5667
2003 5.6843645E-09 4.7130713E-09 7.3658728E-09 1.3453760E-08 9.8275326E-09 8.0402156E-09 1.0096072E-08 1.3511376E-08 1.9464721E-08 1.8750569E-08 1.6577328E-08 1.3202764E-08 2.3989093E-08 2.4043112E-08 2.1497542E-08 1.8918227E-08  290.4958 288.9576 285.9464 282.4165 285.3964 283.4971 281.1452 279.6457 278.3732 276.1485 273.8204 273.8676 271.0135 268.6422 266.8575 267.9891  187.567
2004 3.9322710E-09 4.1355572E-09 6.4169496E-09 9.3671977E-09 6.6207684E-09 6.8588717E-09 9.0011554E-09 1.0809734E-08 1.5112503E-08 1.5200845E-08 1.3384345E-08 1.0436724E-08 2.4978844E-08 2.2760879E-08 1.9916472E-08 1.5707014E-08  291.0107 289.4342 286.2807 282.5299 285.8061 283.7667 281.2840 279.7049 278.7563 276.3183 273.6411 273.7766 271.5705 268.8360 266.6735 267.9701  104.9
2005 6.7897674E-09 6.9983717E-09 8.2631235E-09 1.1885827E-08 7.7571300E-09 9.3051833E-09 1.0947313E-08 1.2333506E-08 1.4051281E-08 1.4203473E-08 1.3588571E-08 1.1733249E-08 2.1215307E-08 1.8046290E-08 1.6214516E-08 1.4101663E-08  291.0943 290.0894 286.7377 282.4753 286.7927 284.7896 282.1221 280.1736 279.9673 277.7097 275.0329 274.8405 272.7372 270.1144 267.8951 269.0456  296.433
2006 4.5370494E-09 4.0199564E-09 6.5724297E-09 9.9472102E-09 6.0707785E-09 6.8795698E-09 9.6886268E-09 1.2360832E-08 1.2807081E-08 1.4620255E-08 1.4329917E-08 1.2350409E-08 2.2037092E-08 2.1243329E-08 1.9418914E-08 1.7364385E-08  290.9917 289.1440 285.7876 281.8541 285.6094 283.4256 280.7996 278.9885 278.5002 275.9052 273.2271 273.2006 270.9424 268.2810 266.2891 267.3829  84.2
2007 4.4135340E-09 5.8891372E-09 8.4849550E-09 1.3105663E-08 5.5866662E-09 6.9221766E-09 9.7634603E-09 1.2459513E-08 1.0962080E-08 1.2879010E-08 1.3670443E-08 1.2768593E-08 1.5552709E-08 1.6651009E-08 1.6738584E-08 1.6406112E-08  290.9640 290.1472 286.7682 282.5559 286.7805 284.6805 281.8084 279.7400 279.9935 277.3799 274.2814 273.8916 272.5001 269.5946 267.1273 268.0789  122.133
2008 4.2118260E-09 2.9180243E-09 3.1882017E-09 5.7747962E-09 6.0869261E-09 6.0782370E-09 6.6838037E-09 7.2952981E-09 1.3384639E-08 1.3375155E-08 1.1738863E-08 9.0086107E-09 2.1570084E-08 2.0511767E-08 1.8128725E-08 1.5229370E-08  290.6770 289.5209 286.5442 283.0393 285.9112 283.9334 281.5331 280.1428 278.9126 276.5519 274.0069 274.1453 271.2462 268.7586 266.7982 268.0157  312.1
2009 4.6625375E-09 3.5166803E-09 4.4508797E-09 8.2846752E-09 6.6891608E-09 6.3180354E-09 6.8504571E-09 8.3750136E-09 1.1022271E-08 1.0328179E-08 9.3989989E-09 8.4699003E-09 1.4956060E-08 1.3784711E-08 1.3859364E-08 1.3516181E-08  291.1276 289.6440 286.3553 282.1303 286.3770 284.1239 281.4565 279.5107 279.5410 276.9974 274.0787 273.8051 272.3308 269.3718 266.9413 267.8927  190.767
2010 7.7680316E-09 8.5033127E-09 8.9938021E-09 1.2159097E-08 1.0382061E-08 1.1714246E-08 1.2366824E-08 1.3598719E-08 1.5565636E-08 1.6946410E-08 1.5857488E-08 1.2382728E-08 2.2561304E-08 2.1332459E-08 1.9542799E-08 1.6160675E-08  290.7942 289.8690 286.8951 283.0492 286.1491 284.2200 281.5891 279.7714 279.1517 276.5761 273.8517 273.7529 271.4626 268.7428 266.7163 267.9106  350.1
2011 5.0679256E-09 4.0868415E-09 4.6269855E-09 7.6116446E-09 6.7413470E-09 7.3780129E-09 8.5959533E-09 9.5356931E-09 1.1867179E-08 1.3005598E-08 1.2804159E-08 1.0635514E-08 2.1295675E-08 1.9652251E-08 1.8169663E-08 1.5975045E-08  290.8225 288.8527 285.7906 282.3168 285.3579 283.3150 280.9124 279.5113 278.2090 275.7769 273.2811 273.5023 270.3856 268.0181 266.3000 267.4521  97.4
2012 3.9230490E-09 3.4705827E-09 4.3315613E-09 9.5505266E-09 3.9718899E-09 4.8017590E-09 6.5934986E-09 9.4194874E-09 8.2333891E-09 9.0248369E-09 9.0466363E-09 9.0345917E-09 1.5968919E-08 1.4508116E-08 1.3127028E-08 1.2267266E-08  291.0955 289.3726 285.9731 281.9079 286.0135 283.8076 281.0892 279.2597 279.1663 276.5829 273.7664 273.6554 271.8276 269.0244 266.8036 267.8270  88.3333
2013 3.8636503E-09 3.4902363E-09 5.0553943E-09 7.6065874E-09 5.6534599E-09 5.5219118E-09 6.4604846E-09 7.7503275E-09 1.2160708E-08 1.1865707E-08 1.0544552E-08 8.2527034E-09 2.1588592E-08 1.9773317E-08 1.7485704E-08 1.4758034E-08  291.0139 289.7805 286.7284 282.9420 286.2336 284.1657 281.7622 280.2037 279.3008 276.8844 274.1762 274.3857 271.8872 269.0999 267.0458 268.3736  105.2
2014 5.5590048E-09 5.7488236E-09 6.3737233E-09 8.7465093E-09 7.4537949E-09 7.6180307E-09 8.2652667E-09 8.6713978E-09 1.3974223E-08 1.2713564E-08 1.1150081E-08 8.6087608E-09 2.0904618E-08 1.7514704E-08 1.4969547E-08 1.2334016E-08  291.2041 289.6586 286.2734 282.0785 286.3013 284.0973 281.3017 279.4199 279.4685 276.8243 273.8139 273.6669 272.3142 269.4734 267.1327 268.0822  87.3
2015 5.5819256E-09 6.6566379E-09 8.4080440E-09 1.2488730E-08 7.8486222E-09 8.9408170E-09 1.0441836E-08 1.1501066E-08 1.5605465E-08 1.5031052E-08 1.3879724E-08 1.1211971E-08 2.1883112E-08 1.9284807E-08 1.7290837E-08 1.4975143E-08  291.4671 289.2182 285.6497 281.5369 286.0317 283.6027 280.8602 278.9320 278.9138 276.1941 273.1684 272.9204 271.6000 268.6797 266.3839 267.1459  148.967
