STN,prec_1,prec_2,prec_3,prec_4,prec_5,prec_6,prec_7,prec_8,prec_9,prec_10,prec_11,prec_12,prec_13,prec_14,prec_15,prec_16,st_1,st_2,st_3,st_4,st_5,st_6,st_7,st_8,st_9,st_10,st_11,st_12,st_13,st_14,st_15,st_16,10.0
LAT,29.30136,29.30136,29.30136,29.30136,32.09194,32.09194,32.09194,32.09194,34.88252,34.88252,34.88252,34.88252,37.67308,37.67308,37.67308,37.67308,29.30136,29.30136,29.30136,29.30136,32.09194,32.09194,32.09194,32.09194,34.88252,34.88252,34.88252,34.88252,37.67308,37.67308,37.67308,37.67308,33.6194949
LON,-115.3125,-112.5000,-109.6875,-106.8750,-115.3125,-112.5000,-109.6875,-106.8750,-115.3125,-112.5000,-109.6875,-106.8750,-115.3125,-112.5000,-109.6875,-106.8750,-115.3125,-112.5000,-109.6875,-106.8750,-115.3125,-112.5000,-109.6875,-106.8750,-115.3125,-112.5000,-109.6875,-106.8750,-115.3125,-112.5000,-109.6875,-106.8750,-110.9215037
1958 5.5100711E-09 5.8701217E-09 7.4706250E-09 1.1005452E-08 8.5979526E-09 8.7170413E-09 1.0435286E-08 1.1228742E-08 1.8438705E-08 1.7580673E-08 1.6212839E-08 1.2607635E-08 2.5823885E-08 2.2315019E-08 1.9503901E-08 1.7115706E-08  289.9373 288.4694 285.0153 281.1456 284.9170 282.7025 280.0072 278.2508 277.2869 274.5884 271.8837 271.8470 269.1923 266.6029 264.9464 266.1056  670.323
1959 6.9620825E-09 6.9802009E-09 8.5679437E-09 1.2840115E-08 1.0465183E-08 1.0555641E-08 1.1832785E-08 1.2861683E-08 1.8717833E-08 1.7641884E-08 1.5316541E-08 1.1456607E-08 2.5103027E-08 2.2027372E-08 1.9165473E-08 1.6056093E-08  289.7885 288.2947 284.7151 280.6364 284.9817 282.6588 279.7865 277.7817 277.0499 274.2814 271.5364 271.5904 268.3849 265.7711 264.3098 265.8823  552
1960 7.1359088E-09 6.4233974E-09 7.3865856E-09 1.0589334E-08 9.3698880E-09 1.0407059E-08 1.2968468E-08 1.3485852E-08 1.5655731E-08 1.5785657E-08 1.5540879E-08 1.3337226E-08 2.1271209E-08 1.9588395E-08 1.7821355E-08 1.6067661E-08  289.8547 288.6737 285.4028 281.4648 285.1663 282.9311 280.1292 278.0413 277.4938 274.7432 271.8081 271.5352 269.2342 266.4370 264.7506 265.9825  236.226
1961 1.0095084E-08 9.9812789E-09 1.1157981E-08 1.4454931E-08 1.2043463E-08 1.2073607E-08 1.3508852E-08 1.4251565E-08 1.9364487E-08 1.8025746E-08 1.6778449E-08 1.3485478E-08 2.5568246E-08 2.1748765E-08 1.9383309E-08 1.6928979E-08  289.7192 288.3984 285.1971 281.4425 284.9809 282.8308 280.3396 278.6310 277.2990 274.7659 272.2610 272.3768 268.9726 266.5225 265.0204 266.3594  146.935
1962 7.0126593E-09 6.8647807E-09 8.0582154E-09 1.0255219E-08 1.0267080E-08 9.9012247E-09 1.0517266E-08 1.0673556E-08 2.0060700E-08 1.7521035E-08 1.4887943E-08 1.1292171E-08 2.6635226E-08 2.2056843E-08 1.8711953E-08 1.6312132E-08  289.6038 288.1975 284.9733 281.3525 285.0374 282.7776 280.3257 278.7643 277.6674 275.0505 272.4963 272.6546 269.5921 266.9842 265.2777 266.6100  253.645
1963 8.9260181E-09 1.0308481E-08 1.2044325E-08 1.4656742E-08 1.1970631E-08 1.2877321E-08 1.4410411E-08 1.4197505E-08 1.8665057E-08 1.6878570E-08 1.5986439E-08 1.3691245E-08 2.4011776E-08 2.0345876E-08 1.8236154E-08 1.6854834E-08  289.9967 287.9039 284.3221 280.1509 284.6179 282.2228 279.3437 277.2660 277.0874 274.3312 271.5188 271.3578 269.0938 266.5349 264.7974 265.9846  326.323
1964 7.8851734E-09 7.5818827E-09 7.9213853E-09 9.3418002E-09 1.2916190E-08 1.0025802E-08 9.5765937E-09 9.6058299E-09 2.2067184E-08 1.8129057E-08 1.3504404E-08 9.6658166E-09 2.6907609E-08 2.3325498E-08 1.9211843E-08 1.5001110E-08  289.3637 288.9678 285.8995 281.9526 285.2709 283.3791 280.9163 279.1570 277.7666 275.3322 272.8571 272.9347 269.2811 266.6769 265.1846 267.0734  295.161
1965 1.0044544E-08 9.6787494E-09 8.9007228E-09 1.1364395E-08 1.4574177E-08 1.3386259E-08 1.2801721E-08 1.2368762E-08 2.3548218E-08 1.9152596E-08 1.6438932E-08 1.3025916E-08 2.8840759E-08 2.3027560E-08 1.9397939E-08 1.6522314E-08  289.9144 288.3596 284.9565 280.8665 284.7680 282.5572 279.9587 278.0077 277.2532 274.6143 271.8077 271.6752 269.5646 266.8973 264.9022 266.0428  161.387
1966 5.6089227E-09 6.8351356E-09 8.0416083E-09 1.0237919E-08 8.1379703E-09 8.6528242E-09 9.8792894E-09 1.0356396E-08 1.5844998E-08 1.5404483E-08 1.3768453E-08 1.0732341E-08 2.2592980E-08 2.0293417E-08 1.7873706E-08 1.5295322E-08  289.6675 288.4855 285.0974 281.0298 285.2797 283.0187 280.3039 278.3463 277.9138 275.1854 272.2959 272.2053 269.9407 267.0939 265.2227 266.4910  222.484
1967 1.1147241E-08 9.9752171E-09 1.1014626E-08 1.3956435E-08 1.3942914E-08 1.2925487E-08 1.3602681E-08 1.3962047E-08 2.2063437E-08 1.8978941E-08 1.7258717E-08 1.3955694E-08 2.7749035E-08 2.3033992E-08 1.9852413E-08 1.7110644E-08  289.7999 288.3232 284.9231 281.0313 284.8589 282.6331 280.0172 278.1992 277.2225 274.6036 271.9453 271.9942 269.1604 266.2831 264.7784 266.2439  213.677
1968 8.8421634E-09 9.1791170E-09 1.0463545E-08 1.4121420E-08 1.2610301E-08 1.2766021E-08 1.2913437E-08 1.2641283E-08 1.9546608E-08 1.7975115E-08 1.5862803E-08 1.2535248E-08 2.5734774E-08 2.1969569E-08 1.8924052E-08 1.5852937E-08  289.7329 288.1100 284.5997 280.5214 284.6931 282.4474 279.6144 277.5344 277.0049 274.3145 271.4660 271.3769 268.8755 266.1483 264.4749 265.9327  228.613
1969 7.7263653E-09 9.4499324E-09 1.1856551E-08 1.5843995E-08 9.4281862E-09 1.1545537E-08 1.4284551E-08 1.5314374E-08 1.6522481E-08 1.6780662E-08 1.6207295E-08 1.3643697E-08 2.2312330E-08 1.9993170E-08 1.7901561E-08 1.6558126E-08  289.7894 287.5878 284.0935 280.1656 284.2429 281.8299 279.0741 277.1622 276.3774 273.5594 270.9464 270.9776 267.9573 265.5112 264.2007 265.5237  231.29
1970 6.6255721E-09 6.0032366E-09 8.2364791E-09 1.1240404E-08 1.0901276E-08 1.1545296E-08 1.3082906E-08 1.3159532E-08 2.1090598E-08 2.0245961E-08 1.8709972E-08 1.4800420E-08 2.7096933E-08 2.4431698E-08 2.1854348E-08 1.8732507E-08  289.5811 288.5072 285.2718 281.6375 284.8024 282.7971 280.2772 278.7853 277.1965 274.6413 272.1042 272.2759 269.2451 266.6905 265.1301 266.4476  252.29
1971 5.2797149E-09 6.3361520E-09 7.9119777E-09 1.0940950E-08 8.5825489E-09 9.3086365E-09 1.0252166E-08 1.1355192E-08 1.5587146E-08 1.5079880E-08 1.3636544E-08 1.1293737E-08 2.1276051E-08 1.8755424E-08 1.7165195E-08 1.5166732E-08  289.5713 288.4996 285.1099 281.0977 285.0854 282.8079 280.1646 278.3173 277.3950 274.6455 272.0065 272.0842 269.3538 266.6174 264.8838 266.2860  2146.87
1972 9.2101562E-09 8.8327372E-09 9.5723598E-09 1.4283138E-08 1.7010574E-08 1.4870717E-08 1.5298470E-08 1.5467030E-08 2.3866958E-08 2.0899520E-08 1.8006080E-08 1.3984390E-08 2.6554524E-08 2.2536611E-08 1.9885105E-08 1.7177744E-08  289.9531 287.8917 284.2758 280.0836 284.6486 282.2284 279.4763 277.4334 277.0867 274.3426 271.4564 271.3511 269.1733 266.4226 264.6736 265.8054  4731.84
1973 4.4615835E-09 4.4834132E-09 4.9852025E-09 7.0983410E-09 5.6077822E-09 5.9958758E-09 7.2552568E-09 8.1214075E-09 1.0827017E-08 1.1074468E-08 1.0692667E-08 8.8809688E-09 1.5751212E-08 1.5661559E-08 1.4817186E-08 1.4332100E-08  289.3583 288.6431 285.6118 281.9729 285.1898 283.0812 280.6581 278.9966 277.7825 274.9270 272.2393 272.3989 269.3529 266.4185 264.6115 266.1925  179.935
1974 9.5233963E-09 9.6532373E-09 1.0907717E-08 1.3106216E-08 1.2575012E-08 1.3409082E-08 1.4205658E-08 1.3858732E-08 1.8862401E-08 1.9880051E-08 1.7638131E-08 1.3060595E-08 2.4445020E-08 2.2819444E-08 2.0457120E-08 1.7607128E-08  289.6712 287.9558 284.5455 280.8011 284.5393 282.1899 279.7057 278.1721 276.8155 273.9986 271.3965 271.8459 268.7481 265.9451 264.5250 266.0431  529.774
1975 6.8898554E-09 6.2585466E-09 7.6306046E-09 1.0820586E-08 8.8882617E-09 8.4246077E-09 9.5170209E-09 1.0594523E-08 1.4803856E-08 1.4470454E-08 1.3151073E-08 9.6573238E-09 2.0217730E-08 1.8994815E-08 1.7126730E-08 1.4780546E-08  289.3799 288.4595 285.1230 281.1620 285.2800 283.1112 280.5240 278.6829 277.9995 275.3990 272.6645 272.7661 269.9736 267.0316 265.4437 266.8621  148.774
1976 9.6329780E-09 8.4444647E-09 8.9683674E-09 1.1288395E-08 1.3834112E-08 1.3527838E-08 1.3741784E-08 1.2770283E-08 2.2789976E-08 2.1180398E-08 1.8049208E-08 1.2186972E-08 2.8081644E-08 2.4110294E-08 2.0232338E-08 1.6849606E-08  289.6882 287.4732 283.8583 280.0435 284.0321 281.6256 278.8102 277.2484 276.1429 273.1641 270.6104 271.2293 268.0736 265.5497 264.0876 265.6513  188.774
1977 6.5175603E-09 8.8510035E-09 1.1182007E-08 1.3227891E-08 8.0338989E-09 9.6647597E-09 1.1157708E-08 1.1910354E-08 1.3835918E-08 1.4274432E-08 1.3336370E-08 1.1853254E-08 2.0328844E-08 1.9043471E-08 1.7510770E-08 1.5963414E-08  289.7310 288.1716 284.6845 280.8252 285.0859 282.7783 279.9901 278.1579 277.5691 274.8724 272.0168 272.0395 269.2963 266.6277 264.7414 266.1809  232.419
1978 5.0475628E-09 4.7128137E-09 5.7472120E-09 1.0885132E-08 8.4521057E-09 6.9391786E-09 7.6929565E-09 9.4145243E-09 1.4470899E-08 1.3521242E-08 1.2027221E-08 1.0791916E-08 2.2476184E-08 1.9928130E-08 1.8148345E-08 1.5794946E-08  289.7017 288.1807 284.7254 280.8471 284.7896 282.5667 279.8038 277.7872 277.0620 274.3661 271.6795 271.6564 269.1490 266.3857 264.5807 265.9341  187.29
1979 5.9307323E-09 7.0545370E-09 9.7058832E-09 1.4310124E-08 8.8454826E-09 9.6475228E-09 1.1311067E-08 1.2243193E-08 1.7545483E-08 1.6099881E-08 1.4167481E-08 1.0911823E-08 2.4992422E-08 2.1098209E-08 1.7935310E-08 1.5063847E-08  289.8254 288.3090 284.8033 280.8355 284.9672 282.6988 280.0553 278.2062 277.3511 274.6880 271.9187 272.0024 269.1896 266.7149 265.0259 266.4036  200.452
1980 6.5638806E-09 7.5811979E-09 9.2682804E-09 1.2344644E-08 8.6503684E-09 1.0216770E-08 1.1947970E-08 1.2942600E-08 1.5041856E-08 1.4902414E-08 1.4044419E-08 1.1830334E-08 2.1320504E-08 1.9152068E-08 1.7368480E-08 1.5361980E-08  289.9706 288.4024 285.1043 281.1570 284.6812 282.5363 279.9070 278.1292 276.9454 274.3029 271.5672 271.7193 269.0424 266.2849 264.6175 266.2279  311.032
1981 5.1220974E-09 4.5257273E-09 5.7178786E-09 8.4966487E-09 9.2002139E-09 9.7735438E-09 1.0573885E-08 1.0927933E-08 1.8480442E-08 1.7330629E-08 1.5324334E-08 1.1166753E-08 2.5432058E-08 2.2322883E-08 2.0076181E-08 1.7606352E-08  289.8315 288.9417 285.6176 281.7596 285.2681 283.1275 280.6629 279.0457 277.5968 274.8026 272.2126 272.5613 269.4594 266.6382 264.9447 266.6279  353.581
1982 9.7314139E-09 1.0506255E-08 1.1731792E-08 1.4361337E-08 1.6861319E-08 1.6333507E-08 1.6959515E-08 1.5842650E-08 2.8833110E-08 2.4146424E-08 2.0389416E-08 1.4439200E-08 3.4748183E-08 2.6841690E-08 2.2068678E-08 1.8026675E-08  289.8896 287.8990 284.4478 280.4330 284.6417 282.2355 279.7365 277.9583 277.1949 274.5799 271.8359 272.1920 269.4165 267.0464 265.5047 266.9068  205.581
1983 4.1771249E-09 3.5024319E-09 6.6994703E-09 1.1029899E-08 5.1044817E-09 5.9826197E-09 8.7834620E-09 1.0832757E-08 1.1165594E-08 1.1750523E-08 1.1355359E-08 9.8111403E-09 1.8858650E-08 1.8027054E-08 1.6380882E-08 1.4623462E-08  290.1568 288.6058 285.0586 281.0974 285.2824 282.8895 280.0587 278.3092 277.5406 274.6151 271.7545 272.0311 269.2299 266.6128 264.8591 266.2236  4831.68
1984 7.2861424E-09 7.7630311E-09 9.2050136E-09 1.1338411E-08 1.1167530E-08 1.1469600E-08 1.3144572E-08 1.4055463E-08 1.7353807E-08 1.7353521E-08 1.6963220E-08 1.4587894E-08 2.3588097E-08 2.1792774E-08 2.0097916E-08 1.8786702E-08  290.0573 288.4281 285.1883 281.5151 284.9456 282.6296 280.2218 278.6045 277.2635 274.4621 271.8681 272.0916 269.4539 266.6330 264.9756 266.1592  1206.45
1985 6.0337002E-09 6.6421775E-09 7.4224427E-09 1.1028296E-08 7.7141893E-09 9.1214245E-09 1.1306869E-08 1.2231880E-08 1.3959563E-08 1.5728562E-08 1.5709857E-08 1.2796253E-08 1.8533026E-08 1.8553411E-08 1.7864014E-08 1.6799669E-08  289.9485 288.2755 284.8962 280.8874 284.6945 282.4026 279.7249 277.7766 276.5753 273.7939 271.1407 271.2159 268.1212 265.5221 264.0901 265.4901  534.613
1986 9.7331032E-09 1.1105175E-08 1.4678609E-08 1.8087761E-08 1.2395388E-08 1.2739152E-08 1.4493500E-08 1.4741282E-08 1.8414644E-08 1.5549185E-08 1.4200803E-08 1.1618926E-08 2.4334385E-08 1.9128716E-08 1.7035079E-08 1.5143890E-08  290.0622 288.6809 285.0878 280.7405 285.4435 283.2086 280.4164 278.3137 278.2480 275.7296 272.6656 272.4153 270.8228 268.2271 266.0020 267.1536  509.032
1987 2.4352860E-09 3.2948602E-09 6.4426500E-09 1.1169577E-08 4.2513131E-09 5.5940435E-09 8.6686258E-09 1.1502209E-08 1.0774253E-08 1.1624418E-08 1.2151436E-08 1.1219326E-08 1.7563289E-08 1.6277692E-08 1.5456754E-08 1.5108522E-08  290.3564 288.3794 284.5272 280.0240 284.9391 282.4551 279.3054 276.8083 276.8936 273.9016 271.0099 270.7615 268.5415 265.7794 264.0349 265.2893  241.839
1988 5.0134554E-09 5.1617057E-09 6.4199117E-09 9.0697148E-09 7.9025515E-09 9.5212496E-09 1.0395783E-08 1.0936108E-08 1.3367138E-08 1.5133091E-08 1.4067502E-08 1.1717534E-08 1.9444862E-08 1.9525807E-08 1.8683361E-08 1.6388066E-08  289.7820 289.2498 286.2245 282.6688 285.9035 283.8468 281.3907 279.8340 278.6349 276.0535 273.3699 273.5472 270.7296 268.0301 265.9548 267.5352  307.935
1989 7.7860571E-09 7.7519564E-09 9.7230481E-09 1.3119990E-08 1.1657447E-08 1.1980721E-08 1.3168838E-08 1.4824334E-08 1.8245480E-08 1.8014614E-08 1.7642051E-08 1.5828620E-08 2.3792740E-08 2.2374476E-08 2.0404187E-08 1.8450567E-08  289.9955 287.9287 284.6024 280.8862 284.5543 282.2159 279.6486 277.9561 276.8075 274.0229 271.4186 271.7116 268.6965 266.0205 264.5911 266.0391  183.419
1990 1.0855844E-08 1.2003545E-08 1.5343835E-08 2.1048972E-08 1.2436522E-08 1.3835976E-08 1.5414034E-08 1.6514605E-08 1.6164671E-08 1.6635880E-08 1.6098587E-08 1.4262322E-08 1.8985912E-08 1.9052845E-08 1.8396532E-08 1.7494528E-08  290.2346 288.1433 284.8967 280.9975 285.0708 282.6030 280.0672 278.1082 277.6562 274.8723 272.0409 271.8199 269.6810 266.9811 265.0936 266.0466  239.258
1991 8.7552552E-09 9.2672003E-09 1.0201324E-08 1.2260351E-08 1.2356463E-08 1.2675584E-08 1.4071127E-08 1.4418370E-08 1.9130850E-08 1.8470773E-08 1.7601932E-08 1.4633605E-08 2.3984366E-08 2.1452360E-08 1.9824283E-08 1.7467213E-08  290.0894 288.0883 284.5339 280.5066 284.6825 282.3423 279.5724 277.5343 276.8609 274.1547 271.4368 271.4495 268.8099 265.8689 264.3286 265.9840  193.839
1992 1.1168263E-08 1.2431301E-08 1.3291079E-08 1.6555452E-08 1.7282057E-08 1.5868473E-08 1.6105705E-08 1.6048006E-08 2.5643716E-08 2.0920851E-08 1.8263098E-08 1.4666873E-08 2.9069607E-08 2.3493081E-08 1.9851955E-08 1.6647217E-08  290.3943 287.9830 284.4412 280.3329 284.7030 282.3259 279.7552 277.7218 277.2097 274.5509 271.8611 271.6601 269.0464 266.5930 264.9925 266.0929  235.484
1993 1.0710218E-08 1.2975035E-08 1.9470310E-08 2.6033613E-08 1.3667359E-08 1.5397852E-08 1.8872386E-08 2.0712420E-08 1.9116200E-08 1.8897305E-08 1.8144268E-08 1.6979019E-08 2.0068242E-08 1.8455788E-08 1.7046997E-08 1.6605714E-08  290.3030 287.7245 284.1931 280.1484 284.6252 282.1805 279.4034 277.1498 277.3299 274.5190 271.4476 270.8988 269.6288 267.0369 264.8731 265.5393  360.806
1994 9.3300478E-09 9.1428873E-09 1.1134491E-08 1.6318564E-08 1.1452959E-08 1.1209207E-08 1.3325740E-08 1.4848125E-08 1.7813923E-08 1.6075594E-08 1.5266622E-08 1.3982624E-08 2.0819295E-08 1.8515967E-08 1.7110450E-08 1.6143034E-08  290.1127 288.1718 284.4707 280.2769 285.0581 282.6495 279.8051 277.6384 277.5703 274.8444 271.8702 271.6319 269.4255 266.8750 264.9598 266.0703  266.968
1995 8.1169080E-09 7.2732700E-09 7.1637154E-09 1.0008903E-08 8.8793861E-09 9.3769765E-09 1.0061533E-08 1.1045531E-08 1.2249137E-08 1.2917734E-08 1.3015248E-08 1.1674772E-08 1.5128789E-08 1.5728759E-08 1.5810503E-08 1.5050398E-08  290.1146 289.2747 286.0481 281.8185 285.8923 283.6334 280.8933 278.7387 278.5027 275.6699 272.5540 272.2310 270.3587 267.1622 265.1682 266.4323  200.065
1996 6.2662391E-09 6.2164824E-09 6.9662067E-09 1.0644859E-08 1.0005954E-08 9.6953396E-09 1.0756925E-08 1.1630690E-08 1.7048812E-08 1.5772372E-08 1.4625015E-08 1.2105791E-08 2.2395939E-08 1.9798884E-08 1.8566304E-08 1.6602549E-08  290.0300 288.9170 285.5464 281.5503 285.3677 283.2148 280.5393 278.6590 277.7833 275.1985 272.3951 272.4041 269.7651 267.2601 265.1785 266.4389  198.387
1997 1.2679727E-08 1.2758571E-08 1.4024319E-08 1.6619449E-08 2.3733858E-08 2.1257824E-08 2.0470685E-08 1.7634306E-08 4.1386002E-08 3.1250014E-08 2.4325336E-08 1.6060588E-08 4.5709449E-08 3.3137717E-08 2.5726003E-08 1.9852420E-08  290.6891 287.8484 284.1425 280.0438 284.5847 282.0346 279.5639 277.8491 277.3049 274.7959 272.0862 272.3685 270.3439 268.1459 266.4429 267.4711  184.935
1998 4.5932289E-09 4.2583252E-09 5.5170699E-09 8.9049612E-09 7.3918276E-09 6.9762316E-09 8.7857757E-09 1.1082920E-08 1.6712972E-08 1.4851486E-08 1.3624879E-08 1.0803125E-08 2.2751964E-08 2.0357115E-08 1.7874832E-08 1.5321477E-08  290.0942 289.0890 286.0760 282.5726 285.3119 283.4606 281.1378 279.5555 277.7064 275.3223 273.0181 273.2994 269.5703 267.1895 265.7477 267.3704  210.645
1999 3.5342107E-09 5.0012270E-09 6.3588739E-09 8.4682101E-09 4.8539932E-09 5.7014002E-09 7.2174284E-09 8.9712566E-09 1.0873442E-08 1.0940608E-08 1.0305813E-08 8.6534451E-09 1.8738941E-08 1.7920826E-08 1.6435992E-08 1.4503366E-08  289.7250 289.2198 286.2241 282.7568 285.8457 283.9141 281.4402 279.9539 278.5205 276.0880 273.5223 273.7369 270.6352 267.8715 266.0807 267.6241  204.452
2000 9.0241254E-09 8.4606286E-09 1.0018697E-08 1.4009311E-08 1.4293017E-08 1.3743481E-08 1.3391054E-08 1.4004023E-08 2.1101178E-08 1.9966006E-08 1.7565000E-08 1.3500115E-08 2.4370276E-08 2.2791482E-08 2.0580694E-08 1.7281687E-08  290.1251 288.5127 285.3345 281.5552 285.0519 282.8392 280.3764 278.6100 277.5863 274.8091 272.0251 272.0274 269.6126 266.6406 264.8109 266.2677  546.452
2001 8.1167411E-09 1.0312898E-08 1.5014770E-08 1.9264021E-08 9.8505479E-09 1.1916827E-08 1.4921152E-08 1.6147023E-08 1.5106767E-08 1.6270629E-08 1.6631489E-08 1.4701445E-08 1.8789793E-08 1.8748180E-08 1.8410871E-08 1.8002124E-08  290.0838 288.2059 284.7438 280.7907 284.9881 282.7460 280.0641 278.1504 277.6268 274.8604 272.1085 271.9913 269.9314 267.0161 264.9742 266.1342  156
2002 8.0064702E-09 9.6938093E-09 1.1088683E-08 1.3347961E-08 9.2439185E-09 1.0314112E-08 1.1796770E-08 1.2236106E-08 1.4550278E-08 1.3973404E-08 1.2708314E-08 1.0808161E-08 2.0862540E-08 1.9123004E-08 1.7565165E-08 1.6201612E-08  290.1174 288.2540 284.8708 280.8777 285.0658 282.8107 280.1400 278.2534 277.5531 274.9363 272.1643 272.1898 269.3201 266.6133 265.0385 266.4742  158.903
2003 5.5630403E-09 4.9577569E-09 7.3771722E-09 1.2693672E-08 8.2187279E-09 7.6140072E-09 9.5838200E-09 1.2963309E-08 1.5098104E-08 1.3984117E-08 1.3356276E-08 1.2657871E-08 2.0069459E-08 1.9185638E-08 1.7516038E-08 1.6291940E-08  289.7273 288.3456 285.0469 281.0706 284.8531 282.7225 280.0932 278.0712 277.1319 274.6257 272.0070 271.7769 268.8769 266.1172 264.5846 266.0651  173.161
2004 1.1076408E-08 1.1211237E-08 1.3177195E-08 1.6791091E-08 1.3010501E-08 1.2844298E-08 1.4095092E-08 1.5811827E-08 2.0957678E-08 1.8812827E-08 1.7530178E-08 1.4205341E-08 2.6354758E-08 2.1661069E-08 1.9091747E-08 1.6600460E-08  290.1731 288.4264 285.0304 281.0254 285.0596 282.7933 280.1531 278.2264 277.4661 274.9107 272.2172 272.1229 269.4711 266.9068 265.2814 266.5418  166.935
2005 1.1415369E-08 1.2688381E-08 1.3883753E-08 1.7059527E-08 1.3036393E-08 1.5143213E-08 1.7314679E-08 1.7380135E-08 1.8680682E-08 1.9632637E-08 1.8103057E-08 1.5560335E-08 2.2765704E-08 2.0997245E-08 1.9134362E-08 1.7611455E-08  290.1446 288.5145 285.4381 281.8130 284.9825 282.8415 280.5381 278.9898 277.1309 274.6515 272.3817 272.6552 268.6203 266.3152 265.0558 266.4876  168.677
2006 6.4203003E-09 6.9499011E-09 9.6991313E-09 1.4261719E-08 8.4189340E-09 1.0016565E-08 1.2165622E-08 1.2831555E-08 1.4909252E-08 1.4919005E-08 1.5340895E-08 1.2687496E-08 2.3360405E-08 1.9898833E-08 1.8634640E-08 1.6758314E-08  290.1055 288.5964 285.2858 281.4373 285.3329 283.0623 280.4188 278.5111 277.7580 275.0785 272.3238 272.1884 269.6447 266.9968 265.1515 266.4031  329.097
2007 7.1639952E-09 7.9004483E-09 1.0185092E-08 1.3273581E-08 9.6885078E-09 1.0609853E-08 1.2499909E-08 1.3918044E-08 1.8449358E-08 1.8625508E-08 1.7260041E-08 1.4054168E-08 2.4813053E-08 2.2488775E-08 1.9443407E-08 1.6832573E-08  289.6984 288.5983 285.5770 281.9190 284.8617 282.8886 280.4933 278.6743 277.1161 274.6802 272.3244 272.3924 269.0440 266.4977 264.8685 266.3740  167.613
2008 5.0153037E-09 4.3794688E-09 5.0278501E-09 7.8126927E-09 7.2578015E-09 7.7261886E-09 9.0790708E-09 9.8908561E-09 1.3741190E-08 1.4226544E-08 1.3144374E-08 1.0809638E-08 2.0166414E-08 1.9011344E-08 1.7938941E-08 1.5784691E-08  289.6918 288.7354 285.4603 281.6827 285.0978 282.9969 280.3335 278.5900 277.2426 274.6043 272.0656 272.1712 269.1820 266.3764 264.6522 266.2165  296.871
2009 8.3136067E-09 8.5931173E-09 1.1171366E-08 1.5136772E-08 8.8060004E-09 9.7229318E-09 1.1547733E-08 1.2592159E-08 1.3985069E-08 1.4150118E-08 1.3555598E-08 1.2021176E-08 1.9682098E-08 1.8041041E-08 1.6726462E-08 1.5669606E-08  290.2881 288.4927 284.8836 280.7039 285.4561 283.1621 280.2684 278.1581 278.1108 275.3496 272.4606 272.3323 269.7903 267.2921 265.6099 266.7674  124.806
2010 6.4570380E-09 7.1553687E-09 8.9894794E-09 1.1959128E-08 8.6183061E-09 9.5371391E-09 1.0887087E-08 1.2961066E-08 1.3940365E-08 1.4028937E-08 1.3014398E-08 1.1980925E-08 1.6961021E-08 1.6692223E-08 1.6097751E-08 1.4972557E-08  289.4795 289.0852 286.1870 282.6781 285.7172 283.8540 281.3664 279.8339 278.4781 276.1579 273.5959 273.5685 270.7764 268.0458 266.0931 267.5546  178.839
2011 4.3580126E-09 4.5631827E-09 6.2916556E-09 9.5587813E-09 6.8173800E-09 8.0593354E-09 9.0826955E-09 1.0379043E-08 1.2750469E-08 1.3807959E-08 1.3113763E-08 1.0884521E-08 1.9147180E-08 1.9072148E-08 1.7522559E-08 1.5639220E-08  289.6119 288.6688 285.5662 282.0077 285.3076 283.2310 280.7039 279.0191 277.7133 275.1648 272.5196 272.5724 269.1777 266.5673 264.8640 266.5200  176.806
2012 5.3297029E-09 6.6809021E-09 8.3850669E-09 1.1334747E-08 6.3468661E-09 7.1368316E-09 9.2191206E-09 1.0559058E-08 1.1118015E-08 1.2064696E-08 1.1908262E-08 1.0468229E-08 1.7349358E-08 1.7199058E-08 1.5403621E-08 1.4232819E-08  290.0072 288.2768 285.0695 281.5461 284.9690 282.6897 280.1221 278.6181 277.2430 274.4701 271.9343 272.2284 269.0520 266.2782 264.5684 266.0683  115.387
2013 5.6578391E-09 6.8883508E-09 8.7893621E-09 1.2422847E-08 6.6789330E-09 8.7401055E-09 1.1683775E-08 1.3215098E-08 1.3725437E-08 1.4636047E-08 1.5052793E-08 1.3053807E-08 2.1891280E-08 2.0850093E-08 1.8953061E-08 1.7358770E-08  289.8732 288.2098 284.6528 280.7940 284.9783 282.5923 279.6596 277.6756 277.3719 274.4721 271.4432 271.5162 269.2814 266.6842 264.8552 266.1811  224.645
2014 7.6920603E-09 7.2509114E-09 9.0085228E-09 1.2744020E-08 9.2577359E-09 8.9219077E-09 1.0531398E-08 1.1397447E-08 1.5470551E-08 1.4088312E-08 1.2824882E-08 1.1132918E-08 2.1424334E-08 1.8732489E-08 1.6810294E-08 1.5554793E-08  290.3142 288.5554 285.0659 281.0201 285.3477 283.0574 280.3010 278.3491 278.0236 275.1985 272.2870 272.2625 270.1809 267.2901 265.3748 266.5478  450.452
2015 1.4379227E-08 1.4389419E-08 1.6371553E-08 1.9390505E-08 2.4111825E-08 2.3034467E-08 2.4052033E-08 2.0944476E-08 3.9757921E-08 3.0735549E-08 2.5670490E-08 1.7518438E-08 4.2601659E-08 3.0258757E-08 2.4129266E-08 1.9743924E-08  290.7505 287.0735 283.2239 279.3486 283.9911 281.2798 278.7181 277.1311 276.4991 273.7711 271.2132 271.5857 269.3103 267.1283 265.5899 266.4972  350.71
