STN,prec_1,prec_2,prec_3,prec_4,prec_5,prec_6,prec_7,prec_8,prec_9,prec_10,prec_11,prec_12,prec_13,prec_14,prec_15,prec_16,st_1,st_2,st_3,st_4,st_5,st_6,st_7,st_8,st_9,st_10,st_11,st_12,st_13,st_14,st_15,st_16,04.0
LAT,29.30136,29.30136,29.30136,29.30136,32.09194,32.09194,32.09194,32.09194,34.88252,34.88252,34.88252,34.88252,37.67308,37.67308,37.67308,37.67308,29.30136,29.30136,29.30136,29.30136,32.09194,32.09194,32.09194,32.09194,34.88252,34.88252,34.88252,34.88252,37.67308,37.67308,37.67308,37.67308,33.6194949
LON,-115.3125,-112.5000,-109.6875,-106.8750,-115.3125,-112.5000,-109.6875,-106.8750,-115.3125,-112.5000,-109.6875,-106.8750,-115.3125,-112.5000,-109.6875,-106.8750,-115.3125,-112.5000,-109.6875,-106.8750,-115.3125,-112.5000,-109.6875,-106.8750,-115.3125,-112.5000,-109.6875,-106.8750,-115.3125,-112.5000,-109.6875,-106.8750,-110.9215037
1958 1.0590744E-09 7.9522904E-09 5.0152003E-08 4.9974130E-08 2.4664564E-09 1.0750990E-08 3.4247879E-08 3.2798077E-08 3.9003578E-09 1.4637449E-08 3.4797530E-08 3.9273115E-08 9.0311527E-09 2.2624457E-08 3.1789313E-08 2.8787072E-08  294.7678 306.4034 300.5724 296.8426 307.0431 306.3174 301.1173 299.1678 304.4277 302.2834 297.9316 297.1441 300.2631 297.3239 294.0314 294.1780  3914.67
1959 7.4925305E-10 9.5359853E-09 5.7160964E-08 5.4657811E-08 1.6894589E-09 1.0326976E-08 3.9001065E-08 3.6058115E-08 3.7444767E-09 1.4779641E-08 3.6529389E-08 4.2530242E-08 1.0023526E-08 2.0829793E-08 3.1994944E-08 2.7535105E-08  294.6781 306.4189 300.6209 296.7025 307.2806 306.3541 301.0161 299.1890 304.5976 302.2057 297.8579 296.7943 300.5183 297.4077 293.9945 294.1191  240.5
1960 9.0456276E-10 9.2370307E-09 5.3067133E-08 4.6560306E-08 2.5607612E-09 1.3035063E-08 3.8875847E-08 3.3816885E-08 4.1548120E-09 1.6827855E-08 3.7000493E-08 3.9102797E-08 1.2414840E-08 2.3954104E-08 3.3900971E-08 2.7529405E-08  294.7238 306.6082 300.8846 297.1563 307.6945 306.3652 300.9405 299.2660 304.7354 302.0821 297.8572 297.0917 300.2574 296.9168 293.5831 294.0427  1643.77
1961 8.1271939E-10 1.0933641E-08 5.9301161E-08 5.4239202E-08 3.0345879E-09 1.4947739E-08 4.3822862E-08 3.8494271E-08 4.4858655E-09 1.7292091E-08 3.8393093E-08 4.3490758E-08 1.1293063E-08 2.3004784E-08 3.3919648E-08 2.8510497E-08  294.7464 306.4847 300.4250 296.6911 307.3848 305.9722 300.4438 298.8334 304.3230 301.7889 297.5280 296.6825 300.0310 297.0393 293.7662 293.9699  539.7
1962 1.2872641E-09 9.2163672E-09 4.6434536E-08 5.0502798E-08 3.1330918E-09 1.2991666E-08 3.5234383E-08 3.5277271E-08 3.9446442E-09 1.4777296E-08 3.3088583E-08 3.7514500E-08 8.2732239E-09 2.0426242E-08 3.0196809E-08 2.6010186E-08  294.5285 306.1777 300.8821 296.9229 306.7294 305.9335 301.0322 299.1630 304.1642 302.0793 298.0480 297.0845 300.3091 297.4165 294.1140 294.1033  3999
1963 6.8342298E-10 7.6569577E-09 4.5921620E-08 5.1265012E-08 2.7409071E-09 1.2192489E-08 3.3588414E-08 3.7766135E-08 4.6704609E-09 1.4060094E-08 2.9114394E-08 4.1071115E-08 1.2330931E-08 2.0544558E-08 2.9471739E-08 2.6287200E-08  294.7106 306.6276 301.1285 297.2246 307.4019 306.5366 301.2938 299.1650 304.5660 302.4072 298.2808 296.8661 300.0114 297.2797 294.0535 293.9452  900
1964 1.1851583E-09 1.1553076E-08 4.6528150E-08 5.2075304E-08 3.8059529E-09 1.3943549E-08 3.1913185E-08 3.3200717E-08 4.3832116E-09 1.6196786E-08 3.3813372E-08 3.7507796E-08 1.0050071E-08 2.1539822E-08 3.1155338E-08 2.7550113E-08  294.7448 306.3051 301.1077 297.2334 307.1223 306.2576 301.5372 299.6811 304.5173 302.3275 298.3008 297.4738 300.4926 297.4700 294.2643 294.3500  955.667
1965 7.0129447E-10 8.7191205E-09 4.5227448E-08 4.8094890E-08 2.7342306E-09 1.0012505E-08 3.2490597E-08 3.2670965E-08 3.0923692E-09 1.4524470E-08 3.2064136E-08 3.7298690E-08 8.1021723E-09 2.0304368E-08 2.9993494E-08 2.6813272E-08  294.8640 306.5384 301.2498 297.2023 307.1231 306.4426 301.2852 299.4069 304.4988 302.2228 298.2607 297.0968 300.3411 297.3375 294.2474 294.2145  3380.67
1966 1.0067988E-09 8.4296383E-09 5.1135519E-08 5.5340660E-08 1.7539075E-09 9.5378017E-09 3.7379397E-08 3.9361144E-08 3.6096091E-09 1.5257713E-08 3.8317399E-08 4.2600664E-08 1.0617998E-08 2.2720355E-08 3.1221418E-08 2.7956577E-08  294.4840 306.1814 299.9847 296.0213 306.8932 305.8040 300.0869 298.0835 304.0540 301.7397 297.2934 296.1173 299.8221 296.8649 293.5392 293.4196  2498.33
1967 9.9646347E-10 6.9520025E-09 4.4268852E-08 5.1213416E-08 3.1409164E-09 1.0199456E-08 3.3667078E-08 3.7573013E-08 4.0854191E-09 1.3876410E-08 3.1515192E-08 3.9518472E-08 1.0509575E-08 2.0924118E-08 3.0973517E-08 2.6400443E-08  294.6073 306.6812 300.9160 296.7214 307.0525 306.3641 301.0740 298.8974 304.2376 302.1219 298.0627 296.8146 299.9727 297.1447 293.8942 293.8691  305.333
1968 9.3350749E-10 5.1660214E-09 2.8870312E-08 4.5374602E-08 1.6851717E-09 6.4415837E-09 2.3108417E-08 3.4002394E-08 2.9341563E-09 9.6581481E-09 2.4859116E-08 3.7331471E-08 7.6190538E-09 1.6551100E-08 2.5271438E-08 2.3658927E-08  294.6747 306.8695 301.7560 297.3454 306.9855 306.9557 302.0646 299.4401 304.7123 303.0192 299.0444 297.3271 300.4322 297.8486 294.7217 294.4000  2798.67
1969 7.2609707E-10 6.1982872E-09 4.0841119E-08 4.9260688E-08 1.8482592E-09 8.0282385E-09 3.1637480E-08 3.3695045E-08 2.7512661E-09 1.0575868E-08 2.7169603E-08 3.4866556E-08 6.2051542E-09 1.4664959E-08 2.6477892E-08 2.4275382E-08  294.6144 307.2393 301.8712 297.6505 307.4083 307.1805 302.0045 299.8136 304.8628 303.1712 299.1229 297.8961 301.0200 298.3373 295.1055 294.9023  2395
1970 1.1553966E-09 1.1524895E-08 4.8419995E-08 4.4613831E-08 3.5619334E-09 1.4944746E-08 3.7221479E-08 3.3567837E-08 5.2480984E-09 1.6655493E-08 3.3183863E-08 4.0015479E-08 1.2465800E-08 2.4090397E-08 3.1185856E-08 2.7069069E-08  294.7231 306.3210 301.0513 297.3063 307.2855 306.1082 301.0245 299.4004 304.5589 302.1112 298.0114 297.0043 300.2102 297.0111 294.0187 294.1849  931.367
1971 8.9324897E-10 6.8241293E-09 3.6371517E-08 5.6478868E-08 2.1676547E-09 8.3447187E-09 2.6859444E-08 4.0567347E-08 3.7881476E-09 1.2603826E-08 2.7488667E-08 3.8614228E-08 1.0879747E-08 2.0553539E-08 2.7314703E-08 2.3894021E-08  294.5135 306.4128 300.9290 296.3998 306.5671 306.2970 301.2899 298.6396 304.0255 302.1638 298.2444 296.8083 299.7396 297.0910 294.1166 294.0003  259.467
1972 1.1596832E-09 7.5421358E-09 3.8444949E-08 4.5981029E-08 2.2973516E-09 1.0799303E-08 2.8930476E-08 3.0647630E-08 4.0304644E-09 1.4468063E-08 2.9985262E-08 3.6230755E-08 8.7690912E-09 2.0314687E-08 3.0057922E-08 2.5926671E-08  294.7100 306.4278 301.0916 296.9133 306.7517 306.2523 301.3754 299.5158 304.0889 302.0344 298.2822 297.3280 300.0113 297.1016 293.9441 294.2079  257.433
1973 1.0596332E-09 6.3866077E-09 3.5169737E-08 4.7227662E-08 3.4095022E-09 9.9785469E-09 2.6467145E-08 3.4514223E-08 3.9705799E-09 1.2761585E-08 2.6530088E-08 3.7014335E-08 1.0218301E-08 1.9541357E-08 2.7622141E-08 2.4755181E-08  294.5575 306.4478 301.2934 296.9906 306.3768 306.2253 301.4055 299.2468 303.8746 302.1526 298.4926 297.0646 300.0380 297.3442 294.3051 294.1637  6195.33
1974 9.8959485E-10 6.5775003E-09 3.5429728E-08 3.9559293E-08 3.1487974E-09 1.0051859E-08 2.6366646E-08 3.3420207E-08 3.8157038E-09 1.2772412E-08 2.8984983E-08 3.9235811E-08 1.0336619E-08 1.9988349E-08 2.9483246E-08 2.6480240E-08  294.3454 306.0810 301.0064 296.9774 306.3016 306.0439 301.2085 299.0968 303.8985 302.0128 298.0944 296.6912 299.8194 297.0067 293.7769 293.5763  509.967
1975 1.1003208E-09 6.2954144E-09 3.3525172E-08 4.5528537E-08 2.2163280E-09 8.5168210E-09 2.6743907E-08 3.3298281E-08 3.3396714E-09 1.1286831E-08 2.6115510E-08 3.7742602E-08 7.7888780E-09 1.7615399E-08 2.7426541E-08 2.5848715E-08  294.4236 306.5461 301.4935 297.3959 306.9291 306.6526 301.6789 299.5190 304.5395 302.6927 298.7742 297.3112 300.5718 297.7761 294.5704 294.2433  2968.33
1976 8.6833840E-10 5.8441292E-09 4.3433019E-08 5.0206943E-08 1.9018371E-09 9.7788968E-09 3.4996791E-08 3.7551775E-08 3.5338117E-09 1.4432673E-08 3.1014597E-08 3.9906332E-08 1.1632144E-08 2.1669361E-08 3.0391700E-08 2.6181628E-08  294.5760 306.1107 300.3122 296.2533 306.6502 305.8672 300.5116 298.4506 303.9596 301.8040 297.7723 296.4634 299.5329 296.6687 293.4509 293.6190  1203.7
1977 1.1235826E-09 8.0619547E-09 4.1334474E-08 4.8025946E-08 1.9258302E-09 8.5509519E-09 3.1558269E-08 3.5123676E-08 3.9789736E-09 1.0003403E-08 3.0100392E-08 3.7000859E-08 1.0337843E-08 1.9112539E-08 2.9516283E-08 2.4974041E-08  294.7460 306.4264 300.8139 296.8165 306.7716 306.3270 301.0508 298.8753 303.9765 302.2337 298.1260 296.9410 299.9443 297.1322 293.9520 294.0403  608.067
1978 6.5664818E-10 7.2117805E-09 4.1711633E-08 5.3533462E-08 1.1792057E-09 8.2540170E-09 3.2002276E-08 3.9475836E-08 2.3316826E-09 1.1148906E-08 2.8644358E-08 3.8673548E-08 9.2748857E-09 1.9965796E-08 2.8153064E-08 2.4801180E-08  294.7719 306.3448 300.8428 296.6492 306.6713 306.1743 301.0220 298.9005 304.1804 302.3171 298.3953 297.0676 300.1132 297.3846 294.2846 294.2036  3080.67
1979 6.8782013E-10 6.5768804E-09 3.8234731E-08 5.3932865E-08 2.2630871E-09 8.8339061E-09 3.0027529E-08 3.5913423E-08 3.4928203E-09 1.1373089E-08 2.9212549E-08 3.8127531E-08 1.0348187E-08 1.9591877E-08 2.9111975E-08 2.6019269E-08  294.6602 306.4924 301.0949 296.7388 306.7816 306.6375 301.4326 299.0600 304.3832 302.6138 298.4940 297.0634 300.2032 297.4649 294.2326 293.9751  6281.33
1980 9.2967439E-10 7.2026283E-09 4.2919389E-08 5.4222063E-08 1.8553704E-09 8.9495629E-09 3.2502051E-08 3.4444376E-08 3.1350946E-09 1.3166135E-08 3.0681402E-08 3.9031590E-08 1.0292390E-08 1.9591237E-08 2.7359892E-08 2.4644295E-08  294.8893 306.5631 301.0008 296.6888 306.8100 306.4119 301.2818 299.2250 304.1600 302.2563 298.2772 297.0204 299.9813 297.2052 294.1511 294.0953  3848.33
1981 1.0051686E-09 8.8301579E-09 3.9355985E-08 4.5988717E-08 3.4365535E-09 1.0799408E-08 2.8841571E-08 3.5708432E-08 4.6296376E-09 1.4738156E-08 3.2221340E-08 3.9524071E-08 1.1312115E-08 2.1732863E-08 3.0078610E-08 2.5676577E-08  294.7705 306.4544 301.1542 297.0033 306.8050 306.2438 301.2590 299.1180 304.0937 301.9903 298.1091 296.9030 299.8552 297.0051 293.9686 293.9650  1280.43
1982 8.7548918E-10 5.0511240E-09 3.2604898E-08 4.7765528E-08 1.8094664E-09 7.1199415E-09 2.5785143E-08 3.1712904E-08 3.0700378E-09 1.0514686E-08 2.5261759E-08 3.5668020E-08 7.2913262E-09 1.6982602E-08 2.7055275E-08 2.4798512E-08  294.4817 306.7927 301.8173 297.4630 307.2581 307.1348 302.2193 299.8792 304.8422 303.1679 299.2996 297.8299 300.9619 298.2674 294.8845 294.7136  1945
1983 6.9517297E-10 6.6279315E-09 4.1841847E-08 5.3766687E-08 1.4054020E-09 7.9090432E-09 3.0400269E-08 3.6436568E-08 2.9656944E-09 1.2049179E-08 2.7540320E-08 3.7893848E-08 9.2508072E-09 1.7098184E-08 2.6358066E-08 2.4518025E-08  294.8781 306.7416 301.4816 297.1100 306.8377 306.6270 301.6176 299.1420 304.1527 302.4610 298.6620 297.1318 300.1515 297.6400 294.5668 294.2984  4265.33
1984 1.0428771E-09 8.1511278E-09 4.1215340E-08 4.5869957E-08 4.1374131E-09 1.1234197E-08 3.3359374E-08 3.7767254E-08 5.7760579E-09 1.4876756E-08 3.1510350E-08 3.9184087E-08 1.3921292E-08 2.1887429E-08 2.8441978E-08 2.4185306E-08  294.7852 306.6077 300.9574 296.7271 306.7910 306.0163 300.8052 298.6542 303.7288 301.5929 297.5899 296.5300 299.3342 296.6740 293.6354 293.8312  921.567
1985 7.3047035E-10 4.2941628E-09 3.7712120E-08 5.2574062E-08 1.3607440E-09 6.7358354E-09 2.9652616E-08 3.9157161E-08 3.5410885E-09 1.2109028E-08 3.0065387E-08 3.9413543E-08 1.1429533E-08 2.1402444E-08 2.8208721E-08 2.4244432E-08  294.6640 306.5209 301.0042 296.2682 306.6234 306.3217 301.0698 298.5211 304.0120 302.0890 297.9613 296.5124 299.5811 296.8396 293.7689 293.8082  3361.33
1986 8.9488450E-10 5.5185883E-09 3.5568466E-08 4.9213728E-08 2.2011344E-09 7.1936053E-09 2.9400555E-08 3.8873669E-08 3.4069880E-09 1.2050632E-08 2.8153091E-08 4.1277868E-08 1.0386716E-08 1.8945475E-08 2.6458929E-08 2.5056895E-08  294.8871 306.6902 301.4588 297.0525 306.8927 306.6893 301.5045 298.8108 304.5411 302.6044 298.5238 296.6631 300.3143 297.6902 294.4762 294.0765  1715.27
1987 1.1380020E-09 5.3613762E-09 3.4101525E-08 4.7560665E-08 1.9416939E-09 7.7546414E-09 2.7925246E-08 3.5436056E-08 2.9409357E-09 1.1139863E-08 2.8428911E-08 3.8285354E-08 8.9356131E-09 1.9265919E-08 2.9169698E-08 2.5228310E-08  294.7536 306.6460 301.3395 296.9905 306.9282 306.6579 301.3913 299.0327 304.4804 302.5747 298.5161 296.9896 300.3483 297.5293 294.2289 294.1356  3104
1988 7.9241713E-10 5.3566085E-09 3.3222040E-08 5.5951176E-08 1.5309886E-09 8.6774046E-09 2.6758045E-08 4.1419561E-08 3.2986267E-09 1.3991690E-08 2.7807882E-08 4.1096271E-08 9.2317300E-09 2.1154744E-08 2.9398366E-08 2.6161292E-08  294.6922 306.5576 301.1234 296.3835 306.6274 306.5644 301.2780 298.4288 304.1668 302.2545 298.3058 296.6395 300.0442 297.0986 293.9008 293.7080  1784.97
1989 5.6830457E-10 5.2184874E-09 3.3673629E-08 5.1360505E-08 2.3338851E-09 7.5109829E-09 2.7288847E-08 3.9188993E-08 4.2528638E-09 1.2242645E-08 2.7105218E-08 3.5334164E-08 1.0977489E-08 2.1140407E-08 2.9170646E-08 2.3816659E-08  294.6695 306.5343 300.9946 296.3081 306.5456 306.2920 301.0456 298.3896 303.9187 302.0463 298.0922 296.6849 299.5662 296.7449 293.6729 293.7180  582.833
1990 1.0711355E-09 7.8987741E-09 4.2149331E-08 4.7032437E-08 3.2062895E-09 1.0338093E-08 3.2648806E-08 3.5469501E-08 3.7276662E-09 1.4854115E-08 3.3359122E-08 4.0582353E-08 1.1424915E-08 2.2813385E-08 2.9812416E-08 2.5364569E-08  294.7326 306.7684 301.2390 297.2950 307.3085 306.4840 301.2049 299.1470 304.7113 302.3583 298.2400 296.8717 300.3755 297.4160 294.2162 294.2317  414.5
1991 1.0135456E-09 6.1215144E-09 4.0994902E-08 5.5780053E-08 1.8328826E-09 9.5407149E-09 3.3504175E-08 4.2118128E-08 3.1681788E-09 1.2892427E-08 3.2355779E-08 4.0367976E-08 9.0358938E-09 1.9505638E-08 2.8835274E-08 2.5785742E-08  294.7627 306.7029 301.0063 296.5917 307.0550 306.6047 301.2418 298.7025 304.3454 302.5533 298.3590 296.9000 300.1786 297.5339 294.2307 294.1942  3673.67
1992 6.4097833E-10 5.6277778E-09 3.0454501E-08 4.9737686E-08 1.5162799E-09 6.5981807E-09 2.3427528E-08 3.5643502E-08 2.3955153E-09 1.0114630E-08 2.5223766E-08 3.4266638E-08 7.1546049E-09 1.6080184E-08 2.5797538E-08 2.2845102E-08  294.7867 306.9933 301.9258 297.4214 307.1805 307.2011 302.1508 299.5669 304.6062 303.0466 299.1601 297.7915 300.4376 297.9737 294.9688 294.7876  3018.67
1993 1.0388472E-09 5.5488369E-09 3.4205307E-08 4.5464766E-08 1.7652736E-09 6.2708252E-09 2.7310310E-08 3.3734413E-08 3.1851817E-09 1.1048274E-08 2.9033691E-08 3.6189409E-08 9.2264338E-09 1.8492642E-08 2.8011803E-08 2.4757098E-08  295.1718 306.9926 301.6337 297.0987 307.1891 306.9505 301.7505 299.2069 304.4144 302.6411 298.4860 297.1359 299.9981 297.3044 294.0836 294.0754  4864.33
1994 1.1527085E-09 6.1045560E-09 3.3336587E-08 4.9435972E-08 2.6517619E-09 8.5894447E-09 2.5579549E-08 3.4025515E-08 4.2514730E-09 1.3337380E-08 2.7280976E-08 3.5290448E-08 1.0063462E-08 1.8590537E-08 2.7303015E-08 2.4622357E-08  294.5970 306.1977 301.0814 296.4308 306.2965 306.2185 301.3546 298.8215 303.9268 302.1941 298.5508 296.9235 299.8761 297.3398 294.2183 293.9174  902.067
1995 1.0082148E-09 6.4470989E-09 3.7122390E-08 4.1974005E-08 2.0221458E-09 9.3216004E-09 2.9138340E-08 3.1414903E-08 3.0533946E-09 1.2342061E-08 3.0848085E-08 3.6499358E-08 8.7823340E-09 1.8913907E-08 2.9949092E-08 2.7194112E-08  294.7722 306.8537 301.4980 297.3731 306.8925 306.4082 301.4635 299.5993 304.0825 302.1857 298.2633 297.1969 300.0689 297.3524 294.1346 294.1509  1375.67
1996 9.8378417E-10 7.6787483E-09 4.8939654E-08 5.0159386E-08 2.7333664E-09 1.2518996E-08 3.7085059E-08 3.7522121E-08 4.1470649E-09 1.6032663E-08 3.4954027E-08 4.1163542E-08 1.1085240E-08 2.3286411E-08 3.1519029E-08 2.7378089E-08  294.9870 306.5609 300.7325 296.6441 307.1970 306.1483 300.7752 298.7252 304.2060 301.8797 297.5077 296.4212 299.9660 296.9283 293.5669 293.6237  197.5
1997 1.0468543E-09 3.9158321E-09 3.0484397E-08 4.8909527E-08 1.7964128E-09 7.5454327E-09 2.7334909E-08 3.7885005E-08 3.1490461E-09 1.0861569E-08 2.7625275E-08 3.7842106E-08 9.2556043E-09 1.8896946E-08 2.8526992E-08 2.5481370E-08  294.8713 306.9586 301.6305 297.1012 306.5439 306.5041 301.4004 299.0784 303.8134 302.1212 298.2879 297.0011 299.5089 296.8620 293.7589 293.7830  1082.77
1998 7.3833967E-10 5.8462026E-09 3.9855042E-08 4.6977117E-08 1.5386697E-09 8.6322132E-09 2.9840667E-08 3.5964778E-08 2.9624567E-09 1.1239059E-08 2.8726783E-08 3.8321467E-08 8.2229006E-09 1.7536504E-08 2.6537625E-08 2.4789538E-08  294.8570 306.9324 301.7598 297.5001 307.2163 306.9660 301.9171 299.5316 304.5246 302.8462 298.8200 297.4725 300.5386 297.9879 294.8403 294.5698  3296.67
1999 1.0005303E-09 5.4932956E-09 3.4476109E-08 4.9817910E-08 1.5238742E-09 7.4296835E-09 2.9316432E-08 3.8300517E-08 2.6431977E-09 1.1000613E-08 2.6266493E-08 3.9616147E-08 9.0908721E-09 1.8932854E-08 2.7745131E-08 2.5114876E-08  294.7168 306.6637 301.3551 296.9128 306.6861 306.5677 301.4645 298.8800 304.4377 302.7102 298.6568 296.6843 300.2511 297.6221 294.3267 294.1985  420.167
2000 5.7970179E-10 5.6971765E-09 3.6765847E-08 5.2630334E-08 1.6866385E-09 9.1687280E-09 2.9600788E-08 4.0523116E-08 3.1998024E-09 1.2582499E-08 2.8694945E-08 3.9885084E-08 9.0806456E-09 1.9126034E-08 2.8965106E-08 2.5203349E-08  294.8013 307.1300 301.6895 297.0388 307.0780 306.6386 301.4908 298.9467 304.3386 302.3188 298.3433 296.9307 300.1508 297.2941 294.0912 294.1650  216.2
2001 1.0177945E-09 6.7221833E-09 4.0036621E-08 4.8752739E-08 2.4931315E-09 8.7676399E-09 3.0365374E-08 3.6373354E-08 3.4030256E-09 1.2597052E-08 3.0604806E-08 3.8499778E-08 1.0225691E-08 2.0832923E-08 3.0353089E-08 2.5605191E-08  294.6501 306.5351 301.3753 297.2563 307.0958 306.6060 301.3826 299.3483 304.6415 302.4504 298.3044 297.0947 300.3152 297.3673 294.1222 294.1956  1775.67
2002 9.2035785E-10 5.2035731E-09 3.4716138E-08 5.2681386E-08 2.0256052E-09 7.6788789E-09 2.6919349E-08 3.9632472E-08 2.6814151E-09 1.0652731E-08 2.7787200E-08 3.6259955E-08 8.4969765E-09 1.7626682E-08 2.7577606E-08 2.3678442E-08  294.5032 306.9610 301.6752 296.8064 306.8134 306.8166 301.7028 298.9070 304.4690 302.7568 298.6520 296.9861 300.3130 297.6103 294.4212 294.2052  164.5
2003 7.9307128E-10 4.1953983E-09 2.9366591E-08 5.1538620E-08 1.3795767E-09 6.0251897E-09 2.6896481E-08 4.0386816E-08 2.2972271E-09 8.9890522E-09 2.6907943E-08 3.9655866E-08 8.7175440E-09 1.7518241E-08 2.7978533E-08 2.4739453E-08  294.2401 306.6998 301.3518 296.7286 306.6878 306.6529 301.5000 298.7151 304.3886 302.8127 298.6667 296.8298 300.3317 297.7934 294.4305 294.2718  1321.47
2004 7.8195039E-10 5.0611106E-09 3.8321982E-08 4.8169014E-08 1.6587821E-09 8.0750358E-09 2.8550456E-08 3.5618960E-08 2.1454056E-09 1.1137884E-08 2.8068946E-08 3.5225447E-08 8.4183727E-09 1.9613754E-08 2.7255775E-08 2.3218595E-08  294.4075 307.1923 301.8845 297.4484 307.2353 306.8942 301.6518 299.3475 304.5838 302.6701 298.6312 297.3117 300.4181 297.5356 294.4021 294.3581  914.8
2005 1.1756264E-09 6.0066108E-09 3.3847680E-08 5.5159564E-08 1.5885445E-09 7.0282855E-09 2.8420473E-08 3.8295411E-08 1.9848674E-09 1.0554592E-08 2.6001009E-08 3.6269963E-08 8.0391400E-09 1.8077067E-08 2.6393074E-08 2.3957430E-08  294.7667 307.1111 301.7311 297.1473 307.0721 306.9234 301.6108 299.1504 304.5799 302.7193 298.7480 297.1176 300.3376 297.6405 294.4929 294.3358  1954.67
2006 5.7305466E-10 5.3787335E-09 3.5312606E-08 4.7937796E-08 2.0068798E-09 7.9862188E-09 2.9494830E-08 3.1496739E-08 3.6809631E-09 1.2602056E-08 2.7928918E-08 3.3669004E-08 8.3965812E-09 1.7843792E-08 2.6851691E-08 2.3167438E-08  294.4933 307.3383 302.1721 297.5603 307.1674 307.0706 302.1698 299.8739 304.5260 302.7902 299.0616 297.7677 300.6894 297.9455 294.7918 294.7525  268.733
2007 9.0416341E-10 5.7533236E-09 3.9766320E-08 5.4794384E-08 2.1630597E-09 7.9914457E-09 3.0854093E-08 3.7583938E-08 2.6013536E-09 1.1583795E-08 2.9787373E-08 3.8252168E-08 7.9277385E-09 1.7534667E-08 2.7473352E-08 2.5741146E-08  294.6627 307.1886 301.8428 297.4435 307.5203 307.2654 301.9121 299.4695 304.9813 303.0499 298.8943 297.5358 301.0041 298.2115 294.8757 294.7213  515.967
2008 7.8853696E-10 5.5238707E-09 3.6704815E-08 4.8090229E-08 2.4231450E-09 8.4038989E-09 2.7944150E-08 3.4448480E-08 3.6290879E-09 1.1565407E-08 2.8658418E-08 3.7975870E-08 1.1417334E-08 2.0150756E-08 2.8755469E-08 2.4196559E-08  294.6161 306.9969 301.7424 297.4480 307.0732 306.7792 301.6892 299.4969 304.4373 302.5100 298.4552 297.2391 300.1989 297.4815 294.2584 294.3648  1619.07
2009 6.3831807E-10 5.5010050E-09 3.7491507E-08 5.1727145E-08 1.8496389E-09 7.8023348E-09 2.8146966E-08 3.6106133E-08 3.2594105E-09 1.0765841E-08 2.6545125E-08 3.6113700E-08 9.2792742E-09 2.0200972E-08 2.8594238E-08 2.4631703E-08  294.6487 306.8625 301.1336 296.7074 306.9196 306.5532 301.2909 298.9951 304.2883 302.4368 298.3310 296.9689 300.1935 297.2722 294.0238 294.2451  887.267
2010 8.8542035E-10 5.7910898E-09 3.9582542E-08 5.2565362E-08 1.5757091E-09 8.2000504E-09 3.4201239E-08 4.0849883E-08 2.7787554E-09 1.2297880E-08 3.0105905E-08 3.8610263E-08 8.3691276E-09 1.7933086E-08 2.5987120E-08 2.3013593E-08  0.0000000E+00 0.0000000E+00 0.0000000E+00 0.0000000E+00 0.0000000E+00 0.0000000E+00 0.0000000E+00 0.0000000E+00 0.0000000E+00 0.0000000E+00 0.0000000E+00 0.0000000E+00 0.0000000E+00 0.0000000E+00 0.0000000E+00 0.0000000E+00  3325.33
2011 6.4891209E-10 6.0177858E-09 3.8430848E-08 5.1602562E-08 1.7171303E-09 7.9824600E-09 3.0349433E-08 3.9005027E-08 3.3112180E-09 1.1853317E-08 2.8494355E-08 3.8740300E-08 9.7755732E-09 1.6704982E-08 2.6109209E-08 2.3704319E-08  294.5200 306.7666 301.4047 297.0204 307.2631 306.8035 301.5880 299.1601 304.6355 302.7281 298.6041 297.1497 300.4349 297.7221 294.4872 294.3720  300.8
2012 7.7406448E-10 5.6912044E-09 4.1817430E-08 4.9328797E-08 2.3464028E-09 9.8259747E-09 3.5303636E-08 3.4992052E-08 3.3719418E-09 1.3566938E-08 3.2063721E-08 3.8350713E-08 8.6051957E-09 1.9020064E-08 2.8999143E-08 2.5893742E-08  294.9462 306.7647 301.2061 297.1482 307.1251 306.3794 301.0795 299.1661 304.3125 302.3046 298.0876 296.9467 300.2132 297.4710 294.1926 294.2521  558.433
2013 6.0048788E-10 6.5168804E-09 3.8327141E-08 5.2095029E-08 2.4587827E-09 9.3182067E-09 3.1210082E-08 3.4380108E-08 3.7964538E-09 1.2137737E-08 2.8493000E-08 3.7486743E-08 1.0017197E-08 1.8550136E-08 2.7096220E-08 2.5508593E-08  294.6923 307.0265 301.8652 297.3198 307.2631 306.9240 301.8163 299.5482 304.5064 302.7285 298.8155 297.5060 300.3366 297.7672 294.7863 294.6259  673.033
2014 7.1067285E-10 5.2345088E-09 4.0315488E-08 5.2386920E-08 2.2714659E-09 6.6074302E-09 2.9266500E-08 3.5731137E-08 3.6886612E-09 1.1671018E-08 2.9626886E-08 3.9169951E-08 9.2103578E-09 1.8971079E-08 3.0457571E-08 2.6140112E-08  294.7596 307.0339 301.5563 297.0315 307.3052 307.0725 301.8607 299.4921 304.6074 302.7175 298.5981 297.3210 300.4855 297.6650 294.3006 294.4364  202.8
2015 4.7748389E-10 5.1963562E-09 4.5877094E-08 5.1343555E-08 1.6576397E-09 7.3192372E-09 3.6648832E-08 3.9952912E-08 3.1760155E-09 1.2271397E-08 3.2650288E-08 3.9465633E-08 8.4036804E-09 2.0665793E-08 3.0387682E-08 2.5551181E-08  294.9891 306.7498 300.8563 296.6271 307.1676 306.4773 300.7840 298.5624 304.2989 302.1715 297.8775 296.6419 300.1334 297.0815 293.8977 293.9185  307.667
