STN,prec_1,prec_2,prec_3,prec_4,prec_5,prec_6,prec_7,prec_8,prec_9,prec_10,prec_11,prec_12,prec_13,prec_14,prec_15,prec_16,st_1,st_2,st_3,st_4,st_5,st_6,st_7,st_8,st_9,st_10,st_11,st_12,st_13,st_14,st_15,st_16,10.0
LAT,29.30136,29.30136,29.30136,29.30136,32.09194,32.09194,32.09194,32.09194,34.88252,34.88252,34.88252,34.88252,37.67308,37.67308,37.67308,37.67308,29.30136,29.30136,29.30136,29.30136,32.09194,32.09194,32.09194,32.09194,34.88252,34.88252,34.88252,34.88252,37.67308,37.67308,37.67308,37.67308,33.6194949
LON,-115.3125,-112.5000,-109.6875,-106.8750,-115.3125,-112.5000,-109.6875,-106.8750,-115.3125,-112.5000,-109.6875,-106.8750,-115.3125,-112.5000,-109.6875,-106.8750,-115.3125,-112.5000,-109.6875,-106.8750,-115.3125,-112.5000,-109.6875,-106.8750,-115.3125,-112.5000,-109.6875,-106.8750,-115.3125,-112.5000,-109.6875,-106.8750,-110.9215037
1958 6.5991803E-09 8.1087528E-09 9.3701571E-09 1.1951977E-08 1.1311998E-08 1.2166137E-08 1.3815959E-08 1.5107384E-08 1.7614918E-08 1.8395166E-08 1.8526224E-08 1.7918653E-08 2.5803487E-08 2.3266654E-08 2.4134428E-08 2.4738029E-08  289.5698 292.7998 289.1653 285.4608 289.6990 287.9958 285.2349 283.6019 282.6840 280.3998 278.0735 278.2513 274.9426 272.6231 269.9725 271.7045  670.323
1959 4.1062216E-09 4.7975162E-09 7.0092026E-09 1.0381100E-08 7.8388247E-09 9.5499706E-09 1.3951516E-08 1.5022119E-08 1.6544565E-08 1.9084453E-08 2.0231504E-08 1.8178628E-08 2.5247159E-08 2.4292587E-08 2.4443509E-08 2.4436666E-08  289.4973 292.7383 289.1073 285.4390 289.5741 287.9225 284.9873 283.4633 282.5905 280.2549 277.8263 278.0791 274.8318 272.4531 269.9235 271.5593  552
1960 3.9790748E-09 3.7490149E-09 4.5907060E-09 7.6145366E-09 6.7380568E-09 7.2564346E-09 8.7601615E-09 1.1617138E-08 1.4455045E-08 1.6280712E-08 1.7094944E-08 1.6052120E-08 2.1056268E-08 2.1423450E-08 2.1689816E-08 2.1867114E-08  289.4926 293.2680 289.6885 285.9677 290.1804 288.6457 285.8322 284.1302 283.4716 281.1220 278.6187 278.7099 275.8806 273.3982 270.2428 271.9780  236.226
1961 4.2004871E-09 4.0192085E-09 5.2671192E-09 8.2441112E-09 8.3825666E-09 8.1630223E-09 1.0046692E-08 1.1440831E-08 1.6400708E-08 1.7712042E-08 1.7062005E-08 1.5925989E-08 2.2245166E-08 2.2608679E-08 2.2726685E-08 2.1805482E-08  289.4574 292.7387 289.3516 285.9093 289.6308 287.9842 285.3850 283.9887 282.6212 280.2636 277.9659 278.3215 274.8809 272.2126 269.8091 271.5115  146.935
1962 3.8559049E-09 3.8990104E-09 5.7951155E-09 1.0414278E-08 6.6195258E-09 6.9458270E-09 9.2842578E-09 1.1838397E-08 1.2637532E-08 1.3833465E-08 1.5081344E-08 1.5643792E-08 1.9607024E-08 1.9080101E-08 1.9975694E-08 2.0761954E-08  289.3339 293.4474 289.8416 285.9802 290.6568 289.0415 286.1035 284.3336 284.1439 281.8378 279.2278 279.1728 276.6861 274.1126 271.2176 272.8689  253.645
1963 4.3632289E-09 5.5416556E-09 7.5400948E-09 1.1151450E-08 7.2626749E-09 8.8346557E-09 1.0965341E-08 1.2319592E-08 1.5707327E-08 1.6402570E-08 1.7447411E-08 1.6244728E-08 2.3030431E-08 2.1707599E-08 2.1392822E-08 2.1701389E-08  289.5625 293.0728 289.5201 285.5738 290.0586 288.4601 285.7311 284.0004 283.2666 281.1162 278.6649 278.8166 275.9122 273.6154 270.7407 272.5525  326.323
1964 4.2835122E-09 4.2832453E-09 5.7520784E-09 1.0597977E-08 8.2904421E-09 8.5179943E-09 1.2256324E-08 1.3761038E-08 1.4272935E-08 1.6211375E-08 1.6571335E-08 1.5985506E-08 2.0310406E-08 1.9704292E-08 2.0600766E-08 2.0469736E-08  289.1719 293.1469 289.6820 286.0398 289.9824 288.2866 285.5211 284.0670 283.0900 280.6591 278.3135 278.7131 275.2322 272.7835 270.4884 272.1789  295.161
1965 4.4119641E-09 6.0635044E-09 8.5768210E-09 1.2495222E-08 7.7110833E-09 9.5310693E-09 1.4313663E-08 1.7288142E-08 1.8010006E-08 1.9550752E-08 2.0656570E-08 2.0059700E-08 2.5857654E-08 2.3141336E-08 2.2820059E-08 2.2951522E-08  289.5143 292.8739 289.0200 284.8229 289.7388 288.0666 285.0918 283.2192 282.8108 280.5518 278.0188 278.1458 275.4728 272.9247 270.1876 271.9536  161.387
1966 4.0018602E-09 4.0306198E-09 4.9981264E-09 8.9494945E-09 8.0045996E-09 8.8854888E-09 1.2025008E-08 1.2267812E-08 1.7382076E-08 1.8316250E-08 1.8515601E-08 1.7087606E-08 2.2663428E-08 2.2361441E-08 2.2352980E-08 2.2390882E-08  289.4334 292.8152 289.2768 285.6908 289.6899 287.9751 285.2518 283.7780 282.7400 280.5468 278.1540 278.3440 275.1182 272.7044 270.3232 271.8605  222.484
1967 4.7732960E-09 5.3465667E-09 7.5216580E-09 1.1080917E-08 1.0911434E-08 1.1770542E-08 1.5265984E-08 1.6116578E-08 2.0758964E-08 2.2094165E-08 2.1950717E-08 2.0923823E-08 2.6457839E-08 2.4347599E-08 2.4093699E-08 2.4375360E-08  289.5125 292.2757 288.4900 284.9259 289.0309 287.2292 284.4994 283.1342 281.8979 279.6345 277.4609 277.9804 274.4686 271.8711 269.8581 271.7010  213.677
1968 4.7745505E-09 5.0423501E-09 6.1682308E-09 9.1057464E-09 8.6976231E-09 8.9525756E-09 1.2254795E-08 1.3699565E-08 1.7339204E-08 1.7515966E-08 1.8334010E-08 1.7954317E-08 2.5656584E-08 2.2992047E-08 2.3287351E-08 2.3304892E-08  289.4640 292.5932 288.9084 285.1539 289.4544 287.7439 284.9457 283.3757 282.5404 280.2302 277.7919 278.0713 275.1012 272.3040 269.7751 271.7271  228.613
1969 3.8576888E-09 4.4414183E-09 5.6118248E-09 8.6062304E-09 6.9322663E-09 8.7513063E-09 1.1975545E-08 1.2909165E-08 1.3907666E-08 1.6599971E-08 1.8192100E-08 1.7778239E-08 2.1165304E-08 2.0424592E-08 2.1011331E-08 2.2763260E-08  289.4606 292.5722 288.8416 285.0901 289.4164 287.5605 284.6043 283.1132 282.4338 279.8328 277.3073 277.6510 274.6336 272.1391 269.6528 271.3770  231.29
1970 4.3818673E-09 4.5371236E-09 5.3880025E-09 7.9444620E-09 7.0991901E-09 8.4245162E-09 1.0364670E-08 1.0894693E-08 1.3450913E-08 1.5887277E-08 1.6057768E-08 1.4572946E-08 2.0138922E-08 2.0234589E-08 2.0631761E-08 2.0432319E-08  289.3671 292.6694 289.1821 285.8002 289.6297 287.9631 285.2776 283.8473 282.7252 280.2458 277.9058 278.3902 274.7784 271.8691 269.4086 271.5932  252.29
1971 5.0463793E-09 4.4454356E-09 4.9892570E-09 8.2809422E-09 8.4359391E-09 9.0754071E-09 1.1774642E-08 1.1922782E-08 1.7924778E-08 1.9678492E-08 1.8728496E-08 1.6205675E-08 2.6149118E-08 2.4770152E-08 2.4563491E-08 2.2822064E-08  289.2627 292.3781 288.9232 285.5428 289.3084 287.7122 284.9348 283.6271 282.5007 280.1757 277.8489 278.3124 274.8150 272.4291 269.9199 271.8452  2146.87
1972 4.1947636E-09 4.8583311E-09 7.2381887E-09 1.2354307E-08 8.5541618E-09 9.3759231E-09 1.4079938E-08 1.6655573E-08 1.7689867E-08 1.8178351E-08 1.9969313E-08 2.0103895E-08 2.6010735E-08 2.2403597E-08 2.2697471E-08 2.3101988E-08  289.5775 292.2992 288.5684 284.6848 289.0979 287.4040 284.7098 283.0705 282.1100 279.9356 277.6955 277.9414 274.6561 272.3653 269.6888 271.6164  4731.84
1973 4.7315032E-09 3.6240180E-09 3.9631827E-09 6.8757324E-09 7.2943260E-09 8.0312947E-09 8.9462295E-09 9.8521671E-09 1.5833251E-08 1.6131782E-08 1.5248100E-08 1.4895601E-08 2.1194596E-08 2.1510409E-08 2.1404697E-08 2.0425892E-08  289.1994 293.0258 290.0546 286.7867 289.6891 288.3880 286.0397 284.7199 283.0223 281.0559 278.8239 279.1656 275.4648 273.1111 270.7890 272.4214  179.935
1974 5.3650422E-09 6.4415349E-09 8.3397422E-09 1.2607827E-08 7.6748154E-09 8.4302663E-09 1.2090626E-08 1.4132707E-08 1.3612500E-08 1.6928398E-08 1.7257292E-08 1.7196873E-08 2.0100870E-08 1.9597103E-08 2.0425245E-08 2.0912717E-08  289.3813 292.8747 289.2179 285.2745 290.1538 288.5688 285.5887 283.8545 283.6877 281.3442 278.8346 278.8759 276.1883 273.5732 270.5602 272.4368  529.774
1975 3.3736975E-09 3.0194645E-09 4.0345265E-09 8.1106055E-09 5.5652474E-09 5.9744218E-09 7.9136422E-09 9.5081321E-09 1.3428363E-08 1.4106079E-08 1.4533103E-08 1.3891883E-08 2.2545331E-08 2.1841586E-08 2.1916289E-08 2.0804112E-08  289.2063 293.1509 289.7285 286.1129 290.1552 288.6426 285.9495 284.4739 283.2494 281.0640 278.7621 279.0813 275.2812 272.8458 270.4167 272.3970  148.774
1976 3.8743546E-09 3.3619640E-09 3.9319783E-09 7.5604625E-09 7.4182842E-09 8.0176958E-09 1.0717510E-08 1.3242407E-08 1.5876278E-08 1.6700637E-08 1.7778444E-08 1.8145862E-08 2.2520281E-08 2.1520554E-08 2.1704896E-08 2.2071188E-08  289.4391 292.6875 289.1874 285.3116 289.6408 288.0028 285.2796 283.6559 282.7785 280.4876 278.2141 278.5154 274.7328 272.2600 270.0635 272.0719  188.774
1977 4.9328439E-09 4.3929949E-09 4.9763895E-09 1.0062328E-08 9.3844426E-09 8.9140730E-09 1.2033432E-08 1.3898039E-08 1.6363758E-08 1.7651775E-08 1.7783192E-08 1.6412804E-08 2.2073708E-08 2.2184578E-08 2.1710687E-08 2.1575818E-08  289.4414 292.6697 289.0600 285.4024 289.7306 288.0811 285.1705 283.6292 283.1503 280.8180 278.3036 278.4754 275.9247 273.5049 270.7937 272.2507  232.419
1978 5.0831912E-09 5.0128253E-09 5.9224905E-09 9.8837418E-09 8.0534184E-09 8.0876168E-09 9.8967403E-09 1.1078185E-08 1.4405408E-08 1.4943284E-08 1.4465183E-08 1.4271202E-08 2.0527505E-08 1.9284638E-08 1.9094665E-08 1.8669658E-08  289.5048 293.4544 289.9597 286.0468 290.3079 288.8962 286.2492 284.6163 283.6494 281.5216 279.2974 279.5211 276.1459 273.6385 271.1163 272.9804  187.29
1979 3.8602130E-09 4.4857442E-09 5.6347456E-09 9.6977217E-09 6.9199211E-09 7.5119093E-09 1.0730480E-08 1.2529135E-08 1.3928932E-08 1.5774775E-08 1.6367087E-08 1.5899618E-08 2.1286739E-08 2.0743059E-08 2.1138419E-08 2.1113625E-08  289.5188 293.6621 290.1879 286.2769 290.8251 289.2563 286.3752 284.6355 284.2569 282.0008 279.4995 279.5392 276.5951 274.3068 271.5894 273.2090  200.452
1980 3.5521486E-09 3.9047503E-09 4.7962994E-09 8.7618304E-09 6.0878413E-09 7.2508231E-09 1.0594595E-08 1.2093614E-08 1.3836107E-08 1.7110777E-08 1.7373878E-08 1.5993423E-08 2.4106969E-08 2.3830983E-08 2.3735280E-08 2.2693250E-08  289.6229 292.7817 289.2921 285.6024 289.8558 288.2664 285.4656 283.9306 283.0862 280.8552 278.4469 278.6340 275.2324 272.8058 270.3255 272.0314  311.032
1981 3.7619854E-09 2.7924987E-09 4.5458015E-09 7.9274969E-09 6.9376691E-09 7.7899465E-09 1.1564268E-08 1.2798228E-08 1.5549523E-08 1.8498017E-08 1.9529876E-08 1.8336918E-08 2.2914939E-08 2.3991143E-08 2.4183040E-08 2.4016224E-08  289.5102 292.6936 289.2789 285.8342 289.6455 288.1287 285.4707 284.0509 282.9601 280.6983 278.4138 278.6785 275.5128 272.9529 270.4592 272.1886  353.581
1982 4.2288493E-09 4.2148254E-09 4.9634958E-09 8.8305452E-09 8.6159435E-09 8.8301846E-09 1.2280339E-08 1.4852207E-08 1.7627189E-08 1.8924379E-08 1.9562862E-08 1.9757850E-08 2.4461794E-08 2.1869090E-08 2.2698609E-08 2.1540481E-08  289.5501 292.8448 289.0237 284.9715 289.5923 287.9386 284.9925 283.0808 282.5028 280.1946 277.8499 277.9512 274.8889 272.4661 269.9393 271.9124  205.581
1983 2.9177329E-09 3.5425594E-09 5.0639235E-09 8.2377971E-09 4.7563247E-09 7.1441804E-09 9.0380174E-09 1.0488698E-08 1.0974039E-08 1.2483927E-08 1.3075589E-08 1.2781775E-08 1.9464727E-08 1.9990962E-08 2.0707251E-08 2.0150265E-08  289.6885 293.4086 289.7884 286.0291 290.3195 288.6023 285.8167 284.2053 283.2860 280.9372 278.5007 278.9313 274.9599 272.3855 269.9645 272.3571  4831.68
1984 3.1277785E-09 3.0246572E-09 4.1415866E-09 7.9614813E-09 4.4838315E-09 5.2563145E-09 7.5765039E-09 9.3232648E-09 1.1999991E-08 1.3322971E-08 1.3506974E-08 1.2609235E-08 2.1851873E-08 2.1515829E-08 2.0951573E-08 1.9869715E-08  289.5387 293.0013 289.6866 286.3348 289.9087 288.4871 285.6919 284.3164 282.9680 280.5732 278.1629 278.5771 274.8610 272.3247 269.7413 271.7859  1206.45
1985 3.9253951E-09 3.9201113E-09 4.8825584E-09 8.5761744E-09 7.0514243E-09 7.2217743E-09 9.1765626E-09 1.0684922E-08 1.4050460E-08 1.4673886E-08 1.4107313E-08 1.3112280E-08 1.9225707E-08 1.8300213E-08 1.8303153E-08 1.7474784E-08  289.5681 293.5733 290.0357 286.1452 290.5455 288.9627 286.2042 284.5021 283.7290 281.4428 279.0282 279.2566 276.2005 273.4101 270.6879 272.8000  534.613
1986 4.8383604E-09 5.0249063E-09 6.9194144E-09 1.0666023E-08 7.9396605E-09 7.8628544E-09 1.0748120E-08 1.3028416E-08 1.4769964E-08 1.5875074E-08 1.6750404E-08 1.6752258E-08 2.1318360E-08 1.9231370E-08 1.9780343E-08 1.9808409E-08  289.6356 293.8460 290.0580 285.6767 290.6785 289.1639 286.1211 284.0792 283.9528 281.7304 279.1795 279.2158 276.7998 274.5962 271.6428 273.2474  509.032
1987 4.1858210E-09 4.8747615E-09 5.9792180E-09 9.9539958E-09 9.2731591E-09 9.6213721E-09 1.2899376E-08 1.4405168E-08 1.7344362E-08 1.9000714E-08 1.8648679E-08 1.8068400E-08 2.4455959E-08 2.3271951E-08 2.3332145E-08 2.2385377E-08  289.7995 293.2823 289.4395 285.3786 290.2120 288.4344 285.3421 283.6466 283.4624 281.0684 278.4695 278.5162 276.2291 273.7871 270.9417 272.4084  241.839
1988 3.3206315E-09 3.2554264E-09 4.1990096E-09 7.5165527E-09 6.5048780E-09 7.1696253E-09 9.4578274E-09 1.0507573E-08 1.7333644E-08 1.8164863E-08 1.6598001E-08 1.3454904E-08 2.7638604E-08 2.5993796E-08 2.4368324E-08 2.1746178E-08  289.3966 293.2090 290.1399 286.9825 289.7761 288.6143 286.1267 284.9608 282.8904 280.9280 278.9322 279.5426 275.1039 273.0186 270.9889 272.8810  307.935
1989 4.2769925E-09 3.8882151E-09 5.3866023E-09 9.8362198E-09 7.5501481E-09 7.9425240E-09 9.3847703E-09 1.1967257E-08 1.4207460E-08 1.5882121E-08 1.5507101E-08 1.5941399E-08 2.0541426E-08 1.9987146E-08 2.0263746E-08 1.9788832E-08  289.5474 293.9281 290.3395 286.4677 290.8644 289.2605 286.3628 284.6321 283.9655 281.4748 278.9949 279.2563 276.0799 273.1857 270.5657 272.8926  183.419
1990 6.3463630E-09 7.0618134E-09 9.1579890E-09 1.4806034E-08 1.2677488E-08 1.4578595E-08 1.7467253E-08 1.8927770E-08 1.8683895E-08 2.1315183E-08 2.2500078E-08 2.2454181E-08 2.2939732E-08 2.1964354E-08 2.2565372E-08 2.3880705E-08  289.7946 292.1840 288.4805 284.5089 289.2295 287.3517 284.5365 282.8131 282.7042 280.2679 277.7472 277.8167 275.8173 273.2354 270.4810 271.9846  239.258
1991 6.9188535E-09 7.1760859E-09 9.2171257E-09 1.2290455E-08 1.3243533E-08 1.2611241E-08 1.5110615E-08 1.5895830E-08 2.0839273E-08 2.0398691E-08 1.9888157E-08 2.0057271E-08 2.4262075E-08 2.2418172E-08 2.2475588E-08 2.2963407E-08  289.7336 292.4991 288.7592 284.9515 289.5984 287.8056 284.9554 283.2448 282.6832 280.3233 277.9269 278.0863 275.1917 272.5362 270.0361 271.8099  193.839
1992 7.7916553E-09 8.2724139E-09 9.9089492E-09 1.4097724E-08 1.3531907E-08 1.4681588E-08 1.9272973E-08 1.9868853E-08 2.3069310E-08 2.5342169E-08 2.4637057E-08 2.2589196E-08 2.7772048E-08 2.4955026E-08 2.4798348E-08 2.4941938E-08  289.8994 292.4452 288.7115 284.7434 289.1800 287.4084 284.5875 282.8359 282.2664 279.9218 277.6950 277.8596 275.1397 272.4836 270.0973 271.8034  235.484
1993 8.2434912E-09 7.7634015E-09 8.3067730E-09 1.2316432E-08 1.2198648E-08 1.2406381E-08 1.5530020E-08 1.8186942E-08 2.0916955E-08 2.1230358E-08 2.1056580E-08 2.0736989E-08 2.7032007E-08 2.4470147E-08 2.3726059E-08 2.4564248E-08  289.8571 292.2874 288.4630 284.4891 289.2290 287.4354 284.4893 282.7120 282.3606 280.0545 277.5487 277.6266 275.2992 272.8056 269.8358 271.4013  360.806
1994 4.9234177E-09 5.3157079E-09 8.0137710E-09 1.2211875E-08 9.1085397E-09 1.0111575E-08 1.3017235E-08 1.5694857E-08 1.7927398E-08 1.8728214E-08 1.8070224E-08 1.7460426E-08 2.5029639E-08 2.2573495E-08 2.2363103E-08 2.2170608E-08  289.7632 292.5551 288.6489 284.6090 289.5704 287.8388 284.8443 282.9742 282.7227 280.5375 278.0525 278.1058 275.1948 273.0176 270.4505 272.0661  266.968
1995 3.9355439E-09 4.6025046E-09 6.2782548E-09 9.7299697E-09 6.0900982E-09 6.8855774E-09 1.0366479E-08 1.2007829E-08 1.1825259E-08 1.4939001E-08 1.6634472E-08 1.5190219E-08 1.9143485E-08 1.9860986E-08 2.0581698E-08 2.0153792E-08  289.7643 293.7043 290.1285 286.3091 290.7899 289.1719 286.2573 284.5565 284.1998 281.8013 279.2363 279.3363 276.8461 274.3635 271.2935 272.8812  200.065
1996 4.7530397E-09 4.7437920E-09 6.3067596E-09 8.9511083E-09 7.5598043E-09 8.1850775E-09 1.1030024E-08 1.3312827E-08 1.6539037E-08 1.6163437E-08 1.6988102E-08 1.7738023E-08 2.4418629E-08 2.2351003E-08 2.2242270E-08 2.2242943E-08  289.5599 292.8371 289.2615 285.6841 289.8670 288.2911 285.4463 283.8969 283.0631 280.8722 278.4099 278.4784 275.3823 273.1350 270.5700 272.0638  198.387
1997 5.0675673E-09 5.8148939E-09 7.3285484E-09 1.0795362E-08 1.0465613E-08 1.0726223E-08 1.3257992E-08 1.4286207E-08 1.9899284E-08 2.0487919E-08 2.1238963E-08 2.0038261E-08 3.0198610E-08 2.5897695E-08 2.5220713E-08 2.4519299E-08  290.0594 292.6658 288.9851 285.1252 289.0424 287.5106 284.8863 283.4322 281.9457 279.7329 277.6913 278.1367 274.4550 271.9286 269.4650 272.0841  184.935
1998 2.8284253E-09 2.7068914E-09 3.8813384E-09 6.8611419E-09 5.0709041E-09 6.4123591E-09 8.2591685E-09 8.7949799E-09 1.1963396E-08 1.3715105E-08 1.3641116E-08 1.1901530E-08 1.8088578E-08 1.8840330E-08 1.9704052E-08 1.8507373E-08  289.5287 293.1429 290.0848 286.9742 290.0285 288.6164 286.1870 285.0349 283.1766 281.0218 278.9703 279.5287 275.2502 272.7587 270.5126 272.6656  210.645
1999 3.4825427E-09 2.3760376E-09 2.7247775E-09 5.8023524E-09 4.9033737E-09 4.8540740E-09 6.4285151E-09 7.8193851E-09 1.1030791E-08 1.1123936E-08 1.0813056E-08 9.7473292E-09 1.7673187E-08 1.7306272E-08 1.7818127E-08 1.7234941E-08  289.2758 293.5486 290.5994 287.5552 290.5872 289.4581 286.9505 285.8571 284.1367 282.2336 280.1295 280.7316 276.1434 273.9134 271.8054 273.8211  204.452
2000 5.0675695E-09 4.6134652E-09 6.0851075E-09 9.4950918E-09 7.6063911E-09 8.6151992E-09 1.2036360E-08 1.2989773E-08 1.4841342E-08 1.7298094E-08 1.8273800E-08 1.7088508E-08 2.2941579E-08 2.3061078E-08 2.2722190E-08 2.1999039E-08  289.6949 293.1933 289.8377 286.3746 290.0637 288.6135 285.9240 284.6620 283.1165 280.9092 278.6581 279.2876 275.4571 273.0047 270.5261 272.7135  546.452
2001 4.1620902E-09 4.4402761E-09 6.1680767E-09 9.5756167E-09 7.3401538E-09 9.0323402E-09 1.0708756E-08 1.2273232E-08 1.5444874E-08 1.8314468E-08 1.8068949E-08 1.6618428E-08 2.3144924E-08 2.2918266E-08 2.3068401E-08 2.2080155E-08  289.6686 292.9205 289.2691 285.4978 290.1083 288.4088 285.4968 283.7484 283.3156 280.8999 278.3476 278.5675 275.6116 273.1397 270.4689 272.2229  156
2002 5.4903881E-09 6.2883809E-09 7.6256779E-09 1.1928562E-08 9.9060165E-09 1.1294397E-08 1.3689258E-08 1.5824288E-08 1.8264259E-08 1.9983181E-08 2.0415175E-08 1.9915737E-08 2.5953334E-08 2.3534671E-08 2.2641691E-08 2.2202769E-08  289.6953 292.6746 288.9844 284.9808 289.7333 288.0091 285.0645 283.2461 283.1622 280.9231 278.2818 278.1302 275.9928 273.5059 270.7528 272.1677  158.903
2003 6.0605507E-09 6.3007040E-09 7.2474395E-09 1.0221246E-08 8.4875476E-09 9.4031840E-09 1.0892909E-08 1.1278747E-08 1.5581421E-08 1.6353008E-08 1.5523733E-08 1.3905785E-08 2.1377666E-08 2.0020726E-08 2.0539359E-08 2.0428194E-08  289.4634 293.2531 289.7907 285.9836 290.2220 288.7153 285.9743 284.3188 283.4503 281.2395 278.8631 279.2185 275.9300 273.2632 270.7031 272.6561  173.161
2004 3.3118679E-09 4.1711439E-09 6.6043073E-09 1.2417204E-08 7.3005038E-09 7.7281035E-09 1.1022646E-08 1.3728807E-08 1.5337518E-08 1.6823806E-08 1.7406327E-08 1.7699456E-08 2.3971449E-08 2.2246645E-08 2.2570603E-08 2.2791694E-08  289.8039 293.4867 289.6728 285.5222 290.4459 288.8657 285.8445 284.0500 283.7624 281.5503 279.0761 279.0706 276.4810 274.3759 271.5634 272.8821  166.935
2005 4.6583635E-09 4.7319584E-09 6.4769710E-09 1.0398532E-08 6.1149326E-09 8.5607956E-09 1.0967154E-08 1.2456446E-08 1.1765053E-08 1.5414388E-08 1.6553486E-08 1.5634763E-08 1.8563897E-08 1.9147846E-08 2.0015074E-08 2.0757312E-08  289.7491 293.3922 289.7146 285.9457 290.4305 288.7505 285.8146 284.1963 283.8489 281.2513 278.7444 278.9993 276.3854 273.5388 270.8572 272.6999  168.677
2006 3.8180130E-09 4.7834900E-09 7.0838579E-09 1.1465424E-08 6.5064429E-09 8.1918197E-09 1.1167543E-08 1.3460757E-08 1.1592697E-08 1.4344778E-08 1.5711437E-08 1.6070185E-08 1.8295992E-08 1.8323449E-08 1.9781449E-08 1.9922000E-08  289.6173 293.5925 289.9013 285.8709 290.7649 289.0937 286.0417 284.1408 284.1958 281.7321 279.0723 279.0027 276.8013 274.2501 271.1995 272.6212  329.097
2007 5.3156572E-09 5.7041598E-09 6.7503279E-09 9.6400621E-09 8.5213721E-09 9.9885531E-09 1.1507717E-08 1.1648425E-08 1.5781970E-08 1.8023787E-08 1.7730567E-08 1.5432397E-08 2.1423277E-08 2.1588763E-08 2.2905805E-08 2.2725017E-08  289.2900 292.9363 289.8185 286.5456 289.9678 288.5493 286.0326 284.7683 283.2874 281.0167 278.8813 279.4951 275.4802 272.8769 270.6514 272.7171  167.613
2008 2.9126805E-09 3.3317260E-09 5.1606039E-09 8.9684562E-09 5.4840927E-09 6.4549748E-09 1.0059478E-08 1.1365841E-08 1.2725519E-08 1.4196398E-08 1.5027272E-08 1.4486504E-08 2.0685492E-08 2.1259572E-08 2.0791541E-08 1.9576108E-08  289.2123 293.5798 290.2526 286.7296 290.7138 289.2913 286.4902 285.0332 284.1852 281.9107 279.5789 279.9219 276.6653 274.0076 271.7083 273.5139  296.871
2009 3.9762380E-09 4.2144515E-09 5.9303309E-09 1.0695356E-08 8.5944354E-09 8.8622434E-09 1.3148386E-08 1.6658085E-08 1.6171560E-08 1.7620192E-08 1.9146931E-08 1.9890411E-08 2.2184045E-08 2.1361558E-08 2.2265631E-08 2.3359000E-08  289.8391 293.1893 289.2963 285.2614 290.4612 288.6704 285.5291 283.6419 283.8260 281.5099 278.7788 278.6566 276.7153 274.2449 271.2334 272.4665  124.806
2010 3.7457761E-09 3.1506324E-09 4.0934500E-09 6.3427970E-09 5.1711728E-09 5.5417906E-09 6.5417338E-09 8.0684748E-09 1.1058315E-08 1.1884518E-08 1.1561331E-08 1.1411365E-08 1.8478966E-08 1.8793898E-08 1.8031990E-08 1.6905958E-08  289.1727 293.7261 290.7911 287.5990 290.6200 289.4734 287.0283 285.7672 284.0662 282.0935 280.0302 280.3993 276.2083 273.9425 271.5940 273.5496  178.839
2011 5.5858349E-09 5.7540501E-09 5.8473320E-09 8.8889562E-09 9.4209218E-09 9.5573549E-09 1.1126625E-08 1.2288967E-08 1.7035862E-08 1.8446665E-08 1.6887821E-08 1.5008231E-08 2.2634598E-08 2.2759368E-08 2.2974534E-08 2.0863578E-08  289.2143 292.6794 289.6540 286.6577 289.5197 288.1873 285.9219 284.9040 282.7599 280.7055 278.8293 279.5020 275.0125 272.6718 270.5539 272.8377  176.806
2012 3.7063825E-09 3.5216086E-09 5.6365410E-09 9.9132818E-09 7.2830013E-09 7.5772952E-09 1.1555723E-08 1.3788232E-08 1.6197481E-08 1.8056404E-08 1.8632123E-08 1.7703305E-08 2.4631657E-08 2.3550793E-08 2.3409113E-08 2.2615271E-08  289.5665 292.8599 289.1993 285.4606 289.9081 288.1912 285.3625 283.8777 282.9899 280.6802 278.3275 278.7810 275.4408 273.0267 270.5755 272.5424  115.387
2013 4.4813904E-09 5.4142291E-09 7.0906720E-09 1.0969079E-08 6.9842203E-09 7.9655180E-09 1.1028635E-08 1.2779570E-08 1.5769610E-08 1.6965579E-08 1.8160334E-08 1.7767936E-08 2.3696737E-08 2.2147054E-08 2.3033454E-08 2.1723087E-08  289.5494 293.0821 289.6023 285.9476 290.3741 288.7880 285.8816 284.2548 283.6857 281.3792 278.8433 278.9689 276.1742 273.6892 271.1803 272.5720  224.645
2014 5.4116875E-09 6.3235026E-09 8.1199305E-09 1.2556791E-08 1.1020195E-08 1.2075730E-08 1.4991683E-08 1.6821629E-08 2.1653726E-08 2.2654305E-08 2.3195213E-08 2.1681307E-08 2.9522973E-08 2.6128905E-08 2.5496986E-08 2.5244946E-08  289.9454 292.4449 288.5862 284.5545 289.4589 287.5477 284.6052 282.9208 282.6083 280.3767 277.8231 277.9406 275.7281 273.4189 270.4932 271.8412  450.452
2015 4.7526072E-09 5.6316098E-09 6.9965007E-09 9.7075112E-09 1.2060211E-08 1.3123381E-08 1.6639284E-08 1.6502062E-08 2.4387491E-08 2.3017909E-08 2.1539233E-08 1.9773163E-08 2.9241709E-08 2.3775177E-08 2.2304180E-08 2.2351344E-08  290.3601 292.7254 288.7613 284.8477 288.9761 287.1208 284.2214 282.7563 281.4473 279.0506 276.8220 277.5778 273.2633 270.7397 268.9342 271.4217  350.71
