STN,prec_1,prec_2,prec_3,prec_4,prec_5,prec_6,prec_7,prec_8,prec_9,prec_10,prec_11,prec_12,prec_13,prec_14,prec_15,prec_16,st_1,st_2,st_3,st_4,st_5,st_6,st_7,st_8,st_9,st_10,st_11,st_12,st_13,st_14,st_15,st_16,11.0
LAT,29.30136,29.30136,29.30136,29.30136,32.09194,32.09194,32.09194,32.09194,34.88252,34.88252,34.88252,34.88252,37.67308,37.67308,37.67308,37.67308,29.30136,29.30136,29.30136,29.30136,32.09194,32.09194,32.09194,32.09194,34.88252,34.88252,34.88252,34.88252,37.67308,37.67308,37.67308,37.67308,33.6194949
LON,-115.3125,-112.5000,-109.6875,-106.8750,-115.3125,-112.5000,-109.6875,-106.8750,-115.3125,-112.5000,-109.6875,-106.8750,-115.3125,-112.5000,-109.6875,-106.8750,-115.3125,-112.5000,-109.6875,-106.8750,-115.3125,-112.5000,-109.6875,-106.8750,-115.3125,-112.5000,-109.6875,-106.8750,-115.3125,-112.5000,-109.6875,-106.8750,-110.9215037
1958 3.1648701E-09 2.3063165E-09 3.0685388E-09 5.9989969E-09 4.0425330E-09 3.5944898E-09 4.4231441E-09 6.3804086E-09 9.9981987E-09 9.4263566E-09 8.6703533E-09 7.0176340E-09 1.7752740E-08 1.5722382E-08 1.4138982E-08 1.1443612E-08  291.0778 290.0448 286.4908 282.1202 286.6615 284.4982 281.5823 279.4926 279.5840 277.0136 274.0228 273.5837 272.1837 269.2282 267.0562 268.0826  232.333
1959 4.5789443E-09 4.9341926E-09 6.6791435E-09 1.1110222E-08 5.7091292E-09 7.1367028E-09 9.6617638E-09 1.2224769E-08 1.2230347E-08 1.3075255E-08 1.3283251E-08 1.2637027E-08 1.8011214E-08 1.8024512E-08 1.6881012E-08 1.5361559E-08  290.6640 289.2391 286.0481 281.9760 285.7257 283.5882 280.8836 278.9200 278.7225 276.2797 273.4116 273.0147 271.3731 268.8672 266.7118 267.5070  1258.6
1960 2.9467886E-09 3.0197664E-09 3.6199206E-09 6.4161121E-09 3.5143928E-09 4.4186002E-09 5.9511818E-09 7.4957986E-09 7.8083078E-09 8.7880991E-09 9.0129122E-09 8.4927372E-09 1.5107720E-08 1.4627782E-08 1.4174345E-08 1.3413875E-08  290.2093 289.6653 286.4671 282.4179 286.1588 284.0843 281.4488 279.6351 279.1929 276.7608 273.9457 273.7935 271.5284 269.0641 266.9062 267.9079  190.8
1961 3.3545355E-09 4.0503112E-09 5.7664442E-09 9.1436920E-09 5.1354294E-09 6.8002990E-09 9.4822710E-09 1.0389790E-08 1.1718906E-08 1.2973166E-08 1.2330195E-08 1.0201585E-08 1.8750143E-08 1.7902426E-08 1.6029224E-08 1.4673151E-08  290.0036 288.6309 285.6713 282.2126 285.0235 282.9396 280.5592 279.1441 277.9314 275.3281 272.6952 272.8324 270.1617 267.4571 265.5689 266.7934  274
1962 4.4630508E-09 5.5977170E-09 7.6494402E-09 1.0080112E-08 4.7278288E-09 6.2218919E-09 9.3149790E-09 1.0864245E-08 1.1706216E-08 1.1780393E-08 1.1135140E-08 9.4593409E-09 1.8915676E-08 1.7343545E-08 1.5100145E-08 1.2533879E-08  290.1753 289.8411 286.5967 282.6790 286.3273 284.3787 281.7619 279.9929 279.4073 277.0300 274.4318 274.2941 271.8739 269.3521 267.3559 268.4654  234.433
1963 4.9493880E-09 5.6899068E-09 7.2128414E-09 1.2180351E-08 6.2439840E-09 8.2712646E-09 1.0524535E-08 1.2409884E-08 1.2183887E-08 1.3435501E-08 1.3151018E-08 1.1090822E-08 1.9522069E-08 1.8169928E-08 1.6969738E-08 1.5410404E-08  291.0489 289.1811 285.6498 281.5695 285.7518 283.4120 280.6384 278.7863 278.4934 275.9672 273.1987 273.0086 270.9054 268.2319 266.2008 267.1313  309.8
1964 3.1461926E-09 1.8212598E-09 1.4881730E-09 2.9482101E-09 4.4608846E-09 3.7877381E-09 3.7339674E-09 4.1696842E-09 1.0299787E-08 9.7970716E-09 8.6476035E-09 6.6592056E-09 1.9027855E-08 1.6979330E-08 1.5477395E-08 1.3223257E-08  289.7426 289.6540 286.6234 282.8777 286.3069 284.3854 281.8804 280.3269 279.6250 277.2245 274.5323 274.5170 272.2801 269.5996 267.4271 268.6697  190.167
1965 7.3530306E-09 8.2486409E-09 9.7337738E-09 1.4881977E-08 9.9424406E-09 1.0815540E-08 1.1906346E-08 1.3009083E-08 1.4556417E-08 1.4928267E-08 1.4498229E-08 1.2243779E-08 1.8935291E-08 1.7629940E-08 1.5553088E-08 1.4467770E-08  290.5287 288.6793 285.2092 281.0833 285.4094 283.0481 280.2413 278.3406 278.2700 275.5153 272.6369 272.4243 270.6332 267.8607 265.7031 266.7299  506.9
1966 3.5748529E-09 2.9469771E-09 5.1136309E-09 1.0331046E-08 6.1985679E-09 6.3997110E-09 8.9416092E-09 1.1751122E-08 1.3406594E-08 1.3321998E-08 1.3555899E-08 1.2156319E-08 1.9680559E-08 1.8258481E-08 1.7455632E-08 1.6002581E-08  290.1252 289.3174 286.0056 282.0934 286.1299 283.9580 281.2516 279.3941 279.2795 276.6187 273.7859 273.6538 272.0181 269.1745 266.9283 267.9233  211.533
1967 6.2060748E-09 5.4937561E-09 3.8523633E-09 6.6793344E-09 8.2864045E-09 9.3330437E-09 8.6622638E-09 8.7819592E-09 1.4472898E-08 1.5822796E-08 1.4501258E-08 1.1148356E-08 2.0919314E-08 2.0116666E-08 1.8652443E-08 1.6370546E-08  290.5475 289.1229 286.2355 282.7447 285.5150 283.5222 281.2237 279.8169 278.7714 276.3046 273.7433 273.9732 271.6997 269.1845 267.0386 268.0938  194.833
1968 5.5927698E-09 5.1864366E-09 6.4444619E-09 1.0485213E-08 6.4711894E-09 6.6021499E-09 7.9306206E-09 9.0396597E-09 1.3003330E-08 1.2815563E-08 1.2151079E-08 1.0245449E-08 2.1034682E-08 1.8233719E-08 1.6496987E-08 1.4916091E-08  290.1974 289.0747 285.7838 281.8360 285.5566 283.4947 280.7747 278.8660 278.3030 275.8316 273.1003 272.9994 270.6556 268.0124 266.0222 267.0739  207.5
1969 6.5255845E-09 6.7806787E-09 7.0326651E-09 1.1011191E-08 1.0048439E-08 8.8601748E-09 8.4954008E-09 9.7785993E-09 1.5092885E-08 1.2814078E-08 1.0725519E-08 9.5004768E-09 1.9943203E-08 1.7567906E-08 1.5736033E-08 1.4397856E-08  290.1888 289.1374 286.0645 282.2336 285.8707 283.7855 281.1981 279.4170 279.1732 276.7484 273.9694 273.7016 272.0591 269.3930 267.0954 267.8455  293.067
1970 5.3547748E-09 4.8681401E-09 6.0894134E-09 1.0571664E-08 6.6307337E-09 6.9023534E-09 8.7189553E-09 1.0760685E-08 1.3848084E-08 1.3657087E-08 1.2795258E-08 1.0564394E-08 1.9712443E-08 1.8925311E-08 1.7409659E-08 1.5342096E-08  290.1584 289.6078 286.4319 282.5772 286.1860 284.1712 281.5735 279.9599 279.3710 276.8691 274.2201 274.3375 271.9146 269.0511 266.9435 268.2648  172.367
1971 5.1478217E-09 4.7484043E-09 6.0022152E-09 1.0158781E-08 6.2092398E-09 6.9982011E-09 8.3632008E-09 1.0536122E-08 1.2280823E-08 1.2783107E-08 1.1936799E-08 9.7277004E-09 1.9344528E-08 1.8072017E-08 1.6307936E-08 1.3206053E-08  290.0566 289.2654 286.1876 282.4339 285.8705 283.8715 281.3848 279.7772 278.9141 276.5827 274.0446 274.0228 271.3993 268.8465 266.6332 267.8769  727.4
1972 7.7186737E-09 8.7278336E-09 9.8193746E-09 1.3561083E-08 6.7446448E-09 8.1995575E-09 9.1547161E-09 1.0650770E-08 1.1105781E-08 1.1298525E-08 1.0791180E-08 9.3743662E-09 1.6620902E-08 1.5580781E-08 1.4046703E-08 1.3624851E-08  290.8690 288.3842 284.8294 280.5615 285.1741 282.7168 279.8789 277.7553 278.1014 275.3723 272.4116 272.1073 270.2739 267.5589 265.4669 266.6394  1229.47
1973 2.5386822E-09 1.7898711E-09 2.9623073E-09 5.7099205E-09 4.0191810E-09 4.7073851E-09 6.3467316E-09 8.1281240E-09 1.1186077E-08 1.1339500E-08 1.0608547E-08 9.0846015E-09 1.9803119E-08 1.8708167E-08 1.7029318E-08 1.4121913E-08  289.2448 288.7776 285.8968 282.4198 285.2473 283.3029 280.8581 279.4572 278.3512 276.0143 273.3459 273.6058 270.7399 268.3418 266.4861 267.7722  222.133
1974 2.1426427E-09 2.0194924E-09 3.3224627E-09 6.4722325E-09 2.8361982E-09 3.4912220E-09 5.6033120E-09 8.1707832E-09 6.9226194E-09 8.1752995E-09 8.7907077E-09 8.2661549E-09 1.6076877E-08 1.4625235E-08 1.3879093E-08 1.2210339E-08  290.2432 289.9820 286.7380 282.6810 286.7353 284.7278 282.0093 280.1937 279.9720 277.4750 274.6345 274.4456 272.5696 269.6353 267.4098 268.4071  479.033
1975 4.2032426E-09 3.1071457E-09 2.7141518E-09 3.6480643E-09 6.4131482E-09 5.3053366E-09 4.4684016E-09 5.0468074E-09 1.3744232E-08 1.2745721E-08 9.6702895E-09 6.4570176E-09 2.2966603E-08 2.0336964E-08 1.7170130E-08 1.2979580E-08  289.3918 289.7337 286.7245 283.0039 286.4412 284.5329 281.9521 280.4683 279.8280 277.5389 274.6274 274.6845 272.4816 269.8808 267.6441 268.8508  163.233
1976 4.0537187E-09 5.4451008E-09 6.6004020E-09 1.0010493E-08 6.6514274E-09 8.8114023E-09 9.4999146E-09 9.8376978E-09 1.4882527E-08 1.5865430E-08 1.4294468E-08 1.0723390E-08 2.2019147E-08 1.9975321E-08 1.8117959E-08 1.5805048E-08  290.5104 288.5022 284.9864 280.8831 285.2344 282.8516 280.1183 278.2809 278.1094 275.3557 272.4263 272.3821 270.6380 267.9194 265.6717 266.7366  177.267
1977 4.5722914E-09 5.2388183E-09 6.2005556E-09 1.0419574E-08 5.1853721E-09 5.8497789E-09 7.5619901E-09 1.0768622E-08 1.0093470E-08 9.9419415E-09 1.0394975E-08 9.9799422E-09 1.8116125E-08 1.6275292E-08 1.5663344E-08 1.4320200E-08  290.2460 289.1091 285.6227 281.5378 285.9804 283.5850 280.7447 278.8133 279.0115 276.3167 273.3231 273.1410 271.5545 268.6576 266.4312 267.3755  196.567
1978 4.7186353E-09 3.8505470E-09 4.1465427E-09 7.1386390E-09 5.4053011E-09 6.4102279E-09 7.1598936E-09 8.1458413E-09 1.0908377E-08 1.2111986E-08 1.1589471E-08 1.0294541E-08 1.6545474E-08 1.5987137E-08 1.5970967E-08 1.5105330E-08  290.4367 289.3725 286.0031 282.0157 285.8939 283.7344 281.0895 279.3781 278.9204 276.2590 273.4588 273.4298 271.4274 268.6323 266.4166 267.4136  2009
1979 5.0492943E-09 3.7728256E-09 4.0590762E-09 6.0632024E-09 7.9526972E-09 7.2202018E-09 7.4698860E-09 8.9181826E-09 1.3485781E-08 1.2874101E-08 1.1728519E-08 9.8914192E-09 2.0356474E-08 1.8470024E-08 1.6883401E-08 1.5394258E-08  290.6496 289.0076 285.7614 281.9210 285.5917 283.2778 280.6550 279.1032 278.3445 275.6871 273.0246 273.1081 270.4651 267.9596 266.0245 267.1571  268.1
1980 4.3792125E-09 4.4748139E-09 6.3742585E-09 1.2109423E-08 5.5068656E-09 6.6384471E-09 8.3339593E-09 1.1432411E-08 1.1350211E-08 1.2508102E-08 1.2386887E-08 1.1183505E-08 1.7386093E-08 1.6969372E-08 1.6226050E-08 1.5517237E-08  290.2119 288.9731 285.7288 281.8197 285.6555 283.4383 280.7769 278.9669 278.7365 276.0663 273.2837 273.0471 271.5287 268.7569 266.5944 267.4002  371.767
1981 3.4752519E-09 3.7255448E-09 6.1319145E-09 1.0770407E-08 4.1997628E-09 5.6191345E-09 7.7662854E-09 9.6252215E-09 8.9757366E-09 9.8022905E-09 1.0092708E-08 9.0568966E-09 1.4909233E-08 1.5143899E-08 1.4817040E-08 1.3503982E-08  290.1578 289.4474 286.1817 282.2137 286.1706 284.0569 281.3480 279.5201 279.3452 276.7141 273.7628 273.5544 271.8356 268.9176 266.4565 267.6536  230.733
1982 6.8234862E-09 6.8929982E-09 9.0610355E-09 1.3194686E-08 9.8559676E-09 1.0091928E-08 1.1639651E-08 1.2852257E-08 1.8084327E-08 1.6494587E-08 1.4828498E-08 1.2480379E-08 2.3062832E-08 1.9122066E-08 1.7257749E-08 1.5136855E-08  291.0132 288.6063 284.9686 280.6507 285.4543 283.1497 280.3088 278.0716 278.5566 275.9609 273.0098 272.7648 271.6052 268.8027 266.4439 267.2484  365.933
1983 3.8411190E-09 3.7952499E-09 6.4954255E-09 1.0644400E-08 4.9917062E-09 6.6225168E-09 9.5751664E-09 1.2029148E-08 1.1038610E-08 1.2447360E-08 1.2914639E-08 1.1984527E-08 2.0281846E-08 1.9900298E-08 1.8786389E-08 1.7374186E-08  291.9128 289.8048 286.5723 282.7313 285.9819 283.8836 281.3957 279.7632 278.6912 276.2808 273.7109 273.6714 271.0463 268.5299 266.4651 267.4877  486.4
1984 7.7074862E-09 6.3299153E-09 6.9548780E-09 9.8875965E-09 7.8178202E-09 8.6768654E-09 1.0651614E-08 1.0959389E-08 1.2352583E-08 1.4042706E-08 1.3570377E-08 1.0919037E-08 1.8118273E-08 1.6959742E-08 1.6219770E-08 1.4632043E-08  291.3286 289.3908 286.0579 282.1680 285.9105 283.7688 281.1986 279.5738 278.9729 276.4733 273.9803 274.0353 271.4974 268.8999 266.7130 268.0282  526.633
1985 4.4781112E-09 5.3299267E-09 8.5749923E-09 1.4558950E-08 6.9397172E-09 7.3527975E-09 9.1089785E-09 1.1638801E-08 1.3974924E-08 1.3854939E-08 1.2767035E-08 1.0796615E-08 2.1700505E-08 1.9936376E-08 1.7583202E-08 1.4999847E-08  291.1878 289.6357 286.4578 282.4745 285.9564 283.9283 281.4515 279.6540 278.9832 276.5522 273.8943 273.6615 271.5916 268.8653 266.6461 267.7975  585.233
1986 1.0319647E-08 1.1338940E-08 1.3274838E-08 1.7680669E-08 1.3549671E-08 1.3856675E-08 1.4998328E-08 1.5907048E-08 2.0255934E-08 1.9886754E-08 1.8445030E-08 1.5701813E-08 2.2198710E-08 2.0918154E-08 1.9742386E-08 1.7705762E-08  290.5797 288.9810 285.5693 281.2393 285.8306 283.5715 280.8344 278.5971 279.1273 276.5992 273.7235 273.1736 272.0482 269.3339 267.1281 267.8988  943.8
1987 3.7852765E-09 5.7739524E-09 7.7985449E-09 1.0497413E-08 4.4880553E-09 6.8745836E-09 7.9314866E-09 9.3008241E-09 1.0102157E-08 1.0613342E-08 1.0396651E-08 9.8710320E-09 1.6463909E-08 1.5566370E-08 1.5019305E-08 1.4317379E-08  291.5941 289.4234 286.0273 281.7779 285.9222 283.6295 280.7672 278.5692 278.7583 276.1252 273.0344 272.5018 271.1002 268.4152 266.0550 266.7947  489.9
1988 3.2884022E-09 2.4461873E-09 2.6057887E-09 4.3132293E-09 5.3012608E-09 4.7194688E-09 4.9256621E-09 5.3166183E-09 1.1809343E-08 1.2323350E-08 1.0815822E-08 8.1475786E-09 2.0461664E-08 1.9383672E-08 1.7514303E-08 1.4261312E-08  290.4377 290.6137 287.7400 283.9568 287.0990 285.3468 282.8819 281.2754 280.3393 278.1500 275.5080 275.5336 273.3093 270.5929 268.1975 269.4356  247.133
1989 7.0779689E-09 6.8750459E-09 8.3084508E-09 1.2324026E-08 6.8585084E-09 8.8246281E-09 1.1899035E-08 1.3067141E-08 1.2323392E-08 1.4892978E-08 1.5392722E-08 1.2845332E-08 1.8507158E-08 1.9299334E-08 1.7853919E-08 1.6692876E-08  291.0124 288.8908 285.7245 282.1084 285.5660 283.3406 280.8635 279.2975 278.4884 275.8084 273.1128 273.1577 270.7448 268.0052 266.0177 267.2271  185.667
1990 4.2391632E-09 4.2746868E-09 5.8965695E-09 1.0043870E-08 5.7958744E-09 5.4301275E-09 7.4637700E-09 9.9406527E-09 1.2629023E-08 1.1349147E-08 1.1294867E-08 1.0592792E-08 1.8261732E-08 1.6499406E-08 1.5709812E-08 1.4194496E-08  291.7108 289.6411 286.0961 281.7531 286.2735 284.0246 281.1887 279.0500 279.3754 276.7654 273.7541 273.2875 272.0269 269.0326 266.8569 267.7391  290.967
1991 5.8835825E-09 7.6263085E-09 1.0633612E-08 1.5794562E-08 7.5120807E-09 8.8818544E-09 1.0188931E-08 1.3489569E-08 1.1030225E-08 1.1610722E-08 1.1205135E-08 1.0868181E-08 1.4672411E-08 1.4428286E-08 1.4065456E-08 1.4065884E-08  291.3177 289.1045 285.4514 281.1857 285.8124 283.4229 280.5135 278.2892 278.7474 275.9679 273.0192 272.3716 271.4081 268.5494 266.0504 266.6658  287.367
1992 8.8629752E-09 9.5491082E-09 1.0874274E-08 1.2542125E-08 1.0023345E-08 1.0886735E-08 1.1978019E-08 1.2185505E-08 1.3084501E-08 1.3126352E-08 1.3277479E-08 1.1709954E-08 1.7919948E-08 1.6037465E-08 1.4755773E-08 1.3828909E-08  292.2994 289.9589 286.2702 281.7508 286.6902 284.3477 281.5229 279.3093 279.7712 277.1206 274.2659 273.7895 272.3570 269.2872 267.0141 268.0704  245.267
1993 2.9569298E-09 3.7598369E-09 6.9077855E-09 1.2609988E-08 3.7124677E-09 4.7236353E-09 7.6323703E-09 1.0899351E-08 6.9342554E-09 7.8501676E-09 8.7729557E-09 9.8961683E-09 1.0370273E-08 1.0815397E-08 1.1306109E-08 1.1974745E-08  291.5304 289.5909 286.0272 281.6848 286.2701 283.9378 281.0382 278.7681 279.3505 276.5222 273.3457 272.8299 271.6672 268.7883 266.3680 267.2046  555.1
1994 1.1337374E-08 1.3288207E-08 1.8029292E-08 2.3323725E-08 1.0869075E-08 1.2751945E-08 1.5570704E-08 1.7786132E-08 1.3134422E-08 1.4732422E-08 1.5006229E-08 1.4323605E-08 1.5316036E-08 1.5881675E-08 1.5544543E-08 1.4372515E-08  290.9609 289.4133 285.9242 281.6722 286.0758 283.8771 281.0504 278.8913 279.1995 276.6730 273.6344 273.1784 272.0015 269.2587 266.9313 267.6634  1217.37
1995 4.7214210E-09 6.2773320E-09 8.1030569E-09 9.6384678E-09 5.6913927E-09 7.4637567E-09 9.0972163E-09 9.0343049E-09 1.0129512E-08 1.1728611E-08 1.1352262E-08 8.8338608E-09 1.7756291E-08 1.7233512E-08 1.6088947E-08 1.3971865E-08  291.0646 290.0612 286.9173 282.9497 286.7023 284.6699 282.0446 280.2956 279.8704 277.3270 274.5922 274.4804 272.4886 269.5219 267.3728 268.6690  217.967
1996 1.0578051E-08 1.2289183E-08 1.3534734E-08 1.7720591E-08 1.3983701E-08 1.6003256E-08 1.6662620E-08 1.6981796E-08 2.0718010E-08 2.0631280E-08 1.8813855E-08 1.5085194E-08 2.4665413E-08 2.1149829E-08 1.9788033E-08 1.6957149E-08  290.8436 289.7401 286.4977 282.5276 286.3712 284.3406 281.9249 280.1608 279.9311 277.5923 274.9002 274.6709 272.9686 270.2303 267.9183 268.8120  313.7
1997 1.1212268E-08 1.1236357E-08 1.4765579E-08 1.9180897E-08 1.4096032E-08 1.5825139E-08 1.7991962E-08 1.8025679E-08 2.5464733E-08 2.2780611E-08 2.0319934E-08 1.6442344E-08 3.1575453E-08 2.4966528E-08 2.0721188E-08 1.7268258E-08  292.4682 288.2169 284.5056 280.5329 285.0326 282.4218 279.8309 278.1707 278.0746 275.3930 272.7382 272.7985 271.2179 268.7931 266.7419 267.3945  201.033
1998 5.3653002E-09 5.4099214E-09 5.6743445E-09 7.6820603E-09 6.1522467E-09 6.2276659E-09 7.1519377E-09 8.1968743E-09 1.1263341E-08 1.0529688E-08 9.4210799E-09 8.0143439E-09 1.6788299E-08 1.5089533E-08 1.3315329E-08 1.1116359E-08  290.6422 290.4725 287.7303 284.0767 287.0536 285.3594 283.0270 281.4819 280.4470 278.3907 275.8425 275.7444 273.3230 270.8066 268.5258 269.6939  239.667
1999 3.3929397E-09 4.3326431E-09 6.0243117E-09 8.3983629E-09 4.5191682E-09 5.9352154E-09 6.6274057E-09 7.2028796E-09 9.9441504E-09 1.1070902E-08 1.0169282E-08 8.0721563E-09 1.5264821E-08 1.5501435E-08 1.4919367E-08 1.3576812E-08  290.4940 290.1911 287.1440 283.3633 286.8912 285.0487 282.5964 281.0286 280.3488 277.9433 275.3884 275.4644 273.3153 270.3050 267.9141 269.1100  180.133
2000 4.7821045E-09 6.5207657E-09 9.0578416E-09 1.2873492E-08 4.3096700E-09 6.5373977E-09 8.9411119E-09 1.0377841E-08 7.9869125E-09 1.0579893E-08 1.1360860E-08 1.0114513E-08 1.3837728E-08 1.4796822E-08 1.4556937E-08 1.3666982E-08  290.9436 289.9442 286.8481 282.9773 286.6656 284.5669 282.0255 280.3260 279.9546 277.4481 274.6889 274.5649 272.6693 269.5526 267.3180 268.4898  1174.17
2001 1.0123618E-08 1.1242223E-08 1.4539342E-08 1.9799911E-08 1.1256915E-08 1.2445994E-08 1.4611495E-08 1.6464469E-08 1.5039486E-08 1.5718150E-08 1.5339209E-08 1.3667933E-08 1.7664906E-08 1.6883920E-08 1.6137561E-08 1.4941236E-08  291.0790 290.0959 286.9175 282.6532 286.9578 284.9913 282.3444 280.2870 280.6364 278.2836 275.4786 274.9403 273.7546 270.8170 268.4247 269.2256  160.367
2002 7.4423436E-09 7.7560962E-09 8.8304413E-09 1.2143943E-08 9.1152499E-09 9.1026120E-09 9.7997246E-09 1.0470723E-08 1.2976829E-08 1.2695121E-08 1.2191224E-08 1.0419519E-08 1.7897619E-08 1.7082797E-08 1.5821884E-08 1.3947833E-08  290.6467 289.2774 285.8694 281.6349 285.9972 283.7822 280.9850 278.9388 279.1977 276.4897 273.6179 273.2457 271.7981 268.7775 266.7197 267.6804  204.033
2003 5.8756084E-09 6.3023871E-09 9.6749169E-09 1.4699226E-08 7.2433295E-09 7.6303346E-09 1.0530083E-08 1.2810365E-08 1.2778044E-08 1.2530044E-08 1.2361209E-08 1.1614861E-08 1.7646189E-08 1.6966895E-08 1.5683410E-08 1.4124057E-08  291.4124 289.7696 286.5094 282.4605 286.3229 284.2809 281.6244 279.8067 279.4402 277.0240 274.2118 273.8926 272.1370 269.2476 267.0089 267.9942  275.833
2004 7.1732371E-09 9.3950971E-09 1.0318535E-08 1.3407235E-08 8.1597937E-09 9.9776782E-09 1.0921601E-08 1.1562754E-08 1.2977518E-08 1.4354716E-08 1.3660225E-08 1.1004040E-08 1.8138849E-08 1.7052889E-08 1.5867970E-08 1.4224115E-08  291.3568 289.9563 286.5783 282.4783 286.5392 284.3801 281.6414 279.6578 279.5938 277.0398 274.1659 273.9276 272.3147 269.4150 267.1125 268.0323  243.433
2005 4.9792956E-09 4.8336632E-09 5.5507692E-09 8.5339176E-09 5.8498375E-09 6.1724665E-09 6.9909745E-09 8.0983735E-09 9.0589856E-09 9.5481694E-09 9.0505985E-09 8.6330472E-09 1.4124581E-08 1.3374695E-08 1.3140915E-08 1.3099906E-08  291.0585 289.9602 286.7885 282.7791 286.5676 284.5825 281.9633 280.1788 280.0033 277.5376 274.7690 274.5392 272.8033 269.9763 267.5276 268.5487  164.633
2006 6.0118799E-09 5.9051826E-09 7.6190814E-09 1.3720989E-08 7.9928020E-09 8.1440072E-09 9.7339869E-09 1.2482276E-08 1.3748692E-08 1.3899127E-08 1.3104395E-08 1.1704290E-08 1.8034441E-08 1.7144986E-08 1.5779602E-08 1.4443160E-08  291.5855 289.1345 285.9706 282.2355 285.5878 283.4675 280.8963 279.0358 278.6394 276.2331 273.5713 273.2433 271.2742 268.7265 266.7083 267.4827  207.8
2007 6.3834551E-09 5.7375495E-09 6.4974546E-09 1.1878944E-08 7.4340858E-09 7.2151507E-09 9.1570040E-09 1.1526900E-08 1.2633312E-08 1.2994862E-08 1.2263054E-08 1.0752933E-08 1.8060252E-08 1.9342323E-08 1.7923055E-08 1.6195365E-08  290.4413 289.4462 286.6905 283.1829 285.9115 284.1063 281.8069 280.3008 279.1696 276.9316 274.5357 274.4656 271.5750 269.1104 267.2883 268.3864  157.3
2008 4.1477328E-09 4.5679296E-09 6.2430421E-09 9.3824939E-09 4.6157211E-09 6.0708492E-09 8.3729805E-09 1.0192902E-08 8.3907912E-09 9.7646513E-09 1.0607253E-08 1.0662156E-08 1.5483003E-08 1.5714447E-08 1.5534829E-08 1.4426738E-08  291.5851 289.8301 286.6317 282.8755 286.4931 284.4808 281.8397 280.1584 279.8227 277.4580 274.5869 274.3647 272.4525 269.7524 267.5326 268.2842  230.467
2009 5.5333222E-09 6.3627263E-09 1.1093874E-08 1.8400936E-08 7.5295725E-09 7.3395126E-09 9.9126147E-09 1.4495382E-08 1.2460061E-08 1.2793943E-08 1.2603073E-08 1.2061506E-08 1.5784854E-08 1.5806572E-08 1.5898513E-08 1.4511696E-08  291.3925 289.9769 286.5916 282.1561 286.3607 284.3102 281.4788 279.1590 279.4628 277.0151 274.0038 273.3495 271.9248 269.4258 267.1863 267.8507  150.867
2010 1.4646683E-09 1.1925931E-09 1.7454169E-09 3.5268226E-09 1.5118694E-09 1.8880726E-09 2.8044285E-09 3.7889945E-09 4.1787871E-09 4.4780877E-09 4.4446375E-09 4.4773443E-09 7.4613125E-09 7.6500379E-09 8.2238678E-09 7.9173486E-09  289.9907 290.6752 287.9495 284.0785 287.4474 285.6998 283.2018 281.3627 281.0513 278.7145 276.0107 275.7315 273.5934 270.6749 268.2895 269.4358  165.2
2011 6.9711561E-09 5.9395959E-09 6.0882543E-09 8.7200931E-09 6.5268888E-09 7.3570328E-09 7.9071913E-09 9.1956727E-09 8.8375129E-09 9.9621280E-09 1.0317352E-08 9.8862261E-09 1.4250133E-08 1.4807955E-08 1.4228756E-08 1.3599268E-08  290.6071 289.6581 286.7321 283.0916 286.2426 284.3895 281.9116 280.2579 279.5160 277.2223 274.5157 274.3217 272.0644 269.3908 267.1263 268.2115  161.067
2012 6.2455929E-09 5.3305147E-09 6.6226820E-09 1.0869829E-08 6.3074159E-09 6.7285044E-09 7.5407840E-09 1.0730770E-08 1.0277415E-08 1.0737426E-08 1.0679837E-08 1.0158038E-08 1.5180824E-08 1.4886253E-08 1.4241925E-08 1.3096322E-08  292.2279 289.6850 286.4249 282.4869 286.1501 284.0071 281.2924 279.3976 279.2139 276.6593 273.7405 273.4505 271.6080 268.9545 266.8327 267.7256  139.4
2013 9.2832053E-09 9.6893542E-09 9.4039967E-09 1.1627774E-08 1.1073805E-08 1.1072366E-08 1.0610366E-08 1.1253429E-08 1.4417284E-08 1.4427957E-08 1.2714949E-08 1.0138137E-08 1.6000824E-08 1.5457866E-08 1.3524569E-08 1.1603742E-08  290.5270 289.8466 286.6858 282.5190 286.5391 284.5903 281.9847 279.9597 279.8817 277.5464 274.7927 274.4061 272.6391 269.9046 267.6758 268.7308  270.333
2014 6.1536540E-09 7.8751059E-09 1.0042939E-08 1.3471221E-08 6.6071837E-09 9.2491659E-09 1.1292612E-08 1.3007678E-08 1.0016571E-08 1.2002457E-08 1.3156384E-08 1.2913383E-08 1.5202975E-08 1.4614975E-08 1.4828100E-08 1.4153059E-08  292.6355 290.4911 286.7693 282.1934 287.2004 284.8691 281.8610 279.6185 280.4934 277.7952 274.7043 274.1123 273.4609 270.4277 267.9246 268.7171  211.133
2015 3.4393592E-09 2.7951834E-09 4.4132387E-09 8.9947276E-09 4.7250563E-09 5.3614473E-09 7.8743572E-09 1.0292234E-08 1.0823603E-08 1.0978263E-08 1.1355851E-08 1.0231339E-08 1.8840451E-08 1.6348684E-08 1.5453248E-08 1.4396472E-08  293.2047 289.7391 285.6358 281.0483 286.5712 283.9571 280.6229 278.3275 279.5274 276.6030 273.3775 272.9736 272.4160 269.4276 267.0500 267.7244  845.067
