STN,prec_1,prec_2,prec_3,prec_4,prec_5,prec_6,prec_7,prec_8,prec_9,prec_10,prec_11,prec_12,prec_13,prec_14,prec_15,prec_16,st_1,st_2,st_3,st_4,st_5,st_6,st_7,st_8,st_9,st_10,st_11,st_12,st_13,st_14,st_15,st_16,08.0
LAT,29.30136,29.30136,29.30136,29.30136,32.09194,32.09194,32.09194,32.09194,34.88252,34.88252,34.88252,34.88252,37.67308,37.67308,37.67308,37.67308,29.30136,29.30136,29.30136,29.30136,32.09194,32.09194,32.09194,32.09194,34.88252,34.88252,34.88252,34.88252,37.67308,37.67308,37.67308,37.67308,33.6194949
LON,-115.3125,-112.5000,-109.6875,-106.8750,-115.3125,-112.5000,-109.6875,-106.8750,-115.3125,-112.5000,-109.6875,-106.8750,-115.3125,-112.5000,-109.6875,-106.8750,-115.3125,-112.5000,-109.6875,-106.8750,-115.3125,-112.5000,-109.6875,-106.8750,-115.3125,-112.5000,-109.6875,-106.8750,-115.3125,-112.5000,-109.6875,-106.8750,-110.9215037
1958 4.0119597E-09 3.9094954E-09 4.7030659E-09 7.8531812E-09 4.3240758E-09 5.3237894E-09 7.0564909E-09 9.2011501E-09 1.1082258E-08 1.1364675E-08 1.0986171E-08 9.9802842E-09 1.9648837E-08 1.7701081E-08 1.6186124E-08 1.4960314E-08  290.9406 289.0640 285.7875 281.9038 285.4256 283.2982 280.6968 278.9410 278.3411 275.7723 272.9232 272.8253 270.7431 267.9677 265.9908 267.0705  295.871
1959 4.3778821E-09 4.9355644E-09 6.4712218E-09 1.1201984E-08 5.1517017E-09 6.7108563E-09 8.7894731E-09 1.0505904E-08 9.1563530E-09 1.0492051E-08 1.1031002E-08 9.9887920E-09 1.5707204E-08 1.5994853E-08 1.5744735E-08 1.4730620E-08  290.9924 289.1393 285.7457 281.7421 285.6241 283.4005 280.6155 278.8232 278.6012 275.9214 273.0410 272.9697 271.1670 268.3160 266.0621 267.1591  1330.84
1960 5.9417338E-09 4.6521720E-09 4.3134363E-09 7.5226767E-09 8.1052258E-09 7.8619751E-09 8.3151495E-09 9.6105017E-09 1.1912581E-08 1.2018059E-08 1.1707517E-08 1.0594125E-08 1.8098923E-08 1.7291892E-08 1.6360618E-08 1.4437094E-08  290.8572 289.2366 286.0295 282.1342 285.6421 283.6193 280.9798 279.1989 278.6787 276.2518 273.4867 273.2633 271.1346 268.6290 266.6329 267.6370  171.581
1961 5.1713140E-09 3.9566044E-09 6.1784906E-09 1.0494324E-08 6.2156844E-09 5.9978347E-09 6.9703887E-09 9.4793267E-09 1.1943305E-08 1.1255693E-08 1.0244269E-08 9.0128660E-09 1.9748986E-08 1.7524959E-08 1.5646698E-08 1.4489784E-08  290.9019 289.1795 285.9203 282.0024 285.6662 283.4734 280.9196 279.2373 278.4912 276.0280 273.3605 273.3670 270.9760 268.5729 266.4757 267.4292  285.806
1962 4.4715986E-09 3.4826950E-09 4.1538035E-09 6.7718289E-09 5.9931509E-09 5.4236557E-09 5.5407825E-09 6.2965335E-09 1.1961566E-08 1.2148673E-08 1.0530218E-08 7.4572606E-09 2.1589283E-08 1.9226981E-08 1.6924050E-08 1.3051362E-08  290.7554 289.3829 286.1715 282.3654 285.8162 283.7451 281.1020 279.5839 278.9129 276.3858 273.5515 273.6267 271.4031 268.6682 266.3948 267.6937  150.548
1963 4.7989537E-09 5.7133178E-09 6.6627894E-09 1.0365884E-08 4.4676720E-09 5.9963012E-09 7.4085653E-09 8.9886116E-09 9.3493382E-09 9.6983150E-09 9.6450652E-09 8.5706624E-09 1.7184849E-08 1.6035044E-08 1.4422569E-08 1.2867973E-08  290.9823 289.2100 285.8426 281.8735 285.8514 283.6134 280.9796 279.2804 278.7603 276.1862 273.4732 273.3954 271.3497 268.6177 266.5489 267.6132  1030.77
1964 3.0191403E-09 2.7506568E-09 3.3960545E-09 5.6441332E-09 4.0335473E-09 4.1182622E-09 5.1102758E-09 6.7143411E-09 8.2745863E-09 9.4720516E-09 9.5361301E-09 7.6151592E-09 1.2909910E-08 1.3812663E-08 1.3048811E-08 1.1660553E-08  290.5928 290.2532 286.8770 282.5974 286.8521 284.8034 281.9731 279.9670 279.8458 277.3143 274.3820 274.0944 271.9980 269.0840 266.9170 268.1806  634.387
1965 7.3820656E-09 8.2009866E-09 1.0950852E-08 1.4919859E-08 8.6666079E-09 9.4365982E-09 1.1681911E-08 1.3521954E-08 1.5353876E-08 1.4861008E-08 1.3506668E-08 1.1473973E-08 2.2369102E-08 1.9873358E-08 1.7455475E-08 1.5424559E-08  291.0117 288.7238 285.5008 281.6242 285.3525 282.9964 280.3289 278.6395 278.4067 275.6493 272.7621 272.6719 271.0419 268.2972 266.1471 267.1366  520.871
1966 4.0915458E-09 4.1029224E-09 5.7635892E-09 9.9489830E-09 4.7512709E-09 6.1421885E-09 8.1411313E-09 1.0743644E-08 9.4021235E-09 9.6747010E-09 1.0198268E-08 1.0110545E-08 1.6293336E-08 1.4721190E-08 1.3933469E-08 1.3127573E-08  290.7940 289.5785 286.2330 282.0694 286.0415 283.9237 281.1454 279.2288 279.0938 276.4790 273.5732 273.3461 271.5442 268.8687 266.6702 267.5098  459.29
1967 4.4956603E-09 5.6372076E-09 8.1205940E-09 1.2424344E-08 5.9811796E-09 6.9072725E-09 9.3018970E-09 1.1247103E-08 1.1772220E-08 1.2453872E-08 1.1790232E-08 1.0061511E-08 1.8793221E-08 1.7861970E-08 1.6434184E-08 1.4337971E-08  290.8289 288.8028 285.6117 281.9552 285.2360 283.0911 280.6030 279.0348 278.1365 275.6656 272.8899 272.9400 270.4144 267.9034 265.9349 267.0334  1337.94
1968 6.6698416E-09 5.5636900E-09 6.5977930E-09 9.5296286E-09 8.3308720E-09 8.0860216E-09 9.3015009E-09 1.0759230E-08 1.6675269E-08 1.4977864E-08 1.3962825E-08 1.1843317E-08 2.4777094E-08 2.0823359E-08 1.8084023E-08 1.6017928E-08  290.8395 288.6377 285.3478 281.5724 285.2779 283.0884 280.5602 278.9404 278.3625 275.9961 273.2770 273.2652 271.0064 268.5992 266.5526 267.4376  701.29
1969 4.0523389E-09 3.5961287E-09 4.4827639E-09 8.4201783E-09 6.0448566E-09 5.3414873E-09 5.8140337E-09 7.1663804E-09 1.2475679E-08 1.1911323E-08 1.0567448E-08 8.1318356E-09 2.1402785E-08 1.9391956E-08 1.7351677E-08 1.4086681E-08  290.8788 289.3893 286.0804 282.1738 285.9422 283.7059 280.9714 279.3440 278.8939 276.2137 273.3283 273.2416 271.3834 268.7091 266.5084 267.4785  348.129
1970 6.0553611E-09 6.1828973E-09 5.7409739E-09 8.2160891E-09 6.7014141E-09 8.2272145E-09 8.5226146E-09 9.9939772E-09 1.1976439E-08 1.3366067E-08 1.2198700E-08 1.0239503E-08 1.8614831E-08 1.8127404E-08 1.6620691E-08 1.3865909E-08  290.7131 289.3130 286.2059 282.2312 285.5899 283.6342 281.0938 279.3368 278.4694 276.0382 273.4067 273.3781 270.6273 268.0056 266.1268 267.4311  336.581
1971 3.1233429E-09 3.6053802E-09 4.6571924E-09 6.8630830E-09 4.4319020E-09 4.8900382E-09 6.0023511E-09 7.9902582E-09 8.9969783E-09 8.8197583E-09 8.3625578E-09 8.4023126E-09 1.4025651E-08 1.3433331E-08 1.2684157E-08 1.1862046E-08  290.6331 289.8825 286.4673 282.1571 286.5158 284.4674 281.7170 279.6873 279.7294 277.2945 274.2545 273.8996 272.5333 269.5671 267.0362 267.9495  860.194
1972 6.9861890E-09 6.6688588E-09 8.9493177E-09 1.2333667E-08 7.8890379E-09 9.9260795E-09 1.2315196E-08 1.2914359E-08 1.3051264E-08 1.4523565E-08 1.5320838E-08 1.3651799E-08 2.1296263E-08 1.9672980E-08 1.8705146E-08 1.7655754E-08  290.9807 288.9049 285.4004 281.3162 285.4153 283.1134 280.3604 278.5735 278.4349 275.7707 272.7541 272.6019 271.1915 268.4813 266.1818 266.9758  178.774
1973 3.3565943E-09 2.8515210E-09 4.8015774E-09 7.3778454E-09 3.6187449E-09 4.9718372E-09 7.4058386E-09 8.2333926E-09 8.6276142E-09 9.7284261E-09 9.8359658E-09 8.3585014E-09 1.5924080E-08 1.5606773E-08 1.4657854E-08 1.2696342E-08  290.5569 289.9115 286.7480 282.8311 286.4987 284.5554 281.8506 280.0685 279.7432 277.3238 274.5276 274.2177 272.4553 269.5688 267.2417 268.1591  370.29
1974 6.8022881E-09 6.0615668E-09 7.9926883E-09 1.0599281E-08 8.2734726E-09 8.4601783E-09 1.0006609E-08 1.1368961E-08 1.5253061E-08 1.4738246E-08 1.3973401E-08 1.1606513E-08 2.3011072E-08 2.0789356E-08 1.8318495E-08 1.4910249E-08  290.6716 289.8358 286.7665 282.9193 286.2500 284.3605 281.9361 280.2834 279.3556 277.0964 274.4257 274.4247 271.8547 269.3828 267.1490 268.5606  284.129
1975 2.4459004E-09 1.9528339E-09 3.3652194E-09 6.3611907E-09 3.4373220E-09 3.9820915E-09 5.4892015E-09 6.8060690E-09 1.0490299E-08 1.0820944E-08 9.8669046E-09 8.0882891E-09 1.9145956E-08 1.7683513E-08 1.6163016E-08 1.3720429E-08  290.5728 289.4724 286.1341 282.1019 286.1124 284.0627 281.3041 279.5312 279.2678 276.7328 273.9087 273.8152 271.6503 268.8900 266.7471 267.9198  180.903
1976 5.7319141E-09 4.1044901E-09 4.8091948E-09 7.5377109E-09 6.5260939E-09 6.5454309E-09 7.7873308E-09 9.0240935E-09 1.4432268E-08 1.3810546E-08 1.2301178E-08 9.9669526E-09 2.2158101E-08 1.9620700E-08 1.7027300E-08 1.4700970E-08  290.8396 288.8533 285.4683 281.5497 285.3333 283.0875 280.4801 278.8696 278.1628 275.6008 272.7825 272.8800 270.7527 268.1486 266.0218 267.2141  295.097
1977 5.5962364E-09 6.9352577E-09 9.0614343E-09 1.1281418E-08 6.5689587E-09 8.0527389E-09 9.9933333E-09 1.0788787E-08 1.2775099E-08 1.3147068E-08 1.2170959E-08 9.6773967E-09 1.9299405E-08 1.8105110E-08 1.5803089E-08 1.3424575E-08  290.8543 289.0073 285.8840 282.1516 285.3428 283.3265 280.8262 279.1859 278.2712 275.8256 273.2574 273.1931 270.7382 268.1163 266.1400 267.2442  396.71
1978 6.4043739E-09 5.8330363E-09 7.2039503E-09 9.8347135E-09 7.9036004E-09 8.5207681E-09 9.2038839E-09 1.0533375E-08 1.6409823E-08 1.6579399E-08 1.4973050E-08 1.2231280E-08 2.3965898E-08 2.1602771E-08 1.9806507E-08 1.7816213E-08  290.8148 288.9892 285.8475 282.1798 285.3174 283.3175 280.8404 279.2447 278.2277 275.7878 273.2083 273.2059 270.6954 268.1708 266.1568 267.1418  360
1979 3.5339454E-09 3.3639245E-09 5.1630704E-09 9.3570689E-09 5.0126681E-09 5.6276193E-09 7.8521314E-09 1.0564370E-08 1.3042479E-08 1.2736624E-08 1.2257227E-08 1.1458330E-08 2.1317982E-08 1.9471370E-08 1.7730420E-08 1.5636694E-08  290.9363 289.1797 285.8234 281.9192 285.6204 283.4904 280.8345 279.0270 278.5736 276.1001 273.3733 273.1754 271.1172 268.4836 266.4434 267.3484  414
1980 4.1330752E-09 3.5480308E-09 4.0411616E-09 6.8105135E-09 5.2717040E-09 5.5021498E-09 6.8139263E-09 8.0790006E-09 1.2617610E-08 1.2280714E-08 1.1336325E-08 9.5135073E-09 1.9831825E-08 1.7807956E-08 1.6151125E-08 1.4723691E-08  290.9885 289.3335 285.9845 282.0036 285.7239 283.5846 280.8889 279.0109 278.5464 276.0752 273.2513 272.9653 270.7550 268.0598 266.0676 267.0768  461.29
1981 3.4945371E-09 3.8692050E-09 6.1929994E-09 1.1508646E-08 4.4418873E-09 5.5363896E-09 7.8097857E-09 1.0394397E-08 9.0015373E-09 9.5843822E-09 9.8075299E-09 9.2512424E-09 1.5833621E-08 1.5206385E-08 1.4738615E-08 1.3546781E-08  290.9174 289.1577 285.7646 281.7417 285.7518 283.5575 280.7904 278.9108 278.8178 276.2048 273.3086 273.0190 271.3570 268.5973 266.3160 267.1262  336
1982 6.3724164E-09 7.7778362E-09 9.3741690E-09 1.2433988E-08 7.0832775E-09 9.2467269E-09 1.1874847E-08 1.3547500E-08 1.1026567E-08 1.2964769E-08 1.4433331E-08 1.4151817E-08 1.6001394E-08 1.5204748E-08 1.4939724E-08 1.4677302E-08  290.8945 288.6711 285.1784 281.0817 285.5957 283.2130 280.3464 278.2634 278.7469 276.0806 273.1308 272.6145 271.4841 268.8859 266.5764 267.2406  428.839
1983 4.3511474E-09 5.8710530E-09 7.4216313E-09 1.1139773E-08 3.5206422E-09 5.3924576E-09 8.2965341E-09 1.1177786E-08 7.9741076E-09 9.3381125E-09 1.0592101E-08 1.0567586E-08 1.6925100E-08 1.6418547E-08 1.5534724E-08 1.4351249E-08  291.2134 289.8884 286.6439 282.4963 286.3187 284.1998 281.4319 279.4097 279.1737 276.5910 273.5118 273.2021 271.6487 268.8502 266.5223 267.5471  557.613
1984 2.8243308E-09 2.9095710E-09 4.0029300E-09 7.5988149E-09 4.3591384E-09 4.6453144E-09 6.1285279E-09 8.4349265E-09 1.1221695E-08 1.1376031E-08 1.0791224E-08 1.0043952E-08 1.8415156E-08 1.7090182E-08 1.6150949E-08 1.4529585E-08  291.1654 289.9371 286.6500 282.4338 286.2483 284.1771 281.4384 279.5621 279.0840 276.4488 273.6548 273.6420 271.3606 268.6444 266.4993 267.8000  729.645
1985 3.8249941E-09 4.7137676E-09 6.7605797E-09 1.0834889E-08 4.4395652E-09 5.8185998E-09 8.5265492E-09 1.0667097E-08 1.0242051E-08 1.1561286E-08 1.1392331E-08 9.7584092E-09 1.6158934E-08 1.6025657E-08 1.4723420E-08 1.3215066E-08  291.0402 289.3207 286.1317 282.1147 285.6962 283.6562 281.0670 279.2952 278.5952 276.1868 273.6172 273.5165 271.2749 268.6700 266.4961 267.8127  458.161
1986 6.9164865E-09 6.0662622E-09 8.4722940E-09 1.3447441E-08 8.4288105E-09 9.1198524E-09 1.0538219E-08 1.2157528E-08 1.3622029E-08 1.3670117E-08 1.2872787E-08 1.1155559E-08 1.9117492E-08 1.8097850E-08 1.6689954E-08 1.4807179E-08  291.0892 289.1391 285.7110 281.5995 285.5963 283.3028 280.6893 278.7118 278.4270 275.7818 272.9068 272.7088 270.9415 268.1014 266.0674 267.1743  386
1987 8.2324432E-09 8.4048200E-09 9.1417052E-09 1.2028066E-08 1.0460461E-08 1.0756035E-08 1.1406490E-08 1.1885960E-08 1.6633702E-08 1.5837653E-08 1.4151028E-08 1.1545220E-08 2.2724054E-08 2.0916833E-08 1.8673749E-08 1.5528578E-08  291.2955 289.2301 285.8416 281.7511 285.8132 283.4738 280.9012 279.1336 279.0337 276.4171 273.6348 273.5719 271.8787 269.0566 266.9000 267.8788  532.387
1988 5.4951950E-09 4.9576490E-09 6.2065975E-09 8.1209652E-09 8.6544132E-09 8.7719574E-09 9.3107557E-09 9.2538714E-09 1.4956225E-08 1.5415242E-08 1.4011126E-08 1.0276518E-08 1.9197373E-08 1.9000153E-08 1.7353777E-08 1.5133411E-08  290.8422 290.4040 287.3145 283.2811 286.7912 284.8944 282.3586 280.6555 280.0175 277.6380 274.9704 274.9950 272.7411 270.0841 267.8950 269.0901  1231.06
1989 3.4051806E-09 4.2664441E-09 6.5733849E-09 8.5006473E-09 5.8047847E-09 6.9412045E-09 8.8586631E-09 9.5159720E-09 1.3600856E-08 1.4174534E-08 1.3425288E-08 1.0925927E-08 1.9601632E-08 1.9157367E-08 1.8116332E-08 1.5738609E-08  291.0777 289.7134 286.4801 282.5711 286.2787 284.1801 281.5742 279.8954 279.3249 276.9552 274.0388 273.9161 271.9716 269.2318 267.0613 267.9470  276.839
1990 6.3653682E-09 6.4866095E-09 6.6964061E-09 1.0082215E-08 6.9539796E-09 7.2193100E-09 8.5032115E-09 9.5142649E-09 1.1801340E-08 1.2091944E-08 1.1142196E-08 9.8853636E-09 1.7789541E-08 1.7194241E-08 1.5930565E-08 1.4225689E-08  291.2145 289.2024 285.7789 281.6971 285.7912 283.4541 280.6953 278.8685 278.7848 276.0523 273.1862 273.0606 271.3743 268.5901 266.4387 267.3668  461.968
1991 4.4205986E-09 4.7972812E-09 7.8534557E-09 1.3089463E-08 5.7471854E-09 6.7534329E-09 9.6657233E-09 1.1995586E-08 1.1899343E-08 1.2959572E-08 1.3597644E-08 1.2047794E-08 2.0722457E-08 1.9790830E-08 1.9033427E-08 1.7154427E-08  291.1722 288.7761 285.3217 281.3905 285.4499 283.1309 280.2882 278.4963 278.3907 275.6960 272.7358 272.6083 270.8099 268.1747 265.8896 266.9079  297.774
1992 8.2677349E-09 1.0562987E-08 1.4274832E-08 2.1447933E-08 1.0694053E-08 1.3824776E-08 1.6653905E-08 1.8218719E-08 1.5897950E-08 1.8598836E-08 1.7607380E-08 1.5426023E-08 2.1359055E-08 2.0815975E-08 1.9410582E-08 1.7435410E-08  291.4291 288.6029 285.0305 280.9338 285.2093 282.8171 280.0393 277.9803 277.9019 275.2303 272.3136 271.9669 270.1449 267.5841 265.5640 266.3995  1427.35
1993 1.0836754E-08 1.2460734E-08 1.5486306E-08 1.8968317E-08 1.4064252E-08 1.5225522E-08 1.8064370E-08 1.8362684E-08 1.9013111E-08 1.8362819E-08 1.8191413E-08 1.5964904E-08 2.0631534E-08 1.8461931E-08 1.7588913E-08 1.6796795E-08  291.4812 289.2137 285.6505 281.3917 285.9897 283.5934 280.6896 278.7301 279.1878 276.4594 273.2869 272.9339 271.9637 269.3195 266.9965 267.4660  371.226
1994 9.0474250E-09 9.0342676E-09 1.1203325E-08 1.4479748E-08 9.7607300E-09 9.9399227E-09 1.1453933E-08 1.3126459E-08 1.4206527E-08 1.4135026E-08 1.3105929E-08 1.1530251E-08 1.9797209E-08 1.8266052E-08 1.6600602E-08 1.4478266E-08  291.1144 289.1913 286.0316 282.0620 285.6076 283.4659 280.9248 279.1922 278.5955 276.0142 273.1775 273.0490 271.0412 268.3638 266.3264 267.2704  266.29
1995 4.0281147E-09 3.5622330E-09 4.7940936E-09 1.0784462E-08 4.9717088E-09 5.4022840E-09 7.0949016E-09 9.7958797E-09 1.1015809E-08 1.1915384E-08 1.2132997E-08 1.1252690E-08 1.7901222E-08 1.6844069E-08 1.6232455E-08 1.4693886E-08  291.1999 289.8363 286.3730 282.0789 286.3590 284.2034 281.2945 279.2505 279.4698 276.8126 273.7678 273.4010 272.0784 269.1723 266.8898 267.8701  252.742
1996 3.3067136E-09 3.6567089E-09 5.5645279E-09 8.5210106E-09 5.1881726E-09 6.0812373E-09 8.2245828E-09 8.6824228E-09 1.3391809E-08 1.4034228E-08 1.3007324E-08 1.0073268E-08 2.3075442E-08 2.1528070E-08 1.9371205E-08 1.5707288E-08  291.1870 289.3852 286.3158 282.5053 285.6575 283.6205 281.1775 279.5885 278.4482 276.0034 273.3159 273.5358 271.0387 268.4886 266.4382 267.5024  271
1997 9.5357482E-09 1.0096123E-08 1.2405317E-08 1.5058202E-08 1.5310444E-08 1.4958637E-08 1.5108098E-08 1.5060250E-08 2.4979247E-08 2.0685571E-08 1.8321000E-08 1.5834850E-08 3.2219383E-08 2.4604189E-08 2.1682101E-08 1.9078115E-08  291.5602 289.3013 285.9240 281.8010 285.8948 283.6369 281.1162 279.1545 279.2370 276.7352 273.7474 273.3590 272.5869 270.0541 267.5715 267.9868  200.226
1998 2.4807825E-09 1.4832646E-09 1.9699493E-09 4.3289372E-09 4.2370578E-09 3.8678922E-09 4.5575956E-09 5.3651501E-09 1.0707653E-08 1.0086773E-08 9.1773025E-09 7.0931980E-09 1.9561410E-08 1.7198115E-08 1.5112816E-08 1.2535939E-08  291.0769 290.6924 287.5897 283.7290 287.0293 285.1489 282.6369 281.1490 280.1794 277.8720 275.3324 275.4795 272.9283 270.4384 268.3691 269.5033  254.355
1999 3.1168901E-09 2.2732967E-09 2.8672211E-09 4.7088666E-09 5.0133182E-09 4.8870046E-09 6.1711423E-09 7.5496933E-09 1.1230353E-08 1.1297351E-08 1.0749288E-08 9.3904662E-09 1.7919582E-08 1.7078992E-08 1.5991391E-08 1.4070921E-08  290.8112 290.1616 287.0540 283.1413 286.5617 284.6643 282.1230 280.4749 279.8644 277.5182 274.9088 274.7604 272.6110 269.9297 267.7462 268.9053  1159.81
2000 9.1639771E-09 6.9586106E-09 6.8741435E-09 1.0250190E-08 1.1694238E-08 1.0300611E-08 9.5045118E-09 9.7630188E-09 1.6622922E-08 1.5134880E-08 1.3064037E-08 1.0230008E-08 1.9278522E-08 1.7867537E-08 1.6282462E-08 1.4859041E-08  291.1238 289.9588 286.9109 282.9532 286.2382 284.2918 281.8624 280.1305 279.2281 276.7988 274.1867 274.1688 271.6868 268.7578 266.7849 267.9564  302.645
2001 2.7940930E-09 2.8787486E-09 3.8803649E-09 5.8509699E-09 3.4095076E-09 4.3442840E-09 6.1119101E-09 7.7268671E-09 8.2008915E-09 9.0715018E-09 9.8312301E-09 9.4882502E-09 1.4950899E-08 1.4798269E-08 1.5154525E-08 1.4111052E-08  291.0939 289.7120 286.4977 282.3746 286.4255 284.2234 281.4134 279.4153 279.7604 277.0345 273.9851 273.5182 272.3879 269.3959 267.0342 267.8309  346.516
2002 4.0277168E-09 4.8365645E-09 5.4595035E-09 8.7629273E-09 5.7693810E-09 7.0134765E-09 8.0076665E-09 9.2737009E-09 1.1628146E-08 1.2396688E-08 1.2136857E-08 1.0676690E-08 2.0393358E-08 1.8413008E-08 1.7165465E-08 1.5928592E-08  291.1388 289.1993 285.7594 281.5517 285.5645 283.3364 280.6127 278.5928 278.3791 275.7919 272.8555 272.6165 270.6247 267.9881 266.0197 266.9969  354.387
2003 6.8032677E-09 8.6808711E-09 9.3357508E-09 1.0173431E-08 8.0202964E-09 9.5091712E-09 1.1033219E-08 1.1636481E-08 1.5343547E-08 1.5763758E-08 1.4863545E-08 1.2337374E-08 2.2134410E-08 2.0740648E-08 1.9458499E-08 1.7502108E-08  290.7140 289.2707 286.1925 282.5715 285.7909 283.6960 281.2664 279.8463 278.6715 276.2018 273.7472 273.8929 271.0333 268.3709 266.4815 267.6082  301.452
2004 4.3264090E-09 5.0896247E-09 7.1012880E-09 1.2374846E-08 5.5788694E-09 6.6838193E-09 8.6062100E-09 1.0829428E-08 1.2007299E-08 1.3132106E-08 1.2920134E-08 1.0934170E-08 1.8398758E-08 1.8114109E-08 1.6733294E-08 1.4594826E-08  291.2488 288.9657 285.6493 281.7963 285.3795 283.2031 280.6449 278.9324 278.0129 275.4973 272.9354 272.9660 270.5151 267.8292 265.9580 267.0260  218.903
2005 9.2793568E-09 8.0770350E-09 9.9992361E-09 1.4997534E-08 8.2736777E-09 8.4779321E-09 1.0742196E-08 1.3351929E-08 1.2107328E-08 1.1826390E-08 1.2348147E-08 1.1695197E-08 1.6610302E-08 1.5873027E-08 1.5090928E-08 1.4799155E-08  291.2944 289.5921 286.4809 282.4685 286.2303 284.2423 281.7331 279.8530 279.2952 276.8674 274.2810 274.0439 271.7581 269.1836 267.0012 268.0484  423.355
2006 4.3387574E-09 4.0299541E-09 4.9666378E-09 1.0487461E-08 5.7243059E-09 6.2894503E-09 7.0282558E-09 9.1758308E-09 1.0590366E-08 1.0237393E-08 1.0401165E-08 1.0424186E-08 1.6611708E-08 1.5529325E-08 1.5409318E-08 1.4392739E-08  291.0885 290.2577 286.9485 282.7626 286.8846 284.8703 282.1179 280.1169 280.0853 277.5779 274.6533 274.2295 272.5061 269.6565 267.2108 268.2230  2414.45
2007 5.5597038E-09 6.5365615E-09 9.2544301E-09 1.0826339E-08 6.5782855E-09 9.3368753E-09 1.1307778E-08 1.1556140E-08 1.1367473E-08 1.3725455E-08 1.4069665E-08 1.1650989E-08 1.6018792E-08 1.6055184E-08 1.5764263E-08 1.4644187E-08  290.8178 290.1365 286.9079 282.8813 286.9466 284.8620 282.1997 280.3044 280.4745 277.9611 275.1644 274.8945 273.3613 270.4630 267.9520 269.0547  1074
2008 4.7327959E-09 4.1814792E-09 5.1565632E-09 8.1614093E-09 5.4632667E-09 6.2100312E-09 7.8107325E-09 8.7281560E-09 1.2417751E-08 1.2659925E-08 1.2283702E-08 1.0502083E-08 2.0839495E-08 1.8595017E-08 1.6959000E-08 1.5228963E-08  290.8378 289.8480 286.7791 283.1076 286.4104 284.4114 281.8762 280.3504 279.4067 276.9491 274.3171 274.4529 271.8992 269.2304 267.2364 268.4011  511.774
2009 6.1756418E-09 6.3372743E-09 9.2910231E-09 1.4334650E-08 6.8172912E-09 7.7522939E-09 9.7284634E-09 1.1297424E-08 1.1227884E-08 1.1592210E-08 1.1460815E-08 1.0018260E-08 1.7099682E-08 1.6057271E-08 1.5128835E-08 1.3808828E-08  291.3088 289.2077 285.6561 281.4491 285.8482 283.4903 280.5952 278.6212 278.7923 276.1194 273.0203 272.7402 271.4423 268.7335 266.5480 267.4132  119.226
2010 4.0928190E-09 4.2659858E-09 5.2127538E-09 7.1117618E-09 5.5457341E-09 5.1105067E-09 6.0006919E-09 6.3420731E-09 1.1694077E-08 1.0566922E-08 9.2491410E-09 7.8162845E-09 1.8220524E-08 1.6232638E-08 1.4356036E-08 1.2956492E-08  290.6924 290.4709 287.5587 283.6488 287.0049 285.1676 282.7134 280.9864 280.3415 278.0760 275.6082 275.4140 272.9765 270.3571 268.2418 269.3361  836.613
2011 4.9274904E-09 4.0914467E-09 5.9574523E-09 9.3793631E-09 7.0450166E-09 6.6466876E-09 7.6884579E-09 8.5606198E-09 1.3689570E-08 1.3800203E-08 1.1608977E-08 8.5786001E-09 2.0075159E-08 1.7680872E-08 1.5633352E-08 1.3426029E-08  290.8508 290.1206 287.0083 283.0585 286.5826 284.7477 282.2705 280.5951 279.7119 277.3738 274.7677 274.7549 272.4245 269.7327 267.5571 268.5813  361.355
2012 4.4926414E-09 5.2565183E-09 7.3643869E-09 1.0313793E-08 4.7805964E-09 6.3316805E-09 8.8465724E-09 1.0609773E-08 9.4839763E-09 1.0850103E-08 1.1094218E-08 1.0434142E-08 1.7808626E-08 1.6756122E-08 1.5371119E-08 1.3581142E-08  291.1599 289.5891 286.4396 282.6599 286.1728 284.1338 281.5550 279.8234 279.3313 276.9448 274.1718 274.0615 271.9605 269.3702 267.1935 268.2011  235.613
2013 4.0911652E-09 4.2378843E-09 5.2815312E-09 1.0164095E-08 5.3435905E-09 6.6010184E-09 8.9016012E-09 1.1411024E-08 1.1398400E-08 1.2591860E-08 1.3026433E-08 1.2125480E-08 1.8820737E-08 1.8112690E-08 1.7562661E-08 1.6071537E-08  290.9759 289.6927 286.5194 282.6172 286.1861 284.1463 281.6051 279.8752 279.2878 276.8903 274.1901 274.0489 271.9821 269.4171 267.1894 268.1795  489.355
2014 5.0810760E-09 6.1320931E-09 8.6265270E-09 1.3097897E-08 5.5365077E-09 7.6707662E-09 1.0630631E-08 1.2646320E-08 1.1516644E-08 1.2754970E-08 1.2836385E-08 1.1004627E-08 1.8799437E-08 1.7677534E-08 1.6260442E-08 1.4514664E-08  291.3002 289.1092 285.6794 281.5218 285.9084 283.6326 280.9049 279.0025 278.9640 276.3817 273.5461 273.5050 271.8426 268.9750 266.7267 267.7820  450.548
2015 9.8618465E-09 1.0028796E-08 1.1070083E-08 1.4726756E-08 1.3378424E-08 1.3621462E-08 1.3910146E-08 1.5266835E-08 2.1085757E-08 1.8346848E-08 1.6535008E-08 1.4282872E-08 2.9604065E-08 2.2878089E-08 1.9846503E-08 1.6700245E-08  291.7314 289.3123 285.7204 281.5536 286.1820 283.9622 281.1936 279.3279 279.4999 277.1833 274.3018 273.9157 272.7203 270.2464 267.9909 268.5326  384.032
