STN,prec_1,prec_2,prec_3,prec_4,prec_5,prec_6,prec_7,prec_8,prec_9,prec_10,prec_11,prec_12,prec_13,prec_14,prec_15,prec_16,st_1,st_2,st_3,st_4,st_5,st_6,st_7,st_8,st_9,st_10,st_11,st_12,st_13,st_14,st_15,st_16,12.0
LAT,29.30136,29.30136,29.30136,29.30136,32.09194,32.09194,32.09194,32.09194,34.88252,34.88252,34.88252,34.88252,37.67308,37.67308,37.67308,37.67308,29.30136,29.30136,29.30136,29.30136,32.09194,32.09194,32.09194,32.09194,34.88252,34.88252,34.88252,34.88252,37.67308,37.67308,37.67308,37.67308,33.6194949
LON,-115.3125,-112.5000,-109.6875,-106.8750,-115.3125,-112.5000,-109.6875,-106.8750,-115.3125,-112.5000,-109.6875,-106.8750,-115.3125,-112.5000,-109.6875,-106.8750,-115.3125,-112.5000,-109.6875,-106.8750,-115.3125,-112.5000,-109.6875,-106.8750,-115.3125,-112.5000,-109.6875,-106.8750,-115.3125,-112.5000,-109.6875,-106.8750,-110.9215037
1958 3.9570556E-09 4.6748454E-09 6.2728831E-09 9.1866772E-09 7.4264732E-09 7.8946405E-09 1.0159141E-08 1.2413395E-08 1.4043430E-08 1.5563904E-08 1.6445311E-08 1.6542181E-08 2.3448242E-08 2.1314243E-08 2.1488145E-08 2.0458694E-08  289.4922 292.9612 289.1635 285.3567 289.9994 288.3786 285.4171 283.6410 283.3175 281.0540 278.5110 278.4935 275.9174 273.4572 270.6465 272.2270  206.129
1959 3.9281334E-09 4.2144110E-09 4.7797775E-09 8.0672278E-09 6.6584733E-09 6.8898904E-09 9.2259178E-09 1.1119130E-08 1.4524278E-08 1.5078580E-08 1.5388425E-08 1.4209028E-08 2.3410903E-08 2.1824198E-08 2.1616172E-08 2.0238502E-08  289.5579 293.4780 289.9424 286.1433 290.3359 288.8344 285.9272 284.3330 283.4628 281.2560 278.8433 279.0152 275.6959 273.2339 270.6098 272.5236  2674.9
1960 3.8576142E-09 3.6327428E-09 5.1542188E-09 9.1605852E-09 6.2144041E-09 6.7284009E-09 9.3992609E-09 1.1220577E-08 1.1967509E-08 1.2521945E-08 1.4290156E-08 1.4653430E-08 2.0222183E-08 1.8233631E-08 1.8356227E-08 1.7453516E-08  289.3399 293.7754 290.4335 286.5982 290.7128 289.3188 286.5497 284.7943 283.9959 281.8501 279.3185 279.2966 276.2485 273.8523 270.9424 272.6671  177.677
1961 3.0242624E-09 2.9639184E-09 3.5432079E-09 5.7374296E-09 5.5675939E-09 6.7760060E-09 7.9859870E-09 8.4749123E-09 1.4094275E-08 1.5231347E-08 1.4453234E-08 1.3317996E-08 2.2812797E-08 2.1924123E-08 2.2075481E-08 2.0758044E-08  289.3230 293.4037 289.9677 286.5431 290.0938 288.6079 285.9607 284.5754 283.1043 280.9354 278.5556 278.9268 275.2435 272.8647 270.3873 272.1864  562.226
1962 6.1816263E-09 4.8211120E-09 5.6987206E-09 9.6206669E-09 8.8747418E-09 9.7451345E-09 1.1222397E-08 1.2656610E-08 1.6399277E-08 1.7499460E-08 1.7707874E-08 1.6321836E-08 2.0462629E-08 2.0862347E-08 2.1802100E-08 2.2702588E-08  289.3398 293.1585 289.7947 286.1955 290.2603 288.6406 286.0598 284.6107 283.7321 281.5334 279.2708 279.5359 276.6086 274.1560 271.7408 273.2427  216.323
1963 3.7202657E-09 3.8166492E-09 5.6495901E-09 1.0101846E-08 7.2117210E-09 7.0765154E-09 9.9532889E-09 1.2560935E-08 1.5083774E-08 1.5345243E-08 1.5756294E-08 1.5608155E-08 2.2112799E-08 2.0660005E-08 2.0487958E-08 1.9797566E-08  289.4734 293.1055 289.3449 285.3587 290.2217 288.4463 285.5648 283.7736 283.1322 280.7706 278.4041 278.5396 275.2462 272.4497 270.1214 271.9468  202.71
1964 3.9064862E-09 3.5051468E-09 4.4035606E-09 7.1661366E-09 5.4414855E-09 5.9246776E-09 8.1880653E-09 9.8687742E-09 1.3726413E-08 1.4776322E-08 1.5078815E-08 1.3698331E-08 2.2693982E-08 2.2260567E-08 2.1678980E-08 2.0566622E-08  289.2037 292.6560 289.1528 285.6760 289.5531 287.8898 285.1365 283.7297 282.3332 280.0081 277.5721 278.1422 274.2147 271.5834 269.5781 271.5523  207.806
1965 6.1275491E-09 6.9212880E-09 9.7688648E-09 1.3022369E-08 1.3702247E-08 1.4923465E-08 1.8062657E-08 1.8235180E-08 2.6816783E-08 2.6275979E-08 2.4431833E-08 2.1657812E-08 3.2285747E-08 2.7979866E-08 2.7056798E-08 2.6100096E-08  289.5177 292.1066 288.2594 284.3575 288.6819 286.8717 284.2665 282.6834 281.6614 279.5952 277.3843 277.8079 274.6809 272.4520 269.8601 271.8100  6326.55
1966 3.6709407E-09 4.7194955E-09 6.7259061E-09 1.0102709E-08 8.2558165E-09 8.9608179E-09 1.1852586E-08 1.3235812E-08 1.5774518E-08 1.7046782E-08 1.7583858E-08 1.6113725E-08 2.2603555E-08 2.0951546E-08 2.1828431E-08 2.0476847E-08  289.3176 293.0693 289.6239 286.0708 289.8728 288.3400 285.6640 284.2973 283.0961 280.9398 278.6503 279.0777 275.6891 273.3076 270.7285 272.6242  444.613
1967 6.0625531E-09 7.8652604E-09 9.8519557E-09 1.4887242E-08 9.1528847E-09 1.0732921E-08 1.4747069E-08 1.6379358E-08 1.6222534E-08 1.7742495E-08 1.8576547E-08 1.8539824E-08 2.3920901E-08 2.2260258E-08 2.2078678E-08 2.1830553E-08  289.4987 292.4837 288.9946 285.3183 289.5772 287.7919 285.0768 283.5864 282.7195 280.4179 278.1025 278.4153 275.1300 272.6235 269.9414 271.8395  1167.48
1968 6.6716876E-09 7.6095708E-09 8.0351166E-09 1.2069746E-08 1.3935905E-08 1.4285071E-08 1.6881701E-08 1.6357106E-08 2.3587791E-08 2.4726816E-08 2.3224420E-08 2.0966077E-08 3.0214739E-08 2.8316746E-08 2.6970664E-08 2.6007372E-08  289.3349 292.8079 289.2754 285.3911 289.4979 287.8537 285.1821 283.5645 282.8414 280.6351 278.2527 278.4621 275.9110 273.6643 270.8808 272.2292  224.323
1969 2.7628189E-09 2.3136195E-09 4.0277905E-09 7.6575875E-09 6.2863026E-09 6.6758816E-09 1.0101736E-08 1.2964067E-08 1.4272483E-08 1.4731990E-08 1.5224707E-08 1.5964508E-08 2.1459371E-08 1.9445233E-08 1.9780245E-08 1.9936099E-08  289.3879 293.2128 289.4902 285.5930 290.0875 288.5171 285.5924 283.9404 283.3081 281.1012 278.7127 278.7710 276.0538 273.6041 270.9146 272.4251  261.194
1970 2.6663778E-09 2.1397799E-09 3.8693089E-09 7.6832753E-09 5.5986562E-09 6.5613750E-09 9.3342383E-09 1.1306009E-08 1.4059849E-08 1.5944767E-08 1.5607368E-08 1.4571786E-08 2.2023110E-08 2.1412095E-08 2.1510257E-08 2.1400355E-08  289.2659 292.7922 289.2516 285.8207 289.4875 287.9944 285.2402 283.8267 282.5168 280.1894 277.8806 278.3393 274.8037 272.2395 269.6947 271.8231  184.484
1971 3.4194867E-09 2.8164577E-09 3.9781582E-09 7.8305327E-09 5.5673315E-09 6.5949810E-09 8.6366354E-09 1.0749941E-08 1.3756474E-08 1.5443149E-08 1.6072187E-08 1.4670154E-08 2.2119186E-08 2.1626319E-08 2.1477442E-08 2.0378016E-08  289.0240 292.7811 289.3459 285.6932 289.7635 288.2699 285.6340 284.0366 283.1678 280.8647 278.3882 278.6933 275.5360 272.8458 270.3715 271.9829  1574.55
1972 4.0097903E-09 4.8844457E-09 7.2060220E-09 9.3719370E-09 8.4747160E-09 9.7842765E-09 1.3966889E-08 1.4480664E-08 1.9105711E-08 1.9922620E-08 1.9857900E-08 1.9071630E-08 2.7641043E-08 2.4529546E-08 2.4175421E-08 2.3231719E-08  289.5113 292.0467 288.3134 284.6507 288.8509 287.1775 284.4428 282.9532 281.7116 279.6387 277.3569 277.6904 274.2251 271.7476 269.3123 271.3817  1417.9
1973 3.3386269E-09 2.8165101E-09 3.1815077E-09 6.2627379E-09 4.3664561E-09 4.9473532E-09 7.1174475E-09 8.6646565E-09 1.1155605E-08 1.1543372E-08 1.2434707E-08 1.1303836E-08 1.9677831E-08 1.8869358E-08 1.9228658E-08 1.8086569E-08  288.9674 293.5610 290.7090 287.6107 290.5301 289.3516 286.9061 285.6503 284.0674 282.1725 279.7981 280.1456 276.4015 274.0045 271.4792 273.1909  229
1974 3.2515308E-09 2.7801139E-09 4.2804231E-09 7.3173254E-09 4.8873812E-09 5.9916774E-09 8.7633447E-09 1.1016645E-08 1.0998817E-08 1.3242364E-08 1.4783176E-08 1.4785231E-08 1.8287118E-08 1.8600625E-08 2.0288557E-08 2.0876067E-08  289.2069 293.0113 289.4984 285.8701 290.1135 288.4597 285.6180 284.0544 283.3391 280.9146 278.3371 278.5281 275.4677 272.7729 270.1147 271.7748  224.677
1975 3.5932479E-09 2.6215268E-09 3.2663701E-09 5.7729781E-09 5.8195071E-09 5.8941683E-09 7.5155260E-09 8.2798044E-09 1.3332075E-08 1.3517949E-08 1.3240858E-08 1.1823786E-08 2.0459732E-08 1.9607885E-08 1.8665144E-08 1.7074564E-08  289.0808 293.3480 290.2114 287.0618 290.3798 289.0327 286.4325 285.2221 283.7480 281.6062 279.2424 279.6933 275.6924 273.2509 271.0288 272.9796  207.323
1976 2.7248521E-09 3.5015788E-09 6.5215349E-09 1.1128273E-08 7.1675377E-09 8.6233891E-09 1.4073019E-08 1.7348059E-08 1.5760856E-08 1.8423464E-08 1.9926780E-08 1.9902192E-08 2.4152168E-08 2.1555682E-08 2.2140666E-08 2.2476472E-08  289.5221 292.5972 288.4276 284.2157 289.5630 287.6747 284.4850 282.4761 282.4731 280.1505 277.5654 277.6176 275.2520 272.6362 269.7577 271.6777  168.129
1977 5.1067768E-09 4.1197921E-09 5.4880869E-09 9.4630046E-09 8.7310301E-09 9.2335259E-09 1.1366835E-08 1.3142316E-08 1.7730319E-08 1.8987686E-08 1.8742142E-08 1.8166769E-08 2.4894225E-08 2.2870148E-08 2.2164203E-08 2.2703553E-08  289.4388 292.7357 289.1892 285.4737 289.5835 288.0331 285.3134 283.7773 282.8674 280.6534 278.2838 278.5065 275.5152 273.0617 270.6259 272.2900  161.484
1978 5.1682565E-09 4.9434825E-09 6.5390555E-09 9.9739452E-09 9.3790726E-09 1.0048457E-08 1.2840879E-08 1.3848735E-08 1.7451935E-08 1.9612548E-08 1.9507592E-08 1.7706533E-08 2.4349012E-08 2.2569308E-08 2.2412756E-08 2.2283450E-08  289.4947 293.1372 289.5237 285.5760 289.7982 288.2015 285.3954 283.6834 282.8021 280.4228 278.0133 278.2125 275.1581 272.5914 270.2516 272.1074  5942.58
1979 4.2244719E-09 4.2848050E-09 5.3473270E-09 9.3799910E-09 9.1978203E-09 1.0285132E-08 1.3836367E-08 1.4428271E-08 1.8210988E-08 1.9777547E-08 2.0561403E-08 2.0366993E-08 2.3916339E-08 2.1966891E-08 2.3391276E-08 2.3828671E-08  289.4296 292.8679 289.0828 285.1847 289.8181 288.1734 285.1535 283.5860 283.1766 280.8825 278.4515 278.6078 276.0891 273.6511 270.9395 272.6790  254.323
1980 4.9972146E-09 4.3243427E-09 6.5812911E-09 1.1792803E-08 8.8834557E-09 8.9246566E-09 1.2063796E-08 1.5460968E-08 1.5851143E-08 1.6936353E-08 1.7660396E-08 1.8110319E-08 2.0873038E-08 2.0576881E-08 2.1231223E-08 2.2344965E-08  289.5290 292.7398 289.0538 285.1348 289.9424 288.2018 285.2214 283.5102 283.5674 281.1202 278.5052 278.5439 276.4999 273.7679 270.8502 272.4434  300.065
1981 4.2191175E-09 4.7568891E-09 7.1203687E-09 1.1994893E-08 6.3703061E-09 8.0453555E-09 1.1967949E-08 1.4682630E-08 1.1726754E-08 1.5005208E-08 1.7593292E-08 1.7876161E-08 1.8058184E-08 1.8829914E-08 2.0698995E-08 2.1238984E-08  289.3461 292.5766 288.8898 285.0756 289.8458 288.0705 285.1864 283.3646 283.1137 280.6952 278.1753 278.1203 275.4032 272.8168 270.2856 271.9160  244.226
1982 3.2709562E-09 3.5952674E-09 4.4089221E-09 8.3682901E-09 7.8253732E-09 9.5198072E-09 1.2244751E-08 1.3841474E-08 1.8455570E-08 1.9855815E-08 1.9293871E-08 1.7191041E-08 2.5526871E-08 2.3354593E-08 2.2438515E-08 2.2021728E-08  289.5810 292.3663 288.6235 284.7370 288.8875 287.1280 284.3679 282.7532 281.5406 279.1231 276.8020 277.3015 273.4741 270.9621 268.6998 271.0061  1841.65
1983 4.2610773E-09 5.2015707E-09 6.5395169E-09 8.8896819E-09 6.6628689E-09 7.9124201E-09 1.0078727E-08 1.0905421E-08 1.2072021E-08 1.3727605E-08 1.3820409E-08 1.2620850E-08 1.7392651E-08 1.7788169E-08 1.8356863E-08 1.8021586E-08  289.6344 293.3570 289.8810 286.2939 290.5562 288.9111 286.1424 284.6982 283.9811 281.5200 279.0421 279.4557 276.3888 273.8307 271.0425 272.8282  1626.52
1984 3.0912080E-09 3.1968084E-09 4.6901825E-09 9.4112860E-09 4.6661244E-09 6.6484875E-09 9.9169677E-09 1.2683784E-08 1.1170200E-08 1.3119222E-08 1.4870765E-08 1.4758696E-08 1.8843808E-08 1.8644805E-08 1.9456307E-08 2.0175833E-08  289.2953 293.3910 290.0154 286.4176 290.2959 288.9102 286.1696 284.6328 283.6268 281.4373 279.0311 279.3864 275.8796 273.5525 270.7811 272.7198  4145.71
1985 6.6929213E-09 7.2310993E-09 7.9122700E-09 1.1122112E-08 8.4767535E-09 1.0062368E-08 1.2731372E-08 1.3901217E-08 1.5143403E-08 1.8052248E-08 1.9223290E-08 1.7375525E-08 2.4355375E-08 2.3704764E-08 2.3182997E-08 2.1219845E-08  289.5021 292.3563 288.9643 285.4792 289.3180 287.7696 285.1433 283.7273 282.4621 280.1996 277.9733 278.3841 274.7929 272.3051 270.0689 271.9295  579.903
1986 8.8375565E-09 9.9064108E-09 1.0420695E-08 1.4692310E-08 1.4528204E-08 1.5177536E-08 1.8451452E-08 1.9776072E-08 2.0427072E-08 2.2071873E-08 2.3300897E-08 2.1987418E-08 2.5653383E-08 2.3554167E-08 2.4295508E-08 2.3261558E-08  289.7861 292.6543 288.9220 284.7674 289.6521 287.8917 285.0095 283.0174 283.0503 280.7874 278.1996 278.0432 276.1329 273.7954 270.5875 272.0181  1090.32
1987 4.6281992E-09 6.4217245E-09 9.0466106E-09 1.2791875E-08 8.8012806E-09 1.0253433E-08 1.3472846E-08 1.5089508E-08 1.8078959E-08 1.9752607E-08 2.0403007E-08 1.7860296E-08 2.6963722E-08 2.5296924E-08 2.4435323E-08 2.3251365E-08  289.8761 292.9243 289.1287 285.2560 290.0023 288.2475 285.3028 283.6252 283.2620 281.0257 278.5745 278.6820 275.8874 273.7505 271.3317 272.6520  317.419
1988 3.2768350E-09 3.4576300E-09 4.4604818E-09 6.2682188E-09 5.5998575E-09 8.0961513E-09 9.5055723E-09 9.1493098E-09 1.1333118E-08 1.3636779E-08 1.3690228E-08 1.2310452E-08 1.8950246E-08 2.0257065E-08 2.0197376E-08 1.9394673E-08  289.3258 292.8851 289.8531 286.9050 289.7138 288.3394 286.0039 284.9448 282.9499 280.7910 278.6977 279.3152 274.8388 272.3369 270.1802 272.3387  252.097
1989 6.9568236E-09 7.1946467E-09 7.4793087E-09 1.1437500E-08 9.2969588E-09 1.1476995E-08 1.3986468E-08 1.5682014E-08 1.4292410E-08 1.7181153E-08 2.0141488E-08 1.9178106E-08 1.9265290E-08 1.9905713E-08 2.1424489E-08 2.1382792E-08  289.5581 292.7932 289.4426 285.8575 289.9463 288.2687 285.5790 284.0389 283.4285 281.1064 278.5594 278.7260 276.0493 273.5562 270.7449 272.2793  191.258
1990 4.4034554E-09 6.9782509E-09 1.0662538E-08 1.6018635E-08 8.3326421E-09 1.0877848E-08 1.5411972E-08 1.6368517E-08 1.5589068E-08 1.8066439E-08 1.8916650E-08 1.7960073E-08 2.3012090E-08 2.1349837E-08 2.1295758E-08 2.1120389E-08  289.8109 292.6851 288.8458 284.8336 289.9735 288.1693 285.0665 283.2874 283.3604 280.9761 278.3879 278.4412 275.9785 273.4442 270.6409 272.3572  1170.65
1991 6.9863790E-09 8.4916500E-09 9.9067909E-09 1.4747903E-08 1.4251778E-08 1.4933526E-08 1.8673759E-08 2.1871195E-08 2.4011367E-08 2.5572264E-08 2.6115954E-08 2.5511238E-08 2.9882141E-08 2.5935355E-08 2.5870305E-08 2.6742676E-08  289.8179 292.1616 288.4518 284.4956 288.9814 287.3625 284.5771 282.7765 282.4171 280.3481 278.0089 277.9113 275.8267 273.8353 271.0757 272.2054  774
1992 7.0501338E-09 7.8594447E-09 8.6443857E-09 1.1827658E-08 1.0836172E-08 1.1180872E-08 1.3282534E-08 1.5009155E-08 1.5749494E-08 1.6746945E-08 1.7704489E-08 1.7177205E-08 2.1314689E-08 1.8959350E-08 1.9884791E-08 2.0650175E-08  289.8502 292.9697 289.2725 285.2560 289.8775 288.1120 285.2491 283.4110 283.0748 280.5166 278.0638 278.1863 275.4861 272.6659 269.9979 271.8219  1964.48
1993 4.0681294E-09 5.2680580E-09 8.4119076E-09 1.2260933E-08 6.7963639E-09 8.4489846E-09 1.2623680E-08 1.5762005E-08 1.3905599E-08 1.6286743E-08 1.8011319E-08 1.8497980E-08 2.1260966E-08 2.0567308E-08 2.0827159E-08 2.1155474E-08  289.8196 293.3293 289.4351 285.3511 290.5090 288.7896 285.6705 283.7761 283.7841 281.3776 278.8091 278.8418 276.3011 273.7625 271.1920 272.7325  331.194
1994 4.3909463E-09 5.4461800E-09 6.8071468E-09 9.7311608E-09 1.0979603E-08 1.1372604E-08 1.4986588E-08 1.5938461E-08 2.1098503E-08 2.0717378E-08 2.1494150E-08 2.0617270E-08 2.7119521E-08 2.3547759E-08 2.3106612E-08 2.2910188E-08  289.5763 292.1411 288.3116 284.5053 288.9792 287.2795 284.2510 282.6360 281.9725 279.7371 277.2460 277.3888 274.6245 272.2831 269.7884 271.2025  1046.52
1995 3.9971515E-09 3.2796159E-09 5.2376778E-09 9.6153379E-09 7.4347026E-09 7.1390525E-09 9.8518038E-09 1.2218159E-08 1.5364584E-08 1.6483988E-08 1.6974502E-08 1.6216262E-08 2.5016487E-08 2.3385484E-08 2.4002894E-08 2.3276767E-08  289.6418 292.8476 289.3978 285.8526 289.4106 288.1028 285.3868 283.9463 282.4441 280.3363 278.1700 278.5177 274.7756 272.3191 270.1864 272.0505  213.935
1996 4.3583990E-09 4.9420561E-09 6.0592256E-09 1.0305399E-08 6.6111578E-09 8.6265306E-09 1.1675144E-08 1.3181134E-08 1.3145765E-08 1.6437347E-08 1.7190704E-08 1.6774317E-08 1.9824913E-08 2.0528464E-08 2.1170312E-08 2.1058582E-08  289.4463 292.9336 289.4080 285.5431 290.0894 288.4542 285.5714 283.8634 283.2578 280.7537 278.3409 278.5378 275.4161 272.9627 270.2538 272.1723  282.129
1997 4.9014961E-09 5.7591700E-09 7.4885635E-09 9.8671329E-09 1.1697604E-08 1.3343750E-08 1.6757673E-08 1.6950128E-08 2.3589754E-08 2.4159851E-08 2.3317250E-08 2.0788262E-08 3.1221546E-08 2.7626619E-08 2.5662196E-08 2.5150859E-08  290.0203 292.2006 288.4373 284.7501 288.5948 286.6080 283.9252 282.5399 281.1799 278.6551 276.4134 277.1767 272.8223 270.6112 268.6295 270.8944  291.258
1998 3.0468073E-09 2.4212323E-09 3.3422898E-09 6.7403998E-09 4.7615987E-09 5.8411400E-09 7.6809004E-09 8.7162881E-09 1.0778970E-08 1.3013729E-08 1.3121194E-08 1.1637615E-08 1.8055488E-08 1.8492353E-08 1.8518040E-08 1.7780318E-08  289.4541 293.6403 290.4991 287.3003 290.4334 289.1115 286.5486 285.3359 283.7660 281.5592 279.2746 279.7299 276.1097 273.6177 271.1267 273.0728  255.806
1999 3.2396086E-09 2.4431444E-09 3.2500105E-09 7.2635515E-09 5.7500609E-09 6.4118844E-09 7.9721811E-09 8.4944647E-09 1.4100944E-08 1.5798211E-08 1.4678345E-08 1.2444089E-08 2.1785251E-08 2.1739998E-08 2.1747056E-08 1.9728958E-08  289.2827 293.2026 290.0394 286.8875 290.2241 288.8666 286.3473 285.1744 283.5392 281.5630 279.3844 279.9133 275.7625 273.5973 271.6206 273.2653  181.839
2000 4.3266053E-09 4.4011843E-09 6.0601080E-09 1.0779761E-08 7.7801801E-09 9.3753485E-09 1.1752058E-08 1.3400098E-08 1.4787070E-08 1.6575187E-08 1.7148588E-08 1.5632846E-08 2.0961716E-08 2.1230621E-08 2.1756819E-08 2.1372060E-08  289.5048 292.4003 289.0877 285.8190 289.2993 287.7350 285.2265 283.9765 282.6236 280.3472 278.1176 278.6689 275.0898 272.6014 270.4430 272.2284  329.968
2001 5.4562297E-09 5.2317803E-09 6.6648576E-09 1.0554695E-08 8.1626590E-09 8.9438679E-09 1.0781668E-08 1.2310512E-08 1.4443881E-08 1.6670779E-08 1.6872701E-08 1.6248295E-08 2.0499726E-08 2.0479552E-08 2.1544215E-08 2.1477934E-08  289.6481 293.1314 289.6575 285.9139 290.0527 288.4915 285.7437 284.1553 283.3439 280.9007 278.5060 278.8110 275.8268 273.1288 270.3978 272.2584  178.935
2002 3.9067456E-09 5.3240221E-09 7.5465039E-09 1.1333282E-08 7.3090924E-09 9.3969836E-09 1.3198471E-08 1.5763506E-08 1.7061151E-08 1.8892647E-08 1.9305334E-08 1.9497307E-08 2.5902340E-08 2.3074653E-08 2.3177856E-08 2.1883693E-08  289.6560 292.8815 289.1687 285.1949 289.8077 288.1847 285.2679 283.5299 283.0554 280.6683 278.3420 278.5802 276.0307 273.5839 270.6833 272.6901  197.968
2003 5.3754197E-09 5.6376868E-09 6.1503345E-09 8.9361745E-09 9.1752943E-09 9.2417931E-09 1.1562511E-08 1.2034405E-08 1.5214965E-08 1.7433898E-08 1.8174696E-08 1.6828194E-08 2.2002826E-08 2.2123537E-08 2.2896716E-08 2.2480439E-08  289.5046 292.8092 289.2384 285.6147 289.7889 288.2711 285.4856 284.0412 283.2114 280.8788 278.5720 278.8834 276.1501 273.7400 270.9735 272.3988  190.097
2004 5.3877640E-09 5.9862377E-09 8.5373202E-09 1.2661928E-08 1.0122558E-08 1.1531343E-08 1.4981309E-08 1.4763539E-08 1.7071647E-08 2.0162867E-08 2.0046372E-08 1.8797735E-08 2.6228197E-08 2.2710529E-08 2.2542981E-08 2.1571390E-08  289.8281 293.5925 289.5773 285.4404 290.6339 288.9309 285.7993 284.0753 284.0950 281.7458 279.2823 279.4441 277.1685 275.0517 272.2042 273.8133  580.645
2005 4.5107686E-09 4.8308197E-09 6.8579773E-09 1.1210909E-08 8.7408125E-09 8.8942391E-09 1.2655462E-08 1.4947103E-08 1.6719335E-08 1.8752401E-08 1.9197579E-08 1.9705954E-08 2.2721814E-08 2.2832966E-08 2.4607649E-08 2.5072019E-08  289.5208 293.3369 289.7411 285.9212 290.3136 288.7828 285.9523 284.2776 283.7786 281.5057 279.0938 279.1425 276.7792 274.5706 271.6904 272.9340  162.548
2006 3.3116159E-09 4.5417754E-09 6.1632086E-09 1.0109036E-08 5.9106307E-09 8.1117353E-09 1.1525053E-08 1.3191698E-08 1.2279649E-08 1.5269233E-08 1.7026446E-08 1.6726514E-08 1.9730024E-08 2.0190512E-08 2.1065940E-08 2.1403570E-08  289.7209 293.2870 289.5503 285.6687 290.5071 288.7365 285.7243 284.0190 283.9193 281.4713 278.8941 278.9965 276.5508 274.2383 271.5904 272.7462  181.613
2007 4.9073678E-09 3.8865102E-09 4.5034083E-09 7.5064692E-09 7.9829920E-09 7.3126158E-09 9.0706234E-09 9.9598338E-09 1.7219254E-08 1.7901360E-08 1.6553766E-08 1.4806190E-08 2.3829038E-08 2.3444889E-08 2.3035144E-08 2.1475261E-08  289.2448 293.0878 289.9757 286.6244 289.8505 288.6001 286.0235 284.6146 283.3779 281.1288 278.9693 279.3090 276.1447 273.7053 271.3990 272.9879  1521.52
2008 3.1947196E-09 3.5998797E-09 4.6479851E-09 7.5387794E-09 4.3528074E-09 6.0844174E-09 8.0940428E-09 9.4114059E-09 1.0714252E-08 1.2447678E-08 1.3315350E-08 1.2860507E-08 1.8151001E-08 1.8951095E-08 1.9439454E-08 2.0479911E-08  289.2460 292.9167 289.6687 286.5565 290.1877 288.6251 285.9847 284.8430 283.5769 281.3830 279.1020 279.5430 275.7255 273.3688 271.1277 272.6733  1185.16
2009 4.7063100E-09 5.7434666E-09 8.6591987E-09 1.2820484E-08 7.9547444E-09 9.4195425E-09 1.3247018E-08 1.5552542E-08 1.4172428E-08 1.5669526E-08 1.6787167E-08 1.7474651E-08 2.2508235E-08 2.0620206E-08 2.0893685E-08 2.0357279E-08  289.7978 293.4019 289.6616 285.6723 290.5534 289.0187 285.9952 284.2668 284.0671 281.9381 279.4488 279.5155 277.0829 275.0704 272.3043 273.7602  196.065
2010 2.9742351E-09 1.7594459E-09 2.3772553E-09 4.6978785E-09 4.9763607E-09 4.2061821E-09 4.6489954E-09 6.0481393E-09 1.2462727E-08 1.1969322E-08 1.0547594E-08 9.9276711E-09 1.9488645E-08 1.9084176E-08 1.8545697E-08 1.7828297E-08  289.1464 293.2964 290.4826 287.7491 289.9984 288.9222 286.7299 285.8276 283.2781 281.5107 279.6954 280.3253 275.3873 273.2523 271.3377 273.2498  201.258
2011 4.7658859E-09 3.2718710E-09 3.6744343E-09 6.3771157E-09 8.0187368E-09 7.4879045E-09 9.1434984E-09 9.5296153E-09 1.8290283E-08 1.8026611E-08 1.5601881E-08 1.3422702E-08 2.5528823E-08 2.4836131E-08 2.3473957E-08 2.0956124E-08  289.1949 292.3837 289.3917 286.6356 289.0964 287.8464 285.5023 284.6245 282.3403 280.3944 278.4184 279.1118 274.7516 272.3444 270.4299 272.3559  255.29
2012 3.6757792E-09 3.9654928E-09 5.4237472E-09 1.0610488E-08 6.0084573E-09 6.2711134E-09 9.0067713E-09 1.1302292E-08 1.4216976E-08 1.5095559E-08 1.5534045E-08 1.5310858E-08 2.4853842E-08 2.1814449E-08 2.2247466E-08 2.1801680E-08  289.7108 293.1841 289.5632 285.7675 290.1661 288.6080 285.8624 284.2190 283.4197 281.1490 278.8165 279.0391 276.1517 273.6048 271.0479 272.5475  155.258
2013 4.3748396E-09 4.4990816E-09 5.3062639E-09 8.9730401E-09 7.1916331E-09 8.0574480E-09 1.0800348E-08 1.2811100E-08 1.3637699E-08 1.5929695E-08 1.7169990E-08 1.6939298E-08 2.1269406E-08 2.1372070E-08 2.2223919E-08 2.2265306E-08  289.5042 292.9329 289.4839 285.7983 290.0322 288.4903 285.7114 284.2175 283.6117 281.2711 278.8947 279.2385 276.3550 274.0703 271.2673 272.9598  250.903
2014 3.4033074E-09 4.4426534E-09 6.2921646E-09 1.0479664E-08 7.5093931E-09 7.9680929E-09 1.0969361E-08 1.4229935E-08 1.2883961E-08 1.6237562E-08 1.7762844E-08 1.8570178E-08 2.1507342E-08 2.0421734E-08 2.1823787E-08 2.1915467E-08  289.8380 293.7809 289.9179 285.7360 290.8469 289.2726 286.0339 284.0455 284.2308 281.7637 279.2010 279.1390 277.0576 274.8705 271.9406 273.2825  271.258
2015 6.6134827E-09 6.7118551E-09 8.5652845E-09 1.2264723E-08 1.2434164E-08 1.2672252E-08 1.7175749E-08 2.0718547E-08 2.3035199E-08 2.3581737E-08 2.4027695E-08 2.4819522E-08 2.9112053E-08 2.5108250E-08 2.4494355E-08 2.5609237E-08  290.3061 292.7371 288.8298 284.7856 289.3526 287.4702 284.4736 282.6709 282.1672 279.6595 277.3931 277.4672 274.5779 272.1425 269.4474 271.5392  502.903
