STN,prec_1,prec_2,prec_3,prec_4,prec_5,prec_6,prec_7,prec_8,prec_9,prec_10,prec_11,prec_12,prec_13,prec_14,prec_15,prec_16,st_1,st_2,st_3,st_4,st_5,st_6,st_7,st_8,st_9,st_10,st_11,st_12,st_13,st_14,st_15,st_16,11.0
LAT,29.30136,29.30136,29.30136,29.30136,32.09194,32.09194,32.09194,32.09194,34.88252,34.88252,34.88252,34.88252,37.67308,37.67308,37.67308,37.67308,29.30136,29.30136,29.30136,29.30136,32.09194,32.09194,32.09194,32.09194,34.88252,34.88252,34.88252,34.88252,37.67308,37.67308,37.67308,37.67308,33.6194949
LON,-115.3125,-112.5000,-109.6875,-106.8750,-115.3125,-112.5000,-109.6875,-106.8750,-115.3125,-112.5000,-109.6875,-106.8750,-115.3125,-112.5000,-109.6875,-106.8750,-115.3125,-112.5000,-109.6875,-106.8750,-115.3125,-112.5000,-109.6875,-106.8750,-115.3125,-112.5000,-109.6875,-106.8750,-115.3125,-112.5000,-109.6875,-106.8750,-110.9215037
1958 3.2276113E-09 3.3545933E-09 4.4003547E-09 7.4239423E-09 7.4217947E-09 7.5592670E-09 1.0282524E-08 1.1222109E-08 1.4968483E-08 1.6032791E-08 1.6728158E-08 1.6241257E-08 2.1352660E-08 2.1599078E-08 2.2691729E-08 2.3977494E-08  289.5658 292.8427 289.0832 285.3778 289.8807 288.2068 285.2426 283.6618 283.0417 280.7021 278.2525 278.3666 275.4849 272.9633 270.2735 271.7908  232.333
1959 5.1226525E-09 5.7804703E-09 7.2867441E-09 1.2145002E-08 9.0847259E-09 9.7351762E-09 1.1830773E-08 1.3925390E-08 1.5331558E-08 1.6665551E-08 1.6748730E-08 1.5933223E-08 2.2686477E-08 2.0557243E-08 2.0645858E-08 2.0018653E-08  289.5006 293.7379 290.1248 286.0661 290.7228 289.0795 286.1963 284.3178 283.9049 281.6540 279.2132 279.3002 276.2470 273.7616 270.9957 272.8913  1258.6
1960 3.5687526E-09 3.0729272E-09 3.7860741E-09 7.4294433E-09 6.1740284E-09 6.6885995E-09 9.0307104E-09 1.0502806E-08 1.1769478E-08 1.4577272E-08 1.5812679E-08 1.4566323E-08 1.9529290E-08 1.9973504E-08 2.0587228E-08 1.9806876E-08  289.3929 293.5798 289.8738 286.0953 290.5400 288.9261 285.9702 284.3246 283.6539 281.3059 278.8005 279.0724 275.7310 273.1214 270.6163 272.5686  190.8
1961 3.7206553E-09 4.5408530E-09 5.9374501E-09 1.0803471E-08 5.3014890E-09 5.8717609E-09 9.4576134E-09 1.1656551E-08 1.0788784E-08 1.3045038E-08 1.5053082E-08 1.5127227E-08 1.6833145E-08 1.7852095E-08 1.8792939E-08 2.0140055E-08  289.3394 293.2041 289.8275 286.3376 290.3492 288.8451 286.1076 284.6128 283.6008 281.3605 278.9391 279.2227 275.5331 273.0488 270.6548 272.6518  274
1962 4.5115467E-09 4.6317683E-09 6.0594827E-09 1.1155550E-08 7.2042514E-09 7.7446973E-09 1.1435532E-08 1.4482430E-08 1.4799523E-08 1.7050651E-08 1.7774219E-08 1.6947933E-08 2.2563562E-08 2.2278348E-08 2.1904849E-08 2.0896046E-08  289.2649 292.3394 288.6855 285.0030 289.2057 287.5707 284.7834 283.2708 282.1980 279.9029 277.5605 277.9545 274.4655 271.9604 269.8176 271.5948  234.433
1963 5.8535745E-09 6.5637500E-09 8.2979890E-09 1.2658756E-08 9.7845767E-09 1.1064193E-08 1.4042906E-08 1.6684794E-08 1.6976507E-08 1.8443801E-08 2.0425576E-08 2.0093193E-08 2.5610138E-08 2.2183221E-08 2.2636906E-08 2.3537428E-08  289.5061 292.7351 289.1535 285.3257 289.7759 288.0766 285.2399 283.4899 283.0051 280.7615 278.2906 278.2841 275.5922 273.1524 270.4030 272.1345  309.8
1964 3.7521808E-09 3.9004924E-09 4.9889430E-09 7.2769635E-09 5.5075873E-09 6.7823556E-09 9.1681942E-09 1.0156338E-08 1.1066912E-08 1.3623049E-08 1.5020756E-08 1.4853966E-08 1.8644462E-08 1.9536216E-08 2.0706546E-08 2.0452076E-08  289.2066 292.9987 289.4672 285.9168 290.1458 288.5390 285.6413 284.0013 283.4320 281.1149 278.5270 278.5949 275.3834 272.9106 270.2686 271.9765  190.167
1965 8.3478779E-09 9.5593329E-09 1.0641548E-08 1.3760696E-08 1.6348903E-08 1.6898117E-08 1.8836067E-08 1.9536717E-08 2.5206157E-08 2.5214998E-08 2.3952230E-08 2.2551387E-08 2.9621511E-08 2.4903271E-08 2.4617428E-08 2.3430914E-08  289.5119 292.3704 288.6324 284.6833 288.9825 287.3298 284.6485 283.0291 282.1892 280.0674 277.7398 278.1379 275.0575 272.8693 270.3929 272.1800  506.9
1966 4.1158859E-09 4.2356252E-09 5.6695515E-09 8.4207539E-09 7.2621908E-09 8.7101641E-09 1.2039584E-08 1.2505684E-08 1.7190118E-08 1.9040886E-08 1.8562968E-08 1.7571882E-08 2.6716526E-08 2.5252579E-08 2.4875851E-08 2.4994288E-08  289.3287 292.3117 288.8703 285.3330 289.1014 287.4339 284.8372 283.3941 282.0228 279.6855 277.3414 277.7408 274.4787 271.9036 269.3750 271.1651  211.533
1967 5.6199827E-09 7.2042070E-09 8.6146388E-09 1.2241220E-08 1.2050148E-08 1.2423648E-08 1.5415957E-08 1.7036523E-08 1.9507938E-08 2.0722844E-08 2.1187651E-08 1.9603602E-08 2.5336066E-08 2.2771783E-08 2.1861673E-08 2.1717646E-08  289.4586 293.0048 289.3943 285.5173 290.0345 288.3412 285.6266 283.9226 283.5000 281.1300 278.6227 278.7690 276.4129 273.6794 270.5276 272.4317  194.833
1968 4.7090980E-09 4.6542170E-09 5.7920206E-09 1.0805046E-08 8.6250145E-09 8.9182235E-09 1.1259787E-08 1.3696957E-08 1.5416905E-08 1.6301517E-08 1.7112056E-08 1.6313455E-08 2.2713261E-08 2.1040417E-08 2.1662700E-08 2.1425716E-08  289.3344 293.0143 289.3411 285.3695 289.7957 288.0979 285.2800 283.6529 282.8526 280.4676 278.0248 278.2751 274.9199 272.2690 269.7821 271.7748  207.5
1969 4.7130193E-09 4.0188124E-09 5.2068798E-09 8.6899190E-09 8.8587155E-09 9.3838572E-09 1.2315797E-08 1.4444636E-08 1.7875058E-08 1.9402204E-08 1.9873292E-08 1.8571090E-08 2.4736515E-08 2.3026832E-08 2.2781176E-08 2.2115641E-08  289.4048 292.4287 288.7680 285.0774 289.3403 287.5899 284.7600 283.2208 282.4488 280.0725 277.7194 277.9451 275.0180 272.6207 269.9346 271.5504  293.067
1970 3.7384851E-09 2.9601610E-09 3.7331205E-09 7.5954096E-09 5.4184977E-09 5.6278542E-09 7.9662135E-09 1.0477224E-08 1.2194174E-08 1.3178588E-08 1.4413793E-08 1.5123083E-08 1.9334458E-08 1.8540854E-08 1.9017612E-08 1.9777092E-08  289.3467 293.3223 289.9788 286.3286 290.3463 288.8672 286.1157 284.5383 283.4808 281.1141 278.7452 278.9501 275.4365 272.8145 270.3640 272.2212  172.367
1971 3.1885647E-09 3.0447882E-09 4.1959307E-09 7.8956113E-09 5.6564149E-09 6.6942394E-09 8.8249399E-09 1.0954254E-08 1.2302464E-08 1.3303122E-08 1.4181988E-08 1.4148427E-08 1.9974980E-08 1.8427395E-08 1.8554507E-08 1.7759511E-08  289.1531 293.0524 289.6525 285.9940 290.0990 288.5484 285.7666 284.1349 283.3647 281.0712 278.6748 278.9640 275.5456 272.9422 270.5555 272.7074  727.4
1972 5.3647629E-09 6.6468968E-09 1.0218976E-08 1.3999087E-08 1.2845163E-08 1.2919160E-08 1.6837443E-08 1.8201879E-08 2.2993479E-08 2.2302384E-08 2.3160377E-08 2.1771875E-08 2.8131662E-08 2.4759268E-08 2.4749607E-08 2.3303436E-08  289.4998 292.0490 288.2262 284.3715 288.9691 287.1474 284.4829 282.8476 282.3416 280.2941 277.8838 278.0956 275.5484 273.5256 270.7856 272.1572  1229.47
1973 3.3365317E-09 3.7637480E-09 4.3345136E-09 6.9575559E-09 5.3641278E-09 6.2326930E-09 7.5637727E-09 8.9374987E-09 1.1281479E-08 1.2495464E-08 1.2219538E-08 1.1158130E-08 1.7416090E-08 1.8276472E-08 1.8184078E-08 1.7262437E-08  289.0171 293.1712 290.0474 286.7475 290.2208 288.8011 286.1891 284.7758 283.4631 281.3044 278.9294 279.3106 275.6912 273.1029 270.5524 272.6952  222.133
1974 3.2256153E-09 3.5510608E-09 5.7144920E-09 9.8220339E-09 6.7900516E-09 7.9452853E-09 1.0827281E-08 1.2362014E-08 1.4540640E-08 1.6548872E-08 1.7014525E-08 1.5401406E-08 2.1617478E-08 2.1460869E-08 2.1449553E-08 2.1445844E-08  289.2919 292.7346 289.1167 285.5772 289.8390 288.1258 285.2734 283.8408 282.8932 280.4965 278.0343 278.4475 274.7411 272.2163 269.8273 271.5939  479.033
1975 3.8927621E-09 3.3695053E-09 4.6862985E-09 8.6444958E-09 5.2112066E-09 5.8722218E-09 8.1750713E-09 1.0304881E-08 1.1647876E-08 1.3585960E-08 1.4297661E-08 1.3615573E-08 2.0097374E-08 2.0036278E-08 1.9905334E-08 1.9173369E-08  289.1494 293.1591 289.8914 286.4587 290.1893 288.8039 286.1135 284.7125 283.5311 281.2784 278.9341 279.3020 275.5590 273.0161 270.6770 272.7288  163.233
1976 3.3231069E-09 4.8858926E-09 7.4199638E-09 1.0969931E-08 6.1203163E-09 7.5617415E-09 1.1852953E-08 1.3643135E-08 1.3138434E-08 1.4740158E-08 1.6800776E-08 1.7319648E-08 2.3902309E-08 2.2296382E-08 2.3077959E-08 2.3480400E-08  289.4545 292.6353 288.7214 284.8177 289.5946 287.7460 284.6641 283.0459 282.3501 279.8783 277.3011 277.6027 274.3284 271.6609 269.0367 271.3020  177.267
1977 4.3692134E-09 4.6558970E-09 6.5063288E-09 1.0403897E-08 6.4748460E-09 8.0985156E-09 1.1645845E-08 1.3483723E-08 1.2896162E-08 1.5271938E-08 1.6701559E-08 1.6409533E-08 2.0536687E-08 2.1090342E-08 2.1890830E-08 2.1742181E-08  289.3667 293.0723 289.4471 285.6537 290.0479 288.5089 285.5420 283.9454 283.3755 280.9962 278.5177 278.7476 275.6332 273.1392 270.5781 272.3616  196.567
1978 5.1447837E-09 4.9625908E-09 7.0744379E-09 1.1173371E-08 8.4427283E-09 8.9327141E-09 1.1761393E-08 1.2546526E-08 1.5902602E-08 1.7933379E-08 1.7769642E-08 1.5752654E-08 2.2267441E-08 2.1960712E-08 2.1912340E-08 2.0673212E-08  289.5268 293.3074 289.5888 285.5221 290.3404 288.5962 285.5888 283.8735 283.6809 281.0983 278.4320 278.6594 276.2087 273.3587 270.5619 272.2421  2009
1979 3.1310887E-09 3.7074264E-09 5.4132068E-09 9.9491650E-09 6.8017787E-09 6.9090480E-09 1.0043896E-08 1.1769166E-08 1.3663215E-08 1.4301712E-08 1.4823784E-08 1.5221596E-08 2.0529747E-08 1.8816683E-08 1.9182449E-08 1.9862927E-08  289.5065 293.7250 290.0596 285.9806 290.7156 289.1648 286.1873 284.3520 283.8856 281.5688 279.0674 279.1035 276.2088 273.5044 270.7137 272.8116  268.1
1980 4.9463482E-09 5.8414957E-09 8.3019129E-09 1.2087495E-08 1.1730223E-08 1.2195339E-08 1.4656263E-08 1.5605682E-08 2.2334795E-08 2.2034351E-08 2.0594536E-08 1.8053537E-08 2.7073790E-08 2.4585853E-08 2.3793714E-08 2.2372852E-08  289.5515 292.4972 288.9876 285.4846 289.3908 287.7092 285.0997 283.6608 282.4844 280.1915 277.8920 278.2913 274.9548 272.4715 269.9289 271.8943  371.767
1981 3.8569228E-09 3.4234697E-09 4.7677773E-09 9.2932915E-09 6.5823298E-09 6.8700134E-09 9.6138359E-09 1.1780977E-08 1.4981570E-08 1.5959495E-08 1.5773976E-08 1.3819261E-08 2.2380279E-08 2.0585510E-08 1.9469491E-08 1.7342277E-08  289.3591 293.3305 289.8139 286.0130 290.2430 288.7456 285.8932 284.2335 283.6168 281.2730 278.7372 278.8925 276.1067 273.5432 270.7200 272.3843  230.733
1982 4.1637294E-09 4.8826561E-09 7.3104469E-09 1.1628161E-08 1.0585311E-08 1.1800834E-08 1.3640610E-08 1.6022534E-08 2.1727224E-08 2.1315421E-08 2.0187587E-08 1.8679309E-08 2.9134078E-08 2.4167521E-08 2.3229504E-08 2.3271390E-08  289.5639 292.1737 288.3063 284.2862 288.7795 286.9961 284.2718 282.5539 281.5741 279.2560 277.0094 277.5196 273.9055 271.3803 268.9933 271.3843  365.933
1983 4.8008308E-09 4.6063966E-09 6.0097172E-09 9.3922203E-09 7.7123667E-09 8.0600904E-09 1.1363060E-08 1.2517209E-08 1.7142964E-08 1.8174518E-08 1.7786276E-08 1.6049503E-08 2.5727765E-08 2.4832717E-08 2.3937542E-08 2.1341782E-08  289.6252 292.8657 289.5743 286.2427 289.6198 288.0790 285.5616 284.3712 282.6111 280.2416 278.0952 278.8000 274.6761 272.2385 269.7818 272.2091  486.4
1984 3.4905110E-09 2.9952809E-09 3.1384648E-09 6.5636994E-09 5.1221658E-09 5.3400413E-09 7.2482531E-09 8.9688230E-09 1.2091362E-08 1.2695128E-08 1.3945143E-08 1.2520992E-08 2.2077154E-08 2.0786702E-08 2.0698119E-08 1.9818826E-08  289.4028 293.3174 290.2406 286.9497 290.1242 288.8555 286.3860 285.1411 283.2906 281.3467 279.1537 279.6239 275.4194 273.2635 270.8649 272.7474  526.633
1985 4.2353365E-09 4.5348671E-09 6.1372409E-09 1.0789075E-08 8.8129930E-09 9.5692840E-09 1.2739950E-08 1.5292093E-08 1.5578900E-08 1.8000007E-08 1.9100913E-08 1.9303020E-08 2.2108996E-08 2.1694758E-08 2.2462180E-08 2.1222517E-08  289.6242 292.9303 289.3587 285.4851 289.7768 288.2946 285.4833 283.7286 283.1251 280.9175 278.4403 278.4309 275.6786 273.1761 270.4338 272.1399  585.233
1986 6.3207244E-09 7.2486106E-09 1.0488021E-08 1.5721424E-08 9.8094377E-09 1.0775120E-08 1.4533971E-08 1.7556493E-08 1.9405848E-08 1.9566516E-08 2.0609544E-08 2.0288212E-08 2.7248799E-08 2.3893161E-08 2.3241348E-08 2.3864706E-08  289.6821 292.6019 288.8586 284.8590 289.3112 287.5919 284.8754 283.2237 282.5894 280.2047 277.9716 278.3652 275.5151 273.1807 270.5613 272.3767  943.8
1987 4.4293613E-09 5.7312826E-09 7.4527629E-09 1.0558137E-08 9.4342401E-09 1.0395817E-08 1.3938068E-08 1.5540847E-08 1.6746180E-08 1.9133806E-08 2.0603801E-08 2.1046910E-08 2.3755769E-08 2.2500922E-08 2.3019304E-08 2.3803906E-08  289.8522 292.8198 289.1283 285.2846 289.7149 288.0469 285.1607 283.4343 282.9058 280.6845 278.1785 278.1404 275.8141 273.6133 270.8160 272.3160  489.9
1988 4.0426706E-09 3.4979557E-09 4.9107247E-09 7.5579862E-09 4.6609046E-09 5.2086393E-09 7.7948696E-09 9.6750661E-09 1.2702018E-08 1.3426670E-08 1.2837005E-08 1.1411163E-08 2.0894147E-08 2.0365787E-08 2.0525563E-08 1.8801025E-08  289.3684 292.7028 289.5833 286.6826 289.4775 288.2304 285.8371 284.8437 282.3630 280.3563 278.5157 279.3363 274.1619 271.8155 269.6277 272.2302  247.133
1989 5.8378293E-09 6.4841865E-09 7.6752782E-09 1.0348810E-08 7.7748155E-09 9.1869312E-09 1.2827031E-08 1.2975391E-08 1.3029755E-08 1.5806236E-08 1.6967395E-08 1.6282881E-08 1.9337831E-08 1.9390628E-08 2.0070177E-08 2.0171949E-08  289.5770 292.7551 289.3422 285.9010 290.0050 288.2128 285.4076 284.0303 283.2917 280.8245 278.4171 278.8417 275.4099 272.6379 270.2499 272.3004  185.667
1990 4.4692814E-09 4.9580531E-09 7.0521669E-09 1.2385284E-08 8.6048102E-09 8.5441094E-09 1.2177686E-08 1.3962046E-08 1.6075830E-08 1.6836564E-08 1.7423716E-08 1.7284366E-08 2.1483602E-08 2.0171166E-08 1.9920471E-08 2.0415179E-08  289.8369 293.0553 289.2266 285.0917 290.2094 288.5381 285.5472 283.6962 283.4768 281.2110 278.7113 278.7495 276.4795 273.9939 271.1167 272.6702  290.967
1991 4.2312589E-09 5.4315250E-09 7.7592830E-09 1.3011090E-08 8.6093470E-09 9.9500168E-09 1.5368965E-08 1.7264551E-08 1.6875894E-08 2.0736177E-08 2.1380389E-08 2.1123959E-08 2.3898984E-08 2.3302992E-08 2.3068296E-08 2.4124732E-08  289.8844 292.8469 288.9495 284.7932 289.9668 288.1208 285.0101 283.0973 283.3300 280.8289 278.0691 277.9725 276.1938 273.6101 270.6508 271.8959  287.367
1992 4.8144519E-09 6.4808319E-09 9.3097166E-09 1.3930409E-08 9.1487662E-09 1.0728398E-08 1.5316326E-08 1.7644169E-08 1.6128043E-08 1.8981018E-08 2.1403881E-08 2.1046608E-08 2.2883228E-08 2.1937826E-08 2.2452953E-08 2.3950625E-08  289.9065 293.1500 289.1629 284.8533 290.1131 288.3860 285.2070 283.2132 283.3615 280.8828 278.2146 278.2048 276.2404 273.7452 270.5694 272.1860  245.267
1993 6.9515185E-09 7.1236408E-09 9.0129735E-09 1.2762992E-08 1.4056897E-08 1.4695270E-08 1.7110459E-08 1.8114928E-08 2.4103565E-08 2.3441963E-08 2.2304221E-08 2.0432820E-08 2.8163958E-08 2.5241306E-08 2.4340721E-08 2.3157041E-08  289.8786 292.8937 289.1304 285.1299 289.8081 287.9617 284.9972 283.1932 283.1385 280.8707 278.2279 278.2073 275.9290 273.4835 270.8461 272.3003  555.1
1994 5.3590319E-09 6.2503949E-09 8.0847888E-09 1.1398761E-08 9.9971924E-09 1.2463404E-08 1.7666103E-08 1.9744375E-08 1.9347617E-08 2.2291093E-08 2.3377652E-08 2.3282018E-08 2.5739800E-08 2.3917838E-08 2.4572140E-08 2.6155888E-08  289.6529 291.9081 288.0081 284.1141 289.0640 287.1160 284.0079 282.2371 282.3659 279.9405 277.2732 277.2582 275.4266 273.0976 270.3898 271.5611  1217.37
1995 5.7074905E-09 4.4592721E-09 4.7082902E-09 8.5610683E-09 8.2858485E-09 8.7386356E-09 1.1199909E-08 1.2061655E-08 1.4814200E-08 1.8037150E-08 1.8117778E-08 1.6929764E-08 2.2481116E-08 2.3484816E-08 2.4020004E-08 2.3751261E-08  289.6180 292.9099 289.4681 286.0739 289.8734 288.3112 285.5165 284.2328 283.1250 280.7601 278.3899 278.8410 275.4780 272.7859 270.2303 272.0951  217.967
1996 3.3700711E-09 3.3314247E-09 5.2515756E-09 9.1384438E-09 6.1898189E-09 8.5297698E-09 1.1780834E-08 1.2067717E-08 1.4556227E-08 1.7844455E-08 1.8145823E-08 1.5849961E-08 2.2748869E-08 2.2107766E-08 2.1955140E-08 2.1670074E-08  289.5282 293.0454 289.2685 285.3581 289.8496 288.1014 285.0687 283.4424 282.8042 280.0873 277.5501 277.9522 275.1665 272.3509 269.7823 271.6702  313.7
1997 6.5810482E-09 7.3187669E-09 1.1034254E-08 1.4825504E-08 1.3928092E-08 1.6349734E-08 2.1289244E-08 2.2226780E-08 2.2777090E-08 2.4656503E-08 2.6307911E-08 2.4764692E-08 2.7991231E-08 2.4744830E-08 2.4934437E-08 2.6440073E-08  289.9874 292.1860 288.2447 284.3095 288.8289 286.8633 283.9978 282.3823 281.8763 279.4883 277.1584 277.3002 274.2306 271.8009 269.3725 271.2790  201.033
1998 3.9164325E-09 3.1181995E-09 3.4378793E-09 7.1916868E-09 7.0961041E-09 6.3646652E-09 7.9075608E-09 8.9941850E-09 1.5842161E-08 1.4944501E-08 1.3180488E-08 1.1114564E-08 2.2738085E-08 2.1595437E-08 2.0463602E-08 1.8859476E-08  289.5208 293.4750 290.3746 287.1561 290.1210 288.9083 286.3085 285.1041 283.2424 281.1376 279.0932 279.7620 275.1756 272.7949 270.7938 273.1789  239.667
1999 2.5380584E-09 1.9279067E-09 2.8224361E-09 5.4058682E-09 4.3873105E-09 4.5502615E-09 5.5387019E-09 6.3475469E-09 1.2046228E-08 1.1836023E-08 1.1108246E-08 9.7395914E-09 2.0615229E-08 1.9651921E-08 1.9120650E-08 1.7025000E-08  289.2970 294.0221 291.0423 287.8888 290.8549 289.8134 287.3308 286.2295 284.2812 282.4360 280.4225 281.0363 276.5632 274.5190 272.2869 274.3914  180.133
2000 5.3251625E-09 4.8115423E-09 5.8904077E-09 8.4213339E-09 1.0298079E-08 1.0419854E-08 1.1364659E-08 1.1511273E-08 1.8722615E-08 1.9382181E-08 1.8058293E-08 1.5739927E-08 2.2438455E-08 2.2636577E-08 2.2950452E-08 2.1868182E-08  289.6094 292.6118 289.3361 286.1372 289.5010 287.9419 285.4621 284.3617 282.8257 280.4959 278.3499 279.0276 275.3834 272.8855 270.8044 272.5189  1174.17
2001 6.2881753E-09 6.6159709E-09 8.4221696E-09 1.2377734E-08 1.0009566E-08 1.0718950E-08 1.2554901E-08 1.3493991E-08 1.6217694E-08 1.8303657E-08 1.9024675E-08 1.6097800E-08 2.1804929E-08 2.3099355E-08 2.3445700E-08 2.2606036E-08  289.6883 292.0635 288.6744 285.3184 289.0069 287.3957 284.8037 283.4966 282.1161 279.7418 277.3808 278.0003 274.1632 271.7070 269.5873 271.2342  160.367
2002 4.0344594E-09 3.9051842E-09 6.2135022E-09 1.0724593E-08 8.8520249E-09 9.4415595E-09 1.3025942E-08 1.6103497E-08 1.7757065E-08 2.0223474E-08 2.1604695E-08 2.0157804E-08 2.6008617E-08 2.4819972E-08 2.5030719E-08 2.4756657E-08  289.6828 292.7511 288.8273 284.7888 289.9355 288.0683 285.0435 283.2538 283.2768 280.7917 278.1324 278.2244 276.2082 273.5587 270.6903 272.1241  204.033
2003 3.7164924E-09 4.3724602E-09 6.0207594E-09 9.2292778E-09 6.2321228E-09 6.9339254E-09 9.3251753E-09 1.1029538E-08 1.1942450E-08 1.3524568E-08 1.5252926E-08 1.5241723E-08 1.9246052E-08 1.9205345E-08 2.0475719E-08 2.0585444E-08  289.5179 293.6135 290.1137 286.3027 290.8899 289.3640 286.4556 284.7646 284.6518 282.2827 279.7242 279.8471 277.4115 274.9855 272.1706 273.8440  275.833
2004 4.9178706E-09 5.5954192E-09 7.7690343E-09 1.2960496E-08 8.2023632E-09 9.7547339E-09 1.2722712E-08 1.4917076E-08 1.4878411E-08 1.7022808E-08 1.7674788E-08 1.7406913E-08 2.2756202E-08 2.0608827E-08 2.0140279E-08 2.0174669E-08  289.8846 293.4742 289.6578 285.6012 290.4457 288.7757 285.7804 283.9745 283.6762 281.3050 278.8750 279.0127 276.4655 274.2021 271.6917 272.9746  243.433
2005 5.1955737E-09 5.9770469E-09 7.4785547E-09 1.1073878E-08 8.4375111E-09 9.9773132E-09 1.2849451E-08 1.3504722E-08 1.4823299E-08 1.8152830E-08 1.9517508E-08 1.8924311E-08 2.0739703E-08 2.0305249E-08 2.1588002E-08 2.2435405E-08  289.6563 293.2396 289.6923 285.8014 290.4438 288.8304 285.8868 284.1254 284.2012 281.7579 279.0956 278.9155 277.2285 274.9199 271.8358 272.8983  164.633
2006 3.9736650E-09 4.3874295E-09 6.1565784E-09 9.1171870E-09 6.9699087E-09 7.7700388E-09 1.0223481E-08 1.1848137E-08 1.2856300E-08 1.4562660E-08 1.5507938E-08 1.5896950E-08 1.8996866E-08 1.8230182E-08 1.8994044E-08 1.9557296E-08  289.6712 293.3364 289.7446 285.9782 290.6093 288.9561 286.1120 284.4277 284.3301 281.9181 279.4468 279.5258 277.1396 274.6756 271.9898 273.3928  207.8
2007 3.8401846E-09 2.8924863E-09 3.5096315E-09 7.7169267E-09 6.6765256E-09 6.7533943E-09 8.2864196E-09 1.1210548E-08 1.4828838E-08 1.6173486E-08 1.6798133E-08 1.4758405E-08 2.3084802E-08 2.3293735E-08 2.2893973E-08 2.0085830E-08  289.2693 293.8800 290.6498 287.1435 290.6784 289.2319 286.6072 285.1559 284.0517 281.7210 279.3311 279.8285 276.6324 274.2029 271.6749 273.5181  157.3
2008 2.9856981E-09 3.5333831E-09 4.8643058E-09 9.3740864E-09 5.5363016E-09 6.1962284E-09 9.5779153E-09 1.1875453E-08 1.1778239E-08 1.3850915E-08 1.4818134E-08 1.4906707E-08 1.8799939E-08 1.9663579E-08 2.1623213E-08 2.1953683E-08  289.1983 293.3850 290.0738 286.5967 290.7433 289.2808 286.5298 285.1338 284.3658 282.1422 279.7966 279.9743 277.0161 274.5909 271.9966 273.2861  230.467
2009 3.7753867E-09 5.3684670E-09 8.5163654E-09 1.2675706E-08 6.7571775E-09 8.4612308E-09 1.3789698E-08 1.6984258E-08 1.4731537E-08 1.7574132E-08 1.9833854E-08 2.0635683E-08 2.1761766E-08 2.0140005E-08 2.1929173E-08 2.3419302E-08  289.8173 293.0900 289.0013 284.8340 290.3659 288.5627 285.3721 283.3727 283.6958 281.3414 278.6551 278.4127 276.7079 274.2390 271.0913 272.3857  150.867
2010 3.0779930E-09 2.2710640E-09 2.5850366E-09 5.1476508E-09 4.8207247E-09 6.0677063E-09 7.6029218E-09 7.3382016E-09 1.1688646E-08 1.4260030E-08 1.3824679E-08 1.2412071E-08 1.9562476E-08 2.2128647E-08 2.2558172E-08 2.0660542E-08  289.1653 292.7957 289.8252 287.0614 289.4124 288.1288 285.8114 285.0160 282.5844 280.4528 278.5306 279.4109 274.7545 272.3716 270.3401 272.3083  165.2
2011 3.9191894E-09 3.8348849E-09 4.3913411E-09 7.3426025E-09 6.6245853E-09 8.1384774E-09 1.0126974E-08 1.0485141E-08 1.3932463E-08 1.5651697E-08 1.4633780E-08 1.3253291E-08 2.0688239E-08 2.0628004E-08 2.0840512E-08 1.9621869E-08  289.1957 293.1753 289.9790 286.8013 290.1526 288.7578 286.2092 285.0341 283.5060 281.3234 279.2156 279.7978 275.4105 273.0384 270.9626 273.1139  161.067
2012 5.5367617E-09 5.4641740E-09 6.7554531E-09 1.1537299E-08 8.0472855E-09 9.4316137E-09 1.2786913E-08 1.4046253E-08 1.5704126E-08 1.7267784E-08 1.9074376E-08 1.8581723E-08 2.0810441E-08 2.0956449E-08 2.1895683E-08 2.2429083E-08  289.6096 292.5988 288.8706 285.1424 289.8849 288.1181 285.2502 283.6942 283.2812 280.8492 278.4035 278.6183 275.9826 273.6752 271.0041 272.3684  139.4
2013 3.2292709E-09 3.3097254E-09 5.3279035E-09 9.8865698E-09 5.1370761E-09 5.8874510E-09 9.3192689E-09 1.2384571E-08 1.0006467E-08 1.2870067E-08 1.4357306E-08 1.4337206E-08 1.9019721E-08 1.9937923E-08 2.0377660E-08 2.0095721E-08  289.5366 293.2067 289.6696 285.9178 290.3365 288.7238 285.7934 284.1112 283.7176 281.2101 278.6166 278.7967 276.0872 273.4155 270.7914 272.4416  270.333
2014 7.9648812E-09 8.9938252E-09 1.0826921E-08 1.4271400E-08 1.2653816E-08 1.5354352E-08 1.9147256E-08 2.0331596E-08 2.0158637E-08 2.2431749E-08 2.3772719E-08 2.3694477E-08 2.6824351E-08 2.3435479E-08 2.5200897E-08 2.5509024E-08  289.9120 292.4978 288.6339 284.7658 289.5162 287.4975 284.5436 282.9196 282.6210 280.2089 277.7704 277.8907 275.5700 273.2413 270.4913 271.9007  211.133
2015 5.1638334E-09 5.7474963E-09 7.0798345E-09 1.0242126E-08 1.3415844E-08 1.4281558E-08 1.6578273E-08 1.7282160E-08 2.7945180E-08 2.6577341E-08 2.4022871E-08 2.1583498E-08 3.5068254E-08 2.9400880E-08 2.7037622E-08 2.6309509E-08  290.3340 292.5544 288.8024 285.0530 288.9395 287.2267 284.5595 283.0630 281.7165 279.5835 277.4834 277.9279 274.1069 271.7654 269.6710 271.9147  845.067
