STN,prec_1,prec_2,prec_3,prec_4,prec_5,prec_6,prec_7,prec_8,prec_9,prec_10,prec_11,prec_12,prec_13,prec_14,prec_15,prec_16,st_1,st_2,st_3,st_4,st_5,st_6,st_7,st_8,st_9,st_10,st_11,st_12,st_13,st_14,st_15,st_16,04.0
LAT,29.30136,29.30136,29.30136,29.30136,32.09194,32.09194,32.09194,32.09194,34.88252,34.88252,34.88252,34.88252,37.67308,37.67308,37.67308,37.67308,29.30136,29.30136,29.30136,29.30136,32.09194,32.09194,32.09194,32.09194,34.88252,34.88252,34.88252,34.88252,37.67308,37.67308,37.67308,37.67308,33.6194949
LON,-115.3125,-112.5000,-109.6875,-106.8750,-115.3125,-112.5000,-109.6875,-106.8750,-115.3125,-112.5000,-109.6875,-106.8750,-115.3125,-112.5000,-109.6875,-106.8750,-115.3125,-112.5000,-109.6875,-106.8750,-115.3125,-112.5000,-109.6875,-106.8750,-115.3125,-112.5000,-109.6875,-106.8750,-115.3125,-112.5000,-109.6875,-106.8750,-110.9215037
1958 1.8967650E-09 8.1376117E-10 1.8768960E-09 1.0199112E-08 1.1656960E-09 2.0824193E-09 5.2592184E-09 1.4167131E-08 4.1384212E-09 6.5259464E-09 1.5412327E-08 2.4107214E-08 1.5884643E-08 2.1635151E-08 2.5716425E-08 2.6996904E-08  290.9937 299.9577 298.7069 295.7614 297.7781 298.5316 296.5350 294.8493 294.3116 293.0564 290.6080 290.1100 288.0747 286.1831 283.8770 284.4697  3914.67
1959 1.6587657E-09 7.1502554E-10 1.5060820E-09 1.0444173E-08 2.9845190E-10 1.0066797E-09 3.6678796E-09 9.7605444E-09 2.3069997E-09 3.2964951E-09 7.2915181E-09 1.4808033E-08 8.8933252E-09 1.2782022E-08 1.8216614E-08 2.0654820E-08  290.8301 300.9159 299.8518 296.8955 298.7243 299.5760 297.6950 296.2311 295.6813 294.6001 292.6613 292.0512 289.9765 288.0492 286.0476 286.2584  240.5
1960 1.4390953E-09 6.2892830E-10 1.2954040E-09 9.9181534E-09 5.2685944E-10 8.9004576E-10 2.8221647E-09 8.7266283E-09 1.8950206E-09 2.8567335E-09 6.4817365E-09 1.3673972E-08 8.9208045E-09 1.1804417E-08 1.6422021E-08 1.8832235E-08  290.3906 301.2337 300.4938 297.4362 298.7515 299.8448 298.3172 296.8294 296.0450 295.1037 293.4725 292.9052 290.4363 288.7750 286.8878 287.1885  1643.77
1961 1.3123282E-09 5.7198385E-10 2.3933560E-09 1.4082713E-08 2.5596492E-10 7.5453466E-10 4.1126582E-09 1.0280634E-08 2.1385476E-09 3.1797409E-09 7.6908702E-09 1.3929040E-08 8.1634699E-09 1.2227872E-08 1.7190260E-08 1.8807281E-08  290.1563 301.4577 300.6093 297.3911 298.9830 300.3352 298.6788 297.1595 296.3665 295.6147 293.8836 293.4479 290.9914 289.3023 287.5259 287.8509  539.7
1962 1.3267676E-09 8.6342666E-10 2.2886995E-09 1.4177546E-08 7.3746675E-10 1.2368749E-09 3.9924948E-09 1.0166443E-08 2.2281144E-09 3.7610093E-09 7.3182993E-09 1.3857292E-08 8.1005549E-09 1.0356365E-08 1.3940259E-08 1.5600834E-08  289.7032 301.3629 300.5461 297.3363 298.8347 300.0242 298.5293 297.1339 295.9477 295.1369 293.6814 293.3659 290.3873 288.7983 287.2601 287.8435  3999
1963 1.4976154E-09 3.5478126E-10 1.6516036E-09 9.2034504E-09 4.0394726E-10 1.0174522E-09 4.0590677E-09 1.0503824E-08 3.3734366E-09 5.6729674E-09 1.0083865E-08 1.5276770E-08 1.2223972E-08 1.6136184E-08 2.0762659E-08 1.9313593E-08  290.2056 300.4772 299.6389 296.7408 298.2480 299.2447 297.6945 296.2178 295.1613 294.0643 292.3296 292.1181 289.3963 287.5153 285.5522 286.4527  900
1964 1.6053395E-09 7.7443396E-10 1.9108102E-09 1.0069321E-08 7.5254525E-10 1.3437541E-09 3.4600962E-09 9.6927391E-09 1.9807798E-09 3.2377727E-09 7.1211037E-09 1.2963639E-08 8.0752462E-09 1.1676973E-08 1.4272909E-08 1.4768411E-08  290.0255 300.8065 300.0015 297.1588 298.6650 299.6254 298.1378 296.6843 295.8007 294.8253 293.2061 292.8259 289.9996 288.2900 286.6653 287.2212  955.667
1965 2.0973774E-09 9.0063046E-10 3.2091918E-09 1.2578345E-08 1.6136144E-09 2.2423106E-09 6.1294338E-09 1.3479317E-08 4.8007496E-09 6.6670598E-09 1.2520219E-08 2.0545922E-08 1.6595006E-08 2.0166556E-08 2.4499933E-08 2.2834977E-08  290.3388 299.9886 298.6996 295.5843 297.7361 298.5870 296.6738 295.0662 294.5413 293.4302 291.4446 291.0047 288.4345 286.7355 284.6864 285.5002  3380.67
1966 1.6940388E-09 1.7421370E-09 4.1785952E-09 1.6109448E-08 2.6835110E-09 2.8708365E-09 8.0105309E-09 1.6679024E-08 6.1777663E-09 9.5670840E-09 1.6953267E-08 2.3116662E-08 2.0593717E-08 2.5390692E-08 3.0063170E-08 2.7350499E-08  289.9252 299.7550 298.2484 294.8485 297.5732 298.1952 295.8128 294.0522 293.9129 292.5377 290.0786 289.6412 287.8275 285.8436 283.3854 284.3368  2498.33
1967 1.5361127E-09 9.4371289E-10 2.9742739E-09 1.6588503E-08 9.9854358E-10 1.5454495E-09 4.8902367E-09 1.2215906E-08 2.8991305E-09 4.6700079E-09 8.7922647E-09 1.4803100E-08 9.3784083E-09 1.2075355E-08 1.5953621E-08 1.8420369E-08  290.3207 301.0315 299.9882 296.4814 298.4735 299.5389 297.7979 296.1863 295.4355 294.5475 292.7404 292.3528 289.9144 288.2309 286.3077 286.7621  305.333
1968 1.6200969E-09 3.2573627E-10 1.3026065E-09 1.1142346E-08 5.5298927E-10 9.6303421E-10 3.9338262E-09 1.1707403E-08 2.4315143E-09 4.6583306E-09 8.6230934E-09 1.6359749E-08 9.1723713E-09 1.2541634E-08 1.7702034E-08 1.9588592E-08  290.7716 301.2768 300.2449 296.7709 298.5794 299.7188 297.9377 296.1840 295.5330 294.5275 292.5683 291.9309 289.7737 287.8679 285.8537 286.2544  2798.67
1969 1.8304344E-09 8.0092566E-10 1.8005060E-09 1.0633235E-08 1.1469854E-09 1.5766474E-09 5.8695573E-09 1.1764715E-08 3.8545762E-09 6.2452266E-09 1.2897611E-08 1.7680332E-08 1.3538556E-08 1.9438849E-08 2.3787928E-08 2.1493525E-08  289.7813 300.0706 298.8624 295.8775 297.8072 298.6218 296.5852 295.0727 294.6048 293.3512 291.1028 290.7668 288.8591 286.7659 284.5260 285.3300  2395
1970 1.4523448E-09 4.6947835E-10 1.5163230E-09 9.1924015E-09 4.3283058E-10 8.5583129E-10 2.5216222E-09 7.8888105E-09 2.0597346E-09 4.2575561E-09 7.3687758E-09 1.2793969E-08 1.0179875E-08 1.4679709E-08 1.7714720E-08 1.7716346E-08  290.5188 300.6678 299.5897 296.8310 298.5089 299.3282 297.6749 296.2500 295.3944 294.2762 292.4696 292.0721 289.2953 287.3754 285.4661 286.1372  931.367
1971 1.0124980E-09 5.3040367E-10 3.0778651E-09 1.2231678E-08 3.5410874E-10 1.0091900E-09 3.9047019E-09 9.2674046E-09 1.6613154E-09 2.8923330E-09 6.1633108E-09 1.2181995E-08 7.0319732E-09 9.9185877E-09 1.3967683E-08 1.4338212E-08  289.4938 301.7585 300.6906 297.3799 299.1503 300.4321 298.8600 297.3025 296.4202 295.6478 294.1121 293.6982 291.0799 289.3000 287.6103 287.9936  259.467
1972 1.7914267E-09 1.2246997E-09 3.0836942E-09 1.1689716E-08 1.2723255E-09 1.9794753E-09 6.4078671E-09 1.3516313E-08 4.7954263E-09 7.0077357E-09 1.4309334E-08 2.0548400E-08 1.5994299E-08 2.1404572E-08 2.6112380E-08 2.5103457E-08  290.0970 299.7989 298.6070 295.6150 297.7473 298.5058 296.5293 294.9889 294.6380 293.2616 291.1503 290.6830 288.7783 286.7013 284.3598 285.1038  257.433
1973 1.6870245E-09 6.3956873E-10 2.0909690E-09 1.1506016E-08 1.2563602E-09 1.4417354E-09 4.4760813E-09 1.0772118E-08 4.6597681E-09 6.0740577E-09 1.1137393E-08 1.6451230E-08 1.5895518E-08 1.9298865E-08 2.1748665E-08 2.1397424E-08  290.2635 299.9457 298.8432 295.9533 297.4119 298.4359 296.7394 295.4173 294.2270 293.3101 291.5063 291.2607 288.4170 286.8321 284.9831 285.8212  6195.33
1974 1.3586031E-09 1.2614872E-09 3.7384678E-09 1.5790651E-08 7.9521456E-10 2.0854680E-09 5.6118550E-09 1.4205137E-08 3.0760772E-09 5.0172044E-09 1.1309460E-08 1.8412706E-08 9.3305088E-09 1.3739728E-08 1.9058778E-08 1.9537575E-08  289.7019 301.3171 299.9969 296.3540 298.9434 299.9664 297.9823 296.0247 295.9352 294.8620 292.9199 292.3217 290.1944 288.2674 286.1918 286.7231  509.967
1975 1.0212494E-09 6.9645484E-10 2.5532108E-09 1.1965392E-08 8.9076246E-10 1.5348059E-09 4.0255013E-09 1.0641436E-08 2.8476048E-09 4.3764286E-09 8.0531954E-09 1.3625951E-08 9.9928235E-09 1.2969209E-08 1.5852915E-08 1.5631182E-08  289.5037 301.2644 300.3098 297.0674 298.6602 299.8517 298.2796 296.7020 295.8219 294.9921 293.3884 293.0410 290.2463 288.6491 287.0028 287.4722  2968.33
1976 1.3051292E-09 6.3359451E-10 4.1286867E-09 1.3083142E-08 5.3811239E-10 1.4357667E-09 6.0833880E-09 1.0831765E-08 2.3701456E-09 4.2043711E-09 9.8974029E-09 1.6508025E-08 8.2182829E-09 1.2693805E-08 1.9282488E-08 1.8618008E-08  289.9177 300.9669 299.6871 296.2741 298.5475 299.5398 297.6726 296.0981 295.6203 294.6360 292.6850 292.2035 289.8057 288.0558 286.0228 286.7906  1203.7
1977 1.8579245E-09 1.3017551E-09 3.0597580E-09 1.4081168E-08 1.0014541E-09 1.6142953E-09 5.6267599E-09 1.3706363E-08 4.0942081E-09 6.9405837E-09 1.1580247E-08 1.8984142E-08 1.6013940E-08 1.9438529E-08 2.3565313E-08 2.1910521E-08  290.6989 299.8471 298.4861 295.2879 297.5829 298.3596 296.2313 294.5197 294.2894 293.0439 290.7542 290.2906 288.4029 286.4964 284.1608 285.0546  608.067
1978 1.3697764E-09 4.6288517E-10 1.3972902E-09 8.6927674E-09 3.8082731E-10 8.0791385E-10 3.0363205E-09 8.5872367E-09 2.0911373E-09 2.6865139E-09 6.1597030E-09 1.2714124E-08 9.0793000E-09 1.2446588E-08 1.6449299E-08 1.6693100E-08  290.7833 301.0905 299.9539 296.8609 298.7466 299.5504 297.7868 296.2933 295.5199 294.5186 292.6642 292.2881 289.6208 287.7881 285.9777 286.5930  3080.67
1979 1.6053647E-09 6.9706613E-10 2.8445568E-09 1.2423198E-08 1.0263631E-09 1.7384597E-09 6.5806827E-09 1.4130533E-08 3.0673140E-09 5.2672169E-09 1.1808822E-08 1.7746464E-08 1.2227746E-08 1.6290997E-08 1.9489985E-08 1.9814387E-08  290.1047 300.1772 299.1801 296.1941 297.8973 298.8419 296.9677 295.5259 294.9315 293.8415 291.8501 291.4967 289.2904 287.5107 285.5032 286.1426  6281.33
1980 1.6488941E-09 5.5849719E-10 1.5636000E-09 1.0120003E-08 7.6017453E-10 1.2891073E-09 4.5556243E-09 1.1657160E-08 3.7143473E-09 6.0741852E-09 1.1275270E-08 1.5884869E-08 1.2634025E-08 1.7473377E-08 2.2117995E-08 2.1975090E-08  291.0685 300.6934 299.5997 296.5703 298.3793 299.1721 297.3300 295.8615 295.2492 294.0524 292.0580 291.6888 289.6133 287.6819 285.6655 286.1765  3848.33
1981 1.4415366E-09 4.2330742E-10 1.3955537E-09 9.3667643E-09 4.5397186E-10 7.3729250E-10 2.7393685E-09 7.3914252E-09 9.1350444E-10 2.1994779E-09 6.3872525E-09 1.2591836E-08 7.0586221E-09 8.8082333E-09 1.2945597E-08 1.5950512E-08  290.9608 301.6909 300.9070 297.7314 299.2821 300.3973 298.8663 297.3110 296.5101 295.6570 293.9696 293.4490 290.9632 289.3448 287.6285 287.8264  1280.43
1982 1.4531513E-09 8.0138068E-10 2.6011653E-09 1.1097607E-08 9.6201658E-10 1.4811801E-09 4.7468265E-09 9.6438191E-09 3.3983008E-09 5.1405489E-09 9.0385504E-09 1.3672729E-08 1.2567878E-08 1.4956170E-08 1.7360962E-08 1.7589468E-08  290.0225 301.0124 300.0323 297.1237 298.6729 299.5592 297.9067 296.6063 295.6584 294.5565 292.8459 292.6388 289.8318 288.0758 286.3303 287.0240  1945
1983 1.9288871E-09 1.2730770E-09 3.7932684E-09 1.3183886E-08 1.8152412E-09 3.3497320E-09 8.9501198E-09 1.9084762E-08 7.4963973E-09 1.1555134E-08 1.8710134E-08 2.8436654E-08 2.1345553E-08 2.6727237E-08 3.1361896E-08 3.1979386E-08  290.8081 299.2396 297.6604 294.5961 296.9888 297.5136 295.2299 293.4938 293.1724 291.8486 289.3900 288.8604 287.0125 285.1726 282.7241 283.5746  4265.33
1984 1.2507735E-09 5.7508098E-10 2.2853659E-09 1.3022225E-08 4.1137388E-10 8.7944690E-10 4.1493893E-09 1.2299417E-08 2.7928584E-09 3.9697086E-09 9.9089092E-09 1.6457545E-08 1.0149331E-08 1.4237600E-08 2.0412715E-08 2.1180314E-08  290.8822 300.9586 299.8645 296.4092 298.7409 299.8351 297.9513 296.1366 295.9188 294.8629 292.8443 292.2790 290.3047 288.2618 286.0330 286.5095  921.567
1985 1.1552843E-09 6.9142703E-10 3.0615646E-09 1.5253814E-08 5.2281446E-10 8.0401563E-10 3.8321448E-09 1.1499801E-08 1.9040767E-09 2.9443967E-09 7.3940480E-09 1.4368879E-08 8.0138882E-09 1.2825178E-08 1.7073912E-08 1.6100751E-08  290.2132 301.6626 300.3974 296.5859 299.0722 300.3100 298.5479 296.6696 296.2422 295.3484 293.5482 293.0661 290.6813 288.7184 286.8595 287.5040  3361.33
1986 2.7452249E-09 1.4989476E-09 4.4925152E-09 1.7635321E-08 1.8025770E-09 2.5613440E-09 6.6535608E-09 1.4856076E-08 4.2151584E-09 7.0095356E-09 1.1361226E-08 1.8280522E-08 1.3844406E-08 1.7160604E-08 2.2192557E-08 2.2898707E-08  290.8763 300.1064 298.6818 295.1777 297.5930 298.4385 296.4202 294.6824 294.3549 293.1401 291.0993 290.6855 288.5141 286.6476 284.4456 285.1776  1715.27
1987 2.3914843E-09 1.1929978E-09 2.4436737E-09 1.2535945E-08 1.7609980E-09 2.5950087E-09 7.6981159E-09 1.9676202E-08 6.5606458E-09 9.4487822E-09 1.9009427E-08 2.8998492E-08 2.0903927E-08 2.7426534E-08 3.4620406E-08 3.3097859E-08  290.5033 299.0503 297.6645 294.7111 296.9392 297.7220 295.5114 293.6417 293.3829 292.2045 289.7422 289.0460 287.2104 285.3268 282.8150 283.5274  3104
1988 1.4286806E-09 7.5046130E-10 2.7272409E-09 1.1609011E-08 8.9442048E-10 1.8289821E-09 4.1447485E-09 1.1454762E-08 2.9782028E-09 4.5106838E-09 7.8794988E-09 1.4807869E-08 8.7529832E-09 1.1678354E-08 1.5674729E-08 1.6317397E-08  290.6461 301.5418 300.4770 297.1493 299.0397 300.2718 298.6061 296.8392 296.4271 295.5733 293.7765 293.1547 291.1910 289.4368 287.5068 287.8408  1784.97
1989 1.5993996E-09 8.4512264E-10 4.0880224E-09 1.5518530E-08 6.3720601E-10 1.3638436E-09 4.5230539E-09 1.0916495E-08 1.8793884E-09 3.0002858E-09 6.5946888E-09 1.3048844E-08 7.5287687E-09 1.0161197E-08 1.3774992E-08 1.5304224E-08  290.2842 301.4264 300.2273 296.5498 298.7921 300.1716 298.5782 297.0179 296.1302 295.6164 294.2743 294.0139 290.8130 289.4023 288.0042 288.4991  582.833
1990 2.2087203E-09 1.3349445E-09 2.9424558E-09 1.3099672E-08 1.1371168E-09 1.5551417E-09 5.2086984E-09 1.2705233E-08 2.8617377E-09 4.7527555E-09 1.0443766E-08 1.6967892E-08 1.3341667E-08 1.7760897E-08 2.1233861E-08 2.0994325E-08  290.5293 300.3376 299.1700 295.8405 298.0071 298.9480 297.0253 295.3889 294.9499 293.8608 291.9091 291.4866 289.3000 287.3997 285.3602 286.0416  414.5
1991 1.7511195E-09 9.8092323E-10 2.4083904E-09 9.7553778E-09 7.1131012E-10 1.2577852E-09 3.8407761E-09 8.4722984E-09 3.6753196E-09 5.3606124E-09 9.4592334E-09 1.3707328E-08 1.5408734E-08 1.8503725E-08 2.1900227E-08 1.9816442E-08  290.6442 300.0382 299.1591 296.5712 297.6606 298.5662 296.9632 295.9192 294.4662 293.4438 291.6851 291.6898 288.6425 286.8862 284.9954 286.0150  3673.67
1992 2.2814064E-09 1.1786085E-09 3.8921950E-09 1.5496539E-08 2.4616531E-09 3.2619811E-09 8.8815106E-09 2.0946562E-08 6.0625318E-09 1.0033535E-08 1.9302401E-08 2.6403981E-08 2.0217467E-08 2.7238594E-08 3.1876851E-08 3.1338235E-08  291.3004 299.7611 298.0768 294.5704 297.3002 297.9557 295.4926 293.4195 293.7406 292.3512 289.7039 289.0691 287.7285 285.7937 283.4348 284.1826  3018.67
1993 2.2854918E-09 1.2918909E-09 4.2333981E-09 1.3806772E-08 1.5685981E-09 2.2109492E-09 6.8723591E-09 1.6188624E-08 5.2218212E-09 7.7983611E-09 1.3846730E-08 2.1876547E-08 1.6339087E-08 2.2025887E-08 2.7478480E-08 2.7208012E-08  291.2793 300.3259 298.9948 295.5100 297.8830 298.7762 296.5996 294.5664 294.4116 293.2307 290.9904 290.3025 288.5146 286.4867 284.1812 284.8618  4864.33
1994 2.3785065E-09 1.7769203E-09 4.1633146E-09 1.4181323E-08 2.1907356E-09 2.9393077E-09 7.5567526E-09 1.5552960E-08 4.5658148E-09 6.5235248E-09 1.1574509E-08 1.8880193E-08 1.4240894E-08 1.6751780E-08 2.0083609E-08 2.2156879E-08  290.8006 300.5066 299.1867 295.8184 298.0162 298.8032 296.8331 295.1122 294.6634 293.6010 291.5671 291.1343 288.8719 287.1637 285.1560 285.8188  902.067
1995 1.9289277E-09 7.8061885E-10 1.3235223E-09 8.6358911E-09 1.0264674E-09 1.2338042E-09 3.9143511E-09 1.1416240E-08 3.6332977E-09 5.5477400E-09 1.2396320E-08 1.7944521E-08 1.6500351E-08 2.0436177E-08 2.4544471E-08 2.6071721E-08  291.1359 300.3189 299.2286 296.1587 297.9938 298.8222 296.9521 295.3141 294.6422 293.5182 291.4845 290.9896 288.7332 286.8572 284.8196 285.4096  1375.67
1996 1.9367505E-09 1.1808020E-09 2.8129055E-09 1.2300364E-08 8.2795554E-10 1.6515429E-09 4.1674029E-09 1.0151401E-08 1.8291451E-09 3.4514016E-09 7.7499180E-09 1.5567018E-08 7.5154745E-09 1.1129302E-08 1.6664695E-08 1.8919486E-08  290.8402 301.3513 300.2458 297.0305 298.7865 299.9175 298.1992 296.6951 295.8002 294.9354 293.2171 292.7395 290.1832 288.4397 286.5194 286.9455  197.5
1997 1.6089765E-09 7.4843132E-10 1.9685487E-09 1.2157446E-08 1.2233812E-09 1.8143740E-09 4.8956941E-09 1.0415921E-08 4.1685571E-09 5.8406613E-09 1.0106843E-08 1.5819937E-08 1.2560855E-08 1.5948936E-08 2.0510537E-08 2.1069274E-08  290.6541 300.7883 299.7709 296.5547 298.0147 299.1608 297.5041 295.9516 295.0504 294.1560 292.3090 291.8744 289.5834 287.8394 285.7683 286.2740  1082.77
1998 1.7066273E-09 8.7527846E-10 2.7947173E-09 1.2510865E-08 1.4553150E-09 2.5789435E-09 7.8937674E-09 1.5864703E-08 5.5004374E-09 9.4195816E-09 1.5964931E-08 2.1827958E-08 1.9035880E-08 2.5861139E-08 3.0287161E-08 2.7425408E-08  291.1553 299.6063 298.1625 295.3214 297.7227 298.3312 296.0801 294.5979 294.4245 292.9407 290.5569 290.2073 288.0741 285.9438 283.5613 284.5103  3296.67
1999 1.0973328E-09 3.8567571E-10 1.5232866E-09 8.9012193E-09 3.3105718E-10 7.0671696E-10 2.4036675E-09 6.7290169E-09 1.0352246E-09 2.2428233E-09 4.7341979E-09 9.8030641E-09 5.8480460E-09 8.2971363E-09 1.1320484E-08 1.3002531E-08  290.0058 302.0604 301.2987 298.2666 299.6413 300.9598 299.6304 298.3307 297.2256 296.5393 295.1569 294.9269 291.9446 290.3727 288.9664 289.2275  420.167
2000 1.4211922E-09 1.2576086E-09 4.5352726E-09 1.5372869E-08 8.7110774E-10 1.4855077E-09 5.1847646E-09 1.1007810E-08 2.3227222E-09 3.4568619E-09 7.2361570E-09 1.2222063E-08 9.6687254E-09 1.1747601E-08 1.4693065E-08 1.4817608E-08  290.2346 301.8252 300.6067 297.1712 299.1908 300.4676 298.8995 297.3818 296.5618 295.8633 294.4183 294.3089 291.1844 289.6377 288.1318 288.7263  216.2
2001 1.7877082E-09 1.3380088E-09 3.7714263E-09 1.5936367E-08 1.8247315E-09 1.9998359E-09 6.0165570E-09 1.5434825E-08 3.5223471E-09 4.9782765E-09 1.1349022E-08 1.8819446E-08 1.2191285E-08 1.5622730E-08 2.0690374E-08 1.9791447E-08  290.3273 300.8402 299.6122 295.9430 298.1580 299.4101 297.5680 295.7928 295.4402 294.6400 292.7586 292.3202 290.2737 288.5620 286.6263 287.3352  1775.67
2002 3.0125169E-09 1.9900210E-09 3.6268426E-09 1.3453966E-08 1.5035615E-09 2.6473084E-09 5.4942859E-09 1.2398562E-08 4.2703494E-09 7.6230773E-09 1.0719408E-08 1.6832677E-08 1.4848944E-08 1.9788711E-08 2.3044535E-08 2.1954000E-08  290.0840 300.2081 299.1662 296.0477 297.7413 298.8342 297.1159 295.4664 294.8980 293.8993 292.0075 291.4778 289.6835 287.7177 285.6188 286.1143  164.5
2003 1.5214648E-09 4.7895193E-10 1.5360383E-09 1.0793188E-08 4.8723314E-10 8.0377455E-10 4.6234674E-09 1.2181784E-08 3.2419545E-09 4.9951518E-09 1.0288608E-08 1.8198660E-08 1.3602123E-08 1.8986059E-08 2.2683425E-08 2.1773921E-08  290.9935 301.1822 299.9254 296.5731 298.8353 299.7968 297.6873 295.8456 295.6021 294.4778 292.3383 291.5675 289.8165 287.7840 285.5965 286.1093  1321.47
2004 1.8848623E-09 1.5308507E-09 2.4149631E-09 1.1582969E-08 1.4158942E-09 2.3671471E-09 5.2060503E-09 1.1590453E-08 3.5428767E-09 5.4591140E-09 1.0760637E-08 1.7701375E-08 1.3870380E-08 1.7587055E-08 2.0531040E-08 2.1171443E-08  290.6967 300.8515 300.0366 296.9113 298.4034 299.4983 297.7222 296.2305 295.6260 294.5863 292.5359 292.0331 290.0470 288.1826 286.1706 286.6710  914.8
2005 1.9169515E-09 7.2322975E-10 1.7553271E-09 9.8073327E-09 7.8318602E-10 1.1310711E-09 3.6451153E-09 1.0146900E-08 2.9682565E-09 4.3028110E-09 8.3662508E-09 1.5497639E-08 1.3524700E-08 1.6338497E-08 2.0668136E-08 2.1769502E-08  291.0602 300.3541 299.2746 296.4975 298.0240 299.0039 297.2775 295.9043 295.0725 294.1330 292.3554 291.8581 289.5667 287.8583 285.9410 286.2955  1954.67
2006 1.1073668E-09 3.6885281E-10 1.6612929E-09 1.0021300E-08 3.6869138E-10 1.1266654E-09 2.7729317E-09 1.0306025E-08 2.6083729E-09 4.0691011E-09 7.9778690E-09 1.6128675E-08 8.8916545E-09 1.2574811E-08 1.7747931E-08 1.9501277E-08  289.9988 301.6183 300.7676 297.5992 299.0605 300.3121 298.7552 297.1607 296.3223 295.5016 293.8252 293.2513 290.9224 289.1837 287.2877 287.6722  268.733
2007 1.3694168E-09 5.2565868E-10 2.1485960E-09 1.0364662E-08 5.7358002E-10 1.0570143E-09 4.4323945E-09 1.0341336E-08 2.4961595E-09 4.1106922E-09 9.2907282E-09 1.6524304E-08 1.2437726E-08 1.5246517E-08 1.9321590E-08 2.0506183E-08  290.4561 300.6300 299.7030 296.6111 298.1583 299.3761 297.7440 296.2103 295.4976 294.6201 292.8328 292.3608 290.0902 288.4813 286.5825 287.0899  515.967
2008 1.2888004E-09 3.3155118E-10 1.1655239E-09 9.1548680E-09 3.2355524E-10 6.1416794E-10 1.8762665E-09 6.5831252E-09 9.1650293E-10 1.9983619E-09 4.8001612E-09 1.0650205E-08 5.7007106E-09 8.3651335E-09 1.2491745E-08 1.5421907E-08  289.9751 301.6065 301.0317 298.1534 299.1439 300.3982 299.1800 297.9741 296.6759 295.8653 294.5097 294.3105 291.5010 289.9468 288.3542 288.3766  1619.07
2009 1.6189277E-09 8.5285418E-10 3.7609129E-09 1.4144453E-08 8.1956419E-10 1.4348395E-09 5.1648334E-09 1.3181605E-08 2.0116906E-09 3.4937682E-09 9.4009724E-09 1.5161270E-08 9.4565502E-09 1.2937898E-08 1.7557818E-08 1.9361458E-08  290.5047 301.2683 300.1946 296.9070 298.9366 300.0430 298.3399 296.7845 296.3670 295.3559 293.5086 293.2485 290.9122 289.1196 287.2342 287.6993  887.267
2010 1.9520678E-09 9.7747599E-10 2.1981126E-09 1.0177148E-08 1.1480169E-09 1.8649167E-09 4.9938240E-09 1.1142799E-08 2.8113720E-09 5.4529545E-09 1.1017128E-08 1.5562792E-08 1.1831476E-08 1.6948031E-08 2.1463837E-08 2.0457222E-08  0.0000000E+00 0.0000000E+00 0.0000000E+00 0.0000000E+00 0.0000000E+00 0.0000000E+00 0.0000000E+00 0.0000000E+00 0.0000000E+00 0.0000000E+00 0.0000000E+00 0.0000000E+00 0.0000000E+00 0.0000000E+00 0.0000000E+00 0.0000000E+00  3325.33
2011 1.3354471E-09 5.3334104E-10 1.6946794E-09 9.4158494E-09 4.1093651E-10 7.2022621E-10 2.5777280E-09 7.5090885E-09 1.3807742E-09 2.8732223E-09 5.7624985E-09 1.0510298E-08 7.1372810E-09 9.1719663E-09 1.3033033E-08 1.4742697E-08  289.9275 301.5257 300.8062 297.8346 298.9498 300.2384 298.8942 297.6102 296.2455 295.4335 294.0965 294.0243 290.6560 289.0729 287.5814 288.0538  300.8
2012 1.4159303E-09 8.0138274E-10 3.5073155E-09 1.4706320E-08 9.0805025E-10 1.5491349E-09 6.2548096E-09 1.3477629E-08 2.5243649E-09 4.3286885E-09 1.0522898E-08 1.8264172E-08 1.1275340E-08 1.4452896E-08 1.8511846E-08 1.9074845E-08  290.4322 301.5899 300.4181 296.8360 299.1969 300.3662 298.4872 296.7002 296.5399 295.6389 293.6871 293.0813 291.2886 289.5491 287.5634 287.9849  558.433
2013 1.4584799E-09 6.5728900E-10 2.2033244E-09 1.0448256E-08 8.8130730E-10 1.6675183E-09 5.3101679E-09 9.9713446E-09 3.0775962E-09 5.9472280E-09 9.6828003E-09 1.6327606E-08 1.0195155E-08 1.5180323E-08 1.8924505E-08 1.8050526E-08  290.2544 300.5440 299.5846 296.7845 298.3434 299.2792 297.5481 296.2241 295.5526 294.3960 292.5492 292.1721 290.0150 288.0984 286.2014 286.7080  673.033
2014 1.8550806E-09 8.9625685E-10 2.6473366E-09 9.8705133E-09 6.2090727E-10 1.1434410E-09 3.9208885E-09 8.6475564E-09 1.9400506E-09 3.0166492E-09 7.3255397E-09 1.5400705E-08 9.4769197E-09 1.3841880E-08 1.7498271E-08 1.9045309E-08  291.1260 301.0347 300.1739 297.2474 298.7866 299.7490 298.0599 296.6533 295.9696 294.9542 293.1224 292.5556 290.2121 288.3222 286.4291 286.8821  202.8
2015 2.1466362E-09 1.2176968E-09 2.9096701E-09 1.5038426E-08 1.1782877E-09 2.0038415E-09 6.5176682E-09 1.5301268E-08 4.1414832E-09 6.8659678E-09 1.5049848E-08 2.1981185E-08 1.5948881E-08 2.1613259E-08 2.6698620E-08 2.6316773E-08  291.9758 300.2126 298.8487 295.3490 297.7607 298.6606 296.4230 294.6068 294.4359 293.2887 290.8147 290.3325 288.6835 286.8008 284.5703 285.0783  307.667
