STN,prec_1,prec_2,prec_3,prec_4,prec_5,prec_6,prec_7,prec_8,prec_9,prec_10,prec_11,prec_12,prec_13,prec_14,prec_15,prec_16,st_1,st_2,st_3,st_4,st_5,st_6,st_7,st_8,st_9,st_10,st_11,st_12,st_13,st_14,st_15,st_16,12.0
LAT,29.30136,29.30136,29.30136,29.30136,32.09194,32.09194,32.09194,32.09194,34.88252,34.88252,34.88252,34.88252,37.67308,37.67308,37.67308,37.67308,29.30136,29.30136,29.30136,29.30136,32.09194,32.09194,32.09194,32.09194,34.88252,34.88252,34.88252,34.88252,37.67308,37.67308,37.67308,37.67308,33.6194949
LON,-115.3125,-112.5000,-109.6875,-106.8750,-115.3125,-112.5000,-109.6875,-106.8750,-115.3125,-112.5000,-109.6875,-106.8750,-115.3125,-112.5000,-109.6875,-106.8750,-115.3125,-112.5000,-109.6875,-106.8750,-115.3125,-112.5000,-109.6875,-106.8750,-115.3125,-112.5000,-109.6875,-106.8750,-115.3125,-112.5000,-109.6875,-106.8750,-110.9215037
1958 1.3718748E-09 4.0126052E-10 2.1795068E-09 1.1450862E-08 4.6537463E-10 1.0839148E-09 3.6620365E-09 1.0849767E-08 2.1901152E-09 4.9085935E-09 8.7351397E-09 1.4606036E-08 9.1027692E-09 1.2556219E-08 1.7009688E-08 1.8764759E-08  290.5087 301.4489 300.2095 296.7779 299.1284 299.9824 298.0925 296.2794 296.0301 294.8371 292.9131 292.2691 290.3090 288.3208 286.2793 286.6514  206.129
1959 1.3379177E-09 9.2898339E-10 2.6658891E-09 1.0663061E-08 3.9094383E-10 1.1779067E-09 4.0840336E-09 9.6885495E-09 1.9870907E-09 4.2179917E-09 7.6802884E-09 1.2924867E-08 9.6488568E-09 1.3958980E-08 1.7987608E-08 1.8360250E-08  290.5806 301.2400 300.1999 297.1868 298.8804 299.8723 298.2079 296.7327 295.8717 294.9120 293.2456 292.8297 290.0134 288.2921 286.4178 286.9041  2674.9
1960 1.3842936E-09 3.2853700E-10 1.3420739E-09 1.1311712E-08 3.2582975E-10 7.9870943E-10 2.6973486E-09 8.7380156E-09 1.8792010E-09 2.8546121E-09 5.4249889E-09 1.1610690E-08 8.6314111E-09 1.1197991E-08 1.4247594E-08 1.5702193E-08  290.4169 301.4430 300.5883 297.5334 298.9821 300.1486 298.6842 297.1896 296.2096 295.4728 293.9774 293.5355 290.6267 289.0885 287.5250 287.8747  177.677
1961 1.9369819E-09 1.2556857E-09 2.5518081E-09 1.0751053E-08 1.2243204E-09 1.6042335E-09 3.5857839E-09 8.1315763E-09 2.6754516E-09 3.6163514E-09 6.2669399E-09 1.1794912E-08 9.1959702E-09 1.1846904E-08 1.3950320E-08 1.4492122E-08  290.3860 301.1337 300.2796 297.3568 298.4962 299.6985 298.2617 297.0775 295.4680 294.7708 293.4217 293.2483 289.8578 288.4025 287.0338 287.7012  562.226
1962 1.0470106E-09 4.3846135E-10 1.7744027E-09 9.5272785E-09 3.2648609E-10 6.7930261E-10 3.4273970E-09 8.8092280E-09 1.2851732E-09 2.0909072E-09 6.6561441E-09 1.2366765E-08 7.6259470E-09 1.0451377E-08 1.5065984E-08 1.7275115E-08  290.3789 301.2720 300.4376 297.3618 298.8496 299.9441 298.4229 297.0082 296.0352 295.1093 293.3544 293.0368 290.5980 288.8133 286.9040 287.2724  216.323
1963 1.4798019E-09 5.7383975E-10 2.2131901E-09 1.3581716E-08 7.8267554E-10 1.7831722E-09 5.5715983E-09 1.3197900E-08 3.6422081E-09 6.4457479E-09 1.1942734E-08 1.8346668E-08 1.2313092E-08 1.5913660E-08 1.8842817E-08 2.0718902E-08  290.4510 301.0864 300.0082 296.6664 298.7298 299.7600 297.9767 296.1534 295.8195 294.7130 292.7826 292.0865 290.1204 288.1738 286.2017 286.5703  202.71
1964 1.5247363E-09 5.7155375E-10 1.6528214E-09 8.6334984E-09 5.3693083E-10 9.9471420E-10 2.7062115E-09 7.7792359E-09 1.4512010E-09 2.5073115E-09 4.8099968E-09 1.1391278E-08 8.6805585E-09 9.5900852E-09 1.2968648E-08 1.5279131E-08  290.4000 300.8944 300.0764 297.4554 298.6611 299.6240 298.2444 297.1582 295.7416 294.8096 293.3875 293.2611 289.7919 288.3356 286.6959 287.3122  207.806
1965 1.3902209E-09 8.1685825E-10 2.5908373E-09 1.2177686E-08 5.2538451E-10 9.8823938E-10 5.1247948E-09 1.3999311E-08 3.0254648E-09 4.6156954E-09 1.0970347E-08 2.0283663E-08 1.1669685E-08 1.6486995E-08 2.2354614E-08 2.3346121E-08  290.5084 300.5793 299.6323 296.2985 298.3186 299.3512 297.3792 295.4720 295.1524 294.0409 291.7133 290.9586 289.1808 287.2304 284.8536 285.4565  6326.55
1966 1.7227442E-09 1.2096995E-09 2.7182359E-09 1.3353221E-08 9.1667762E-10 1.4904460E-09 4.8622404E-09 1.2899124E-08 2.7291103E-09 4.1098538E-09 8.0963209E-09 1.4981236E-08 7.6545144E-09 1.0268455E-08 1.3753403E-08 1.7459751E-08  290.3787 301.5733 300.6785 297.3450 298.9209 300.0503 298.4186 296.7944 295.9468 295.0782 293.3209 292.8187 290.4922 288.8522 287.1434 287.3327  444.613
1967 1.2339069E-09 4.9669185E-10 2.8412146E-09 1.1034533E-08 3.7443770E-10 6.9312484E-10 4.5826880E-09 1.1026319E-08 2.1424515E-09 3.8026933E-09 8.2561042E-09 1.5733260E-08 1.0696862E-08 1.2489338E-08 1.6667935E-08 1.9303011E-08  290.5188 301.2021 300.0577 296.8630 298.8194 299.8432 297.9359 296.3316 295.7435 294.7762 292.8177 292.2080 290.0786 288.4136 286.3886 286.6618  1167.48
1968 1.7645768E-09 1.0294932E-09 2.3783455E-09 9.8543369E-09 7.3634127E-10 1.3811361E-09 4.1749542E-09 9.6270867E-09 3.4967260E-09 4.8136868E-09 9.3357455E-09 1.4976132E-08 1.4435228E-08 1.7231489E-08 2.1292502E-08 2.0955367E-08  290.3152 300.2441 299.2832 296.4730 297.7006 298.7523 297.1225 295.8606 294.5162 293.5428 291.8257 291.5956 288.6185 286.8803 284.9977 285.7552  224.323
1969 1.6725268E-09 5.7737143E-10 1.2312393E-09 9.4112638E-09 1.0561485E-09 1.1398803E-09 3.4575345E-09 9.3115871E-09 2.7285114E-09 3.6169501E-09 7.0022752E-09 1.2697638E-08 1.1887896E-08 1.5204112E-08 1.8563268E-08 2.0023174E-08  290.4340 300.2303 299.3746 296.7663 297.7664 298.7110 297.2569 296.1839 294.5814 293.6862 292.1113 292.0564 288.6796 287.0427 285.3553 285.9681  261.194
1970 1.3605115E-09 8.2154000E-10 2.0698965E-09 9.5662074E-09 9.5335084E-10 1.4817995E-09 3.9983390E-09 9.0049861E-09 2.7642304E-09 4.5863078E-09 8.2202076E-09 1.3498407E-08 1.1239486E-08 1.5157948E-08 1.9124846E-08 2.0013941E-08  290.3671 300.5729 299.6403 296.8304 298.2083 299.1189 297.5589 296.2830 295.0807 294.0807 292.3994 292.1750 289.1456 287.3960 285.6120 286.3149  184.484
1971 1.4479151E-09 6.8512729E-10 2.3083864E-09 1.3990809E-08 5.6856775E-10 9.8152031E-10 4.1829078E-09 1.2411332E-08 2.5472442E-09 3.2834637E-09 7.7107885E-09 1.5352995E-08 1.0350316E-08 1.2568203E-08 1.7348905E-08 1.7721415E-08  290.1643 300.8987 299.8524 296.5634 298.2640 299.3039 297.7344 296.2327 295.1590 294.3400 292.6906 292.2950 289.3981 287.8965 285.9913 286.6277  1574.55
1972 1.3143386E-09 4.8419641E-10 1.9083271E-09 7.1755828E-09 4.3618381E-10 5.9416055E-10 2.3750142E-09 7.9751032E-09 2.2219555E-09 3.3084175E-09 7.0391271E-09 1.4463831E-08 9.1498071E-09 1.1366968E-08 1.7292175E-08 1.9179755E-08  290.3804 300.7457 299.7930 296.9339 298.6404 299.5768 297.8340 296.2850 295.4815 294.4497 292.5072 291.9229 289.3973 287.6708 285.5270 286.0518  1417.9
1973 1.1840046E-09 7.6724538E-10 3.5031662E-09 1.4861189E-08 4.5229517E-10 1.3174111E-09 4.5166559E-09 1.0497276E-08 1.5865365E-09 2.7202043E-09 6.2731242E-09 1.2834991E-08 7.8209146E-09 9.4304005E-09 1.2863810E-08 1.4691165E-08  290.0553 301.6003 300.4651 297.1028 299.0751 300.2303 298.5737 297.0285 296.3747 295.6474 294.0629 293.7002 291.0309 289.5345 287.9060 288.1239  229
1974 1.6206129E-09 6.1873295E-10 2.3953588E-09 1.0112297E-08 8.0025420E-10 1.3504228E-09 4.1835539E-09 1.0960904E-08 3.2922152E-09 4.8302207E-09 8.8906829E-09 1.5008805E-08 1.0906193E-08 1.3920196E-08 1.8340893E-08 2.0111949E-08  290.2914 300.5951 299.4506 296.5923 298.1866 299.1398 297.4265 296.0788 295.1897 294.0889 292.2508 291.9583 289.4823 287.6692 285.6291 286.1363  224.677
1975 1.1579924E-09 2.2050212E-10 3.1020455E-09 1.3740560E-08 2.6150018E-10 1.0920754E-09 4.6277391E-09 1.1324391E-08 1.2882279E-09 2.9811500E-09 7.7641964E-09 1.4568708E-08 5.7335861E-09 8.5870120E-09 1.4110489E-08 1.6407402E-08  290.2404 301.7283 300.6738 297.2101 299.3411 300.4789 298.7941 297.0885 296.6667 295.7061 293.9716 293.5033 291.1610 289.5126 287.7130 287.9851  207.323
1976 1.6097562E-09 5.2467891E-10 1.6284916E-09 1.0304493E-08 1.0812484E-09 1.4188246E-09 4.9397881E-09 1.2357063E-08 4.1160275E-09 6.2236274E-09 1.1543166E-08 1.7357738E-08 1.3798811E-08 1.8401376E-08 2.3126843E-08 2.3207328E-08  290.5285 300.2750 299.1051 295.9508 298.0282 298.8166 296.8097 295.0452 294.4952 293.2822 291.1002 290.5796 288.2375 286.4258 284.0875 284.8391  168.129
1977 1.6231170E-09 9.4572916E-10 1.8038019E-09 9.3854258E-09 1.0903803E-09 1.3273767E-09 2.9209530E-09 7.5087323E-09 2.7387639E-09 3.7422772E-09 5.8622494E-09 1.1349600E-08 1.1153905E-08 1.3391623E-08 1.6795756E-08 1.7998408E-08  290.3566 300.7931 299.9916 297.1748 298.5303 299.4583 297.9450 296.7582 295.4475 294.4434 292.8417 292.6918 289.5385 287.7766 286.0391 286.7588  161.484
1978 1.2899044E-09 6.8924572E-10 1.7681399E-09 9.7285895E-09 8.9059965E-10 1.3544428E-09 4.0524126E-09 1.0107505E-08 3.3298704E-09 5.6546274E-09 1.0792097E-08 1.5032162E-08 1.4055315E-08 1.7903888E-08 2.1413173E-08 1.9516769E-08  290.4250 300.4680 299.2884 296.3772 298.1081 298.8627 297.0574 295.6308 294.6314 293.4566 291.4078 291.1014 288.6178 286.6803 284.5033 285.2971  5942.58
1979 1.1428585E-09 5.6480098E-10 2.3668438E-09 1.0837089E-08 2.7934105E-10 1.0122396E-09 3.8550061E-09 9.5400985E-09 1.3748110E-09 3.7441628E-09 8.9668717E-09 1.4356801E-08 7.2823205E-09 1.1477193E-08 1.6602044E-08 1.7844140E-08  290.4249 301.8307 300.6253 297.3019 299.3788 300.2531 298.3904 296.7937 296.2061 295.1476 293.1922 292.7480 290.4095 288.6070 286.6316 287.1129  254.323
1980 1.4576723E-09 4.4033932E-10 1.6204044E-09 1.0355926E-08 7.1202366E-10 1.1058049E-09 3.8074068E-09 1.0062412E-08 2.8420124E-09 3.9760599E-09 7.1564870E-09 1.4715874E-08 9.8926733E-09 1.2962877E-08 1.6561746E-08 1.7444989E-08  290.5471 301.3978 300.3445 297.2282 298.9403 299.8766 298.2317 296.7277 295.8539 294.8461 293.1796 292.6481 290.0674 288.2739 286.4670 286.9163  300.065
1981 1.5661474E-09 8.2707080E-10 3.6172034E-09 1.1163354E-08 8.9843716E-10 1.3741216E-09 4.7853255E-09 1.1662687E-08 3.1961640E-09 4.9313962E-09 9.5886952E-09 1.6564622E-08 1.0438937E-08 1.5045128E-08 2.0190155E-08 2.0372696E-08  290.4093 301.1709 299.8960 296.6487 298.6932 299.7119 297.8109 296.0959 295.7708 294.7503 292.8198 292.1472 290.3156 288.4436 286.3471 286.7305  244.226
1982 1.8435240E-09 1.2541883E-09 2.4586666E-09 1.0275304E-08 9.9430675E-10 1.6512681E-09 5.6652283E-09 1.2546078E-08 3.5308887E-09 6.5774399E-09 1.3130851E-08 1.9182826E-08 1.1393453E-08 1.7977682E-08 2.3193380E-08 2.3187051E-08  290.4134 300.5457 299.5221 296.4616 298.4983 299.4405 297.3960 295.5070 295.4400 294.1905 291.7742 291.0429 289.5439 287.4422 285.0079 285.5450  1841.65
1983 1.3263906E-09 2.3072499E-10 1.7723164E-09 9.3411403E-09 3.3842831E-10 6.9107708E-10 2.7693574E-09 7.5857116E-09 1.7518346E-09 2.3246085E-09 5.1513753E-09 1.0718407E-08 8.7490442E-09 1.2239706E-08 1.4912509E-08 1.6274686E-08  290.4544 301.0293 300.1469 297.3635 298.5846 299.5848 298.1453 297.1729 295.6252 294.7564 293.3827 293.4543 289.9738 288.3110 286.8547 287.4399  1626.52
1984 1.7537671E-09 4.5907320E-10 1.9762609E-09 9.7515933E-09 4.5107912E-10 9.3631336E-10 3.4378544E-09 8.7537275E-09 2.2514977E-09 3.7054038E-09 7.0989445E-09 1.3775759E-08 9.2927017E-09 1.4728864E-08 1.8476630E-08 1.8532630E-08  290.3122 300.6992 299.8600 296.9399 298.1509 299.3600 297.8030 296.5088 295.3908 294.5367 292.9017 292.5611 289.8304 287.9915 286.1934 286.7684  4145.71
1985 1.6907061E-09 1.0739725E-09 2.1406708E-09 1.0371785E-08 7.6461121E-10 1.7168226E-09 3.8999692E-09 1.0226324E-08 2.9276583E-09 4.6276587E-09 8.5572527E-09 1.4734516E-08 1.2298887E-08 1.6207718E-08 1.8816346E-08 1.9192113E-08  290.4819 300.2025 299.2929 296.4695 297.9508 298.8174 297.2684 295.9878 294.8752 293.8805 292.2516 291.9413 289.0878 287.3508 285.6093 286.2603  579.903
1986 2.3255453E-09 1.9173327E-09 4.1550123E-09 1.4234726E-08 2.1893960E-09 2.4390723E-09 7.0135178E-09 1.5788959E-08 5.6742278E-09 8.0751796E-09 1.3314298E-08 2.0176994E-08 1.8601005E-08 2.1349100E-08 2.4035222E-08 2.4789031E-08  290.6353 299.5539 298.2157 295.1349 297.2259 298.0744 296.0280 294.2906 293.8860 292.8245 290.6602 290.2508 288.1327 286.5353 284.4429 285.1053  1090.32
1987 1.7900329E-09 8.1024631E-10 2.5610289E-09 1.0532188E-08 9.0568070E-10 1.8301882E-09 4.5592214E-09 1.1896084E-08 4.1236934E-09 6.0237344E-09 1.0933056E-08 1.8258907E-08 1.3003556E-08 1.8360426E-08 2.3907806E-08 2.3890550E-08  290.6577 300.3899 299.2835 296.3148 298.2583 299.2108 297.3805 295.7228 295.2957 294.2456 292.2071 291.5186 289.4199 287.4637 285.2932 285.8118  317.419
1988 1.4439913E-09 4.4856255E-10 3.2562459E-09 1.6181396E-08 4.3874376E-10 7.8428197E-10 3.8931653E-09 1.2531827E-08 1.4396655E-09 3.0448082E-09 7.9263955E-09 1.5429384E-08 6.0135528E-09 9.9075681E-09 1.3843153E-08 1.6194619E-08  290.3831 301.9584 300.7260 297.0103 299.3099 300.6389 298.9948 297.0700 296.6947 295.9047 294.1607 293.6863 291.3294 289.5602 287.8831 288.1183  252.097
1989 1.7891489E-09 7.1685702E-10 2.7111196E-09 1.3991603E-08 6.7429701E-10 1.4058864E-09 4.4529744E-09 1.2482277E-08 2.2172233E-09 4.1731005E-09 8.5862313E-09 1.6756010E-08 1.0886581E-08 1.4596693E-08 1.8602643E-08 1.8463243E-08  290.4873 300.8491 299.7557 296.4761 298.4710 299.5305 297.8352 296.2292 295.7428 294.7538 292.8872 292.3489 290.1658 288.3978 286.4541 286.9731  191.258
1990 1.7169086E-09 6.7560846E-10 1.9887914E-09 9.6531059E-09 8.4333934E-10 1.2539358E-09 4.2110502E-09 1.0692883E-08 3.2757177E-09 4.6105035E-09 8.4225755E-09 1.4927990E-08 1.0432388E-08 1.4243537E-08 1.8904259E-08 1.9575440E-08  290.6961 300.9225 299.8951 296.7060 298.5331 299.4617 297.6899 296.0452 295.4381 294.3740 292.4397 291.8469 289.8187 287.8815 285.7281 286.1430  1170.65
1991 1.4342633E-09 4.1018250E-10 1.5104885E-09 7.8141964E-09 6.2045347E-10 1.1175290E-09 2.4943558E-09 8.4648040E-09 3.7805141E-09 5.8506968E-09 9.0711323E-09 1.5074201E-08 1.6281211E-08 1.9911070E-08 2.2847344E-08 2.2210440E-08  290.6447 299.9686 298.9090 296.3532 297.5800 298.3861 296.7132 295.4182 294.2630 293.1277 291.2191 290.9202 288.2740 286.5663 284.5125 285.2912  774
1992 1.8607591E-09 1.1381485E-09 3.5183483E-09 1.2920199E-08 1.0241280E-09 2.2178717E-09 6.6333712E-09 1.3350835E-08 3.8994332E-09 5.8860152E-09 1.0942583E-08 1.7325503E-08 1.6679651E-08 1.9983434E-08 2.1869827E-08 2.2584617E-08  290.7267 300.2584 298.8624 295.7074 297.9280 298.6446 296.6147 294.9233 294.5858 293.4485 291.3354 290.7758 288.6025 286.7379 284.7665 285.2989  1964.48
1993 1.6818996E-09 7.8499029E-10 2.3100226E-09 1.2149977E-08 6.8364703E-10 1.0102930E-09 4.6969166E-09 1.2638085E-08 3.6101939E-09 4.7552078E-09 1.0389359E-08 1.7659390E-08 1.5135308E-08 1.7272837E-08 2.1949665E-08 2.2518728E-08  290.7707 300.2278 299.1783 295.9685 297.9535 298.8835 297.0074 295.2924 294.7943 293.7922 291.8083 291.2038 288.9557 287.1949 285.1858 285.8147  331.194
1994 1.6637586E-09 7.7819845E-10 1.5928006E-09 1.1953125E-08 1.0990132E-09 1.5744585E-09 5.9869301E-09 1.4610377E-08 4.8399302E-09 7.0178392E-09 1.3625440E-08 1.9360488E-08 1.5037850E-08 1.9067423E-08 2.3639910E-08 2.3169546E-08  290.5198 300.0229 298.7792 295.6079 297.7334 298.5170 296.3969 294.6571 294.4438 293.1820 290.8764 290.3481 288.5490 286.5314 284.2592 284.9602  1046.52
1995 2.0861124E-09 9.6896524E-10 3.6412917E-09 1.0589976E-08 1.1002655E-09 1.6244860E-09 5.4550906E-09 1.0545415E-08 2.8171474E-09 4.4411905E-09 9.8406954E-09 1.5301257E-08 1.2715797E-08 1.6569237E-08 1.9063844E-08 1.8235772E-08  290.6270 300.5968 299.4294 296.6446 298.2819 299.1027 297.3123 296.0543 295.0263 293.9727 292.1706 291.9221 289.0390 287.2414 285.3728 286.1486  213.935
1996 1.5297426E-09 6.9568906E-10 1.9386812E-09 1.0669535E-08 1.0229684E-09 1.6221834E-09 5.5680252E-09 1.1871062E-08 3.5771925E-09 5.6980225E-09 9.8627799E-09 1.6569736E-08 1.1929950E-08 1.6332553E-08 2.0825409E-08 2.1427768E-08  290.4524 300.6680 299.5891 296.4156 298.1514 299.0056 297.1756 295.6252 294.8943 293.8088 291.9524 291.4388 289.1899 287.3767 285.4099 286.0152  282.129
1997 2.1837092E-09 6.8483924E-10 1.9831106E-09 1.0424127E-08 1.8935984E-09 2.4993898E-09 6.6213239E-09 1.5587776E-08 5.2349685E-09 8.2393488E-09 1.5566632E-08 2.0984062E-08 1.3923625E-08 2.0556486E-08 2.6444233E-08 2.6111643E-08  290.7975 300.0733 298.9208 295.9112 297.8894 298.6342 296.4443 294.7571 294.6049 293.1942 290.5826 290.3586 288.6201 286.3794 283.9071 284.8733  291.258
1998 1.3972757E-09 4.1123649E-10 2.0869946E-09 7.6879312E-09 4.3558740E-10 7.6831552E-10 3.0876459E-09 8.2908391E-09 1.8277798E-09 2.6788851E-09 6.2570980E-09 1.2352575E-08 9.0604999E-09 1.2525920E-08 1.6235306E-08 1.7695257E-08  290.5357 301.0475 300.0573 297.2723 298.6192 299.6952 298.1201 296.8304 295.7794 294.8701 293.2911 292.9741 290.2542 288.4364 286.6943 287.0445  255.806
1999 1.5142796E-09 7.7993467E-10 4.7503428E-09 1.5136315E-08 9.1080177E-10 1.2373434E-09 5.7659673E-09 1.2711657E-08 2.4551745E-09 3.8888284E-09 9.1380699E-09 1.4144709E-08 8.7918046E-09 1.1518797E-08 1.6205654E-08 1.7073432E-08  290.3059 301.1676 300.1116 296.9628 298.3622 299.6997 298.1053 296.7740 295.7511 295.0562 293.5619 293.4446 290.7086 289.2852 287.6265 288.2197  181.839
2000 1.5787343E-09 9.9451480E-10 2.2582944E-09 1.0546217E-08 1.1043391E-09 1.6495636E-09 5.0090549E-09 1.0670019E-08 3.6670298E-09 5.1232929E-09 9.3873966E-09 1.5737616E-08 1.1405447E-08 1.4912445E-08 1.8955976E-08 1.9753161E-08  290.4852 300.8042 299.9529 296.9517 298.3072 299.4991 297.9554 296.5947 295.5733 294.7655 293.0524 292.6814 290.3339 288.5493 286.6472 287.1225  329.968
2001 2.1727806E-09 1.9310193E-09 3.2720824E-09 1.2904075E-08 8.1017670E-10 1.6497506E-09 4.2044443E-09 1.0919110E-08 2.4422389E-09 3.9238559E-09 8.4239051E-09 1.6073448E-08 9.8214450E-09 1.2996566E-08 1.7510724E-08 1.8201955E-08  290.6087 301.0421 299.9341 296.6230 298.6732 299.6806 297.9475 296.3892 295.9474 294.9601 293.1824 292.5902 290.5783 288.6705 286.7609 287.2048  178.935
2002 1.7188051E-09 8.4103552E-10 3.0340535E-09 1.0894283E-08 7.6008377E-10 1.4396770E-09 6.0032148E-09 1.2492007E-08 3.3224326E-09 5.6492051E-09 1.1169488E-08 1.7401126E-08 1.5099602E-08 1.8467709E-08 2.2894168E-08 2.1704095E-08  290.6263 300.0549 298.9463 296.0334 297.7290 298.6337 296.7512 295.2075 294.4880 293.4952 291.5358 291.1624 288.6456 286.9362 285.0693 285.8584  197.968
2003 1.4434379E-09 9.7468711E-10 1.8078131E-09 1.0913309E-08 6.0224037E-10 9.5375596E-10 3.3780521E-09 1.0106810E-08 1.9944069E-09 3.3477805E-09 6.8229133E-09 1.3530332E-08 9.7145447E-09 1.1575067E-08 1.5393312E-08 1.6374093E-08  290.5185 300.9368 300.0403 296.9660 298.4545 299.5616 297.9855 296.4811 295.4441 294.6237 292.9925 292.6639 289.9274 288.3716 286.5838 287.1974  190.097
2004 1.6892440E-09 1.0694661E-09 2.0687321E-09 9.5056718E-09 9.1936830E-10 1.7555205E-09 4.1192716E-09 1.0302151E-08 3.4167338E-09 5.5960094E-09 9.8763868E-09 1.4832202E-08 1.2882552E-08 1.6965886E-08 2.0927914E-08 2.1270047E-08  290.7164 300.7129 299.6238 296.6163 298.3856 299.2288 297.3867 295.9568 295.2924 294.1065 292.1108 291.8270 289.5439 287.6287 285.5600 286.1319  580.645
2005 1.4179320E-09 1.1892475E-09 2.9847098E-09 1.0594722E-08 1.6765841E-09 2.3460338E-09 6.8920212E-09 1.2716809E-08 4.6511004E-09 7.5391977E-09 1.2000303E-08 1.6356713E-08 1.3174887E-08 1.6928018E-08 2.0304114E-08 1.9213257E-08  290.4989 301.3831 299.9442 296.5912 298.9307 299.6837 297.6287 296.0092 295.6101 294.3675 292.4601 292.1187 290.0672 288.0935 286.0971 286.6123  162.548
2006 1.6814872E-09 7.8190737E-10 1.3577856E-09 7.3025594E-09 7.5786544E-10 1.3079920E-09 3.5724737E-09 8.4816607E-09 3.1963114E-09 4.7847291E-09 7.7603435E-09 1.2020359E-08 1.2006007E-08 1.5368290E-08 1.6990462E-08 1.6779273E-08  290.6209 300.7115 299.8704 297.3882 298.4481 299.3260 297.8159 296.7159 295.4295 294.4418 292.8449 292.7126 289.6991 287.9807 286.2298 286.7981  181.613
2007 1.6703061E-09 1.0707532E-09 4.2602690E-09 1.7753015E-08 1.0267805E-09 1.3361353E-09 5.7916720E-09 1.4978294E-08 2.2191180E-09 3.6425709E-09 8.9408045E-09 1.6120071E-08 8.1885769E-09 1.1742062E-08 1.6197790E-08 1.6891883E-08  290.2974 301.4487 300.1297 296.7199 298.6660 299.8813 297.9751 296.3955 295.7433 294.9861 293.2884 292.9958 290.4450 288.7915 287.0846 287.5878  1521.52
2008 1.1621024E-09 1.0534641E-09 3.5204788E-09 1.1543100E-08 5.6236599E-10 1.0336159E-09 5.0307372E-09 1.0402045E-08 2.8396192E-09 4.8036215E-09 8.4744896E-09 1.4781508E-08 9.7775414E-09 1.3781533E-08 1.7386929E-08 1.7368267E-08  290.2285 301.5869 300.5612 297.4044 299.3288 300.4967 298.7283 297.2431 296.6950 295.7218 294.0080 293.5091 291.1868 289.3863 287.5742 287.8886  1185.16
2009 1.7455738E-09 7.4116441E-10 1.7873680E-09 8.3116882E-09 7.4927314E-10 1.3093303E-09 3.7027388E-09 1.0108271E-08 2.8089027E-09 4.6925859E-09 9.1008250E-09 1.4573568E-08 1.1387217E-08 1.5090706E-08 1.9905256E-08 1.9399955E-08  290.6857 300.4715 299.3498 296.5724 298.2466 299.0411 297.1679 295.7508 295.1363 293.9893 291.9653 291.5406 289.3770 287.4491 285.2823 285.9250  196.065
2010 1.2171312E-09 6.1275979E-10 2.3076185E-09 1.0396292E-08 6.0127281E-10 1.1048727E-09 3.3486542E-09 8.8798968E-09 2.2124247E-09 3.6584109E-09 7.7090965E-09 1.3303540E-08 6.7280155E-09 8.9938146E-09 1.3047421E-08 1.7482648E-08  290.2474 301.6685 300.8482 297.5504 299.0149 300.4399 299.0836 297.6311 296.5108 295.8407 294.3566 294.0881 291.2983 289.8231 288.3345 288.3602  201.258
2011 1.5084792E-09 7.1845130E-10 2.1584659E-09 1.2709927E-08 4.9149201E-10 8.6209290E-10 3.5663288E-09 1.1701356E-08 1.3656201E-09 3.0277727E-09 7.7101028E-09 1.4777171E-08 8.5779890E-09 1.0887272E-08 1.5502655E-08 1.7202508E-08  290.1599 301.8163 300.7803 297.3730 299.1008 300.2868 298.5971 296.9793 296.2814 295.4223 293.7159 293.3311 290.7627 289.2666 287.5098 287.7781  255.29
2012 1.7770423E-09 1.2804080E-09 2.2534092E-09 8.8604422E-09 8.5926000E-10 1.7947158E-09 4.3461243E-09 1.0210032E-08 2.7925264E-09 5.4002327E-09 1.0163131E-08 1.6336575E-08 1.1711661E-08 1.5114525E-08 2.0496792E-08 2.0234692E-08  290.5040 300.6064 299.6649 296.8315 298.3993 299.3264 297.5834 296.1388 295.4439 294.3643 292.4417 291.9351 289.9057 288.1397 286.0001 286.5135  155.258
2013 1.9720074E-09 7.9126955E-10 1.0503607E-09 7.5530586E-09 7.0759992E-10 1.2903989E-09 3.1743919E-09 6.7961810E-09 2.3083315E-09 3.6267438E-09 5.4885216E-09 1.0565476E-08 1.0864687E-08 1.2581467E-08 1.6374459E-08 1.6844263E-08  290.4074 300.5481 299.6597 296.9546 298.1542 299.1267 297.5786 296.5057 295.1313 294.1884 292.6481 292.5713 289.2959 287.6737 285.9315 286.5742  250.903
2014 1.7957970E-09 6.4184036E-10 1.9886222E-09 1.0641822E-08 8.9371277E-10 1.3877060E-09 5.5285891E-09 1.3055337E-08 3.3436920E-09 5.6304370E-09 1.1647437E-08 1.7775664E-08 1.2137177E-08 1.7970192E-08 2.1741855E-08 2.2257982E-08  290.7948 300.7834 299.6093 296.3931 298.6336 299.5174 297.4391 295.5535 295.6356 294.4556 292.2467 291.4793 289.9436 287.8622 285.6748 286.0925  271.258
2015 1.8377843E-09 3.2374037E-10 1.8480715E-09 9.3493293E-09 6.0142180E-10 1.1413563E-09 4.3394839E-09 1.2867725E-08 3.5766181E-09 5.1935216E-09 1.0773459E-08 1.7696117E-08 1.3270185E-08 1.9903077E-08 2.4530868E-08 2.3698709E-08  291.0157 300.3794 299.2628 296.3823 298.1537 299.0900 296.9836 295.3468 294.9328 293.7537 291.4358 290.8927 288.8494 286.7769 284.4639 285.2861  502.903
