STN,prec_1,prec_2,prec_3,prec_4,prec_5,prec_6,prec_7,prec_8,prec_9,prec_10,prec_11,prec_12,prec_13,prec_14,prec_15,prec_16,st_1,st_2,st_3,st_4,st_5,st_6,st_7,st_8,st_9,st_10,st_11,st_12,st_13,st_14,st_15,st_16,02.0
LAT,29.30136,29.30136,29.30136,29.30136,32.09194,32.09194,32.09194,32.09194,34.88252,34.88252,34.88252,34.88252,37.67308,37.67308,37.67308,37.67308,29.30136,29.30136,29.30136,29.30136,32.09194,32.09194,32.09194,32.09194,34.88252,34.88252,34.88252,34.88252,37.67308,37.67308,37.67308,37.67308,33.6194949
LON,-115.3125,-112.5000,-109.6875,-106.8750,-115.3125,-112.5000,-109.6875,-106.8750,-115.3125,-112.5000,-109.6875,-106.8750,-115.3125,-112.5000,-109.6875,-106.8750,-115.3125,-112.5000,-109.6875,-106.8750,-115.3125,-112.5000,-109.6875,-106.8750,-115.3125,-112.5000,-109.6875,-106.8750,-115.3125,-112.5000,-109.6875,-106.8750,-110.9215037
1958 4.1351239E-10 1.0106611E-09 1.0975285E-08 2.9756649E-08 1.3824938E-10 1.9413793E-09 1.1152593E-08 1.7935871E-08 2.0751550E-10 2.4802103E-09 9.3000434E-09 1.8893829E-08 2.0130071E-09 6.0290235E-09 1.2101747E-08 1.7415539E-08  291.5914 305.9822 304.1545 299.8416 303.5409 305.6751 303.4621 301.1036 301.8181 301.7905 300.0109 298.8796 297.9850 296.4392 295.0459 294.3816  722.929
1959 4.3705020E-10 1.1873970E-09 1.4951999E-08 3.3548272E-08 1.1693757E-10 1.6154872E-09 1.2003834E-08 2.0345473E-08 2.7692243E-10 2.7840759E-09 1.0042871E-08 1.8467357E-08 2.5692792E-09 6.2004304E-09 1.2106016E-08 1.6885854E-08  291.6137 305.9139 303.7692 299.4371 303.7342 305.7400 303.2337 300.8307 302.0363 301.9236 299.9451 299.0101 298.4163 296.9159 295.3265 294.6938  203.393
1960 4.3883178E-10 9.0425661E-10 1.0374374E-08 3.0821507E-08 1.4429855E-10 1.6165147E-09 9.4101793E-09 1.7844595E-08 2.8611993E-10 2.6553906E-09 8.8718766E-09 1.7175100E-08 1.9733060E-09 5.1345537E-09 1.0973444E-08 1.5411134E-08  291.5783 305.7664 303.8402 299.4961 303.3391 305.5296 303.4457 301.2035 301.5754 301.6426 300.1016 299.3386 298.0985 296.7563 295.3510 294.8389  1008.07
1961 3.9785444E-10 9.2896962E-10 7.8066433E-09 3.6985792E-08 3.2182002E-10 1.4796071E-09 7.1527442E-09 2.1055140E-08 4.8369841E-10 3.1217526E-09 7.6045481E-09 1.8323339E-08 3.3811354E-09 7.2537545E-09 1.2645411E-08 1.7284560E-08  291.5049 305.9016 303.9579 299.3991 303.5963 305.8527 303.7172 301.2338 302.0203 302.0538 300.4347 299.4450 298.5441 296.9105 295.3786 294.7639  194.536
1962 5.3333638E-10 1.4938195E-09 1.3542985E-08 4.0502897E-08 2.1095518E-10 1.5374400E-09 1.2898390E-08 2.3862123E-08 3.3313402E-10 2.3829585E-09 1.1039546E-08 2.3317700E-08 2.7619464E-09 6.3156791E-09 1.2904001E-08 1.8322602E-08  291.4729 305.6385 303.2976 298.7399 303.5392 305.6492 303.0778 300.5820 302.1079 301.9926 299.9682 298.8442 298.5491 297.0395 295.3414 294.5552  2154.29
1963 4.9637572E-10 1.2637709E-09 1.5802021E-08 3.5676049E-08 5.6032445E-10 2.4203772E-09 1.1424133E-08 2.0610326E-08 1.2193991E-09 3.3240606E-09 1.0330143E-08 2.1929287E-08 3.7846131E-09 6.8526900E-09 1.2568225E-08 1.8621842E-08  291.5704 305.5720 303.2787 298.9363 303.6421 305.4883 303.0583 300.7030 302.0556 301.8231 299.8296 298.7567 298.3775 296.8242 295.1195 294.2573  1285.86
1964 6.3847200E-10 1.2136279E-09 9.6000363E-09 3.3628936E-08 3.0263017E-10 1.1895605E-09 7.8828801E-09 1.8995687E-08 2.9183403E-10 1.7730157E-09 8.4395548E-09 1.9202746E-08 2.2529667E-09 5.1917026E-09 1.1582642E-08 1.7678504E-08  291.6579 306.3654 304.3405 299.8468 304.0208 306.3300 304.0909 301.6274 302.4322 302.5271 300.6837 299.5586 298.8153 297.3070 295.6627 294.8678  167.966
1965 5.7620497E-10 1.1249869E-09 1.0683984E-08 2.9435382E-08 1.8700894E-10 1.4425241E-09 9.0528962E-09 1.7439488E-08 7.6545985E-11 2.3293236E-09 9.5183479E-09 1.8917483E-08 2.0543145E-09 5.5631273E-09 1.1206027E-08 1.7327443E-08  291.6144 305.8144 303.8560 299.5617 303.6000 305.7227 303.5508 301.2768 302.0864 301.9798 300.0959 299.0506 298.4702 296.9533 295.2600 294.4579  1409.61
1966 4.4186305E-10 1.1353649E-09 1.0178852E-08 3.2264722E-08 3.0240777E-10 1.5439994E-09 8.9149879E-09 2.0080222E-08 7.2174461E-10 2.8517346E-09 9.3995718E-09 2.0833806E-08 3.4634329E-09 7.1514039E-09 1.2490909E-08 1.6536880E-08  291.4453 305.9201 303.7972 299.3912 303.5557 305.6146 303.2343 300.6920 301.7728 301.6236 299.6757 298.4622 297.8401 296.2707 294.7442 294.1404  699.714
1967 3.8278875E-10 1.2707922E-09 1.1024101E-08 3.6004458E-08 3.4984851E-10 1.2876819E-09 9.8040012E-09 2.2435801E-08 7.5550066E-10 2.7145821E-09 1.0580927E-08 2.3451612E-08 3.2216851E-09 6.8983250E-09 1.4133319E-08 2.0166961E-08  291.4725 305.8748 303.6098 298.9913 303.5940 305.8457 303.3764 300.7787 302.0719 302.0904 299.9630 298.6479 298.4977 296.9319 295.0787 294.1418  222.714
1968 5.3549093E-10 1.4799058E-09 1.6511054E-08 4.3650140E-08 6.1590250E-10 2.7977822E-09 1.4903863E-08 2.8646653E-08 8.9767543E-10 4.3463939E-09 1.3691094E-08 2.6291620E-08 3.5348156E-09 9.0127257E-09 1.5830379E-08 2.0650848E-08  291.5515 306.3065 303.1770 298.2499 304.0738 305.8976 302.7920 299.8687 302.1053 301.8802 299.4826 298.1442 298.3914 296.6412 294.8141 294.1052  3129.66
1969 3.2087255E-10 7.9714757E-10 1.2546236E-08 3.0902935E-08 1.0667815E-10 1.5702899E-09 1.0352906E-08 1.8226119E-08 6.0837702E-10 2.5633662E-09 8.2449141E-09 1.8597065E-08 2.8936427E-09 5.1616733E-09 1.0233012E-08 1.7691361E-08  291.3690 306.2320 304.2468 299.7874 303.7411 305.8365 303.5283 301.0277 301.9323 301.9571 300.1642 298.8979 298.2192 296.8125 295.3174 294.4188  694.143
1970 5.8284805E-10 7.0775941E-10 9.4310568E-09 3.6536598E-08 1.1623588E-10 1.2185370E-09 6.8189316E-09 1.8895378E-08 3.0614850E-10 2.2859201E-09 7.2358022E-09 1.6113081E-08 2.2221787E-09 6.0203682E-09 9.9760715E-09 1.6213937E-08  291.5204 305.5152 303.7598 299.3474 302.9794 305.2959 303.4502 301.0206 301.6177 301.5627 300.0314 299.0799 297.9844 296.3877 295.0325 294.3639  229.429
1971 3.8816683E-10 6.0390748E-10 9.4514627E-09 3.4236884E-08 6.2959506E-11 9.2596358E-10 8.1590761E-09 1.9225105E-08 2.0420624E-10 2.5599005E-09 1.0049039E-08 2.0596378E-08 2.5737277E-09 5.8053717E-09 1.2712976E-08 1.7888201E-08  291.3122 306.1227 303.8553 299.2996 303.7505 305.9931 303.5882 301.0927 302.1194 302.0549 300.1120 299.0049 298.5406 297.1174 295.3715 294.5295  221.5
1972 4.3418744E-10 1.3919866E-09 1.0939495E-08 3.1341287E-08 4.1906847E-10 2.0168187E-09 1.0434885E-08 1.9607080E-08 7.9793455E-10 3.8417363E-09 1.1427290E-08 2.0172974E-08 4.3584651E-09 7.8696472E-09 1.4871482E-08 1.8169215E-08  291.1461 305.5982 303.4606 299.1584 303.7202 305.5165 303.1226 300.7831 301.8608 301.5670 299.6028 298.7892 297.8158 296.3613 294.6684 294.1866  332.138
1973 4.2413714E-10 5.6549510E-10 8.3960341E-09 2.7085994E-08 3.9891784E-11 9.7675867E-10 7.4649762E-09 1.6880923E-08 1.5328813E-10 1.6501729E-09 8.1834521E-09 1.7117394E-08 1.5962284E-09 5.1774065E-09 1.2106472E-08 1.7732997E-08  291.4366 305.5272 303.9822 299.7964 303.1801 305.4487 303.5867 301.2712 301.8842 301.8682 300.1447 299.0942 298.3742 296.8158 295.1447 294.3300  2654.29
1974 3.6537584E-10 1.5447283E-09 1.4360334E-08 4.8768548E-08 1.5030774E-10 1.6352231E-09 1.1690706E-08 3.1152414E-08 4.8638188E-10 3.1418623E-09 1.3143416E-08 2.7222743E-08 3.0569767E-09 7.7960847E-09 1.5913972E-08 2.0379240E-08  291.1290 305.3636 302.4392 297.6244 303.6116 305.6352 302.6343 299.8044 302.1642 302.0595 299.7592 298.3508 298.8546 297.3043 295.3228 294.4712  235.25
1975 5.1774335E-10 1.6006593E-09 1.1790401E-08 3.5257578E-08 3.4838124E-10 2.2142461E-09 9.9267483E-09 2.3086049E-08 8.7610175E-10 4.2286232E-09 1.0944201E-08 2.1376467E-08 3.2976770E-09 6.6521353E-09 1.4249093E-08 2.0119352E-08  291.3481 305.7550 303.5054 299.0986 303.5293 305.4869 303.1245 300.4909 301.7503 301.5459 299.5687 298.4683 298.1627 296.7310 294.7750 294.0450  474.929
1976 3.4790901E-10 1.3078503E-09 1.4518376E-08 3.4499251E-08 3.5945363E-10 2.1098046E-09 1.2537722E-08 2.2693747E-08 7.4240036E-10 4.2024206E-09 1.2383526E-08 2.3333829E-08 4.0160741E-09 7.8033535E-09 1.5103669E-08 1.9863094E-08  291.3120 305.5393 303.0296 298.5515 303.7058 305.5276 302.8643 300.4272 302.0024 301.6906 299.5461 298.4857 298.3581 296.8429 294.8215 294.1293  1174.38
1977 7.1641615E-10 4.4244425E-10 6.8639574E-09 2.7741207E-08 1.1360095E-10 6.7945927E-10 6.7280390E-09 1.6056626E-08 2.4854696E-10 1.3074710E-09 7.2528561E-09 1.6551962E-08 2.4224693E-09 5.6475868E-09 1.0501948E-08 1.5715370E-08  291.6591 305.3976 303.9845 299.5677 302.5636 304.9915 303.2472 300.9107 301.0487 301.1462 299.5460 298.5475 297.4378 295.8563 294.4545 293.8694  215.857
1978 6.7305755E-10 8.9096669E-10 1.0492954E-08 3.6368338E-08 1.9457985E-10 1.1315059E-09 1.0291049E-08 2.2495955E-08 6.2223671E-10 2.6030906E-09 1.0916672E-08 2.2587029E-08 2.9673650E-09 7.4656521E-09 1.5489388E-08 1.9739730E-08  291.5354 305.7931 303.5585 298.8513 303.5063 305.7184 303.1907 300.4451 301.9282 301.8896 299.7460 298.3068 298.2331 296.5004 294.5697 293.9097  1837.04
1979 3.3783937E-10 9.6524455E-10 8.1736440E-09 2.6560265E-08 3.3721886E-10 1.2228666E-09 7.9651876E-09 1.6999493E-08 3.9621503E-10 2.1901041E-09 7.7376212E-09 1.7028963E-08 1.8074148E-09 3.8050603E-09 9.8528563E-09 1.5035756E-08  291.4993 305.9420 304.2913 299.9301 303.1451 305.3760 303.5228 301.2824 301.3159 301.4126 299.8933 299.1823 297.8660 296.5033 295.0813 294.5708  3071.07
1980 4.4353465E-10 8.6924468E-10 9.9905400E-09 3.3099848E-08 3.8794959E-10 1.4124525E-09 8.6738146E-09 1.9445878E-08 4.9988802E-10 2.4126048E-09 8.6017380E-09 1.7852150E-08 2.6066358E-09 5.4285207E-09 1.0692661E-08 1.4601807E-08  291.6292 305.7874 303.8597 299.3273 303.1216 305.4430 303.5521 301.1157 301.4726 301.5907 300.1040 299.2741 297.9227 296.5789 295.2695 294.7744  9072.14
1981 4.6057574E-10 9.1473285E-10 1.0849748E-08 3.4512709E-08 9.2273647E-11 6.4124134E-10 8.6555110E-09 1.9196191E-08 1.6864936E-10 2.0790911E-09 9.0511634E-09 1.9742691E-08 1.8875965E-09 4.8884110E-09 1.2369727E-08 1.8448867E-08  291.6336 306.1797 304.0889 299.6064 303.9095 306.2000 303.8129 301.2623 302.3417 302.3888 300.4420 299.3465 298.7592 297.3845 295.6615 294.8766  283.286
1982 4.1442422E-10 9.0615826E-10 9.1727070E-09 3.7306965E-08 1.8097224E-10 1.4642826E-09 8.4193532E-09 2.1151401E-08 6.5540134E-10 2.5012781E-09 9.1376569E-09 1.9525118E-08 2.1214506E-09 5.1692699E-09 1.0411138E-08 1.5628782E-08  291.3510 306.1951 303.9123 298.9315 303.6701 305.8839 303.5661 300.8042 301.9060 301.9292 300.1428 299.0015 298.3669 296.8145 295.3909 294.8220  1404.89
1983 7.3987416E-10 3.3284459E-10 5.3986247E-09 2.4959514E-08 1.5931444E-10 9.9095787E-10 5.2233857E-09 1.5605742E-08 7.5096168E-10 2.3175268E-09 7.2651156E-09 1.6856058E-08 2.9508656E-09 7.7343794E-09 1.4647514E-08 1.9132035E-08  291.4960 305.2567 303.9533 299.7990 302.6303 304.8223 302.9986 300.5234 301.1411 301.0018 299.1852 297.8313 297.0652 295.2357 293.5822 293.0325  2895
1984 5.8808147E-10 1.3324574E-09 1.0674296E-08 3.5006018E-08 5.3377724E-10 2.2222089E-09 9.9587973E-09 2.2859432E-08 1.0690782E-09 3.2095955E-09 1.0193370E-08 2.1585077E-08 3.6089225E-09 7.6465207E-09 1.3819651E-08 1.8841877E-08  291.6431 305.4680 303.2477 298.6786 303.2563 305.2936 302.8232 300.3021 301.7328 301.6382 299.6708 298.3969 298.2292 296.6521 294.9342 294.2471  579.276
1985 5.1605242E-10 8.2662033E-10 1.0950697E-08 3.4643932E-08 4.3116280E-10 1.3298398E-09 9.2889767E-09 2.1023574E-08 8.7563590E-10 2.7211906E-09 1.0151487E-08 2.1040909E-08 3.3453524E-09 8.7227559E-09 1.5433711E-08 1.9732939E-08  291.3559 305.5049 303.4457 298.9698 303.4402 305.6455 303.2999 300.7406 302.0262 301.9122 299.9202 298.7389 298.4947 296.8230 294.9286 294.3295  2398.93
1986 4.4986348E-10 5.5117344E-10 7.7381204E-09 2.9925374E-08 1.2428665E-10 1.2699113E-09 6.6459327E-09 1.8578033E-08 4.3210674E-10 1.5045165E-09 8.5601473E-09 1.8346785E-08 1.9758646E-09 4.7723065E-09 1.1311810E-08 1.7009786E-08  291.5345 305.6905 303.8938 299.3062 303.1304 305.4786 303.4969 300.9210 301.5244 301.7216 299.9577 299.0068 298.0110 296.7621 295.2227 294.5252  1509
1987 5.3587612E-10 3.9713599E-10 6.3559669E-09 2.9288589E-08 5.9704963E-11 5.1580534E-10 7.1596968E-09 1.8818742E-08 2.8587935E-10 2.2924191E-09 9.5649790E-09 1.8150795E-08 3.6590067E-09 8.4000220E-09 1.3871176E-08 1.7545036E-08  291.6790 305.7308 304.2166 299.4367 302.8744 305.3063 303.1917 300.3980 301.3262 301.3226 299.3897 298.1078 297.6346 295.9511 294.2102 293.6716  1037.21
1988 4.9299997E-10 1.0728095E-09 8.7839860E-09 2.8066335E-08 1.6724351E-10 1.5277271E-09 9.2861141E-09 1.8527460E-08 5.7750155E-10 2.8907907E-09 9.6384145E-09 1.9732468E-08 3.8449328E-09 7.4913649E-09 1.3802584E-08 1.8576904E-08  291.5057 305.3108 303.6553 299.5096 303.1411 305.2507 303.2877 300.9608 301.6939 301.5471 299.7888 298.6741 298.1100 296.4403 294.6848 294.0668  1589.38
1989 3.8986464E-10 1.7003420E-09 1.6822449E-08 3.8507888E-08 3.5250095E-10 2.4191933E-09 1.3227679E-08 2.5463676E-08 7.5882656E-10 3.8373442E-09 1.4343215E-08 2.5444621E-08 4.8858380E-09 1.0698748E-08 1.7785423E-08 2.0558486E-08  291.2464 305.4085 302.5744 298.0461 303.7810 305.5298 302.6011 299.9228 302.2450 301.9559 299.5145 298.2968 298.7036 296.8916 294.8524 294.2668  483.393
1990 9.0581198E-10 1.1028538E-09 1.0110608E-08 2.6680965E-08 4.9114945E-10 1.4990515E-09 9.7009609E-09 1.7356305E-08 6.8761186E-10 2.7610689E-09 1.0647888E-08 1.8714383E-08 3.9283088E-09 7.7549140E-09 1.3258834E-08 1.8079664E-08  291.6440 305.9372 304.0753 299.5808 303.3756 305.4149 303.2044 300.8400 301.6375 301.4421 299.5498 298.5101 297.7807 296.1717 294.4972 293.8976  224.964
1991 5.5161981E-10 6.9641581E-10 1.0777256E-08 3.0588613E-08 2.6776484E-10 1.3050736E-09 9.4912753E-09 1.8045768E-08 4.8585946E-10 2.8572209E-09 1.0906031E-08 2.1933005E-08 3.3803507E-09 7.6372899E-09 1.5087313E-08 2.0790750E-08  291.7375 305.9104 303.9358 299.4510 303.5625 305.6347 303.3968 300.9603 301.8289 301.7059 299.7705 298.5455 298.0687 296.4210 294.6466 293.9377  714.321
1992 4.8753118E-10 6.5105993E-10 5.4606675E-09 2.2663302E-08 2.7168881E-10 1.3323650E-09 6.3073560E-09 1.5239456E-08 4.0882100E-10 2.4031446E-09 7.8518632E-09 1.6423858E-08 3.4767818E-09 6.2192305E-09 1.2380803E-08 1.7506435E-08  291.5800 306.0283 304.3386 299.9937 303.4591 305.5452 303.4460 301.0015 301.7489 301.6041 299.7146 298.4478 297.8518 296.2368 294.4808 293.7205  2325.21
1993 7.3771067E-10 9.2831121E-10 8.3476808E-09 3.4475235E-08 3.0210576E-10 1.1824476E-09 7.4992661E-09 2.1164681E-08 6.1168642E-10 2.8451319E-09 8.6879686E-09 1.8623155E-08 2.8714668E-09 6.4456733E-09 1.1231129E-08 1.7737520E-08  291.6506 305.8191 303.7453 299.1000 303.4579 305.5664 303.2577 300.5285 301.6566 301.5908 299.7783 298.5372 297.8167 296.0995 294.6490 293.8540  7867.5
1994 4.4543116E-10 8.0456802E-10 7.1400974E-09 2.9025625E-08 2.7655861E-10 1.1269543E-09 6.8721584E-09 1.8989878E-08 4.7471205E-10 2.3693731E-09 7.5791160E-09 1.9142893E-08 3.1508947E-09 6.3677525E-09 1.1364129E-08 1.5946915E-08  291.5337 306.0778 303.9128 299.1236 303.6951 305.7514 303.3300 300.5072 301.8394 301.7798 299.8676 298.4677 297.9259 296.3128 294.7643 294.0382  681.536
1995 5.8516209E-10 1.2328769E-09 8.0134166E-09 2.8519334E-08 3.6416684E-10 1.3281560E-09 8.3306446E-09 1.8243997E-08 8.2403528E-10 2.8266660E-09 9.0285193E-09 1.7595701E-08 3.4408758E-09 8.1850731E-09 1.3302588E-08 1.7194035E-08  291.6392 305.8120 304.0722 299.4724 303.0333 305.1688 303.1714 300.7092 301.1772 301.0664 299.4349 298.3826 297.4597 295.8461 294.3705 293.8765  3795.36
1996 3.9899992E-10 2.3015914E-09 1.3343955E-08 3.6004263E-08 4.6216581E-10 2.3507785E-09 1.0958455E-08 2.1626361E-08 9.0452063E-10 4.2528394E-09 1.1607318E-08 2.1663991E-08 3.0119571E-09 7.4361544E-09 1.4521915E-08 1.8214500E-08  291.8200 306.4241 303.9291 299.2740 304.4792 306.3391 303.6435 301.0094 302.4473 302.3414 300.2623 299.0492 298.8079 297.2292 295.5825 294.9400  249.103
1997 3.1367742E-10 1.5895026E-09 7.8578068E-09 2.6217387E-08 1.0600173E-09 1.9126947E-09 6.5880510E-09 1.7349134E-08 1.1232810E-09 3.1686835E-09 8.5786560E-09 1.8950505E-08 2.8869949E-09 6.0683099E-09 1.2961118E-08 1.8436481E-08  291.4698 306.1591 304.1537 299.5481 303.9738 305.8698 303.6053 301.0789 301.9515 301.7955 299.8761 298.7258 298.1537 296.5385 294.6824 294.0763  598
1998 5.9615496E-10 4.6159621E-10 5.3658642E-09 2.4359597E-08 3.3757868E-11 4.1947046E-10 4.8022528E-09 1.2640170E-08 1.0156159E-10 1.0915374E-09 5.6938259E-09 1.3156925E-08 2.4554430E-09 4.2285770E-09 9.0218224E-09 1.3630483E-08  291.7762 305.5385 304.2080 300.1494 302.8177 305.2159 303.6636 301.4375 301.1871 301.3399 299.9647 299.1223 297.3441 295.8524 294.6388 294.3371  946.286
1999 6.4619687E-10 9.5060460E-10 1.0965084E-08 3.6891599E-08 4.2066203E-10 1.2661376E-09 8.6797636E-09 2.2609694E-08 7.6332346E-10 2.7634592E-09 1.0470941E-08 2.3525422E-08 4.6355462E-09 8.2928553E-09 1.3273619E-08 1.8482027E-08  291.5968 305.7148 303.3129 298.7896 303.3884 305.5910 303.2035 300.6808 301.8932 301.8301 299.7942 298.7126 298.2394 296.8404 295.0364 294.3090  204.214
2000 3.8733919E-10 1.2058894E-09 1.1016205E-08 3.6442586E-08 4.4051740E-10 1.5097206E-09 9.3703463E-09 2.2586443E-08 5.6894173E-10 3.0119571E-09 1.0492205E-08 2.2989401E-08 2.8424230E-09 5.7789764E-09 1.3232333E-08 1.9236216E-08  291.3442 306.2796 303.7841 299.0317 304.1464 306.2053 303.6053 300.9441 302.3887 302.3443 300.3118 298.9983 298.8280 297.3804 295.4582 294.7149  196.897
2001 5.9435451E-10 1.4779585E-09 1.1685123E-08 3.4730345E-08 4.8750665E-10 1.9427069E-09 1.0137165E-08 2.3061464E-08 9.5533781E-10 4.5302064E-09 1.2151093E-08 2.4072479E-08 4.2574948E-09 8.5622460E-09 1.5172722E-08 1.9710930E-08  291.5403 305.7802 303.3543 298.9185 303.7893 305.6879 303.1007 300.5216 302.2138 301.7836 299.6381 298.2607 298.4865 296.8020 294.8441 294.0686  495.286
2002 4.5015672E-10 8.1140128E-10 7.6169808E-09 3.0875469E-08 4.1614451E-10 1.0831495E-09 7.0352915E-09 1.9952102E-08 7.8015583E-10 3.0091738E-09 9.4316155E-09 2.0195163E-08 4.7907851E-09 8.6250251E-09 1.3464520E-08 1.6430542E-08  291.5056 306.0503 303.9458 299.2384 303.9763 305.9293 303.4898 300.9377 302.1623 301.8729 300.0389 299.0010 298.3679 296.6938 295.0697 294.5533  173.714
2003 4.8593318E-10 7.4977924E-10 7.5137452E-09 2.8334943E-08 1.6051868E-10 1.2048823E-09 7.4227513E-09 1.9353360E-08 1.1635197E-09 2.7496105E-09 9.3197059E-09 2.0182737E-08 4.3767119E-09 9.1930907E-09 1.5057736E-08 1.9046201E-08  291.7806 305.6550 304.0400 299.6556 303.3062 305.4976 303.3871 300.8155 301.7395 301.6201 299.7233 298.4775 298.0542 296.2275 294.4574 293.9599  478.679
2004 3.6962075E-10 1.3737562E-09 9.7957198E-09 3.1796020E-08 2.7790098E-10 1.8312831E-09 8.9747427E-09 1.6653697E-08 6.3380934E-10 2.6282032E-09 1.0347194E-08 1.7359772E-08 2.8486726E-09 5.4837179E-09 1.1661010E-08 1.6643886E-08  291.6925 305.8878 304.1476 299.8250 303.4744 305.7718 303.7337 301.6879 301.9146 302.0067 300.2944 299.5989 298.5587 297.0831 295.5038 294.9691  217.069
2005 5.9350502E-10 7.9639406E-10 6.9469168E-09 2.3954783E-08 1.9358001E-10 9.8063735E-10 6.5911325E-09 1.5546373E-08 3.1011504E-10 1.9362378E-09 7.1375568E-09 1.6203209E-08 2.6798004E-09 6.0918355E-09 1.1020153E-08 1.6116626E-08  291.6830 306.2492 304.7536 300.3951 303.6130 306.0167 303.9945 301.5508 302.0783 302.1382 300.4266 299.2010 298.3957 296.7814 295.2234 294.5573  6706.29
2006 4.5058193E-10 5.6679356E-10 7.9217504E-09 2.9031240E-08 2.4883490E-10 8.2001600E-10 8.0577367E-09 1.7654351E-08 8.0161133E-10 2.5220750E-09 9.4224069E-09 1.8392427E-08 3.8702170E-09 6.5295795E-09 1.2341962E-08 1.6545622E-08  291.4362 305.9954 304.2240 299.6370 303.6033 305.7004 303.5208 301.0970 301.9277 301.8472 299.9620 298.7761 298.1772 296.6048 294.9321 294.2903  161.036
2007 5.7855681E-10 9.5590180E-10 7.9446636E-09 2.6444907E-08 1.6329514E-10 6.8277628E-10 5.8911671E-09 1.6491166E-08 1.8671890E-10 1.8001947E-09 6.4929995E-09 1.6295790E-08 2.9585132E-09 6.0327285E-09 1.1173547E-08 1.6648835E-08  291.5674 305.6197 304.3148 300.1026 302.7749 305.1470 303.4486 301.1283 301.2216 301.2746 299.7681 298.8907 297.6076 296.0796 294.6665 294.2390  490.571
2008 4.2073978E-10 1.4177143E-09 9.7517150E-09 3.7734861E-08 7.2977652E-10 1.6332490E-09 8.9398258E-09 2.2094166E-08 9.3402064E-10 3.1336944E-09 9.5497903E-09 2.0809667E-08 3.8940762E-09 6.6687083E-09 1.4251448E-08 1.8121835E-08  291.2910 305.7234 303.3211 298.6945 303.3563 305.3538 302.9697 300.6601 301.5828 301.5086 299.6945 298.7685 298.1888 296.7720 294.9473 294.3074  2946.9
2009 5.8708521E-10 9.8243191E-10 1.1196312E-08 3.3100701E-08 3.7424877E-10 1.5536524E-09 1.0080872E-08 2.1069683E-08 4.7550186E-10 2.9145353E-09 1.0113659E-08 1.9941931E-08 3.0980709E-09 7.2907791E-09 1.3325326E-08 1.8379259E-08  291.5982 305.6638 303.7701 299.1939 303.2347 305.4858 303.3033 300.8676 301.8884 301.7404 299.9448 298.9662 298.5415 296.9573 295.2470 294.5444  941.857
2010 4.0712297E-10 9.1115981E-10 7.8105122E-09 3.1737571E-08 5.9931261E-11 7.4165013E-10 6.4318786E-09 1.8351260E-08 4.2019330E-10 1.7936052E-09 8.5478247E-09 1.8688716E-08 2.9737424E-09 7.0526909E-09 1.3924334E-08 1.7742646E-08  0.0000000E+00 0.0000000E+00 0.0000000E+00 0.0000000E+00 0.0000000E+00 0.0000000E+00 0.0000000E+00 0.0000000E+00 0.0000000E+00 0.0000000E+00 0.0000000E+00 0.0000000E+00 0.0000000E+00 0.0000000E+00 0.0000000E+00 0.0000000E+00  1625.75
2011 4.1811876E-10 1.0857077E-09 1.1616574E-08 3.6625430E-08 4.2430046E-10 1.8697719E-09 1.0740124E-08 2.4514195E-08 8.4442953E-10 3.3201302E-09 1.1622360E-08 2.2105825E-08 2.6215630E-09 6.5562626E-09 1.3634242E-08 1.9096579E-08  291.2206 305.9711 303.4840 299.0594 303.7490 305.8289 303.2065 300.7968 302.1301 302.0048 299.9758 298.9679 298.8264 297.2791 295.4283 294.6912  231.393
2012 5.4569854E-10 1.7267241E-09 1.2923617E-08 3.4185785E-08 4.8996068E-10 2.3935951E-09 1.0277467E-08 2.1979924E-08 8.0069656E-10 3.3175738E-09 1.0703408E-08 2.0198499E-08 2.7517442E-09 6.4313577E-09 1.2498943E-08 1.7370038E-08  291.3969 305.8255 303.5858 299.1925 303.7576 305.6709 303.4426 301.1097 302.1397 301.9723 300.1027 299.2085 298.6585 297.1579 295.4199 294.6422  290.138
2013 4.6386370E-10 5.7153515E-10 7.3839952E-09 3.1580292E-08 7.2804769E-11 7.3120043E-10 7.1935418E-09 1.7891422E-08 4.8492116E-10 2.4141944E-09 7.6640880E-09 1.7988070E-08 4.0947863E-09 7.1968027E-09 1.1308704E-08 1.5764341E-08  291.4905 305.5669 303.6540 299.1022 303.0457 305.3383 303.3241 300.8609 301.3136 301.4374 299.9868 299.0789 297.7399 296.5100 295.1559 294.6796  439.071
2014 2.6662300E-10 5.4976801E-10 8.7134513E-09 3.4754169E-08 1.5049474E-10 7.4142470E-10 7.2272655E-09 1.9746691E-08 4.5352261E-10 1.9404514E-09 8.0992013E-09 1.7484100E-08 2.9260296E-09 5.8857363E-09 1.0370425E-08 1.5539710E-08  291.3953 306.4875 304.1962 299.6345 303.7784 306.1454 303.9114 301.2732 302.0326 302.2263 300.4812 299.3536 298.5230 297.1341 295.6659 294.9040  262.929
2015 5.8173488E-10 4.4716802E-10 7.1938593E-09 3.1901095E-08 1.1580158E-10 6.5054889E-10 7.2244575E-09 1.9283615E-08 2.9830322E-10 1.6049639E-09 8.6796748E-09 1.7956710E-08 3.5723968E-09 6.7166153E-09 1.1954363E-08 1.5716033E-08  291.6608 306.0381 304.2834 299.7563 303.4714 305.8411 303.5640 300.8113 301.8388 301.8804 300.0002 298.7975 298.0705 296.4370 294.9711 294.3603  870.5
