STN,prec_1,prec_2,prec_3,prec_4,prec_5,prec_6,prec_7,prec_8,prec_9,prec_10,prec_11,prec_12,prec_13,prec_14,prec_15,prec_16,st_1,st_2,st_3,st_4,st_5,st_6,st_7,st_8,st_9,st_10,st_11,st_12,st_13,st_14,st_15,st_16,05.0
LAT,29.30136,29.30136,29.30136,29.30136,32.09194,32.09194,32.09194,32.09194,34.88252,34.88252,34.88252,34.88252,37.67308,37.67308,37.67308,37.67308,29.30136,29.30136,29.30136,29.30136,32.09194,32.09194,32.09194,32.09194,34.88252,34.88252,34.88252,34.88252,37.67308,37.67308,37.67308,37.67308,33.6194949
LON,-115.3125,-112.5000,-109.6875,-106.8750,-115.3125,-112.5000,-109.6875,-106.8750,-115.3125,-112.5000,-109.6875,-106.8750,-115.3125,-112.5000,-109.6875,-106.8750,-115.3125,-112.5000,-109.6875,-106.8750,-115.3125,-112.5000,-109.6875,-106.8750,-115.3125,-112.5000,-109.6875,-106.8750,-115.3125,-112.5000,-109.6875,-106.8750,-110.9215037
1958 1.7356088E-09 5.0609456E-10 1.3198824E-09 9.1528669E-09 8.0617074E-10 1.2404000E-09 4.7285194E-09 1.2064882E-08 3.5638956E-09 6.8425923E-09 1.2845919E-08 1.9047405E-08 1.4771202E-08 1.8552102E-08 2.3541903E-08 2.3713513E-08  291.0580 300.5939 299.2530 296.3503 298.1872 298.9792 296.9957 295.3693 294.6880 293.3820 291.1654 290.7624 288.5263 286.6393 284.4304 285.0670  1824.61
1959 1.3867947E-09 6.6720968E-10 2.7134002E-09 9.7866035E-09 6.1028882E-10 1.3241890E-09 5.0979700E-09 1.0648896E-08 2.2486759E-09 4.5146931E-09 9.9999271E-09 1.5171958E-08 1.0079628E-08 1.3433678E-08 1.8088389E-08 1.9847223E-08  290.6589 300.8976 300.0340 297.1634 298.4848 299.4969 297.8467 296.4724 295.6763 294.6485 292.7050 292.3144 290.1310 288.3105 286.2597 286.6401  127.065
1960 1.4722897E-09 6.8470901E-10 2.7390457E-09 1.0339046E-08 1.2394427E-09 2.4356064E-09 5.0864655E-09 1.0987562E-08 3.4819003E-09 5.9225576E-09 1.0618632E-08 1.5587776E-08 1.2287090E-08 1.6305153E-08 1.8827427E-08 1.8444432E-08  290.0393 301.0158 300.0258 296.9322 298.6940 299.5959 297.8438 296.3076 295.8131 294.6595 292.7567 292.3060 290.1614 288.2680 286.3532 286.8645  677
1961 1.0874663E-09 6.8484524E-10 2.7199885E-09 1.1449484E-08 5.4249000E-10 8.3986312E-10 5.2951776E-09 1.2202968E-08 2.4808651E-09 4.4969366E-09 1.0105042E-08 1.5915356E-08 9.4974908E-09 1.3449526E-08 1.9166515E-08 1.8057111E-08  289.5360 301.5060 300.4066 297.1063 299.1901 300.1845 298.2697 296.5336 296.4125 295.2979 293.2767 292.6513 290.9318 288.9842 286.9254 287.2245  197.516
1962 1.6495669E-09 6.0722133E-10 1.5939229E-09 1.2025906E-08 7.6302226E-10 1.0619651E-09 3.6254089E-09 9.8278434E-09 2.2830933E-09 3.9018193E-09 6.9665744E-09 1.2431171E-08 8.0798745E-09 1.0355906E-08 1.4741715E-08 1.6186039E-08  289.1003 301.2188 300.3725 297.0948 298.7346 299.9760 298.4576 296.8596 296.0864 295.2469 293.7060 293.2682 290.5498 288.8347 287.1714 287.5682  1188.42
1963 1.7057531E-09 1.7137872E-09 3.5967473E-09 1.3444382E-08 1.2075108E-09 2.5900291E-09 6.5993144E-09 1.2728893E-08 3.3506771E-09 6.2636474E-09 1.2183582E-08 1.6877051E-08 1.1818073E-08 1.5470402E-08 1.9715614E-08 1.8722984E-08  289.7334 300.7137 299.5119 296.2821 298.3217 299.0365 297.2302 295.7283 295.1496 293.9503 292.0723 291.8886 289.4207 287.6125 285.6526 286.5004  298.129
1964 1.0979834E-09 4.3511345E-10 7.8532997E-10 6.6984600E-09 2.4993030E-10 5.8305916E-10 1.8542239E-09 5.3548703E-09 7.9949491E-10 1.6627220E-09 3.5247230E-09 8.4921989E-09 5.5637748E-09 7.4080813E-09 1.0569961E-08 1.2608149E-08  289.1864 301.2058 300.7600 298.1218 298.8018 299.9631 298.8876 297.7787 296.3146 295.4954 294.1694 293.9165 290.7953 289.1211 287.5016 287.7805  368.839
1965 1.9589943E-09 1.4836239E-09 5.0447957E-09 1.4633105E-08 2.0005695E-09 2.7640839E-09 8.4467109E-09 1.8399081E-08 6.7980461E-09 1.0215979E-08 1.6276998E-08 2.2546512E-08 1.8040206E-08 2.2596527E-08 2.6764075E-08 2.6259354E-08  289.8221 299.5849 298.1648 295.0094 297.2678 298.0341 295.9153 294.2599 293.8393 292.6386 290.5225 290.2430 288.0146 286.2824 284.1704 284.9455  1482.97
1966 1.8938653E-09 6.9992312E-10 1.5670505E-09 1.0420157E-08 1.2529023E-09 1.7541333E-09 3.9951900E-09 1.1492898E-08 3.8416026E-09 5.5184373E-09 1.1397515E-08 1.8099891E-08 1.5174042E-08 1.9575578E-08 2.4440716E-08 2.4998331E-08  289.7318 299.9871 298.8140 295.7669 297.6593 298.5478 296.7146 295.0309 294.4320 293.2792 291.1175 290.6398 288.4308 286.5794 284.3553 285.0327  876.903
1967 1.6267563E-09 1.3932024E-09 3.5285088E-09 1.3443232E-08 1.2333483E-09 1.9780282E-09 5.6089227E-09 1.2430719E-08 3.4377821E-09 5.1394347E-09 9.5737045E-09 1.4506503E-08 1.0902148E-08 1.4481514E-08 1.8437364E-08 1.9081261E-08  289.2261 300.8499 299.9219 296.8007 298.1246 299.3936 297.7725 296.3818 295.1855 294.3940 292.7389 292.5351 289.6964 288.0658 286.1893 286.8280  172.226
1968 1.2892040E-09 6.9177325E-10 3.2169269E-09 1.4528843E-08 6.0582539E-10 1.1160612E-09 5.2484070E-09 1.2293054E-08 2.5829257E-09 4.7739879E-09 9.2146717E-09 1.5864909E-08 8.8567926E-09 1.2415992E-08 1.7371621E-08 1.8439685E-08  290.1140 301.2536 300.0348 296.4467 298.8058 299.7875 297.7904 295.9938 295.6383 294.5770 292.4702 291.9629 290.0093 288.0685 285.8854 286.4040  1346.48
1969 1.5798700E-09 8.1915191E-10 2.1291338E-09 9.7564365E-09 1.2398289E-09 1.5666873E-09 4.5886313E-09 1.0654972E-08 4.1774513E-09 6.4088370E-09 1.1516661E-08 1.7135786E-08 1.5739413E-08 1.9453845E-08 2.4617842E-08 2.4411314E-08  289.1897 300.1024 298.9005 296.1067 297.7921 298.6808 296.7825 295.3675 294.5528 293.3945 291.3399 290.9697 288.7108 286.8239 284.5829 285.2729  1021.06
1970 1.1782327E-09 5.7214983E-10 1.4562067E-09 1.1789116E-08 8.6899143E-10 1.0080459E-09 3.5546193E-09 1.0616447E-08 2.9925655E-09 4.7291748E-09 8.6928740E-09 1.5462732E-08 9.4480432E-09 1.2567398E-08 1.7891608E-08 1.8817300E-08  289.8060 301.0748 300.1369 296.8594 298.5440 299.6587 297.9721 296.2917 295.5409 294.5568 292.7207 292.1879 289.7820 288.0247 285.9932 286.5416  669.871
1971 1.8375387E-09 1.1062584E-09 2.7098475E-09 1.0848272E-08 1.0356361E-09 1.5241268E-09 4.5217110E-09 1.0883952E-08 3.2651635E-09 4.8346149E-09 8.7537808E-09 1.4072281E-08 1.0389519E-08 1.4001605E-08 1.7786801E-08 1.7109656E-08  289.0512 300.5648 299.7094 296.8021 298.0179 299.1581 297.6477 296.4638 295.1090 294.2180 292.6955 292.6504 289.3923 287.7281 286.0941 286.8817  179.903
1972 1.5565822E-09 1.1797596E-09 3.1504375E-09 1.2174443E-08 9.5619335E-10 1.5438275E-09 5.7126717E-09 1.2935699E-08 4.2510790E-09 6.3952394E-09 1.1115588E-08 1.8447210E-08 1.5995138E-08 1.9914305E-08 2.4390586E-08 2.4275749E-08  289.7224 299.8580 298.4455 295.5057 297.5721 298.4135 296.5023 295.0564 294.3919 293.2720 291.3736 291.0185 288.5023 286.7041 284.5810 285.3935  151.065
1973 1.3221523E-09 5.7241911E-10 1.7996565E-09 8.2149354E-09 8.4041207E-10 1.0637475E-09 3.0735512E-09 8.1256060E-09 2.4007851E-09 3.5268786E-09 7.2951774E-09 1.1999538E-08 1.1219553E-08 1.3471123E-08 1.7047380E-08 1.7311727E-08  289.0701 300.4567 299.3412 296.4176 298.0102 298.9043 297.1350 295.7266 294.7199 293.7659 291.9895 291.6897 288.8049 287.1630 285.2957 286.0424  5932.58
1974 1.1755407E-09 6.0269761E-10 2.5499938E-09 1.0450799E-08 5.9759964E-10 1.2411669E-09 3.1576408E-09 8.0966842E-09 2.4776285E-09 3.8409560E-09 7.4557960E-09 1.2192385E-08 7.5443998E-09 1.1376499E-08 1.6606181E-08 1.6626025E-08  289.2872 300.9087 299.9934 296.8622 298.5740 299.5678 298.0417 296.6479 295.6587 294.6185 292.9833 292.8423 289.7244 287.8621 285.9847 286.7586  289.516
1975 1.0682608E-09 5.2934074E-10 2.2984246E-09 1.2776352E-08 2.9151931E-10 1.2220819E-09 4.9542952E-09 1.2136191E-08 1.7648861E-09 4.1917905E-09 8.1435099E-09 1.4809522E-08 8.4518668E-09 1.2260235E-08 1.6638207E-08 1.9179209E-08  288.6497 300.8028 299.8853 296.7186 298.6681 299.6813 297.9326 296.3260 296.0141 294.9817 293.2080 292.7168 290.4196 288.6628 286.8646 287.1907  1749.65
1976 1.3885315E-09 6.7347905E-10 1.7668458E-09 1.0280101E-08 7.8954743E-10 1.1632588E-09 3.4197551E-09 1.0120734E-08 2.6632105E-09 4.5636424E-09 8.8357481E-09 1.6061657E-08 1.0021673E-08 1.3621749E-08 2.0407642E-08 2.0378927E-08  289.4609 300.6716 299.7207 296.5336 298.2375 299.3008 297.5852 295.9950 295.3526 294.2913 292.4662 291.8376 289.4056 287.5807 285.4113 285.9238  872.419
1977 1.6389529E-09 6.4313155E-10 1.0975770E-09 1.1005591E-08 8.3489576E-10 8.5602725E-10 3.9974535E-09 1.2619199E-08 3.0017033E-09 5.0315525E-09 1.0475876E-08 1.6316688E-08 1.2991429E-08 1.5458895E-08 2.0361943E-08 1.9621190E-08  289.6270 300.3992 299.4880 296.1347 297.6998 298.7932 296.9958 295.3404 294.5911 293.6013 291.5324 291.2195 288.9227 287.1790 285.0898 285.9786  321.968
1978 1.2881319E-09 2.7987312E-10 1.1177063E-09 1.1519258E-08 5.1969362E-10 7.0989326E-10 2.8532032E-09 9.3628056E-09 2.1002013E-09 3.3552607E-09 6.5342802E-09 1.3143015E-08 7.2635218E-09 1.0060157E-08 1.4475008E-08 1.6358900E-08  290.6138 301.3523 300.3140 297.1506 298.9182 299.8906 298.2214 296.5980 295.7912 294.8524 293.0262 292.5826 289.9963 288.2686 286.4954 286.8895  1035.26
1979 1.4094774E-09 8.5740559E-10 2.8472271E-09 1.3724128E-08 9.7672115E-10 1.8635928E-09 6.5653478E-09 1.4451431E-08 3.7549777E-09 6.4116197E-09 1.2144713E-08 1.9705832E-08 1.3466471E-08 1.7524538E-08 2.0450754E-08 2.1814174E-08  289.6494 299.8932 298.5717 295.5370 297.8959 298.5427 296.5499 295.0484 294.9398 293.6128 291.6458 291.2002 289.3024 287.4110 285.3522 285.9340  2959.68
1980 1.7643480E-09 9.4461095E-10 2.3437905E-09 9.9866400E-09 1.0820267E-09 1.3356527E-09 4.0294199E-09 1.0529032E-08 3.2806782E-09 4.8503122E-09 9.9072475E-09 1.7351169E-08 1.2598136E-08 1.5753372E-08 2.0614880E-08 2.1785578E-08  290.5700 300.2492 299.1516 296.1702 297.7458 298.7557 297.0433 295.5345 294.6142 293.6793 291.8634 291.3346 288.9294 287.3187 285.3561 286.0104  2741.94
1981 1.2419548E-09 2.1451686E-10 1.0127957E-09 8.9349363E-09 3.8566331E-10 7.0877093E-10 2.8154217E-09 8.8163103E-09 1.0022865E-09 2.6280953E-09 6.3083325E-09 1.3930948E-08 7.4350388E-09 1.1127055E-08 1.4681797E-08 1.6335100E-08  290.6740 301.7574 300.8992 297.7735 299.2657 300.4073 298.8656 297.2634 296.6005 295.6921 294.0045 293.3532 291.1301 289.3428 287.5643 287.6652  580.097
1982 1.7998549E-09 1.5136444E-09 3.0472664E-09 1.0551148E-08 9.0240243E-10 1.7828899E-09 4.4688848E-09 9.9898418E-09 2.6868869E-09 4.9060103E-09 8.4081044E-09 1.5578332E-08 9.4942685E-09 1.2833994E-08 1.7296562E-08 1.8879176E-08  290.0468 301.1327 300.0511 297.0482 298.7630 299.6766 298.0146 296.4919 295.5779 294.4975 292.7897 292.3150 289.7426 287.9497 286.0594 286.5395  1210.48
1983 1.8072916E-09 3.5079598E-10 1.9317590E-09 1.2364659E-08 9.8177066E-10 1.6813190E-09 5.8598699E-09 1.6252272E-08 5.3415881E-09 8.2310478E-09 1.4990658E-08 2.1661860E-08 1.9751072E-08 2.3844462E-08 2.8665468E-08 2.6840423E-08  290.7458 299.2141 297.7616 294.8500 296.9437 297.6609 295.5676 293.8950 293.3116 292.0858 289.8843 289.4447 286.8772 285.1691 282.9227 283.9333  3208.39
1984 2.0118263E-09 9.7354236E-10 2.7059344E-09 1.1200362E-08 1.1132828E-09 1.7533799E-09 4.8985176E-09 1.0837486E-08 3.0806913E-09 4.2305861E-09 8.6801073E-09 1.5543659E-08 1.0790822E-08 1.3378592E-08 1.7256921E-08 1.8919078E-08  290.8819 301.3242 300.1293 296.6375 298.6904 299.8159 298.0607 296.3558 295.8825 294.9566 293.1382 292.6676 290.4124 288.5360 286.5674 287.0778  575.194
1985 2.0870132E-09 1.2912903E-09 3.9371653E-09 1.2989524E-08 8.6897556E-10 1.6404879E-09 5.1664237E-09 1.2647025E-08 2.1972011E-09 3.7778167E-09 8.2960749E-09 1.5213491E-08 1.1651743E-08 1.5754354E-08 1.9587398E-08 1.9246567E-08  290.3386 300.3926 299.3408 296.3379 298.0381 299.0724 297.4056 296.0863 295.2195 294.2434 292.5447 292.2889 289.4348 287.6003 285.7767 286.4523  2146.77
1986 1.8790707E-09 1.6738697E-09 3.9935188E-09 1.6550386E-08 1.4146506E-09 2.2826974E-09 6.1316223E-09 1.6370082E-08 4.0198156E-09 6.5665491E-09 1.3130103E-08 2.1741437E-08 1.4183723E-08 1.8662968E-08 2.4259517E-08 2.5105374E-08  291.0107 300.4022 299.0020 295.4174 298.0600 299.0341 296.9481 295.0645 294.9168 293.8026 291.5044 290.9545 289.0851 287.1066 284.8571 285.5277  608.871
1987 2.0592961E-09 2.2537370E-09 4.0060990E-09 1.6417850E-08 3.3532455E-09 4.3118660E-09 1.1383577E-08 2.4318172E-08 9.4720587E-09 1.4133766E-08 2.4507228E-08 2.9448019E-08 2.3765061E-08 2.9715666E-08 3.4231000E-08 3.2581699E-08  291.0384 299.3545 297.6061 294.0180 296.9378 297.4888 294.9924 292.8892 293.0656 291.6277 288.9646 288.4447 287.2850 285.2807 282.6085 283.4624  1338.68
1988 1.7088770E-09 6.0017719E-10 2.0659467E-09 1.1562117E-08 7.1737583E-10 8.0838847E-10 3.2048397E-09 8.7801304E-09 1.8175420E-09 2.9303895E-09 6.6059247E-09 1.2519593E-08 7.5071647E-09 1.1224305E-08 1.5235262E-08 1.6325735E-08  291.4287 301.8260 300.6955 297.1653 299.1672 300.4743 298.8327 297.1632 296.5299 295.7816 294.1182 293.5309 291.1334 289.3317 287.5374 287.8009  1215.42
1989 1.4527874E-09 8.2734342E-10 3.5192289E-09 1.4735670E-08 7.3297635E-10 1.6906336E-09 4.3942210E-09 1.1959712E-08 2.4950115E-09 4.0297010E-09 8.2446974E-09 1.6211041E-08 8.4665972E-09 1.2816761E-08 1.8075362E-08 1.9644489E-08  291.1446 301.7592 300.3656 296.8001 298.8182 300.1833 298.4835 296.8272 295.9669 295.2894 293.7341 293.3008 290.6319 289.0038 287.3177 287.6877  232.29
1990 1.6677001E-09 7.1295758E-10 2.0008515E-09 1.0698447E-08 9.0449959E-10 1.7002785E-09 3.5324423E-09 9.7373247E-09 2.8832710E-09 4.4047761E-09 8.3397911E-09 1.3886374E-08 1.0625092E-08 1.3463896E-08 1.7831152E-08 1.8079124E-08  291.3188 300.6521 299.3900 296.4276 298.4175 299.2103 297.4753 296.0387 295.4415 294.2734 292.4613 292.1381 289.7493 287.8962 285.9854 286.5540  249.935
1991 1.7590073E-09 1.0816039E-09 1.8995685E-09 1.0335150E-08 1.0876361E-09 1.2721215E-09 4.1067545E-09 1.0243064E-08 4.2674175E-09 5.3059415E-09 1.0109493E-08 1.8121460E-08 1.6085076E-08 1.9434452E-08 2.3649829E-08 2.4112849E-08  290.1796 299.7634 298.8039 295.9506 297.4735 298.5342 296.7831 295.3855 294.4044 293.4412 291.5872 291.1506 288.6772 286.9346 284.8224 285.6232  1615.16
1992 1.9224511E-09 1.6200826E-09 5.0935451E-09 2.2907335E-08 2.2484710E-09 4.2944843E-09 1.4660900E-08 3.1783053E-08 8.4401437E-09 1.5228185E-08 2.7051446E-08 3.5058413E-08 2.0964359E-08 2.7628499E-08 3.5605854E-08 3.4737479E-08  292.5302 300.2812 298.0270 294.0089 298.0092 298.3064 295.2025 292.7564 293.9894 292.2251 289.1887 288.4433 287.9878 285.9553 283.0881 283.7083  1429.03
1993 2.2727202E-09 1.1726544E-09 3.3945859E-09 1.3699464E-08 2.2419999E-09 3.0711274E-09 8.1052463E-09 1.6897426E-08 5.7743419E-09 8.5672056E-09 1.5216635E-08 2.1560748E-08 1.9072740E-08 2.2848283E-08 2.7111811E-08 2.6850323E-08  291.5276 300.3124 298.7766 295.3863 297.9236 298.5506 296.2948 294.3914 294.3768 293.0468 290.7286 290.1405 288.2379 286.3055 284.1241 284.6884  2296.45
1994 2.1194055E-09 9.4063723E-10 3.5031182E-09 1.8065824E-08 1.3276953E-09 1.5618609E-09 5.9175385E-09 1.6722625E-08 2.8111993E-09 4.5934248E-09 1.1816783E-08 1.9103307E-08 1.1537021E-08 1.5667005E-08 2.0842354E-08 2.0944450E-08  291.0851 300.8874 299.4642 295.6770 298.4905 299.4355 297.3451 295.1763 295.5374 294.4559 292.1922 291.3700 289.9499 287.9308 285.5764 286.1435  548
1995 1.5906965E-09 6.4812711E-10 2.6913614E-09 1.2479584E-08 1.4848741E-09 2.0228332E-09 6.2267165E-09 1.3162926E-08 3.4022543E-09 5.1290128E-09 1.0403745E-08 1.6592587E-08 1.1154630E-08 1.4772225E-08 1.9490235E-08 2.0776058E-08  290.6710 300.7633 299.3902 296.0668 298.4430 299.2664 297.2020 295.4902 295.3407 294.2593 292.2176 291.6318 289.7732 287.8662 285.9472 286.3666  1065.74
1996 1.5905630E-09 4.7833776E-10 1.5876050E-09 1.0907174E-08 4.0828510E-10 8.9509788E-10 3.2573297E-09 1.0713543E-08 2.0288196E-09 3.0113934E-09 6.6034311E-09 1.3620923E-08 7.8801854E-09 1.2315659E-08 1.5632972E-08 1.6936976E-08  291.2831 301.6708 300.7396 297.4324 298.9971 300.1902 298.5699 296.8642 296.2224 295.3095 293.5527 293.0015 290.6392 288.6520 286.7706 287.3115  131.032
1997 2.1893665E-09 2.1988595E-09 3.5945515E-09 1.1955282E-08 1.4901893E-09 2.1140725E-09 6.4552288E-09 1.3007797E-08 4.5265804E-09 6.6767418E-09 1.1975430E-08 1.8926213E-08 1.3123602E-08 1.7926340E-08 2.2606773E-08 2.2900906E-08  291.1477 300.7346 299.5045 296.2870 298.3529 299.3237 297.3579 295.6925 295.3153 294.2162 292.1473 291.5513 289.8924 287.8843 285.5537 286.0679  605.581
1998 2.0387627E-09 1.1217071E-09 2.0831068E-09 1.2014225E-08 1.4997228E-09 2.0926805E-09 7.1895769E-09 1.5809340E-08 4.8831335E-09 7.8392901E-09 1.4033034E-08 2.0750679E-08 1.8690733E-08 2.3439496E-08 2.8340112E-08 2.5047145E-08  290.9323 299.4759 298.2003 295.4788 297.4616 298.1175 296.0065 294.5695 294.2382 292.7841 290.4268 290.1625 287.9003 285.8394 283.4492 284.5917  1814.84
1999 7.2785172E-10 4.7575810E-10 3.3677638E-09 1.1518684E-08 2.7041688E-10 1.0011130E-09 4.4747033E-09 9.5827879E-09 1.0188601E-09 2.5997480E-09 7.7472428E-09 1.2263619E-08 6.5948020E-09 8.4308338E-09 1.2872110E-08 1.4031915E-08  289.2663 302.3612 301.5202 298.3344 299.7336 301.1890 299.6581 298.2309 297.3861 296.7051 295.0872 294.8500 292.2335 290.6195 289.0412 289.3107  250.065
2000 1.4894674E-09 8.2082985E-10 2.8581191E-09 1.0804789E-08 5.6777899E-10 1.1308136E-09 3.7404257E-09 9.8269215E-09 2.3304116E-09 3.0947456E-09 7.0949606E-09 1.1470198E-08 1.0911497E-08 1.1898634E-08 1.4816517E-08 1.6614944E-08  290.9399 301.5385 300.3790 297.2738 298.9145 300.0903 298.4543 297.1292 296.0381 295.3021 293.8177 293.8376 290.5953 289.1318 287.5699 288.1633  135.581
2001 1.6016073E-09 1.1852963E-09 4.6010418E-09 1.8599401E-08 1.7654640E-09 2.6128297E-09 7.6973325E-09 1.6960378E-08 4.7798800E-09 6.7752142E-09 1.2942023E-08 1.8819406E-08 1.3915512E-08 1.8920476E-08 2.2447743E-08 2.0296202E-08  290.2118 300.6305 299.3694 295.7145 298.1274 299.3305 297.4708 295.7413 295.5477 294.6260 292.7795 292.4188 290.5653 288.6982 286.8061 287.7328  731
2002 2.1871376E-09 1.3650396E-09 2.1174522E-09 1.0472723E-08 1.2235726E-09 1.8365839E-09 4.4073434E-09 1.1202160E-08 3.9203134E-09 5.4295968E-09 1.0704120E-08 1.6671171E-08 1.4926176E-08 1.8190693E-08 2.0891067E-08 2.1473419E-08  289.9081 299.8879 299.2544 296.4361 297.3553 298.6519 297.2526 295.8391 294.6562 293.9129 292.1878 291.7838 289.3911 287.7639 285.8968 286.4596  110.29
2003 1.8690731E-09 1.0901838E-09 2.2670266E-09 1.3287155E-08 1.3039192E-09 2.2600148E-09 7.1715611E-09 1.4121791E-08 3.3547860E-09 6.1925167E-09 1.2657909E-08 1.9073417E-08 1.2810279E-08 1.8162631E-08 2.3093152E-08 2.2069603E-08  290.8086 300.6411 299.3308 295.9012 298.3902 299.2282 297.0918 295.2976 295.3382 294.1953 291.9161 291.3134 289.7080 287.7556 285.5692 286.0987  606.581
2004 1.5792266E-09 7.1844264E-10 2.0467970E-09 1.0535033E-08 7.9389539E-10 1.4401633E-09 4.0596015E-09 1.0875278E-08 3.0426415E-09 5.0337903E-09 9.8133448E-09 1.6620895E-08 1.1193746E-08 1.5723364E-08 1.8998403E-08 1.8943544E-08  291.2493 301.3220 300.3034 297.2766 298.6094 299.8038 298.1185 296.6542 295.6892 294.8000 292.9616 292.5624 290.4377 288.5705 286.6654 287.1628  303.903
2005 1.7775783E-09 4.2987811E-10 1.3158251E-09 7.8900584E-09 3.9670581E-10 1.1893581E-09 3.2163974E-09 1.0633748E-08 2.6826272E-09 4.1134953E-09 8.7553218E-09 1.7387485E-08 1.5144392E-08 1.9572026E-08 2.1871166E-08 2.1559439E-08  291.0416 300.5022 299.4641 296.6801 298.3135 299.2572 297.5214 295.9666 295.3671 294.3014 292.3781 291.7061 289.7405 287.6853 285.6822 286.1662  1035.1
2006 1.4968780E-09 8.7447094E-10 2.4936362E-09 1.0577622E-08 6.1504396E-10 1.1135814E-09 3.8099222E-09 1.0897851E-08 1.7028550E-09 3.2538501E-09 6.4686190E-09 1.3901118E-08 6.3974288E-09 1.0465738E-08 1.4564050E-08 1.6128007E-08  290.6017 301.5034 300.6656 297.5892 299.1354 300.2776 298.6550 297.1816 296.5216 295.5675 293.9407 293.4793 291.2246 289.3687 287.6387 287.9109  128.032
2007 1.3203889E-09 5.1856514E-10 1.9972326E-09 1.0352703E-08 5.3015070E-10 1.3677780E-09 3.5441501E-09 9.8730677E-09 2.1253348E-09 4.0538675E-09 7.8670519E-09 1.5147009E-08 1.0072985E-08 1.3868941E-08 1.8275049E-08 2.0126567E-08  290.4614 300.8114 299.8583 296.8094 298.5577 299.5768 297.8307 296.2440 295.7952 294.7909 292.9172 292.4301 290.4645 288.7065 286.8194 287.1358  287.065
2008 1.2121681E-09 1.2661214E-10 9.5264674E-10 8.7219298E-09 1.5682459E-10 3.2799119E-10 1.9924653E-09 7.2162449E-09 6.6446249E-10 1.6995273E-09 4.6817590E-09 1.0822104E-08 4.9461937E-09 7.2741555E-09 1.1884779E-08 1.2929046E-08  290.4221 301.8943 301.3655 298.3922 299.5241 300.9721 299.5945 298.1700 297.2361 296.4542 294.9076 294.5461 292.1123 290.4138 288.6932 288.6736  690.548
2009 1.5968552E-09 8.7529345E-10 2.8115013E-09 1.2400049E-08 5.2304988E-10 1.3689334E-09 4.8768158E-09 1.0922927E-08 3.3189231E-09 5.0540376E-09 9.5329131E-09 1.4739956E-08 1.2554889E-08 1.6776038E-08 2.1377891E-08 2.0267960E-08  290.6724 300.8359 299.8024 296.6535 298.3840 299.5621 297.9890 296.4754 295.5971 294.7051 293.0628 292.7356 290.1512 288.4256 286.5677 287.2458  518.613
2010 2.0925650E-09 9.8942210E-10 2.0278703E-09 8.9774295E-09 1.5025370E-09 2.0597257E-09 5.6141496E-09 1.1382355E-08 4.5418012E-09 6.4338925E-09 1.0708934E-08 1.6663405E-08 1.3226386E-08 1.6717374E-08 2.0924016E-08 2.1612358E-08  0.0000000E+00 0.0000000E+00 0.0000000E+00 0.0000000E+00 0.0000000E+00 0.0000000E+00 0.0000000E+00 0.0000000E+00 0.0000000E+00 0.0000000E+00 0.0000000E+00 0.0000000E+00 0.0000000E+00 0.0000000E+00 0.0000000E+00 0.0000000E+00  1504.65
2011 1.4830922E-09 3.4002565E-10 2.0789865E-09 8.8759755E-09 2.9280925E-10 1.1928389E-09 4.3795052E-09 7.5838775E-09 2.0566364E-09 3.6845054E-09 7.8708720E-09 1.2452618E-08 6.6671242E-09 1.0996666E-08 1.5655692E-08 1.6643625E-08  290.4658 301.4118 300.5866 297.7955 299.1041 300.1636 298.5747 297.4112 296.3817 295.4088 293.7852 293.5896 290.8040 288.9100 287.2285 287.6502  161.452
2012 1.8444218E-09 5.7367772E-10 2.3089928E-09 1.0660729E-08 9.0151703E-10 9.6541464E-10 4.2373474E-09 1.1870219E-08 1.8524384E-09 3.5258827E-09 8.9889891E-09 1.5522010E-08 1.0062374E-08 1.3126813E-08 1.8446137E-08 2.0335500E-08  290.7480 300.4865 299.8056 297.1881 298.1758 299.3647 297.9981 296.7117 295.4782 294.6221 293.0913 292.8221 289.9453 288.4120 286.5175 287.0183  190.452
2013 1.5298534E-09 6.4383188E-10 1.9259163E-09 1.0562224E-08 6.0346073E-10 9.5552111E-10 3.3545016E-09 1.0661389E-08 2.1020774E-09 3.5976773E-09 7.9400513E-09 1.3195570E-08 9.0375574E-09 1.3211234E-08 1.8020831E-08 1.7836900E-08  290.7089 301.4166 300.4724 297.4764 299.0646 300.2473 298.6135 297.0414 296.4349 295.4895 293.6964 293.3036 291.0646 289.1496 287.1422 287.6318  313.258
2014 1.4583954E-09 5.2280730E-10 2.1563398E-09 9.8919912E-09 3.9653233E-10 8.9930141E-10 3.5734500E-09 1.0361927E-08 2.0365951E-09 4.4980539E-09 7.9474995E-09 1.4864324E-08 8.7149941E-09 1.2491457E-08 1.6766030E-08 2.0177104E-08  291.4065 301.8889 300.6342 297.3257 299.5309 300.5420 298.6487 296.8749 296.7736 295.6246 293.6741 292.9716 291.3737 289.2839 287.1387 287.3300  129.806
2015 2.6684184E-09 1.3678918E-09 2.6838252E-09 1.2300781E-08 1.4216921E-09 1.7919227E-09 5.2328435E-09 1.5068325E-08 5.1649613E-09 6.3022974E-09 1.3281822E-08 2.2993405E-08 1.7932582E-08 2.1218190E-08 2.5855609E-08 2.7843656E-08  292.7565 300.4868 299.0688 295.7609 298.0371 298.8944 296.5311 294.7477 294.5269 293.3731 290.7922 290.2924 288.6653 286.8288 284.5382 284.9674  243.806
