STN,prec_1,prec_2,prec_3,prec_4,prec_5,prec_6,prec_7,prec_8,prec_9,prec_10,prec_11,prec_12,prec_13,prec_14,prec_15,prec_16,st_1,st_2,st_3,st_4,st_5,st_6,st_7,st_8,st_9,st_10,st_11,st_12,st_13,st_14,st_15,st_16,05.0
LAT,29.30136,29.30136,29.30136,29.30136,32.09194,32.09194,32.09194,32.09194,34.88252,34.88252,34.88252,34.88252,37.67308,37.67308,37.67308,37.67308,29.30136,29.30136,29.30136,29.30136,32.09194,32.09194,32.09194,32.09194,34.88252,34.88252,34.88252,34.88252,37.67308,37.67308,37.67308,37.67308,33.6194949
LON,-115.3125,-112.5000,-109.6875,-106.8750,-115.3125,-112.5000,-109.6875,-106.8750,-115.3125,-112.5000,-109.6875,-106.8750,-115.3125,-112.5000,-109.6875,-106.8750,-115.3125,-112.5000,-109.6875,-106.8750,-115.3125,-112.5000,-109.6875,-106.8750,-115.3125,-112.5000,-109.6875,-106.8750,-115.3125,-112.5000,-109.6875,-106.8750,-110.9215037
1958 5.8165700E-10 3.9776116E-10 4.2607584E-09 2.2792861E-08 1.8182395E-11 5.6938493E-10 4.9519011E-09 1.3161510E-08 3.7138159E-10 1.4085412E-09 5.9266227E-09 1.5183446E-08 2.8461868E-09 4.3628274E-09 9.3404964E-09 1.5208856E-08  291.8641 305.6056 304.5414 300.3221 302.8325 305.2426 303.7910 301.5776 301.3123 301.4944 300.0741 299.2268 297.5601 296.2979 295.0358 294.4917  1824.61
1959 7.1101808E-10 1.9100512E-09 1.6361280E-08 4.0415905E-08 4.8731175E-10 2.2405680E-09 1.1787029E-08 2.2376675E-08 5.5103494E-10 3.0631733E-09 1.0495597E-08 2.2221238E-08 2.1167850E-09 6.6487100E-09 1.3497736E-08 1.7792782E-08  291.7072 305.9552 303.4066 299.0850 304.0195 306.0525 303.4415 300.9339 302.3578 302.3150 300.3383 298.9914 298.9202 297.2692 295.6243 294.9193  127.065
1960 4.1479831E-10 7.0858247E-10 8.7848688E-09 3.2759118E-08 1.1354422E-10 8.3139795E-10 8.1567002E-09 2.0728702E-08 2.7855646E-10 1.9679742E-09 7.8697457E-09 1.8792253E-08 1.9341690E-09 4.7188600E-09 1.0336886E-08 1.5822261E-08  291.2706 305.9488 304.1003 299.5410 303.7343 305.9725 303.7064 301.0492 301.9691 302.0436 300.2995 299.0670 298.3409 297.0266 295.5282 294.8599  677
1961 4.4069301E-10 9.8989428E-10 9.6088888E-09 3.4502609E-08 3.9885392E-10 1.1182592E-09 8.7234078E-09 1.9884489E-08 6.0662170E-10 2.2411748E-09 8.5315257E-09 2.0706116E-08 2.4228928E-09 5.4007971E-09 1.1653062E-08 1.7079918E-08  290.9655 305.8116 303.8929 299.6185 303.7401 306.0395 303.8421 301.2874 302.2298 302.3574 300.5989 299.3901 298.7702 297.4307 295.8531 294.9814  197.516
1962 3.8356932E-10 9.8312769E-10 8.6896961E-09 3.5355971E-08 3.5098330E-10 1.0492306E-09 8.1858413E-09 1.9950864E-08 7.2704193E-10 1.9499788E-09 7.8016678E-09 1.5975134E-08 2.5062854E-09 4.6641797E-09 1.0001226E-08 1.5618083E-08  290.7860 305.8094 304.1508 299.6672 303.4052 305.8235 303.9581 301.4759 301.8691 302.0965 300.6105 299.7431 298.4119 297.1107 295.7853 295.0247  1188.42
1963 3.7753858E-10 5.7250221E-10 9.4952233E-09 3.5504279E-08 1.8055075E-10 8.6867008E-10 7.4169551E-09 2.0923482E-08 4.3681422E-10 1.4773333E-09 9.4632586E-09 2.1135568E-08 1.9292581E-09 4.3611785E-09 1.1896678E-08 1.9254724E-08  291.1327 306.1896 303.9665 299.3546 303.7185 306.1027 303.8535 301.1631 302.0500 302.3056 300.3752 299.0979 298.5543 297.2810 295.5440 294.6258  298.129
1964 3.3751535E-10 9.2663122E-10 1.1276986E-08 3.2686945E-08 1.6209160E-10 1.9669437E-09 1.0152826E-08 2.0549468E-08 4.9039928E-10 2.8527543E-09 1.0357753E-08 2.1282288E-08 2.2344653E-09 5.8195728E-09 1.2803001E-08 1.6969540E-08  290.8331 306.2505 303.9151 299.4905 304.0270 306.0468 303.5369 301.1090 302.3893 302.3233 300.2612 299.1952 298.9480 297.4714 295.5666 294.7696  368.839
1965 3.6072981E-10 5.5018490E-10 9.0438137E-09 3.4691102E-08 9.3122184E-11 6.5439359E-10 6.3667236E-09 2.0779177E-08 5.1503374E-10 1.6866000E-09 8.3697396E-09 2.0813944E-08 3.1169232E-09 6.5292385E-09 1.2513667E-08 1.8505817E-08  291.1760 305.7104 303.6101 299.0085 303.2519 305.5751 303.3763 300.5193 301.5255 301.5952 299.6483 298.2118 297.6984 296.2293 294.4727 293.7443  1482.97
1966 6.1214384E-10 5.4356325E-10 7.0738118E-09 2.9359393E-08 3.4768929E-10 8.3338098E-10 6.5228054E-09 1.6940037E-08 8.3137042E-10 2.0057846E-09 7.3805158E-09 1.8552839E-08 3.6253065E-09 6.4651564E-09 1.1956232E-08 1.7109819E-08  291.0811 305.4385 303.7966 299.3636 302.9127 305.1861 303.1467 300.5946 301.1509 301.2875 299.5453 298.3012 297.0742 295.7592 294.2707 293.7128  876.903
1967 4.3537846E-10 8.7198865E-10 1.1940683E-08 3.8013411E-08 1.6413398E-10 1.9784034E-09 1.1799512E-08 2.1858163E-08 6.1862554E-10 3.8347876E-09 1.0975250E-08 2.1782350E-08 2.6971128E-09 5.7428706E-09 1.2264236E-08 1.6318246E-08  290.7828 305.7852 303.5525 298.9283 303.6358 305.7737 303.3687 300.8519 301.8410 301.8548 299.9684 298.9032 298.2378 296.8698 295.1284 294.5292  172.226
1968 2.8959352E-10 1.3691247E-09 1.3906289E-08 3.8243549E-08 4.3443571E-10 1.5476530E-09 1.1231277E-08 2.3908232E-08 4.5357498E-10 2.8052096E-09 9.4911874E-09 2.3162103E-08 2.2021518E-09 5.6638578E-09 1.3353655E-08 1.7246316E-08  291.2443 306.2351 303.3669 298.5360 303.9670 306.0128 303.0870 300.3021 302.1898 302.1591 300.1013 298.5573 298.6463 297.0299 295.3605 294.5060  1346.48
1969 3.9636724E-10 4.3045456E-10 5.3385660E-09 2.1327603E-08 3.2427494E-10 9.7675990E-10 4.9155209E-09 1.1410624E-08 6.1269195E-10 1.6775615E-09 5.5140235E-09 1.2939680E-08 3.6424239E-09 6.0340151E-09 9.2221075E-09 1.4938689E-08  290.7719 305.7216 304.6514 300.6590 303.1351 305.4708 303.9393 301.8543 301.5984 301.6849 300.3336 299.5735 297.7212 296.2300 295.0220 294.5181  1021.06
1970 3.2998063E-10 1.2652297E-09 9.3830019E-09 3.1482863E-08 1.3069143E-10 1.8249114E-09 9.8132862E-09 1.9841725E-08 5.3355487E-10 3.4184076E-09 9.3877555E-09 1.9607530E-08 2.7130229E-09 7.1969470E-09 1.2528432E-08 1.5880190E-08  291.1697 305.8682 303.9304 299.5309 303.6540 305.6016 303.3861 301.1764 302.0330 301.8320 300.0085 298.9886 298.3326 296.7004 295.0641 294.4078  669.871
1971 5.3461696E-10 1.0476980E-09 1.1505410E-08 3.7337156E-08 2.6737484E-10 9.5349351E-10 8.6817913E-09 2.2077442E-08 7.9896545E-10 1.9585671E-09 9.0569445E-09 2.0257550E-08 3.2060596E-09 6.6445991E-09 1.2908272E-08 1.8499037E-08  290.7073 305.2092 302.8331 298.3978 302.9565 305.0607 302.7540 300.3816 301.3500 301.3977 299.6284 298.6865 297.7937 296.3719 294.7598 294.1997  179.903
1972 5.9636157E-10 9.4877328E-10 1.1200362E-08 3.4096971E-08 1.6975013E-10 1.2769771E-09 8.9132701E-09 2.2277558E-08 5.3342458E-10 2.8623357E-09 9.5849062E-09 2.1602315E-08 3.6460563E-09 7.9255944E-09 1.3434297E-08 1.9896390E-08  291.1127 305.4881 303.5051 299.0646 303.2747 305.3358 303.1300 300.4469 301.6729 301.5098 299.5126 298.3047 297.7193 296.1300 294.4865 293.8036  151.065
1973 4.3857451E-10 7.8121248E-10 6.8246000E-09 3.1853510E-08 3.1983241E-10 1.0825794E-09 5.7128271E-09 1.5750492E-08 5.6418797E-10 1.8933373E-09 6.9696413E-09 1.5200992E-08 3.0086618E-09 5.5017368E-09 1.0997861E-08 1.5358937E-08  290.7003 305.4017 303.8800 299.4185 302.8079 305.1887 303.5722 301.2556 301.3192 301.4680 300.0523 299.2923 297.8259 296.4161 294.9840 294.4555  5932.58
1974 5.6062421E-10 1.2973886E-09 1.3073976E-08 3.5598390E-08 2.6212213E-10 1.6001964E-09 1.0262645E-08 2.3529317E-08 5.9415672E-10 2.7145151E-09 1.0597250E-08 2.2870720E-08 3.4326428E-09 6.0953789E-09 1.2754835E-08 1.8025172E-08  290.7363 305.0928 302.5490 298.5125 303.3287 305.2888 302.8151 300.5546 301.8432 301.7767 299.8084 298.8220 298.1450 296.6723 294.9871 294.2940  289.516
1975 2.9418892E-10 7.2586059E-10 1.1640724E-08 3.3445325E-08 6.1756189E-10 1.8916710E-09 9.5286579E-09 2.0236815E-08 7.5758705E-10 3.1508778E-09 9.9774269E-09 2.0524578E-08 2.7304423E-09 6.3704175E-09 1.3172500E-08 1.7434882E-08  290.4023 305.2650 303.1914 299.0057 303.1400 305.3085 303.1493 300.7308 301.8486 301.7860 299.9429 298.8469 298.4619 296.9791 295.1669 294.3596  1749.65
1976 3.4327557E-10 1.1691506E-09 1.3619737E-08 3.7692796E-08 2.1188964E-10 2.1012987E-09 1.1298757E-08 2.4584828E-08 8.7546603E-10 4.0980126E-09 1.2762192E-08 2.2617767E-08 4.7334590E-09 8.4395548E-09 1.5823426E-08 2.0385686E-08  290.9122 305.4759 302.8533 298.1206 303.2623 305.2471 302.6767 300.0708 301.5873 301.3441 299.1729 298.0755 297.7464 296.0546 294.2040 293.6159  872.419
1977 4.4270473E-10 1.1812757E-09 8.9033030E-09 2.6854178E-08 2.5940020E-10 1.1613448E-09 7.6779738E-09 1.8562782E-08 6.4394851E-10 2.6542479E-09 9.4819805E-09 1.9404943E-08 4.2160599E-09 7.7297910E-09 1.4564675E-08 1.8672388E-08  291.0324 305.3991 303.5755 299.2632 303.1299 305.1187 303.0192 300.6568 301.2883 301.1913 299.4463 298.1924 297.4906 295.7999 294.1102 293.5501  321.968
1978 3.6142958E-10 5.3584981E-10 9.1995327E-09 3.2230087E-08 7.9657628E-11 9.0898439E-10 7.2427082E-09 1.8534941E-08 2.2916763E-10 1.1739580E-09 6.0904206E-09 1.6448256E-08 1.2123597E-09 3.2124836E-09 8.2627327E-09 1.4163946E-08  291.5931 305.8513 304.0325 299.7354 303.2757 305.6305 303.6856 301.3404 301.5806 301.9205 300.4666 299.5521 298.3555 297.1591 295.8073 295.1110  1035.26
1979 5.5229910E-10 6.0276906E-10 6.6578205E-09 2.3342229E-08 1.6329375E-10 1.3640082E-09 6.5111179E-09 1.5057067E-08 7.6318540E-10 2.6810572E-09 7.4419266E-09 1.4725684E-08 3.8349750E-09 6.6682455E-09 1.1306927E-08 1.4857125E-08  291.0797 305.5141 304.0695 299.9827 302.9156 304.9776 303.1609 301.0473 301.2451 301.0921 299.5469 298.8041 297.5154 296.0045 294.4242 294.1100  2959.68
1980 6.5852601E-10 1.7624434E-09 1.0954865E-08 2.9328271E-08 3.8755732E-10 2.3886724E-09 1.0117731E-08 1.7943011E-08 1.0925211E-09 3.2992340E-09 9.9118518E-09 2.0145817E-08 3.3169951E-09 6.5231571E-09 1.2816184E-08 1.9096557E-08  291.5897 305.9626 303.8883 299.4099 303.6162 305.5688 303.2835 300.8518 301.8485 301.8014 299.9601 298.7162 298.2809 296.8274 295.1396 294.3636  2741.94
1981 4.2664811E-10 8.2680779E-10 8.3420026E-09 3.2717416E-08 2.4225330E-10 1.4153833E-09 8.5326164E-09 2.0396691E-08 5.2674326E-10 2.2991526E-09 9.8564561E-09 2.0273527E-08 2.9888367E-09 7.1813853E-09 1.4028162E-08 1.9856204E-08  291.6967 306.2075 304.2268 299.6931 304.1609 306.4005 303.9484 301.4957 302.7549 302.6734 300.6231 299.4197 299.3845 297.6702 295.7413 294.9277  580.097
1982 4.7912646E-10 6.5332395E-10 7.7466282E-09 3.1814107E-08 2.9979699E-10 9.5426789E-10 8.2955287E-09 2.0153738E-08 5.1054860E-10 3.2442429E-09 8.9756647E-09 2.0656062E-08 3.3720797E-09 6.9318271E-09 1.3264332E-08 1.7488635E-08  291.0829 306.4095 304.6242 299.9946 303.7286 306.0711 303.9323 301.3894 302.0085 302.0039 300.2329 299.0352 298.3807 296.8603 295.1829 294.5977  1210.48
1983 6.5435712E-10 5.7235422E-10 5.1882676E-09 2.5590419E-08 3.9417908E-10 1.2004044E-09 6.6580137E-09 1.6893235E-08 9.7880404E-10 3.0542493E-09 9.7873674E-09 1.8804556E-08 4.0113428E-09 9.0043706E-09 1.4729132E-08 1.7748180E-08  291.5838 305.0955 303.5466 299.1258 302.2089 304.2931 302.2781 299.8979 300.3949 300.1823 298.2345 297.1085 296.2031 294.5301 292.7825 292.4855  3208.39
1984 6.5949946E-10 1.5638487E-09 1.0070679E-08 2.8893172E-08 3.2384223E-10 2.1008828E-09 9.8516990E-09 2.0344880E-08 6.7771488E-10 2.8184775E-09 1.0865157E-08 2.0641398E-08 5.3305387E-09 1.0643996E-08 1.6312187E-08 1.9524460E-08  291.8380 305.4064 303.2069 299.1219 303.4329 305.2293 302.8017 300.5649 301.8165 301.5199 299.4445 298.3742 297.9556 296.0636 294.3288 293.7891  575.194
1985 3.7272621E-10 1.6179814E-09 1.3609056E-08 3.4290377E-08 5.0953841E-10 2.4277329E-09 1.2770218E-08 2.3545665E-08 7.7802342E-10 3.9411283E-09 1.3177337E-08 2.5080087E-08 4.0296952E-09 8.5863219E-09 1.5791539E-08 1.8941479E-08  291.5263 305.6033 302.8942 298.2429 303.5565 305.2278 302.4583 299.9895 301.6801 301.3734 299.2534 298.0584 297.8969 296.2178 294.3957 293.8829  2146.77
1986 7.9180651E-10 2.3036200E-09 1.6847777E-08 3.8897017E-08 1.1999778E-09 2.5696685E-09 1.3207241E-08 2.7521528E-08 1.3703809E-09 3.8715431E-09 1.2887506E-08 2.7176469E-08 4.1299946E-09 9.2382377E-09 1.7946212E-08 2.2783704E-08  291.9544 305.6011 302.6044 297.5858 303.5695 305.2543 302.1859 299.2870 301.5921 301.2341 298.8359 297.0800 297.6493 295.6971 293.6423 293.0080  608.871
1987 8.8838059E-10 1.0922092E-09 1.1665969E-08 2.9484049E-08 1.2063258E-09 2.5480573E-09 1.2466511E-08 2.0581769E-08 2.0953512E-09 6.0145244E-09 1.4932906E-08 2.3220984E-08 7.6328019E-09 1.3711886E-08 2.0600401E-08 2.2197767E-08  291.9773 304.9241 302.8382 298.1043 302.1721 303.7991 301.3595 298.6902 300.0471 299.4672 297.1104 295.8447 295.6749 293.7078 291.7054 291.5098  1338.68
1988 6.0206473E-10 1.5423014E-09 1.3222079E-08 3.1351661E-08 4.2761561E-10 2.6678939E-09 1.2987186E-08 2.1152140E-08 8.1483248E-10 4.1221182E-09 1.3739035E-08 2.1630914E-08 4.8028053E-09 9.3814894E-09 1.6253082E-08 2.1046903E-08  292.0354 305.8358 303.7823 299.3814 303.6035 305.4686 303.1814 301.0217 302.0464 301.7490 299.8047 298.9296 298.4931 296.7733 294.9628 294.3062  1215.42
1989 9.4113684E-10 2.0139879E-09 1.3336305E-08 3.1781084E-08 1.0774061E-09 2.4140683E-09 1.1474094E-08 2.3702285E-08 1.7313972E-09 4.6878164E-09 1.2940736E-08 2.6505869E-08 5.7969123E-09 1.0381971E-08 1.7165231E-08 2.2250328E-08  291.8927 305.2402 302.4054 298.3119 303.4839 305.1641 302.2681 300.0544 301.9225 301.5005 299.2591 297.9661 298.1612 296.4466 294.3796 293.5969  232.29
1990 6.3002048E-10 1.6268339E-09 8.7079366E-09 3.1643935E-08 9.0578089E-10 2.2010589E-09 8.3775644E-09 1.9917726E-08 1.0292359E-09 3.6148773E-09 9.6431361E-09 1.8298090E-08 3.9447885E-09 7.0949486E-09 1.3202838E-08 1.7251129E-08  292.0302 305.9442 303.9565 299.0778 303.0515 305.3640 303.3393 300.7909 301.3757 301.4329 299.8632 298.9306 297.8812 296.5680 294.9925 294.5200  249.935
1991 5.8812344E-10 1.4594024E-09 9.1907326E-09 3.3779166E-08 6.0535660E-10 1.9964552E-09 8.9822443E-09 2.1273355E-08 1.0936120E-09 3.8421093E-09 1.0471386E-08 2.1224533E-08 4.5748281E-09 9.2626129E-09 1.6817578E-08 1.9187514E-08  291.5154 306.0335 303.8473 299.2965 303.9090 305.7366 303.2634 300.5430 302.0022 301.7161 299.6196 298.3450 298.0324 296.2569 294.4746 293.8757  1615.16
1992 8.9216518E-10 1.3867828E-09 1.0452036E-08 3.4649815E-08 9.6472230E-10 2.5617226E-09 9.2331769E-09 2.4613440E-08 2.2773405E-09 5.6239706E-09 1.4327585E-08 2.5516094E-08 7.9813152E-09 1.3163423E-08 2.0251131E-08 2.4739114E-08  292.6090 304.9110 302.7347 297.8268 302.0999 303.8434 301.1922 298.0455 299.9706 299.4246 296.9474 295.2166 295.5736 293.8200 291.6749 291.2631  1429.03
1993 1.0788612E-09 1.0538289E-09 7.8836146E-09 2.3284557E-08 4.8597992E-10 1.6454035E-09 9.4189456E-09 1.7218131E-08 8.0069423E-10 2.9911216E-09 9.7858930E-09 1.8873360E-08 4.4257904E-09 9.2126120E-09 1.3566798E-08 1.7235836E-08  292.3673 305.4354 303.6868 299.3972 302.6632 304.6390 302.4701 300.2184 300.8660 300.6963 298.7978 297.7265 296.9753 295.1919 293.6337 293.2235  2296.45
1994 8.0672552E-10 1.4079438E-09 1.1144792E-08 3.6750837E-08 7.0507516E-10 2.3351205E-09 1.0762288E-08 2.4567706E-08 1.0146283E-09 3.6358403E-09 1.4127806E-08 2.5134163E-08 3.8311354E-09 1.1052281E-08 1.7293191E-08 1.9977774E-08  291.8781 305.9871 303.3947 298.1783 303.5259 305.4373 302.7389 299.7175 301.8015 301.5098 299.1443 297.5884 298.0792 296.0693 294.1706 293.5665  548
1995 5.9522631E-10 1.3222609E-09 1.0828808E-08 3.4494505E-08 3.2178182E-10 2.0261151E-09 9.4201278E-09 2.0092086E-08 8.1854717E-10 3.3580201E-09 9.0551486E-09 1.8808766E-08 3.8156731E-09 7.9729574E-09 1.4018965E-08 1.9139014E-08  291.7700 305.9755 303.9108 299.2842 303.3820 305.5836 303.4761 300.8068 301.7945 301.7791 300.0906 298.8796 298.2447 296.6324 294.9944 294.3139  1065.74
1996 6.9740597E-10 1.1912812E-09 9.6481161E-09 2.9692139E-08 4.8386245E-10 1.9984472E-09 9.3303143E-09 1.9330107E-08 9.1932278E-10 4.3146322E-09 1.0944255E-08 1.9738717E-08 3.8792201E-09 8.1474791E-09 1.4284620E-08 1.8197643E-08  292.1398 306.1643 304.1316 299.6010 303.8595 305.9207 303.6426 301.1495 302.1300 301.9449 300.0923 299.1301 298.6083 296.8609 295.2410 294.6898  131.032
1997 3.9927897E-10 6.8425049E-10 8.0177047E-09 2.8042093E-08 4.4202631E-11 1.5089661E-09 7.5335764E-09 1.7043076E-08 3.9695261E-10 3.3245788E-09 8.0952685E-09 1.7091930E-08 2.5979481E-09 5.6313896E-09 1.1642316E-08 1.4132916E-08  291.9779 306.3905 304.6219 300.0503 303.8309 305.8844 303.7542 301.3554 301.9945 301.8469 300.1607 299.0861 298.2269 296.6743 295.1403 294.7177  605.581
1998 8.5301882E-10 3.1208200E-10 3.1165583E-09 1.8674905E-08 1.5961917E-10 5.3941984E-10 3.5139538E-09 1.3288617E-08 5.7915833E-10 1.8682462E-09 6.1727095E-09 1.5731111E-08 5.7552385E-09 8.9507406E-09 1.3505726E-08 1.6791894E-08  291.8745 304.8604 303.9779 300.3978 302.2274 304.4951 303.0040 300.9769 300.8804 300.7605 299.2258 298.1935 296.8929 295.1536 293.6065 293.3817  1814.84
1999 3.8082371E-10 1.8702839E-09 1.9854312E-08 4.0695376E-08 3.5707748E-10 3.4828600E-09 1.4549415E-08 2.5047074E-08 9.4839558E-10 4.8030122E-09 1.4506760E-08 2.5169271E-08 5.1667821E-09 9.7094652E-09 1.7260126E-08 2.1163961E-08  290.9295 305.7429 302.9337 298.7339 304.1860 305.8547 302.9936 300.6366 302.7081 302.2903 299.8809 298.9415 299.3496 297.5149 295.3454 294.7113  250.065
2000 4.9461429E-10 1.0668897E-09 9.8106891E-09 3.0231995E-08 6.1766114E-10 1.4974664E-09 7.5643873E-09 1.8402412E-08 1.0231171E-09 2.3065017E-09 7.5866824E-09 1.8017174E-08 3.8184296E-09 6.7382264E-09 1.2736036E-08 1.7146425E-08  291.7727 305.8402 303.9526 299.5463 303.3601 305.6780 303.6713 301.3599 301.8004 301.8742 300.3023 299.5079 298.4600 297.0669 295.3804 294.9357  135.581
2001 9.0304908E-10 1.9147983E-09 1.1677934E-08 3.7941710E-08 9.7407682E-10 2.9246692E-09 1.2276166E-08 2.7237769E-08 1.7647487E-09 5.5377307E-09 1.4789741E-08 2.5968280E-08 6.2762004E-09 1.2082939E-08 2.0110203E-08 2.2110621E-08  291.4276 305.1633 302.4672 297.7955 303.1578 304.9127 302.0925 299.4235 301.4814 301.1219 298.8106 297.6081 297.9343 296.0911 293.8908 293.7392  731
2002 6.8592310E-10 9.4042318E-10 9.3730934E-09 2.8712929E-08 3.1868128E-10 1.2016117E-09 8.8812788E-09 1.6987201E-08 6.0181971E-10 2.4701343E-09 9.2282395E-09 1.8015337E-08 3.3077399E-09 6.6422108E-09 1.2755315E-08 1.5606417E-08  291.3554 305.9652 304.2820 299.9573 303.5011 305.8130 303.6808 301.3430 301.9960 302.0270 300.1862 299.2229 298.3982 296.8802 295.1429 294.7162  110.29
2003 4.4527126E-10 3.8788103E-10 6.0841860E-09 3.1334952E-08 8.1508369E-11 4.8092774E-10 5.8795635E-09 1.8474596E-08 5.2384391E-10 1.9965523E-09 6.7760273E-09 1.8366780E-08 3.4207834E-09 6.5076775E-09 1.2473499E-08 1.9611095E-08  291.7710 305.9199 304.1764 299.2659 303.3697 305.7212 303.6248 300.7155 301.8448 301.8709 300.0039 298.4808 298.1522 296.5689 294.8577 294.0158  606.581
2004 6.0548522E-10 5.7374178E-10 7.0609008E-09 2.5492936E-08 2.2785861E-10 1.1489345E-09 6.3185426E-09 1.6042286E-08 6.0503469E-10 2.3398905E-09 7.6975768E-09 1.4573672E-08 3.5783490E-09 6.8232451E-09 1.1737415E-08 1.5540257E-08  291.8042 306.2131 304.6403 300.3469 303.5605 305.8279 303.9645 301.6401 302.0049 302.0054 300.4488 299.6427 298.6378 297.0287 295.4958 295.0626  303.903
2005 5.4572802E-10 4.1830048E-10 5.9948833E-09 2.6935934E-08 6.1470606E-11 5.1550070E-10 5.2805387E-09 1.5036466E-08 2.4697677E-10 1.2518901E-09 5.8741874E-09 1.4172724E-08 3.4995957E-09 5.9542602E-09 1.0044984E-08 1.5355518E-08  291.8242 306.2278 304.6063 300.4202 303.6197 305.9662 304.0682 301.6666 301.8522 302.0945 300.5789 299.5315 298.2677 296.9203 295.5299 294.8090  1035.1
2006 4.4443491E-10 9.7460862E-10 1.2599350E-08 3.7691990E-08 2.5043861E-10 1.9274058E-09 1.0630229E-08 2.3354843E-08 4.9049459E-10 2.9839986E-09 1.0290454E-08 2.0947017E-08 2.5593774E-09 6.0782619E-09 1.1597433E-08 1.8232333E-08  291.4422 306.1671 303.6574 299.1228 303.8665 305.9870 303.5372 301.0523 302.3011 302.3214 300.4539 299.4344 299.0983 297.6249 295.9801 295.1482  128.032
2007 5.2192894E-10 8.6270041E-10 7.5701303E-09 2.6102345E-08 2.5281188E-10 1.0253324E-09 6.9219803E-09 1.5403248E-08 6.2883471E-10 1.8104553E-09 7.3591897E-09 1.5078081E-08 3.1978138E-09 6.6509567E-09 1.0592543E-08 1.5101159E-08  291.4861 305.3893 304.2343 300.2084 302.9716 305.3375 303.8155 301.6760 301.6495 301.7693 300.3743 299.5314 298.3846 296.9194 295.4403 294.8020  287.065
2008 7.5486645E-10 1.5125561E-09 1.0969254E-08 3.2218875E-08 2.9798763E-10 1.3775912E-09 9.2682599E-09 2.0505377E-08 6.0608707E-10 2.3513402E-09 9.8684279E-09 2.0079639E-08 2.6165821E-09 5.0557700E-09 1.1335679E-08 1.6238163E-08  291.3422 305.3560 303.6062 299.4606 303.3709 305.7387 303.6625 301.3582 302.1703 302.3395 300.5897 299.6591 299.2100 297.9180 296.2584 295.4649  690.548
2009 5.3099647E-10 8.5017460E-10 1.0626620E-08 3.2873551E-08 4.5412843E-10 2.3330582E-09 9.4073096E-09 2.1809369E-08 8.4255902E-10 3.7204446E-09 9.6647774E-09 1.9036879E-08 3.5813077E-09 7.4984543E-09 1.2915448E-08 1.7688201E-08  291.6514 306.0042 303.9026 299.3038 303.4200 305.5162 303.2811 300.8081 301.7288 301.6607 299.8755 298.8112 298.2159 296.7330 295.0008 294.3929  518.613
2010 7.6479062E-10 3.0318842E-10 2.7142562E-09 1.8716836E-08 1.5324816E-10 5.5395710E-10 3.1698493E-09 9.7190256E-09 2.5370295E-10 1.0930092E-09 3.7870178E-09 1.0481370E-08 3.5280554E-09 6.7250685E-09 1.0426886E-08 1.4084256E-08  0.0000000E+00 0.0000000E+00 0.0000000E+00 0.0000000E+00 0.0000000E+00 0.0000000E+00 0.0000000E+00 0.0000000E+00 0.0000000E+00 0.0000000E+00 0.0000000E+00 0.0000000E+00 0.0000000E+00 0.0000000E+00 0.0000000E+00 0.0000000E+00  1504.65
2011 3.7821787E-10 4.8047544E-10 8.2604492E-09 2.7219119E-08 3.9489047E-11 6.5713229E-10 7.3425257E-09 1.5729045E-08 6.2322682E-11 1.5013840E-09 6.8355326E-09 1.5488098E-08 2.0694433E-09 4.2292889E-09 9.2310009E-09 1.5060454E-08  291.2777 305.7563 304.3618 300.0426 303.2811 305.7989 304.1332 301.8252 301.8614 302.1006 300.6898 299.9015 298.6326 297.3531 295.9204 295.2299  161.452
2012 7.0523659E-10 8.0953932E-10 8.2342941E-09 3.4301962E-08 4.0465370E-10 1.0371196E-09 7.3757231E-09 1.9622677E-08 8.4250723E-10 2.2890290E-09 8.5888594E-09 1.9338721E-08 3.2500242E-09 5.6964464E-09 1.1324542E-08 1.7455729E-08  291.6896 305.9648 304.1100 299.5678 303.4836 305.8327 303.7820 301.2658 302.0790 302.1258 300.3788 299.2124 298.6678 297.3054 295.5622 294.7571  190.452
2013 5.7711164E-10 8.4842383E-10 7.6987057E-09 2.4457385E-08 4.4913392E-10 1.5083882E-09 6.6601591E-09 1.6648297E-08 8.6844509E-10 2.7994065E-09 7.9924005E-09 1.6348221E-08 4.6914992E-09 7.2782091E-09 1.1882539E-08 1.5285043E-08  291.5568 305.8406 304.3036 300.0751 303.4135 305.6150 303.7234 301.4553 301.6779 301.7526 300.3145 299.5392 298.1883 296.8902 295.4689 295.0152  313.258
2014 7.0463180E-10 1.0833809E-09 7.4622601E-09 3.3336629E-08 9.6426911E-10 1.4432378E-09 7.1914830E-09 2.1629489E-08 7.7091489E-10 2.8149219E-09 7.7945401E-09 1.9100632E-08 3.6396017E-09 6.5834809E-09 1.2728118E-08 1.7072328E-08  291.9445 306.2304 304.1539 299.5009 303.8238 306.0968 303.8146 301.0802 302.1461 302.2272 300.5210 299.3256 298.5638 297.0781 295.4469 294.7473  129.806
2015 1.3067433E-09 2.0956319E-09 1.4901687E-08 3.5130043E-08 6.2418687E-10 2.4058784E-09 1.3258417E-08 2.3821720E-08 6.8850231E-10 4.2022075E-09 1.4369628E-08 2.5420013E-08 4.1609773E-09 1.0341796E-08 1.7992475E-08 2.1001036E-08  292.9571 305.9599 303.5020 299.2099 303.6470 305.4976 302.6236 300.0517 301.8241 301.4969 299.0952 297.4488 297.9100 295.9462 293.9713 293.3156  243.806
