STN,prec_1,prec_2,prec_3,prec_4,prec_5,prec_6,prec_7,prec_8,prec_9,prec_10,prec_11,prec_12,prec_13,prec_14,prec_15,prec_16,st_1,st_2,st_3,st_4,st_5,st_6,st_7,st_8,st_9,st_10,st_11,st_12,st_13,st_14,st_15,st_16,07.0
LAT,29.30136,29.30136,29.30136,29.30136,32.09194,32.09194,32.09194,32.09194,34.88252,34.88252,34.88252,34.88252,37.67308,37.67308,37.67308,37.67308,29.30136,29.30136,29.30136,29.30136,32.09194,32.09194,32.09194,32.09194,34.88252,34.88252,34.88252,34.88252,37.67308,37.67308,37.67308,37.67308,33.6194949
LON,-115.3125,-112.5000,-109.6875,-106.8750,-115.3125,-112.5000,-109.6875,-106.8750,-115.3125,-112.5000,-109.6875,-106.8750,-115.3125,-112.5000,-109.6875,-106.8750,-115.3125,-112.5000,-109.6875,-106.8750,-115.3125,-112.5000,-109.6875,-106.8750,-115.3125,-112.5000,-109.6875,-106.8750,-115.3125,-112.5000,-109.6875,-106.8750,-110.9215037
1958 5.4309681E-09 4.6030721E-09 4.2759445E-09 7.5123969E-09 6.9100068E-09 8.3297920E-09 9.5179642E-09 1.0391026E-08 1.4510519E-08 1.4667199E-08 1.4114815E-08 1.2342479E-08 2.5956785E-08 2.2650504E-08 2.0262547E-08 1.8240069E-08  289.8565 288.3812 285.0937 281.3526 284.7867 282.7159 280.1255 278.4479 277.0440 274.4864 271.8669 272.0771 268.8141 266.3458 264.8501 266.2541  146.645
1959 7.6295956E-09 7.8695974E-09 9.9969020E-09 1.4472941E-08 1.1961975E-08 1.2616668E-08 1.3837806E-08 1.4265475E-08 1.8269553E-08 1.7986753E-08 1.6818756E-08 1.3951025E-08 2.1771880E-08 1.9573333E-08 1.8497307E-08 1.7130557E-08  289.8901 288.4691 285.0496 281.0737 284.9385 282.7490 280.1089 278.1773 277.2961 274.6872 272.0712 272.0631 269.0711 266.4442 264.6522 266.0522  228.29
1960 1.2750978E-08 1.3157771E-08 1.4260849E-08 1.8471775E-08 1.5912764E-08 1.5093576E-08 1.6092169E-08 1.6838069E-08 2.2920029E-08 1.9601371E-08 1.7486709E-08 1.4611318E-08 2.7179219E-08 2.3585615E-08 2.0297627E-08 1.8055500E-08  289.8364 288.8537 285.8537 282.0868 285.3360 283.3647 281.0067 279.2243 277.9516 275.7257 273.2772 273.0917 270.0211 267.8454 266.1880 267.5245  130.774
1961 4.0338017E-09 4.0919619E-09 5.8701839E-09 9.6374801E-09 6.3999894E-09 7.4570021E-09 9.3545216E-09 1.1435274E-08 1.1882866E-08 1.2646590E-08 1.2824304E-08 1.1455716E-08 1.8649342E-08 1.7162769E-08 1.6326885E-08 1.5238836E-08  289.8766 288.9599 285.4825 281.2414 285.4729 283.3282 280.4496 278.3045 277.6804 275.0456 272.1419 272.1201 269.3031 266.6563 265.0925 266.7195  139.323
1962 5.0913913E-09 4.7366293E-09 6.1638739E-09 8.5172953E-09 8.6459115E-09 8.0290903E-09 9.1517576E-09 9.6715445E-09 1.7903663E-08 1.5212208E-08 1.3307933E-08 1.0697491E-08 2.4488370E-08 2.0187574E-08 1.8078719E-08 1.6020818E-08  289.7381 288.9212 285.3969 281.2737 285.4905 283.3134 280.5911 278.6497 277.8825 275.1926 272.4268 272.6018 269.5463 266.8892 265.4697 266.8541  182.903
1963 8.6207059E-09 9.6175929E-09 1.2013786E-08 1.7509910E-08 1.0745988E-08 1.2158777E-08 1.4619719E-08 1.6952752E-08 1.7440481E-08 1.6628036E-08 1.6752479E-08 1.5742291E-08 2.2501995E-08 1.9323330E-08 1.7535655E-08 1.7551404E-08  289.9368 288.1608 284.7261 280.7240 284.7948 282.5190 279.7739 277.6461 276.8366 274.2068 271.4747 271.3934 268.3593 265.7123 264.3805 265.7099  78.3226
1964 6.2393388E-09 6.3938930E-09 7.9128908E-09 1.0580349E-08 8.3430169E-09 9.8677777E-09 1.1497916E-08 1.1726521E-08 1.5096154E-08 1.6128899E-08 1.5459317E-08 1.2668070E-08 2.1249594E-08 1.9339996E-08 1.7599078E-08 1.6044552E-08  289.5640 288.6182 285.2426 281.5127 285.2886 283.0827 280.3971 278.6938 277.9798 275.2816 272.4062 272.4583 270.0200 267.4166 265.5357 266.6718  278.871
1965 9.0022185E-09 9.9324486E-09 1.3854104E-08 1.8085307E-08 1.2049031E-08 1.2550406E-08 1.5028315E-08 1.5762181E-08 1.9546295E-08 1.8214513E-08 1.7360181E-08 1.4178614E-08 2.5662340E-08 2.1163817E-08 1.8580220E-08 1.6324359E-08  289.9569 287.9683 284.4864 280.5051 284.6773 282.2641 279.5415 277.5417 276.9071 274.1667 271.2691 271.2279 268.7278 266.2785 264.5147 265.7662  396.645
1966 4.6872928E-09 4.9999147E-09 5.4498237E-09 7.2090733E-09 6.4938712E-09 7.6595592E-09 8.4312157E-09 8.1769924E-09 1.1990487E-08 1.1944055E-08 1.1676971E-08 9.5022257E-09 1.9598843E-08 1.6945497E-08 1.5517024E-08 1.4036941E-08  289.7828 288.9157 285.4258 281.2760 285.5674 283.3891 280.5679 278.6450 278.0996 275.4130 272.3876 272.3459 270.0603 267.3185 265.2214 266.7525  200.194
1967 5.7364540E-09 6.2862262E-09 9.2844079E-09 1.3300126E-08 1.0004793E-08 1.0956470E-08 1.3002505E-08 1.3785808E-08 2.0929065E-08 1.8581765E-08 1.6820794E-08 1.3423162E-08 2.8759796E-08 2.3600226E-08 2.0518943E-08 1.6820545E-08  289.7966 288.1171 284.6505 280.8826 284.5697 282.2478 279.5275 277.8065 276.7637 274.0688 271.3443 271.5245 268.9044 266.3807 264.6499 265.9637  376.548
1968 1.5146059E-08 1.4404621E-08 1.5484162E-08 1.6781080E-08 1.8538845E-08 1.8564547E-08 1.8363716E-08 1.6887933E-08 2.6400240E-08 2.2638961E-08 1.9763762E-08 1.5054956E-08 2.8858164E-08 2.3690736E-08 2.0159717E-08 1.6765625E-08  289.8737 288.1760 284.9412 280.8014 284.5446 282.3250 279.9937 278.0348 276.9772 274.5099 271.9481 271.9495 269.0905 266.4504 264.6997 266.2170  281.516
1969 6.7286932E-09 6.4960428E-09 7.0146031E-09 1.0605805E-08 1.0902968E-08 1.1298558E-08 1.1995031E-08 1.2400007E-08 1.8615594E-08 1.7147071E-08 1.5521193E-08 1.3273879E-08 2.3140014E-08 2.1010417E-08 1.8749295E-08 1.6664405E-08  289.8481 288.1712 284.8651 281.0153 284.7404 282.4474 279.7857 277.8091 276.8438 274.1261 271.4424 271.4386 268.1246 265.7858 264.2502 265.7516  213.129
1970 7.3328952E-09 6.8474373E-09 7.1429018E-09 1.0113745E-08 9.9883186E-09 8.6392360E-09 8.8025143E-09 9.9322000E-09 1.6185714E-08 1.4051169E-08 1.2296989E-08 1.0194576E-08 2.4391399E-08 2.0409109E-08 1.7478978E-08 1.3999687E-08  289.7458 288.6943 285.2230 281.2763 285.1862 283.0667 280.2825 278.3781 277.5254 274.8960 272.1691 272.2434 269.5561 266.8676 265.1558 266.6990  162.935
1971 6.5418657E-09 5.9260237E-09 6.7285426E-09 1.0365708E-08 7.0723796E-09 7.9935978E-09 9.6777946E-09 1.0146642E-08 9.5971870E-09 1.0851144E-08 1.1401585E-08 1.0230249E-08 1.4375788E-08 1.4125869E-08 1.4451267E-08 1.4425212E-08  289.6818 288.5914 285.2186 281.2336 285.2113 282.9892 280.2336 278.3389 277.7223 274.8992 271.9372 271.8947 269.3553 266.4167 264.5343 266.0296  122.871
1972 8.1936582E-09 8.7976604E-09 1.0446339E-08 1.4281282E-08 1.0241777E-08 1.0407828E-08 1.1858772E-08 1.3187212E-08 1.8779595E-08 1.6944766E-08 1.5256699E-08 1.2385755E-08 2.5118027E-08 2.1240842E-08 1.8517524E-08 1.5455784E-08  289.9249 287.9183 284.3457 280.1247 284.6628 282.2430 279.4885 277.3321 277.0349 274.3719 271.5307 271.3689 269.0278 266.2510 264.6199 265.8251  149.323
1973 4.2455848E-09 3.6006567E-09 4.7273945E-09 7.9873130E-09 5.4226650E-09 6.5320345E-09 8.6766025E-09 9.1988461E-09 1.3645750E-08 1.5123677E-08 1.4941431E-08 1.1245651E-08 2.1676312E-08 2.0452370E-08 1.9010994E-08 1.6520547E-08  289.5845 288.2226 284.8163 280.9805 284.7286 282.3744 279.6143 277.9607 276.8784 273.9165 271.1239 271.5184 268.6532 266.1089 264.3146 265.8781  557.452
1974 5.1702247E-09 4.9392943E-09 6.6894406E-09 9.2175201E-09 7.3092314E-09 8.4956966E-09 1.0482963E-08 1.1168842E-08 1.4658421E-08 1.4944828E-08 1.5808636E-08 1.3747544E-08 2.1366938E-08 1.9383672E-08 1.8241407E-08 1.7257475E-08  289.6982 288.1048 284.8667 281.1584 284.6612 282.4335 279.8804 278.3596 277.1359 274.3383 271.5934 271.8689 269.1894 266.4200 264.4424 266.0473  173.161
1975 5.7018199E-09 4.5174180E-09 4.8600364E-09 6.4528551E-09 1.2697929E-08 1.1189302E-08 1.0820380E-08 1.0290825E-08 2.5808482E-08 2.1683389E-08 1.8080721E-08 1.2671543E-08 3.2952311E-08 2.6611822E-08 2.2592081E-08 1.8182293E-08  289.5851 288.6259 285.2363 281.4257 285.0078 282.8469 280.1425 278.4439 277.1947 274.4999 271.7178 272.0814 269.1440 266.5344 264.9665 266.4741  324.323
1976 4.9063424E-09 4.1162083E-09 5.1238476E-09 9.0794199E-09 7.1648536E-09 7.1019115E-09 8.9596561E-09 9.9086872E-09 1.5601168E-08 1.4580164E-08 1.4190736E-08 1.1205727E-08 2.2271323E-08 1.9730319E-08 1.7691839E-08 1.5473779E-08  289.7545 288.1152 284.6135 280.6818 284.5969 282.2594 279.5528 277.7956 276.7989 273.8839 271.2442 271.3488 268.8625 266.0837 264.3084 265.8052  297.065
1977 5.2357354E-09 5.6953469E-09 6.9958852E-09 1.0583610E-08 7.9156663E-09 9.1798329E-09 1.0909327E-08 1.2311054E-08 1.5605455E-08 1.6314436E-08 1.5987416E-08 1.3716246E-08 2.4158073E-08 2.1834003E-08 2.0175735E-08 1.8206903E-08  289.7613 288.1236 284.6853 280.8304 284.8353 282.5267 279.7779 278.0053 277.2338 274.5341 271.8144 271.9026 269.0528 266.4138 264.8690 266.1621  225.065
1978 7.8289464E-09 9.9956763E-09 1.2287201E-08 1.4798520E-08 1.0920928E-08 1.3083357E-08 1.4563101E-08 1.4243700E-08 1.7117713E-08 1.9045448E-08 1.7751614E-08 1.3651382E-08 2.0804935E-08 2.0078316E-08 1.8628715E-08 1.7166219E-08  289.8323 288.3865 285.0014 281.1231 285.1297 282.6854 280.0451 278.2708 277.5342 274.6066 272.0002 272.1296 269.4782 266.8108 265.2008 266.6092  190.839
1979 8.2637390E-09 9.8484465E-09 1.0702759E-08 1.3578987E-08 1.1389588E-08 1.3434507E-08 1.4575599E-08 1.4705938E-08 1.8708421E-08 1.9198858E-08 1.7652063E-08 1.3960374E-08 2.5394552E-08 2.2909898E-08 2.0324480E-08 1.7438129E-08  289.9164 288.2799 284.8537 280.7891 284.8735 282.6293 279.9664 278.0730 277.3643 274.7316 271.9615 272.1497 269.5373 267.1427 265.3329 266.6135  403.355
1980 7.1768622E-09 7.3341995E-09 8.3463156E-09 1.2049540E-08 1.0692196E-08 1.1704506E-08 1.4055521E-08 1.5083716E-08 1.7381458E-08 1.7047002E-08 1.7364881E-08 1.4892967E-08 2.2716618E-08 2.0316362E-08 1.8435061E-08 1.6076269E-08  289.9353 288.6102 285.2527 281.3317 285.1171 282.7821 279.9746 278.0019 277.2870 274.3226 271.2475 271.2661 268.7304 266.0447 264.0896 265.5779  369.355
1981 7.2828752E-09 5.5261400E-09 6.2175127E-09 9.6264214E-09 1.0462609E-08 1.0764165E-08 1.1619965E-08 1.2066224E-08 1.9448500E-08 1.9176021E-08 1.7209160E-08 1.3258505E-08 2.4764839E-08 2.2252271E-08 1.9724075E-08 1.7601884E-08  289.9073 287.9195 284.5840 280.8768 284.4877 282.1812 279.5951 278.0552 276.7132 273.9209 271.3577 271.6878 268.4381 265.8249 264.2986 265.8731  269.29
1982 8.5896703E-09 9.8263904E-09 1.2366423E-08 1.4909284E-08 1.2781458E-08 1.3781645E-08 1.5841220E-08 1.6360259E-08 2.1142561E-08 1.8911052E-08 1.7487322E-08 1.4395091E-08 2.4735071E-08 2.0548065E-08 1.8151969E-08 1.6795479E-08  289.9153 287.6954 284.2634 280.1584 284.4621 281.9489 279.5103 277.4955 276.8582 274.2292 271.4984 271.4547 269.0392 266.4809 264.7722 265.9632  202.323
1983 4.9465925E-09 6.3483752E-09 9.7516404E-09 1.5273519E-08 6.1465948E-09 7.9994749E-09 1.1621650E-08 1.4125405E-08 1.3665576E-08 1.5184693E-08 1.5913994E-08 1.4453286E-08 2.1566208E-08 1.9991107E-08 1.9017326E-08 1.7436323E-08  290.0432 288.6062 285.3046 281.4035 285.0724 282.8884 280.2592 278.4244 277.3194 274.6223 271.7937 271.7585 269.2476 266.5233 264.7487 265.9604  445.613
1984 6.0356813E-09 4.3198796E-09 5.6169136E-09 1.0117321E-08 9.6498765E-09 9.3795158E-09 9.4118562E-09 1.0458572E-08 1.8178923E-08 1.8962343E-08 1.6828222E-08 1.3551558E-08 2.4445050E-08 2.3176781E-08 2.1441824E-08 1.8874092E-08  289.8625 288.5675 285.3155 281.4578 285.1051 282.8107 280.3154 278.5059 277.4634 274.6848 272.0807 272.2985 269.3844 266.6095 264.8344 266.4553  328.742
1985 6.3671073E-09 7.6058919E-09 1.2262621E-08 1.6181204E-08 9.9298791E-09 1.2123769E-08 1.4544141E-08 1.5753651E-08 1.8930402E-08 1.9307123E-08 1.8136879E-08 1.4344459E-08 2.6169113E-08 2.3578645E-08 2.0987127E-08 1.7806034E-08  289.8074 288.6686 285.4994 281.7969 285.0464 282.9255 280.4962 278.8304 277.4426 274.8373 272.1744 272.4945 269.2738 266.7213 265.0315 266.5585  322.742
1986 9.6978932E-09 9.3975299E-09 1.1991812E-08 1.5690674E-08 1.5055909E-08 1.3483907E-08 1.4068028E-08 1.3927798E-08 2.2747709E-08 2.0436088E-08 1.7316399E-08 1.3584675E-08 2.5187800E-08 2.2625578E-08 2.0363737E-08 1.7812281E-08  290.0528 288.4246 284.9020 280.8010 285.0912 282.7313 280.1060 278.1801 277.5103 274.9536 272.1472 272.1393 269.6022 267.0085 265.4233 266.6357  393.452
1987 6.9623698E-09 8.4440810E-09 1.3660465E-08 2.0210614E-08 7.9532345E-09 9.9125099E-09 1.4498445E-08 1.7698927E-08 1.5213153E-08 1.6076516E-08 1.6736431E-08 1.4971993E-08 2.1610523E-08 1.9790356E-08 1.8615323E-08 1.7206466E-08  290.2009 287.7603 284.4305 280.5648 284.4575 282.0917 279.3258 277.2738 276.8772 274.0229 271.2014 271.0479 268.6592 266.1611 264.5441 265.6980  221.968
1988 7.8697919E-09 8.2664195E-09 8.3998950E-09 1.1753440E-08 1.0966311E-08 1.1605954E-08 1.1669142E-08 1.2911308E-08 1.6138321E-08 1.6739577E-08 1.5167181E-08 1.2642316E-08 1.9681506E-08 1.9125103E-08 1.8264148E-08 1.6706293E-08  289.6769 288.7433 285.6291 281.8783 285.3249 283.2214 280.8460 279.1361 278.0771 275.4858 272.8472 272.9505 270.1683 267.2225 265.3758 266.9206  313.29
1989 7.4984658E-09 6.6265962E-09 8.2726030E-09 1.1627260E-08 1.0717952E-08 1.0273395E-08 1.1524238E-08 1.3121322E-08 1.9304695E-08 1.8005739E-08 1.6209160E-08 1.2656641E-08 2.4410289E-08 2.1649907E-08 1.9460472E-08 1.6565487E-08  289.7806 288.7280 285.4643 281.6668 285.4321 283.2552 280.6893 278.8682 278.0204 275.4496 272.6488 272.6645 269.7988 267.0046 265.4883 266.9219  140.613
1990 9.0282475E-09 1.0964575E-08 1.3567561E-08 1.5945547E-08 1.1798361E-08 1.4153215E-08 1.6913612E-08 1.6933003E-08 1.7054045E-08 1.7894385E-08 1.7339618E-08 1.4338383E-08 2.0731147E-08 1.8187945E-08 1.6967329E-08 1.5376752E-08  290.0763 288.1180 284.5971 280.4793 284.9987 282.5185 279.7187 277.6486 277.4716 274.7369 271.9147 271.6393 269.3422 266.7333 264.9932 266.1001  483.71
1991 4.1262784E-09 3.6859729E-09 4.8454400E-09 8.4761353E-09 7.0903936E-09 7.3020590E-09 8.6201979E-09 8.9707131E-09 1.5163403E-08 1.4485170E-08 1.3395773E-08 1.0027283E-08 2.3227678E-08 2.0596939E-08 1.7903979E-08 1.5284543E-08  290.0226 288.0251 284.2953 280.1920 284.6270 282.1219 279.2276 277.4201 276.6330 273.7579 271.0300 271.3400 268.5628 265.8950 264.3206 265.7876  218.968
1992 9.4823456E-09 9.8441690E-09 1.1822224E-08 1.4979596E-08 1.3379282E-08 1.3148784E-08 1.4305919E-08 1.4835712E-08 2.1923986E-08 1.8268130E-08 1.6617644E-08 1.3330535E-08 2.6178476E-08 2.1088590E-08 1.8566826E-08 1.6036740E-08  290.2056 288.5619 285.0093 280.7772 285.3786 282.9550 280.1350 277.8530 277.9619 275.1476 272.1107 271.7675 269.9892 267.2947 265.4764 266.5039  278.613
1993 1.2935602E-08 1.2641393E-08 1.5366059E-08 1.9341096E-08 1.8781870E-08 1.7430731E-08 1.8198563E-08 1.8278980E-08 2.9813226E-08 2.4428660E-08 2.0578986E-08 1.5688146E-08 3.4023451E-08 2.6565246E-08 2.2200259E-08 1.8397779E-08  290.3531 287.9588 284.2813 280.0661 284.5494 282.2421 279.5464 277.5800 277.2882 274.6402 271.7605 271.7343 269.7271 267.4131 265.6773 266.7521  294.387
1994 6.9647323E-09 7.9976346E-09 1.0191448E-08 1.4717198E-08 1.2801281E-08 1.2506884E-08 1.3293631E-08 1.4052087E-08 2.1776621E-08 1.8934074E-08 1.6082202E-08 1.2368639E-08 2.4716838E-08 2.1204505E-08 1.8184105E-08 1.6132676E-08  289.9342 287.9919 284.4670 280.3958 284.7020 282.3457 279.7800 277.8364 277.1017 274.5016 271.6836 271.6299 269.2601 266.5928 264.8065 266.0858  147.806
1995 7.0281567E-09 6.5903683E-09 7.6186950E-09 1.0763378E-08 1.0233617E-08 9.9847171E-09 9.9273025E-09 1.1093306E-08 1.8560462E-08 1.8379279E-08 1.5290967E-08 1.2049986E-08 2.2851070E-08 2.0819833E-08 1.8967949E-08 1.7408313E-08  289.9710 288.5961 285.2448 281.3178 285.1831 282.8870 280.2180 278.4215 277.6636 274.8575 272.1378 272.2521 269.8868 267.2139 265.2724 266.5188  220.613
1996 5.6644387E-09 4.4436810E-09 5.5096017E-09 8.8759737E-09 8.6386160E-09 9.6628714E-09 1.1334207E-08 1.1561622E-08 1.5388569E-08 1.6455864E-08 1.6173562E-08 1.3538155E-08 2.0122890E-08 1.9520684E-08 1.7977381E-08 1.7379042E-08  290.0382 288.3644 284.8215 280.7512 284.7248 282.3782 279.5469 277.5228 276.7005 273.7768 271.0711 271.0132 268.4387 265.7339 263.9247 265.3923  245
1997 8.8029219E-09 8.3373566E-09 1.0722676E-08 1.6160570E-08 1.3628016E-08 1.2592683E-08 1.4285832E-08 1.4891027E-08 2.3261043E-08 1.7920522E-08 1.5775070E-08 1.3414308E-08 2.7801203E-08 2.0380401E-08 1.7369473E-08 1.5557132E-08  290.3392 287.9812 284.2812 279.9317 284.8349 282.4341 279.6803 277.5444 277.4713 274.8829 272.0288 271.8511 269.9926 267.4626 265.5965 266.5644  132.129
1998 1.0719541E-08 8.7309990E-09 8.0867224E-09 9.9066382E-09 1.2222189E-08 1.1134476E-08 1.0890882E-08 1.1154685E-08 1.6093628E-08 1.5437784E-08 1.4077659E-08 1.1114880E-08 2.2430735E-08 2.0733829E-08 1.9326627E-08 1.6072033E-08  289.9340 289.5594 286.7120 283.1274 285.9497 284.2350 282.0153 280.4109 278.6789 276.4033 273.8750 274.0271 270.5448 267.8495 266.0975 267.6959  252.71
1999 4.5083635E-09 4.8866640E-09 7.6657241E-09 9.4550847E-09 7.1061677E-09 7.2554251E-09 9.4574650E-09 1.0529080E-08 1.4884268E-08 1.4819701E-08 1.3187119E-08 9.9743671E-09 2.2843587E-08 2.0678325E-08 1.8309443E-08 1.5302033E-08  289.6469 289.4247 286.2870 282.6447 286.1892 284.2161 281.6300 280.0336 278.8703 276.4018 273.6683 273.7555 270.4796 267.8151 266.0913 267.6997  416.452
2000 1.0290193E-08 1.0868498E-08 1.2133308E-08 1.5559371E-08 1.0113759E-08 1.1836782E-08 1.3696933E-08 1.4467200E-08 1.2819553E-08 1.3665959E-08 1.3990152E-08 1.1965544E-08 1.7478515E-08 1.6282696E-08 1.6090118E-08 1.4782269E-08  290.0458 288.9086 285.5840 281.6092 285.7662 283.4728 280.7295 278.7345 278.3622 275.5976 272.6022 272.4805 270.1618 267.3017 265.3714 266.7755  128.258
2001 6.6601502E-09 7.4626412E-09 1.0273872E-08 1.4121685E-08 6.1925616E-09 7.4748225E-09 1.0620075E-08 1.3265995E-08 9.3586392E-09 1.0494596E-08 1.1441579E-08 1.1789313E-08 1.3947531E-08 1.4291919E-08 1.4713548E-08 1.4822631E-08  290.0879 288.6174 285.3494 281.2986 285.3618 283.1743 280.4536 278.3875 277.9864 275.3698 272.4755 272.1859 269.7699 266.9406 265.2328 266.5392  168.871
2002 7.9919227E-09 1.0780663E-08 1.2283954E-08 1.6170102E-08 1.1840499E-08 1.1840872E-08 1.2660342E-08 1.4969858E-08 1.7086121E-08 1.6986839E-08 1.5043517E-08 1.2108305E-08 1.9227670E-08 1.8837600E-08 1.7449020E-08 1.5492423E-08  290.0892 288.3836 285.0423 281.1201 284.8932 282.5688 279.8689 277.9255 277.1492 274.2494 271.4985 271.4764 268.5789 266.0326 264.5729 265.8056  254.935
2003 9.3296224E-09 8.3929077E-09 8.2757579E-09 1.0013305E-08 1.1047689E-08 1.1880997E-08 1.1720220E-08 1.0757571E-08 1.5909530E-08 1.7145462E-08 1.5800701E-08 1.2579907E-08 2.1005231E-08 2.0620766E-08 1.9204789E-08 1.7376067E-08  289.6854 288.5953 285.4485 281.6169 285.1671 283.0622 280.5956 278.7669 277.5609 274.9215 272.2919 272.4386 269.2625 266.6772 265.0583 266.5527  188.968
2004 9.3716146E-09 8.1229281E-09 8.2541050E-09 1.1877828E-08 1.4593349E-08 1.3920292E-08 1.4292922E-08 1.5162632E-08 2.2979343E-08 2.0675754E-08 1.9467684E-08 1.5678415E-08 2.8954188E-08 2.4735822E-08 2.2004205E-08 1.8791933E-08  290.1775 288.4529 284.8910 280.9851 285.0883 282.7835 279.9760 278.1489 277.6890 275.0036 272.1244 272.1523 269.9854 267.3932 265.4689 266.7325  189.032
2005 1.3236475E-08 1.3295877E-08 1.3090235E-08 1.6784739E-08 2.1874188E-08 1.8989400E-08 1.7282654E-08 1.5981824E-08 3.3135702E-08 2.8615098E-08 2.2097721E-08 1.5440945E-08 3.4394201E-08 2.9646648E-08 2.4251047E-08 1.9826640E-08  290.1832 288.2680 285.0974 281.5053 284.8230 282.6743 280.3152 278.7410 277.4920 274.8888 272.4286 272.6627 269.5845 267.1287 265.6388 266.7238  146.355
2006 7.1038269E-09 8.1527354E-09 9.4808774E-09 1.2401019E-08 8.9671790E-09 1.1622220E-08 1.2963046E-08 1.2708609E-08 1.5133820E-08 1.6236807E-08 1.5585169E-08 1.3378088E-08 1.9958616E-08 1.8643854E-08 1.7615976E-08 1.6381657E-08  289.9643 288.6887 285.6617 281.9410 285.4999 283.3139 280.9388 279.1528 278.1157 275.5958 272.9607 272.8315 270.1279 267.3535 265.7068 267.0149  481.355
2007 8.2150411E-09 7.7373743E-09 9.1945251E-09 1.2596627E-08 9.7518633E-09 9.1705799E-09 1.0334041E-08 1.2531615E-08 1.4585523E-08 1.3726024E-08 1.2930747E-08 1.1634866E-08 1.9712092E-08 1.7926959E-08 1.6934244E-08 1.5533081E-08  289.8226 288.8503 285.7152 281.7904 285.4846 283.3284 280.8091 278.8031 278.0321 275.3954 272.6494 272.4297 269.9661 266.9613 264.9505 266.4739  242.29
2008 3.3340686E-09 4.0903587E-09 4.9720716E-09 6.7507897E-09 5.3739808E-09 6.6928689E-09 8.0642950E-09 8.5643341E-09 1.2113194E-08 1.2934530E-08 1.2101024E-08 1.0006737E-08 1.7428547E-08 1.7372120E-08 1.6531196E-08 1.5612379E-08  289.5266 289.4842 286.3628 282.5561 286.0324 283.9850 281.3370 279.5689 278.5706 275.9580 273.0557 273.0852 270.3106 267.3491 265.6296 267.1828  371.355
2009 5.3796683E-09 5.4043641E-09 7.6561593E-09 1.0885745E-08 9.4689225E-09 1.0075651E-08 1.1546262E-08 1.1917006E-08 1.7372145E-08 1.6085325E-08 1.4532965E-08 1.1191848E-08 2.5874655E-08 2.2333849E-08 1.9086579E-08 1.5588862E-08  0.0000000E+00 0.0000000E+00 0.0000000E+00 0.0000000E+00 0.0000000E+00 0.0000000E+00 0.0000000E+00 0.0000000E+00 0.0000000E+00 0.0000000E+00 0.0000000E+00 0.0000000E+00 0.0000000E+00 0.0000000E+00 0.0000000E+00 0.0000000E+00  147.548
2010 6.4899184E-09 6.3146288E-09 7.8756779E-09 1.0494814E-08 8.4263325E-09 9.3644568E-09 1.1228040E-08 1.0985340E-08 1.5099081E-08 1.5358802E-08 1.5022097E-08 1.2239453E-08 2.2019872E-08 2.0140806E-08 1.8922785E-08 1.6836180E-08  289.6620 289.2894 286.0245 282.1451 285.7332 283.7459 281.1413 279.3426 278.2646 275.7551 273.1718 273.0565 270.3172 267.4943 265.7327 267.0199  366.645
2011 4.5641357E-09 3.6760883E-09 5.1753477E-09 9.3155679E-09 5.0375806E-09 4.8717466E-09 6.8887926E-09 8.9701881E-09 9.8869970E-09 1.0882588E-08 1.1288777E-08 1.0435863E-08 1.6537479E-08 1.6358607E-08 1.5523991E-08 1.4551383E-08  289.7783 289.0126 285.7959 281.9131 285.4758 283.4078 280.8068 278.9221 277.7677 275.1326 272.4903 272.4722 269.6682 266.7211 264.7565 266.3918  126.677
2012 2.9031102E-09 3.5867453E-09 6.2698327E-09 9.9817035E-09 3.8738879E-09 4.9183244E-09 7.8162250E-09 1.0212842E-08 8.7370395E-09 1.0148677E-08 1.1588531E-08 1.1105578E-08 1.6623780E-08 1.6186478E-08 1.6071718E-08 1.5355722E-08  290.1036 288.8572 285.2759 281.1686 285.4456 283.1938 280.2548 278.1755 277.7190 274.9172 271.9097 271.7599 269.4969 266.7612 264.7742 266.0722  138.097
2013 6.8731940E-09 5.5614442E-09 6.6576851E-09 1.0663841E-08 9.3699413E-09 8.2022602E-09 8.9635108E-09 1.0636342E-08 1.4743053E-08 1.3729774E-08 1.2675143E-08 1.0766832E-08 2.2829973E-08 1.9272774E-08 1.7089649E-08 1.5148734E-08  289.9804 288.8125 285.5061 281.6877 285.1333 283.0746 280.5981 278.9197 277.1516 274.7157 272.1726 272.5045 268.8476 266.2278 264.6268 266.4968  340.452
2014 6.2474079E-09 6.0741678E-09 8.3676186E-09 1.3026273E-08 9.6438315E-09 9.2945980E-09 1.1185012E-08 1.2307337E-08 1.5699060E-08 1.4953816E-08 1.4507344E-08 1.1965628E-08 2.0611147E-08 1.8260833E-08 1.7247414E-08 1.6122391E-08  290.1660 288.3342 284.8336 280.6980 285.1034 282.8093 280.0203 278.0389 277.5615 274.7658 271.9542 271.9179 269.6269 267.0179 265.0605 266.2650  167.032
2015 1.3199799E-08 1.2908716E-08 1.4399178E-08 1.7878410E-08 2.3662910E-08 2.0044668E-08 1.9979288E-08 1.8022247E-08 3.8050533E-08 2.8338407E-08 2.3267855E-08 1.6756124E-08 3.9219369E-08 2.9701189E-08 2.4019428E-08 1.9328748E-08  290.5482 287.6195 283.7555 279.7045 284.5042 281.8855 279.0690 277.1907 277.1882 274.4716 271.5536 271.4402 269.9525 267.5686 265.5465 266.3020  386
