STN,prec_1,prec_2,prec_3,prec_4,prec_5,prec_6,prec_7,prec_8,prec_9,prec_10,prec_11,prec_12,prec_13,prec_14,prec_15,prec_16,st_1,st_2,st_3,st_4,st_5,st_6,st_7,st_8,st_9,st_10,st_11,st_12,st_13,st_14,st_15,st_16,06.0
LAT,29.30136,29.30136,29.30136,29.30136,32.09194,32.09194,32.09194,32.09194,34.88252,34.88252,34.88252,34.88252,37.67308,37.67308,37.67308,37.67308,29.30136,29.30136,29.30136,29.30136,32.09194,32.09194,32.09194,32.09194,34.88252,34.88252,34.88252,34.88252,37.67308,37.67308,37.67308,37.67308,33.6194949
LON,-115.3125,-112.5000,-109.6875,-106.8750,-115.3125,-112.5000,-109.6875,-106.8750,-115.3125,-112.5000,-109.6875,-106.8750,-115.3125,-112.5000,-109.6875,-106.8750,-115.3125,-112.5000,-109.6875,-106.8750,-115.3125,-112.5000,-109.6875,-106.8750,-115.3125,-112.5000,-109.6875,-106.8750,-115.3125,-112.5000,-109.6875,-106.8750,-110.9215037
1958 8.6101998E-10 6.4988535E-09 4.3757215E-08 4.4497721E-08 2.2800410E-09 7.8056965E-09 2.7827495E-08 2.7160034E-08 2.2607631E-09 9.0614058E-09 2.4491266E-08 2.7377167E-08 5.2330797E-09 1.1233494E-08 1.9572093E-08 1.9530463E-08  294.9783 305.5791 300.1978 295.5789 304.1801 304.0027 299.7020 297.2161 300.5139 299.0652 295.4197 294.6296 296.0353 293.9396 291.0546 291.1044  407.167
1959 6.1007982E-10 3.0622354E-09 2.8671556E-08 3.7208167E-08 6.8811551E-10 4.6807047E-09 2.0666592E-08 2.4240583E-08 1.8198966E-09 7.2389570E-09 1.8096255E-08 2.5822601E-08 4.6131103E-09 9.4122852E-09 1.6162842E-08 1.7068196E-08  294.8866 306.4991 301.6735 296.3260 304.6375 305.0148 300.7090 297.8691 300.8012 299.6063 296.2235 294.9224 296.0876 294.2468 291.6049 291.4930  78.6667
1960 6.5186129E-10 5.1216626E-09 2.3959565E-08 3.4769226E-08 1.8299543E-09 5.8120579E-09 1.9660783E-08 2.4151495E-08 3.2711598E-09 7.8554407E-09 1.8691534E-08 2.3061714E-08 6.0967213E-09 9.3039567E-09 1.5751755E-08 1.5826283E-08  294.9234 306.2509 301.5880 296.2621 304.2580 304.6976 300.6920 297.7881 300.4956 299.3773 296.0888 294.8970 295.9468 293.9751 291.2910 291.2201  284.633
1961 7.5395029E-10 4.1157526E-09 2.4341654E-08 3.7241911E-08 2.0734883E-09 4.7223034E-09 1.9450821E-08 2.4319801E-08 2.1279785E-09 6.6796062E-09 1.7427853E-08 2.5027115E-08 4.7595097E-09 8.5763077E-09 1.4402810E-08 1.7417177E-08  294.7510 305.6597 301.4759 296.3286 303.6331 304.3128 300.4954 297.8627 300.1808 299.2075 296.0371 294.9516 295.6183 293.7841 291.3523 291.1783  108.433
1962 9.9436737E-10 5.5581912E-09 3.4925062E-08 3.8828485E-08 1.0841867E-09 5.9841119E-09 2.2291916E-08 2.3828912E-08 2.0306186E-09 7.9201801E-09 1.9248137E-08 2.4938313E-08 3.9440922E-09 9.3107380E-09 1.7837472E-08 1.8356639E-08  294.8515 305.4145 300.5210 295.7294 303.5799 303.9220 299.9555 297.2791 299.9209 298.9086 295.6778 294.5558 295.6021 293.7142 290.9603 291.1124  310.1
1963 8.4051627E-10 6.7115580E-09 4.3593406E-08 4.8218137E-08 2.1127022E-09 8.2638696E-09 2.9392325E-08 3.1615507E-08 3.1001908E-09 1.1052751E-08 2.2026528E-08 3.0088870E-08 5.8145533E-09 1.1124770E-08 1.7531207E-08 1.9513422E-08  294.9421 305.5572 300.0580 295.1310 304.2855 304.0417 299.4500 296.5646 300.6191 299.0062 295.3740 294.0158 295.9520 293.8582 291.0630 290.8131  104.5
1964 9.7914388E-10 4.0932520E-09 3.2239434E-08 3.0921324E-08 1.4125118E-09 6.5866081E-09 2.1487237E-08 2.2011172E-08 2.3037303E-09 9.8441379E-09 2.1871736E-08 2.6647994E-08 4.8603992E-09 1.0448653E-08 1.8958225E-08 1.7714745E-08  294.7084 305.9560 301.1426 296.1944 304.0358 304.2623 300.2305 297.5639 300.2426 298.8939 295.5586 294.4681 295.6165 293.6299 290.8462 290.8319  137.867
1965 1.0979327E-09 6.2108025E-09 3.0061614E-08 3.9693624E-08 2.6041169E-09 8.0495139E-09 2.2941780E-08 2.6670220E-08 3.4710190E-09 1.0449254E-08 2.1238606E-08 2.7641994E-08 6.9132358E-09 1.1805019E-08 1.7956136E-08 1.8008192E-08  295.1768 305.7751 300.8032 295.5221 304.1100 304.0020 299.7802 296.7108 300.5348 298.9374 295.3549 293.9507 295.9329 293.6221 290.6833 290.5613  556.5
1966 1.1405498E-09 8.1283398E-09 3.6386407E-08 4.4328072E-08 2.9587306E-09 8.3157570E-09 2.6043688E-08 2.7861029E-08 2.9394700E-09 1.0117697E-08 2.1922368E-08 2.6423333E-08 5.5369167E-09 1.1412021E-08 1.9988667E-08 2.1490770E-08  294.7507 305.0768 300.0376 295.1304 303.7005 303.4390 299.1810 296.4888 299.9197 298.3866 294.9218 293.9039 295.2705 293.1042 290.3008 290.2047  268.2
1967 7.1045897E-10 5.0048432E-09 3.4447140E-08 4.3828454E-08 1.3592041E-09 5.3460836E-09 2.5102592E-08 2.7351106E-08 1.9753907E-09 8.6886347E-09 2.1122652E-08 2.7042523E-08 5.6440932E-09 1.0445910E-08 1.6447732E-08 1.7011377E-08  294.7436 305.6545 300.7583 295.6340 303.8592 304.0817 299.9461 297.3191 300.2305 298.9875 295.6563 294.6362 295.6990 293.7189 291.1018 291.0794  128.533
1968 6.0829536E-10 5.1226978E-09 3.9524675E-08 3.9769446E-08 1.1773367E-09 6.0688148E-09 2.6204095E-08 2.6421022E-08 2.2654940E-09 8.4576941E-09 1.9875200E-08 2.5149463E-08 4.3454520E-09 1.0575976E-08 1.7116541E-08 1.9527995E-08  294.7868 305.4819 300.5900 295.6628 303.6740 303.7247 299.6772 297.0582 299.7289 298.4729 295.3976 294.4611 295.0661 293.0458 290.4558 290.4482  458
1969 8.3766905E-10 3.6818120E-09 3.3127669E-08 3.7444035E-08 1.2150996E-09 5.7119038E-09 2.2324812E-08 2.4229770E-08 1.8589696E-09 8.3425249E-09 2.0534651E-08 2.4004198E-08 3.9337498E-09 9.4001233E-09 1.6384941E-08 1.7164048E-08  294.7505 305.7912 300.8923 296.2746 303.7396 304.2188 300.0836 297.6769 300.2877 299.1700 295.8564 294.9481 296.0671 294.0540 291.3238 291.2652  312.267
1970 5.6792782E-10 5.5051026E-09 3.2961140E-08 3.2847534E-08 1.6747985E-09 7.2995663E-09 2.0150267E-08 2.2064118E-08 2.4217057E-09 1.0272016E-08 1.8779271E-08 2.3089612E-08 6.0417853E-09 1.1449075E-08 1.8298804E-08 1.7851812E-08  294.8355 305.9360 301.1165 296.1281 304.3028 304.3177 300.3075 297.5770 300.4505 298.9900 295.7294 294.8014 295.7670 293.6172 290.8388 290.9631  204.767
1971 1.0287255E-09 4.0453862E-09 2.7807882E-08 4.1255472E-08 1.9136295E-09 7.0214847E-09 1.9685464E-08 2.5541533E-08 2.9865435E-09 8.3474960E-09 1.7562916E-08 2.4402697E-08 5.4221454E-09 9.0081391E-09 1.4128973E-08 1.5106071E-08  294.6813 305.9420 301.1697 295.6335 303.6351 304.1088 300.2065 296.9944 299.9529 298.8983 295.7841 294.3540 295.3563 293.5112 290.9985 290.8047  100.133
1972 6.5066685E-10 2.9856904E-09 2.7137038E-08 3.4364049E-08 6.2128486E-10 4.1543067E-09 1.8882728E-08 2.1651744E-08 1.9646222E-09 6.4519949E-09 1.5679365E-08 2.0586617E-08 4.0102957E-09 7.9443865E-09 1.3141068E-08 1.4465139E-08  294.9482 306.1792 301.3743 296.1643 304.0072 304.4117 300.2923 297.5317 300.0856 299.0093 295.7777 294.6859 295.4363 293.5625 291.0639 290.9535  189.933
1973 9.7636321E-10 5.0145625E-09 2.7977114E-08 3.3488369E-08 2.7276998E-09 6.1931082E-09 2.0415182E-08 2.4713517E-08 3.1637515E-09 9.4844230E-09 1.9327882E-08 2.2943951E-08 5.8672054E-09 1.0037549E-08 1.6040586E-08 1.7114422E-08  294.4950 305.3629 300.9846 296.0858 303.2904 303.5801 299.7324 297.1316 299.5954 298.3351 295.2874 294.4389 294.9087 293.0131 290.5403 290.6857  1329
1974 6.2292199E-10 3.9128145E-09 2.8004528E-08 3.4965840E-08 1.5834402E-09 6.1853807E-09 2.0782991E-08 2.4999451E-08 2.3451079E-09 9.4944284E-09 1.9977056E-08 2.5402230E-08 5.1911777E-09 1.0823904E-08 1.6882854E-08 1.6690406E-08  294.5623 305.6345 301.0087 296.0099 303.7174 303.8804 299.7895 297.1233 299.9658 298.6030 295.3154 294.1960 295.2102 293.1980 290.6487 290.7132  121.333
1975 6.7538020E-10 3.2429692E-09 2.4540817E-08 4.0359481E-08 9.7238062E-10 4.8527680E-09 1.8588143E-08 2.4134334E-08 1.9357076E-09 7.6113587E-09 1.6305989E-08 2.0872511E-08 4.8865756E-09 9.3383763E-09 1.5058381E-08 1.5743835E-08  294.5599 305.7114 301.3016 295.9955 303.4433 303.9773 300.2067 297.4428 299.9726 298.8701 295.8824 294.9122 295.4671 293.5758 291.1869 291.1254  476.9
1976 8.1786078E-10 4.7466053E-09 2.8763134E-08 3.6982573E-08 1.6046817E-09 5.1692290E-09 2.1032744E-08 2.4636050E-08 3.3224214E-09 8.3322949E-09 2.0561972E-08 2.4711404E-08 5.3904201E-09 9.2367154E-09 1.7265501E-08 1.8197326E-08  294.8072 305.3535 300.5548 295.4517 303.3884 303.6225 299.4892 296.8288 299.4248 298.2859 294.9781 294.0591 294.7615 292.9194 290.2266 290.2611  239.633
1977 6.4909822E-10 2.2072730E-09 2.3490868E-08 3.4077249E-08 5.2168536E-10 3.2209690E-09 1.5293534E-08 1.9403808E-08 1.1951825E-09 5.3079168E-09 1.4873154E-08 2.0017877E-08 3.0032510E-09 6.6295716E-09 1.3295391E-08 1.5060319E-08  294.8561 305.8857 301.5781 296.1633 303.3351 304.2096 300.6722 297.8869 299.7652 299.0736 296.1875 295.1800 295.3472 293.6440 291.1771 291.0565  141.767
1978 6.8193651E-10 4.8311319E-09 2.2110198E-08 3.7825984E-08 1.4095081E-09 5.1855187E-09 1.8573621E-08 2.5165624E-08 3.0189939E-09 8.9126502E-09 1.6641279E-08 2.3406198E-08 5.3781322E-09 1.0270824E-08 1.5939806E-08 1.5564684E-08  294.8934 306.0341 301.6065 296.0946 303.7776 304.3262 300.4804 297.6528 300.0618 299.0125 295.9962 294.8035 295.4235 293.5281 291.0343 290.9383  320.267
1979 1.5009702E-09 5.9532934E-09 3.2428016E-08 4.3584794E-08 2.4407862E-09 6.9091022E-09 2.1002716E-08 2.7310554E-08 3.7323313E-09 8.7179206E-09 1.7423130E-08 2.4310520E-08 6.4274324E-09 1.0609301E-08 1.5447021E-08 1.6456189E-08  294.9188 305.4644 300.6543 295.3654 303.6220 303.8003 299.7457 296.8617 299.9599 298.7805 295.6025 294.4722 295.3508 293.3967 290.8205 290.7906  1280.57
1980 1.1605829E-09 3.9419339E-09 2.0295371E-08 3.9518461E-08 1.9809434E-09 4.7919642E-09 1.6528295E-08 2.3836424E-08 3.1887313E-09 8.0592804E-09 1.6678722E-08 2.3457133E-08 5.1861466E-09 8.8653334E-09 1.5605201E-08 1.7120916E-08  294.9274 305.5962 301.4552 295.9136 303.2315 303.8537 300.2700 297.3047 299.7131 298.6296 295.7290 294.4750 295.2195 293.2761 290.8124 290.4966  879.433
1981 6.1875105E-10 2.1929740E-09 2.1493998E-08 3.7118696E-08 1.0229280E-09 4.5171715E-09 1.6695971E-08 2.2767964E-08 1.9915924E-09 8.6563707E-09 1.6098701E-08 2.0629219E-08 4.7384199E-09 9.4358823E-09 1.6182861E-08 1.5416614E-08  295.0316 306.1244 301.6223 295.9567 303.8143 304.4405 300.7221 297.7793 300.1723 299.0916 296.1318 295.0861 295.6803 293.6776 291.0685 291.1726  203.033
1982 1.4704109E-09 3.5210979E-09 2.4483686E-08 4.0612200E-08 2.0485893E-09 4.8374953E-09 1.9401917E-08 2.6264917E-08 1.8717057E-09 8.0399962E-09 1.6938818E-08 2.4619961E-08 5.1343783E-09 1.0232333E-08 1.5306572E-08 1.6015445E-08  294.8165 305.6425 301.3677 295.7868 303.4158 303.9367 300.0792 297.1896 299.9678 298.7382 295.6172 294.4157 295.2560 293.2368 290.6851 290.6380  388.133
1983 9.7823927E-10 4.7688160E-09 2.6826141E-08 3.5944986E-08 1.2781698E-09 4.8047712E-09 2.0144387E-08 2.0606670E-08 2.3580435E-09 7.4958377E-09 1.6395836E-08 2.1263688E-08 4.6041846E-09 9.6243769E-09 1.4452284E-08 1.5777877E-08  295.0554 305.7468 301.2205 296.1654 303.6050 304.1553 300.3162 297.6203 300.1051 299.0950 296.0021 294.8728 295.5428 293.6416 291.1807 291.0087  1189.53
1984 8.0617768E-10 3.5027654E-09 1.9590221E-08 3.2970185E-08 1.3728391E-09 4.2442654E-09 1.7672853E-08 2.2169159E-08 2.1100350E-09 6.7825439E-09 1.4489641E-08 2.1644764E-08 4.3926280E-09 7.4992013E-09 1.2293908E-08 1.3326857E-08  295.0607 305.9996 301.9248 296.2502 303.4325 304.1368 300.3583 297.3954 299.9851 298.9930 295.9088 294.4956 295.5378 293.7948 291.2227 291.0918  190.033
1985 7.7760298E-10 5.0750337E-09 2.6640162E-08 3.3327350E-08 1.7070098E-09 8.1706064E-09 1.9860108E-08 2.2762810E-08 3.6162031E-09 1.1047493E-08 2.0183624E-08 2.3039568E-08 5.5144178E-09 1.2005207E-08 1.8759767E-08 1.6638898E-08  294.9385 305.5318 301.1497 296.0425 303.4330 303.6401 299.8237 297.1850 299.8003 298.4120 295.1968 294.2516 295.3855 293.1740 290.3048 290.5642  648.5
1986 1.5680587E-09 4.4662194E-09 2.5291483E-08 4.0124458E-08 2.8424592E-09 5.4240830E-09 2.0385020E-08 2.7413328E-08 3.0798053E-09 8.1818063E-09 1.6984329E-08 2.4138087E-08 4.7428053E-09 1.0252586E-08 1.6227569E-08 1.5797360E-08  295.3029 305.3657 301.1195 295.8178 302.6733 303.4118 299.8023 297.0166 299.1419 298.2158 295.3557 294.3449 294.6122 292.7690 290.3552 290.4860  270.033
1987 1.2378681E-09 5.0383506E-09 2.8400407E-08 4.4605191E-08 1.8998869E-09 6.8158887E-09 2.2640499E-08 2.9369147E-08 3.3042129E-09 1.0222955E-08 1.9715959E-08 2.4106503E-08 7.2827193E-09 1.3513080E-08 1.8520375E-08 1.7465759E-08  295.4048 305.9168 300.8519 295.5264 304.0117 304.0547 299.6694 296.8362 300.0969 298.7644 295.4630 294.3580 295.2762 293.1374 290.4299 290.5495  399.533
1988 7.4088147E-10 3.5737364E-09 2.4297037E-08 3.9641403E-08 1.3921621E-09 4.5288306E-09 1.9532282E-08 2.7140056E-08 1.8149787E-09 8.0604723E-09 1.7909651E-08 2.4102533E-08 4.3697286E-09 9.6826076E-09 1.6136005E-08 1.5754619E-08  295.0008 305.9410 301.2621 295.6376 303.6218 304.2620 300.1450 296.9089 300.2428 299.1004 295.8400 294.5390 295.8965 293.7998 291.0370 290.8903  321.7
1989 1.0805778E-09 3.9466164E-09 2.4583299E-08 3.7283193E-08 1.6265642E-09 4.9063620E-09 1.8659799E-08 2.4407569E-08 2.3169913E-09 8.7926448E-09 1.7893909E-08 2.3138091E-08 6.1978525E-09 1.0553902E-08 1.5582907E-08 1.6397092E-08  295.0703 305.7252 301.3276 295.9799 303.3021 303.8685 300.0308 297.0718 299.8025 298.5616 295.4763 294.4097 295.3314 293.2808 290.7199 290.7262  117.867
1990 1.5342468E-09 4.8447690E-09 2.7092899E-08 3.7273722E-08 1.9859445E-09 5.5446989E-09 1.9624657E-08 2.5641873E-08 2.5092510E-09 8.0536946E-09 1.8904670E-08 2.5321027E-08 5.6029061E-09 1.0758406E-08 1.6704899E-08 1.7756763E-08  295.1555 305.5880 301.0352 295.7854 303.4898 303.9088 299.9655 297.2440 299.7997 298.5923 295.5098 294.4614 295.2971 293.2677 290.7445 290.6134  113.067
1991 5.2971322E-10 4.0512691E-09 2.4598524E-08 3.2312709E-08 1.1237742E-09 4.4699635E-09 1.9260900E-08 2.1268555E-08 2.3737226E-09 7.4327162E-09 1.7381174E-08 2.1444466E-08 5.5943215E-09 9.7018305E-09 1.5647636E-08 1.5154084E-08  295.0524 306.2300 301.7590 296.6960 304.1043 304.6266 300.5977 297.9675 300.2378 299.2256 296.1115 295.1866 295.5533 293.6626 291.2433 291.3196  557.5
1992 1.4316779E-09 5.9569847E-09 3.5392151E-08 3.7894420E-08 2.2013631E-09 6.6595298E-09 2.4114470E-08 2.7873236E-08 3.0980318E-09 8.7589074E-09 2.0280329E-08 2.4672216E-08 6.1508518E-09 1.2109007E-08 1.7362096E-08 1.6960673E-08  295.3218 305.5069 300.3432 295.4957 303.6928 303.6620 299.3168 296.5329 299.9460 298.4623 294.9007 293.8492 295.3388 293.0710 290.3320 290.4078  811.4
1993 2.0857407E-09 7.2647031E-09 2.7804344E-08 4.0195811E-08 3.0272231E-09 8.6086995E-09 1.9397794E-08 2.7015858E-08 3.8144621E-09 1.0190582E-08 1.8659570E-08 2.3990845E-08 8.6404714E-09 1.3290999E-08 1.9015134E-08 1.8407102E-08  295.5716 305.2982 300.4375 295.1775 303.1826 303.3166 299.3814 296.6122 299.3718 298.1635 295.0302 293.9333 294.6140 292.6920 290.0920 290.2575  717.767
1994 1.2987117E-09 6.0060681E-09 3.1001257E-08 3.9321787E-08 2.4492772E-09 6.9825710E-09 1.9872122E-08 2.5887889E-08 3.4781940E-09 9.9494537E-09 2.0323588E-08 2.4073755E-08 6.2671823E-09 1.1300686E-08 1.8756133E-08 1.7070901E-08  294.9323 305.9589 300.8716 295.6929 304.0067 304.1617 299.9512 296.9294 300.0684 298.7697 295.4842 294.1879 295.3375 293.2623 290.5553 290.5728  227
1995 8.6436186E-10 4.5817736E-09 2.3474710E-08 3.8412438E-08 1.3985697E-09 5.1772440E-09 1.8167624E-08 2.3117618E-08 2.6454978E-09 8.5834495E-09 1.7634788E-08 2.2117389E-08 5.2425495E-09 9.9250945E-09 1.5258383E-08 1.6117564E-08  295.1061 306.0979 301.5396 296.1559 303.8154 304.1882 300.2421 297.4444 300.0806 298.9188 295.8057 294.7150 295.5945 293.6097 291.0907 291.0310  476.533
1996 7.9125867E-10 2.9906337E-09 2.3018794E-08 3.6764590E-08 9.3262575E-10 3.5364063E-09 1.8288061E-08 2.2533968E-08 1.9167963E-09 7.8815345E-09 2.0063018E-08 2.2589658E-08 4.5830877E-09 1.0532972E-08 1.7257184E-08 1.7287977E-08  295.4439 306.0097 301.6823 296.2925 303.7736 304.3536 300.5403 297.7981 300.1984 299.0485 295.9177 295.0444 295.4485 293.4692 290.9315 291.0016  115.833
1997 1.8935253E-09 4.2933901E-09 2.0162410E-08 3.5242948E-08 1.9316930E-09 4.3478874E-09 1.5908009E-08 2.3581720E-08 3.3559555E-09 7.1812649E-09 1.5499692E-08 2.1514104E-08 6.3103669E-09 9.6203951E-09 1.4167780E-08 1.5060245E-08  295.4592 305.6171 301.4388 295.9776 303.4039 303.8994 300.1005 297.2364 299.7696 298.6298 295.5830 294.4575 295.2046 293.2511 290.7979 290.7191  200
1998 9.4869446E-10 4.7800959E-09 2.9731291E-08 3.5803239E-08 1.6121641E-09 7.1218400E-09 2.4039466E-08 2.3441846E-08 2.5800473E-09 1.0590107E-08 2.2508958E-08 2.6599826E-08 5.8394463E-09 1.1678795E-08 1.8820582E-08 1.8224613E-08  295.2765 305.9433 301.4383 296.3060 303.7552 304.1302 300.2065 297.5406 300.0956 298.8160 295.4276 294.5211 295.8370 293.6594 290.8302 290.9940  454.833
1999 1.0671470E-09 2.9239362E-09 2.5192698E-08 3.5154986E-08 1.5105668E-09 4.5257020E-09 1.6972329E-08 2.4365113E-08 1.9457509E-09 6.3034582E-09 1.4046238E-08 2.1524079E-08 4.0708357E-09 7.0492603E-09 1.3158290E-08 1.3551403E-08  294.9818 305.5034 301.4350 296.5891 303.0224 303.8568 300.4233 297.7595 299.7897 298.8863 295.9182 294.9356 295.6349 293.8284 291.1562 291.4218  145.8
2000 5.3678978E-10 2.4974147E-09 1.7941590E-08 3.2832762E-08 8.5426510E-10 3.4451297E-09 1.2242073E-08 1.9450928E-08 1.2666527E-09 5.3165059E-09 1.0946803E-08 1.7140545E-08 3.7335495E-09 7.3885240E-09 1.1854153E-08 1.2529279E-08  295.2126 306.1555 302.0394 296.5581 303.4498 304.4083 300.9765 298.1054 300.0673 299.1968 296.4892 295.1780 295.6965 293.8139 291.4099 291.3358  165.333
2001 5.7986516E-10 5.0609765E-09 2.6707486E-08 3.5934757E-08 1.7105284E-09 7.6280822E-09 1.9987004E-08 2.7293265E-08 3.7363259E-09 9.9811368E-09 1.6664565E-08 2.3563276E-08 7.4699562E-09 1.0584347E-08 1.6011938E-08 1.5296253E-08  295.1390 305.8165 301.0795 295.6073 303.9599 303.9156 299.7853 296.7776 300.3242 298.8392 295.5066 294.1877 295.7196 293.5784 290.8142 290.8752  193.167
2002 9.9024700E-10 4.7769881E-09 2.4104265E-08 3.5845826E-08 1.3774065E-09 6.5909016E-09 1.7965869E-08 2.4651847E-08 2.8702047E-09 9.0208099E-09 1.7546066E-08 2.2504237E-08 5.7931939E-09 1.0396989E-08 1.5876092E-08 1.6604030E-08  295.1451 306.0983 301.3777 295.9732 304.1773 304.2474 300.2297 297.2859 300.6255 299.2371 295.8809 294.8077 296.2163 294.0522 291.3252 291.2500  74.5667
2003 1.0547332E-09 3.2145502E-09 2.0131999E-08 3.9742449E-08 1.3268947E-09 5.2266964E-09 1.6361318E-08 2.4174998E-08 2.2649411E-09 7.4156854E-09 1.5041721E-08 2.1279114E-08 4.7845967E-09 7.5713364E-09 1.3542008E-08 1.4142282E-08  294.4313 306.2132 302.0125 296.3075 303.6609 304.4160 300.7155 297.7136 300.2471 299.2411 296.2377 295.1000 295.8769 294.0039 291.4471 291.3537  187.567
2004 9.4780217E-10 3.6384109E-09 2.3246137E-08 3.8007816E-08 1.5049928E-09 5.9507421E-09 1.7267549E-08 2.4816050E-08 3.5000207E-09 9.3197583E-09 1.6450985E-08 2.2374071E-08 6.3758909E-09 1.0782705E-08 1.5964737E-08 1.5576994E-08  295.0183 306.3168 301.5305 295.8641 303.9860 304.4687 300.3772 297.2585 300.3593 299.1481 295.8398 294.5928 295.8664 293.7715 291.0394 291.0464  104.9
2005 1.0132212E-09 4.2408059E-09 2.5252000E-08 3.4146076E-08 1.7049597E-09 4.0418353E-09 1.7962979E-08 2.2532197E-08 2.0314375E-09 5.9832912E-09 1.5401433E-08 2.2849507E-08 3.8628003E-09 8.6996446E-09 1.4854799E-08 1.5527332E-08  295.0298 306.2972 301.8015 296.4732 304.1276 304.7813 300.7439 297.8126 300.6541 299.5997 296.4093 295.0539 296.2029 294.2499 291.6635 291.4044  296.433
2006 9.5368036E-10 1.7997714E-09 2.2793975E-08 3.2691158E-08 4.3290310E-10 3.7872310E-09 1.6042975E-08 2.1966455E-08 1.4597579E-09 6.6639907E-09 1.4174909E-08 2.0085146E-08 3.6638705E-09 8.1420541E-09 1.3843155E-08 1.3622196E-08  294.9233 305.9678 301.5623 296.5196 303.7378 304.3480 300.6008 297.9067 300.2440 299.1176 296.1086 295.0992 295.7402 293.7583 291.2091 291.2630  84.2
2007 8.5295176E-10 2.4343509E-09 2.7088333E-08 3.3742179E-08 9.0203367E-10 3.8029193E-09 1.8766441E-08 2.2434989E-08 1.2588703E-09 5.4615890E-09 1.4812295E-08 2.1588829E-08 3.7490939E-09 7.0419812E-09 1.3786899E-08 1.3273193E-08  294.9965 306.2156 301.6888 296.5121 304.0644 304.5675 300.6093 297.8848 300.7244 299.5681 296.2869 295.0958 296.4933 294.4466 291.7258 291.7586  122.133
2008 5.3861021E-10 1.4400149E-09 1.5563542E-08 3.3296637E-08 6.3707817E-10 2.3437678E-09 1.2644320E-08 2.0730607E-08 1.2393008E-09 4.3759929E-09 1.0864821E-08 1.9616923E-08 2.8463416E-09 4.9634865E-09 9.2285726E-09 1.2733754E-08  294.7484 306.1593 302.3296 296.9265 303.5099 304.7275 301.2718 298.4072 300.1734 299.5797 296.8946 295.6689 295.9994 294.4561 292.2625 292.0461  312.1
2009 6.8388756E-10 2.4863780E-09 2.5312120E-08 3.8822339E-08 5.3556720E-10 3.3775134E-09 2.0327372E-08 2.6353263E-08 1.4438318E-09 5.9262151E-09 1.6675690E-08 2.2820448E-08 3.1030389E-09 7.9951468E-09 1.3718748E-08 1.3959010E-08  295.0837 306.3582 301.6461 296.2873 304.0277 304.6326 300.4952 297.6602 300.4202 299.4029 296.1509 294.9969 295.9055 293.8620 291.2390 291.3034  190.767
2010 8.1083090E-10 1.5780145E-09 1.6113741E-08 3.2107934E-08 8.1936524E-10 3.1682093E-09 1.2491728E-08 1.9400218E-08 1.1160332E-09 5.7029639E-09 1.4179454E-08 2.0209960E-08 3.4927237E-09 7.0157546E-09 1.4288656E-08 1.5661957E-08  294.8480 306.4590 302.7846 297.3641 303.6786 304.8586 301.4507 298.6502 300.4790 299.6732 296.8263 295.8958 296.3983 294.5108 291.7975 291.8064  350.1
2011 6.2058403E-10 3.0555640E-09 2.1578710E-08 3.2263006E-08 9.8770525E-10 3.6133110E-09 1.4930709E-08 2.1005764E-08 1.6558728E-09 5.8027703E-09 1.3907515E-08 1.9834271E-08 3.4939802E-09 6.9421948E-09 1.3737615E-08 1.4112258E-08  294.8934 306.0415 301.9653 296.7760 303.8883 304.6940 300.9565 298.3718 300.6549 299.6335 296.5865 295.5375 296.3514 294.3625 291.7535 291.6415  97.4
2012 6.4813854E-10 4.6432427E-09 2.7781635E-08 3.2663635E-08 1.7071421E-09 6.5954855E-09 1.8614408E-08 2.1813435E-08 3.1487528E-09 9.0165111E-09 1.6857022E-08 2.2219135E-08 5.2282227E-09 1.0071686E-08 1.5182705E-08 1.5323451E-08  295.1677 305.9104 300.9369 295.9586 304.1927 304.1107 300.1249 297.3376 300.3876 298.8996 295.6497 294.4451 295.7534 293.4717 290.7497 290.6903  88.3333
2013 7.8679624E-10 2.0182829E-09 2.5163077E-08 3.8039179E-08 7.4696166E-10 3.3046679E-09 1.8641229E-08 2.3898286E-08 1.3922136E-09 5.6213949E-09 1.5739365E-08 2.1549175E-08 4.0383838E-09 7.0676336E-09 1.3939794E-08 1.5045003E-08  295.0494 305.9303 301.5009 296.0953 303.6323 304.1966 300.3712 297.4659 300.1593 299.0551 296.0064 294.8777 295.6690 293.7813 291.1790 291.0935  105.2
2014 9.4177766E-10 4.2118424E-09 2.6187124E-08 3.5057443E-08 1.7990772E-09 7.1004749E-09 2.1330385E-08 2.3434662E-08 2.5244888E-09 8.8562579E-09 1.9535618E-08 2.3410903E-08 5.7913137E-09 1.0427962E-08 1.6066988E-08 1.7400932E-08  295.2256 306.2136 301.2403 295.9259 304.2398 304.2335 300.1242 297.2594 300.5388 299.0867 295.6753 294.6543 295.9146 293.7385 290.9726 290.9820  87.3
2015 1.2429416E-09 5.3353553E-09 2.7871058E-08 4.0627306E-08 2.4103914E-09 7.1342381E-09 2.2354950E-08 2.8960299E-08 3.2680842E-09 9.4081729E-09 1.8705292E-08 2.5534971E-08 7.1153647E-09 1.1812319E-08 1.6825053E-08 1.6107400E-08  295.5168 305.9936 301.0101 295.6106 304.0099 303.9640 299.5874 296.5742 300.2792 298.8645 295.4622 294.1193 295.6638 293.5405 290.8871 290.8649  148.967
