STN,prec_1,prec_2,prec_3,prec_4,prec_5,prec_6,prec_7,prec_8,prec_9,prec_10,prec_11,prec_12,prec_13,prec_14,prec_15,prec_16,st_1,st_2,st_3,st_4,st_5,st_6,st_7,st_8,st_9,st_10,st_11,st_12,st_13,st_14,st_15,st_16,12.0
LAT,29.30136,29.30136,29.30136,29.30136,32.09194,32.09194,32.09194,32.09194,34.88252,34.88252,34.88252,34.88252,37.67308,37.67308,37.67308,37.67308,29.30136,29.30136,29.30136,29.30136,32.09194,32.09194,32.09194,32.09194,34.88252,34.88252,34.88252,34.88252,37.67308,37.67308,37.67308,37.67308,33.6194949
LON,-115.3125,-112.5000,-109.6875,-106.8750,-115.3125,-112.5000,-109.6875,-106.8750,-115.3125,-112.5000,-109.6875,-106.8750,-115.3125,-112.5000,-109.6875,-106.8750,-115.3125,-112.5000,-109.6875,-106.8750,-115.3125,-112.5000,-109.6875,-106.8750,-115.3125,-112.5000,-109.6875,-106.8750,-115.3125,-112.5000,-109.6875,-106.8750,-110.9215037
1958 4.6177787E-10 6.8111233E-10 1.0028523E-08 3.1694992E-08 2.0371652E-10 7.3003992E-10 8.2103533E-09 1.9342723E-08 5.6247079E-10 2.0464370E-09 9.3955963E-09 1.9006869E-08 2.5264517E-09 4.3613730E-09 1.0576544E-08 1.6422870E-08  291.5370 306.1533 304.3922 299.8968 303.7337 306.0919 303.9059 301.3334 302.1959 302.2198 300.3821 299.2933 298.5794 297.1999 295.7436 294.9125  206.129
1959 4.6854820E-10 8.6832436E-10 1.0384803E-08 3.5296154E-08 1.9220928E-10 1.6731030E-09 1.0220616E-08 2.0518844E-08 2.8652622E-10 2.8546225E-09 9.3594839E-09 1.9067748E-08 1.3351227E-09 4.7311750E-09 1.2129538E-08 1.7258788E-08  291.6336 305.9426 303.8586 299.3540 303.7686 305.9841 303.7443 301.2388 302.2424 302.2922 300.4851 299.4771 298.7410 297.3298 295.6278 294.9646  2674.9
1960 2.7481672E-10 7.5146989E-10 1.0781481E-08 3.6646508E-08 4.5313107E-11 1.1930815E-09 9.2667527E-09 2.2110688E-08 1.0941661E-10 2.0024964E-09 7.9330027E-09 1.8123808E-08 1.3598246E-09 4.4917741E-09 1.0261609E-08 1.5694614E-08  291.4797 306.0371 303.9546 299.4385 303.7529 306.0501 303.8528 301.2077 302.1027 302.2466 300.5791 299.6005 298.7054 297.4288 295.9705 295.2668  177.677
1961 6.1492106E-10 1.1416608E-09 1.3734459E-08 3.9981536E-08 4.3960632E-10 2.0846584E-09 1.0259863E-08 2.1130299E-08 6.7006778E-10 3.2782279E-09 9.1655190E-09 1.8151921E-08 2.1735069E-09 5.6758993E-09 1.1380301E-08 1.5737776E-08  291.4503 305.9033 303.2641 298.7971 303.6843 305.7433 303.3535 300.9950 301.9011 301.9851 300.4011 299.5679 298.4549 297.2484 295.7716 295.2004  562.226
1962 4.9380361E-10 1.7063490E-09 1.8873154E-08 3.7248473E-08 4.7410942E-10 3.1197651E-09 1.5038697E-08 2.2280576E-08 9.7839936E-10 4.4900426E-09 1.5820030E-08 2.4884681E-08 3.9929060E-09 7.7440188E-09 1.5339776E-08 1.8853829E-08  291.4501 305.7181 303.2210 299.0299 303.8777 305.6617 302.9160 300.6368 302.1351 301.7814 299.5309 298.5408 298.6119 297.0048 295.0393 294.3747  216.323
1963 3.5253467E-10 5.4094684E-10 8.2106810E-09 3.1681878E-08 2.1583664E-11 8.1345819E-10 7.6803008E-09 1.7927396E-08 2.5244776E-10 1.8718802E-09 8.4660892E-09 1.8337179E-08 2.0743456E-09 6.0597118E-09 1.1514405E-08 1.6151324E-08  291.5155 306.1432 304.2873 299.7545 303.5729 305.8685 303.9453 301.5184 302.1257 302.1468 300.4314 299.4264 298.6557 297.0204 295.4243 294.6891  202.71
1964 4.4041815E-10 9.1264585E-10 1.1379078E-08 3.1879903E-08 2.1400923E-10 1.6247202E-09 1.1252637E-08 1.8697019E-08 3.8757697E-10 2.8905704E-09 1.2153557E-08 1.9984199E-08 2.1729549E-09 5.2422693E-09 1.3447287E-08 1.7049755E-08  291.5206 305.7643 303.6095 299.2895 303.6720 305.6902 303.3526 301.2066 301.9402 301.8432 299.8793 299.0187 298.2770 296.9014 295.1787 294.6071  207.806
1965 5.8600302E-10 1.4828681E-09 1.1227619E-08 3.2866083E-08 4.3217921E-10 1.9507478E-09 9.6376560E-09 2.1050177E-08 5.0000448E-10 2.7103413E-09 1.0243654E-08 2.0553387E-08 2.4223270E-09 6.5172068E-09 1.3147936E-08 1.7434816E-08  291.5984 305.8965 303.8498 299.4130 303.3616 305.5067 303.3393 300.8659 301.7752 301.6538 299.7470 298.5447 298.1633 296.4270 294.8494 294.2091  6326.55
1966 4.0236400E-10 9.8549779E-10 1.2691718E-08 3.4710691E-08 2.4770422E-10 1.7782624E-09 1.0873162E-08 2.2660350E-08 5.6301414E-10 2.6958031E-09 1.0999770E-08 2.2692166E-08 2.9071434E-09 5.9643255E-09 1.3490179E-08 1.9200735E-08  291.4248 306.1648 303.6411 299.0333 304.0837 306.1958 303.5540 300.8409 302.4545 302.4489 300.2799 298.8543 299.0071 297.5385 295.6070 294.7233  444.613
1967 4.0834086E-10 1.5000508E-09 1.5519365E-08 3.9318746E-08 3.9727854E-10 1.7872916E-09 1.4640699E-08 2.5003745E-08 4.4810994E-10 3.7075558E-09 1.3312352E-08 2.5991728E-08 2.9673703E-09 7.7355740E-09 1.5345162E-08 2.1479678E-08  291.5918 306.1302 303.4255 299.0011 304.3464 306.2539 303.3207 300.7508 302.6888 302.4978 300.2212 298.7726 299.0174 297.3930 295.5132 294.6303  1167.48
1968 3.0549357E-10 7.4723905E-10 6.5655130E-09 2.6119276E-08 1.1421930E-10 9.0545199E-10 6.0999001E-09 1.5695708E-08 3.6012096E-10 1.5699799E-09 7.6652853E-09 1.4636247E-08 1.5828082E-09 4.3056807E-09 9.3103489E-09 1.6211276E-08  291.3648 306.1243 304.6772 300.3166 303.5014 305.7900 303.9800 301.6355 301.7904 301.9371 300.3139 299.4688 298.0099 296.5507 295.2346 294.4508  224.323
1969 4.5526163E-10 1.0259134E-09 9.2546886E-09 3.1133986E-08 4.7814669E-10 8.9781810E-10 7.4423121E-09 1.6415386E-08 4.9415999E-10 1.6208062E-09 6.0890297E-09 1.4484634E-08 2.1231978E-09 3.4311196E-09 8.2956459E-09 1.5606577E-08  291.4949 305.6761 304.0031 299.8434 303.2538 305.6404 303.7878 301.5274 301.5557 301.8831 300.4448 299.6186 297.9867 296.9475 295.7007 294.9124  261.194
1970 3.2396094E-10 8.8099739E-10 1.1263423E-08 2.7918267E-08 1.5410966E-10 1.2854898E-09 9.1498604E-09 1.8983680E-08 7.0150458E-10 2.3875617E-09 8.7444763E-09 1.8584387E-08 3.3642442E-09 6.9856996E-09 1.2192633E-08 1.6393932E-08  291.4381 305.6795 303.6379 299.3981 303.4627 305.5361 303.3030 300.9365 301.7780 301.7518 299.9701 298.9282 298.0284 296.4270 294.9002 294.2374  184.484
1971 6.7910233E-10 1.0052601E-09 8.3515621E-09 3.0943770E-08 2.1062969E-10 1.4511581E-09 7.6646236E-09 1.8357232E-08 3.7186398E-10 2.9854370E-09 8.8557570E-09 1.8869088E-08 2.2604441E-09 4.7297273E-09 1.1238437E-08 1.6725453E-08  291.2766 305.7740 303.7541 298.9733 303.3021 305.4688 303.2593 300.7840 301.5793 301.5542 299.8589 298.8302 298.0692 296.7520 295.1263 294.3850  1574.55
1972 4.6758991E-10 1.0820709E-09 1.0246453E-08 3.8021618E-08 7.4099490E-11 7.9254692E-10 7.4953652E-09 2.2296691E-08 1.0327347E-10 1.8503136E-09 7.0795414E-09 1.7863636E-08 1.7950356E-09 4.4799613E-09 1.0311357E-08 1.5723701E-08  291.4222 305.8966 303.8452 299.1628 303.2691 305.7465 303.6821 300.9925 301.7744 302.0253 300.5048 299.3754 298.5248 297.1541 295.7205 295.0004  1417.9
1973 4.3667150E-10 1.3599676E-09 1.6780508E-08 5.1292652E-08 1.4746507E-10 1.8435901E-09 1.2095428E-08 3.0528454E-08 2.9745462E-10 3.2612359E-09 1.2124772E-08 2.6250202E-08 3.5424452E-09 7.6441058E-09 1.5286835E-08 2.1145404E-08  291.1834 305.2132 302.0806 297.5588 303.4190 305.4443 302.4071 299.5895 302.0027 301.8216 299.5515 298.1786 298.4446 296.9751 295.0277 294.2033  229
1974 5.3418076E-10 1.6029525E-09 1.6319772E-08 2.9870201E-08 2.8477615E-10 1.8538517E-09 1.1446102E-08 1.7514694E-08 5.5709010E-10 3.1395677E-09 1.1767012E-08 1.8790972E-08 2.3267570E-09 6.7100610E-09 1.3914021E-08 1.8891399E-08  291.3976 305.9177 303.8498 299.5370 303.5103 305.4794 303.2103 301.0142 301.7442 301.5198 299.5762 298.8040 298.1724 296.6069 294.7400 294.1376  224.677
1975 4.3589377E-10 1.0609031E-09 1.3410792E-08 3.7445755E-08 5.0031301E-10 1.8288401E-09 1.2335618E-08 2.1686512E-08 7.8808166E-10 3.3896754E-09 1.2642655E-08 2.1925789E-08 3.3888157E-09 7.0538717E-09 1.6089764E-08 1.9677044E-08  291.3830 305.6664 303.0882 298.6915 303.8672 305.7441 303.0323 300.5648 302.2443 302.0461 299.7982 298.6863 298.6595 297.1616 295.0209 294.2659  207.323
1976 5.5553473E-10 3.7406378E-10 8.5403693E-09 3.0725499E-08 4.4484152E-11 7.2108652E-10 6.4756547E-09 1.7790196E-08 3.9806147E-10 2.4017419E-09 7.8709030E-09 1.7713401E-08 2.2527520E-09 5.4522831E-09 1.1899869E-08 1.6452967E-08  291.5931 305.7866 303.9444 299.4903 303.3300 305.5383 303.3151 300.6735 301.7268 301.6501 299.8083 298.5795 297.9881 296.4150 294.7883 294.2298  168.129
1977 3.6359576E-10 5.7403010E-10 6.7626025E-09 2.9774053E-08 7.8166112E-11 6.2221389E-10 6.0807133E-09 1.7131789E-08 2.9670585E-10 1.1152747E-09 5.9880474E-09 1.5532839E-08 1.8638091E-09 3.9398378E-09 9.6310613E-09 1.4804159E-08  291.3880 305.6700 303.9837 299.4247 303.1179 305.4902 303.7415 301.3699 301.5246 301.7909 300.3650 299.5749 298.1840 296.8169 295.4385 294.8332  161.484
1978 4.0560352E-10 1.1174108E-09 9.2778780E-09 3.9150724E-08 2.9707820E-10 1.8242059E-09 8.9716794E-09 2.3944320E-08 7.1401035E-10 3.2579823E-09 1.0605413E-08 2.1412694E-08 2.6427456E-09 6.9468924E-09 1.4181621E-08 1.7588473E-08  291.4304 306.1152 303.9101 299.0063 303.6273 305.9302 303.5765 300.8490 301.8821 301.8276 299.8904 298.8169 298.1909 296.5047 294.8670 294.4021  5942.58
1979 4.3285017E-10 1.0268572E-09 1.0537408E-08 3.6189007E-08 1.2625431E-10 1.2433080E-09 8.5301659E-09 2.0796170E-08 3.1875988E-10 1.8230355E-09 7.9560820E-09 1.6897232E-08 1.9408448E-09 4.6499906E-09 1.0065473E-08 1.5192114E-08  291.4901 306.0344 303.8693 299.2484 303.5483 305.9209 303.8154 301.2340 301.9638 302.2051 300.6759 299.7574 298.6501 297.3593 295.9649 295.3467  254.323
1980 7.0654566E-10 1.1226502E-09 1.1545702E-08 3.1643445E-08 2.0340286E-10 1.8784636E-09 9.8998498E-09 1.8150399E-08 4.7040205E-10 2.4861708E-09 1.0361379E-08 2.0186674E-08 3.0516973E-09 6.4052208E-09 1.1461804E-08 1.4879913E-08  291.5680 305.4388 303.4608 299.3232 303.3339 305.3377 303.1724 301.0266 301.7169 301.6731 299.8431 298.9223 298.1197 296.6860 295.2557 294.7393  300.065
1981 6.1778949E-10 8.7935975E-10 1.0444857E-08 2.7948788E-08 1.4909955E-10 1.0890031E-09 9.8267066E-09 1.6676305E-08 2.5132246E-10 1.4000001E-09 8.6668930E-09 1.7018108E-08 3.0801774E-09 4.3231889E-09 9.2179739E-09 1.5291349E-08  291.4693 305.5807 303.9127 299.9120 303.2911 305.4891 303.3161 301.1287 301.8272 301.7939 299.9283 299.0581 298.2679 296.9459 295.3753 294.6046  244.226
1982 3.4259501E-10 3.3717817E-10 7.4071735E-09 3.1652995E-08 9.3279162E-11 9.2465685E-10 6.0636083E-09 1.7642552E-08 5.6524158E-10 2.1351698E-09 6.1672440E-09 1.5887764E-08 3.0840372E-09 5.7922223E-09 1.1542471E-08 1.5422938E-08  291.4259 306.0024 304.2940 299.8557 303.2211 305.6653 303.7162 301.1370 301.6414 301.7662 300.2012 299.0731 298.0171 296.4492 294.9352 294.4682  1841.65
1983 4.7812099E-10 7.2235140E-10 1.0252776E-08 3.3109700E-08 2.0125220E-10 9.7434794E-10 9.3853041E-09 1.7307027E-08 4.2738477E-10 2.1445454E-09 9.2723473E-09 1.6685794E-08 1.7173222E-09 5.2998987E-09 1.0981058E-08 1.4367989E-08  291.4385 305.5300 303.3562 299.0657 303.2626 305.5162 303.3195 301.1885 301.6101 301.7976 300.1154 299.3877 298.5004 297.1391 295.5723 295.0707  1626.52
1984 5.2039228E-10 8.6902324E-10 8.5941627E-09 3.0503060E-08 2.0285644E-10 1.0650029E-09 7.3360278E-09 1.6942815E-08 2.7310629E-10 1.9003774E-09 8.9443031E-09 1.9190230E-08 2.7460056E-09 5.9786518E-09 1.3324790E-08 1.8030212E-08  291.3916 305.4908 303.3519 298.9772 303.2372 305.4031 303.2694 300.9971 301.7280 301.7404 300.0298 299.0629 298.1035 296.5408 294.8791 294.3582  4145.71
1985 3.9809098E-10 3.7348111E-10 7.6020479E-09 3.6832628E-08 8.9877578E-11 8.5591217E-10 6.6413608E-09 2.0830484E-08 1.7654368E-10 1.6191182E-09 6.6018120E-09 1.7018117E-08 1.7078735E-09 4.3242814E-09 1.0032600E-08 1.5384028E-08  291.5297 305.7809 303.5559 298.7295 303.2416 305.4951 303.2879 300.4947 301.4147 301.5349 299.9342 298.8913 297.7930 296.4877 294.9878 294.4315  579.903
1986 5.7286914E-10 6.4416678E-10 6.7691008E-09 2.7185560E-08 8.3188761E-11 5.8042460E-10 7.7768796E-09 1.6979127E-08 5.0664195E-10 2.1964088E-09 8.2523961E-09 1.7598779E-08 2.6940270E-09 6.2624106E-09 1.1697448E-08 1.5527613E-08  291.6185 305.5712 304.3892 299.9644 302.9154 305.2190 303.3318 300.8512 301.2930 301.3022 299.6485 298.3705 297.4980 295.9857 294.5425 293.9610  1090.32
1987 5.4497801E-10 6.6670186E-10 6.4575483E-09 2.7528280E-08 1.2002593E-10 7.4881085E-10 5.5092095E-09 1.8676882E-08 2.3189914E-10 1.6212809E-09 6.8851875E-09 1.8118676E-08 3.5251089E-09 6.5770882E-09 1.2287798E-08 1.7113488E-08  291.6061 305.4550 304.0029 299.7206 302.8958 305.3063 303.5119 301.0550 301.4960 301.5683 299.9323 298.8005 297.8804 296.4142 294.7856 294.1618  317.419
1988 6.4551925E-10 1.2737943E-09 1.1862911E-08 3.7892274E-08 4.2842924E-10 2.3982467E-09 1.1917722E-08 2.1509679E-08 9.0479058E-10 4.2831836E-09 1.1571541E-08 2.0385906E-08 3.7260390E-09 7.4358564E-09 1.3287426E-08 1.8605869E-08  291.4626 305.4091 303.0974 298.6222 303.2229 305.2033 302.9077 300.6151 301.5709 301.4140 299.6129 298.7005 297.9399 296.5256 294.8783 294.2432  252.097
1989 4.8691512E-10 1.0048383E-09 9.2203516E-09 2.8588394E-08 1.5079062E-10 1.0360949E-09 7.3857076E-09 1.7157138E-08 2.7988714E-10 2.4035960E-09 7.6432247E-09 1.7244677E-08 2.7998979E-09 5.5145657E-09 1.1112256E-08 1.7032459E-08  291.4921 306.0712 304.2061 299.8764 303.5512 305.7092 303.6853 301.2916 301.8622 301.8509 300.2309 299.3154 298.3875 296.9256 295.2661 294.6229  191.258
1990 5.9690708E-10 7.9398554E-10 6.4588526E-09 2.8410694E-08 2.9755504E-10 1.1298812E-09 5.8491878E-09 1.5352276E-08 6.5143119E-10 2.4751667E-09 7.1365442E-09 1.5466835E-08 2.6798070E-09 6.1318697E-09 1.0570362E-08 1.4577304E-08  291.7285 305.7753 304.2799 299.9116 303.1454 305.3578 303.6215 301.2974 301.4153 301.4962 300.1251 299.2156 297.9064 296.4990 295.1642 294.6392  1170.65
1991 4.0847775E-10 9.3010016E-10 7.3807134E-09 3.6994781E-08 4.0502163E-10 9.1360203E-10 5.7760858E-09 2.0785645E-08 3.3579994E-10 2.0314552E-09 7.2010367E-09 1.8928748E-08 2.3975992E-09 5.8073861E-09 1.0310155E-08 1.5893274E-08  291.6183 305.7138 303.8255 298.9658 303.0642 305.5067 303.4596 300.5215 301.7659 301.8148 300.0346 298.5338 298.2524 296.5716 295.1250 294.3068  774
1992 4.6909876E-10 1.4161541E-09 9.7067163E-09 3.1888860E-08 4.0834419E-10 1.8219685E-09 7.5426634E-09 2.0204403E-08 1.0154787E-09 3.2580614E-09 9.8206634E-09 2.0037049E-08 4.5944053E-09 9.6022399E-09 1.5495218E-08 1.8486498E-08  291.7866 305.7962 303.6264 299.0888 303.2893 305.2303 302.9018 300.3271 301.3518 301.1944 299.2644 298.1701 297.4842 295.6486 294.0107 293.5191  1964.48
1993 4.3135670E-10 7.6409945E-10 7.5980129E-09 3.2573531E-08 4.6830750E-10 1.5770324E-09 6.4662764E-09 1.9042623E-08 7.3317563E-10 2.8243434E-09 7.1620225E-09 1.6550278E-08 2.4504272E-09 6.2081140E-09 1.1305935E-08 1.6202765E-08  291.8191 306.0560 303.9835 299.2357 303.3645 305.4647 303.4474 300.7255 301.4871 301.5121 300.0157 298.8815 297.8424 296.3744 294.9677 294.3446  331.194
1994 4.4853801E-10 7.4438100E-10 7.4086595E-09 3.0128209E-08 2.6152464E-10 1.0596204E-09 8.1433766E-09 1.8630937E-08 7.2347173E-10 2.1169353E-09 8.2248652E-09 1.6745362E-08 4.1267789E-09 6.6076415E-09 1.0920822E-08 1.5036321E-08  291.5106 305.6675 303.7173 299.2805 303.1927 305.1846 302.9399 300.5215 301.4537 301.3459 299.4057 298.3477 297.6564 296.0650 294.5394 293.9566  1046.52
1995 3.8416487E-10 1.2915152E-09 1.3760436E-08 3.5941536E-08 3.0123529E-10 1.6606035E-09 1.1991435E-08 2.1774275E-08 1.0892902E-09 3.8953591E-09 1.4051818E-08 2.3598295E-08 3.3284611E-09 8.6503604E-09 1.6530624E-08 2.0792537E-08  291.6430 306.3487 303.8368 299.1023 304.1886 306.1195 303.3054 300.6339 302.2817 302.0027 299.7009 298.4290 298.4053 296.5302 294.6880 294.1291  213.935
1996 3.3293782E-10 7.7406642E-10 1.1155547E-08 3.0999836E-08 1.2384194E-10 1.3390657E-09 9.2354666E-09 1.7724451E-08 4.3748521E-10 2.9069240E-09 9.6219708E-09 1.8926343E-08 2.2775777E-09 5.6301763E-09 1.2415623E-08 1.6514864E-08  291.5089 306.0427 304.0356 299.5005 303.4192 305.5804 303.3870 301.0342 301.5615 301.6207 299.8833 299.0042 298.0298 296.6400 295.0204 294.6633  282.129
1997 7.8155482E-10 2.2018096E-10 3.4543799E-09 1.8608151E-08 1.6327363E-10 5.2562360E-10 4.2892991E-09 1.2123691E-08 3.2393321E-10 1.1728616E-09 6.2490630E-09 1.5341261E-08 2.7064690E-09 5.7084124E-09 1.0708791E-08 1.6717207E-08  291.8373 305.7238 304.6945 300.8050 303.1807 305.4690 303.8158 301.7002 301.6903 301.6453 299.9336 298.9189 297.8791 296.0333 294.7036 294.1636  291.258
1998 5.3326160E-10 1.7210346E-09 1.3715553E-08 3.4817841E-08 4.3391654E-10 2.4346720E-09 1.0965615E-08 2.0798931E-08 1.1747585E-09 4.5905550E-09 1.2259338E-08 2.1917794E-08 3.6038985E-09 7.5751032E-09 1.4632610E-08 1.9653392E-08  291.6681 305.8149 303.5331 299.0623 303.8307 305.8874 303.4163 300.9682 302.2499 302.1270 300.1590 299.1587 298.9420 297.4572 295.6263 294.8485  255.806
1999 2.6879554E-10 6.9785289E-10 1.2944593E-08 3.9005222E-08 8.3858767E-11 1.1420358E-09 1.1060676E-08 2.2778393E-08 6.0553068E-10 3.1983900E-09 1.2284472E-08 2.2076733E-08 2.7092943E-09 6.2030261E-09 1.4581634E-08 1.9552543E-08  291.3944 306.0175 303.5634 298.6592 303.6624 305.8863 303.3473 300.6781 302.0702 302.0229 299.9907 299.0800 298.7961 297.3524 295.4254 294.7451  181.839
2000 4.8634624E-10 6.7836353E-10 9.2582315E-09 3.1815713E-08 1.4817753E-10 1.2918602E-09 7.2588833E-09 1.7970329E-08 5.2536642E-10 2.9233362E-09 8.3488807E-09 1.6530731E-08 2.5663609E-09 6.0701475E-09 1.2012697E-08 1.6629425E-08  291.5922 305.7001 304.1069 299.6144 303.1407 305.6212 303.8490 301.4072 301.5043 301.6648 300.2853 299.5467 298.1652 296.8854 295.3527 294.9567  329.968
2001 2.5070240E-10 1.1400543E-09 1.0362246E-08 3.3571936E-08 3.5210515E-10 1.5345586E-09 9.4341424E-09 2.2350953E-08 6.1436789E-10 2.3523117E-09 9.7871045E-09 2.1738085E-08 3.2902165E-09 7.6154487E-09 1.4223108E-08 1.9236953E-08  291.6416 305.7941 303.4885 298.7943 303.4739 305.5495 303.1369 300.4905 301.8594 301.7618 299.8006 298.6104 298.4436 296.8069 295.0139 294.3938  178.935
2002 6.0616800E-10 8.3809809E-10 9.2944346E-09 3.0109454E-08 2.1314445E-10 9.9156183E-10 9.1227328E-09 1.8280137E-08 5.0210935E-10 2.6251183E-09 9.8400710E-09 2.0070861E-08 3.0760872E-09 6.5856942E-09 1.2042547E-08 1.5941660E-08  291.6855 305.5642 303.8604 299.4912 303.1256 305.3051 303.2373 300.8035 301.5693 301.5541 299.7400 298.6936 297.8502 296.4119 294.8671 294.3239  197.968
2003 3.8526810E-10 5.4718929E-10 8.6020595E-09 3.1848632E-08 7.3534963E-11 5.9390876E-10 7.5549238E-09 1.8620119E-08 4.2266962E-10 1.6838142E-09 9.1988746E-09 1.7875793E-08 1.8610198E-09 4.9317559E-09 1.1892677E-08 1.6014814E-08  291.4446 306.2815 304.1944 299.6924 303.7406 306.1757 304.0007 301.4194 301.8805 302.1824 300.4555 299.4243 298.3454 297.0747 295.5691 295.0102  190.097
2004 4.0353146E-10 6.7413752E-10 7.5759035E-09 2.8127806E-08 2.4619759E-10 7.2810985E-10 6.0941803E-09 1.5389165E-08 4.5805412E-10 1.4646855E-09 6.8989303E-09 1.5077452E-08 3.0169947E-09 5.5060694E-09 1.0435141E-08 1.4768284E-08  291.6380 306.3282 304.8628 300.4434 303.6066 306.0947 304.2670 301.8827 301.9932 302.1707 300.7634 299.7893 298.4870 297.0443 295.7829 295.1968  580.645
2005 3.6043618E-10 5.8650740E-10 8.0944647E-09 3.1281875E-08 8.2254072E-11 9.0266450E-10 8.0560429E-09 1.9283441E-08 3.9171147E-10 1.9413251E-09 7.5535223E-09 1.8325077E-08 3.5261194E-09 6.0477112E-09 1.1553304E-08 1.5866107E-08  291.5055 306.2836 304.1226 299.6563 303.6520 305.7713 303.5382 300.9410 301.8908 301.8983 300.1659 298.9708 298.2951 296.8087 295.2492 294.5705  162.548
2006 3.2910577E-10 2.6150432E-10 6.1901759E-09 2.6558254E-08 4.5964382E-11 4.2931911E-10 4.6444613E-09 1.3489597E-08 1.0656191E-10 1.0097289E-09 4.4586663E-09 1.1421101E-08 1.5030768E-09 2.7275815E-09 6.1702932E-09 1.2308528E-08  291.6267 306.0718 304.8031 300.5163 303.1609 305.7805 304.3942 302.2249 301.8196 302.1773 301.0549 300.4655 298.5330 297.3567 296.2362 295.5331  181.613
2007 3.2780370E-10 7.3944117E-10 9.6318775E-09 3.2791586E-08 3.1824324E-10 1.4517648E-09 8.7714396E-09 2.1196932E-08 7.0876371E-10 2.9872254E-09 1.0254170E-08 2.1777609E-08 3.1284744E-09 8.2516696E-09 1.4228930E-08 1.8880831E-08  291.3857 305.7809 303.3563 298.6066 303.4318 305.6096 303.0684 300.3853 301.7811 301.7455 299.7695 298.4856 298.2741 296.6468 294.8758 294.2041  1521.52
2008 4.5314566E-10 8.3640156E-10 9.8512665E-09 3.3930796E-08 1.9238108E-10 1.4630637E-09 7.7726661E-09 2.0174395E-08 4.6157828E-10 2.4414748E-09 8.9179384E-09 1.8973347E-08 3.3534202E-09 5.8368332E-09 1.1862590E-08 1.5905409E-08  291.3565 305.7387 303.6771 299.1306 303.2557 305.6671 303.5713 301.0447 301.7426 301.9059 300.2741 299.3052 298.3807 297.0556 295.4412 295.0231  1185.16
2009 5.8348681E-10 5.7557431E-10 5.4558580E-09 2.7506239E-08 1.2246575E-10 9.5561514E-10 6.0935812E-09 1.5428016E-08 1.5819601E-10 1.1153964E-09 5.7313052E-09 1.5147942E-08 2.7923053E-09 4.2855524E-09 8.4628580E-09 1.3604872E-08  291.6951 305.8998 304.4186 300.1086 303.1294 305.4160 303.6604 301.3461 301.6228 301.7277 300.2075 299.2414 298.0313 296.6968 295.3444 294.6713  196.065
2010 4.9422461E-10 1.0775082E-09 9.7761337E-09 3.6001861E-08 4.0614290E-10 1.3286422E-09 9.3555252E-09 2.1811790E-08 8.1807672E-10 2.6970788E-09 9.9859170E-09 2.1338771E-08 3.6704764E-09 7.2442989E-09 1.2818651E-08 1.7476737E-08  291.2943 305.9719 303.6553 299.0184 303.8060 305.8552 303.4962 300.8362 302.1236 302.0473 300.0625 299.0269 298.5501 297.1162 295.3171 294.6447  201.258
2011 2.9915809E-10 2.9427322E-10 6.3580479E-09 3.0925996E-08 1.4557262E-10 3.7468190E-10 6.5272281E-09 2.0634106E-08 2.6332053E-10 1.5035797E-09 6.9383543E-09 1.7629338E-08 1.6708274E-09 4.0499537E-09 9.1887591E-09 1.5354594E-08  291.2373 305.8987 304.1480 299.7925 303.4069 305.9126 303.9902 301.4172 301.8846 302.2345 300.6088 299.5584 298.5229 297.4407 295.8536 294.9415  255.29
2012 3.7725170E-10 2.3086676E-10 6.1622902E-09 2.9552229E-08 5.1121135E-11 3.4900563E-10 5.5650675E-09 1.7040849E-08 4.3989865E-10 1.0472903E-09 5.7293752E-09 1.5202170E-08 2.6100075E-09 4.6426343E-09 9.4520471E-09 1.3315212E-08  291.5365 305.9575 304.3763 299.9986 303.3161 305.7729 303.9383 301.5899 301.5993 301.8563 300.4613 299.5897 298.2407 296.9767 295.5009 295.0303  155.258
2013 3.6865486E-10 6.3700017E-10 1.0546711E-08 3.3358567E-08 1.9841417E-10 1.4380288E-09 1.0057500E-08 2.0735847E-08 4.6620807E-10 3.0679663E-09 1.1203927E-08 2.1059545E-08 2.7236817E-09 6.1154974E-09 1.3496616E-08 1.7707855E-08  291.4185 306.2010 304.1368 299.6356 303.7151 306.0359 303.7131 301.0633 302.1007 302.0658 300.1496 299.0688 298.5399 296.9909 295.3076 294.7053  250.903
2014 5.9011046E-10 5.3359001E-10 5.1276805E-09 2.4447813E-08 1.1510756E-10 7.4063400E-10 5.6184475E-09 1.5249753E-08 3.3817171E-10 2.0185900E-09 7.1613382E-09 1.5969398E-08 3.3246212E-09 6.3673689E-09 1.0628953E-08 1.4937235E-08  291.7791 305.6732 304.4728 300.3058 303.0534 305.4874 303.7393 301.3303 301.6070 301.6808 300.1145 299.0756 298.1129 296.5692 295.1552 294.5407  271.258
2015 6.7737133E-10 7.7299533E-10 4.4320831E-09 2.3027546E-08 1.6650425E-10 5.9488603E-10 3.9431050E-09 1.3332293E-08 2.6329619E-10 1.2023247E-09 5.0724265E-09 1.3048003E-08 2.9260008E-09 6.1510508E-09 8.9572456E-09 1.3917474E-08  291.8970 305.6698 304.7916 300.7797 302.7719 305.2880 303.9831 301.8561 301.3551 301.5710 300.3373 299.4031 297.7043 296.0628 295.0531 294.5097  502.903
