STN,prec_1,prec_2,prec_3,prec_4,prec_5,prec_6,prec_7,prec_8,prec_9,prec_10,prec_11,prec_12,prec_13,prec_14,prec_15,prec_16,st_1,st_2,st_3,st_4,st_5,st_6,st_7,st_8,st_9,st_10,st_11,st_12,st_13,st_14,st_15,st_16,02.0
LAT,29.30136,29.30136,29.30136,29.30136,32.09194,32.09194,32.09194,32.09194,34.88252,34.88252,34.88252,34.88252,37.67308,37.67308,37.67308,37.67308,29.30136,29.30136,29.30136,29.30136,32.09194,32.09194,32.09194,32.09194,34.88252,34.88252,34.88252,34.88252,37.67308,37.67308,37.67308,37.67308,33.6194949
LON,-115.3125,-112.5000,-109.6875,-106.8750,-115.3125,-112.5000,-109.6875,-106.8750,-115.3125,-112.5000,-109.6875,-106.8750,-115.3125,-112.5000,-109.6875,-106.8750,-115.3125,-112.5000,-109.6875,-106.8750,-115.3125,-112.5000,-109.6875,-106.8750,-115.3125,-112.5000,-109.6875,-106.8750,-115.3125,-112.5000,-109.6875,-106.8750,-110.9215037
1958 2.0046451E-09 1.9015884E-09 2.9148768E-09 8.0565519E-09 4.2912123E-09 5.0594098E-09 9.3024113E-09 1.4053078E-08 1.3591249E-08 1.8365979E-08 2.1767891E-08 2.3309921E-08 2.7661551E-08 2.8853526E-08 3.1646717E-08 3.0136079E-08  290.0228 296.2398 293.1766 289.8662 293.4915 292.7589 289.8417 288.3129 287.5266 285.4035 282.9846 283.1477 280.3477 278.7313 275.8217 277.2616  722.929
1959 2.2785585E-09 1.6811752E-09 2.7991527E-09 8.0344496E-09 4.3129815E-09 4.7232320E-09 8.3573006E-09 1.1849213E-08 1.1114751E-08 1.3788388E-08 1.7259579E-08 1.8115234E-08 2.1711255E-08 2.3472648E-08 2.6309678E-08 2.5439435E-08  290.1226 296.8398 293.8707 290.4641 294.2400 293.4633 290.5490 288.9227 288.6267 286.5107 283.9093 283.9220 281.5371 279.6250 276.6410 277.9431  203.393
1960 1.8809012E-09 1.7126597E-09 2.8833083E-09 7.6093203E-09 3.1005480E-09 3.8596988E-09 6.1795777E-09 1.0476442E-08 1.0553952E-08 1.2966660E-08 1.4774185E-08 1.5864813E-08 2.2451275E-08 2.3938275E-08 2.6204477E-08 2.4652362E-08  289.8470 296.5486 293.8117 290.6059 294.0269 293.3658 290.6671 289.2152 288.3585 286.3979 284.0387 284.1227 280.9158 278.9490 276.4398 277.9496  1008.07
1961 2.5235853E-09 1.5972541E-09 2.7529459E-09 7.4434250E-09 2.3474258E-09 3.5386041E-09 6.2788286E-09 9.4341477E-09 6.9597332E-09 1.1033667E-08 1.2698642E-08 1.4491039E-08 1.6785929E-08 2.0492191E-08 2.3698522E-08 2.2902219E-08  289.8598 296.7912 294.1046 291.0265 294.5910 293.9518 291.2534 289.8288 289.4579 287.3929 284.9875 284.9439 282.2689 280.1962 277.6001 278.7805  194.536
1962 2.5095610E-09 2.3605371E-09 3.5180268E-09 9.7258974E-09 3.0936536E-09 4.1932613E-09 8.0337585E-09 1.2530831E-08 9.0230126E-09 1.1455949E-08 1.3422796E-08 1.5259710E-08 1.7262511E-08 2.1425624E-08 2.4274831E-08 2.1770616E-08  289.7855 296.3525 293.6251 290.4444 294.0981 293.4232 290.6514 289.1214 288.8774 286.8751 284.4001 284.3255 281.7856 279.4949 276.6965 278.1575  2154.29
1963 2.8163887E-09 1.7891238E-09 2.2241728E-09 6.7959891E-09 2.9170999E-09 3.2198197E-09 5.3646430E-09 8.4171763E-09 7.5870163E-09 9.3594270E-09 1.1676738E-08 1.3410002E-08 1.7074537E-08 1.9078136E-08 2.1614106E-08 1.9720845E-08  289.8981 296.7206 294.3440 291.3699 294.3247 293.8130 291.3733 290.0704 289.0654 287.1856 284.9690 285.1200 281.8136 279.8849 277.2725 278.9676  1285.86
1964 2.1828555E-09 1.6570825E-09 2.7643132E-09 8.4457801E-09 3.1508307E-09 3.8997441E-09 6.6822032E-09 1.0911376E-08 9.8709716E-09 1.2232415E-08 1.5854686E-08 1.7978271E-08 2.1006253E-08 2.2172449E-08 2.5781889E-08 2.3515474E-08  290.0389 296.8259 293.9658 290.4443 294.3818 293.7212 290.9540 289.1651 288.8936 286.9009 284.3716 284.2116 281.6719 279.8163 276.9024 278.3365  167.966
1965 2.5137170E-09 1.4317634E-09 2.4666069E-09 6.4828991E-09 3.6775412E-09 4.0934407E-09 5.8840923E-09 9.0051664E-09 1.0415826E-08 1.2091818E-08 1.3183606E-08 1.4607950E-08 2.1883100E-08 2.2845271E-08 2.4630381E-08 2.3108685E-08  289.7917 296.3360 293.5736 290.6673 293.8404 293.1846 290.5532 289.3245 288.1318 286.3208 284.2263 284.4884 280.6865 278.8334 276.5865 278.1919  1409.61
1966 2.0672497E-09 2.2801525E-09 3.5315955E-09 9.3978940E-09 4.4468709E-09 5.3164584E-09 1.0135655E-08 1.5961344E-08 1.1655497E-08 1.6661648E-08 2.1768015E-08 2.3084464E-08 2.3597817E-08 2.5117982E-08 2.8797729E-08 2.9320805E-08  289.7095 296.1871 293.0888 289.6099 293.5596 292.7157 289.6919 287.8235 287.7244 285.4024 282.7713 282.6590 280.6239 278.3577 275.5086 277.0966  699.714
1967 2.0115323E-09 1.4707796E-09 2.8734015E-09 7.8663165E-09 3.9503991E-09 4.3047250E-09 6.4698256E-09 1.0007706E-08 9.8232213E-09 1.1654866E-08 1.3595323E-08 1.5764632E-08 2.0236529E-08 2.2988573E-08 2.5565171E-08 2.4702533E-08  289.8367 296.1706 293.4933 290.5213 293.3681 292.8607 290.2933 289.1524 287.8655 286.0331 283.9019 284.1640 280.6628 278.8409 276.3450 277.8609  222.714
1968 3.2462482E-09 3.1643013E-09 4.7293995E-09 1.1392329E-08 4.4297210E-09 5.0296771E-09 9.4659187E-09 1.2918358E-08 8.8290921E-09 1.3191745E-08 1.7442533E-08 2.0174200E-08 2.0723393E-08 2.4536375E-08 2.7387838E-08 2.6982542E-08  289.7712 296.5601 293.7202 290.2815 294.3072 293.6064 290.6365 289.0037 288.9989 286.8782 284.2077 283.9292 281.9231 279.8493 277.0244 277.9261  3129.66
1969 3.2449508E-09 2.4377615E-09 3.5841663E-09 1.0081751E-08 5.0344897E-09 4.5081094E-09 8.0952747E-09 1.4468332E-08 1.1387163E-08 1.3559652E-08 1.8520103E-08 2.1224073E-08 2.2854733E-08 2.4216133E-08 2.8967143E-08 2.8137075E-08  289.6796 296.4369 293.5216 289.9453 293.8094 293.3451 290.4595 288.6562 288.2617 286.3739 283.8638 283.7641 281.2963 279.6321 276.9541 278.0995  694.143
1970 2.0438216E-09 2.7890605E-09 4.7829904E-09 1.1408808E-08 3.2108651E-09 5.1858389E-09 1.0326861E-08 1.4514627E-08 7.4423232E-09 1.1497230E-08 1.7172599E-08 1.9959490E-08 1.6779904E-08 2.0655351E-08 2.5473748E-08 2.6676851E-08  289.8100 296.6649 293.8053 290.2795 294.5005 293.7521 290.8767 289.2202 289.2610 287.1344 284.5088 284.4407 282.2526 280.1178 277.3715 278.5547  229.429
1971 2.2387998E-09 1.6638634E-09 3.2440670E-09 9.2709351E-09 2.4039195E-09 3.5187471E-09 6.3273120E-09 1.0086595E-08 6.4009757E-09 8.6709226E-09 1.1742777E-08 1.3349539E-08 1.4364826E-08 1.7083668E-08 2.0491635E-08 2.0456158E-08  289.5904 296.5414 294.2004 291.2684 294.2550 293.8873 291.4828 290.2548 289.3394 287.7289 285.6090 285.8262 282.3664 280.6375 278.4728 279.7931  221.5
1972 2.8358689E-09 2.5069253E-09 3.8717674E-09 9.6285175E-09 3.2355618E-09 4.1185060E-09 7.8812237E-09 1.2751670E-08 8.7816838E-09 1.1977892E-08 1.5668912E-08 1.9422625E-08 2.1681521E-08 2.3101094E-08 2.6705013E-08 2.5620361E-08  289.2371 295.6368 292.9107 289.8145 293.5851 292.9687 290.3475 288.9272 288.6009 286.7477 284.3955 284.2752 281.7503 279.7682 277.2485 278.2940  332.138
1973 2.4298570E-09 2.3801523E-09 4.3353947E-09 1.0305095E-08 4.8822626E-09 6.7263266E-09 1.0340210E-08 1.5413317E-08 1.1378138E-08 1.5587691E-08 1.8403114E-08 2.1461849E-08 2.1359476E-08 2.4080434E-08 2.7998814E-08 2.6927498E-08  289.9227 296.4164 293.4282 289.9109 293.9435 293.1445 290.2693 288.4543 288.5061 286.3530 283.7863 283.6711 281.5681 279.8003 276.8422 278.0532  2654.29
1974 1.5908360E-09 1.1487027E-09 1.9806303E-09 6.3266010E-09 1.3205907E-09 1.8396928E-09 3.3295768E-09 5.6451768E-09 4.7361319E-09 4.8368674E-09 6.2635115E-09 7.1278436E-09 1.2154242E-08 1.3822151E-08 1.5036134E-08 1.3058694E-08  289.3149 297.1719 295.0340 292.1947 294.6626 294.4318 292.2035 291.1387 289.3645 287.9745 286.0498 286.4708 281.6142 279.9718 277.9767 279.8427  235.25
1975 2.5653288E-09 2.2829405E-09 4.3162989E-09 1.0352160E-08 4.0806278E-09 5.2314233E-09 9.5172297E-09 1.2568592E-08 1.0061216E-08 1.3812044E-08 1.6528613E-08 1.8674845E-08 1.9782727E-08 2.2943729E-08 2.6577567E-08 2.5159242E-08  289.5108 296.5831 293.8666 290.5674 294.1936 293.6071 290.9392 289.5071 289.1091 287.2373 284.8523 284.7100 282.4032 280.3073 277.7823 278.8384  474.929
1976 2.1162057E-09 1.7151059E-09 3.3507825E-09 7.7846254E-09 2.0404662E-09 2.8927296E-09 5.4245723E-09 9.0949763E-09 4.9814810E-09 6.3554095E-09 8.8627790E-09 1.2475172E-08 1.2762574E-08 1.5334390E-08 1.9134067E-08 1.8030528E-08  289.4552 297.2407 294.9654 291.7902 295.1659 294.7347 292.3143 290.8092 290.3059 288.4745 286.2701 286.1888 282.8792 280.7513 278.3756 280.0417  1174.38
1977 2.3849598E-09 2.8827636E-09 5.6152794E-09 1.1860060E-08 6.6466948E-09 7.1812050E-09 1.3475209E-08 1.8836992E-08 1.5240538E-08 2.1136080E-08 2.4561581E-08 2.6500315E-08 2.7946880E-08 2.9832826E-08 3.4071949E-08 3.4132182E-08  290.0529 295.9166 292.4617 288.8510 293.2101 292.2395 288.9664 287.2334 287.3502 284.9509 282.3424 282.3228 280.4746 278.5092 275.4946 276.6735  215.857
1978 2.6960127E-09 2.8215432E-09 4.6474344E-09 1.2562009E-08 5.7721721E-09 6.1950876E-09 1.0277792E-08 1.6129778E-08 1.2326468E-08 1.7506629E-08 2.2384421E-08 2.3457284E-08 2.4403814E-08 2.7637700E-08 3.1025561E-08 2.9392398E-08  290.0361 296.7339 293.4620 289.6459 294.1816 293.4259 290.3132 288.4011 288.6210 286.4104 283.7456 283.6073 281.8534 279.9188 277.1721 278.1854  1837.04
1979 3.0134910E-09 2.2589557E-09 2.8014040E-09 9.4375405E-09 3.7526808E-09 4.4384416E-09 7.9893132E-09 1.2662585E-08 1.0170808E-08 1.4235866E-08 1.8126222E-08 2.0093015E-08 2.0836797E-08 2.3973804E-08 2.7383686E-08 2.6963269E-08  289.8063 296.1201 293.2358 289.7757 293.5397 292.7852 289.9107 288.2563 288.0872 285.8124 283.2209 283.1469 281.1176 278.9021 276.1019 277.1850  3071.07
1980 2.9356610E-09 2.4239419E-09 3.3209833E-09 8.6675129E-09 4.1231969E-09 3.6750520E-09 7.0219532E-09 1.1756278E-08 9.5350794E-09 1.2354072E-08 1.7451107E-08 1.7719056E-08 2.2597598E-08 2.4259627E-08 2.6810573E-08 2.5661354E-08  290.0141 296.3630 293.7299 290.5021 293.7979 293.2781 290.6432 289.1573 288.4750 286.4329 284.0356 284.1113 281.3808 279.6554 277.0159 278.2477  9072.14
1981 2.8862930E-09 3.2659968E-09 3.9314125E-09 9.4620152E-09 3.5607379E-09 4.8050626E-09 8.3057818E-09 1.2559004E-08 8.4314156E-09 1.2134594E-08 1.5982280E-08 1.7657236E-08 1.9222673E-08 2.0985851E-08 2.4087146E-08 2.2705432E-08  290.1150 296.8598 294.2452 290.9565 294.4578 293.8581 291.2133 289.6404 289.1636 287.1910 284.7423 284.7242 282.0444 280.2224 277.6561 278.7803  283.286
1982 2.9422154E-09 1.9082023E-09 2.8318095E-09 7.6017015E-09 4.7173740E-09 5.0569793E-09 7.4460109E-09 1.0780474E-08 1.3954266E-08 1.6318623E-08 1.8156525E-08 1.8490290E-08 2.7079420E-08 2.7180423E-08 2.8853462E-08 2.6464438E-08  289.5162 295.6982 292.9383 290.0299 292.9869 292.3669 289.8522 288.5623 287.1927 285.2969 283.1195 283.3713 279.8966 278.2153 275.7058 277.4407  1404.89
1983 4.1955395E-09 4.1657886E-09 5.9035270E-09 1.2233324E-08 8.5929575E-09 9.0085166E-09 1.3479236E-08 1.8908791E-08 1.7691599E-08 2.1800153E-08 2.5721508E-08 2.6756057E-08 3.0203381E-08 3.0895723E-08 3.3452114E-08 3.4512706E-08  289.9920 295.4918 292.4957 289.1953 292.7023 291.9567 289.1090 287.5674 286.8116 284.7144 282.3417 282.4503 279.4537 277.7761 275.0465 276.6942  2895
1984 3.3886107E-09 3.8556380E-09 4.8848654E-09 1.1503009E-08 4.5902455E-09 5.7592731E-09 9.4775245E-09 1.3616125E-08 1.0804665E-08 1.4882594E-08 1.7111679E-08 1.7360403E-08 2.1627143E-08 2.3791648E-08 2.5677473E-08 2.4372403E-08  290.0864 296.1827 293.5875 290.4612 293.7413 293.1247 290.5934 289.3222 288.4514 286.4436 284.3142 284.6727 281.7405 279.7793 277.3916 278.9060  579.276
1985 2.2259914E-09 1.6580528E-09 2.4142579E-09 7.3754371E-09 2.1457458E-09 2.3701048E-09 4.3949751E-09 7.2283424E-09 5.1824474E-09 6.4342749E-09 8.6709786E-09 1.1966597E-08 1.2269999E-08 1.4843598E-08 1.7835513E-08 1.7667249E-08  289.5742 296.7312 294.4745 291.5926 294.4680 294.0912 291.7628 290.5532 289.4203 287.6298 285.5117 285.6349 281.9645 279.7479 277.3535 279.0629  2398.93
1986 2.9179792E-09 2.3489017E-09 4.4409503E-09 1.0379598E-08 3.5672250E-09 4.3338284E-09 7.4446938E-09 1.1894294E-08 9.0087493E-09 1.3050546E-08 1.6777889E-08 1.9550424E-08 1.9649780E-08 2.3193229E-08 2.6277183E-08 2.5845415E-08  289.9055 296.3461 293.4888 290.0473 294.0332 293.4261 290.5846 288.9972 288.8481 286.6870 284.0909 284.0457 281.8691 279.5722 276.7579 278.1714  1509
1987 2.3317270E-09 1.8090726E-09 4.0278914E-09 1.1117227E-08 4.6775113E-09 6.4602115E-09 1.2409691E-08 1.8209724E-08 1.3361431E-08 1.8255028E-08 2.2096668E-08 2.3670886E-08 2.4514710E-08 2.7174535E-08 2.9921711E-08 3.0764497E-08  290.0167 296.4601 293.2478 289.3349 293.9394 293.0122 289.8013 287.7622 288.3670 286.0977 283.3137 282.9198 281.6587 279.5244 276.6118 277.4323  1037.21
1988 2.7116840E-09 3.1949750E-09 4.7387374E-09 1.0418154E-08 4.3330144E-09 5.0182636E-09 8.5133021E-09 1.3181061E-08 9.1841343E-09 1.2607814E-08 1.5824840E-08 1.8895406E-08 1.8581138E-08 2.1671001E-08 2.4603175E-08 2.5334403E-08  289.8612 296.8015 294.0484 290.7237 294.4887 294.0070 291.3022 289.6773 289.4918 287.6499 285.2068 284.9887 282.6539 280.8056 278.3572 279.1286  1589.38
1989 2.3583004E-09 1.7557537E-09 3.8624339E-09 8.6907432E-09 2.3067339E-09 3.5160685E-09 6.2095902E-09 9.1089447E-09 6.3958017E-09 8.6989242E-09 1.1150378E-08 1.2838624E-08 1.4264887E-08 1.6750054E-08 1.9707155E-08 1.8133706E-08  289.4416 296.7853 294.5443 291.7994 294.8215 294.4160 291.9830 290.7894 290.0492 288.2492 286.0871 286.1844 282.9085 280.8178 278.5496 279.9561  483.393
1990 2.1232751E-09 2.1901214E-09 3.5512486E-09 9.1285894E-09 4.3232622E-09 4.3740989E-09 7.2549757E-09 1.1956082E-08 1.0000150E-08 1.2650156E-08 1.5885401E-08 1.8010965E-08 2.0850415E-08 2.3573453E-08 2.6445566E-08 2.4220553E-08  289.9258 296.6454 293.8737 290.5750 294.1306 293.5984 290.9031 289.4272 288.8729 286.9490 284.5727 284.7625 282.1163 280.1967 277.6543 279.0154  224.964
1991 2.9438123E-09 3.2540448E-09 5.0477600E-09 1.1399197E-08 4.7673150E-09 6.1896550E-09 1.0939540E-08 1.4988515E-08 1.1955265E-08 1.7130798E-08 2.1517614E-08 2.4577757E-08 2.2794397E-08 2.6906259E-08 3.1622537E-08 3.1779962E-08  290.0608 296.1742 292.9622 289.3568 293.8874 293.0380 289.9189 288.3271 288.5556 286.3068 283.5892 283.5588 282.0133 280.1107 277.1918 278.1269  714.321
1992 3.0330998E-09 2.4262503E-09 4.5544031E-09 1.1375961E-08 4.4855533E-09 5.5251292E-09 1.1361948E-08 1.7764425E-08 1.2187069E-08 1.6898227E-08 2.2265068E-08 2.5496114E-08 2.5101169E-08 2.5894884E-08 3.0396283E-08 2.9994357E-08  290.0459 296.1365 292.9679 289.5306 293.7655 292.9126 289.7522 287.8768 288.2161 285.9697 283.2527 282.9840 281.2399 279.2375 276.2773 277.5870  2325.21
1993 2.7933540E-09 2.6128455E-09 3.5846111E-09 8.9753804E-09 5.1246150E-09 5.5179057E-09 8.6409377E-09 1.4416042E-08 1.1040048E-08 1.4802282E-08 2.0111260E-08 2.2286494E-08 2.3233193E-08 2.6079082E-08 2.9425149E-08 2.9247110E-08  290.0567 296.4106 293.5152 289.9951 293.7640 293.1024 290.1795 288.5234 288.1157 286.0501 283.5382 283.5279 281.1252 279.2723 276.4664 277.6647  7867.5
1994 2.4110896E-09 2.1568396E-09 2.9953737E-09 8.9890211E-09 3.3514611E-09 3.9437258E-09 6.6736634E-09 1.0747399E-08 9.5118127E-09 1.3096218E-08 1.6084405E-08 1.8397895E-08 2.1802443E-08 2.4182098E-08 2.7204779E-08 2.7443853E-08  289.9380 296.4669 293.3790 289.8648 293.9640 293.2099 290.2571 288.6114 288.4615 286.3022 283.7875 283.7506 281.5153 279.4054 276.4560 277.7231  681.536
1995 1.5855468E-09 1.8976667E-09 4.0021741E-09 1.1003619E-08 3.3327012E-09 5.1923794E-09 1.1234098E-08 1.6259975E-08 7.7315399E-09 1.3504188E-08 1.9037554E-08 2.2283222E-08 1.7291640E-08 2.2304603E-08 2.6780837E-08 2.7340164E-08  290.0013 297.3158 294.0786 290.1379 295.0443 294.1087 290.7388 288.7337 289.6489 287.4091 284.3869 283.8352 282.7866 280.7596 277.6305 278.2664  3795.36
1996 2.1154178E-09 1.4345852E-09 2.6265257E-09 7.3946951E-09 3.0501841E-09 3.6909376E-09 5.2484284E-09 8.8412317E-09 8.5156113E-09 1.2295486E-08 1.4151351E-08 1.4376289E-08 2.0348763E-08 2.3950980E-08 2.6086500E-08 2.4128239E-08  290.1534 296.7062 293.9918 290.8907 294.2347 293.6614 291.0109 289.5497 288.9022 286.9125 284.5573 284.7166 281.8327 279.8106 277.2947 278.6476  249.103
1997 3.0467200E-09 2.5474172E-09 4.4688306E-09 1.1266734E-08 4.2368122E-09 4.8725695E-09 8.4787715E-09 1.3111587E-08 9.0719894E-09 1.2201387E-08 1.5799420E-08 1.9513546E-08 2.0101425E-08 2.2772252E-08 2.6245285E-08 2.5770582E-08  289.8274 296.9577 294.1170 290.5932 294.5441 294.0452 291.1648 289.4529 289.3622 287.3509 284.7469 284.6613 282.4638 280.3724 277.6808 278.7639  598
1998 1.9557620E-09 1.8692938E-09 3.6434695E-09 1.0028579E-08 4.9921280E-09 5.5660432E-09 1.1181620E-08 1.7653715E-08 1.3005743E-08 1.7642579E-08 2.1155241E-08 2.2045969E-08 2.6704653E-08 2.6785614E-08 2.8160740E-08 2.5931989E-08  290.3822 296.4051 293.3530 289.8964 293.7781 292.8214 289.7310 288.1158 287.6131 285.1327 282.6663 282.9301 279.6219 277.1878 274.2763 276.9632  946.286
1999 1.9903985E-09 8.7612168E-10 1.3311456E-09 5.4638272E-09 1.8033099E-09 2.1282878E-09 3.5323582E-09 6.3395613E-09 4.8742557E-09 6.6116281E-09 8.7747480E-09 1.0240896E-08 1.3316435E-08 1.6353207E-08 1.8828970E-08 1.7594536E-08  289.7305 296.8564 294.8255 292.1931 294.4267 294.3539 292.2302 291.2133 289.6078 288.2408 286.3813 286.6224 282.5263 281.0119 279.0661 280.1591  204.214
2000 2.2214466E-09 1.4665670E-09 2.2443780E-09 7.5650934E-09 1.6260460E-09 2.1173938E-09 4.8832649E-09 8.4476701E-09 4.0982404E-09 6.3368284E-09 9.2573060E-09 1.2262772E-08 1.2642271E-08 1.5815033E-08 1.8600655E-08 1.6122513E-08  289.6077 297.1670 295.1946 292.3238 294.8763 294.8112 292.5691 291.4173 290.2850 288.7385 286.7646 286.9089 283.3500 281.5021 279.3598 280.8152  196.897
2001 1.9399378E-09 9.5256436E-10 2.1988409E-09 8.8343119E-09 2.3541067E-09 2.7853244E-09 5.6153744E-09 1.0678752E-08 7.4575741E-09 1.0876945E-08 1.4426224E-08 1.6536397E-08 1.9407452E-08 2.1997231E-08 2.5965116E-08 2.2813186E-08  289.8353 296.5778 294.0122 290.9494 294.2433 293.8305 291.2943 289.8834 289.1666 287.2839 284.9094 285.0109 282.1500 280.1970 277.7905 279.1044  495.286
2002 3.2361984E-09 2.6704829E-09 3.6568608E-09 7.8636511E-09 3.7585126E-09 4.4727466E-09 6.2754792E-09 8.8890424E-09 9.1166594E-09 1.2095921E-08 1.4201707E-08 1.3660286E-08 1.9674353E-08 2.2165940E-08 2.4919629E-08 2.2160167E-08  289.8280 296.4675 293.8340 290.6347 294.0876 293.5526 290.9014 289.4835 288.8853 286.9411 284.4961 284.6528 282.1088 280.0651 277.4818 278.6440  173.714
2003 2.0455597E-09 2.9318377E-09 5.1310414E-09 1.3817990E-08 4.3895465E-09 6.1338259E-09 1.2551739E-08 1.8853859E-08 1.2887517E-08 1.9793625E-08 2.3756760E-08 2.4686813E-08 2.4967880E-08 2.6790380E-08 3.0119494E-08 2.9291892E-08  290.2276 296.7347 293.6126 289.7439 294.3425 293.5468 290.3105 288.3811 288.9179 286.5662 283.8546 283.7445 282.1973 280.2135 277.2570 278.3639  478.679
2004 3.1334229E-09 2.5653699E-09 3.5788454E-09 9.7731059E-09 4.9872382E-09 5.8140244E-09 8.5636831E-09 1.3998031E-08 1.1728229E-08 1.3999305E-08 1.7528896E-08 1.9365650E-08 2.2855858E-08 2.5540126E-08 2.8154284E-08 2.7001317E-08  290.0987 296.5112 293.6768 290.3649 293.9329 293.3725 290.6235 289.0645 288.8059 286.7417 284.2056 284.2909 282.3093 280.1964 277.3373 278.5789  217.069
2005 2.7583777E-09 3.1803149E-09 4.4695616E-09 1.0359031E-08 5.4820126E-09 5.8008114E-09 9.9272945E-09 1.4575494E-08 1.2749546E-08 1.6926007E-08 2.1320060E-08 2.1916033E-08 2.3049212E-08 2.6567825E-08 3.0266552E-08 2.9423195E-08  290.1237 296.4080 293.3959 289.8790 293.9833 293.3012 290.2367 288.5691 288.6563 286.4207 283.8056 283.6500 281.9884 279.8633 276.9488 277.8456  6706.29
2006 3.6484782E-09 3.3547727E-09 5.1290177E-09 1.0488199E-08 5.1276823E-09 5.5805760E-09 8.8400780E-09 1.3093555E-08 1.1184873E-08 1.5125744E-08 1.8501822E-08 1.9406666E-08 2.2702167E-08 2.5719348E-08 2.8715917E-08 2.6470877E-08  289.8104 296.1073 293.3773 290.2108 293.6662 292.9784 290.2258 288.8671 288.3520 286.2406 283.8313 283.9861 281.5882 279.6693 276.9917 278.2370  161.036
2007 2.3276585E-09 3.3686709E-09 5.8102660E-09 1.0700774E-08 5.1346358E-09 6.4240417E-09 1.1539016E-08 1.6196237E-08 1.2752842E-08 1.5932473E-08 2.0637900E-08 2.3012397E-08 2.5865573E-08 2.7572062E-08 3.0864889E-08 2.7702596E-08  289.9950 295.9812 293.0506 289.8581 293.3369 292.6978 289.8626 288.4188 288.0158 285.9769 283.5560 283.6979 281.4276 279.6407 277.1283 278.3032  490.571
2008 2.5227223E-09 1.7391307E-09 2.4260083E-09 6.6986403E-09 2.3284830E-09 2.7955764E-09 3.8598826E-09 7.0478960E-09 6.3159589E-09 7.3546413E-09 9.2149879E-09 1.2322310E-08 1.3516988E-08 1.4544482E-08 1.8598495E-08 1.9002471E-08  289.5488 296.1984 294.3136 291.8093 294.0698 293.8775 291.8797 290.8484 289.4666 287.9742 286.1397 286.2019 282.6136 280.9193 278.8528 279.8594  2946.9
2009 2.0335311E-09 1.0970647E-09 1.8026904E-09 5.1817679E-09 1.7027423E-09 2.2192308E-09 3.6589698E-09 6.9541306E-09 7.2243735E-09 8.6197831E-09 1.0435635E-08 1.2749610E-08 1.8240184E-08 1.9991374E-08 2.2279753E-08 2.1317886E-08  289.7492 296.1997 293.9957 291.5486 293.9051 293.4943 291.3224 290.3432 288.8694 287.1398 285.1573 285.4668 281.8071 280.0303 277.7228 279.1554  941.857
2010 2.7967364E-09 2.8024585E-09 5.0071756E-09 1.1836971E-08 5.5708855E-09 7.1504789E-09 1.2753312E-08 1.7928411E-08 1.5027725E-08 2.1841888E-08 2.4946557E-08 2.4975432E-08 2.7340050E-08 2.9543326E-08 3.1566625E-08 3.0348051E-08  0.0000000E+00 0.0000000E+00 0.0000000E+00 0.0000000E+00 0.0000000E+00 0.0000000E+00 0.0000000E+00 0.0000000E+00 0.0000000E+00 0.0000000E+00 0.0000000E+00 0.0000000E+00 0.0000000E+00 0.0000000E+00 0.0000000E+00 0.0000000E+00  1625.75
2011 1.6225896E-09 6.1135103E-10 1.0077704E-09 3.9898014E-09 1.3645017E-09 1.9167503E-09 2.8340077E-09 4.5778279E-09 4.7372590E-09 5.8896066E-09 6.6493997E-09 7.5622832E-09 1.2167312E-08 1.3536516E-08 1.5640259E-08 1.4497243E-08  289.4724 297.7401 295.9272 293.2028 295.2625 295.1813 293.0086 291.9488 290.3127 288.7407 286.8129 287.1700 282.8495 280.9519 278.6379 280.4121  231.393
2012 2.6985330E-09 1.9736575E-09 3.2405647E-09 8.3015568E-09 3.9284216E-09 3.8206545E-09 5.8673297E-09 9.3507646E-09 9.9064330E-09 1.0370760E-08 1.3089148E-08 1.5413043E-08 2.0168191E-08 2.0672404E-08 2.3877449E-08 2.2712065E-08  289.5983 296.1958 293.7689 291.0457 293.7394 293.3438 290.9748 289.9166 288.6525 286.9785 284.9110 285.2043 281.8482 280.0789 277.9184 279.2888  290.138
2013 2.8775444E-09 3.0959222E-09 4.0609467E-09 9.0936805E-09 4.4614632E-09 5.0327809E-09 7.3955735E-09 1.0088860E-08 1.0136605E-08 1.3110410E-08 1.5363971E-08 1.5281035E-08 2.0091946E-08 2.2167965E-08 2.4877803E-08 2.1663293E-08  289.8099 296.0816 293.5587 290.5770 293.7453 293.2170 290.6804 289.5583 288.6232 286.6925 284.5574 284.8793 281.7673 280.0087 277.8033 279.1071  439.071
2014 2.1979540E-09 1.9735167E-09 3.5821697E-09 1.0155508E-08 2.8897957E-09 3.9246593E-09 7.7415461E-09 1.1609635E-08 7.0290636E-09 1.0067739E-08 1.4895281E-08 1.7505654E-08 1.4350484E-08 1.7802028E-08 2.2627971E-08 2.2138323E-08  289.8649 297.2532 294.5035 290.8924 295.1156 294.5404 291.5755 289.7591 290.2601 288.1087 285.3272 285.0132 283.5793 281.2656 278.4591 279.3008  262.929
2015 2.6449161E-09 3.1322658E-09 5.1208850E-09 1.3860598E-08 6.1107261E-09 7.4011202E-09 1.5032715E-08 2.0237790E-08 1.3462450E-08 2.1108461E-08 2.6383228E-08 2.8390232E-08 2.4291412E-08 2.6920940E-08 3.0364966E-08 3.1086937E-08  290.1486 296.4292 293.0538 289.0671 293.8395 293.0043 289.5216 287.5002 288.3689 285.8453 282.9577 282.8073 282.0345 279.8577 276.7706 277.6708  870.5
