STN,prec_1,prec_2,prec_3,prec_4,prec_5,prec_6,prec_7,prec_8,prec_9,prec_10,prec_11,prec_12,prec_13,prec_14,prec_15,prec_16,st_1,st_2,st_3,st_4,st_5,st_6,st_7,st_8,st_9,st_10,st_11,st_12,st_13,st_14,st_15,st_16,05.0
LAT,29.30136,29.30136,29.30136,29.30136,32.09194,32.09194,32.09194,32.09194,34.88252,34.88252,34.88252,34.88252,37.67308,37.67308,37.67308,37.67308,29.30136,29.30136,29.30136,29.30136,32.09194,32.09194,32.09194,32.09194,34.88252,34.88252,34.88252,34.88252,37.67308,37.67308,37.67308,37.67308,33.6194949
LON,-115.3125,-112.5000,-109.6875,-106.8750,-115.3125,-112.5000,-109.6875,-106.8750,-115.3125,-112.5000,-109.6875,-106.8750,-115.3125,-112.5000,-109.6875,-106.8750,-115.3125,-112.5000,-109.6875,-106.8750,-115.3125,-112.5000,-109.6875,-106.8750,-115.3125,-112.5000,-109.6875,-106.8750,-115.3125,-112.5000,-109.6875,-106.8750,-110.9215037
1958 2.5226963E-09 2.3707327E-09 3.8505705E-09 8.9469152E-09 1.7778473E-09 2.0391340E-09 3.8178380E-09 7.4273463E-09 3.7341423E-09 5.0121436E-09 6.3655290E-09 8.6463245E-09 9.7817932E-09 1.0639614E-08 1.1669771E-08 1.3064295E-08  292.6584 293.9531 290.9014 286.9564 290.5198 289.2458 286.7686 284.9277 284.5143 282.6609 280.1789 279.7125 277.9881 275.7539 273.3885 273.9358  1824.61
1959 2.7618081E-09 2.5741285E-09 3.2113141E-09 5.7439573E-09 2.9614686E-09 3.7311683E-09 4.5642494E-09 6.2905405E-09 5.4883915E-09 6.4251986E-09 6.9714012E-09 8.3453271E-09 1.1474728E-08 1.1370648E-08 1.1099129E-08 1.2079184E-08  292.6288 293.9146 290.7766 286.7693 290.4414 289.0261 286.4572 284.6515 284.4948 282.6235 280.1158 279.6957 278.2795 276.0378 273.6364 274.3547  127.065
1960 3.9162891E-09 3.3446206E-09 4.1987409E-09 8.0242932E-09 4.6763788E-09 4.7088098E-09 5.4632721E-09 7.2849673E-09 1.0481517E-08 9.9206634E-09 8.3726164E-09 7.5386692E-09 1.6959499E-08 1.5805288E-08 1.3654941E-08 1.1870186E-08  292.6369 293.3422 290.3184 286.4733 289.8582 288.5016 286.1446 284.5736 283.7952 281.9704 279.7662 279.5617 277.3064 274.9734 272.7654 273.7023  677
1961 4.3382031E-09 4.0717554E-09 5.3867786E-09 8.7769534E-09 5.0685665E-09 5.6934226E-09 7.3928548E-09 9.4643609E-09 1.0262441E-08 1.1649073E-08 1.1581338E-08 1.0668268E-08 1.6695946E-08 1.7373793E-08 1.5852390E-08 1.4731707E-08  292.6191 292.9135 289.9435 286.3771 289.3210 287.8309 285.4991 284.1790 283.0380 281.1770 278.9553 279.0159 276.4877 274.3401 272.3509 273.3571  197.516
1962 2.4540232E-09 1.8493308E-09 3.0745535E-09 5.7725478E-09 3.1179206E-09 3.4848457E-09 4.8227813E-09 7.1122206E-09 5.9114700E-09 6.9216393E-09 7.1621917E-09 6.8255650E-09 1.1680778E-08 1.2257018E-08 1.1644197E-08 1.0188897E-08  292.4936 293.6375 290.6862 286.8873 290.0538 288.7002 286.3017 284.7634 283.9635 282.0684 279.6904 279.7213 277.4993 275.2255 273.0143 274.0510  1188.42
1963 5.1225273E-09 3.8176098E-09 5.7059468E-09 9.4830082E-09 7.5149336E-09 7.6588904E-09 9.6639194E-09 1.1913310E-08 1.3142189E-08 1.3988735E-08 1.3594690E-08 1.2368381E-08 1.7900426E-08 1.7158253E-08 1.6081559E-08 1.4450512E-08  292.5918 293.3371 290.4118 286.7040 289.8343 288.4356 286.1042 284.5525 283.7248 281.8846 279.4867 279.3885 277.4070 275.2174 272.9832 273.7984  298.129
1964 1.5738756E-09 1.3909469E-09 2.1411184E-09 4.1908348E-09 2.2508533E-09 3.5056051E-09 5.0353219E-09 5.6978111E-09 5.7635852E-09 7.6782420E-09 9.0281711E-09 8.5911678E-09 1.1848073E-08 1.3182707E-08 1.3199791E-08 1.2535849E-08  292.4275 293.8053 290.7481 286.8512 290.2541 288.7670 286.2761 284.6820 284.0964 282.0459 279.5921 279.4738 277.4192 275.0782 272.7486 273.7224  368.839
1965 5.5582428E-09 5.9629901E-09 6.7196693E-09 1.0891613E-08 7.7610158E-09 7.8936706E-09 9.4720178E-09 1.1386818E-08 1.0514331E-08 1.1245048E-08 1.1120734E-08 1.1543780E-08 1.4731526E-08 1.4802309E-08 1.3711727E-08 1.3364075E-08  292.7381 293.6550 290.3945 286.1709 290.0844 288.6743 286.0841 284.1139 283.9931 282.0940 279.6019 279.2314 277.7850 275.5416 273.1345 273.8555  1482.97
1966 2.8747520E-09 2.0716140E-09 3.2737248E-09 7.3487052E-09 2.7956009E-09 3.4878325E-09 5.0763531E-09 6.7638193E-09 6.2625349E-09 6.6955312E-09 6.9286914E-09 7.3291666E-09 1.1529989E-08 1.0676759E-08 1.0152521E-08 1.0682466E-08  292.5244 293.7889 290.5261 286.3389 290.0894 288.8075 286.2898 284.4070 284.0250 282.3142 279.9381 279.5793 277.7521 275.5080 273.2241 274.1133  876.903
1967 2.0417257E-09 1.7499641E-09 3.2771879E-09 7.8728402E-09 3.3522987E-09 3.5121863E-09 5.2785509E-09 1.0285860E-08 7.4759701E-09 8.2982483E-09 9.5765103E-09 1.1493159E-08 1.4172175E-08 1.4357735E-08 1.3773510E-08 1.2938608E-08  292.5022 293.4995 290.3396 286.4494 290.1486 288.7249 286.1702 284.4462 284.1499 282.2947 279.9170 279.7304 277.7914 275.6149 273.3350 274.3065  172.226
1968 3.0570899E-09 3.0690097E-09 4.5519695E-09 8.6697147E-09 3.6072541E-09 4.4732618E-09 6.1814256E-09 8.8983523E-09 6.8559620E-09 8.3306171E-09 8.9567056E-09 9.5552668E-09 1.4982616E-08 1.5019356E-08 1.3634839E-08 1.3235542E-08  292.6430 292.6475 289.4238 285.6571 289.1422 287.5415 284.9347 283.3030 282.8395 280.8917 278.4914 278.3350 276.2649 274.0619 271.9655 272.7886  1346.48
1969 2.0553454E-09 1.9996169E-09 3.8433443E-09 9.2250572E-09 2.6054667E-09 3.3137681E-09 5.3058851E-09 8.1589171E-09 5.9764500E-09 6.8251631E-09 7.1292297E-09 7.6848989E-09 1.1287768E-08 1.1320186E-08 1.0871290E-08 1.0519764E-08  292.6255 293.5796 290.3840 286.4513 290.1566 288.6260 286.0346 284.3013 284.1663 282.1843 279.6477 279.4734 278.0033 275.6178 273.2073 274.1281  1021.06
1970 1.4541480E-09 1.5213240E-09 2.8602929E-09 6.4124399E-09 2.1472211E-09 3.6666645E-09 5.3127018E-09 7.6643438E-09 5.8526859E-09 7.4295095E-09 8.2984890E-09 9.0841015E-09 1.1838029E-08 1.2028909E-08 1.1936327E-08 1.2573845E-08  292.5155 293.7895 290.8163 287.0118 290.3574 288.9890 286.5835 284.9544 284.3300 282.5647 280.1494 279.9352 277.8335 275.6134 273.2809 274.2428  669.871
1971 3.4471475E-09 2.5215541E-09 3.0137342E-09 6.3753762E-09 3.4679088E-09 3.5952377E-09 4.7948143E-09 7.2884672E-09 7.6047622E-09 8.3523330E-09 8.5951779E-09 9.4778141E-09 1.3374946E-08 1.4332213E-08 1.4183507E-08 1.4079386E-08  292.4491 293.4919 290.6019 286.9308 289.8196 288.5305 286.2321 284.7803 283.7682 281.9868 279.7365 279.6328 277.4403 275.1186 273.0235 273.9884  179.903
1972 3.5500036E-09 3.1759830E-09 4.3644524E-09 8.3259826E-09 5.0034004E-09 6.0629115E-09 8.6210683E-09 1.0787364E-08 1.1453870E-08 1.1968771E-08 1.2431159E-08 1.2312644E-08 1.7968558E-08 1.6556038E-08 1.5766519E-08 1.5920650E-08  292.6600 293.1619 289.8518 285.7202 289.7236 288.1308 285.5012 283.7150 283.6332 281.6252 279.1278 278.7855 277.5317 275.2323 272.7074 273.2962  151.065
1973 3.0378415E-09 2.9621003E-09 3.9456078E-09 5.7723151E-09 2.8468263E-09 4.1255399E-09 5.7668044E-09 7.4603106E-09 5.5683382E-09 7.2930817E-09 8.2058582E-09 8.3039993E-09 1.1360481E-08 1.1912243E-08 1.1673761E-08 1.1717709E-08  292.3376 293.7996 290.7777 286.7352 290.3991 288.9697 286.3923 284.6172 284.5129 282.5253 279.9946 279.7767 278.1545 275.8145 273.3885 274.2605  5932.58
1974 4.1858703E-09 3.6824896E-09 5.4819047E-09 9.0332595E-09 3.8918597E-09 4.8884510E-09 7.2712640E-09 9.3307859E-09 8.7985059E-09 9.6581534E-09 9.9514912E-09 9.4327444E-09 1.5169874E-08 1.4582851E-08 1.3316614E-08 1.2322095E-08  292.3199 293.5013 290.4755 286.6258 290.1183 288.9053 286.4340 284.6730 284.1903 282.4641 280.0941 279.9198 277.9853 275.7525 273.5058 274.3941  289.516
1975 1.6918584E-09 1.7193991E-09 3.6807404E-09 8.5100051E-09 1.9443815E-09 3.7979175E-09 6.0773204E-09 8.9717203E-09 5.2268265E-09 7.6259177E-09 8.8232177E-09 9.5360910E-09 1.0610387E-08 1.1590614E-08 1.2154486E-08 1.2593136E-08  292.3737 293.4953 290.2724 286.3319 290.1729 288.6783 286.1019 284.3658 284.1159 282.1824 279.6595 279.3498 277.7585 275.3952 272.8512 273.7757  1749.65
1976 4.1209640E-09 3.8271386E-09 4.6710360E-09 8.5550171E-09 5.1650213E-09 5.9391381E-09 7.4635640E-09 9.8723421E-09 9.5036903E-09 1.0895731E-08 1.0492090E-08 1.0594121E-08 1.4154093E-08 1.4010027E-08 1.2916448E-08 1.1846774E-08  292.4770 293.1610 289.9080 285.8262 289.8679 288.3353 285.7607 284.0242 283.9383 281.9793 279.5720 279.4438 277.7634 275.3991 273.0262 274.0527  872.419
1977 3.7064414E-09 2.4694993E-09 2.6311446E-09 6.3290089E-09 4.7241602E-09 4.7626063E-09 6.2878454E-09 8.5662499E-09 8.7503969E-09 1.1156672E-08 1.2225557E-08 1.2301112E-08 1.5766741E-08 1.6663682E-08 1.6198943E-08 1.5955829E-08  292.5884 293.0834 289.8069 285.8639 289.6845 288.0806 285.4455 283.7493 283.6465 281.5856 278.9847 278.7839 277.3993 274.9866 272.6137 273.4192  321.968
1978 3.8266093E-09 4.5320827E-09 5.6525149E-09 9.3976888E-09 3.9061776E-09 5.0804521E-09 6.6300068E-09 9.0503081E-09 7.6346636E-09 8.5333873E-09 8.3366869E-09 8.1140801E-09 1.4089662E-08 1.3919593E-08 1.2662507E-08 1.1280138E-08  292.6625 293.5677 290.4384 286.3844 290.0656 288.6861 286.1991 284.4336 284.0072 282.1586 279.7735 279.5591 277.5579 275.3923 273.0675 274.1069  1035.26
1979 3.3419445E-09 3.7271439E-09 5.6566227E-09 9.9813819E-09 4.3836645E-09 5.9619687E-09 7.5990600E-09 9.9405568E-09 8.4935703E-09 9.6465413E-09 1.0026223E-08 1.0789515E-08 1.5128947E-08 1.4387676E-08 1.3332528E-08 1.2462055E-08  292.6792 293.6941 290.4680 286.2982 290.2998 288.7943 286.1313 284.1915 284.2071 282.2645 279.7251 279.3685 277.9757 275.6581 273.2303 274.0366  2959.68
1980 3.9753818E-09 2.9519100E-09 4.7110658E-09 9.7384447E-09 5.3102269E-09 6.0043819E-09 7.9786391E-09 9.6289030E-09 8.4763450E-09 1.0941259E-08 1.0743573E-08 9.7199448E-09 1.3398664E-08 1.5121627E-08 1.4056203E-08 1.2838957E-08  292.7710 293.4428 290.4348 286.7873 289.7914 288.3964 286.0870 284.6326 283.5737 281.7139 279.4131 279.3849 277.0802 274.8620 272.6768 273.7747  2741.94
1981 2.4670843E-09 1.8964823E-09 2.2239595E-09 3.9977408E-09 2.7200175E-09 3.0424416E-09 4.0683750E-09 5.3336957E-09 5.8229266E-09 6.9528858E-09 7.3500011E-09 7.4345445E-09 1.1857639E-08 1.2683514E-08 1.2427503E-08 1.1619231E-08  292.6600 293.9323 290.7565 286.7008 290.5358 289.0074 286.3226 284.5287 284.4008 282.2823 279.7081 279.4302 277.9122 275.2971 272.7516 273.6848  580.097
1982 5.1027813E-09 5.5414526E-09 6.9485750E-09 1.0738713E-08 5.4868101E-09 7.4539894E-09 8.8852001E-09 1.1580464E-08 1.0437711E-08 1.2096765E-08 1.2600639E-08 1.1760788E-08 1.6634237E-08 1.7166675E-08 1.5521772E-08 1.3434882E-08  292.6329 293.4805 290.2531 286.0605 289.9421 288.4437 285.9322 284.0659 283.8374 281.8914 279.5236 279.3003 277.4557 275.1007 272.9542 273.7691  1210.48
1983 3.1213725E-09 2.4939044E-09 3.2580956E-09 8.1299865E-09 4.0799737E-09 4.6437498E-09 5.8379586E-09 8.8265413E-09 8.0470288E-09 8.3235721E-09 9.1421581E-09 1.0194067E-08 1.3203569E-08 1.2562948E-08 1.2551477E-08 1.3252414E-08  292.7869 293.8943 290.7498 286.6028 290.3724 289.0105 286.3966 284.4640 284.3077 282.4846 280.0071 279.5587 277.9614 275.8272 273.5775 274.2320  3208.39
1984 3.4679175E-09 2.4865632E-09 3.2843201E-09 7.0702653E-09 4.5733413E-09 4.8128910E-09 6.1493908E-09 7.7215629E-09 9.2752410E-09 9.2873202E-09 8.7683354E-09 8.8043253E-09 1.5968196E-08 1.4184864E-08 1.3368524E-08 1.2738080E-08  292.6571 293.5918 290.6801 286.9781 290.0618 288.7058 286.2936 284.7239 284.2227 282.4280 279.9731 279.7823 278.0713 275.9088 273.4707 274.2401  575.194
1985 2.9470104E-09 2.5661651E-09 3.5922076E-09 6.4236447E-09 3.6142751E-09 4.5444715E-09 5.6447460E-09 6.4932930E-09 7.6921234E-09 8.6284473E-09 8.1202973E-09 6.7146897E-09 1.1958870E-08 1.2477602E-08 1.1182101E-08 1.0268975E-08  292.5370 293.8881 290.8357 286.8227 290.3163 288.9095 286.4886 284.8149 284.3906 282.4859 280.0618 279.9194 278.1896 275.7645 273.4126 274.3170  2146.77
1986 5.6709792E-09 5.3148974E-09 6.7905197E-09 1.1355749E-08 6.1085750E-09 7.3398616E-09 8.9807246E-09 1.1097062E-08 1.1387561E-08 1.2786352E-08 1.3023714E-08 1.2593221E-08 1.7151685E-08 1.7015024E-08 1.6508711E-08 1.5669656E-08  292.8416 293.4352 290.2335 286.3235 290.1712 288.6255 286.1094 284.3487 284.1599 282.1441 279.6346 279.4227 278.0536 275.7058 273.1678 273.8687  608.871
1987 3.5026877E-09 4.5838862E-09 6.7819808E-09 1.3235404E-08 3.9445727E-09 4.7777582E-09 6.7528161E-09 1.0640279E-08 8.3084606E-09 9.4562003E-09 1.0025979E-08 1.0429845E-08 1.6469135E-08 1.6638877E-08 1.5554324E-08 1.4337194E-08  292.9610 293.0301 289.6874 285.6663 289.7215 288.0870 285.4163 283.6339 283.5487 281.5469 279.1185 278.8851 277.2728 274.9940 272.5428 273.5442  1338.68
1988 5.2818536E-09 4.1942458E-09 4.7692477E-09 7.5215683E-09 6.5277548E-09 6.4879351E-09 7.3850681E-09 9.4467953E-09 1.0785094E-08 1.2742309E-08 1.2202714E-08 1.1526073E-08 1.6301355E-08 1.6928865E-08 1.6559147E-08 1.5391844E-08  292.4859 293.2533 290.1801 286.3522 289.8094 288.4135 286.0062 284.4835 283.8641 281.9526 279.7438 279.7929 277.7811 275.3194 272.9800 274.0951  1215.42
1989 2.5530527E-09 3.8417136E-09 5.1966937E-09 8.4820382E-09 2.8707796E-09 4.6051190E-09 6.5219190E-09 7.3322308E-09 8.0335045E-09 9.1633163E-09 9.0805878E-09 7.8421865E-09 1.4665277E-08 1.4683807E-08 1.3251094E-08 1.1866200E-08  292.5867 293.7974 290.7731 286.8594 290.4324 288.9890 286.4420 284.6571 284.3760 282.4793 279.9583 279.6733 277.9365 275.5357 273.1139 273.9879  232.29
1990 5.2158051E-09 5.0090017E-09 6.0984555E-09 1.0709434E-08 7.2906783E-09 8.5689731E-09 8.9258414E-09 1.0904552E-08 1.0938169E-08 1.2519033E-08 1.2781575E-08 1.1110512E-08 1.6068860E-08 1.6409945E-08 1.5636239E-08 1.3664212E-08  292.8547 293.5537 290.2922 286.1803 290.2162 288.6252 286.0079 284.1031 284.1529 282.2099 279.4758 279.2234 278.0595 275.7470 273.2272 274.0316  249.935
1991 3.9749315E-09 3.3608345E-09 4.6286215E-09 8.0013134E-09 5.3287579E-09 5.8062555E-09 7.4880662E-09 9.6913695E-09 9.9408233E-09 1.0831162E-08 1.0370784E-08 1.0716601E-08 1.5585432E-08 1.5406240E-08 1.4526941E-08 1.3720085E-08  292.7108 293.8174 290.5709 286.4628 290.3891 288.8851 286.2945 284.4637 284.4247 282.3897 279.9325 279.6152 278.2102 275.7770 273.5212 274.3810  1615.16
1992 1.8227725E-09 1.0760254E-09 2.1374973E-09 5.4906057E-09 2.1668987E-09 2.5157798E-09 4.3237907E-09 7.8181728E-09 4.7081259E-09 5.8348157E-09 7.6087678E-09 9.7273274E-09 9.2329682E-09 1.0291853E-08 1.1827847E-08 1.3050642E-08  292.9089 293.9478 290.6526 286.5183 290.5569 288.8932 286.1463 284.2493 284.3842 282.1829 279.6142 279.2976 277.9247 275.2935 272.8432 273.5482  1429.03
1993 8.3760208E-09 9.2160564E-09 1.2529414E-08 1.9674816E-08 8.2655172E-09 1.1073358E-08 1.4180764E-08 1.7132640E-08 1.1091906E-08 1.4126206E-08 1.5781161E-08 1.5808208E-08 1.3653038E-08 1.4551839E-08 1.6006926E-08 1.7385540E-08  293.1420 293.0966 289.4360 285.1047 289.9052 288.0841 285.2297 283.1104 283.7129 281.5119 278.8582 278.5202 277.4408 274.9237 272.4729 273.1354  2296.45
1994 3.5010097E-09 3.3373615E-09 4.3755133E-09 8.2604767E-09 3.4622838E-09 4.5490220E-09 5.7045475E-09 7.9466647E-09 7.0859123E-09 7.7368050E-09 7.8364923E-09 8.1669365E-09 1.3228705E-08 1.3503183E-08 1.2811280E-08 1.2028678E-08  292.6936 293.3701 290.0749 286.0622 289.8787 288.2575 285.6026 283.8774 283.5557 281.5046 279.0864 278.9543 276.9924 274.5346 272.2299 273.2726  548
1995 5.7174585E-09 5.0880615E-09 6.6912897E-09 1.0168069E-08 5.7255867E-09 6.9864483E-09 8.7481782E-09 1.1303276E-08 8.8261585E-09 1.1833513E-08 1.2686239E-08 1.2038612E-08 1.4257337E-08 1.5837781E-08 1.6252155E-08 1.5866325E-08  292.8246 293.7334 290.5595 286.6825 290.2930 288.8027 286.2654 284.6310 284.1606 282.2791 279.8747 279.7230 277.7276 275.5252 273.3416 274.2424  1065.74
1996 2.2573825E-09 3.0443745E-09 5.3376259E-09 1.1257296E-08 2.5630975E-09 4.5359085E-09 7.2626225E-09 1.0026578E-08 7.0776736E-09 8.7583043E-09 9.9449187E-09 1.0295916E-08 1.3483982E-08 1.4103461E-08 1.3978105E-08 1.3414811E-08  292.8574 293.7479 290.3533 286.1247 290.4188 288.8808 286.1505 284.2700 284.2537 282.2719 279.7365 279.5204 277.7780 275.4208 273.1350 273.9687  131.032
1997 7.1698620E-09 7.8769604E-09 9.5098232E-09 1.5049594E-08 8.4499412E-09 9.1168983E-09 1.1285504E-08 1.3511568E-08 1.2298977E-08 1.2954287E-08 1.3186054E-08 1.2755552E-08 1.6876074E-08 1.7080504E-08 1.6271338E-08 1.5136800E-08  292.9589 293.4593 289.9301 285.5730 290.3612 288.5939 285.7903 283.8290 284.2042 282.0758 279.4584 279.2822 277.9349 275.3295 272.8022 273.9373  605.581
1998 3.3828429E-09 2.6525810E-09 1.8855140E-09 3.7831147E-09 3.8156296E-09 3.3836760E-09 3.0791423E-09 3.8203729E-09 7.0474289E-09 6.9103940E-09 5.4195977E-09 4.9446882E-09 1.1300476E-08 1.1883636E-08 1.0553221E-08 9.2251113E-09  292.6993 294.3636 291.6456 287.9942 290.8383 289.6082 287.3893 285.9811 284.9719 283.2048 281.0140 280.9984 278.6082 276.3872 274.2665 275.3387  1814.84
1999 1.7120606E-09 1.2519646E-09 1.8227425E-09 4.1586690E-09 1.3173277E-09 1.5402823E-09 2.7687344E-09 3.9532235E-09 3.3284286E-09 4.7444706E-09 5.6224509E-09 5.8421383E-09 9.0634558E-09 1.0368913E-08 1.0227370E-08 9.9629291E-09  292.4261 293.9458 291.2805 287.5999 290.4026 289.1812 286.9509 285.6348 284.6446 282.8211 280.5604 280.6498 278.3110 275.9921 273.8095 274.9182  250.065
2000 2.6564484E-09 2.1350977E-09 2.9607277E-09 6.3121686E-09 2.1916693E-09 2.6025928E-09 3.9448684E-09 6.3882868E-09 6.2076499E-09 6.6956898E-09 6.8537447E-09 7.2129085E-09 1.3255669E-08 1.3491830E-08 1.3119204E-08 1.2215087E-08  292.7572 293.5318 290.4111 286.4670 290.2944 288.7249 286.1468 284.3394 284.3285 282.2907 279.8314 279.5575 277.7717 275.3340 273.0341 273.9478  135.581
2001 4.2612611E-09 4.5938982E-09 7.6009261E-09 1.2875340E-08 4.3937329E-09 6.8985839E-09 1.0691664E-08 1.3456952E-08 8.5685015E-09 1.2723200E-08 1.4412632E-08 1.4277452E-08 1.3839404E-08 1.6290462E-08 1.7020307E-08 1.7180643E-08  292.7740 292.8852 289.8768 286.2441 289.5106 287.9657 285.5820 284.0636 283.5446 281.5116 279.0767 279.0411 277.3104 274.9231 272.5368 273.4381  731
2002 4.2939337E-09 3.3715690E-09 4.3420996E-09 8.5000833E-09 3.8359689E-09 4.2594692E-09 5.7360365E-09 8.8351078E-09 6.5607737E-09 7.7898310E-09 8.4863121E-09 9.2602868E-09 1.2017591E-08 1.3677113E-08 1.3684378E-08 1.4280641E-08  292.7146 293.4695 290.4468 286.6212 289.9412 288.4563 285.9492 284.2464 283.8404 281.8441 279.3387 279.0277 277.3516 274.9183 272.6273 273.4025  110.29
2003 5.9071530E-09 6.1119132E-09 7.3246444E-09 1.0390450E-08 6.5933645E-09 8.4779757E-09 1.0023007E-08 1.1163530E-08 9.0200034E-09 1.1163600E-08 1.2476314E-08 1.2141406E-08 1.2478073E-08 1.3503469E-08 1.3493099E-08 1.3792063E-08  292.2975 294.0663 290.9927 286.8318 290.6037 289.2819 286.7465 284.8202 284.8055 282.8895 280.3747 280.0807 278.6207 276.2810 273.8707 274.6507  606.581
2004 4.0261865E-09 3.7772687E-09 4.6462834E-09 7.2357476E-09 4.6567807E-09 5.6522240E-09 8.2049061E-09 9.6295620E-09 9.8179358E-09 1.2122214E-08 1.1749313E-08 1.0743566E-08 1.9585864E-08 1.8645505E-08 1.6867599E-08 1.4727328E-08  292.6526 293.4483 290.5172 286.8267 289.8720 288.5640 286.2427 284.8630 283.9054 282.1629 279.7870 279.9656 277.7960 275.7307 273.4088 274.5134  303.903
2005 3.5425294E-09 3.7213941E-09 6.7714336E-09 9.1928172E-09 3.3542942E-09 4.3716231E-09 7.2883029E-09 9.4801571E-09 7.8413738E-09 8.4938456E-09 8.3130329E-09 8.3215914E-09 1.3668263E-08 1.3723339E-08 1.2649482E-08 1.2052194E-08  292.7109 294.1960 290.9148 286.5542 290.7809 289.2770 286.5062 284.4679 284.8073 282.8025 280.1685 279.7014 278.5465 276.1425 273.7538 274.4718  1035.1
2006 4.3849067E-09 4.1923953E-09 5.7045324E-09 1.1020551E-08 5.4826352E-09 5.6376583E-09 7.2970523E-09 1.0522520E-08 1.0402363E-08 1.0138857E-08 9.9492725E-09 1.0466061E-08 1.4524584E-08 1.4002757E-08 1.3009124E-08 1.2598016E-08  292.6003 294.1254 291.0192 286.9803 290.8927 289.3903 286.8137 285.1337 285.0459 283.0385 280.6023 280.4425 278.8260 276.5603 274.2705 275.0630  128.032
2007 2.7592983E-09 2.0342243E-09 2.8632703E-09 7.8521945E-09 3.0310774E-09 3.1720806E-09 4.7828905E-09 8.1420000E-09 5.8375735E-09 6.9406649E-09 7.7139717E-09 8.4355314E-09 1.1559172E-08 1.1896270E-08 1.1960722E-08 1.2259308E-08  292.7427 294.0825 290.9667 286.8463 290.6194 289.2443 286.6524 284.7390 284.5952 282.7025 280.1789 279.7703 278.2365 275.9982 273.5881 274.3083  287.065
2008 2.6160238E-09 2.8985601E-09 3.8214689E-09 5.8647789E-09 2.8522087E-09 3.8927448E-09 5.5618314E-09 7.7219218E-09 6.1393539E-09 8.1686791E-09 8.8529344E-09 8.7926395E-09 1.2319009E-08 1.2807647E-08 1.2302626E-08 1.2284030E-08  292.3993 293.7953 290.8947 287.0821 290.3321 289.0489 286.7158 285.0699 284.5285 282.7212 280.3555 280.1454 278.2398 275.9969 273.7615 274.6680  690.548
2009 3.3856082E-09 3.5333771E-09 3.7906682E-09 7.9697795E-09 3.8987786E-09 4.4323811E-09 5.2853011E-09 8.8123633E-09 6.6660633E-09 7.6837168E-09 8.9476808E-09 9.2381223E-09 1.1654995E-08 1.2681817E-08 1.3249904E-08 1.3166478E-08  292.7582 294.1108 290.7265 286.4167 290.7351 289.2028 286.4218 284.3972 284.7014 282.6603 279.9491 279.5206 278.3759 275.8279 273.2711 273.9860  518.613
2010 5.2566369E-09 3.7826897E-09 3.4025771E-09 6.1151666E-09 6.1000036E-09 6.4030443E-09 6.9361024E-09 8.4182501E-09 1.1034508E-08 1.1144581E-08 1.0429384E-08 1.0257096E-08 1.6860819E-08 1.5638653E-08 1.4358367E-08 1.3271518E-08  0.0000000E+00 0.0000000E+00 0.0000000E+00 0.0000000E+00 0.0000000E+00 0.0000000E+00 0.0000000E+00 0.0000000E+00 0.0000000E+00 0.0000000E+00 0.0000000E+00 0.0000000E+00 0.0000000E+00 0.0000000E+00 0.0000000E+00 0.0000000E+00  1504.65
2011 1.6996080E-09 1.3138391E-09 1.8625088E-09 3.6043211E-09 2.1391962E-09 2.3913584E-09 3.8562615E-09 6.2826087E-09 5.8317480E-09 6.6929697E-09 8.0938785E-09 9.5275494E-09 1.2884099E-08 1.2667322E-08 1.3016626E-08 1.3683459E-08  292.4456 293.7696 290.7035 286.8698 290.3958 288.8660 286.3170 284.7554 284.2497 282.2177 279.8029 279.7504 277.7834 275.3276 273.0430 274.0398  161.452
2012 3.0726375E-09 2.1582180E-09 3.6659857E-09 7.1482540E-09 4.0113548E-09 3.8966110E-09 5.9593055E-09 8.7273930E-09 8.1576124E-09 8.8145562E-09 9.2846442E-09 1.0194722E-08 1.3631294E-08 1.3150286E-08 1.2783697E-08 1.3300533E-08  292.7707 294.4091 291.2578 287.0616 290.9364 289.6794 287.1370 285.2264 285.0031 283.2187 280.7359 280.4336 278.7822 276.5417 274.2672 275.1578  190.452
2013 2.5548716E-09 2.7842666E-09 4.5945763E-09 7.9893656E-09 3.3993128E-09 4.0704968E-09 6.8887540E-09 9.1904244E-09 7.1974151E-09 8.6898995E-09 9.7197042E-09 1.1111729E-08 1.3132874E-08 1.3939534E-08 1.3852716E-08 1.4418465E-08  292.6192 293.6145 290.5431 286.6705 290.2524 288.7704 286.2803 284.5141 284.1681 282.2344 279.7631 279.4261 277.5705 275.2422 272.9125 273.8094  313.258
2014 2.9437437E-09 3.2946881E-09 5.6076348E-09 1.1207173E-08 2.8742233E-09 4.0988306E-09 7.5966797E-09 1.0544816E-08 6.6118888E-09 7.8876230E-09 9.7372972E-09 1.1079220E-08 1.4126726E-08 1.4461707E-08 1.4514649E-08 1.4043194E-08  292.9017 293.3990 290.1896 286.1496 289.9763 288.5053 285.9283 284.1442 283.8880 281.9866 279.4928 279.2205 277.5509 275.3111 272.9129 273.5659  129.806
2015 4.2058041E-09 5.1276210E-09 7.2744637E-09 1.1268344E-08 5.3087543E-09 7.4179414E-09 1.0735233E-08 1.3618364E-08 1.0079840E-08 1.2529602E-08 1.2412228E-08 1.2837777E-08 1.4018670E-08 1.5464892E-08 1.5191254E-08 1.5941573E-08  293.2554 293.9284 290.5646 286.2549 290.5607 288.9659 286.1522 284.0836 284.5232 282.4297 279.7685 279.3192 278.2806 275.9310 273.4404 274.1100  243.806
