STN,prec_1,prec_2,prec_3,prec_4,prec_5,prec_6,prec_7,prec_8,prec_9,prec_10,prec_11,prec_12,prec_13,prec_14,prec_15,prec_16,st_1,st_2,st_3,st_4,st_5,st_6,st_7,st_8,st_9,st_10,st_11,st_12,st_13,st_14,st_15,st_16,07.0
LAT,29.30136,29.30136,29.30136,29.30136,32.09194,32.09194,32.09194,32.09194,34.88252,34.88252,34.88252,34.88252,37.67308,37.67308,37.67308,37.67308,29.30136,29.30136,29.30136,29.30136,32.09194,32.09194,32.09194,32.09194,34.88252,34.88252,34.88252,34.88252,37.67308,37.67308,37.67308,37.67308,33.6194949
LON,-115.3125,-112.5000,-109.6875,-106.8750,-115.3125,-112.5000,-109.6875,-106.8750,-115.3125,-112.5000,-109.6875,-106.8750,-115.3125,-112.5000,-109.6875,-106.8750,-115.3125,-112.5000,-109.6875,-106.8750,-115.3125,-112.5000,-109.6875,-106.8750,-115.3125,-112.5000,-109.6875,-106.8750,-115.3125,-112.5000,-109.6875,-106.8750,-110.9215037
1958 2.1157445E-09 1.9608983E-09 2.7642739E-09 5.7913576E-09 2.6908353E-09 3.5617054E-09 4.3760968E-09 5.8004930E-09 6.4667942E-09 7.1841422E-09 7.1593993E-09 7.2855082E-09 1.3600504E-08 1.2887818E-08 1.1611390E-08 1.1302292E-08  292.6639 293.9432 290.8723 287.0179 290.3540 289.0648 286.6602 285.0072 284.1905 282.5567 280.3346 280.0526 277.7946 275.8739 273.6934 274.5518  146.645
1959 2.4440121E-09 1.8036108E-09 2.8119578E-09 5.9743828E-09 2.5458480E-09 2.9528768E-09 4.6787862E-09 7.9585885E-09 6.1405716E-09 7.2288291E-09 8.8353191E-09 9.3870298E-09 1.3020997E-08 1.3077235E-08 1.2818854E-08 1.3110196E-08  292.5708 293.8254 290.7572 286.8382 290.3755 288.9141 286.3586 284.5990 284.3136 282.3513 279.8679 279.6712 277.9373 275.6181 273.2574 274.1707  228.29
1960 3.1499421E-09 2.8300802E-09 3.7955945E-09 7.8636093E-09 4.1411781E-09 5.4887721E-09 6.4102617E-09 8.6987324E-09 8.9672687E-09 1.0896077E-08 1.0561314E-08 9.8032924E-09 1.4738243E-08 1.5711151E-08 1.4932382E-08 1.4246169E-08  292.5475 293.0450 290.0742 286.5002 289.4802 287.9943 285.7048 284.3704 283.3229 281.4719 279.2334 279.3234 276.8535 274.6121 272.5490 273.6336  130.774
1961 2.4050864E-09 2.6227212E-09 4.1069637E-09 8.1142577E-09 3.9284238E-09 4.5093391E-09 6.2025798E-09 8.8265573E-09 8.7168370E-09 9.2198889E-09 9.6910506E-09 9.7930730E-09 1.4830037E-08 1.4355400E-08 1.3615535E-08 1.3153707E-08  292.5864 293.6436 290.5116 286.5238 290.2416 288.6913 286.1051 284.3806 284.1703 282.1713 279.6065 279.4050 277.7538 275.4553 273.1274 273.9485  139.323
1962 4.0846668E-09 3.5365177E-09 3.7503218E-09 5.7368399E-09 3.9863646E-09 4.7562407E-09 5.8932654E-09 6.5818671E-09 8.0595921E-09 8.9740606E-09 8.7000789E-09 7.9728952E-09 1.2711019E-08 1.3008109E-08 1.1886384E-08 1.0902686E-08  292.4003 293.7131 290.7144 286.8570 290.3504 288.8806 286.3717 284.7984 284.4032 282.4790 280.0590 279.9102 278.1539 275.8862 273.7055 274.5443  182.903
1963 4.0736019E-09 3.7143661E-09 5.4391016E-09 1.2076306E-08 4.5746598E-09 5.2875180E-09 7.0240973E-09 1.0358737E-08 9.3506474E-09 1.0007529E-08 1.0618536E-08 1.1812171E-08 1.4912606E-08 1.4598586E-08 1.4606614E-08 1.5467545E-08  292.6370 293.6553 290.5841 286.7188 290.1657 288.7792 286.3682 284.7351 284.0500 282.2228 279.8161 279.7722 277.7378 275.4742 273.1122 273.9955  78.3226
1964 4.8151483E-09 2.9793772E-09 3.0295955E-09 5.0355506E-09 5.7148171E-09 4.8427777E-09 4.5558304E-09 5.2163731E-09 8.6641858E-09 7.6920088E-09 6.3079666E-09 6.1238201E-09 1.2547329E-08 1.1712717E-08 1.0431245E-08 9.7739425E-09  292.2990 294.2504 291.3420 287.4337 290.6145 289.4330 287.1240 285.5567 284.6536 282.9399 280.6831 280.5666 278.2840 276.1077 273.7673 274.8103  278.871
1965 3.2894008E-09 3.3052621E-09 5.1814339E-09 9.5750128E-09 3.0485938E-09 4.6854174E-09 6.6432326E-09 9.2530543E-09 6.1940422E-09 7.2512987E-09 8.0803559E-09 8.5832284E-09 1.1586188E-08 1.1473388E-08 1.1507561E-08 1.0979022E-08  292.7156 293.4607 290.0244 285.8518 290.2036 288.4892 285.7368 283.7539 284.2003 281.9892 279.2025 278.8791 277.8397 275.1384 272.5256 273.4529  396.645
1966 3.0791405E-09 1.9106807E-09 2.8641962E-09 7.9090299E-09 3.4313870E-09 4.1384598E-09 5.3924754E-09 8.6010177E-09 6.1366618E-09 7.8483886E-09 8.9038572E-09 1.0528585E-08 1.0273415E-08 1.1577028E-08 1.1622348E-08 1.2478838E-08  292.4902 293.7219 290.5951 286.5031 290.2737 288.7950 286.2437 284.4782 284.1140 282.1594 279.6895 279.4084 277.8072 275.3685 272.9700 273.7643  200.194
1967 4.5345785E-09 4.0408628E-09 4.8969326E-09 7.9028499E-09 5.0484892E-09 6.3418728E-09 8.5200789E-09 1.0796248E-08 9.3731023E-09 1.0540147E-08 1.1311077E-08 1.1665288E-08 1.4983295E-08 1.5340090E-08 1.4836538E-08 1.4411411E-08  292.4724 293.6535 290.4354 286.4371 290.2766 288.7900 286.2609 284.4523 284.3396 282.4327 279.9645 279.6471 278.1742 275.8878 273.5368 274.2891  376.548
1968 2.2454254E-09 2.2338253E-09 4.3265400E-09 8.7289260E-09 3.7163965E-09 4.3226751E-09 6.4264953E-09 8.5880414E-09 9.2570573E-09 1.0073031E-08 9.9904511E-09 9.6794386E-09 1.5651516E-08 1.5943364E-08 1.5307455E-08 1.4608259E-08  292.5227 293.2529 289.9918 286.0287 289.8658 288.2654 285.6538 283.8644 283.6325 281.6367 279.2528 279.0321 277.2606 274.9121 272.7228 273.5226  281.516
1969 2.4312561E-09 3.0107064E-09 4.5579220E-09 8.6385681E-09 3.0324305E-09 4.8830540E-09 7.0739099E-09 8.5972971E-09 7.1971371E-09 8.8133891E-09 9.5710684E-09 9.3155395E-09 1.3181072E-08 1.3980880E-08 1.3419784E-08 1.3288261E-08  292.5460 293.1329 289.9508 286.0148 289.8258 288.2395 285.6641 283.8911 283.7807 281.7420 279.2457 279.0052 277.5273 274.9974 272.5830 273.4286  213.129
1970 3.2559435E-09 1.7518880E-09 2.1310613E-09 5.6647482E-09 4.0350856E-09 3.6903227E-09 4.1669024E-09 6.2465970E-09 7.9150970E-09 7.7706579E-09 7.5342577E-09 7.6066637E-09 1.3865743E-08 1.2886208E-08 1.1629898E-08 1.0525243E-08  292.4341 293.6135 290.5261 286.6224 290.1896 288.7680 286.2783 284.6370 284.1414 282.2599 279.8522 279.6870 277.7862 275.5389 273.1820 274.1060  162.935
1971 1.7591015E-09 1.4297913E-09 1.6071063E-09 4.3210764E-09 2.0976159E-09 2.7225451E-09 4.1266301E-09 5.6701035E-09 4.9136557E-09 6.4218333E-09 7.1616681E-09 7.2771904E-09 1.1086707E-08 1.1898592E-08 1.1500463E-08 1.0918434E-08  292.3478 293.7414 290.5595 286.5797 290.4857 288.9482 286.2754 284.4588 284.5140 282.5189 279.9498 279.6538 278.1999 275.8434 273.4220 274.3270  122.871
1972 3.2337861E-09 2.4034232E-09 3.9543839E-09 8.2837976E-09 4.5030846E-09 4.7653117E-09 6.3922045E-09 9.4285806E-09 9.5483630E-09 1.0285420E-08 1.0982915E-08 1.1372608E-08 1.5388297E-08 1.5182538E-08 1.4676196E-08 1.4742659E-08  292.6377 293.1771 290.0821 286.2135 289.7796 288.2708 285.7868 284.0461 283.6886 281.7513 279.3513 279.0715 277.3883 275.0500 272.6663 273.5434  149.323
1973 3.1197309E-09 2.7181073E-09 3.3323617E-09 5.4803109E-09 3.3828538E-09 4.6039554E-09 6.6155836E-09 8.0389873E-09 7.8598115E-09 9.2888888E-09 9.9529371E-09 9.1764178E-09 1.4329792E-08 1.4532125E-08 1.3654486E-08 1.1787919E-08  292.2585 293.6025 290.6864 287.0001 290.3329 288.8338 286.4465 284.9237 284.4200 282.4658 280.0555 279.9888 278.1234 275.8176 273.5748 274.5517  557.452
1974 2.9725513E-09 1.8286404E-09 2.6766795E-09 5.9678666E-09 4.7372390E-09 4.4485722E-09 5.5900280E-09 7.5775262E-09 7.7332709E-09 9.0415906E-09 1.0103379E-08 9.4821182E-09 1.5355862E-08 1.4906689E-08 1.4614629E-08 1.4016813E-08  292.3295 293.2396 290.1255 286.1982 289.8760 288.3234 285.7617 284.1190 283.7716 281.7388 279.2476 279.1079 277.3668 274.8576 272.4420 273.3009  173.161
1975 3.1788723E-09 1.5621071E-09 2.2649982E-09 4.9131370E-09 3.9907326E-09 3.8655763E-09 4.4837818E-09 6.3627645E-09 8.5751539E-09 9.0921022E-09 8.7435099E-09 8.8898870E-09 1.3914310E-08 1.2888733E-08 1.1836963E-08 1.1812571E-08  292.1991 293.6505 290.7058 286.8565 290.0971 288.8403 286.5068 284.8618 284.1625 282.4169 280.1077 279.8878 277.9977 275.7529 273.4457 274.2408  324.323
1976 2.7750362E-09 2.5514373E-09 3.7693435E-09 8.7547001E-09 3.1306535E-09 3.8706740E-09 6.2013874E-09 9.7812061E-09 6.8768009E-09 8.1237719E-09 1.0066179E-08 9.7461745E-09 1.2126875E-08 1.2393172E-08 1.2188622E-08 1.1874475E-08  292.4380 293.5130 290.2708 286.1614 290.2084 288.7309 286.0947 284.1774 284.1945 282.2428 279.6357 279.3779 277.9628 275.6116 273.0063 273.8022  297.065
1977 2.5014388E-09 2.5230349E-09 3.3730629E-09 6.8195325E-09 3.6769690E-09 4.4785962E-09 6.1387411E-09 8.1077109E-09 7.1891431E-09 7.8905584E-09 8.3855625E-09 8.4622211E-09 1.2169609E-08 1.2377998E-08 1.2011097E-08 1.1669745E-08  292.5072 293.5416 290.3847 286.3378 290.1884 288.6909 286.1128 284.3790 283.9942 282.0402 279.5554 279.3829 277.5311 275.1222 272.7943 273.7988  225.065
1978 2.4659841E-09 2.9113933E-09 4.8650750E-09 9.1479713E-09 3.4073933E-09 4.5904587E-09 6.6928578E-09 8.2478966E-09 8.9620027E-09 9.6835171E-09 9.9224922E-09 9.1937036E-09 1.4238405E-08 1.4434871E-08 1.3053829E-08 1.2486849E-08  292.5130 293.9356 290.5402 286.2935 290.7613 289.1837 286.4182 284.5336 284.7726 282.7926 280.2225 279.9720 278.4952 276.1944 273.8431 274.8064  190.839
1979 3.6664454E-09 3.8077173E-09 6.5350152E-09 1.2546375E-08 4.4549844E-09 5.4571414E-09 8.3927896E-09 1.2715019E-08 7.7407414E-09 9.5886108E-09 1.0720009E-08 1.2765492E-08 1.2522619E-08 1.3504161E-08 1.3914439E-08 1.4790301E-08  292.6065 293.3616 290.2211 286.2708 290.0039 288.5144 285.8869 284.0464 283.9304 281.9811 279.4438 279.1493 277.5450 275.2484 272.8794 273.7098  403.355
1980 3.1767298E-09 3.4051628E-09 5.1264357E-09 9.5554471E-09 3.1397682E-09 4.5350577E-09 6.7339667E-09 1.0194017E-08 7.5426074E-09 8.6987884E-09 9.6709201E-09 1.0047569E-08 1.4627176E-08 1.4566130E-08 1.3894128E-08 1.2895079E-08  292.6251 293.4151 290.2208 286.3989 289.9896 288.4837 286.0177 284.4236 283.9322 282.0560 279.7020 279.5938 277.6000 275.2791 273.0499 274.0550  369.355
1981 3.1585188E-09 2.9052387E-09 4.7536490E-09 7.9681000E-09 3.0944760E-09 4.1847343E-09 5.7858558E-09 7.4389606E-09 5.9305774E-09 6.9829413E-09 8.2111535E-09 9.2895522E-09 1.1951080E-08 1.1996636E-08 1.1336518E-08 1.1358654E-08  292.5833 293.6256 290.4871 286.4173 290.2563 288.6988 286.0456 284.1825 284.1687 282.1074 279.4937 279.1648 277.8421 275.4118 273.0393 273.8395  269.29
1982 8.2287208E-09 1.1091135E-08 1.2337928E-08 1.5729585E-08 7.0658950E-09 1.0926976E-08 1.3637661E-08 1.5942378E-08 8.9773309E-09 1.2978425E-08 1.5052160E-08 1.5178303E-08 1.4827750E-08 1.5520842E-08 1.6003366E-08 1.6738863E-08  292.5872 292.6659 289.3152 285.2880 289.6670 287.8307 285.1543 283.2657 283.8098 281.6234 278.9224 278.6043 277.7058 275.2660 272.6527 273.2950  202.323
1983 3.2040246E-09 2.2024862E-09 2.9589045E-09 6.7517441E-09 3.3097709E-09 3.8644252E-09 5.0244058E-09 7.3970563E-09 6.0888228E-09 7.0271016E-09 7.7399802E-09 8.8512406E-09 1.0897431E-08 1.1213276E-08 1.0534958E-08 1.0063142E-08  292.9398 294.5435 291.1633 286.7908 291.1342 289.5768 286.8839 284.8960 285.1136 283.0932 280.5051 280.1491 279.0766 276.6822 274.1419 274.8911  445.613
1984 3.8048822E-09 3.5119374E-09 5.6528662E-09 9.2472510E-09 5.9047625E-09 6.9251791E-09 8.3583922E-09 9.8917585E-09 1.0181322E-08 1.1830134E-08 1.0871631E-08 9.5150590E-09 1.3640082E-08 1.4350080E-08 1.3102815E-08 1.1506856E-08  292.7539 294.1762 291.3134 287.3620 290.5470 289.2356 286.8716 285.2210 284.6732 282.8301 280.4285 280.2792 278.3749 276.1033 273.7628 274.8063  328.742
1985 4.8727311E-09 3.8188537E-09 3.0973701E-09 4.6895106E-09 6.4310020E-09 7.0089574E-09 6.4302972E-09 6.6546861E-09 9.8366391E-09 1.1211656E-08 1.0346547E-08 8.9584820E-09 1.4058039E-08 1.4571381E-08 1.3909276E-08 1.3309213E-08  292.5972 293.5223 290.5761 286.7295 290.1273 288.6460 286.2665 284.6612 284.2503 282.2793 279.8552 279.7716 278.0351 275.6754 273.2485 274.1159  322.742
1986 4.5627719E-09 4.5648179E-09 6.0502030E-09 1.0346613E-08 6.4542638E-09 7.3377766E-09 9.1191295E-09 1.1683457E-08 1.1642459E-08 1.3240132E-08 1.4036848E-08 1.3091259E-08 1.6707890E-08 1.6565775E-08 1.6689963E-08 1.6429832E-08  292.9213 293.6159 290.2690 286.0524 290.2313 288.6142 285.9584 284.0263 284.0935 282.1375 279.5536 279.1741 277.8474 275.5311 273.0681 273.7183  393.452
1987 6.3222365E-09 6.7712902E-09 7.8177846E-09 1.3203867E-08 5.9027925E-09 7.2822028E-09 9.1075156E-09 1.2014183E-08 7.7654043E-09 1.0311217E-08 1.1144028E-08 1.1593027E-08 1.3187214E-08 1.3867814E-08 1.3681000E-08 1.3993284E-08  293.0084 293.5292 290.1828 285.9375 290.2434 288.5803 285.9124 283.9292 284.1058 282.0451 279.5861 279.2249 277.7954 275.3886 273.0848 273.8188  221.968
1988 4.1373478E-09 2.6128391E-09 3.4178267E-09 6.9388992E-09 3.9457690E-09 3.5908090E-09 5.6376233E-09 7.6082847E-09 6.7050920E-09 7.5545055E-09 8.4021563E-09 9.0778025E-09 1.1035207E-08 1.0986623E-08 1.1503166E-08 1.2164875E-08  292.4716 294.5016 291.5122 287.2834 291.0701 289.9128 287.4186 285.5207 285.4589 283.5420 281.1556 280.7668 279.2647 276.9041 274.5341 275.2277  313.29
1989 1.8973139E-09 1.7552275E-09 2.1067508E-09 4.6750097E-09 2.3200488E-09 2.5214464E-09 3.1683549E-09 4.4117119E-09 6.2031793E-09 5.8318670E-09 5.3224616E-09 5.3435394E-09 1.3777237E-08 1.1356794E-08 1.0038834E-08 8.9422088E-09  292.6379 294.2982 291.0666 287.0332 290.8068 289.4783 286.9174 285.2589 284.7238 282.9134 280.4892 280.3996 278.3407 276.1273 273.8294 274.8889  140.613
1990 3.5469474E-09 3.8238901E-09 5.4683458E-09 9.6991322E-09 4.2740220E-09 5.6111036E-09 7.8868956E-09 1.0833295E-08 7.9524671E-09 9.6230028E-09 1.0779814E-08 1.1173822E-08 1.5325359E-08 1.5178390E-08 1.5019824E-08 1.4667193E-08  292.8934 293.6457 290.3202 286.1265 290.1629 288.6223 285.9987 284.1388 283.9801 281.9926 279.4933 279.1808 277.6888 275.2961 272.7730 273.6079  483.71
1991 3.5977932E-09 4.0508219E-09 6.7534276E-09 1.0403838E-08 5.7323990E-09 6.1266898E-09 8.8293506E-09 1.0452871E-08 9.4208819E-09 1.0232181E-08 1.1096052E-08 1.1417693E-08 1.3504788E-08 1.3983125E-08 1.3789214E-08 1.3911368E-08  292.7920 293.5111 290.1691 286.1592 290.1413 288.6237 285.9628 284.2729 284.2175 282.2597 279.7276 279.3756 278.1091 275.8111 273.3748 274.0451  218.968
1992 4.3819393E-09 5.9645684E-09 8.9389998E-09 1.3045355E-08 7.1091377E-09 7.6007307E-09 9.7843538E-09 1.3203650E-08 1.0100534E-08 1.0872015E-08 1.1037201E-08 1.2045977E-08 1.3951378E-08 1.4167160E-08 1.3497575E-08 1.2939987E-08  293.1217 293.3914 289.8684 285.4418 289.9787 288.2575 285.3828 283.2256 283.8785 281.8362 279.1242 278.6789 277.8187 275.3643 272.8180 273.6160  278.613
1993 5.8817560E-09 7.3534854E-09 1.0177468E-08 1.7288817E-08 5.9788361E-09 7.4896631E-09 1.0275827E-08 1.4437672E-08 9.2077999E-09 1.0564093E-08 1.1618583E-08 1.2400040E-08 1.3185206E-08 1.4452478E-08 1.4875049E-08 1.5180536E-08  293.2622 292.8524 289.2067 284.9677 289.7018 287.7755 284.8760 282.8907 283.4229 281.2335 278.5461 278.1993 277.1308 274.5123 271.9272 272.7100  294.387
1994 4.9515130E-09 5.6425500E-09 9.4755368E-09 1.4488346E-08 5.0232085E-09 6.3270948E-09 9.3876320E-09 1.2373568E-08 1.0125932E-08 1.0956119E-08 1.1869243E-08 1.2127535E-08 1.5074498E-08 1.4658450E-08 1.5083778E-08 1.5428277E-08  292.8121 293.4712 289.9915 285.6155 289.9954 288.4669 285.7691 283.7508 283.9342 281.9236 279.3667 278.9898 277.7281 275.2910 272.7610 273.4696  147.806
1995 4.6917443E-09 3.5564447E-09 4.8294675E-09 9.4786969E-09 5.3711409E-09 5.5621197E-09 6.3514882E-09 8.7218623E-09 1.0191989E-08 1.0357105E-08 9.7712256E-09 9.0615604E-09 1.6979643E-08 1.6030572E-08 1.4562866E-08 1.3225024E-08  292.7290 293.5298 290.6990 287.0747 289.8982 288.6620 286.4863 285.0760 283.8140 282.1837 280.0551 280.0044 277.5206 275.4831 273.4281 274.3586  220.613
1996 3.5666359E-09 3.0701992E-09 4.6181525E-09 8.7375165E-09 3.7656576E-09 4.1723234E-09 6.5483525E-09 9.3537116E-09 8.1399643E-09 9.2354124E-09 9.3710391E-09 9.4501127E-09 1.5031638E-08 1.4953432E-08 1.3940926E-08 1.2744821E-08  292.9691 293.7579 290.6878 286.7339 290.2162 288.8190 286.2967 284.5720 284.0529 282.1371 279.6933 279.5313 277.7876 275.4244 273.0035 273.8849  245
1997 6.5180856E-09 6.2349903E-09 6.6151946E-09 1.1659108E-08 7.4464888E-09 8.8597236E-09 9.7194119E-09 1.2469550E-08 1.3420760E-08 1.5131935E-08 1.4673680E-08 1.4756239E-08 1.8497399E-08 1.8454635E-08 1.8435991E-08 1.6813274E-08  293.1513 293.1846 289.6753 285.3653 289.7794 288.0159 285.4387 283.5028 283.4959 281.4577 278.9490 278.7033 277.4049 275.0593 272.6737 273.4699  132.129
1998 1.7746811E-09 1.5341414E-09 2.3430111E-09 4.1655412E-09 2.1347335E-09 2.5322622E-09 3.1294358E-09 4.7662101E-09 6.3091798E-09 6.3931456E-09 5.8543681E-09 6.2033889E-09 1.3086053E-08 1.1984901E-08 1.0604292E-08 9.2246939E-09  292.7781 294.7811 291.6267 287.5196 291.2994 289.9240 287.3727 285.6654 285.3391 283.4619 281.0406 280.8917 279.0951 276.8381 274.5576 275.5219  252.71
1999 1.8538304E-09 1.5200882E-09 2.0988835E-09 3.5966436E-09 2.0173063E-09 2.4779481E-09 3.0215783E-09 3.9035575E-09 4.4882418E-09 4.7668345E-09 5.1343982E-09 5.4065747E-09 8.7391276E-09 8.9671603E-09 8.7016474E-09 9.0885388E-09  292.4591 294.4130 291.5027 287.5308 290.9991 289.7659 287.3357 285.6161 285.3201 283.4689 281.0596 280.7289 279.0388 276.6080 274.3246 275.1367  416.452
2000 2.2869526E-09 2.5158353E-09 4.8333320E-09 8.5706668E-09 2.4282401E-09 3.2787766E-09 5.7514997E-09 8.1768095E-09 5.8353105E-09 6.6323778E-09 8.0509812E-09 8.7426155E-09 1.2381411E-08 1.1962553E-08 1.1868496E-08 1.1516923E-08  292.9131 294.0306 290.9068 286.8871 290.7640 289.3038 286.6802 284.8909 284.9568 282.9450 280.3538 280.0310 278.6918 276.2868 273.7932 274.5299  128.258
2001 4.8037130E-09 3.8656065E-09 4.4867625E-09 8.5257224E-09 5.3545883E-09 5.6745417E-09 6.4240395E-09 8.8482919E-09 9.6550350E-09 9.8325152E-09 9.9907549E-09 9.2412273E-09 1.6220412E-08 1.5229089E-08 1.4465808E-08 1.3459400E-08  292.9205 293.9128 290.9373 287.1232 290.3987 289.0850 286.7610 285.2849 284.6623 282.8437 280.4942 280.4130 278.5436 276.2495 273.9763 274.8868  168.871
2002 4.0501962E-09 3.8740948E-09 4.7680682E-09 8.7482181E-09 4.9025464E-09 5.7063438E-09 7.2733131E-09 9.6364099E-09 1.0331205E-08 1.1472651E-08 1.1627473E-08 1.0312230E-08 1.7776349E-08 1.6904330E-08 1.5364364E-08 1.4319711E-08  292.9154 294.0546 291.0576 287.0838 290.3463 289.0733 286.6330 284.9682 284.4170 282.5961 280.3001 280.1957 278.2560 276.0312 273.8546 274.8417  254.935
2003 3.9423433E-09 2.9471117E-09 2.4832241E-09 5.1681819E-09 4.5902637E-09 4.7726840E-09 4.5528719E-09 5.5716138E-09 1.0472951E-08 1.1142015E-08 9.6190229E-09 7.0294273E-09 1.7312823E-08 1.6968219E-08 1.4525872E-08 1.1668355E-08  292.5778 293.8935 290.8835 286.9557 290.2538 288.9337 286.5157 284.9456 284.0836 282.2460 280.0213 280.0157 277.4599 275.2384 273.2033 274.3764  188.968
2004 2.2712856E-09 2.3942128E-09 3.3761232E-09 6.5321379E-09 2.3968110E-09 3.3064849E-09 5.0827080E-09 7.4911384E-09 5.6292002E-09 7.1045072E-09 7.9376781E-09 8.3806695E-09 1.4225016E-08 1.3518062E-08 1.3485013E-08 1.3538648E-08  292.9611 293.4929 290.3085 286.4625 290.2957 288.8879 286.3878 284.7509 284.3239 282.5161 280.1983 280.0457 277.9868 275.8378 273.5990 274.4470  189.032
2005 3.7883723E-09 3.5445573E-09 4.6602020E-09 8.5355385E-09 5.2240172E-09 5.5385470E-09 6.8233170E-09 8.6995762E-09 8.6734060E-09 1.0555122E-08 1.1080806E-08 1.0874981E-08 1.2941366E-08 1.4299649E-08 1.5097786E-08 1.4762882E-08  292.8673 293.9439 290.6547 286.6140 290.3831 288.8959 286.2679 284.4977 284.3770 282.3737 279.8612 279.6678 278.1456 275.7002 273.2397 274.1135  146.355
2006 4.4321480E-09 4.1545460E-09 4.6746007E-09 9.0609280E-09 5.6580709E-09 6.2843397E-09 7.7047488E-09 1.0250043E-08 1.1189920E-08 1.1612168E-08 1.1508589E-08 1.0838435E-08 1.6990999E-08 1.5947720E-08 1.4491235E-08 1.3652119E-08  292.5809 293.3870 290.6411 287.1603 289.8824 288.5930 286.3973 285.0945 284.0134 282.2756 280.1368 280.2306 277.7119 275.6470 273.7354 274.6433  481.355
2007 1.7405836E-09 1.8464799E-09 3.3551217E-09 7.5382038E-09 2.2053419E-09 3.3365635E-09 5.4637557E-09 8.2188745E-09 5.4031193E-09 6.9393087E-09 8.3801259E-09 9.2451033E-09 1.0926354E-08 1.2304802E-08 1.2647459E-08 1.2677053E-08  292.5537 294.2618 291.0467 286.8504 290.9352 289.4688 286.7670 284.8391 284.9436 282.8893 280.4383 280.1131 278.6111 276.2463 274.0309 274.7863  242.29
2008 2.2421365E-09 1.3593474E-09 2.9340304E-09 4.3424508E-09 2.7541822E-09 3.2270802E-09 4.4443933E-09 5.5045475E-09 5.8737415E-09 6.9645867E-09 7.6239921E-09 6.7457111E-09 1.3290714E-08 1.3181515E-08 1.2606475E-08 1.1085776E-08  292.3699 293.7045 290.9471 287.4691 290.2212 288.9627 286.6887 285.4224 284.2893 282.5322 280.3381 280.4426 277.8320 275.6622 273.6427 274.7409  371.355
2009 4.6238360E-09 3.7222252E-09 4.1200043E-09 7.8227549E-09 5.3748699E-09 4.6987347E-09 5.6198100E-09 8.0262748E-09 9.1938608E-09 9.1141885E-09 9.9837170E-09 9.2261825E-09 1.6788414E-08 1.5745886E-08 1.5020726E-08 1.4675832E-08  0.0000000E+00 0.0000000E+00 0.0000000E+00 0.0000000E+00 0.0000000E+00 0.0000000E+00 0.0000000E+00 0.0000000E+00 0.0000000E+00 0.0000000E+00 0.0000000E+00 0.0000000E+00 0.0000000E+00 0.0000000E+00 0.0000000E+00 0.0000000E+00  147.548
2010 3.0312803E-09 3.1109768E-09 3.4148147E-09 3.9986618E-09 3.3316501E-09 3.9887835E-09 4.5387725E-09 5.5428004E-09 6.2410814E-09 7.1642874E-09 7.3504762E-09 7.4670155E-09 9.9418411E-09 1.0712079E-08 1.0685376E-08 1.1439794E-08  292.5404 294.4605 291.7523 288.0155 291.0374 289.7417 287.4482 285.8849 285.1770 283.2612 281.0340 280.8206 278.9270 276.5421 274.3628 275.1360  366.645
2011 2.2729494E-09 1.9813899E-09 3.0659029E-09 5.9288130E-09 3.1883609E-09 3.2307332E-09 4.6882174E-09 5.6232698E-09 8.3625293E-09 8.3606242E-09 7.7865465E-09 7.4422135E-09 1.5633892E-08 1.4728579E-08 1.3045994E-08 1.2033095E-08  292.5476 293.5365 290.6025 286.9865 290.2085 288.8260 286.5138 285.1407 284.2759 282.4193 280.1920 280.3384 277.8719 275.5224 273.3995 274.5193  126.677
2012 3.1539649E-09 3.3072263E-09 5.9411653E-09 9.7164037E-09 3.8908960E-09 4.5971356E-09 6.6962276E-09 8.3873646E-09 7.9336333E-09 8.3845428E-09 8.4121652E-09 8.0886888E-09 1.4088252E-08 1.3721700E-08 1.2681767E-08 1.1604075E-08  292.8257 294.1859 290.8534 286.5481 290.6360 289.1864 286.5546 284.6242 284.6719 282.7602 280.2353 279.9894 278.4677 276.1743 273.6961 274.6640  138.097
2013 2.8400640E-09 2.0628865E-09 2.1667288E-09 4.2811101E-09 4.1310568E-09 3.8322407E-09 4.3514401E-09 5.1049911E-09 9.2889882E-09 9.4050971E-09 9.0046823E-09 7.3063076E-09 1.6106142E-08 1.5497054E-08 1.4382622E-08 1.2722123E-08  292.6879 293.8127 290.7905 286.8868 290.2493 288.8693 286.4150 284.8456 284.1788 282.3343 280.0195 279.9301 277.8830 275.6462 273.3496 274.4070  340.452
2014 3.8719867E-09 4.0033568E-09 5.1931908E-09 9.8199928E-09 3.8788350E-09 5.2389626E-09 7.3694957E-09 1.0365749E-08 8.5997458E-09 9.8529531E-09 1.0734369E-08 1.1351644E-08 1.4207311E-08 1.4725876E-08 1.5430771E-08 1.6235779E-08  293.0362 293.5056 290.4023 286.4755 290.0037 288.5673 286.1324 284.5064 283.9368 282.0818 279.7736 279.7257 277.6192 275.3829 273.1916 274.0709  167.032
2015 7.4572712E-09 7.8413418E-09 9.8833803E-09 1.4862078E-08 6.9644113E-09 8.2099563E-09 9.7064721E-09 1.1600616E-08 7.8830009E-09 9.4596100E-09 1.0180575E-08 1.0851859E-08 1.0531439E-08 1.0953457E-08 1.1935578E-08 1.2411247E-08  293.3913 294.1610 290.7375 286.3280 290.8833 289.1570 286.4579 284.3086 284.8930 282.7107 279.9843 279.5752 278.7346 276.1644 273.5517 274.4052  386
