STN,prec_1,prec_2,prec_3,prec_4,prec_5,prec_6,prec_7,prec_8,prec_9,prec_10,prec_11,prec_12,prec_13,prec_14,prec_15,prec_16,st_1,st_2,st_3,st_4,st_5,st_6,st_7,st_8,st_9,st_10,st_11,st_12,st_13,st_14,st_15,st_16,09.0
LAT,29.30136,29.30136,29.30136,29.30136,32.09194,32.09194,32.09194,32.09194,34.88252,34.88252,34.88252,34.88252,37.67308,37.67308,37.67308,37.67308,29.30136,29.30136,29.30136,29.30136,32.09194,32.09194,32.09194,32.09194,34.88252,34.88252,34.88252,34.88252,37.67308,37.67308,37.67308,37.67308,33.6194949
LON,-115.3125,-112.5000,-109.6875,-106.8750,-115.3125,-112.5000,-109.6875,-106.8750,-115.3125,-112.5000,-109.6875,-106.8750,-115.3125,-112.5000,-109.6875,-106.8750,-115.3125,-112.5000,-109.6875,-106.8750,-115.3125,-112.5000,-109.6875,-106.8750,-115.3125,-112.5000,-109.6875,-106.8750,-115.3125,-112.5000,-109.6875,-106.8750,-110.9215037
1958 5.9374767E-09 6.8665966E-09 8.2700753E-09 1.3097653E-08 9.4961816E-09 1.0383799E-08 1.2909082E-08 1.5361628E-08 1.8127945E-08 1.9070983E-08 1.9483439E-08 1.8827221E-08 2.4381695E-08 2.2507505E-08 2.1511417E-08 2.0964155E-08  289.5388 292.9837 289.3671 285.4434 289.9648 288.2472 285.3993 283.5807 283.0981 280.6514 278.1029 278.1714 275.5030 272.9686 270.4719 271.8431  570.633
1959 4.6050301E-09 4.6271738E-09 5.6582810E-09 9.6723243E-09 6.8973800E-09 7.7759061E-09 1.0537983E-08 1.2447241E-08 1.3708608E-08 1.4597874E-08 1.5384394E-08 1.6096891E-08 2.2918742E-08 2.1142688E-08 2.1311633E-08 2.0552521E-08  289.5923 293.4615 289.8097 285.9843 290.4001 288.8029 285.8803 284.1650 283.3521 281.1572 278.7447 278.7378 275.4981 272.8430 270.3720 272.2593  236.533
1960 3.0151985E-09 3.4131549E-09 5.0212492E-09 8.1256974E-09 5.5152309E-09 6.5876491E-09 9.3093053E-09 1.1712975E-08 1.0561628E-08 1.3013856E-08 1.4537479E-08 1.5095447E-08 1.8066515E-08 1.8627800E-08 1.9835227E-08 2.0249413E-08  289.4612 293.5219 289.9489 286.1766 290.6844 289.0592 286.0951 284.4085 283.9045 281.5967 279.0330 279.0974 275.9982 273.7841 271.2101 272.6429  136
1961 3.6779564E-09 3.6556846E-09 4.7606128E-09 7.3351130E-09 6.9895303E-09 7.2775777E-09 9.1719699E-09 9.9193489E-09 1.5864664E-08 1.6816580E-08 1.5322859E-08 1.3374384E-08 2.3455275E-08 2.2429868E-08 2.2536817E-08 2.1299320E-08  289.4889 293.0602 289.6018 286.1605 289.7166 288.1833 285.4815 284.1492 282.5470 280.3033 278.0461 278.5073 274.5724 272.2126 269.7780 271.6315  240.567
1962 5.0473963E-09 5.0169482E-09 5.0756541E-09 8.2514759E-09 8.5680805E-09 8.5389722E-09 1.0042096E-08 1.0892080E-08 1.5789908E-08 1.6126315E-08 1.6403234E-08 1.7111541E-08 2.2090122E-08 2.0938337E-08 2.2040538E-08 2.2657190E-08  289.3709 293.1948 289.8678 286.2338 290.1001 288.6262 286.0070 284.4192 283.2837 281.1747 278.9543 279.0350 275.5697 273.1174 270.6910 272.4323  233.967
1963 4.9396074E-09 5.9353873E-09 8.4993488E-09 1.2330040E-08 8.1509510E-09 9.8204342E-09 1.3701468E-08 1.5538356E-08 1.6980795E-08 1.7819403E-08 1.8634692E-08 1.7570796E-08 2.3813818E-08 2.2509377E-08 2.2562835E-08 2.2050322E-08  289.5315 292.7111 289.1446 285.3735 289.9023 288.1923 285.4522 283.7134 283.1179 280.9465 278.5514 278.6428 275.7303 273.3293 270.7701 272.2525  924.967
1964 4.2140926E-09 4.5095492E-09 6.7435759E-09 1.1720894E-08 6.3917156E-09 8.0659408E-09 1.1289216E-08 1.2789558E-08 1.3115569E-08 1.6135328E-08 1.7330430E-08 1.6242112E-08 1.8729779E-08 2.0365492E-08 2.1109898E-08 2.1188775E-08  289.2520 293.0722 289.4692 285.6554 290.3022 288.6581 285.7518 283.9933 283.5386 281.1155 278.5779 278.6489 275.4936 272.7442 270.2516 271.9207  800.367
1965 3.7924037E-09 5.5852247E-09 8.3103844E-09 1.2752705E-08 8.6694243E-09 9.6189527E-09 1.4584825E-08 1.7333626E-08 1.6869508E-08 1.8339822E-08 1.9398390E-08 2.0613408E-08 2.4587177E-08 2.1219707E-08 2.1194836E-08 2.2429260E-08  289.5084 292.4955 288.5305 284.4613 289.4948 287.5674 284.5761 282.7690 282.5853 280.2558 277.7736 277.9333 275.2080 272.9460 270.3862 272.0590  232.933
1966 7.1188917E-09 7.4931661E-09 8.3903950E-09 1.0776517E-08 1.1261262E-08 1.2051889E-08 1.3949133E-08 1.5106929E-08 1.8054365E-08 1.9872843E-08 1.9518263E-08 1.8813028E-08 2.2537320E-08 2.2424619E-08 2.3291584E-08 2.3827813E-08  289.4812 292.0772 288.6666 285.2289 289.0205 287.3996 284.8677 283.4886 282.4896 280.3559 278.1239 278.4105 275.3681 272.9792 270.4009 271.8452  579.133
1967 6.2149597E-09 5.8818084E-09 5.6680549E-09 8.6672740E-09 1.1284566E-08 1.0741368E-08 1.1960055E-08 1.3882492E-08 2.1190923E-08 2.0720309E-08 2.0384459E-08 1.7551830E-08 2.6095210E-08 2.3999036E-08 2.3514350E-08 2.2770699E-08  289.5105 292.4226 288.7873 285.0363 289.2320 287.4796 284.7101 283.0589 282.0640 279.7918 277.4862 277.6848 274.2043 271.8435 269.2893 271.0852  686.6
1968 5.3350937E-09 6.1220349E-09 8.2529654E-09 1.2838238E-08 1.1986558E-08 1.2168487E-08 1.5254773E-08 1.8570269E-08 2.1047088E-08 2.0887050E-08 2.0639595E-08 1.9933495E-08 2.8230685E-08 2.3871115E-08 2.3508953E-08 2.3259288E-08  289.4646 292.7051 288.9116 284.9885 289.3596 287.7444 284.8009 283.0785 282.5027 280.1259 277.7116 278.0086 275.1106 272.7351 270.1552 272.1411  232.233
1969 4.5873647E-09 5.2774976E-09 6.8313035E-09 8.8921635E-09 9.0945420E-09 9.9056621E-09 1.1739495E-08 1.2488856E-08 1.9344942E-08 1.8816323E-08 1.7667446E-08 1.6056607E-08 2.7378107E-08 2.4044519E-08 2.3547020E-08 2.2198492E-08  289.5018 292.8071 289.2423 285.5927 289.5680 287.9991 285.3402 283.9099 282.7855 280.6837 278.4316 278.8512 275.8033 273.6025 270.8593 272.7010  494.233
1970 5.2210765E-09 5.2019389E-09 6.5513497E-09 9.6001438E-09 8.4873566E-09 8.9142134E-09 1.1518332E-08 1.2745693E-08 1.3984142E-08 1.5406123E-08 1.6096090E-08 1.5378761E-08 2.0373040E-08 2.0409983E-08 2.0565565E-08 1.9762338E-08  289.3763 292.8611 289.4094 285.8707 289.9358 288.3163 285.4130 283.8217 283.2437 280.9813 278.3485 278.4547 275.6620 273.2615 270.4367 272.0703  829.667
1971 5.4157896E-09 4.4681547E-09 5.2303277E-09 7.8488931E-09 9.5245021E-09 9.5221395E-09 1.1050274E-08 1.1508178E-08 1.9007834E-08 2.0731211E-08 2.0094003E-08 1.7854395E-08 2.6266118E-08 2.5378773E-08 2.4949761E-08 2.3985899E-08  289.2773 292.8415 289.2935 285.7147 289.6556 288.1021 285.3847 284.0206 282.6532 280.5014 278.2643 278.7327 275.0593 272.7376 270.4786 272.2189  529.167
1972 7.5625497E-09 8.9956114E-09 1.0353351E-08 1.4146549E-08 1.7335950E-08 1.6349610E-08 1.6708537E-08 1.7930441E-08 2.9546662E-08 2.6672843E-08 2.4134872E-08 2.0161014E-08 3.5235235E-08 2.8230597E-08 2.5543255E-08 2.4075186E-08  289.5842 292.7173 289.0219 284.9822 289.4018 287.7436 285.0735 283.3662 282.5164 280.3897 278.1569 278.5407 275.6218 272.9721 270.3471 272.6435  209.5
1973 3.7693626E-09 3.9435091E-09 5.7427445E-09 8.3137062E-09 5.3164184E-09 6.6745227E-09 9.2514556E-09 9.9351682E-09 1.1824322E-08 1.4461665E-08 1.4695099E-08 1.2856032E-08 1.9638756E-08 2.0175074E-08 2.0038199E-08 1.8779589E-08  289.2794 292.9065 289.7705 286.5741 289.8878 288.4751 285.9300 284.6969 283.3669 281.1399 278.8773 279.4174 275.7247 273.2747 270.8583 272.8120  200.233
1974 4.4587418E-09 4.9756936E-09 6.6558381E-09 1.0646566E-08 8.6092404E-09 9.2960013E-09 1.2431712E-08 1.4559883E-08 1.6636015E-08 1.8181513E-08 1.8795019E-08 1.7873262E-08 2.4026169E-08 2.2970418E-08 2.2775009E-08 2.2962759E-08  289.3561 292.1806 288.6055 285.0193 289.1374 287.5342 284.7410 283.1898 282.2519 280.0515 277.6649 277.8405 274.5236 272.1016 269.6661 271.2788  168.2
1975 4.6732427E-09 4.2193524E-09 6.0242344E-09 9.7089083E-09 7.9028908E-09 9.3497041E-09 1.1255670E-08 1.1973341E-08 1.5586327E-08 1.6956525E-08 1.6469466E-08 1.3929862E-08 2.1896355E-08 2.1649889E-08 2.1027050E-08 1.9920650E-08  289.2742 292.8066 289.4571 286.1554 289.7040 288.1002 285.4787 284.2593 282.7747 280.4584 278.1995 278.9361 274.8036 272.3454 270.1724 272.1588  335.033
1976 3.5352392E-09 4.1104253E-09 5.9710534E-09 8.8982439E-09 7.1772783E-09 8.4433269E-09 1.1633179E-08 1.2128238E-08 1.6469466E-08 1.7873639E-08 1.7766228E-08 1.6977628E-08 2.3990740E-08 2.3148196E-08 2.3841748E-08 2.4019617E-08  289.4744 292.6194 288.9469 285.1327 289.4571 287.7322 284.8304 283.1976 282.4299 279.9842 277.4943 277.7081 274.6784 272.1025 269.5348 271.4396  236.367
1977 2.9468210E-09 2.6397069E-09 3.2769034E-09 6.8028201E-09 4.4431636E-09 4.8477165E-09 7.4366633E-09 9.5267607E-09 1.1279190E-08 1.2331371E-08 1.3238226E-08 1.3513224E-08 2.0412664E-08 1.9128731E-08 1.9447263E-08 1.8328734E-08  289.4408 293.2361 289.9499 286.3163 290.0467 288.5830 285.8987 284.3304 282.9388 280.5975 278.2221 278.6003 274.6708 272.3051 269.4071 271.8451  318.167
1978 3.6628758E-09 3.7288235E-09 5.5293898E-09 1.1197945E-08 6.4697439E-09 7.2145703E-09 1.0022933E-08 1.2688433E-08 1.3521928E-08 1.4443250E-08 1.4862272E-08 1.5219472E-08 2.1792161E-08 2.1295977E-08 2.1019323E-08 2.0093719E-08  289.5307 293.6554 290.0864 286.0083 290.6899 289.0448 286.1923 284.4420 283.8912 281.5681 279.0803 279.3364 276.2399 273.6057 270.8082 272.9694  177.1
1979 3.5275534E-09 3.7550145E-09 6.2369789E-09 1.1208499E-08 7.6983220E-09 8.1682980E-09 1.1167313E-08 1.3394868E-08 1.5334408E-08 1.6821225E-08 1.6968853E-08 1.6567265E-08 2.2205919E-08 2.0414356E-08 2.0188120E-08 2.0686210E-08  289.5179 293.3187 289.6946 285.7647 290.3757 288.8247 285.9421 284.2662 283.6048 281.3303 278.9981 279.2953 276.0394 273.4909 270.8823 273.0943  223.3
1980 4.3856634E-09 4.1576054E-09 5.4617288E-09 7.8583984E-09 8.9173815E-09 9.4295478E-09 1.1196951E-08 1.1020097E-08 1.7133639E-08 1.7306151E-08 1.6575841E-08 1.5939877E-08 2.4236734E-08 2.2792232E-08 2.1760382E-08 2.0708269E-08  289.6506 293.0672 289.3482 285.5387 290.0553 288.2879 285.4013 283.6954 283.1283 280.7914 278.2845 278.2852 275.6606 273.0764 270.4968 272.0563  316
1981 6.9390533E-09 6.4244317E-09 7.6380520E-09 1.1104208E-08 1.0690932E-08 1.2518144E-08 1.4216753E-08 1.4593643E-08 1.7471478E-08 1.8936994E-08 1.7984823E-08 1.5971796E-08 2.0909933E-08 1.9771299E-08 1.9470821E-08 1.8889118E-08  289.4882 293.0740 289.4137 285.5760 290.1043 288.2389 285.4088 283.6951 283.3159 280.8628 278.3763 278.4353 275.5154 272.8789 270.4712 272.2378  277.6
1982 4.7863660E-09 5.1915272E-09 5.8527876E-09 9.4707202E-09 1.0349753E-08 1.0819755E-08 1.4036273E-08 1.4809830E-08 1.9545617E-08 2.1560986E-08 2.1977659E-08 1.9444457E-08 2.7584843E-08 2.4954963E-08 2.4996357E-08 2.5091913E-08  289.5436 292.4276 288.6091 284.7126 289.0820 287.4173 284.5139 282.8624 281.9122 279.6081 277.2897 277.5955 274.3420 272.1878 269.5873 271.2738  476.167
1983 3.7850012E-09 4.8778950E-09 6.9535480E-09 1.0207605E-08 5.9682632E-09 8.0117468E-09 1.1006128E-08 1.2401160E-08 1.3483432E-08 1.5339824E-08 1.5530215E-08 1.5241969E-08 2.1458016E-08 2.1014431E-08 2.0195927E-08 1.9029070E-08  289.6570 293.2131 289.5826 285.8012 290.4072 288.6538 285.7250 284.0321 283.6676 281.2405 278.5957 278.6963 276.1419 273.2845 270.6140 272.3715  683.033
1984 3.5741694E-09 3.3849805E-09 4.3051895E-09 7.7292803E-09 6.4336425E-09 7.1972437E-09 8.8639345E-09 9.6376755E-09 1.3671114E-08 1.5003854E-08 1.4808936E-08 1.2895276E-08 1.9865178E-08 2.0697728E-08 2.1213516E-08 1.8802830E-08  289.4657 293.5204 290.0839 286.5090 290.5699 289.1740 286.3633 284.8732 284.2157 281.9939 279.4916 279.7766 276.6664 274.2180 271.6065 273.2942  662.5
1985 5.1195519E-09 5.5941141E-09 6.9863377E-09 1.1017970E-08 7.9800220E-09 8.6685468E-09 1.2640744E-08 1.3606854E-08 1.7572159E-08 1.8875799E-08 1.9383210E-08 1.8243639E-08 2.6045063E-08 2.4224960E-08 2.4162054E-08 2.3389418E-08  289.5627 292.3463 288.9333 285.3966 289.1812 287.6470 285.0540 283.6688 282.1277 279.8714 277.7398 278.2129 274.4711 271.9349 269.6222 271.4282  450.767
1986 5.7651888E-09 6.0130305E-09 7.1714603E-09 1.1334257E-08 8.1501650E-09 9.3098445E-09 1.1418887E-08 1.3741449E-08 1.4703814E-08 1.6077644E-08 1.7476498E-08 1.7721268E-08 2.3583489E-08 2.1709740E-08 2.1639233E-08 2.1773094E-08  289.5599 293.1934 289.5952 285.5207 290.1051 288.5429 285.6868 283.8989 283.4476 281.2108 278.7792 278.8295 276.3415 273.8642 270.8697 272.3742  350.2
1987 4.5361563E-09 5.6468807E-09 7.8144291E-09 1.1173952E-08 1.1514802E-08 1.1926552E-08 1.4755897E-08 1.7073717E-08 2.1658559E-08 2.0091177E-08 1.9862977E-08 1.8898364E-08 2.7261573E-08 2.4063182E-08 2.2755255E-08 2.2996057E-08  289.7307 292.9274 289.0376 284.9192 289.7247 287.9240 284.9020 283.0352 282.8023 280.3150 277.7482 277.9384 275.2374 272.7986 270.1126 271.9872  219.8
1988 4.6376432E-09 3.8684891E-09 4.5415862E-09 7.4338087E-09 7.8377713E-09 8.3821696E-09 9.3200185E-09 9.7455670E-09 1.7682442E-08 1.8907945E-08 1.7540048E-08 1.4709040E-08 2.4870030E-08 2.5153971E-08 2.4329930E-08 2.1288823E-08  289.3538 293.0841 290.2185 287.1647 289.6324 288.3712 286.0523 285.0197 282.6839 280.3843 278.2708 278.9400 274.5328 271.8004 269.4210 271.7178  1439.93
1989 2.8523144E-09 2.8457077E-09 4.1902530E-09 7.9161042E-09 5.2220903E-09 5.8658380E-09 8.6911198E-09 9.8567128E-09 1.3049576E-08 1.4808465E-08 1.5083407E-08 1.3372253E-08 2.0574667E-08 2.0645938E-08 2.1659366E-08 2.0036099E-08  289.6177 293.1913 289.7749 286.1967 290.1256 288.6000 285.8948 284.4482 283.1766 280.9625 278.6270 279.1422 275.4901 272.9397 270.3961 272.4598  143.5
1990 3.6595253E-09 5.0210374E-09 7.6983726E-09 1.3002963E-08 8.0154701E-09 8.6419316E-09 1.2773374E-08 1.5401692E-08 1.5235974E-08 1.7109832E-08 1.8955195E-08 1.9466169E-08 2.2489882E-08 2.1039728E-08 2.1776788E-08 2.1730189E-08  289.7312 293.2708 289.5093 285.2968 290.2408 288.5703 285.5968 283.7292 283.5998 281.2068 278.6353 278.6119 276.4547 273.7637 270.9311 272.6815  267.7
1991 5.1477684E-09 7.0471793E-09 9.1408445E-09 1.4272475E-08 1.0673340E-08 1.2211229E-08 1.5603694E-08 1.7959890E-08 1.7395367E-08 1.9343693E-08 2.1144727E-08 2.0641471E-08 2.3118179E-08 2.0702853E-08 2.1618753E-08 2.3088543E-08  289.7332 292.4581 288.7833 284.7737 289.4695 287.6552 284.8378 282.9823 282.6075 280.1441 277.6703 277.7644 275.1031 272.2760 269.7049 271.5066  447.367
1992 4.3143982E-09 5.2007745E-09 7.3337283E-09 1.2526647E-08 9.3671852E-09 1.0932595E-08 1.4988533E-08 1.7821341E-08 1.8521471E-08 2.0304398E-08 2.0392513E-08 1.9662052E-08 2.5332108E-08 2.3272658E-08 2.2750287E-08 2.2875435E-08  289.8456 292.5182 288.5098 284.2405 289.6704 287.6990 284.5774 282.5559 282.8951 280.3967 277.5830 277.5393 275.6112 272.7028 269.8594 271.2491  444.867
1993 4.9218349E-09 5.6823146E-09 8.7304315E-09 1.2845902E-08 1.0939248E-08 1.1381727E-08 1.5343506E-08 1.6597177E-08 2.2460638E-08 2.3291705E-08 2.2613648E-08 2.1309791E-08 2.9463852E-08 2.5718721E-08 2.4826001E-08 2.4668731E-08  289.8541 292.1571 288.0449 284.0944 288.9592 287.1489 284.2060 282.6758 282.0244 279.6826 277.2828 277.6139 275.1037 272.6384 269.8589 271.4355  442.933
1994 4.8203792E-09 5.7466649E-09 7.0275705E-09 1.0981292E-08 9.3948955E-09 1.0123919E-08 1.4167383E-08 1.5919756E-08 1.8353431E-08 2.0760861E-08 2.0764583E-08 1.9251297E-08 2.4509340E-08 2.2757858E-08 2.2361126E-08 2.1981666E-08  289.7451 292.4725 288.6559 284.6838 289.4537 287.5948 284.5137 282.7534 282.5805 280.0193 277.3492 277.4019 275.1524 272.6639 269.7409 271.1770  706.833
1995 6.6126473E-09 6.9826962E-09 8.2529104E-09 1.2575756E-08 9.8862776E-09 1.1388337E-08 1.4651402E-08 1.5546616E-08 1.9332568E-08 2.0663082E-08 2.1115746E-08 1.9308720E-08 2.5797860E-08 2.5056009E-08 2.4810950E-08 2.3863233E-08  289.7097 292.4913 289.0307 285.5109 289.3251 287.6130 284.9440 283.5655 282.4332 280.0645 277.7512 278.1457 275.0767 272.6169 270.0941 271.7046  250.367
1996 4.4179727E-09 4.8770596E-09 7.1438464E-09 1.1016811E-08 7.8835649E-09 8.8512282E-09 1.3126273E-08 1.3850058E-08 1.6047480E-08 1.7337804E-08 1.7585103E-08 1.7371779E-08 2.2112037E-08 2.1615087E-08 2.1617042E-08 2.1955154E-08  289.5467 293.4897 289.8550 285.9033 290.5580 289.0027 286.0332 284.2931 283.8548 281.6897 279.2221 279.2339 276.2433 274.0115 271.3716 272.8885  563.2
1997 5.9578418E-09 6.5315158E-09 8.8992733E-09 1.2108528E-08 1.2937379E-08 1.3885608E-08 1.6178534E-08 1.6870224E-08 2.3249934E-08 2.3671920E-08 2.2679172E-08 2.1509571E-08 3.1557608E-08 2.6397357E-08 2.5549642E-08 2.5431783E-08  289.9714 292.4582 288.5348 284.5848 289.0564 287.2570 284.4987 282.7811 282.0108 279.7820 277.4304 277.5970 274.7762 272.6695 270.1534 271.6133  220.567
1998 3.0705598E-09 2.7089850E-09 3.4090115E-09 5.9222796E-09 5.6889906E-09 5.6217067E-09 7.9239983E-09 9.2009005E-09 1.2842896E-08 1.3785559E-08 1.3418664E-08 1.2153250E-08 2.1750084E-08 2.1275463E-08 2.1050825E-08 1.9616703E-08  289.4583 293.4158 290.3559 287.3201 290.2900 289.1020 286.6068 285.4022 283.6663 281.6646 279.5189 279.9182 275.6059 273.2757 271.1478 273.0020  160.1
1999 3.5527852E-09 3.0366076E-09 3.3317424E-09 5.1701878E-09 5.9745631E-09 7.3333624E-09 8.2546547E-09 7.9135409E-09 1.4615134E-08 1.5872166E-08 1.4794315E-08 1.2897245E-08 2.3208901E-08 2.2885054E-08 2.2773166E-08 2.1168290E-08  289.2872 292.9002 289.9232 286.9377 289.7705 288.4485 286.0508 285.0133 283.0328 280.9444 278.8347 279.5363 275.4117 273.0065 270.8251 272.9089  522.133
2000 5.2317706E-09 5.2341154E-09 6.3787460E-09 1.0066708E-08 7.3367099E-09 8.9005061E-09 1.0530156E-08 1.2146085E-08 1.5053281E-08 1.6585123E-08 1.6609780E-08 1.6634745E-08 1.8388246E-08 1.8928819E-08 2.0253964E-08 2.0845038E-08  289.6264 293.0095 289.6390 286.0665 290.2444 288.5122 285.7724 284.1822 283.4997 281.2047 278.7633 278.9364 276.0471 273.3435 270.9146 272.2891  157.567
2001 3.7566861E-09 4.3395847E-09 7.0829826E-09 1.0804601E-08 6.5345893E-09 7.2335915E-09 1.0861389E-08 1.2593121E-08 1.1506795E-08 1.4981449E-08 1.6026807E-08 1.5492923E-08 1.7581625E-08 1.9044407E-08 2.0227871E-08 1.9167707E-08  289.5943 293.4152 289.8108 286.0710 290.7568 289.1246 286.2325 284.5581 284.2874 281.9221 279.4326 279.5712 276.9055 274.3938 271.8920 273.3881  182.1
2002 4.2115165E-09 4.8013402E-09 6.7160233E-09 1.1815544E-08 9.3827675E-09 1.0395428E-08 1.4422872E-08 1.5948217E-08 1.8411564E-08 1.9330484E-08 2.0403929E-08 2.0110821E-08 2.4890108E-08 2.2006839E-08 2.2796572E-08 2.2187809E-08  289.6159 293.5616 289.6587 285.4240 290.5885 288.8629 285.7515 283.8886 284.1140 281.8354 279.0441 278.9893 277.3366 274.7715 271.6554 273.0333  482.967
2003 4.7741078E-09 5.2937317E-09 7.5423960E-09 1.2435119E-08 7.3378348E-09 8.5570528E-09 1.2551492E-08 1.4690319E-08 1.4512631E-08 1.7809125E-08 1.9150656E-08 1.7240691E-08 2.1063970E-08 2.1611996E-08 2.2024944E-08 2.1632369E-08  289.4266 292.9935 289.4564 285.6360 290.1856 288.5428 285.5878 283.9445 283.5572 281.0587 278.4182 278.5662 276.1310 273.5091 270.5679 272.0550  862.267
2004 5.7287339E-09 6.8102044E-09 9.6735748E-09 1.3330638E-08 1.0570894E-08 1.1686340E-08 1.6618419E-08 1.8379756E-08 1.8443744E-08 1.9469562E-08 2.1944436E-08 2.2915165E-08 2.4846718E-08 2.1959814E-08 2.2545116E-08 2.3441299E-08  289.7387 293.0893 289.3285 285.4893 290.2388 288.5447 285.6598 283.9527 283.6506 281.4732 279.0504 279.0440 276.8193 274.4895 271.5355 273.0179  208.933
2005 3.6792243E-09 3.2929928E-09 5.6360778E-09 9.7763566E-09 7.2969755E-09 7.5099660E-09 1.1164527E-08 1.3114744E-08 1.6778166E-08 1.7564378E-08 1.8787043E-08 1.8086213E-08 2.4867042E-08 2.3540583E-08 2.3830850E-08 2.4183178E-08  289.8130 293.1021 289.3299 285.5383 290.1666 288.5329 285.5527 283.8931 283.5416 281.2511 278.6760 278.7661 276.3541 273.9586 270.9633 272.3541  233.733
2006 5.5563625E-09 6.5999290E-09 7.5404119E-09 1.1225110E-08 8.9389998E-09 9.7975619E-09 1.2520773E-08 1.4497065E-08 1.5160824E-08 1.8216626E-08 1.8868187E-08 1.8231720E-08 2.2637204E-08 2.1920512E-08 2.2136781E-08 2.1778730E-08  289.5900 293.1237 289.5898 285.8900 290.3024 288.6176 285.7262 284.2322 283.6817 281.2408 278.9111 279.1198 276.1929 273.7615 271.2585 272.9510  697.1
2007 3.1621015E-09 2.9052274E-09 3.5291570E-09 6.8751502E-09 4.5133919E-09 6.0896026E-09 8.7703791E-09 1.0401809E-08 1.0372608E-08 1.2858578E-08 1.3718262E-08 1.2789077E-08 1.7778317E-08 1.8696918E-08 1.9448921E-08 1.8681479E-08  289.2804 293.7394 290.3473 286.7215 290.7885 289.3102 286.4721 284.9138 284.1899 281.9119 279.4402 279.6201 276.2865 273.7177 271.1448 272.7552  264.1
2008 3.8346659E-09 3.7910639E-09 4.7768358E-09 7.5417059E-09 6.4504055E-09 6.5894641E-09 8.2654568E-09 1.0269678E-08 1.6834862E-08 1.5877223E-08 1.6038051E-08 1.5208633E-08 2.5220711E-08 2.3995730E-08 2.3414744E-08 2.2261679E-08  289.3033 293.0436 289.6885 286.2475 290.0703 288.6624 285.9712 284.4516 283.4351 281.3009 278.9905 279.2119 275.9622 273.6027 271.3008 272.7038  665.333
2009 4.8072093E-09 5.2382658E-09 7.6999855E-09 1.1854553E-08 1.1131003E-08 1.1769046E-08 1.5370921E-08 1.8165084E-08 1.9164247E-08 2.0245883E-08 2.2628550E-08 2.2187761E-08 2.4979617E-08 2.2709509E-08 2.3026734E-08 2.3601366E-08  289.8397 292.6621 288.7940 284.8303 289.7007 287.9133 284.9362 283.0864 283.2287 280.9757 278.3096 278.2360 276.5145 274.3667 271.1975 272.5450  155.1
2010 2.9417930E-09 1.7495683E-09 2.3968241E-09 5.4464038E-09 3.6682617E-09 3.1314635E-09 5.0860773E-09 6.5644463E-09 8.8756380E-09 1.0197135E-08 1.0124617E-08 1.0215788E-08 1.6067249E-08 1.7147748E-08 1.7792710E-08 1.6891903E-08  289.2069 294.1464 291.0752 287.7003 291.0468 289.9376 287.2386 285.8018 284.4912 282.3654 280.0887 280.3360 276.4152 274.1016 271.7579 273.6440  284.733
2011 4.0602726E-09 2.9683791E-09 3.7860204E-09 6.5885137E-09 5.3319797E-09 5.3206493E-09 6.7461490E-09 7.8837301E-09 1.1637049E-08 1.2297575E-08 1.1515065E-08 1.0806557E-08 2.2461421E-08 2.1519165E-08 2.0568240E-08 1.8229068E-08  289.2047 293.5111 290.4958 287.3369 290.4449 289.2418 286.7617 285.6049 283.8812 281.9058 279.7837 280.1629 275.9297 273.8050 271.7248 273.5912  285.5
2012 5.4320655E-09 5.8086083E-09 7.1929587E-09 1.1584076E-08 9.5377102E-09 1.0337655E-08 1.1487159E-08 1.3468907E-08 1.5757339E-08 1.7673013E-08 1.8363368E-08 1.7237628E-08 2.2412301E-08 2.1751610E-08 2.1412953E-08 2.1505187E-08  289.5612 292.5725 289.1290 285.4458 289.8204 288.1862 285.5198 283.9012 283.4469 281.2095 278.7487 278.9250 276.2775 273.6779 271.2723 272.7769  197.867
2013 2.7361962E-09 2.4770610E-09 4.1257535E-09 8.1741343E-09 4.7044377E-09 5.5387361E-09 7.9532416E-09 9.9475068E-09 1.2647789E-08 1.4672552E-08 1.5276745E-08 1.4993969E-08 2.0927192E-08 2.0832696E-08 2.1512550E-08 2.2414033E-08  289.5150 293.0979 289.7231 286.2904 290.1738 288.6941 285.9520 284.4659 283.4362 281.2279 278.9033 279.0350 275.5610 273.0239 270.7027 272.2444  1028.23
2014 5.5648512E-09 6.7775416E-09 8.4728917E-09 1.2454948E-08 9.4041237E-09 9.8424122E-09 1.3608621E-08 1.4632239E-08 1.6232896E-08 1.7568436E-08 1.8637637E-08 1.7612674E-08 2.3639659E-08 2.1345091E-08 2.1786647E-08 2.1652452E-08  289.8666 293.3868 289.6678 285.5222 290.3237 288.7084 285.7675 283.9357 283.6961 281.3531 278.8530 278.8906 276.2774 273.9797 271.2447 272.6982  458.867
2015 4.6443533E-09 4.8740674E-09 6.9388220E-09 1.0489590E-08 1.1622613E-08 1.2294147E-08 1.6139493E-08 1.6897284E-08 2.3608960E-08 2.3294815E-08 2.2325924E-08 1.9134411E-08 3.1880806E-08 2.6440125E-08 2.4076122E-08 2.3494552E-08  290.3143 292.5482 288.5016 284.6290 288.8232 287.0306 284.0339 282.6277 281.6121 279.1868 276.9354 277.7047 273.5726 271.3416 269.3206 271.7112  354.4
