STN,prec_1,prec_2,prec_3,prec_4,prec_5,prec_6,prec_7,prec_8,prec_9,prec_10,prec_11,prec_12,prec_13,prec_14,prec_15,prec_16,st_1,st_2,st_3,st_4,st_5,st_6,st_7,st_8,st_9,st_10,st_11,st_12,st_13,st_14,st_15,st_16,12.0
LAT,29.30136,29.30136,29.30136,29.30136,32.09194,32.09194,32.09194,32.09194,34.88252,34.88252,34.88252,34.88252,37.67308,37.67308,37.67308,37.67308,29.30136,29.30136,29.30136,29.30136,32.09194,32.09194,32.09194,32.09194,34.88252,34.88252,34.88252,34.88252,37.67308,37.67308,37.67308,37.67308,33.6194949
LON,-115.3125,-112.5000,-109.6875,-106.8750,-115.3125,-112.5000,-109.6875,-106.8750,-115.3125,-112.5000,-109.6875,-106.8750,-115.3125,-112.5000,-109.6875,-106.8750,-115.3125,-112.5000,-109.6875,-106.8750,-115.3125,-112.5000,-109.6875,-106.8750,-115.3125,-112.5000,-109.6875,-106.8750,-115.3125,-112.5000,-109.6875,-106.8750,-110.9215037
1958 6.8310744E-09 5.9837992E-09 6.8130124E-09 1.1874618E-08 1.0065307E-08 1.0114061E-08 1.0710870E-08 1.2386577E-08 1.6547855E-08 1.5784536E-08 1.5136530E-08 1.2843157E-08 2.3015462E-08 1.9921561E-08 1.8507029E-08 1.7301975E-08  289.4492 290.0808 286.4891 282.4524 286.7675 284.7238 282.0790 280.1867 279.4076 277.0065 274.2551 274.1603 271.2794 268.6272 266.6508 268.0547  206.129
1959 5.7196328E-09 7.2097599E-09 8.1289846E-09 1.0837510E-08 1.0491735E-08 1.1235855E-08 1.1319986E-08 1.1993066E-08 1.7914292E-08 1.7534228E-08 1.5638339E-08 1.3065628E-08 2.1854675E-08 1.9973399E-08 1.9096250E-08 1.8085055E-08  289.5544 290.3024 286.7173 282.6646 287.1210 284.9491 282.2271 280.3615 279.7765 277.1223 274.3296 274.2851 271.8156 268.6666 266.6280 268.1382  2674.9
1960 6.6961436E-09 6.2436665E-09 6.9132970E-09 1.0692324E-08 9.9534443E-09 9.8868354E-09 1.2319506E-08 1.3076313E-08 1.7921300E-08 1.7252397E-08 1.6988086E-08 1.4516021E-08 2.4831122E-08 2.2594426E-08 2.1416495E-08 1.9921151E-08  289.2499 289.7974 286.2598 282.5610 286.5222 284.4264 281.7049 280.1591 279.1335 276.5937 273.9081 274.2387 271.2585 268.4159 266.7244 268.1191  177.677
1961 4.7626396E-09 4.5472430E-09 7.9563085E-09 1.1930858E-08 7.5293309E-09 8.7423988E-09 1.2229389E-08 1.4463098E-08 1.4248066E-08 1.4967460E-08 1.6068887E-08 1.4581587E-08 1.8689946E-08 1.8491008E-08 1.7912647E-08 1.7461710E-08  289.1748 290.1502 286.5717 282.7104 286.8766 284.7953 282.0689 280.1449 279.3556 276.7391 273.9387 273.9116 270.9704 268.0627 266.1642 267.7440  562.226
1962 9.1994927E-09 8.2447187E-09 8.0988345E-09 1.0917611E-08 1.2000156E-08 1.1818662E-08 1.2058795E-08 1.1967630E-08 2.0727839E-08 1.9621938E-08 1.7311557E-08 1.3552651E-08 2.2545496E-08 2.1493371E-08 2.0159224E-08 1.8254067E-08  289.3130 289.9971 286.8396 283.3098 286.7175 284.7232 282.4157 281.0532 279.3468 276.8131 274.5024 275.1021 271.2772 268.4465 266.6674 268.5771  216.323
1963 3.6101926E-09 4.2077923E-09 6.7626971E-09 1.1256412E-08 7.6252062E-09 8.5550669E-09 1.1009258E-08 1.3087677E-08 1.4797082E-08 1.5653855E-08 1.5228943E-08 1.3004493E-08 2.0639698E-08 1.9980217E-08 1.8590372E-08 1.7701458E-08  289.5043 289.4677 285.6254 281.5659 286.1822 283.8801 281.0038 279.1230 278.2231 275.4852 272.9626 273.1047 269.5774 266.8011 265.3526 266.9838  202.71
1964 6.2088921E-09 5.6082690E-09 5.7496572E-09 8.2628473E-09 1.1798583E-08 1.2156421E-08 1.2726165E-08 1.1605080E-08 2.1992099E-08 2.1592204E-08 1.8933065E-08 1.4976894E-08 2.7571453E-08 2.5259670E-08 2.2303453E-08 1.9182128E-08  289.0460 289.9554 286.6614 282.9916 286.5153 284.5280 281.9982 280.4435 279.2930 276.7626 274.1578 274.4466 271.1089 268.4889 266.7974 268.5297  207.806
1965 1.2206594E-08 1.3454501E-08 1.6442925E-08 2.0226656E-08 2.2721835E-08 2.3248168E-08 2.4133007E-08 2.1931744E-08 3.4106506E-08 2.9066330E-08 2.4249688E-08 1.8756179E-08 3.2455340E-08 2.6324525E-08 2.2542169E-08 1.9916925E-08  289.5100 288.7115 285.0299 281.1728 285.5359 283.2389 280.8788 279.1813 278.2823 276.1093 273.5643 273.7531 270.9964 268.8701 267.2736 268.2780  6326.55
1966 7.6282864E-09 6.8008195E-09 7.3692852E-09 1.0405738E-08 1.1156183E-08 1.1553673E-08 1.1247369E-08 1.0873613E-08 1.6434850E-08 1.6926318E-08 1.5551940E-08 1.2435955E-08 2.0766954E-08 1.9596559E-08 1.8578129E-08 1.6796356E-08  289.1994 290.2976 286.6893 282.6397 286.7642 284.8083 282.2531 280.4543 279.3173 276.8853 274.4285 274.6505 271.2978 268.5573 266.7383 268.3253  444.613
1967 9.5295958E-09 9.2391561E-09 1.0315919E-08 1.4457806E-08 1.5696976E-08 1.4684120E-08 1.5676289E-08 1.5385146E-08 2.3710559E-08 2.2412307E-08 2.0133809E-08 1.5831976E-08 2.6592453E-08 2.4386962E-08 2.2415200E-08 2.0241815E-08  289.4856 290.2426 286.6349 282.7587 286.9053 284.7702 282.0909 280.4173 279.4614 276.9819 274.3433 274.5105 271.4481 268.7254 267.0296 268.5179  1167.48
1968 1.1636803E-08 1.2648201E-08 1.4140650E-08 1.5869931E-08 1.7676820E-08 1.7627524E-08 1.8396435E-08 1.7438168E-08 2.5001452E-08 2.2469557E-08 2.0249331E-08 1.7033621E-08 2.6371984E-08 2.2169729E-08 2.0220615E-08 1.9320286E-08  289.3173 289.7316 286.3130 282.2839 286.5731 284.4801 282.0327 280.0352 279.5427 277.2330 274.6199 274.5000 271.9498 269.2746 267.3744 268.5766  224.323
1969 8.6248653E-09 9.6704760E-09 1.0969480E-08 1.3341953E-08 1.5088199E-08 1.4841532E-08 1.4973583E-08 1.4532844E-08 2.4884024E-08 2.0221981E-08 1.7042781E-08 1.3227732E-08 2.9628145E-08 2.3254454E-08 1.9584103E-08 1.6930285E-08  289.3252 289.7886 286.1949 282.2303 286.5045 284.4950 281.9711 280.3227 279.4229 277.1625 274.6382 274.9627 272.0033 269.3907 267.5506 269.0081  261.194
1970 5.7724199E-09 5.0818727E-09 6.2258714E-09 9.1813366E-09 1.1097146E-08 1.0892517E-08 1.2350658E-08 1.2581858E-08 1.9931671E-08 2.0322950E-08 1.8206547E-08 1.4293624E-08 2.3144430E-08 2.2811882E-08 2.1274946E-08 1.8497511E-08  289.1102 289.5098 286.1366 282.7121 286.0020 284.0911 281.7822 280.3358 278.4679 276.1409 273.8616 274.4018 270.5305 267.8074 266.4166 268.0416  184.484
1971 6.8547781E-09 7.2647652E-09 1.1359901E-08 1.7333059E-08 1.0401184E-08 1.2164166E-08 1.4147299E-08 1.6845453E-08 1.6318008E-08 1.6047418E-08 1.5467538E-08 1.4231089E-08 1.7905869E-08 1.7329020E-08 1.6210473E-08 1.6216621E-08  288.8526 289.2340 285.6959 281.8022 286.4308 284.1697 281.4912 279.6826 279.1989 276.4987 273.9242 274.0420 271.1334 268.0073 266.4248 268.0414  1574.55
1972 7.0935999E-09 8.4769916E-09 1.1486039E-08 1.4968801E-08 1.2047637E-08 1.2180382E-08 1.5356026E-08 1.6256630E-08 2.2108200E-08 1.8823791E-08 1.7256468E-08 1.5546069E-08 2.6737073E-08 2.2663135E-08 2.0202037E-08 1.8628292E-08  289.5316 288.8867 285.1096 281.1638 285.6947 283.4460 280.8688 279.1726 278.1289 275.8875 273.3595 273.4487 270.2644 268.3032 266.7199 267.7602  1417.9
1973 3.7734811E-09 3.3575291E-09 3.4501419E-09 6.1975616E-09 5.1221312E-09 6.5453500E-09 7.9595663E-09 8.8343954E-09 1.0587286E-08 1.3259778E-08 1.3199591E-08 1.1393841E-08 1.5365401E-08 1.6811645E-08 1.6726831E-08 1.6110246E-08  288.7948 290.8646 287.6307 284.0180 287.6192 285.7097 283.0775 281.4453 280.2064 277.4803 274.7881 275.1122 271.4944 268.7183 267.0009 268.7292  229
1974 7.0999011E-09 6.4236558E-09 6.8966832E-09 1.0220281E-08 1.0374070E-08 1.1001035E-08 1.1912658E-08 1.1695102E-08 1.8825581E-08 1.8859803E-08 1.6852919E-08 1.3325079E-08 2.3152822E-08 2.1714021E-08 2.0535435E-08 1.8519330E-08  289.0526 290.2730 286.9227 283.2619 287.0183 285.0831 282.5262 281.0298 279.8864 277.3586 274.7900 275.1585 272.0333 269.0654 267.2821 268.8091  224.677
1975 4.5571120E-09 3.9234429E-09 5.1059401E-09 7.8206792E-09 7.5203079E-09 7.5460660E-09 8.9129291E-09 9.4987582E-09 1.3429731E-08 1.3755432E-08 1.2929108E-08 1.1266594E-08 1.7318618E-08 1.7968263E-08 1.7845453E-08 1.6386377E-08  288.8453 290.1396 286.8945 283.3571 286.8946 285.0593 282.5066 280.8940 279.6236 277.2746 274.5916 274.8437 271.2690 268.5093 266.5340 268.4736  207.323
1976 9.3775103E-09 1.0287725E-08 1.3197007E-08 1.8106704E-08 1.8467361E-08 1.7654662E-08 1.8592198E-08 1.7569578E-08 3.0203328E-08 2.4185033E-08 1.9665499E-08 1.5332741E-08 3.0842457E-08 2.4832238E-08 2.1405368E-08 1.8706730E-08  289.4846 289.5513 285.7257 281.6693 286.4594 284.2787 281.6855 279.8365 279.0442 276.8315 274.3518 274.4740 271.3639 268.8086 267.2318 268.6393  168.129
1977 7.2026967E-09 7.7847861E-09 1.0032285E-08 1.3797964E-08 9.2837018E-09 1.0419742E-08 1.2149999E-08 1.3129169E-08 1.5694628E-08 1.6095424E-08 1.5339037E-08 1.2845887E-08 1.8483165E-08 1.8709637E-08 1.7658310E-08 1.7085078E-08  289.4247 290.2897 286.5676 282.2161 287.3483 285.1946 282.4886 280.4420 280.1847 277.7765 275.0229 274.9814 272.1113 269.3625 267.4797 268.9205  161.484
1978 8.0680254E-09 6.0693681E-09 7.1859763E-09 1.0105321E-08 1.6120902E-08 1.3327446E-08 1.2911787E-08 1.2377984E-08 2.7714066E-08 2.2785622E-08 1.8838653E-08 1.5042007E-08 3.1582889E-08 2.6560846E-08 2.2696389E-08 1.9294760E-08  289.3973 289.5983 286.1954 282.5043 286.0197 284.0145 281.5693 279.9434 278.3139 275.9628 273.6866 273.9691 269.8368 267.3882 266.0692 267.9830  5942.58
1979 8.0020754E-09 9.1768486E-09 1.1651069E-08 1.5505005E-08 1.2904977E-08 1.3162040E-08 1.3928311E-08 1.4729955E-08 1.8973950E-08 1.8689253E-08 1.6972633E-08 1.3832949E-08 2.2615019E-08 1.9643846E-08 1.8095127E-08 1.6221691E-08  289.3739 290.2452 286.8129 282.7683 287.1666 285.2441 282.7979 280.9925 280.2446 278.0092 275.4531 275.5244 272.4980 269.9342 267.8031 269.3679  254.323
1980 9.6428687E-09 9.2258325E-09 9.0854044E-09 1.2191429E-08 1.5512171E-08 1.3845437E-08 1.3934811E-08 1.3453026E-08 2.3017012E-08 2.0241444E-08 1.7910294E-08 1.5035608E-08 2.4705715E-08 2.1977799E-08 2.0466679E-08 1.9292701E-08  289.4229 290.0847 286.5846 282.6292 286.8958 284.8316 282.2844 280.5430 279.7277 277.1769 274.6038 274.6888 271.7534 268.8051 267.0794 268.6109  300.065
1981 1.2071439E-08 1.2332135E-08 1.3705720E-08 1.7244574E-08 1.5057184E-08 1.6155713E-08 1.6426132E-08 1.6175527E-08 2.0727972E-08 2.0038019E-08 1.7345936E-08 1.4048991E-08 2.3368271E-08 2.1510816E-08 1.9662490E-08 1.7148604E-08  289.2588 289.5622 286.3215 282.6425 286.5969 284.5392 282.2431 280.6307 279.2049 276.9821 274.6323 274.8153 270.9944 268.5233 266.9177 268.5530  244.226
1982 7.5737443E-09 8.5999563E-09 1.1180429E-08 1.3654240E-08 1.7583536E-08 1.8388301E-08 1.8980916E-08 1.6915596E-08 2.9652542E-08 2.5398018E-08 2.1910608E-08 1.5751391E-08 3.3594482E-08 2.6194911E-08 2.2165326E-08 1.9902227E-08  289.6367 288.7792 284.8867 280.9822 285.2267 282.7714 280.2810 278.7582 277.4327 274.8281 272.3083 273.1185 269.5379 267.6100 266.3867 267.6361  1841.65
1983 5.2023306E-09 6.5215482E-09 8.1539255E-09 1.2038996E-08 8.4912388E-09 1.0255061E-08 1.1798805E-08 1.2060571E-08 1.4288155E-08 1.6283295E-08 1.5442591E-08 1.2445512E-08 1.8487086E-08 1.9073790E-08 1.8967995E-08 1.8008262E-08  289.7806 290.5582 287.1434 283.3531 287.4225 285.2921 282.7082 281.1646 280.1967 277.5185 275.0725 275.3988 272.1934 269.3615 267.6133 269.1839  1626.52
1984 6.0957426E-09 5.2207292E-09 6.7571664E-09 9.9817274E-09 9.0808578E-09 9.2447996E-09 1.0594613E-08 1.1156788E-08 1.8500403E-08 1.7902932E-08 1.6261353E-08 1.3722321E-08 2.5764875E-08 2.3264169E-08 2.0947400E-08 1.9611440E-08  289.2924 290.2702 287.0921 283.4998 286.7113 284.7881 282.5031 281.1243 279.4543 277.0179 274.5242 274.9667 271.6601 268.9605 266.9388 268.5394  4145.71
1985 7.2001041E-09 8.1726554E-09 1.0111656E-08 1.4606087E-08 9.0966745E-09 1.0498538E-08 1.2540774E-08 1.4216771E-08 1.3592883E-08 1.4491416E-08 1.4140274E-08 1.3135116E-08 1.8859316E-08 1.6929240E-08 1.5448864E-08 1.4258350E-08  289.4778 290.2235 286.8705 282.9421 287.1506 285.2813 282.9170 281.1844 280.1263 277.9467 275.7041 275.8032 272.4265 269.6167 267.8211 269.4994  579.903
1986 8.0982527E-09 8.8350376E-09 1.1570422E-08 1.4256008E-08 1.2650745E-08 1.3685846E-08 1.5794063E-08 1.5937021E-08 1.9818458E-08 1.8571583E-08 1.8157653E-08 1.6784981E-08 2.3871834E-08 2.0788784E-08 1.9433520E-08 1.9122094E-08  289.7964 289.7832 285.8197 281.4137 286.7428 284.4733 281.6655 279.5450 279.5276 277.0953 274.2500 273.9554 271.8447 269.0439 267.1979 268.3456  1090.32
1987 5.9233956E-09 6.5819861E-09 9.0114485E-09 1.2524109E-08 9.3696730E-09 9.7812318E-09 1.2772515E-08 1.3343204E-08 1.5703502E-08 1.5375132E-08 1.4576207E-08 1.2587409E-08 2.1830033E-08 1.8168448E-08 1.7178737E-08 1.5480166E-08  289.9648 290.3982 286.5792 282.3615 287.3328 285.1927 282.2658 280.2876 280.0836 277.6170 274.8177 274.6483 272.2629 269.4302 267.4938 268.8029  317.419
1988 4.0864907E-09 4.1986836E-09 5.2766573E-09 7.9028402E-09 5.9258767E-09 7.0063653E-09 8.7583523E-09 9.6131805E-09 1.2775980E-08 1.4643624E-08 1.3850588E-08 1.0814707E-08 1.8708683E-08 1.9140924E-08 1.8299771E-08 1.6218111E-08  289.2450 290.3523 287.3571 284.1014 286.8235 285.0331 282.7155 281.4931 279.2229 276.7483 274.5538 275.1889 270.7101 267.9605 266.4106 268.4458  252.097
1989 7.1501596E-09 7.0152315E-09 9.0052179E-09 1.2486562E-08 1.0485576E-08 1.1516847E-08 1.3308153E-08 1.3159709E-08 1.7999369E-08 1.7744670E-08 1.7703194E-08 1.4901527E-08 2.1529001E-08 2.0094429E-08 1.9758277E-08 1.9506841E-08  289.5779 289.8207 286.4104 282.6604 286.5512 284.4161 281.8503 280.1340 279.2161 276.6494 274.0241 274.2470 271.1663 268.3968 266.5735 267.9799  191.258
1990 9.1345012E-09 1.0991919E-08 1.2695732E-08 1.5237411E-08 1.3914456E-08 1.4971500E-08 1.6551073E-08 1.6071169E-08 2.0772516E-08 2.1297376E-08 2.0165448E-08 1.6636774E-08 2.3828532E-08 2.2706253E-08 2.1696506E-08 2.0069798E-08  289.8758 290.0437 286.4186 282.4031 286.9164 284.7474 282.2471 280.4819 279.6673 277.2373 274.7682 274.8967 271.9387 269.2115 267.5159 268.7021  1170.65
1991 1.1659913E-08 1.4251681E-08 1.6733827E-08 2.0017485E-08 2.0735015E-08 2.0593633E-08 2.2065567E-08 2.0283634E-08 2.9720166E-08 2.6026777E-08 2.2774843E-08 1.8290121E-08 3.1171727E-08 2.5683287E-08 2.2463682E-08 1.9561519E-08  289.8242 289.3668 285.6559 281.5600 286.4843 284.2172 281.7316 279.8925 279.5634 277.3046 274.7664 274.8113 272.4077 269.8098 268.0564 269.2870  774
1992 1.1176017E-08 1.0837605E-08 1.0799281E-08 1.5243256E-08 1.5445339E-08 1.5433049E-08 1.6473830E-08 1.5977045E-08 2.1949235E-08 2.2189413E-08 2.0858337E-08 1.7349352E-08 2.6202011E-08 2.3656277E-08 2.2415518E-08 2.1205853E-08  289.9571 289.4608 285.9345 281.9282 286.1532 284.0079 281.5343 279.7866 278.6197 276.2050 273.8368 274.0769 270.6298 268.2714 266.8310 267.9662  1964.48
1993 6.4015877E-09 6.3802936E-09 9.5249586E-09 1.4935504E-08 9.8563975E-09 1.0759944E-08 1.3491313E-08 1.6100868E-08 1.6770105E-08 1.6037285E-08 1.5647293E-08 1.5290206E-08 2.2333641E-08 1.9716650E-08 1.7491628E-08 1.6864277E-08  289.8694 289.7192 286.0234 282.0042 286.5963 284.3377 281.7535 279.8833 279.2289 276.7920 274.1096 274.1689 271.3802 268.6903 266.7529 268.2428  331.194
1994 7.2428348E-09 9.5303214E-09 1.2687829E-08 1.7789567E-08 1.2484049E-08 1.4571711E-08 1.7577667E-08 1.7869455E-08 1.8527777E-08 1.9093310E-08 1.8541419E-08 1.6496326E-08 2.1692063E-08 1.9908390E-08 1.9017302E-08 1.8664766E-08  289.5241 289.0333 285.3467 281.4176 286.0183 283.7789 281.1671 279.5141 278.8680 276.4328 273.7762 273.8921 271.1486 268.5695 266.9432 268.2335  1046.52
1995 6.4464296E-09 6.0771548E-09 7.3429089E-09 1.0419503E-08 9.0068051E-09 8.7339931E-09 9.9942179E-09 1.0450732E-08 1.6144954E-08 1.5013551E-08 1.3908321E-08 1.2031921E-08 2.2367519E-08 2.1273912E-08 1.9968084E-08 1.7961396E-08  289.6953 290.7948 287.4157 283.4492 287.5219 285.5858 282.9297 281.2785 279.9644 277.5710 275.0820 275.4072 271.3729 268.9236 267.2721 269.1358  213.935
1996 4.8667199E-09 5.4007878E-09 7.2156130E-09 1.0957312E-08 7.9935134E-09 8.4804590E-09 1.1132758E-08 1.2647683E-08 1.5662438E-08 1.5688348E-08 1.4614610E-08 1.2996966E-08 2.1728745E-08 2.0257994E-08 1.8896229E-08 1.7617623E-08  289.3938 289.9110 286.3127 282.3213 286.5902 284.6725 282.0224 280.1443 278.9880 276.6001 274.2636 274.3772 270.9028 268.0839 266.3335 268.0809  282.129
1997 1.0963615E-08 1.2113023E-08 1.4424306E-08 1.6029441E-08 2.1860043E-08 2.3343102E-08 2.3928195E-08 1.9913825E-08 3.6400316E-08 3.0742342E-08 2.5302922E-08 1.8085959E-08 3.7969034E-08 3.0321708E-08 2.5433208E-08 2.2111463E-08  290.2701 288.3903 284.5318 280.7266 284.7857 282.1674 279.8231 278.4502 277.2226 274.6605 272.1298 272.8419 269.4391 267.8174 266.5726 267.4731  291.258
1998 7.8324609E-09 7.6648723E-09 9.2547268E-09 1.2212765E-08 1.1713789E-08 1.1132829E-08 1.2510705E-08 1.2485787E-08 1.8169368E-08 1.7585361E-08 1.6009167E-08 1.3199632E-08 2.1056449E-08 1.9637248E-08 1.7929437E-08 1.5732352E-08  289.4127 290.4171 287.3706 283.9567 287.2851 285.4195 283.0487 281.6606 280.2441 277.8951 275.4878 275.7625 272.2557 269.7118 267.8649 269.4558  255.806
1999 3.4095555E-09 3.2847844E-09 4.4948552E-09 7.1610122E-09 4.8816644E-09 5.3179070E-09 7.5025204E-09 8.8538084E-09 1.1846018E-08 1.1409650E-08 1.0900353E-08 1.0187173E-08 1.7980678E-08 1.7559584E-08 1.6444467E-08 1.4153231E-08  289.2715 290.9266 287.7075 284.1509 287.8182 286.0844 283.4935 282.0071 280.9156 278.5685 275.9923 276.1738 272.9409 270.1692 268.0204 269.7563  181.839
2000 1.0327169E-08 1.0858617E-08 1.2307817E-08 1.5556010E-08 1.2946924E-08 1.3167798E-08 1.3529601E-08 1.4305559E-08 1.8617618E-08 1.9290402E-08 1.6742931E-08 1.3581522E-08 2.2077453E-08 2.1812934E-08 2.0311743E-08 1.8353209E-08  289.4718 290.2738 287.2264 283.7185 287.2015 285.3433 283.0733 281.5054 280.1920 277.9241 275.5316 275.7266 272.5196 269.7469 267.7889 269.3988  329.968
2001 9.6132178E-09 1.1043562E-08 1.1860027E-08 1.4780845E-08 1.5154594E-08 1.4714435E-08 1.4873377E-08 1.4279874E-08 2.1753634E-08 1.9826693E-08 1.8201650E-08 1.4928977E-08 2.5806793E-08 2.3564290E-08 2.1822226E-08 1.9878847E-08  289.6943 289.9691 286.6813 282.8744 286.7982 284.7632 282.5376 280.9620 279.6568 277.1831 274.7183 275.0190 271.8888 268.8668 266.9438 268.5552  178.935
2002 1.3978457E-08 1.4600632E-08 1.3611047E-08 1.7485180E-08 2.2428786E-08 2.0801311E-08 1.8796332E-08 1.7482918E-08 2.7306058E-08 2.3737606E-08 1.9538923E-08 1.5364616E-08 2.5766377E-08 2.1769525E-08 1.9572541E-08 1.7030269E-08  289.6119 289.5797 286.0303 281.8878 286.5328 284.3289 281.9400 280.0137 279.4630 277.1915 274.7755 274.8158 272.1205 269.4643 267.7246 269.1719  197.968
2003 9.7640314E-09 1.1043324E-08 1.2564076E-08 1.4748857E-08 1.0713831E-08 1.3413280E-08 1.5905433E-08 1.5963884E-08 1.6618259E-08 1.8369917E-08 1.7271748E-08 1.4983367E-08 1.9140604E-08 1.8484982E-08 1.7366359E-08 1.6279735E-08  289.4648 290.1986 286.8100 282.7461 286.9396 285.0351 282.6130 280.6676 280.0496 277.7814 275.3457 275.2731 272.4471 269.7540 267.8445 269.1594  190.097
2004 1.0943056E-08 1.0943710E-08 1.2230771E-08 1.5206776E-08 1.6920430E-08 1.5769874E-08 1.5838411E-08 1.4945041E-08 2.5100979E-08 2.2299274E-08 1.9014607E-08 1.4866649E-08 2.7554927E-08 2.3336643E-08 2.0874442E-08 1.8636277E-08  289.8795 290.1156 286.4489 282.4053 286.9593 284.8319 282.3594 280.7468 280.0470 277.9167 275.4694 275.7937 273.0793 270.5056 268.5232 269.8863  580.645
2005 7.5209527E-09 7.7435738E-09 1.0788761E-08 1.5857877E-08 1.0592600E-08 9.9631148E-09 1.2767608E-08 1.5711297E-08 1.6510079E-08 1.5998699E-08 1.5790677E-08 1.5737772E-08 2.0469855E-08 1.8438035E-08 1.8205085E-08 1.8720879E-08  289.5290 290.1973 286.7164 282.8412 287.0047 285.1109 282.5575 280.7976 279.8609 277.6159 275.1967 275.2762 272.2379 269.7234 267.8220 269.0432  162.548
2006 5.1045497E-09 5.6337162E-09 7.5026625E-09 1.1001220E-08 7.7367641E-09 9.3777510E-09 1.1790580E-08 1.2749735E-08 1.3014995E-08 1.4897864E-08 1.5854170E-08 1.3944885E-08 1.6683460E-08 1.6499895E-08 1.7246448E-08 1.7486062E-08  289.8213 290.3097 286.6244 282.5708 287.3188 285.1541 282.4551 280.6521 280.1163 277.7653 275.1966 275.2145 272.4458 269.7942 267.6104 269.1814  181.613
2007 8.2242879E-09 8.1334450E-09 8.2576648E-09 1.0486837E-08 1.2087519E-08 1.1164336E-08 1.0452272E-08 9.5511163E-09 1.7845878E-08 1.5809574E-08 1.3179489E-08 1.0276437E-08 2.0429427E-08 1.8518559E-08 1.7225323E-08 1.5470802E-08  289.1459 290.9471 287.8290 284.0795 287.9322 286.0398 283.6919 282.0778 280.9585 278.5916 276.2191 276.4172 272.9857 269.8394 267.9159 269.6786  1521.52
2008 4.3444754E-09 5.1373164E-09 7.6801543E-09 1.1590011E-08 5.6712972E-09 6.0809047E-09 8.4532763E-09 1.0498477E-08 1.0919213E-08 1.2108393E-08 1.1966298E-08 1.0505388E-08 1.6393319E-08 1.6364472E-08 1.6162195E-08 1.5152315E-08  289.3684 290.8649 287.5509 283.9271 287.7359 285.8316 283.1300 281.6294 280.4583 277.9770 275.3329 275.5154 272.0802 269.2141 267.1748 269.0383  1185.16
2009 7.0081487E-09 7.9705398E-09 1.0274007E-08 1.3510685E-08 1.1843929E-08 1.1585866E-08 1.4073005E-08 1.5296498E-08 1.9738561E-08 1.7386164E-08 1.6281753E-08 1.4906863E-08 2.5721631E-08 2.0877380E-08 1.8954525E-08 1.7463870E-08  289.8508 290.1400 286.3853 282.1683 286.8716 284.9373 282.3385 280.3604 279.8889 277.8661 275.2541 275.1891 272.6728 270.0620 268.0573 269.5153  196.065
2010 4.6396211E-09 4.1356154E-09 3.9330064E-09 6.1026659E-09 6.8050325E-09 7.3282242E-09 8.0652711E-09 8.2782670E-09 1.5398237E-08 1.4373846E-08 1.3189837E-08 1.0952543E-08 2.2899844E-08 2.1280593E-08 1.9393980E-08 1.6896740E-08  289.0380 290.6214 287.6476 284.3806 287.2278 285.6023 283.3081 282.1081 280.0474 277.7592 275.5635 276.0003 271.8343 269.1333 267.5201 269.3717  201.258
2011 5.4659637E-09 4.0391961E-09 4.8960462E-09 7.9710194E-09 7.3747382E-09 7.2812667E-09 8.4311438E-09 8.9006136E-09 1.4572309E-08 1.4550142E-08 1.3472478E-08 1.1334076E-08 2.0112349E-08 1.9685343E-08 1.8161606E-08 1.6280502E-08  289.2224 290.5744 287.5047 284.1292 287.3132 285.4830 283.0226 281.7067 280.1696 277.6870 275.2637 275.6159 272.1428 269.2633 267.4458 269.0015  255.29
2012 1.1013789E-08 1.4238952E-08 1.6987613E-08 1.9427176E-08 1.5846330E-08 1.8279417E-08 2.0191047E-08 1.9681409E-08 2.1112728E-08 2.1169791E-08 2.0188258E-08 1.7978095E-08 2.1929250E-08 2.0584034E-08 1.9753575E-08 1.9070834E-08  289.8006 289.7439 286.3437 282.5709 287.0640 284.7696 282.3546 280.6545 280.2328 277.7778 275.2452 275.0951 272.5649 269.8004 267.8166 268.9947  155.258
2013 1.0900127E-08 1.0705958E-08 1.1060343E-08 1.4592392E-08 1.3559503E-08 1.3862882E-08 1.5091359E-08 1.5724430E-08 1.7741103E-08 1.8354777E-08 1.7588963E-08 1.5777395E-08 2.2344871E-08 1.9879286E-08 1.9098669E-08 1.7887553E-08  289.5045 290.0661 286.7153 282.8945 287.0310 285.0720 282.6374 281.0115 280.2807 277.9636 275.4017 275.5747 273.1972 270.3333 268.0645 269.7082  250.903
2014 7.3236670E-09 7.6457018E-09 9.9949089E-09 1.3648595E-08 9.9220347E-09 1.1109161E-08 1.3630319E-08 1.5249910E-08 1.7326654E-08 1.6356651E-08 1.5634917E-08 1.4106780E-08 2.3789172E-08 1.9952783E-08 1.8227464E-08 1.7063842E-08  290.0334 290.4305 286.7413 282.5857 286.9688 285.0371 282.5114 280.7402 279.8129 277.7824 275.3220 275.4513 272.6816 270.0617 268.0043 269.3569  271.258
2015 9.5087023E-09 1.0624602E-08 1.3172485E-08 1.6828775E-08 2.0678815E-08 2.0863432E-08 2.1335966E-08 1.8839209E-08 3.5493432E-08 3.0005751E-08 2.4685265E-08 1.7700033E-08 3.8168121E-08 2.9414446E-08 2.5003944E-08 2.1632413E-08  290.5674 288.8882 284.9185 280.9391 285.2887 282.8069 280.3575 278.9608 277.9250 275.4933 272.9514 273.6068 270.7136 268.7143 267.1194 268.2581  502.903
