STN,prec_1,prec_2,prec_3,prec_4,prec_5,prec_6,prec_7,prec_8,prec_9,prec_10,prec_11,prec_12,prec_13,prec_14,prec_15,prec_16,st_1,st_2,st_3,st_4,st_5,st_6,st_7,st_8,st_9,st_10,st_11,st_12,st_13,st_14,st_15,st_16,02.0
LAT,29.30136,29.30136,29.30136,29.30136,32.09194,32.09194,32.09194,32.09194,34.88252,34.88252,34.88252,34.88252,37.67308,37.67308,37.67308,37.67308,29.30136,29.30136,29.30136,29.30136,32.09194,32.09194,32.09194,32.09194,34.88252,34.88252,34.88252,34.88252,37.67308,37.67308,37.67308,37.67308,33.6194949
LON,-115.3125,-112.5000,-109.6875,-106.8750,-115.3125,-112.5000,-109.6875,-106.8750,-115.3125,-112.5000,-109.6875,-106.8750,-115.3125,-112.5000,-109.6875,-106.8750,-115.3125,-112.5000,-109.6875,-106.8750,-115.3125,-112.5000,-109.6875,-106.8750,-115.3125,-112.5000,-109.6875,-106.8750,-115.3125,-112.5000,-109.6875,-106.8750,-110.9215037
1958 8.4925071E-09 7.4619511E-09 8.7150012E-09 1.4290647E-08 1.5624924E-08 1.4875734E-08 1.6916855E-08 1.6759234E-08 2.7516917E-08 2.3541295E-08 2.1266596E-08 1.6476523E-08 3.3626275E-08 2.5801329E-08 2.2152671E-08 2.0031781E-08  290.7369 289.5841 285.5621 281.4407 286.0388 283.7884 280.9461 279.1360 278.2758 275.8776 273.2426 273.3858 270.2592 268.1984 266.6442 267.8338  722.929
1959 1.2286923E-08 1.5379216E-08 1.9181728E-08 2.4793874E-08 1.6174210E-08 1.8439511E-08 2.1529843E-08 2.2561103E-08 2.7813439E-08 2.8347543E-08 2.5764100E-08 1.9828216E-08 3.1628232E-08 2.9107307E-08 2.6046266E-08 2.2467786E-08  290.8086 289.7016 285.9434 282.0519 286.3177 284.0630 281.4833 279.8699 278.6942 276.1943 273.8154 274.0939 270.7157 268.2058 266.5499 268.0631  203.393
1960 4.9706825E-09 4.5936495E-09 6.4757071E-09 1.0569219E-08 7.6311961E-09 8.4428189E-09 1.0639474E-08 1.1098022E-08 1.4777910E-08 1.6188809E-08 1.4663654E-08 1.2159553E-08 2.0540199E-08 2.0170010E-08 1.9028526E-08 1.8008755E-08  289.8116 290.3264 286.7179 282.8477 286.8475 284.7950 282.1257 280.5562 279.2624 276.7482 274.1014 274.4397 271.2169 268.3608 266.4101 268.2034  1008.07
1961 6.6395476E-09 6.3743446E-09 7.2414501E-09 1.0245057E-08 8.2448901E-09 9.4068113E-09 1.0780016E-08 1.1976459E-08 1.5946080E-08 1.6706068E-08 1.5896676E-08 1.3205129E-08 2.2449015E-08 2.1170587E-08 1.9662741E-08 1.7676243E-08  289.8921 290.0632 286.6739 282.9828 286.7855 284.7751 282.1412 280.5439 279.4541 276.8861 274.2271 274.4765 271.2807 268.3528 266.5135 268.2750  194.536
1962 6.9844592E-09 5.4903877E-09 6.0362475E-09 8.4720853E-09 8.6066745E-09 8.9347241E-09 9.6117994E-09 9.9044852E-09 1.5550134E-08 1.5981177E-08 1.4245877E-08 1.1741288E-08 2.0368439E-08 2.0130111E-08 1.8523677E-08 1.7356562E-08  289.2257 290.1821 286.9736 283.4585 286.5417 284.6949 282.3523 280.9668 279.1098 276.7552 274.4433 275.0050 271.1372 268.2159 266.7280 268.7697  2154.29
1963 7.2248625E-09 6.7767072E-09 8.0008897E-09 1.1555230E-08 8.4713880E-09 1.0322045E-08 1.1874160E-08 1.2671435E-08 1.7121705E-08 1.6841661E-08 1.5666936E-08 1.3330983E-08 2.3733760E-08 2.2104341E-08 1.9750985E-08 1.8485279E-08  289.8548 289.9153 286.8468 283.3659 286.3266 284.3979 282.1811 280.7195 278.4622 276.1631 273.9853 274.4260 269.5519 267.2558 265.9527 267.8741  1285.86
1964 7.8260527E-09 9.0963832E-09 1.1678652E-08 1.6438229E-08 1.1583517E-08 1.3790866E-08 1.6067997E-08 1.7278298E-08 1.7484805E-08 1.8710313E-08 1.7511029E-08 1.5644908E-08 2.0082114E-08 2.0340968E-08 1.9273049E-08 1.8847640E-08  290.5562 289.3901 285.7183 281.8746 286.3623 284.0422 281.3843 279.5842 278.8377 276.3419 273.6810 273.8524 270.5166 267.8785 266.2203 267.8230  167.966
1965 6.7710735E-09 7.4627611E-09 9.3601837E-09 1.2995531E-08 1.1397281E-08 1.2156243E-08 1.3284280E-08 1.3986075E-08 2.0085158E-08 1.9659721E-08 1.7030247E-08 1.3559482E-08 2.3495119E-08 2.1990108E-08 1.9618565E-08 1.7662499E-08  289.1045 290.1243 286.8662 283.1816 286.8063 284.9432 282.4810 280.8145 279.3985 277.1091 274.6316 274.9959 271.1078 268.4408 266.9422 268.8580  1409.61
1966 8.0850580E-09 9.1094954E-09 1.1825099E-08 1.6964178E-08 1.7947448E-08 1.7464817E-08 1.9035825E-08 1.7625380E-08 3.3446057E-08 2.8346266E-08 2.3559961E-08 1.7294667E-08 3.4143604E-08 2.8689717E-08 2.4177854E-08 2.0758428E-08  289.0933 288.7389 285.0336 281.1932 285.2516 282.9791 280.4533 278.9048 277.8729 275.2299 272.6936 273.2820 270.3405 268.1615 266.4891 267.6998  699.714
1967 8.7242302E-09 9.3931209E-09 9.5830739E-09 1.0873275E-08 1.2603607E-08 1.2943968E-08 1.3691737E-08 1.3540558E-08 1.9963837E-08 1.9015792E-08 1.6973624E-08 1.4027447E-08 2.4922432E-08 2.2799481E-08 2.0006892E-08 1.8469718E-08  289.5561 289.5472 286.3110 282.7964 286.0454 283.8920 281.6187 280.2716 278.7028 276.0525 273.4637 274.0800 270.8444 268.1371 266.1255 267.9336  222.714
1968 6.9995201E-09 6.9539139E-09 8.0406295E-09 1.2229866E-08 1.0961599E-08 1.0701305E-08 1.2031354E-08 1.4126700E-08 1.7979009E-08 1.7251025E-08 1.6600572E-08 1.4875428E-08 2.1900810E-08 2.0345436E-08 1.9514676E-08 1.8563670E-08  289.4393 290.6915 287.1046 283.1103 287.5107 285.5557 282.7244 280.7993 280.2033 277.7845 275.1169 275.1219 272.0575 269.3973 267.4135 268.9589  3129.66
1969 1.0787629E-08 1.0449796E-08 1.1892719E-08 1.6774885E-08 1.8838030E-08 1.6104128E-08 1.7253697E-08 1.7543838E-08 2.9271144E-08 2.3346253E-08 1.9607533E-08 1.5537513E-08 3.0548371E-08 2.4084372E-08 2.0276232E-08 1.7643266E-08  289.2822 289.8817 286.4196 282.4115 286.7013 284.7687 282.3727 280.6368 279.5997 277.6344 275.1317 275.3646 272.3521 270.0508 268.1077 269.7008  694.143
1970 8.3731466E-09 8.8478336E-09 1.1383053E-08 1.5882536E-08 1.3061188E-08 1.3894521E-08 1.5977488E-08 1.7052308E-08 2.0037948E-08 2.0951033E-08 2.0755900E-08 1.7482614E-08 2.2926624E-08 2.2172419E-08 2.1147661E-08 1.9523021E-08  289.5867 289.7306 286.1767 282.1870 286.5243 284.4896 281.8329 279.8533 278.9409 276.5122 273.9358 273.8543 270.6732 268.0220 266.3109 267.8041  229.429
1971 4.0788870E-09 4.0611408E-09 4.5920872E-09 6.9050703E-09 7.0671260E-09 8.0973006E-09 8.8471444E-09 8.6593728E-09 1.4773340E-08 1.5638681E-08 1.4209866E-08 1.1016787E-08 1.9770681E-08 1.9895227E-08 1.9097905E-08 1.7473234E-08  288.6492 290.3615 287.3173 283.9581 286.9653 285.1310 282.8394 281.6609 279.8341 277.3847 275.0968 275.7286 271.5146 268.8376 267.2399 269.2602  221.5
1972 3.1400300E-09 3.1138796E-09 4.9795261E-09 8.2302165E-09 4.4639519E-09 4.7640381E-09 6.8366046E-09 8.3668663E-09 1.0115093E-08 1.0111126E-08 9.9240092E-09 9.0093719E-09 1.8329773E-08 1.8040417E-08 1.7029432E-08 1.5239602E-08  287.8870 290.1844 287.0035 283.4823 287.1234 285.4072 282.8022 281.1818 280.1668 277.7173 274.9942 275.2183 271.9949 268.8492 266.9541 268.9274  332.138
1973 6.7846826E-09 6.7565895E-09 9.9552455E-09 1.4583185E-08 1.0815341E-08 1.1585533E-08 1.4585981E-08 1.5459523E-08 1.7753568E-08 1.6139349E-08 1.5720067E-08 1.3824685E-08 2.1746176E-08 1.8822909E-08 1.7633941E-08 1.7663714E-08  290.0605 289.2298 285.3723 281.3420 286.0821 283.6543 280.9080 279.1147 278.5044 275.8768 273.0542 273.2537 270.0638 267.5891 266.1836 267.5308  2654.29
1974 4.1476795E-09 4.5498139E-09 5.6425042E-09 7.6781159E-09 7.8287732E-09 8.8967429E-09 9.7629549E-09 1.0180986E-08 1.6652319E-08 1.6725954E-08 1.5226725E-08 1.2141797E-08 2.3410744E-08 2.2796121E-08 2.1125915E-08 1.8358016E-08  288.3403 289.9651 287.0115 283.8089 286.4546 284.7923 282.5320 281.2959 279.0280 276.7546 274.3204 274.9340 270.6320 268.2070 266.5760 268.4663  235.25
1975 4.4533284E-09 3.7716155E-09 4.2554409E-09 7.2320501E-09 7.3400681E-09 7.4062205E-09 8.6038261E-09 9.2409440E-09 1.5309725E-08 1.4198851E-08 1.3688446E-08 1.1725313E-08 2.3239799E-08 2.1128793E-08 1.9650550E-08 1.7684064E-08  288.7946 290.6946 287.3841 283.6525 287.3312 285.6436 283.0648 281.4354 280.3237 278.0561 275.3690 275.5160 272.3252 269.5423 267.6281 269.1643  474.929
1976 4.8116249E-09 4.9982947E-09 5.6972853E-09 6.9990893E-09 7.9190121E-09 9.8733794E-09 1.2531137E-08 1.1299887E-08 1.7766121E-08 2.0523006E-08 1.9187796E-08 1.4292754E-08 2.2820565E-08 2.3365596E-08 2.1747640E-08 1.9765213E-08  288.4825 289.5822 286.6945 283.6338 286.1469 284.3713 282.2577 281.1899 278.7126 276.2997 273.9837 274.9272 270.5182 267.8711 266.2886 268.3589  1174.38
1977 1.3554324E-08 1.7506597E-08 2.2380313E-08 2.4134280E-08 1.9600574E-08 2.0891219E-08 2.3414238E-08 2.1922183E-08 2.3901601E-08 2.3018776E-08 2.1634527E-08 1.9637721E-08 2.1683608E-08 1.9212285E-08 1.8698143E-08 1.8312004E-08  290.7397 289.8581 286.0203 281.8748 286.8238 284.5041 281.8674 279.8725 279.6008 277.2549 274.5566 274.3566 271.7559 269.1404 267.3876 268.8499  215.857
1978 1.1971951E-08 1.1294572E-08 1.3609756E-08 1.7458330E-08 1.8572598E-08 1.6819735E-08 1.7459607E-08 1.7277889E-08 2.6030994E-08 2.2680577E-08 2.0397085E-08 1.7568825E-08 2.6863196E-08 2.2980810E-08 2.1191529E-08 2.0096898E-08  290.7565 290.0583 286.4926 282.4345 286.5352 284.3970 281.9865 280.1763 279.1848 276.8532 274.3959 274.5772 271.5319 269.1145 267.1649 268.7398  1837.04
1979 1.3990049E-08 1.4922062E-08 1.5049050E-08 1.6346883E-08 2.1498535E-08 2.0286823E-08 2.0190077E-08 1.7706924E-08 2.6826250E-08 2.4212371E-08 2.1020551E-08 1.6589409E-08 2.6722999E-08 2.3684612E-08 2.1864976E-08 2.0247914E-08  288.6168 289.3044 286.0093 282.2297 286.1914 284.0453 281.6498 279.9511 279.1132 276.5162 273.9865 274.1812 271.1983 268.3944 266.7810 268.1544  3071.07
1980 1.6173713E-08 1.5178420E-08 1.7088128E-08 2.1539948E-08 2.4313541E-08 2.2771516E-08 2.3153298E-08 2.2236248E-08 3.4409240E-08 2.8916725E-08 2.4257211E-08 1.9538259E-08 3.3261973E-08 2.6637107E-08 2.2704837E-08 2.0567219E-08  290.3000 290.0871 286.3796 282.2587 286.6848 284.6009 282.1484 280.2980 279.4721 277.3642 274.9113 274.8501 272.0841 269.4441 267.7592 268.9745  9072.14
1981 7.4184050E-09 7.5103106E-09 6.8281230E-09 9.0460945E-09 1.1974543E-08 1.1743198E-08 1.1843968E-08 1.2410031E-08 2.3223823E-08 2.2161714E-08 1.8783775E-08 1.5063469E-08 2.9170682E-08 2.5935954E-08 2.3028470E-08 2.0601874E-08  290.8536 290.5485 287.0107 283.0803 286.8541 284.8574 282.3188 280.7516 279.2762 276.9149 274.4602 274.8476 271.5048 268.8612 267.0177 268.5875  283.286
1982 8.2894465E-09 9.3468913E-09 1.1237306E-08 1.4266582E-08 1.1306102E-08 1.2407105E-08 1.4050545E-08 1.5809009E-08 1.6777721E-08 1.7264528E-08 1.7562776E-08 1.6152788E-08 2.1642943E-08 1.9641442E-08 1.9357651E-08 1.8679735E-08  289.0713 289.9911 286.7346 282.9842 286.6876 284.7057 282.3942 280.6702 279.3158 277.0845 274.7161 274.8178 271.4030 268.7779 266.8397 268.5328  1404.89
1983 8.5859790E-09 8.7528109E-09 1.0878266E-08 1.2463229E-08 1.5275793E-08 1.5371880E-08 1.7580369E-08 1.7365117E-08 2.9633547E-08 2.3355721E-08 2.0242885E-08 1.6115406E-08 3.5391380E-08 2.5730769E-08 2.1330180E-08 1.8602712E-08  291.1721 289.0209 285.0070 280.9947 285.4853 282.8794 280.1830 278.6646 277.4333 274.8033 272.1580 272.7671 269.4624 267.3464 265.9720 267.2691  2895
1984 7.1406605E-09 9.3193764E-09 1.1953185E-08 1.6954269E-08 1.0614529E-08 1.2711805E-08 1.4488201E-08 1.5047867E-08 1.7370862E-08 1.9242254E-08 1.8690443E-08 1.5067503E-08 2.0226414E-08 2.0906914E-08 2.0137863E-08 1.8942162E-08  290.3484 290.5540 287.1813 283.4189 287.2551 285.2216 282.7936 281.1052 280.0391 277.6219 275.1717 275.2871 272.2613 269.6009 267.7263 269.1221  579.276
1985 5.5396319E-09 5.5934466E-09 6.5689596E-09 8.5629379E-09 8.4672447E-09 9.8072217E-09 1.1077921E-08 1.1657385E-08 1.5015434E-08 1.6584680E-08 1.5516335E-08 1.2965485E-08 1.9661915E-08 2.0162473E-08 1.8983163E-08 1.7977500E-08  288.9026 290.0323 286.8560 283.3852 286.6422 284.7615 282.3505 280.7995 279.2485 276.8143 274.2967 274.5433 270.8913 268.1949 266.4833 268.3318  2398.93
1986 8.7678753E-09 9.4255785E-09 1.0097680E-08 1.3782282E-08 1.3286791E-08 1.3519148E-08 1.4244123E-08 1.4956958E-08 1.9971205E-08 1.9489269E-08 1.8365952E-08 1.5398687E-08 2.2443830E-08 2.0728988E-08 1.9413227E-08 1.7356253E-08  290.0430 290.3924 286.8716 282.5333 287.0932 285.0465 282.4334 280.2906 279.9292 277.5716 274.9513 274.6849 272.1856 269.5419 267.5268 268.8907  1509
1987 8.9413525E-09 9.2969339E-09 1.0101384E-08 1.3329620E-08 1.5820593E-08 1.4724462E-08 1.5386982E-08 1.5244652E-08 2.4035128E-08 2.0460497E-08 1.7059348E-08 1.5104538E-08 2.4436520E-08 2.0493841E-08 1.8782531E-08 1.8012397E-08  289.3376 289.8384 286.1801 282.0042 286.9525 284.7226 282.1227 280.2188 279.8031 277.4413 274.9439 274.7505 271.9592 269.4545 267.7753 268.9617  1037.21
1988 4.8045199E-09 5.1765823E-09 7.2494482E-09 1.0228706E-08 6.7195813E-09 6.5194654E-09 8.4955154E-09 1.0039268E-08 1.1895682E-08 1.1724252E-08 1.2096665E-08 1.1439548E-08 1.7655953E-08 1.6731576E-08 1.6779373E-08 1.6178687E-08  288.8299 290.6210 287.1820 283.0954 287.4503 285.5688 282.9001 280.9536 280.1044 277.7538 275.0234 274.9654 271.7870 269.1607 267.1949 268.7975  1589.38
1989 4.4482866E-09 4.7744768E-09 5.6699125E-09 7.3254851E-09 5.9642074E-09 7.7258901E-09 9.4892627E-09 9.3273611E-09 9.1004839E-09 1.2819811E-08 1.3469401E-08 1.1558734E-08 1.4055610E-08 1.6861172E-08 1.7464426E-08 1.6328773E-08  288.2859 291.1237 288.3266 284.9617 287.9134 286.2920 283.9457 282.5215 280.8664 278.4205 275.9885 276.3225 272.5081 269.7933 267.7153 269.7413  483.393
1990 8.0480458E-09 7.9858378E-09 9.9984039E-09 1.4129589E-08 1.1780849E-08 1.1705048E-08 1.2792438E-08 1.3462115E-08 1.8840051E-08 1.8824624E-08 1.7422447E-08 1.3622081E-08 2.2941238E-08 2.0968814E-08 1.9177577E-08 1.7326704E-08  289.9034 291.0413 287.4068 283.2201 287.9367 285.8658 283.1162 281.1167 280.7009 278.1865 275.4707 275.5705 272.5065 269.5486 267.5824 269.2678  224.964
1991 1.2211721E-08 1.1500422E-08 1.2317390E-08 1.5662737E-08 1.7394177E-08 1.6513525E-08 1.7119996E-08 1.6797593E-08 2.4348680E-08 2.3150738E-08 2.0925230E-08 1.7495850E-08 2.7126868E-08 2.4635693E-08 2.2242402E-08 2.0216309E-08  289.9442 289.4804 286.1842 282.4080 286.2782 284.2304 281.9236 280.2987 279.2979 277.0302 274.4922 274.5347 272.0154 269.2964 267.1448 268.5149  714.321
1992 7.3904176E-09 7.6402689E-09 1.1496113E-08 1.4933256E-08 1.2395264E-08 1.4265558E-08 1.7147219E-08 1.7177641E-08 1.9865153E-08 1.9579142E-08 1.9114974E-08 1.6005300E-08 2.3487729E-08 2.0419037E-08 1.9314557E-08 1.8242886E-08  289.9998 289.0302 284.9303 280.8683 285.9030 283.3864 280.6807 278.9515 278.5540 275.8976 273.0975 273.3134 270.8477 268.5009 266.7484 267.8434  2325.21
1993 1.1136287E-08 1.2760040E-08 1.5543508E-08 1.9886187E-08 1.5831997E-08 1.6745847E-08 1.8611994E-08 1.8878310E-08 2.2406809E-08 2.1802542E-08 1.9275232E-08 1.5869826E-08 2.4634160E-08 2.2636453E-08 2.0606185E-08 1.9082421E-08  290.2896 289.3627 285.5240 281.4916 286.1349 283.8472 281.2430 279.5247 278.8042 276.3189 273.6887 273.9127 270.9232 268.3659 266.7979 268.2612  7867.5
1994 1.2532889E-08 1.2914491E-08 1.4831418E-08 1.7999717E-08 1.5763129E-08 1.6994301E-08 1.7577220E-08 1.7175660E-08 2.0022847E-08 2.0232298E-08 1.7736209E-08 1.4606733E-08 2.1061897E-08 2.0228709E-08 1.9230111E-08 1.8521559E-08  290.1644 289.9827 286.2914 282.0847 286.6796 284.5294 281.9478 280.0764 279.1468 276.7593 274.3486 274.3356 271.0720 268.4365 266.7416 268.1585  681.536
1995 7.9238562E-09 9.0016838E-09 1.2785333E-08 1.6856994E-08 1.4202229E-08 1.5276212E-08 1.8432392E-08 1.7856740E-08 2.5402654E-08 2.2668141E-08 2.0287150E-08 1.6722398E-08 2.7973021E-08 2.3534044E-08 2.1394705E-08 1.9758305E-08  289.5618 289.5914 285.8257 281.7240 286.4521 284.3420 281.6648 279.8268 279.1736 277.0218 274.4142 274.4402 271.9342 269.3934 267.7551 268.9521  3795.36
1996 8.6462135E-09 8.1905647E-09 9.0673558E-09 1.2556017E-08 1.2073543E-08 1.3423145E-08 1.3899934E-08 1.3965250E-08 1.9483991E-08 2.1424635E-08 2.0244210E-08 1.6077626E-08 2.5159455E-08 2.3926651E-08 2.2156470E-08 2.0086945E-08  290.0372 289.8399 286.7901 283.3347 286.3802 284.5261 282.2979 280.7845 279.1938 276.9194 274.6393 274.7745 271.2887 268.8097 266.9735 268.4449  249.103
1997 8.8738892E-09 9.0498604E-09 9.4712318E-09 1.2751948E-08 1.4919937E-08 1.4577282E-08 1.4466709E-08 1.4369359E-08 2.2178723E-08 2.1396817E-08 1.8647688E-08 1.5653075E-08 2.3285670E-08 2.1543535E-08 2.0445258E-08 1.9410027E-08  289.5764 290.1017 286.6554 282.6915 286.4904 284.5402 282.2101 280.3872 279.1140 276.7779 274.4140 274.4807 271.2045 268.6017 267.0434 268.2667  598
1998 4.3007131E-09 3.8020120E-09 5.6212199E-09 8.9294838E-09 8.2487714E-09 1.0586096E-08 1.3348108E-08 1.4767436E-08 2.2872655E-08 2.1564368E-08 1.9662210E-08 1.4843953E-08 3.3010391E-08 2.7608259E-08 2.3605308E-08 2.0840647E-08  292.1707 289.5574 285.2902 281.1364 285.8044 283.1785 280.3370 278.7303 277.6970 274.7767 272.0664 272.8685 269.8348 267.7111 266.1226 267.2415  946.286
1999 4.7276392E-09 4.3871480E-09 5.0844231E-09 6.0074767E-09 6.5439494E-09 6.2428347E-09 7.4029916E-09 8.1215568E-09 1.2348635E-08 1.1427572E-08 1.0528342E-08 9.7297148E-09 1.8056866E-08 1.7376360E-08 1.6189052E-08 1.5203417E-08  288.9691 291.2492 288.3152 285.0843 287.9810 286.5510 284.2936 283.0249 280.8535 278.9097 276.7729 277.1756 272.5185 270.1605 268.4959 270.5667  204.214
2000 4.5155697E-09 3.4374641E-09 3.3104262E-09 4.9756879E-09 8.1268112E-09 7.0675861E-09 7.1169257E-09 7.0438935E-09 1.7646556E-08 1.6738980E-08 1.3534184E-08 9.7214823E-09 2.3916655E-08 2.2377343E-08 1.9914777E-08 1.6869830E-08  289.2704 291.0304 288.2889 285.1884 287.4363 285.9075 283.7800 282.8030 280.1537 277.8565 275.7425 276.6999 271.7657 269.0898 267.4730 269.8187  196.897
2001 7.0329640E-09 6.6762746E-09 8.2702885E-09 1.1547541E-08 9.7590132E-09 1.0477947E-08 1.1493878E-08 1.1401819E-08 1.4310244E-08 1.6752622E-08 1.5693784E-08 1.2965298E-08 1.6643551E-08 1.8734310E-08 1.8829601E-08 1.9106265E-08  289.5397 290.7095 287.4570 283.6472 287.6646 285.7302 283.1926 281.3839 280.7047 278.1911 275.5314 275.5793 272.9014 269.9744 267.6830 269.2552  495.286
2002 1.1618105E-08 1.1061440E-08 1.1474340E-08 1.4625585E-08 1.3292549E-08 1.3472166E-08 1.4749536E-08 1.4489209E-08 2.0306642E-08 1.8952155E-08 1.7335219E-08 1.4283562E-08 2.3768770E-08 2.0927240E-08 1.9020964E-08 1.7211034E-08  289.4704 289.8139 286.5431 282.6590 286.6905 284.8579 282.4119 280.6949 279.6221 277.4666 275.1170 275.0085 272.0566 269.4998 267.4614 268.7262  173.714
2003 1.4546580E-08 1.4442774E-08 1.5631697E-08 1.8476330E-08 2.2960824E-08 2.1962558E-08 2.2748143E-08 2.0543339E-08 2.9497290E-08 2.6479100E-08 2.3142189E-08 1.8142416E-08 3.2166461E-08 2.6826829E-08 2.3193850E-08 2.0261460E-08  290.5140 289.7816 286.2411 282.2612 286.4434 284.3749 281.9439 280.2378 279.4285 277.3499 274.8524 274.9588 272.2454 270.0803 268.1758 269.3150  478.679
2004 8.8822754E-09 9.4467021E-09 1.0575986E-08 1.3782400E-08 1.3134978E-08 1.2699013E-08 1.4257146E-08 1.4459599E-08 2.1212584E-08 1.9283396E-08 1.7527041E-08 1.4603423E-08 2.6102981E-08 2.2785432E-08 2.0350861E-08 1.8553184E-08  289.7402 290.3849 287.0577 283.0931 287.3279 285.3280 282.8846 281.0449 280.3825 277.9153 275.4391 275.5421 272.7793 269.9516 267.9236 269.5519  217.069
2005 1.0962176E-08 1.2574906E-08 1.3430910E-08 1.7620636E-08 1.5039221E-08 1.6846464E-08 1.7305640E-08 1.7387880E-08 2.0197716E-08 1.9886777E-08 1.8577792E-08 1.6690883E-08 2.4031145E-08 2.0304743E-08 1.9647798E-08 1.8836001E-08  290.1337 290.1685 286.5565 282.4760 287.2150 285.1880 282.5847 280.7294 280.3438 278.1082 275.4962 275.5460 273.2400 270.3621 268.0694 269.5687  6706.29
2006 7.6189286E-09 6.7403363E-09 8.4364267E-09 1.2552468E-08 1.3254866E-08 1.1970978E-08 1.2566801E-08 1.3959028E-08 1.9154813E-08 1.9812042E-08 1.8318419E-08 1.5355401E-08 2.3626075E-08 2.2966582E-08 2.2134358E-08 2.0215912E-08  289.1161 290.5682 287.3213 283.4660 287.1730 285.3673 282.9003 281.0415 280.0195 277.6600 275.2210 275.3057 272.3311 269.4205 267.5928 269.1622  161.036
2007 8.8119609E-09 9.7511839E-09 1.2577519E-08 1.5556116E-08 1.5209723E-08 1.6149984E-08 1.7725524E-08 1.6758781E-08 2.4162853E-08 2.2708280E-08 2.0471418E-08 1.6780236E-08 2.7824228E-08 2.3939586E-08 2.1342869E-08 1.7748320E-08  289.7663 290.4300 286.7634 282.7059 287.1976 285.2632 282.6814 280.8933 280.3893 278.2294 275.7614 275.8238 273.0318 270.6497 268.5824 270.1335  490.571
2008 2.2964257E-09 2.0977982E-09 2.6842377E-09 4.3712602E-09 3.6727572E-09 4.2053951E-09 5.4643459E-09 6.3087553E-09 8.2235436E-09 9.0838697E-09 8.8922425E-09 8.9548466E-09 1.3398696E-08 1.3984247E-08 1.3991849E-08 1.4431893E-08  288.3689 291.0695 288.0652 284.5441 287.7803 286.0181 283.5189 281.9720 280.5182 278.0186 275.3694 275.6809 271.9328 269.1362 267.1842 269.2922  2946.9
2009 5.7344578E-09 6.4112724E-09 7.8114617E-09 1.0737676E-08 7.3714945E-09 9.6120436E-09 1.1400576E-08 1.1431704E-08 1.4785075E-08 1.7002961E-08 1.6166839E-08 1.3496358E-08 2.0754685E-08 2.1146958E-08 1.9899833E-08 1.7823815E-08  289.7565 290.3643 287.1188 283.6424 287.0510 285.1996 282.8321 281.4839 279.7635 277.3098 274.8854 275.4145 271.7939 269.1816 267.1518 268.9355  941.857
2010 1.6487691E-08 1.9036984E-08 2.0346532E-08 2.2641743E-08 2.7981999E-08 2.6193705E-08 2.7382635E-08 2.4130259E-08 4.2340048E-08 3.4904982E-08 2.8792204E-08 2.1071063E-08 4.2459206E-08 3.3237058E-08 2.7374703E-08 2.2283459E-08  0.0000000E+00 0.0000000E+00 0.0000000E+00 0.0000000E+00 0.0000000E+00 0.0000000E+00 0.0000000E+00 0.0000000E+00 0.0000000E+00 0.0000000E+00 0.0000000E+00 0.0000000E+00 0.0000000E+00 0.0000000E+00 0.0000000E+00 0.0000000E+00  1625.75
2011 2.6942053E-09 2.8915328E-09 3.3980663E-09 4.8760653E-09 5.1544831E-09 6.2378009E-09 7.6967330E-09 7.4005184E-09 1.3496237E-08 1.4610168E-08 1.3648548E-08 1.0120673E-08 2.1932284E-08 2.2089599E-08 2.0769615E-08 1.8457351E-08  288.3529 289.9893 286.9246 283.7503 286.3813 284.5602 282.3383 281.2520 278.6652 276.2159 273.8732 274.8256 270.3684 267.6369 266.0101 267.9248  231.393
2012 4.4192872E-09 3.8573482E-09 4.7847117E-09 7.5836999E-09 6.0192948E-09 5.9632428E-09 8.1683655E-09 9.7709671E-09 1.3216255E-08 1.3984915E-08 1.3223069E-08 1.1750610E-08 1.9009063E-08 1.9338058E-08 1.8605043E-08 1.6322144E-08  289.3293 290.8244 287.9832 284.6910 287.3940 285.6997 283.5105 282.1869 279.9552 277.6773 275.4941 275.9363 271.3986 268.7856 266.9946 269.2179  290.138
2013 1.0241049E-08 1.0570242E-08 1.0651605E-08 1.3232728E-08 1.3436048E-08 1.3383915E-08 1.3946071E-08 1.3185087E-08 2.0132221E-08 1.9209310E-08 1.6622575E-08 1.3190909E-08 2.3973659E-08 2.1558316E-08 1.9158723E-08 1.7382495E-08  289.0787 290.8767 287.7842 284.0698 287.6345 285.9042 283.7088 282.1824 280.4583 278.2691 276.0414 276.3600 272.4878 269.6619 267.8041 269.6605  439.071
2014 8.2670102E-09 7.7708897E-09 9.0600132E-09 1.2995844E-08 1.0286294E-08 1.0711275E-08 1.3637452E-08 1.5296646E-08 1.5949164E-08 1.5989936E-08 1.6977207E-08 1.5863845E-08 2.1131147E-08 1.9131022E-08 1.8209708E-08 1.7728526E-08  289.9332 291.3988 287.8039 283.6932 288.2589 286.3793 283.6069 281.7409 281.1219 278.8560 276.3571 276.4122 273.4333 270.5606 268.5572 270.2258  262.929
2015 1.4518967E-08 1.5468597E-08 1.5244581E-08 1.8588473E-08 2.8060221E-08 2.3739798E-08 2.2131474E-08 1.9125514E-08 4.0549732E-08 3.1740168E-08 2.5152843E-08 1.7961341E-08 3.9559655E-08 2.9727474E-08 2.5076682E-08 2.1073076E-08  290.9268 290.1943 286.6632 282.5235 286.9095 284.8259 282.7220 280.9816 280.1515 278.2515 276.0385 276.2153 273.3954 271.1711 269.2059 270.4150  870.5
