STN,prec_1,prec_2,prec_3,prec_4,prec_5,prec_6,prec_7,prec_8,prec_9,prec_10,prec_11,prec_12,prec_13,prec_14,prec_15,prec_16,st_1,st_2,st_3,st_4,st_5,st_6,st_7,st_8,st_9,st_10,st_11,st_12,st_13,st_14,st_15,st_16,06.0
LAT,29.30136,29.30136,29.30136,29.30136,32.09194,32.09194,32.09194,32.09194,34.88252,34.88252,34.88252,34.88252,37.67308,37.67308,37.67308,37.67308,29.30136,29.30136,29.30136,29.30136,32.09194,32.09194,32.09194,32.09194,34.88252,34.88252,34.88252,34.88252,37.67308,37.67308,37.67308,37.67308,33.6194949
LON,-115.3125,-112.5000,-109.6875,-106.8750,-115.3125,-112.5000,-109.6875,-106.8750,-115.3125,-112.5000,-109.6875,-106.8750,-115.3125,-112.5000,-109.6875,-106.8750,-115.3125,-112.5000,-109.6875,-106.8750,-115.3125,-112.5000,-109.6875,-106.8750,-115.3125,-112.5000,-109.6875,-106.8750,-115.3125,-112.5000,-109.6875,-106.8750,-110.9215037
1958 5.9303951E-10 3.0450972E-10 7.6369631E-09 2.7420411E-08 4.1171681E-11 2.9922023E-10 5.7240825E-09 1.4794474E-08 2.5791086E-10 1.3842795E-09 6.1335621E-09 1.4530158E-08 3.4557950E-09 5.2691824E-09 1.0218366E-08 1.4792313E-08  291.5349 306.0065 304.4786 300.3218 303.4716 305.8592 304.0493 301.6857 301.6746 301.8754 300.2790 299.2642 297.8179 296.4232 294.9937 294.3246  407.167
1959 4.9211091E-10 1.2746674E-09 1.3043071E-08 3.4861753E-08 2.5534291E-10 1.5184953E-09 1.2408582E-08 2.0185841E-08 4.1783826E-10 2.5176876E-09 1.0860552E-08 2.0347493E-08 2.1251039E-09 4.8840993E-09 1.0635349E-08 1.5183286E-08  291.5080 305.8383 303.5439 299.1988 303.9539 305.7830 303.3291 300.8994 302.3007 302.1036 300.1359 299.0047 298.7412 297.2433 295.6013 294.8754  78.6667
1960 4.2118650E-10 1.1991701E-09 1.0975526E-08 2.9343511E-08 3.8135423E-10 1.4417697E-09 9.2264383E-09 1.7184721E-08 4.0835568E-10 1.9129844E-09 8.2398524E-09 1.7765656E-08 2.2231321E-09 4.9974487E-09 9.8893480E-09 1.6855777E-08  291.1294 305.6839 303.8133 299.4556 303.1132 305.5439 303.4627 301.2244 301.6609 301.8331 300.1764 299.1943 298.4142 297.0148 295.5023 294.6667  284.633
1961 1.7496529E-10 5.1639554E-10 8.7395753E-09 3.2684426E-08 3.5659517E-11 8.0629037E-10 6.0389946E-09 1.7755434E-08 2.8729100E-10 1.7483617E-09 6.5006884E-09 1.6893125E-08 2.0494366E-09 4.3748143E-09 9.8878381E-09 1.5119321E-08  289.4536 305.5891 303.5343 299.1751 303.3248 305.6967 303.7181 301.2614 301.6976 301.9874 300.5085 299.5695 298.3165 297.1880 295.6534 295.0288  108.433
1962 3.9790524E-10 6.9907025E-10 1.1890619E-08 4.0349512E-08 8.5130805E-11 1.1324235E-09 1.1028382E-08 2.4226685E-08 3.1020161E-10 1.9918005E-09 1.0646152E-08 2.2910015E-08 2.4528803E-09 6.8858892E-09 1.3397041E-08 1.9602002E-08  290.3834 305.5849 303.2894 298.7900 303.3277 305.7194 303.1075 300.5042 301.9929 302.0353 299.9232 298.7715 298.6050 297.0312 295.2881 294.5558  310.1
1963 5.8553162E-10 6.5810490E-10 8.9540952E-09 3.4390538E-08 1.0078225E-10 6.7818223E-10 6.8960082E-09 2.1862668E-08 1.7889097E-10 1.8387668E-09 7.3155433E-09 1.9542091E-08 2.1345645E-09 5.5870246E-09 1.1340600E-08 1.7980895E-08  290.6934 305.4578 303.5954 299.1889 303.0471 305.4759 303.4729 300.9001 301.7839 301.9108 300.2475 298.9785 298.3287 296.8696 295.2185 294.4026  104.5
1964 4.4135576E-10 1.2107981E-09 1.2745287E-08 3.8748471E-08 1.5706172E-10 1.8843023E-09 1.1552096E-08 2.2512850E-08 4.0744319E-10 2.3534994E-09 1.0441571E-08 2.0113276E-08 2.1079365E-09 5.2909739E-09 1.2870117E-08 1.7755539E-08  290.2289 305.5686 302.9997 298.7018 303.4826 305.5552 303.0544 300.8012 301.9247 301.9273 299.9866 299.1407 298.4757 297.1453 295.3942 294.8176  137.867
1965 5.0986732E-10 1.6322483E-09 1.6136417E-08 4.0516198E-08 3.4183409E-10 2.3001376E-09 1.3351695E-08 2.7049783E-08 7.5555823E-10 4.3346837E-09 1.2407507E-08 2.6209142E-08 3.4082477E-09 9.2879899E-09 1.7808858E-08 2.0891667E-08  290.7348 305.4587 302.9071 298.1527 303.4088 305.2781 302.3861 299.5173 301.6668 301.2346 298.9344 297.3108 297.8176 295.9449 293.9740 293.4247  556.5
1966 3.4951905E-10 7.6952922E-10 8.7223038E-09 3.1096302E-08 2.2027122E-10 1.4054156E-09 7.3336879E-09 1.8240957E-08 4.2356404E-10 2.9437530E-09 8.8523837E-09 1.9404544E-08 3.4180774E-09 7.4957898E-09 1.2755369E-08 2.0210503E-08  290.3668 305.6996 303.7105 299.0230 303.3668 305.5152 303.2877 300.5521 301.5912 301.6487 299.8369 298.5410 297.6756 296.1476 294.7242 293.8518  268.2
1967 2.9233616E-10 7.1622458E-10 8.5016252E-09 3.5296278E-08 1.8141498E-10 1.0349999E-09 7.7814830E-09 2.2490701E-08 4.1276790E-10 2.0747206E-09 8.4838749E-09 2.0905999E-08 2.0766382E-09 4.4330939E-09 1.1137683E-08 1.9164686E-08  290.2603 306.1009 303.6864 298.7307 303.6953 305.9958 303.6110 300.8154 301.9846 302.2231 300.3338 298.9908 298.4330 297.1678 295.4283 294.5181  128.533
1968 4.4114601E-10 1.4789389E-09 1.1139317E-08 3.4115619E-08 9.9090146E-11 1.6286033E-09 8.6457845E-09 2.1515685E-08 2.3876282E-10 1.8867985E-09 8.5954337E-09 1.9150125E-08 2.5586675E-09 6.4679551E-09 1.2073605E-08 1.8581559E-08  290.4237 305.5262 303.1501 298.6865 303.6019 305.6151 303.2716 300.6558 302.1768 302.1889 300.2970 298.9445 298.5421 296.9694 295.3296 294.3638  458
1969 3.7429662E-10 6.2753580E-10 4.9340438E-09 1.8104604E-08 2.9701833E-10 6.8019174E-10 5.8952425E-09 1.1915977E-08 5.2115451E-10 1.0330696E-09 6.0869128E-09 1.2258746E-08 2.1232796E-09 3.8451375E-09 8.3018117E-09 1.4733006E-08  289.7802 305.7778 305.0019 301.1491 302.8951 305.3857 304.0741 302.0492 301.3009 301.5607 300.3164 299.7178 297.8228 296.4052 295.3111 294.7161  312.267
1970 4.2097756E-10 1.0321820E-09 9.0214547E-09 3.1232862E-08 2.1741181E-10 1.2241200E-09 8.5787839E-09 1.7404396E-08 4.9799759E-10 2.3113123E-09 8.8540606E-09 1.7662742E-08 3.1918193E-09 6.6222494E-09 1.1652570E-08 1.7754829E-08  290.3734 305.3121 303.6832 299.3964 303.0089 305.1267 303.2030 300.9408 301.5367 301.4367 299.7345 298.8080 298.0573 296.4377 294.8435 294.1453  204.767
1971 3.2160882E-10 8.7505292E-10 7.8269755E-09 3.3772814E-08 3.4746894E-10 1.2440167E-09 6.6912382E-09 2.2993083E-08 6.6793260E-10 2.2064819E-09 8.4827754E-09 2.0804610E-08 2.5862135E-09 5.6113936E-09 1.1334404E-08 1.5659998E-08  289.8878 304.8502 302.7005 297.9181 302.4570 304.7154 302.5354 299.9581 300.9731 301.0538 299.3056 298.1805 297.4572 296.1092 294.4999 293.9743  100.133
1972 4.7700893E-10 8.6407853E-10 9.6671400E-09 2.8305960E-08 2.2644253E-10 1.4985857E-09 9.2473487E-09 1.8777396E-08 7.1349621E-10 2.8845721E-09 1.0362201E-08 2.0664089E-08 3.1405665E-09 7.4913906E-09 1.4365748E-08 1.8840009E-08  290.1702 305.7573 303.7320 299.3489 303.2349 305.2789 303.0993 300.6647 301.3560 301.3116 299.3402 298.3177 297.5612 296.0836 294.2602 293.7485  189.933
1973 2.3883515E-10 5.1998178E-10 7.4930124E-09 3.2622182E-08 1.9804132E-10 1.0845094E-09 7.1466921E-09 1.8578564E-08 1.2207328E-09 2.5016051E-09 7.8795734E-09 1.8404464E-08 3.3950600E-09 7.1758364E-09 1.2928643E-08 1.7107512E-08  289.6475 305.0820 303.3218 298.9720 302.7650 304.9710 302.9161 300.6579 301.3262 301.3914 299.6470 298.6347 297.9518 296.3528 294.7459 294.1263  1329
1974 2.7197489E-10 6.3322725E-10 9.2545553E-09 3.8521783E-08 1.7388610E-10 1.3391108E-09 9.1566736E-09 2.4078538E-08 7.2779377E-10 3.3349767E-09 1.1112641E-08 2.3353682E-08 3.2325440E-09 8.1918987E-09 1.5734678E-08 2.0071228E-08  289.8192 305.2372 302.5321 297.7482 303.1757 305.1793 302.6295 299.7592 301.5979 301.3618 299.2386 297.8814 297.8696 296.0996 294.1323 293.4297  121.333
1975 4.6833526E-10 1.4084733E-09 9.7935979E-09 3.6081666E-08 2.2160351E-10 1.1793707E-09 8.9294261E-09 2.1954738E-08 6.3028388E-10 2.6163514E-09 9.3924806E-09 2.2724997E-08 2.2118707E-09 5.2106355E-09 1.1919485E-08 1.7792928E-08  289.2814 305.1180 302.8552 298.2889 303.1239 305.3547 302.8911 300.2456 301.7128 301.6889 299.7046 298.4962 298.2808 296.9287 295.0968 294.2632  476.9
1976 3.5724346E-10 1.5891267E-09 1.6003508E-08 4.0015827E-08 2.5757385E-10 1.8384368E-09 1.4195315E-08 2.3022942E-08 5.3900912E-10 3.0915408E-09 1.4192047E-08 2.3031664E-08 2.7780123E-09 6.3471166E-09 1.3855646E-08 2.0042869E-08  290.4892 305.4618 302.8027 298.1225 303.3584 305.2727 302.4730 300.0240 301.8013 301.5211 299.1195 297.9966 298.1804 296.5132 294.5147 293.7087  239.633
1977 4.5102877E-10 1.0213406E-09 1.1052228E-08 3.5623369E-08 3.9151091E-10 1.4830468E-09 9.4537329E-09 2.3954774E-08 8.3681684E-10 2.8616312E-09 1.1589465E-08 2.5525045E-08 3.5227712E-09 7.6333722E-09 1.5509011E-08 2.0822402E-08  290.6547 305.4290 302.9633 298.3578 303.3801 305.2250 302.4586 299.6544 301.5723 301.3104 299.0235 297.4593 297.6345 295.8960 294.1694 293.5194  141.767
1978 3.6017037E-10 6.1102212E-10 1.1190162E-08 4.1965414E-08 9.4638533E-11 9.2281494E-10 1.0495741E-08 2.4027724E-08 2.8575484E-10 1.7950545E-09 8.5915133E-09 2.0788379E-08 1.2748997E-09 3.6957180E-09 9.8222177E-09 1.6129773E-08  291.1381 306.1571 303.9620 298.9825 303.8670 306.2619 303.7115 300.7978 302.1264 302.4034 300.5024 299.1635 298.8232 297.5606 296.0035 295.1674  320.267
1979 3.9797632E-10 6.1263555E-10 7.3252711E-09 2.5566409E-08 1.5755666E-10 6.7182027E-10 5.7283409E-09 1.5429828E-08 3.0351233E-10 1.7389965E-09 6.5313888E-09 1.4720666E-08 2.0497397E-09 4.3308028E-09 9.5106474E-09 1.4591335E-08  290.6380 305.1195 303.6953 299.6153 302.5384 304.9139 303.2820 301.1225 301.1040 301.2585 299.9423 299.1342 297.8237 296.5418 295.0453 294.4733  1280.57
1980 5.2520477E-10 6.5383488E-10 4.7317239E-09 2.2714666E-08 3.1094019E-10 9.1912228E-10 3.8937431E-09 1.2740401E-08 2.9686897E-10 1.2464029E-09 5.2041722E-09 1.2993859E-08 2.5893663E-09 4.4062736E-09 8.3969089E-09 1.4374248E-08  290.4825 305.7751 304.5769 300.4123 302.9191 305.3832 303.9724 301.8068 301.5374 301.7665 300.3664 299.4769 298.0087 296.6673 295.2742 294.6743  879.433
1981 3.8813794E-10 7.7893791E-10 9.3385895E-09 3.1372767E-08 1.0773692E-10 1.2711322E-09 8.0884703E-09 1.9622105E-08 2.3084858E-10 2.1902928E-09 7.6222255E-09 1.7352077E-08 3.5117811E-09 5.6234950E-09 1.0941795E-08 1.5941753E-08  291.4528 305.9073 303.8892 299.4812 303.4757 305.7162 303.5840 301.1647 301.9123 301.9391 300.2993 299.3155 298.4745 297.0565 295.5096 294.8900  203.033
1982 5.1167476E-10 7.7278584E-10 7.7836342E-09 3.0400212E-08 3.9415191E-10 1.0235608E-09 8.8408578E-09 2.0463338E-08 8.9358076E-10 3.1455114E-09 1.0427855E-08 2.1494348E-08 3.7245593E-09 8.2458671E-09 1.3995908E-08 1.9681446E-08  291.3126 305.9795 304.0165 299.0626 303.1280 305.3550 303.0350 300.1844 301.2849 301.2119 299.3210 297.9452 297.4135 295.8934 294.1894 293.6424  388.133
1983 6.7830991E-10 4.9754373E-10 3.1527603E-09 2.1341210E-08 2.9166508E-10 1.0802422E-09 4.5089901E-09 1.7255946E-08 9.3519681E-10 2.7628373E-09 7.3683015E-09 1.6362341E-08 6.1741319E-09 9.9378994E-09 1.4359957E-08 1.7643909E-08  291.8632 304.9581 303.7631 299.3969 301.9162 304.1562 302.5314 299.9284 300.1763 300.1092 298.4055 297.2878 296.0346 294.4812 292.8951 292.5451  1189.53
1984 8.3246254E-10 1.3326357E-09 1.0641842E-08 3.5834088E-08 4.4326595E-10 1.5786165E-09 9.6117398E-09 2.3089129E-08 8.3137264E-10 3.5478223E-09 1.1283888E-08 2.3506031E-08 4.1719179E-09 1.0363578E-08 1.6171715E-08 2.0366659E-08  292.2097 305.4508 302.9886 298.3451 303.5091 305.4384 302.8538 300.2463 301.9431 301.5956 299.5351 298.2374 298.2837 296.3389 294.6273 293.9260  190.033
1985 5.1346066E-10 1.6166487E-09 1.2181084E-08 3.4473082E-08 5.7209132E-10 2.3263818E-09 9.6837374E-09 2.1522625E-08 8.5288027E-10 3.2751675E-09 1.0266011E-08 1.9310789E-08 4.1214241E-09 9.8561008E-09 1.6553601E-08 1.9937827E-08  291.5035 305.3483 302.8804 298.4016 303.5225 305.2900 302.8323 300.4046 301.8836 301.5934 299.6996 298.6760 298.0866 296.2000 294.4435 294.0351  648.5
1986 5.8087751E-10 1.3977558E-09 1.0376135E-08 3.3107899E-08 8.9409602E-10 2.2135471E-09 8.3144602E-09 2.3304459E-08 1.5895855E-09 3.7841250E-09 1.0675985E-08 2.2095985E-08 4.9852651E-09 1.0360150E-08 1.7327793E-08 1.9690077E-08  292.2143 305.9238 303.4129 298.5182 303.6651 305.6501 303.0497 299.9981 301.6165 301.5066 299.4495 297.9325 297.7069 295.7743 294.0179 293.6088  270.033
1987 9.6094799E-10 5.3637372E-10 7.5065891E-09 2.3674094E-08 4.5065413E-10 1.1022552E-09 7.3379636E-09 1.9935486E-08 1.3340854E-09 2.7972085E-09 9.7921795E-09 2.0409914E-08 5.8964114E-09 9.6975601E-09 1.5848940E-08 1.9013163E-08  292.3344 304.8352 303.2168 298.9176 302.1951 304.0229 301.9065 299.3340 300.2073 299.8777 297.9102 296.5862 296.0295 294.3180 292.5789 292.3268  399.533
1988 6.4571937E-10 8.9050273E-10 9.1248706E-09 3.2698384E-08 3.3982533E-10 1.3284478E-09 9.0649417E-09 1.9763187E-08 5.7780708E-10 2.2703253E-09 8.8756620E-09 1.8240771E-08 2.8122114E-09 6.7160588E-09 1.2309414E-08 1.6512399E-08  291.9798 305.3524 303.3362 298.8788 302.9931 305.1469 303.0904 300.7911 301.4955 301.5326 299.9445 299.0193 298.2466 296.7207 295.1811 294.7256  321.7
1989 1.0745312E-09 2.8641240E-09 2.0268972E-08 4.1776548E-08 9.1342262E-10 3.6243495E-09 1.7553546E-08 3.2838170E-08 1.5857506E-09 5.4658744E-09 1.7274742E-08 2.8313954E-08 4.8704636E-09 1.1175487E-08 2.0254877E-08 2.3588870E-08  291.8888 305.5538 302.0345 297.7372 304.1771 305.5578 302.0467 299.5211 302.3596 301.9215 299.2990 297.9949 298.5851 296.9307 294.6402 293.9926  117.867
1990 5.3719157E-10 8.9849433E-10 1.0714615E-08 3.5785803E-08 3.0665229E-10 1.0723835E-09 9.3704378E-09 2.0484549E-08 5.5039623E-10 2.3592042E-09 9.3251282E-09 2.1470152E-08 2.3788569E-09 5.7783964E-09 1.2470310E-08 1.8850109E-08  292.0970 306.4471 304.1943 299.6349 303.9033 306.2002 303.8777 301.3950 302.1934 302.2479 300.3747 299.2564 298.7411 297.2871 295.5479 294.8095  113.067
1991 3.2040098E-10 1.1798630E-09 7.4086088E-09 2.4068061E-08 2.1697553E-10 1.5441355E-09 7.2325443E-09 1.6346474E-08 3.6639711E-10 2.0744300E-09 8.1975777E-09 1.6256550E-08 3.0441418E-09 6.0132077E-09 1.1223250E-08 1.5606659E-08  291.0070 305.9114 304.3948 300.0789 303.2566 305.4067 303.5323 301.3075 301.6027 301.5839 299.9552 299.0684 297.8953 296.3210 294.8858 294.4236  557.5
1992 1.7634656E-09 1.8137054E-09 1.2543245E-08 2.6543521E-08 6.7054623E-10 2.9310854E-09 1.3167843E-08 2.1177348E-08 1.9299662E-09 6.3018697E-09 1.5220868E-08 2.4467678E-08 8.2045775E-09 1.4615612E-08 2.2231621E-08 2.4205082E-08  294.0329 304.8421 302.8563 298.4482 302.2007 303.8333 301.2614 298.5741 300.1572 299.4942 297.0241 295.4771 295.7076 293.7852 291.5285 291.3484  811.4
1993 1.0964718E-09 1.0655578E-09 6.0219998E-09 2.3442681E-08 3.5093600E-10 1.3429580E-09 5.3858793E-09 1.3515352E-08 6.3128541E-10 1.8073295E-09 5.6290745E-09 1.2796396E-08 3.5419558E-09 6.9670869E-09 9.4720596E-09 1.4224221E-08  292.6992 305.5072 304.3351 300.0264 302.5479 304.7892 303.1347 300.8297 300.8652 300.8561 299.3844 298.6093 297.1609 295.5909 294.3088 293.9575  717.767
1994 7.9567730E-10 1.8464644E-09 1.3258681E-08 3.7515807E-08 7.5915990E-10 2.2605611E-09 1.2099712E-08 2.5685997E-08 1.1386893E-09 3.8278336E-09 1.1996273E-08 2.3509834E-08 4.9023599E-09 9.3583088E-09 1.6270100E-08 1.9315973E-08  291.5124 305.7253 302.9762 298.2847 303.6714 305.4184 302.5157 299.6337 301.8358 301.5203 299.2319 297.7354 297.9537 296.1285 294.2357 293.7784  227
1995 3.7414735E-10 9.2863572E-10 9.9404991E-09 2.5387527E-08 1.9650388E-10 1.1434002E-09 8.5808063E-09 1.6878934E-08 3.2246275E-10 2.0724527E-09 7.3543895E-09 1.8619398E-08 2.0732647E-09 6.0804126E-09 1.0785259E-08 1.5381511E-08  291.4384 306.1463 304.3072 299.7927 303.5160 305.5627 303.4418 301.0291 301.6490 301.6319 300.0010 298.9055 298.0801 296.5446 295.0330 294.5410  476.533
1996 9.2407310E-10 1.6179431E-09 1.5519200E-08 3.5203133E-08 1.4342497E-10 1.5476844E-09 1.0444260E-08 2.2441267E-08 2.3273310E-10 2.5394713E-09 9.6860289E-09 2.0801959E-08 2.0264592E-09 5.5133396E-09 1.2610363E-08 1.9625153E-08  293.1200 305.7963 303.2898 298.9707 303.9064 305.8514 303.2934 300.9894 302.3708 302.2495 300.1535 299.1400 298.9017 297.2519 295.4631 294.5740  115.833
1997 7.5137635E-10 1.3104541E-09 1.1328621E-08 2.8803786E-08 3.9403281E-10 2.2505797E-09 1.0744625E-08 1.7317490E-08 8.9022473E-10 3.9258112E-09 1.2394688E-08 2.0717820E-08 3.0722256E-09 7.2490787E-09 1.4281917E-08 1.7961076E-08  293.1890 306.4503 304.1417 299.6349 304.0789 305.8993 303.3469 301.0405 302.0854 301.7704 299.6849 298.5503 298.3255 296.5310 294.7464 294.0969  200
1998 9.7811381E-10 1.8457508E-10 4.0371511E-09 2.0252420E-08 5.2939788E-11 2.2879000E-10 3.8837458E-09 1.1788094E-08 4.3792278E-10 1.2339685E-09 5.0819393E-09 1.3664709E-08 3.7866932E-09 7.2061273E-09 1.0285787E-08 1.4258678E-08  292.2907 305.4534 304.7072 301.0490 302.5457 304.8351 303.5631 301.6941 301.0108 300.9581 299.6381 298.9779 296.9337 295.3319 294.1662 294.0072  454.833
1999 3.9331910E-10 1.4586211E-09 7.3362370E-09 2.5547610E-08 3.7538164E-10 1.7738399E-09 7.0224013E-09 1.7220673E-08 4.6818965E-10 2.1829951E-09 7.7891382E-09 1.7042542E-08 2.8877558E-09 5.1244049E-09 1.0209752E-08 1.6075655E-08  290.9690 305.9917 304.3953 300.2452 303.8181 306.2737 304.3993 302.0603 302.4128 302.7268 301.1385 300.3505 299.2419 298.0816 296.5965 295.7982  145.8
2000 6.5338901E-10 1.8746833E-09 1.7235351E-08 3.8042991E-08 2.2564109E-10 2.4500650E-09 1.2571866E-08 2.4089674E-08 6.0820454E-10 3.5979089E-09 1.1860762E-08 2.3477993E-08 3.6581878E-09 7.7154256E-09 1.4745795E-08 2.0751012E-08  292.4262 305.9214 303.2150 298.8788 303.9133 305.8822 303.2164 300.8117 302.3789 302.2109 300.0434 299.0251 298.8776 297.3585 295.3856 294.6176  165.333
2001 6.3454098E-10 1.4626936E-09 1.1824485E-08 4.1683503E-08 6.2372685E-10 2.8447114E-09 1.2297294E-08 2.8518100E-08 1.5139682E-09 5.5295173E-09 1.3668351E-08 2.5583828E-08 5.9777774E-09 1.1373212E-08 1.7515362E-08 2.0244329E-08  292.0078 306.1979 303.4729 298.2119 303.9800 305.8548 302.8742 299.7734 302.1844 301.8050 299.5095 298.0450 298.3513 296.5819 294.5998 294.2219  193.167
2002 3.6804287E-10 5.0584109E-10 8.9117149E-09 3.7179330E-08 2.1462437E-10 1.2943869E-09 9.7533421E-09 2.4672417E-08 7.1752071E-10 3.0466061E-09 1.0991319E-08 2.3183265E-08 3.1819860E-09 6.7423396E-09 1.3615028E-08 1.8290208E-08  291.0902 306.2731 304.0949 299.0896 303.7081 305.9119 303.4721 300.3572 302.0256 301.9501 299.8709 298.2302 298.2539 296.6583 294.7960 294.1408  74.5667
2003 5.0818633E-10 3.7270464E-10 6.0080443E-09 2.9699219E-08 8.2081619E-11 5.4811661E-10 5.7064398E-09 1.6741529E-08 2.4715335E-10 1.2393362E-09 5.9168279E-09 1.4948000E-08 3.2579401E-09 5.4290887E-09 1.0566061E-08 1.4814036E-08  292.1194 306.3039 304.6795 300.0779 303.6815 306.1664 304.2710 301.6396 302.1335 302.3765 300.7987 299.7266 298.5766 297.1597 295.6792 295.1029  187.567
2004 6.3880057E-10 6.7804357E-10 7.2084609E-09 2.9870101E-08 3.1692921E-10 1.1090371E-09 8.4895433E-09 1.8177621E-08 5.9097160E-10 1.9250486E-09 7.8446369E-09 1.6114672E-08 4.0760919E-09 6.8740240E-09 1.2076475E-08 1.6625386E-08  292.9509 306.3790 304.4467 299.6937 303.6226 305.8981 303.6194 301.0172 301.8728 301.9891 300.2215 299.0569 298.1749 296.8347 295.2590 294.6992  104.9
2005 8.0750884E-10 1.2669797E-10 4.7493955E-09 1.7922353E-08 1.6355725E-10 3.2664826E-10 4.7399471E-09 1.0260663E-08 2.4524982E-10 1.3377084E-09 5.6213625E-09 1.0856621E-08 2.7532139E-09 4.0201975E-09 8.3468965E-09 1.3734255E-08  292.8992 305.9723 305.0664 301.2269 302.9986 305.5157 304.1566 302.3657 301.4927 301.7529 300.6242 300.0734 298.1452 296.9585 295.6422 295.0663  296.433
2006 6.7194894E-10 1.3232294E-09 7.7009856E-09 2.8663449E-08 2.2753359E-10 1.4214903E-09 6.8345032E-09 1.5603206E-08 2.3474112E-10 1.8836976E-09 7.4257192E-09 1.5267064E-08 1.8734927E-09 4.3977209E-09 8.9987084E-09 1.4394514E-08  292.4799 306.1498 304.3539 300.1272 303.6166 305.8655 303.9878 301.7743 301.8384 301.9241 300.4494 299.8186 298.4869 297.1474 295.7146 295.1637  84.2
2007 4.8829563E-10 5.6318350E-10 8.5529592E-09 2.6929333E-08 9.3153402E-11 9.2696301E-10 7.2744997E-09 1.6464336E-08 1.8605670E-10 1.8949136E-09 8.5116456E-09 1.5826904E-08 2.2355684E-09 4.8903588E-09 1.1346542E-08 1.5844662E-08  292.0038 305.8701 304.2990 299.9215 303.4068 305.8408 303.9200 301.6604 301.9453 302.0858 300.5562 299.8097 298.6256 297.4048 295.8514 295.3779  122.133
2008 6.8946726E-10 1.2392142E-09 1.3244591E-08 4.1327869E-08 6.2064985E-11 1.3592395E-09 9.7590869E-09 2.4933970E-08 2.3064818E-10 2.7512206E-09 1.2097579E-08 2.2349885E-08 2.9307605E-09 7.2804216E-09 1.5023019E-08 1.9710511E-08  292.0156 305.6165 303.1511 298.9512 303.9871 306.1843 303.4475 300.8998 302.7545 302.6682 300.4134 299.2533 299.4755 297.8923 295.8595 295.0098  312.1
2009 4.3960013E-10 6.9816714E-10 1.0005023E-08 2.9177810E-08 3.6424583E-10 1.1487765E-09 8.5124858E-09 1.6570727E-08 7.0990319E-10 2.6305829E-09 9.6887511E-09 1.8641183E-08 3.3119436E-09 6.2934120E-09 1.2622429E-08 1.7966514E-08  292.4372 306.5974 304.0737 299.3304 303.7572 305.9238 303.5615 301.2334 301.7505 301.7835 300.0622 299.3185 298.2970 296.8854 295.1298 294.6223  190.767
2010 4.9568838E-10 1.0779058E-10 2.4509685E-09 1.7828807E-08 1.9669323E-11 7.4477174E-11 1.6548228E-09 7.7100664E-09 1.5988616E-10 4.0542134E-10 1.8439424E-09 6.7649850E-09 2.0113406E-09 2.5432683E-09 5.5628195E-09 1.0956319E-08  291.8177 305.2100 305.0432 301.7699 302.2435 304.8874 304.2281 302.7664 300.9526 301.3365 300.7147 300.6223 297.5542 296.5716 295.6342 295.4170  350.1
2011 5.3717875E-10 9.4349195E-10 9.4535579E-09 2.6176769E-08 1.0753579E-10 1.1014513E-09 8.3766896E-09 1.5084739E-08 4.3599843E-10 1.7566415E-09 8.1176852E-09 1.5874948E-08 2.1912541E-09 4.9591611E-09 1.0772730E-08 1.6598678E-08  291.3563 306.1573 304.6515 300.4786 303.5310 305.9507 304.1934 301.9077 302.1162 302.2424 300.7119 299.8939 298.7626 297.3086 295.7580 295.0021  97.4
2012 5.7784932E-10 1.3160129E-09 8.1198293E-09 2.3393035E-08 3.5955663E-10 9.7569985E-10 7.4040094E-09 1.4705229E-08 8.4318347E-10 2.3040525E-09 9.3956816E-09 1.6583229E-08 3.6199417E-09 5.6456031E-09 1.2065105E-08 1.7163687E-08  292.2034 306.2943 304.7739 300.6561 303.8672 306.1960 304.1882 302.0222 302.1591 302.2824 300.6414 299.8891 298.6845 297.4689 295.8441 295.3102  88.3333
2013 6.0547456E-10 7.2221007E-10 6.8983574E-09 2.6572494E-08 1.4914601E-10 1.0899215E-09 6.9337558E-09 1.6653582E-08 1.5939013E-10 1.4175106E-09 6.8893939E-09 1.4803124E-08 2.6523002E-09 5.2089608E-09 9.5822115E-09 1.4657334E-08  292.5586 306.1203 304.5405 300.3425 303.6943 305.9626 304.1079 301.7632 302.0953 302.2210 300.6970 299.8739 298.7046 297.3356 295.8882 295.1476  105.2
2014 1.0265000E-09 9.3857710E-10 6.4001306E-09 2.8410595E-08 4.6409740E-10 1.0895984E-09 6.4210899E-09 1.8959035E-08 9.9307063E-10 2.5207734E-09 8.1749656E-09 1.7481440E-08 3.9000585E-09 8.6849363E-09 1.4948181E-08 1.7300545E-08  293.0999 306.3257 304.3999 299.6031 303.3155 305.6973 303.6697 300.9742 301.6323 301.7187 300.0421 298.9197 298.1752 296.5815 294.8138 294.2701  87.3
2015 1.0674790E-09 2.1650923E-09 1.2493469E-08 2.6754314E-08 6.6682826E-10 2.8370730E-09 1.0552955E-08 2.1255989E-08 1.9908428E-09 4.3877955E-09 1.2689772E-08 2.2856881E-08 7.5300619E-09 1.2163887E-08 1.8255031E-08 2.2540878E-08  293.1496 305.9092 303.8830 299.3391 303.2726 305.0934 302.5193 299.8939 301.3885 301.0047 298.8235 297.2700 297.3570 295.4625 293.6047 293.0423  148.967
