STN,prec_1,prec_2,prec_3,prec_4,prec_5,prec_6,prec_7,prec_8,prec_9,prec_10,prec_11,prec_12,prec_13,prec_14,prec_15,prec_16,st_1,st_2,st_3,st_4,st_5,st_6,st_7,st_8,st_9,st_10,st_11,st_12,st_13,st_14,st_15,st_16,03.0
LAT,29.30136,29.30136,29.30136,29.30136,32.09194,32.09194,32.09194,32.09194,34.88252,34.88252,34.88252,34.88252,37.67308,37.67308,37.67308,37.67308,29.30136,29.30136,29.30136,29.30136,32.09194,32.09194,32.09194,32.09194,34.88252,34.88252,34.88252,34.88252,37.67308,37.67308,37.67308,37.67308,33.6194949
LON,-115.3125,-112.5000,-109.6875,-106.8750,-115.3125,-112.5000,-109.6875,-106.8750,-115.3125,-112.5000,-109.6875,-106.8750,-115.3125,-112.5000,-109.6875,-106.8750,-115.3125,-112.5000,-109.6875,-106.8750,-115.3125,-112.5000,-109.6875,-106.8750,-115.3125,-112.5000,-109.6875,-106.8750,-115.3125,-112.5000,-109.6875,-106.8750,-110.9215037
1958 2.2622744E-09 1.2420102E-09 2.8502265E-09 1.0446402E-08 1.8544118E-09 2.7179343E-09 5.9305334E-09 1.4031925E-08 5.0403974E-09 8.4115941E-09 1.4270927E-08 1.9743156E-08 1.7231962E-08 2.1311042E-08 2.5342725E-08 2.3935407E-08  290.7838 300.0238 298.8661 295.8235 297.6363 298.3802 296.4177 294.7222 294.2860 292.9591 290.5821 290.1567 288.3039 286.4369 284.0079 284.7071  3137.42
1959 1.9238762E-09 4.1987000E-10 1.0686890E-09 7.4617930E-09 3.9961914E-10 8.0581342E-10 2.5774118E-09 7.9219591E-09 1.7683958E-09 2.6561640E-09 7.0444588E-09 1.4200531E-08 1.0034583E-08 1.3358599E-08 1.7229715E-08 1.8903718E-08  290.6544 300.5290 299.9355 297.1107 298.3625 299.4424 297.9688 296.5521 295.4969 294.5840 292.8421 292.2951 289.4789 287.8579 285.9142 286.3582  230.323
1960 1.2731270E-09 1.3463021E-10 1.4357012E-09 9.9752846E-09 2.3172997E-10 5.2036481E-10 2.5536415E-09 7.6329529E-09 1.7464958E-09 2.2318190E-09 5.9619496E-09 1.2952240E-08 8.2259408E-09 1.2830440E-08 1.5348947E-08 1.7059865E-08  290.5087 301.4677 300.5782 297.4880 299.1052 300.2158 298.6115 297.0759 296.1794 295.3564 293.7554 293.1282 290.5684 288.8009 287.2000 287.3618  2936.39
1961 1.5642555E-09 4.8598930E-10 1.4578895E-09 8.8119574E-09 6.1131056E-10 8.0745360E-10 2.6815821E-09 8.3929539E-09 1.7547270E-09 2.6417446E-09 5.9393610E-09 1.3354262E-08 8.5739487E-09 1.1291696E-08 1.5047842E-08 1.7356472E-08  290.4802 301.3422 300.5372 297.5349 298.9510 300.1707 298.7336 297.2070 296.1974 295.4389 293.9022 293.4652 290.7602 289.1205 287.5607 287.7451  338.935
1962 1.1404824E-09 5.7744010E-10 1.7836856E-09 1.0478806E-08 4.4965373E-10 7.8385831E-10 3.0791543E-09 1.0145032E-08 1.3206470E-09 2.6759253E-09 6.3253354E-09 1.2905248E-08 8.1103906E-09 1.1224634E-08 1.5207924E-08 1.6420506E-08  290.1963 301.3332 300.5250 297.6258 298.8607 300.0047 298.5533 297.1464 296.0598 295.2101 293.6295 293.2844 290.3437 288.6411 286.9646 287.4622  1722.9
1963 1.6020708E-09 7.9011703E-10 2.4021822E-09 1.3197959E-08 6.4541206E-10 1.4814796E-09 4.5279789E-09 1.1702780E-08 2.3898192E-09 4.1967767E-09 8.0371771E-09 1.5852327E-08 1.0029098E-08 1.4219971E-08 1.8892061E-08 1.8178572E-08  290.3968 300.9568 299.9837 296.8810 298.5329 299.5724 297.9332 296.4576 295.5574 294.5717 292.9333 292.5991 289.8265 288.0402 286.2984 287.0462  783.065
1964 1.7508733E-09 8.9626429E-10 1.4142832E-09 1.0568073E-08 1.7099206E-09 1.3654592E-09 3.3666252E-09 9.9730153E-09 3.8521888E-09 5.1829327E-09 8.2545615E-09 1.4601150E-08 1.1449396E-08 1.4353537E-08 1.8706441E-08 1.8501865E-08  290.5054 300.7689 299.8487 296.9138 298.3710 299.2873 297.7693 296.4152 295.3792 294.3383 292.7086 292.4288 289.6619 287.8907 285.9410 286.7735  220
1965 1.7228819E-09 1.2433933E-09 2.9877254E-09 1.1239569E-08 1.2039855E-09 2.2935780E-09 5.6485625E-09 1.1121605E-08 4.1876538E-09 6.6519656E-09 9.7669659E-09 1.5276829E-08 1.3833092E-08 1.7762257E-08 2.2557968E-08 2.1612507E-08  290.4023 300.3213 299.1638 296.2224 298.0704 298.7838 297.0233 295.6059 294.9005 293.7240 292.0493 291.6957 289.0609 287.1994 285.2047 286.0012  1684.74
1966 1.3671937E-09 5.2273547E-10 2.9254270E-09 1.1575871E-08 1.1457011E-09 1.8282914E-09 6.0060654E-09 1.3935166E-08 5.8926370E-09 7.0640715E-09 1.3160394E-08 1.9755193E-08 1.4668612E-08 1.8555353E-08 2.3342608E-08 2.4030280E-08  290.2269 300.1950 299.0289 296.0137 297.8163 298.6920 296.8163 295.1127 294.3722 293.3449 291.1556 290.7318 288.6458 286.8153 284.6205 285.3147  3216.16
1967 1.2760175E-09 4.7064236E-10 2.3667941E-09 1.0698782E-08 7.3447659E-10 7.3049528E-10 3.7212509E-09 9.6203250E-09 2.2152002E-09 2.9006373E-09 6.2426868E-09 1.2573557E-08 9.2372270E-09 1.1743868E-08 1.5480609E-08 1.7197976E-08  290.3473 301.0444 300.0351 297.0097 298.6420 299.7502 298.0728 296.6398 295.7548 294.8994 293.2469 292.9123 290.1078 288.4958 286.7692 287.2845  298.355
1968 1.5999178E-09 8.4547597E-10 2.1956015E-09 1.2951619E-08 9.3348529E-10 1.0774741E-09 4.0939572E-09 1.0902885E-08 3.2521481E-09 4.3653827E-09 7.6552613E-09 1.5112741E-08 1.1252426E-08 1.3638869E-08 1.7592731E-08 1.9330095E-08  290.4531 300.6969 299.8191 296.6427 298.0744 299.1008 297.5231 296.1628 294.9025 293.9890 292.3876 292.1020 289.1490 287.4846 285.6353 286.3917  2828.71
1969 2.4205762E-09 1.2955137E-09 1.9028412E-09 9.5332293E-09 1.6427483E-09 2.3432085E-09 5.4489857E-09 1.1813704E-08 4.1726400E-09 6.8782913E-09 1.4619637E-08 2.2010457E-08 1.6454052E-08 2.0655177E-08 2.4944127E-08 2.5425672E-08  290.2770 299.6739 298.8063 296.1242 297.3885 298.3354 296.6284 295.2613 294.2733 293.1061 290.8771 290.6613 288.4169 286.6165 284.4061 285.1362  1222.26
1970 1.4214941E-09 7.8826784E-10 2.2671705E-09 8.0387261E-09 6.8554135E-10 1.3722814E-09 3.2528544E-09 7.5308817E-09 2.1484128E-09 3.3609293E-09 6.6893100E-09 1.1874511E-08 8.7541707E-09 1.1647007E-08 1.6624430E-08 1.8163837E-08  290.4717 300.9658 299.9801 297.2354 298.5932 299.5997 298.0505 296.6537 295.6201 294.7309 292.9279 292.5497 290.0471 288.4135 286.4040 286.7316  605.226
1971 1.3861103E-09 4.3138459E-10 2.8542020E-09 1.3529749E-08 4.9471449E-10 9.5357433E-10 3.6063617E-09 1.1209957E-08 2.0587674E-09 3.0589695E-09 7.1914306E-09 1.3608328E-08 6.7466832E-09 1.0334259E-08 1.5366567E-08 1.7024437E-08  290.1756 301.5050 300.6279 297.1415 298.9705 300.4108 298.8174 296.8983 296.4892 295.7005 294.0174 293.3005 291.0370 289.2185 287.4367 287.6621  262.161
1972 2.1285165E-09 1.2238915E-09 2.1214350E-09 9.0223038E-09 1.2349722E-09 1.6628101E-09 4.2129935E-09 1.0419805E-08 4.6502437E-09 5.4639342E-09 1.0102054E-08 1.7240932E-08 1.6112708E-08 2.0677932E-08 2.5723873E-08 2.4314799E-08  290.0569 299.2817 298.2713 295.5930 297.2350 298.1741 296.5322 295.0505 294.3633 293.2903 291.5120 291.0072 288.5403 286.7463 284.6097 285.4039  493.903
1973 1.7999386E-09 8.6620588E-10 1.8864210E-09 8.8219760E-09 1.3398034E-09 1.8117474E-09 5.0556301E-09 1.1541029E-08 3.9624641E-09 6.1382903E-09 1.0749052E-08 1.7747347E-08 1.3869148E-08 1.6867460E-08 2.1441917E-08 2.1200137E-08  290.4921 300.1891 299.0146 296.1309 297.8686 298.5933 296.6716 295.2216 294.5480 293.2449 291.1281 290.8201 288.5856 286.8012 284.5662 285.4727  5511.61
1974 1.4284519E-09 4.1609452E-10 2.9099789E-09 1.2624437E-08 3.0704692E-10 8.2773388E-10 3.9451802E-09 9.3813686E-09 1.1837632E-09 2.3832809E-09 6.2561791E-09 1.2235533E-08 7.6039921E-09 1.1074624E-08 1.5080532E-08 1.5682859E-08  289.9850 301.4533 300.5054 297.2000 298.9375 300.1831 298.5894 297.1056 296.3418 295.4919 293.9025 293.5123 290.6713 288.9360 287.3163 287.7203  559.258
1975 1.3479363E-09 5.9112831E-10 1.8304339E-09 1.1630378E-08 4.4078999E-10 9.1622243E-10 3.7391148E-09 1.1240129E-08 1.8488848E-09 3.2992293E-09 8.7796579E-09 1.5304716E-08 1.0057463E-08 1.2077080E-08 1.5971873E-08 1.7753329E-08  290.0443 301.0003 299.9479 296.7032 298.4877 299.4997 297.8748 296.3419 295.4431 294.6130 292.9291 292.5424 289.7749 288.3324 286.6535 286.9727  2143.87
1976 1.5710703E-09 7.8079665E-10 2.7779847E-09 1.4521108E-08 9.1304142E-10 1.5067452E-09 5.2976481E-09 1.3799434E-08 2.7545513E-09 4.7864570E-09 1.0362515E-08 1.7437353E-08 1.0238071E-08 1.3469390E-08 1.8296106E-08 1.8991415E-08  290.2187 300.7914 299.8329 296.5920 298.3976 299.4656 297.6873 296.1473 295.5834 294.5957 292.6715 292.3380 289.9740 288.2577 286.2767 286.8970  574.387
1977 2.1249329E-09 9.6103270E-10 1.9438957E-09 1.1108578E-08 1.5833195E-09 1.8175081E-09 5.3077591E-09 1.5067833E-08 5.4789222E-09 7.1900246E-09 1.4082046E-08 2.0170564E-08 1.6776262E-08 2.0594202E-08 2.5535714E-08 2.5711797E-08  290.6608 299.8512 298.5776 295.4695 297.4928 298.3813 296.3150 294.5160 294.1933 292.9934 290.5591 290.2231 288.3254 286.4721 284.1482 284.9425  241.097
1978 1.3057361E-09 5.6370453E-10 2.0566231E-09 8.6594616E-09 4.2535450E-10 9.9564224E-10 3.3097132E-09 8.4048501E-09 2.4728206E-09 3.7301819E-09 7.6295477E-09 1.3199833E-08 9.8981623E-09 1.3761433E-08 1.7968429E-08 1.7934868E-08  290.6763 300.6177 299.5328 296.7250 298.3704 299.1481 297.4148 296.1699 295.2745 294.1553 292.3377 292.0830 289.3547 287.4790 285.5089 286.2267  10386.5
1979 1.7177595E-09 6.7912526E-10 2.7018698E-09 1.1519768E-08 7.9886081E-10 1.2118294E-09 4.7061084E-09 1.0859893E-08 2.5302067E-09 4.2232684E-09 8.1591294E-09 1.6603275E-08 1.2446292E-08 1.5880824E-08 2.0836012E-08 2.1666432E-08  290.3818 300.2950 299.1866 296.0869 298.0236 298.9513 297.1765 295.5542 294.9625 293.9134 292.1416 291.5275 288.9654 287.2633 285.2111 285.7694  5053.23
1980 1.8409981E-09 6.6907929E-10 1.6655068E-09 1.0095330E-08 8.2410306E-10 1.0346638E-09 3.2987162E-09 1.0456454E-08 3.2325671E-09 4.7652491E-09 8.8014511E-09 1.6457658E-08 1.3353038E-08 1.6455241E-08 2.0918133E-08 2.0855666E-08  290.7694 300.9361 299.8674 296.7324 298.6624 299.6249 297.7095 295.9402 295.4293 294.3428 292.2385 291.4944 289.4363 287.6271 285.4655 285.8997  2700.97
1981 1.5641585E-09 3.7567163E-10 1.5337867E-09 1.1706727E-08 5.0946836E-10 6.4976335E-10 2.5652374E-09 9.8142792E-09 1.9375250E-09 3.0915206E-09 6.0791310E-09 1.2405415E-08 7.1955171E-09 9.3763122E-09 1.2688315E-08 1.4963517E-08  290.6472 301.1421 300.3335 297.3665 298.6659 299.8752 298.4901 297.0941 295.8050 295.0020 293.4545 293.1149 290.0746 288.5077 286.8913 287.4209  763.032
1982 1.6118878E-09 5.3474125E-10 1.6686682E-09 1.1121173E-08 9.5569053E-10 1.1312639E-09 3.5814822E-09 9.4063832E-09 2.8011262E-09 3.9915866E-09 7.0493171E-09 1.2610673E-08 1.0475610E-08 1.2823111E-08 1.5987972E-08 1.7159415E-08  290.1210 300.6728 299.8773 296.9736 298.3055 299.4538 298.0017 296.6210 295.4207 294.5443 292.9484 292.5871 289.8801 288.2256 286.3729 286.9876  2641.61
1983 2.6162299E-09 1.4076886E-09 2.9923974E-09 1.3430845E-08 2.9776983E-09 4.2418264E-09 1.0090879E-08 2.1404125E-08 8.1841209E-09 1.2377076E-08 2.1985839E-08 2.7269053E-08 2.0538046E-08 2.5549515E-08 3.1224236E-08 2.9815372E-08  290.7050 299.3112 297.8539 294.6913 297.2630 297.8661 295.5063 293.5766 293.7141 292.3096 289.6434 289.2071 287.5490 285.6034 283.2226 284.1862  5229.35
1984 1.3077657E-09 6.1659161E-10 1.5713313E-09 1.0252117E-08 6.8723494E-10 1.2278016E-09 3.3101106E-09 8.1100149E-09 2.4131914E-09 3.5848760E-09 6.5881478E-09 1.1664489E-08 1.1173311E-08 1.3067288E-08 1.5590432E-08 1.7041483E-08  290.6961 301.1285 300.2763 297.0589 298.3669 299.6422 298.1961 296.7948 295.3328 294.6586 293.2266 293.0668 289.7014 288.2536 286.6642 287.2858  815.032
1985 1.2441397E-09 4.9510746E-10 1.8035952E-09 1.2224674E-08 3.4945294E-10 7.7363321E-10 3.2718415E-09 1.0056579E-08 1.2480156E-09 2.2398778E-09 5.5845337E-09 1.3093989E-08 5.7570650E-09 8.7633065E-09 1.2713955E-08 1.5045879E-08  290.3233 301.8144 300.9646 297.4037 299.2175 300.5665 299.0522 297.3226 296.6991 295.9956 294.4526 293.9255 291.4761 289.7698 288.1427 288.4616  5155.48
1986 1.5515302E-09 8.7031743E-10 3.5877108E-09 1.2021686E-08 1.0927006E-09 1.7681639E-09 4.5517674E-09 1.0178066E-08 3.7732515E-09 4.1745882E-09 9.1230756E-09 1.5873274E-08 1.1377535E-08 1.4081681E-08 1.8070537E-08 1.8295546E-08  290.6201 301.0157 299.7870 296.3991 298.4556 299.4700 297.6643 296.0854 295.1730 294.3267 292.4660 292.0992 289.4522 287.7520 285.9742 286.6220  2379.68
1987 1.7788303E-09 1.1126124E-09 2.6942504E-09 1.0702235E-08 2.6413942E-09 2.8891780E-09 6.1583902E-09 1.4582902E-08 6.8570363E-09 1.0088416E-08 1.6500943E-08 2.3097645E-08 1.9790633E-08 2.5781130E-08 2.8580892E-08 2.7437565E-08  290.5896 299.2852 297.9137 295.0097 297.0618 297.6611 295.5723 293.8668 293.4803 292.0790 289.7235 289.2952 287.3758 285.4465 283.1375 283.8273  2684.52
1988 1.9787676E-09 8.8574287E-10 3.0340848E-09 1.3030471E-08 9.8181197E-10 1.5397745E-09 5.0445417E-09 1.2856541E-08 4.2422190E-09 5.5230287E-09 8.8120649E-09 1.6736374E-08 1.3416292E-08 1.7545927E-08 2.0691962E-08 2.1406009E-08  290.4233 300.0471 298.9775 296.0367 297.6068 298.6710 297.1138 295.5785 294.6025 293.7390 292.1227 291.6572 289.0389 287.2936 285.5149 286.1296  1125.32
1989 1.0763613E-09 3.7282188E-10 2.0104411E-09 1.1424239E-08 7.6502704E-10 8.1730805E-10 3.2396128E-09 8.9132612E-09 1.5637340E-09 2.4694757E-09 6.2683028E-09 1.1287312E-08 7.6375164E-09 1.0250144E-08 1.3553056E-08 1.4951679E-08  290.1033 301.5721 300.6898 297.4147 298.7256 300.1846 298.8011 297.5188 296.2347 295.6200 294.2184 294.2459 290.8784 289.3909 288.0038 288.4827  1158.19
1990 1.8264310E-09 9.9784536E-10 2.1607049E-09 1.0491758E-08 1.2861564E-09 1.5025806E-09 5.5203211E-09 1.0982733E-08 3.4771284E-09 4.8538746E-09 8.6267882E-09 1.3302330E-08 1.2868876E-08 1.4824554E-08 1.7340342E-08 1.6688263E-08  290.4895 300.6393 299.4796 296.4356 298.2466 299.0804 297.2404 295.7857 294.9627 293.9623 292.1620 291.8147 289.1953 287.4426 285.5739 286.3894  426.645
1991 1.8057731E-09 4.2872098E-10 1.5651440E-09 1.0165790E-08 4.4359330E-10 1.1160448E-09 3.3725720E-09 1.0972995E-08 2.5136202E-09 4.4097743E-09 1.0318518E-08 1.6980012E-08 1.1788644E-08 1.5754900E-08 2.0760128E-08 2.0006700E-08  290.6725 300.1377 299.1505 296.2705 297.9687 298.8963 297.1902 295.6414 294.9997 293.8877 291.8819 291.3143 289.3438 287.3783 285.3020 285.9066  6408.39
1992 1.4381321E-09 7.7574752E-10 2.7745057E-09 1.3587631E-08 1.0412807E-09 1.9739139E-09 7.8104909E-09 1.8334651E-08 5.3370193E-09 9.9009121E-09 1.7100186E-08 2.3749003E-08 2.0368866E-08 2.4947449E-08 3.1069039E-08 2.9511003E-08  290.7802 299.8607 298.3434 294.8450 297.6086 298.3532 295.9113 293.8095 294.1468 292.7366 290.2220 289.4860 288.1275 286.2304 283.7401 284.4846  2741.61
1993 1.7217016E-09 6.2634559E-10 1.9719129E-09 9.7886570E-09 5.0410154E-10 1.1044552E-09 3.7697494E-09 1.0215684E-08 3.1976015E-09 3.4708378E-09 9.4972812E-09 1.6769286E-08 1.1892394E-08 1.4518615E-08 1.9864032E-08 2.0629207E-08  290.7877 300.4275 299.4264 296.2932 298.0191 299.0107 297.1398 295.4694 294.9518 293.9497 291.8419 291.2276 289.2491 287.3974 285.3341 285.8253  5152.9
1994 1.6532620E-09 1.0151383E-09 2.6897096E-09 1.2199560E-08 8.1723389E-10 1.3420980E-09 4.8640314E-09 1.1748886E-08 2.4679776E-09 4.4220578E-09 8.2668858E-09 1.4961987E-08 9.6735908E-09 1.3483831E-08 1.7960405E-08 1.9549695E-08  290.4700 300.9408 299.8174 296.5219 298.5611 299.5718 297.6614 295.9930 295.6276 294.6397 292.6643 292.1564 289.9420 288.1492 286.1953 286.6306  1420.1
1995 1.6341902E-09 9.5431896E-10 2.8990483E-09 1.0484380E-08 1.3164163E-09 1.7860331E-09 5.4969993E-09 1.3256098E-08 4.7841895E-09 6.9716286E-09 1.2408173E-08 1.8878914E-08 1.6780744E-08 2.0956648E-08 2.4996396E-08 2.5423535E-08  290.7050 299.9917 298.6498 295.7913 297.8211 298.6245 296.5681 295.0341 294.5227 293.3935 291.2760 290.8191 288.4918 286.5850 284.5422 285.2175  5089.35
1996 1.4481887E-09 1.0181123E-09 2.2978226E-09 9.9484945E-09 5.7682148E-10 9.6593322E-10 4.0922594E-09 1.0227939E-08 1.9236419E-09 3.8242978E-09 8.2799119E-09 1.4148553E-08 8.3913534E-09 1.2333863E-08 1.6225007E-08 1.7632917E-08  290.8454 301.2614 300.2882 297.3434 298.8607 299.8923 298.2616 296.8291 295.8350 294.8864 293.1949 292.8783 290.1768 288.4211 286.7755 287.2108  222.323
1997 1.4127072E-09 9.8040076E-10 2.8440186E-09 1.1332693E-08 6.8793782E-10 1.6773313E-09 5.7992056E-09 1.3790848E-08 2.7184315E-09 4.6118309E-09 1.0813973E-08 1.8377605E-08 1.1362737E-08 1.4446734E-08 1.9859403E-08 1.9830090E-08  290.4921 300.6159 299.6207 296.6370 298.2034 299.2219 297.4859 295.9690 295.1862 294.2588 292.3580 291.9318 289.5977 287.8831 285.9185 286.5145  2115.81
1998 2.2897395E-09 1.4892353E-09 3.9793866E-09 1.2047555E-08 1.5770298E-09 2.6053131E-09 6.8712076E-09 1.4516738E-08 6.0684933E-09 9.3740598E-09 1.6349700E-08 2.2333964E-08 2.1773628E-08 2.5638172E-08 2.9471524E-08 2.6687069E-08  290.8014 299.8193 298.4732 295.5585 297.7383 298.3976 296.3202 294.7665 294.1888 292.8699 290.6080 290.3159 287.7738 285.9160 283.6859 284.7917  2901.61
1999 9.0294716E-10 6.6458061E-10 3.2160330E-09 1.0520731E-08 3.7366107E-10 8.7629198E-10 4.1402708E-09 9.2255839E-09 1.4592020E-09 3.1027128E-09 6.5994152E-09 1.2403076E-08 7.3954673E-09 9.8021262E-09 1.3886189E-08 1.6705778E-08  290.3436 302.4366 301.4116 298.1896 300.0547 301.2867 299.5856 298.0358 297.5515 296.5829 294.8788 294.5389 292.1443 290.2193 288.5633 288.5989  192.226
2000 1.3769452E-09 8.1457852E-10 5.0155968E-09 1.7103629E-08 8.3835799E-10 1.4064946E-09 5.2106763E-09 1.2927607E-08 1.6363131E-09 3.1962921E-09 7.0587860E-09 1.3879115E-08 6.4836700E-09 9.3303099E-09 1.2565237E-08 1.4171308E-08  290.3486 302.8123 301.5840 297.8472 299.9603 301.5113 299.7779 298.0451 297.4154 296.8384 295.2253 294.8682 292.4208 290.8382 289.3789 289.5911  226
2001 1.5483862E-09 1.0145983E-09 3.4150636E-09 1.6819117E-08 7.5732881E-10 2.0307496E-09 6.8397261E-09 1.5859984E-08 2.5787084E-09 5.6153819E-09 1.1582896E-08 1.9347940E-08 1.0736135E-08 1.5985108E-08 1.9551916E-08 2.0145670E-08  290.3679 300.8439 299.6911 296.1956 298.5020 299.5709 297.7699 295.9032 295.9306 294.8586 292.9001 292.2821 290.8099 288.7896 286.7817 287.3355  1256
2002 1.8642978E-09 1.2159428E-09 2.8211291E-09 1.3078904E-08 1.3752183E-09 2.2555928E-09 5.1192757E-09 1.1382471E-08 3.2187315E-09 4.5431645E-09 8.4101082E-09 1.5621312E-08 1.0426731E-08 1.3431070E-08 1.7258401E-08 1.7644398E-08  290.3444 300.9508 299.7211 296.3442 298.3627 299.4743 297.5543 295.8713 295.4616 294.5830 292.7058 292.2077 290.0847 288.3843 286.5148 287.0159  178.742
2003 2.1895843E-09 1.3242560E-09 2.8853060E-09 1.1733369E-08 1.6188261E-09 2.2082600E-09 6.4966295E-09 1.4000579E-08 5.0520774E-09 6.5005703E-09 1.1885904E-08 1.8561487E-08 1.7271001E-08 2.1668995E-08 2.5463052E-08 2.4413316E-08  290.8619 300.0545 298.8234 295.7315 297.8100 298.8255 296.7927 295.0249 294.7630 293.6915 291.5245 290.9311 288.8979 286.9138 284.8437 285.4863  2632.26
2004 1.8951176E-09 7.4625039E-10 1.9914450E-09 1.1018152E-08 1.2344116E-09 1.6427030E-09 4.3269801E-09 1.0088857E-08 3.9458437E-09 5.0416582E-09 8.4975262E-09 1.4393343E-08 1.2894755E-08 1.6350906E-08 1.8877092E-08 1.9604034E-08  290.6167 300.8389 299.8770 296.8990 298.3013 299.4454 297.7614 296.4083 295.5268 294.6147 292.8875 292.5525 290.1363 288.3014 286.4604 286.9111  1382.03
2005 1.5851565E-09 6.7700368E-10 2.2292048E-09 1.1083002E-08 1.0642652E-09 1.4259474E-09 4.6107203E-09 1.2645605E-08 4.0870032E-09 5.9616188E-09 1.1259523E-08 1.8851315E-08 1.4823827E-08 1.7469130E-08 2.0817430E-08 2.2187255E-08  290.8123 300.6497 299.4184 296.3262 298.2081 299.1768 297.1888 295.5577 295.0414 294.0106 291.9003 291.3572 289.4433 287.6345 285.5337 285.9828  2128.06
2006 1.4452624E-09 8.3547530E-10 2.4311546E-09 1.1712531E-08 5.6091792E-10 1.5635373E-09 3.9531267E-09 1.0389944E-08 2.3150397E-09 3.7600825E-09 8.5889802E-09 1.4154592E-08 8.2478531E-09 1.2252087E-08 1.6768384E-08 1.7306760E-08  290.4810 301.0111 300.0590 297.0868 298.6822 299.7017 298.1093 296.7766 295.8576 294.9144 293.2524 293.0245 290.3009 288.4873 286.7294 287.3282  201.581
2007 1.6024414E-09 4.7646437E-10 1.8627591E-09 9.8408979E-09 5.0532079E-10 9.9762298E-10 4.4796962E-09 1.1301619E-08 3.1870353E-09 5.4874425E-09 8.9234202E-09 1.5139879E-08 1.3518562E-08 1.6874477E-08 1.8994001E-08 1.8687807E-08  290.5255 300.4312 299.3298 296.5409 298.1389 299.0527 297.2853 295.8829 295.1805 294.0654 292.2421 291.9323 289.5223 287.7115 285.8551 286.3783  874.581
2008 1.2793430E-09 3.9224329E-10 1.2192894E-09 9.9998427E-09 4.4259249E-10 5.3775934E-10 2.3273004E-09 7.6157036E-09 2.2565461E-09 3.1279617E-09 5.5091842E-09 1.1872216E-08 8.5389562E-09 1.0930962E-08 1.3699160E-08 1.6088643E-08  290.1328 301.9640 301.2873 298.0912 299.0936 300.5280 299.2823 297.9412 296.4155 295.6804 294.4680 294.2979 291.0440 289.6106 288.2036 288.4555  2569.35
2009 1.4277282E-09 6.1288674E-10 2.0356403E-09 1.1288888E-08 6.5193689E-10 1.0658339E-09 4.0594732E-09 1.0580917E-08 1.9443909E-09 3.2743603E-09 7.3674737E-09 1.3187558E-08 8.1739797E-09 1.1572930E-08 1.6231475E-08 1.7790983E-08  290.5359 301.2285 300.2958 297.1953 298.5786 299.7531 298.2565 296.9319 295.8693 295.0327 293.4962 293.3146 290.5179 288.8911 287.1971 287.6666  1608.06
2010 1.3248871E-09 5.2051874E-10 2.2517133E-09 9.8737409E-09 9.0869018E-10 1.5437895E-09 4.1495873E-09 1.0902160E-08 3.4873933E-09 5.8051155E-09 1.1068887E-08 1.8435795E-08 1.1956550E-08 1.6522572E-08 2.2350967E-08 2.3274172E-08  0.0000000E+00 0.0000000E+00 0.0000000E+00 0.0000000E+00 0.0000000E+00 0.0000000E+00 0.0000000E+00 0.0000000E+00 0.0000000E+00 0.0000000E+00 0.0000000E+00 0.0000000E+00 0.0000000E+00 0.0000000E+00 0.0000000E+00 0.0000000E+00  2528.06
2011 1.3241378E-09 2.9794980E-10 1.2476074E-09 6.9457875E-09 4.6964344E-10 7.1258183E-10 3.1210732E-09 6.8163764E-09 1.8080786E-09 3.1399210E-09 5.4128382E-09 1.0083795E-08 7.2924622E-09 9.2932773E-09 1.2941839E-08 1.4655554E-08  290.1133 301.5953 300.9258 298.2436 299.3022 300.3873 299.0132 297.9130 296.7292 295.8278 294.3788 294.3129 291.1779 289.5161 287.9854 288.3805  376.516
2012 1.4606806E-09 9.5566954E-10 3.4394607E-09 1.6829716E-08 1.1650115E-09 2.1517264E-09 6.5537340E-09 1.5124062E-08 2.4843623E-09 4.5843431E-09 1.1269365E-08 1.9734774E-08 9.3405825E-09 1.3401523E-08 1.8153054E-08 2.0015310E-08  290.3539 301.7282 300.4576 296.7069 299.2029 300.2917 298.4151 296.5494 296.4937 295.5907 293.6721 292.9736 291.1786 289.4125 287.4857 287.6900  645.032
2013 1.4428020E-09 4.6453932E-10 2.0338542E-09 1.1060712E-08 4.5983664E-10 9.0133173E-10 3.7969738E-09 1.0380681E-08 1.5794979E-09 2.7112896E-09 6.1358523E-09 1.3270800E-08 6.7062635E-09 1.0049487E-08 1.5507259E-08 1.7057445E-08  290.2729 301.1941 300.3830 297.0520 298.7856 300.0866 298.5489 296.9212 296.4340 295.5997 293.9410 293.3019 291.3071 289.5912 287.6158 287.7863  1288.39
2014 1.3457863E-09 7.1330891E-10 3.0491629E-09 1.4115193E-08 1.5099814E-09 2.0888660E-09 5.8905134E-09 1.3727028E-08 3.7307419E-09 6.5312360E-09 1.0652649E-08 1.6954051E-08 1.0504303E-08 1.4512497E-08 1.9817040E-08 1.8912965E-08  290.4748 301.6557 300.3475 296.7314 299.1298 300.1248 298.0907 296.1296 295.9560 294.9453 292.9745 292.2482 290.4669 288.5555 286.4889 287.0286  394.71
2015 2.0658313E-09 1.1995558E-09 2.7830749E-09 1.1585895E-08 1.4943914E-09 1.8548308E-09 6.4514505E-09 1.3894606E-08 3.6894026E-09 6.0678822E-09 1.3133344E-08 1.7558508E-08 1.3557856E-08 1.7197452E-08 2.1102942E-08 2.1862842E-08  290.9157 300.8240 299.4051 295.9608 298.4369 299.2142 296.8958 295.1317 295.1477 293.8946 291.4691 291.0768 289.3263 287.3801 285.2508 285.6855  587.355
