STN,prec_1,prec_2,prec_3,prec_4,prec_5,prec_6,prec_7,prec_8,prec_9,prec_10,prec_11,prec_12,prec_13,prec_14,prec_15,prec_16,st_1,st_2,st_3,st_4,st_5,st_6,st_7,st_8,st_9,st_10,st_11,st_12,st_13,st_14,st_15,st_16,11.0
LAT,29.30136,29.30136,29.30136,29.30136,32.09194,32.09194,32.09194,32.09194,34.88252,34.88252,34.88252,34.88252,37.67308,37.67308,37.67308,37.67308,29.30136,29.30136,29.30136,29.30136,32.09194,32.09194,32.09194,32.09194,34.88252,34.88252,34.88252,34.88252,37.67308,37.67308,37.67308,37.67308,33.6194949
LON,-115.3125,-112.5000,-109.6875,-106.8750,-115.3125,-112.5000,-109.6875,-106.8750,-115.3125,-112.5000,-109.6875,-106.8750,-115.3125,-112.5000,-109.6875,-106.8750,-115.3125,-112.5000,-109.6875,-106.8750,-115.3125,-112.5000,-109.6875,-106.8750,-115.3125,-112.5000,-109.6875,-106.8750,-115.3125,-112.5000,-109.6875,-106.8750,-110.9215037
1958 2.8754277E-09 3.4019609E-09 4.6560862E-09 9.7929220E-09 4.0964836E-09 5.7272778E-09 6.9640937E-09 1.0852755E-08 8.4803071E-09 9.5965227E-09 1.0521846E-08 1.2584766E-08 1.4504364E-08 1.5152112E-08 1.5243208E-08 1.5733907E-08  292.8134 294.0810 290.6541 286.3448 290.5759 289.1285 286.4067 284.2326 284.4380 282.5616 279.9705 279.2451 277.9227 275.7266 273.4454 273.9305  232.333
1959 3.9038790E-09 5.0132862E-09 6.1665357E-09 1.0265587E-08 4.8094249E-09 6.8475847E-09 8.6278469E-09 1.1102294E-08 7.7530764E-09 1.0005862E-08 9.7763300E-09 9.3384056E-09 1.4484058E-08 1.4751591E-08 1.3557207E-08 1.1961744E-08  292.1160 293.8875 290.5930 286.4425 290.4367 288.9489 286.3664 284.4930 284.1024 282.2646 279.8252 279.5726 277.7414 275.5616 273.2464 274.1780  1258.6
1960 3.0381864E-09 2.2684539E-09 2.4260833E-09 5.7174834E-09 3.3129008E-09 4.3559756E-09 5.6460654E-09 7.7749478E-09 7.2260549E-09 9.5031254E-09 1.0089725E-08 1.0494619E-08 1.2669394E-08 1.3332564E-08 1.2821421E-08 1.3367408E-08  291.2125 293.4843 290.6228 286.8993 289.8347 288.5917 286.3283 284.7922 283.7659 281.9287 279.6077 279.5214 277.2294 275.0171 272.8297 273.8582  190.8
1961 1.9686717E-09 1.4306902E-09 2.2941160E-09 5.5236407E-09 3.0161831E-09 3.3300664E-09 4.4659059E-09 6.2102181E-09 7.5886479E-09 8.2767242E-09 8.4021634E-09 7.8902245E-09 1.3176506E-08 1.3135368E-08 1.2503278E-08 1.2541720E-08  290.8694 293.2646 290.3463 286.6888 289.7511 288.3953 286.0190 284.5136 283.7914 281.8386 279.4799 279.4739 277.4391 275.1236 272.9806 273.8900  274
1962 1.3521958E-09 9.5729180E-10 1.5094501E-09 3.8465604E-09 1.4862823E-09 2.0115236E-09 3.5033703E-09 5.1504832E-09 3.9262402E-09 4.3702975E-09 5.4610303E-09 6.1399077E-09 9.2599581E-09 9.2797334E-09 8.8032337E-09 9.0217860E-09  291.3393 294.1214 291.3415 287.6971 290.7503 289.4967 287.1945 285.6820 284.8270 283.0167 280.7651 280.6713 278.4072 276.0640 273.8771 274.8223  234.433
1963 3.9865959E-09 3.7937284E-09 4.8507025E-09 8.6877954E-09 4.9012541E-09 6.0009140E-09 7.9069364E-09 1.0010522E-08 1.1247669E-08 1.2525764E-08 1.2485066E-08 1.1027253E-08 1.6783828E-08 1.7187746E-08 1.6421044E-08 1.5319115E-08  292.7631 293.1035 289.9126 286.2555 289.7369 288.1445 285.7094 284.2552 283.5989 281.6758 279.3207 279.3267 277.3899 275.1086 272.8392 273.7565  309.8
1964 1.0332201E-09 5.7504951E-10 9.6381869E-10 3.8744896E-09 1.0495048E-09 1.1208696E-09 1.8289672E-09 3.9361310E-09 3.7673513E-09 3.6351009E-09 4.2951007E-09 5.1536855E-09 9.0997254E-09 9.2677208E-09 9.0552659E-09 8.7416963E-09  290.5203 294.2450 291.1460 287.0475 291.0044 289.7121 287.1224 285.2658 285.1047 283.2937 280.6257 280.3615 278.7935 276.5179 274.0404 274.9700  190.167
1965 4.3879798E-09 4.5760404E-09 6.8895796E-09 1.2278210E-08 5.3572231E-09 6.5845134E-09 9.6411492E-09 1.3270276E-08 9.9376454E-09 1.0801064E-08 1.2249234E-08 1.1790579E-08 1.4764019E-08 1.4322684E-08 1.3931192E-08 1.3292105E-08  291.7595 293.3194 289.9658 285.9182 290.1901 288.5267 285.8825 284.0247 284.4583 282.4421 279.8460 279.4734 278.7395 276.3465 273.6790 274.4231  506.9
1966 3.6649996E-09 3.1274074E-09 4.2324211E-09 7.6149682E-09 5.1779825E-09 5.5690452E-09 6.3659975E-09 7.9794997E-09 9.1068593E-09 1.0660349E-08 1.0205922E-08 9.3570121E-09 1.4470977E-08 1.5580772E-08 1.4515882E-08 1.3290278E-08  291.2720 294.0904 290.9442 286.9121 290.8016 289.4171 286.7602 284.9226 285.0212 283.0776 280.5662 280.2790 278.8731 276.5885 274.4024 275.1643  211.533
1967 5.3339142E-09 4.9364002E-09 4.7698845E-09 7.3011086E-09 7.2442581E-09 7.0242789E-09 7.6647995E-09 1.0670282E-08 1.0228479E-08 1.1528114E-08 1.2550883E-08 1.2998830E-08 1.6289770E-08 1.6759625E-08 1.7081179E-08 1.8042822E-08  291.9569 293.8311 290.9273 287.1813 290.2999 289.0021 286.6908 285.0369 284.4574 282.7064 280.3082 280.0134 278.1865 276.1818 273.8464 274.4536  194.833
1968 3.6368022E-09 4.3761621E-09 6.1051448E-09 1.1204436E-08 4.6952966E-09 5.6463456E-09 7.7851965E-09 1.0655553E-08 8.5892973E-09 1.0059810E-08 1.1171444E-08 1.1636658E-08 1.2419495E-08 1.4004869E-08 1.4504495E-08 1.4434360E-08  291.1606 293.4012 290.5707 286.8394 289.9037 288.6328 286.3280 284.7059 283.8479 282.1086 279.8816 279.7122 277.4736 275.3328 273.2811 274.2460  207.5
1969 4.3251696E-09 4.7457562E-09 5.2784270E-09 7.9055296E-09 5.2383529E-09 6.1718373E-09 7.3789677E-09 9.4988843E-09 9.6180095E-09 9.8952757E-09 9.4057286E-09 1.0281815E-08 1.5652599E-08 1.4778488E-08 1.3570142E-08 1.3443349E-08  291.1375 293.5686 290.7300 286.9764 290.3041 288.9911 286.6289 285.0474 284.5211 282.7260 280.3909 280.1859 278.3573 276.1870 273.9543 274.7475  293.067
1970 2.0430349E-09 9.8914943E-10 1.3346353E-09 3.6651231E-09 2.5108517E-09 2.3750888E-09 3.2075267E-09 4.8958624E-09 7.4737185E-09 7.4675874E-09 7.1966859E-09 7.1676061E-09 1.5228876E-08 1.4327073E-08 1.2623249E-08 1.1113642E-08  291.2027 293.7758 290.9979 287.2444 290.1956 289.0645 286.7748 285.3385 284.3217 282.6087 280.3024 280.2792 278.0160 275.8362 273.6470 274.6641  172.367
1971 1.9482012E-09 1.9458288E-09 3.4826133E-09 7.0888801E-09 2.6615306E-09 3.5551746E-09 5.6712826E-09 8.8577741E-09 6.3485697E-09 6.5027264E-09 7.9118241E-09 9.2688897E-09 1.2273283E-08 1.1660051E-08 1.1776240E-08 1.1964707E-08  291.2042 293.5767 290.5612 286.5971 290.3010 288.9384 286.3654 284.5414 284.4160 282.5522 280.0809 279.7504 278.0402 275.7081 273.4012 274.1678  727.4
1972 5.1519953E-09 4.5163429E-09 6.0821921E-09 1.0730899E-08 5.6087091E-09 5.5926082E-09 7.5358182E-09 1.0385246E-08 8.3360270E-09 9.4645616E-09 1.0085941E-08 9.3042294E-09 1.3448778E-08 1.3204128E-08 1.2686459E-08 1.1477888E-08  292.3968 293.3862 289.9008 285.4377 290.1324 288.4186 285.5825 283.4214 284.0284 281.8619 279.1626 278.6954 277.7313 275.1197 272.5015 273.2382  1229.47
1973 1.3620642E-09 1.6394780E-09 2.2051987E-09 3.9791628E-09 1.9133513E-09 2.6508922E-09 3.6051728E-09 4.6195336E-09 4.9906510E-09 5.9238769E-09 6.7018751E-09 6.2505991E-09 1.2072004E-08 1.2748925E-08 1.2371004E-08 1.1164721E-08  289.6890 293.4586 291.0134 287.4383 290.0355 288.9781 286.8925 285.4066 284.3503 282.7356 280.3720 280.3330 278.0582 275.9045 273.5280 274.5896  222.133
1974 8.9715824E-10 4.9139687E-10 1.4958279E-09 4.1858939E-09 1.0942885E-09 9.2258107E-10 2.4599398E-09 5.1539799E-09 3.4490224E-09 3.6238321E-09 4.6822017E-09 6.0226468E-09 1.0484515E-08 1.0161634E-08 1.0145987E-08 1.0197282E-08  291.3438 293.9356 290.8860 286.8657 290.6006 289.2175 286.6475 284.8893 284.6204 282.6172 279.9734 279.7751 278.2130 275.6506 273.0933 273.9115  479.033
1975 2.2222197E-09 1.3129078E-09 1.5122659E-09 2.5594582E-09 1.9195510E-09 2.2910622E-09 3.3859910E-09 4.4523407E-09 4.9376716E-09 5.8837091E-09 6.5595294E-09 6.5641004E-09 1.2600573E-08 1.2193498E-08 1.1068466E-08 1.0202065E-08  289.9423 293.7226 290.8849 287.0514 290.1742 289.0376 286.6645 285.0933 284.3238 282.5661 280.0865 279.9387 277.8388 275.5951 273.3067 274.3344  163.233
1976 3.4865422E-09 2.6850149E-09 4.3106914E-09 9.1859116E-09 4.7177404E-09 5.9645613E-09 8.2456824E-09 1.0085967E-08 9.6215800E-09 1.1806470E-08 1.2571950E-08 1.2371084E-08 1.5664172E-08 1.7180906E-08 1.7320414E-08 1.6400081E-08  291.9706 292.9215 289.4934 285.4484 289.6829 287.9989 285.3099 283.4480 283.5752 281.4545 278.8320 278.4576 277.2220 274.7643 272.2110 272.8624  177.267
1977 5.1328812E-09 5.5746017E-09 6.7971619E-09 1.0196024E-08 5.4710716E-09 6.4260144E-09 8.5623943E-09 1.0203514E-08 9.4130828E-09 1.0504704E-08 1.0588071E-08 9.5978878E-09 1.5733001E-08 1.5007508E-08 1.3390610E-08 1.1820823E-08  291.3339 292.9853 289.9988 286.3117 289.7531 288.2355 285.8381 284.3408 283.5960 281.6910 279.3071 279.3050 277.1330 274.9043 272.6151 273.6593  196.567
1978 3.3805947E-09 3.1214860E-09 3.4686596E-09 7.0779391E-09 3.7506291E-09 4.4138830E-09 5.6913958E-09 8.0595148E-09 8.4394918E-09 9.6747677E-09 9.1235606E-09 9.5373522E-09 1.5989205E-08 1.5722007E-08 1.4570521E-08 1.3492459E-08  291.5780 293.7078 290.5077 286.4182 290.3709 288.8814 286.2604 284.4001 284.4246 282.4330 279.9520 279.6099 278.1371 275.7160 273.4982 274.2935  2009
1979 3.0261911E-09 4.1039168E-09 5.4625122E-09 7.5624227E-09 2.8665750E-09 4.6756550E-09 8.3886675E-09 1.0170328E-08 6.7434458E-09 8.6890370E-09 9.8523465E-09 9.9855084E-09 1.2619150E-08 1.3175345E-08 1.3009589E-08 1.2832997E-08  291.9637 293.9062 290.5544 286.2155 290.4443 288.9167 286.2077 284.2294 284.2490 282.2678 279.7737 279.4037 277.7911 275.4859 273.1346 273.8750  268.1
1980 3.0563707E-09 3.7087109E-09 6.6991031E-09 1.1331101E-08 3.7391357E-09 5.3181526E-09 8.8543510E-09 1.1399951E-08 7.4599678E-09 9.3678416E-09 1.0645596E-08 1.1529715E-08 1.3237709E-08 1.3933438E-08 1.3390295E-08 1.3371833E-08  291.0618 293.3624 290.3658 286.4938 290.0627 288.6403 286.1999 284.4409 284.2381 282.3568 279.9590 279.6482 278.1115 275.8155 273.5450 274.1823  371.767
1981 3.3393437E-09 2.9649372E-09 4.2277200E-09 8.2412273E-09 3.9666710E-09 3.8050776E-09 5.0795670E-09 7.9012610E-09 8.1002520E-09 8.2021678E-09 8.2791480E-09 8.6965768E-09 1.5839520E-08 1.5025588E-08 1.3861870E-08 1.3121477E-08  291.3212 293.9506 290.7423 286.5808 290.5192 289.0133 286.3870 284.5858 284.5388 282.4947 279.9265 279.7026 278.2385 275.7684 273.3412 274.1631  230.733
1982 9.3419690E-09 1.1552340E-08 1.6461879E-08 2.2688607E-08 9.2888532E-09 1.2192237E-08 1.6223986E-08 1.9168640E-08 1.5428979E-08 1.8997993E-08 1.8392191E-08 1.6610418E-08 1.9601055E-08 2.0779845E-08 1.9872568E-08 1.8516401E-08  292.9161 292.1587 288.5447 284.4141 289.0669 287.2103 284.5123 282.7199 282.8297 280.7019 278.1817 278.0402 276.7477 274.2571 271.8944 272.7216  365.933
1983 3.6018903E-09 2.8192599E-09 2.9477492E-09 6.0073608E-09 4.8553663E-09 5.5021121E-09 6.2348504E-09 7.3461144E-09 1.0370997E-08 1.1038358E-08 1.0185548E-08 8.6135818E-09 1.6028192E-08 1.5668110E-08 1.4796837E-08 1.2928514E-08  294.3746 294.1711 290.9480 287.1329 290.6940 289.1981 286.7310 285.3003 284.5058 282.6729 280.4833 280.5249 278.2448 276.1045 274.0012 274.8933  486.4
1984 3.6786052E-09 2.8232086E-09 3.5535563E-09 7.3737514E-09 4.5552588E-09 5.5772822E-09 6.4097874E-09 8.3325675E-09 9.0555314E-09 1.0995278E-08 1.1020433E-08 1.0071569E-08 1.5622554E-08 1.6259412E-08 1.5748896E-08 1.4819634E-08  293.1817 293.5019 290.3503 286.4928 290.1278 288.6478 286.1775 284.5782 284.0744 282.2090 279.8424 279.7531 277.9743 275.6098 273.3236 274.1673  526.633
1985 4.2501886E-09 2.3155782E-09 3.0077392E-09 5.5815690E-09 5.6341691E-09 4.1722386E-09 4.4688062E-09 6.7646351E-09 9.4687556E-09 9.7835891E-09 8.5528695E-09 8.6582368E-09 1.3151959E-08 1.4257815E-08 1.3429058E-08 1.2899688E-08  292.8903 293.4799 290.4836 286.7126 289.8221 288.3975 286.0456 284.5088 283.8145 281.9468 279.6206 279.4348 277.5820 275.2870 273.0239 274.0186  585.233
1986 6.0049987E-09 8.0872447E-09 1.2347935E-08 1.9086393E-08 7.3207636E-09 8.6862819E-09 1.2153543E-08 1.5997960E-08 1.1809894E-08 1.3034566E-08 1.3444209E-08 1.4533703E-08 1.7728706E-08 1.6585677E-08 1.5286091E-08 1.5218786E-08  291.4115 293.2173 289.9252 285.6137 289.9684 288.4029 285.6514 283.6016 283.8546 281.8708 279.2868 278.8614 277.7637 275.4487 272.9929 273.7097  943.8
1987 3.0175513E-09 3.2333727E-09 5.4847886E-09 1.0043248E-08 3.4083898E-09 4.6163287E-09 7.0953163E-09 9.8990425E-09 5.6146638E-09 7.1805473E-09 8.5607823E-09 9.4979891E-09 9.7669712E-09 1.1260409E-08 1.1756841E-08 1.2253835E-08  293.2254 293.9954 290.6022 286.1958 290.5128 288.8584 286.0659 283.9831 284.2838 282.2159 279.5085 279.0567 277.9875 275.5065 272.9387 273.6246  489.9
1988 2.6463900E-09 1.2355421E-09 1.8134116E-09 3.6669920E-09 3.0709757E-09 2.3370166E-09 3.3067438E-09 4.3611648E-09 6.6511689E-09 6.1191514E-09 6.6066197E-09 6.4103944E-09 1.3823175E-08 1.2785131E-08 1.2034190E-08 1.1196680E-08  291.5042 293.9935 291.3361 287.7196 290.5633 289.3848 287.1445 285.7463 284.7091 282.9423 280.6677 280.6592 278.4862 276.1814 273.8737 274.8383  247.133
1989 5.7961898E-09 5.7466432E-09 6.5408554E-09 1.0254586E-08 5.8210219E-09 7.9721136E-09 1.0161345E-08 1.1649572E-08 1.0351785E-08 1.3379868E-08 1.3629316E-08 1.2183784E-08 1.6099611E-08 1.7651574E-08 1.6936767E-08 1.5765869E-08  292.4688 292.4549 289.3401 285.8693 289.2579 287.5932 285.1881 283.8484 283.2347 281.2819 278.9549 279.0536 276.9854 274.6956 272.6083 273.6684  185.667
1990 6.2290280E-09 6.3732823E-09 7.7870004E-09 1.1646719E-08 7.8885334E-09 9.1613774E-09 1.1042713E-08 1.2398720E-08 1.3227390E-08 1.4694695E-08 1.3719327E-08 1.2181884E-08 1.8061860E-08 1.7996971E-08 1.6706290E-08 1.5089352E-08  293.6413 293.7269 290.3334 286.2082 290.2122 288.5843 285.9248 284.1281 284.0151 282.0987 279.6741 279.3214 277.7684 275.6240 273.3522 274.0343  290.967
1991 4.8706390E-09 5.3168656E-09 9.1834549E-09 1.4132209E-08 4.0163100E-09 6.0683472E-09 9.5065280E-09 1.3602579E-08 7.6459230E-09 1.0055843E-08 1.1642211E-08 1.3441444E-08 1.1724745E-08 1.3041232E-08 1.4463353E-08 1.5896774E-08  292.7237 293.7731 289.9849 285.6485 290.6613 288.9613 285.9508 283.8983 284.9057 282.6695 279.8437 279.3101 278.8983 276.2709 273.5963 274.1998  287.367
1992 5.0017057E-09 5.2336802E-09 8.6106686E-09 1.2839589E-08 6.7758550E-09 7.7191409E-09 1.0232356E-08 1.2700657E-08 9.4357588E-09 1.0921258E-08 1.2225892E-08 1.2879818E-08 1.2860334E-08 1.2676085E-08 1.2861279E-08 1.3816305E-08  294.7393 294.1048 290.2937 285.5598 290.6532 288.8852 285.9357 283.6273 284.4282 282.2820 279.5846 278.9365 278.0740 275.5943 272.9870 273.5625  245.267
1993 6.2803744E-09 7.0469066E-09 7.9896960E-09 1.1782051E-08 5.5483342E-09 7.5880759E-09 9.7557900E-09 1.1497068E-08 8.0794234E-09 1.0841250E-08 1.1745549E-08 9.9706270E-09 1.2768746E-08 1.3950054E-08 1.4566980E-08 1.3688856E-08  293.1510 293.2160 289.6707 285.4678 289.9625 288.0943 285.2383 283.3595 283.8228 281.5873 278.9291 278.6980 277.5703 274.9646 272.5526 273.3974  555.1
1994 5.1648192E-09 4.6557620E-09 6.6055210E-09 1.0998034E-08 6.0409127E-09 5.8838583E-09 7.8052409E-09 1.0269400E-08 1.1533629E-08 1.1741330E-08 1.1487529E-08 1.0944849E-08 1.6666146E-08 1.6804099E-08 1.6253622E-08 1.5526643E-08  292.2006 293.5149 290.3403 286.2064 290.0383 288.6408 286.0551 284.2911 283.9664 282.1085 279.6159 279.4003 277.5846 275.3443 272.9983 273.8590  1217.37
1995 3.5909178E-09 5.3292144E-09 7.3183939E-09 9.8732924E-09 4.7529394E-09 6.4899615E-09 7.6601587E-09 8.5634770E-09 9.1261727E-09 9.7245998E-09 9.1974348E-09 8.3767855E-09 1.5642296E-08 1.5203586E-08 1.2986194E-08 1.1023716E-08  292.5961 293.9391 290.8158 286.7596 290.5557 289.1928 286.6875 284.9831 284.7925 282.9118 280.5451 280.4048 278.6993 276.4276 274.1575 275.0161  217.967
1996 5.0508340E-09 6.2369216E-09 1.0409715E-08 1.6995864E-08 6.4259447E-09 7.7712903E-09 1.0951709E-08 1.5759211E-08 1.1587965E-08 1.3413392E-08 1.4221547E-08 1.4055219E-08 1.7628109E-08 1.8508924E-08 1.6956836E-08 1.6322650E-08  292.1751 293.6993 290.4796 286.3062 290.4679 289.0181 286.4371 284.4807 284.7335 282.8343 280.3083 279.9709 278.6528 276.2594 273.9996 274.7267  313.7
1997 6.5649388E-09 6.6413959E-09 7.5977509E-09 1.2187945E-08 7.8392750E-09 8.9314822E-09 1.0556820E-08 1.3244232E-08 1.1657597E-08 1.3105490E-08 1.3795294E-08 1.2900815E-08 1.7674601E-08 1.6542707E-08 1.6626439E-08 1.6222256E-08  295.0706 293.4707 289.6960 285.3156 290.0914 288.2315 285.5436 283.5452 283.9825 281.8931 279.3161 278.9961 278.0754 275.6269 272.9736 273.6599  201.033
1998 2.8156855E-09 1.9793760E-09 2.2402322E-09 3.7824290E-09 3.2133765E-09 4.0305905E-09 4.7254805E-09 5.2214224E-09 6.7846795E-09 7.8128526E-09 7.7521740E-09 7.1685404E-09 1.2096593E-08 1.2130277E-08 1.1499881E-08 1.0718970E-08  291.7414 294.2246 291.5585 287.8133 290.7702 289.6670 287.4018 285.9170 285.2121 283.5010 281.2061 281.0184 279.1938 276.8953 274.7314 275.4448  239.667
1999 3.4857461E-09 3.0679215E-09 3.7997330E-09 5.8004588E-09 4.6266693E-09 4.0493324E-09 5.1172679E-09 5.6745852E-09 8.2921892E-09 8.8110879E-09 8.4571194E-09 7.1687998E-09 1.2533221E-08 1.2961179E-08 1.2624195E-08 1.1457629E-08  291.6756 294.3704 291.6933 287.8620 291.2283 290.0522 287.7650 286.1503 285.6068 283.8047 281.5776 281.4592 279.4979 277.1972 275.0692 275.9858  180.133
2000 5.2363553E-09 4.1496233E-09 4.8593147E-09 8.6884082E-09 6.0610348E-09 6.8000392E-09 7.8931954E-09 1.0195262E-08 9.0192058E-09 1.0941273E-08 1.0895919E-08 9.8071027E-09 1.3245359E-08 1.4297436E-08 1.3968751E-08 1.3566806E-08  292.2642 293.6273 290.7079 287.0625 290.3539 288.9276 286.5332 285.0530 284.6507 282.7346 280.4601 280.4119 278.3787 276.0779 274.0057 274.8587  1174.17
2001 6.1026419E-09 6.7873853E-09 8.8867296E-09 1.3206450E-08 4.6243005E-09 6.3884271E-09 9.1450962E-09 1.1438286E-08 6.9852342E-09 8.7449123E-09 9.4973425E-09 1.0526350E-08 1.2206708E-08 1.3104788E-08 1.3135949E-08 1.3534760E-08  292.3941 294.3084 291.0335 286.6727 291.1443 289.6109 286.8871 284.8900 285.4605 283.3922 280.8047 280.5334 279.3814 276.7220 274.2342 275.0933  160.367
2002 5.3639733E-09 7.3491688E-09 9.9395550E-09 1.4304891E-08 4.7754267E-09 8.1250162E-09 1.1297872E-08 1.2732146E-08 7.5922024E-09 1.0879379E-08 1.3181413E-08 1.4170540E-08 1.3159030E-08 1.3795630E-08 1.4574561E-08 1.5683057E-08  291.5232 293.0969 289.9323 285.9075 289.7632 288.2166 285.5750 283.7169 283.7018 281.6197 279.0641 278.8120 277.2947 274.8340 272.5103 273.2974  204.033
2003 5.4885905E-09 6.2690599E-09 8.1095912E-09 1.0648280E-08 4.5113997E-09 6.6086074E-09 9.6481525E-09 1.2288687E-08 7.4994100E-09 1.0030941E-08 1.1357389E-08 1.2015264E-08 1.3993993E-08 1.4608313E-08 1.4845015E-08 1.5304272E-08  293.5304 294.3587 291.3849 287.5093 290.9371 289.6715 287.3080 285.6657 285.1410 283.3711 281.0562 280.8033 278.9833 276.8398 274.6104 275.2102  275.833
2004 6.3212333E-09 5.5492100E-09 7.8103941E-09 1.2577026E-08 7.7280280E-09 8.7489092E-09 1.1064284E-08 1.3280040E-08 1.2111427E-08 1.4112964E-08 1.5682309E-08 1.5163243E-08 1.4674587E-08 1.6454536E-08 1.7101307E-08 1.9040980E-08  293.0177 293.0205 289.7677 285.8337 289.7223 287.9450 285.2460 283.4847 283.7012 281.5071 278.8533 278.5417 277.5215 274.9036 272.2271 272.8368  243.433
2005 4.3598534E-09 3.3266436E-09 3.2166658E-09 5.9140333E-09 5.3369629E-09 5.5335909E-09 5.9178347E-09 7.1457569E-09 9.8314947E-09 1.0964758E-08 1.0189500E-08 8.7874854E-09 1.5419293E-08 1.5512525E-08 1.4839865E-08 1.4279880E-08  292.8409 293.9251 291.0374 287.2921 290.4902 289.2430 286.8819 285.4232 284.7087 282.9673 280.6754 280.6238 278.6351 276.5334 274.2173 275.0086  164.633
2006 4.2431045E-09 4.3461639E-09 6.2180168E-09 9.2146815E-09 4.2914383E-09 5.9369936E-09 9.0512327E-09 1.2107811E-08 7.7845916E-09 9.3744195E-09 1.0522403E-08 1.1258988E-08 1.3657376E-08 1.4277263E-08 1.3348065E-08 1.4127286E-08  293.6219 293.7676 290.7541 287.0183 290.0921 288.6218 286.0970 284.4160 283.8865 281.9875 279.6230 279.2923 277.3325 275.1266 272.9529 273.7208  207.8
2007 3.1823857E-09 2.6177933E-09 3.6410699E-09 7.2505277E-09 3.1938172E-09 3.2964407E-09 4.8719486E-09 6.7951147E-09 7.0041235E-09 7.8648634E-09 7.9577616E-09 7.5014173E-09 1.3780300E-08 1.5633963E-08 1.4686528E-08 1.2944253E-08  291.9839 293.3669 290.8143 287.4124 290.0859 288.8087 286.5558 285.2658 284.1118 282.4088 280.1893 280.2413 277.4537 275.4672 273.4425 274.3939  157.3
2008 2.5971372E-09 1.7981252E-09 2.5058002E-09 4.6953081E-09 2.7480584E-09 2.9300140E-09 3.7406216E-09 5.1161710E-09 5.4291078E-09 7.0772495E-09 6.6701560E-09 6.3509447E-09 1.0135946E-08 1.1539211E-08 1.1332114E-08 1.0375393E-08  293.9161 294.1642 291.0925 287.3829 290.8033 289.4492 286.8760 285.3057 284.9069 283.0154 280.6009 280.3416 278.4635 276.1039 273.7980 274.7111  230.467
2009 3.1241965E-09 4.8485309E-09 7.0932815E-09 1.1596806E-08 2.7086569E-09 5.6806515E-09 8.0632914E-09 1.1677209E-08 6.7283397E-09 9.2771231E-09 1.0334874E-08 1.1727907E-08 1.2289194E-08 1.2982247E-08 1.3471040E-08 1.5583714E-08  293.1133 293.6537 290.4925 286.2254 290.1771 288.6896 286.1132 284.1213 284.2256 282.2802 279.7533 279.2925 277.8503 275.5589 273.2292 273.8877  150.867
2010 2.3186773E-09 1.3029176E-09 7.5188084E-10 1.3723459E-09 2.4360272E-09 2.4191924E-09 1.9093691E-09 2.1530440E-09 4.9374655E-09 5.3248903E-09 4.1975241E-09 3.5346248E-09 9.9567670E-09 1.0229110E-08 8.4761425E-09 7.1304975E-09  291.4378 293.8962 291.6018 288.2806 290.5141 289.4415 287.4354 286.1360 284.8050 283.1727 280.9705 281.1776 278.4487 276.3351 274.3193 275.4577  165.2
2011 2.5928213E-09 1.6653798E-09 2.0517841E-09 3.9592827E-09 3.5859791E-09 3.3268239E-09 3.8762575E-09 4.7660254E-09 6.2516619E-09 6.5795418E-09 6.3021659E-09 6.2421113E-09 1.1416128E-08 1.1199525E-08 1.0238359E-08 9.7009325E-09  292.3648 293.5079 290.7955 287.2796 290.1862 289.0026 286.7282 285.3302 284.5173 282.7556 280.4620 280.3727 278.3698 276.0385 273.8510 274.7981  161.067
2012 2.6611922E-09 2.9222267E-09 4.7068549E-09 8.3259755E-09 2.2397970E-09 3.2088561E-09 6.0541985E-09 9.1030605E-09 4.9070952E-09 5.6601204E-09 7.2141884E-09 9.2657331E-09 1.0843742E-08 1.0688538E-08 1.0243735E-08 1.0657504E-08  295.0333 294.1299 291.0700 287.2767 290.4205 288.9036 286.4986 284.8454 284.0313 282.1607 279.8839 279.5950 277.2802 275.1446 273.0765 273.9265  139.4
2013 3.3298340E-09 3.4635725E-09 6.1337473E-09 1.0319778E-08 3.1650715E-09 4.0492365E-09 6.8979413E-09 9.9141131E-09 7.1120252E-09 8.3122478E-09 8.8512113E-09 9.9777315E-09 1.2147946E-08 1.2589621E-08 1.2605359E-08 1.2998200E-08  291.9269 294.0646 291.1843 287.3170 290.6629 289.4026 286.9589 285.2254 284.7155 282.9273 280.5262 280.2812 278.2167 275.9724 273.7395 274.6124  270.333
2014 4.1202646E-09 5.4159766E-09 8.9894119E-09 1.3634127E-08 5.5664819E-09 8.6920995E-09 1.0984819E-08 1.3375022E-08 1.0628156E-08 1.3518067E-08 1.3532476E-08 1.2696996E-08 1.5229920E-08 1.5511180E-08 1.5312438E-08 1.4900725E-08  295.6848 295.1511 291.5858 287.1907 291.6566 289.9828 287.2723 285.2197 285.4536 283.4201 280.8515 280.4729 279.2251 276.8288 274.4261 275.1286  211.133
2015 4.4335668E-09 5.2555684E-09 8.6379730E-09 1.3747509E-08 4.7587889E-09 6.8252382E-09 1.0409034E-08 1.3885976E-08 8.3173690E-09 1.0616592E-08 1.2038433E-08 1.3546262E-08 1.2568454E-08 1.4004558E-08 1.4584280E-08 1.4757832E-08  296.2130 294.7457 290.7761 285.9280 291.3113 289.3973 286.3347 283.8285 284.9298 282.6685 279.7697 279.1054 278.8124 276.2495 273.4442 274.0789  845.067
