STN,prec_1,prec_2,prec_3,prec_4,prec_5,prec_6,prec_7,prec_8,prec_9,prec_10,prec_11,prec_12,prec_13,prec_14,prec_15,prec_16,st_1,st_2,st_3,st_4,st_5,st_6,st_7,st_8,st_9,st_10,st_11,st_12,st_13,st_14,st_15,st_16,05.0
LAT,29.30136,29.30136,29.30136,29.30136,32.09194,32.09194,32.09194,32.09194,34.88252,34.88252,34.88252,34.88252,37.67308,37.67308,37.67308,37.67308,29.30136,29.30136,29.30136,29.30136,32.09194,32.09194,32.09194,32.09194,34.88252,34.88252,34.88252,34.88252,37.67308,37.67308,37.67308,37.67308,33.6194949
LON,-115.3125,-112.5000,-109.6875,-106.8750,-115.3125,-112.5000,-109.6875,-106.8750,-115.3125,-112.5000,-109.6875,-106.8750,-115.3125,-112.5000,-109.6875,-106.8750,-115.3125,-112.5000,-109.6875,-106.8750,-115.3125,-112.5000,-109.6875,-106.8750,-115.3125,-112.5000,-109.6875,-106.8750,-115.3125,-112.5000,-109.6875,-106.8750,-110.9215037
1958 1.5356145E-09 9.3188157E-10 5.3955960E-09 1.3694258E-08 1.3242490E-09 2.1557420E-09 6.1852590E-09 1.0499586E-08 3.4366552E-09 5.5562746E-09 8.7202094E-09 1.1187304E-08 6.0303780E-09 7.5251663E-09 9.3221058E-09 1.0334958E-08  294.2594 300.9926 297.8868 293.1520 297.7460 297.6712 295.1068 292.7680 293.0355 291.7930 289.2670 288.6070 287.3786 285.5850 283.5600 283.7976  1824.61
1959 1.7778028E-09 1.1880710E-09 3.7085881E-09 1.1120738E-08 9.5918451E-10 1.9012314E-09 3.9047250E-09 8.6091703E-09 2.1275999E-09 3.3527883E-09 5.9408789E-09 9.0495345E-09 5.3540807E-09 6.7341230E-09 8.3297023E-09 9.0229975E-09  294.1579 300.6699 297.5150 292.6970 297.3311 297.2766 294.7328 292.5521 292.8510 291.6440 289.2966 288.7731 287.5174 285.7767 283.7426 284.1476  127.065
1960 2.0911910E-09 2.1017301E-09 5.7441487E-09 1.0695449E-08 2.6797240E-09 3.3530982E-09 5.6010792E-09 7.0937949E-09 3.9291690E-09 4.7354902E-09 6.6781647E-09 7.4148780E-09 6.2980026E-09 7.2824755E-09 7.6071993E-09 9.0757926E-09  294.2090 300.4491 297.2299 292.7429 297.2547 296.9538 294.4246 292.4698 292.5120 291.2925 289.0103 288.5895 286.8833 285.1748 283.2995 283.8134  677
1961 1.9616009E-09 1.5210095E-09 4.3444901E-09 1.1649538E-08 1.5356800E-09 2.6732898E-09 5.4895777E-09 8.2628882E-09 2.9909151E-09 4.7818540E-09 7.2800614E-09 9.0528331E-09 5.5416760E-09 7.3615620E-09 9.0089776E-09 1.0324276E-08  294.1677 300.0887 297.0268 292.5054 296.6661 296.4865 294.0038 292.0314 291.9831 290.6752 288.2542 287.7775 286.4725 284.6691 282.6423 283.0491  197.516
1962 1.1998632E-09 1.0623835E-09 4.4175192E-09 8.1344513E-09 9.8019215E-10 2.2371704E-09 5.5102793E-09 6.7135137E-09 2.7181688E-09 4.9468669E-09 7.9253617E-09 8.7563468E-09 5.8456018E-09 7.6103266E-09 1.0379369E-08 1.1539345E-08  294.0733 300.4466 297.5058 293.2199 297.1398 297.0039 294.6329 292.7309 292.5053 291.2378 288.9230 288.5369 286.9938 285.1819 283.1446 283.4951  1188.42
1963 1.3060227E-09 1.4690283E-09 5.9939445E-09 1.3261206E-08 1.0273414E-09 2.0379256E-09 5.4216294E-09 9.6845145E-09 3.4466752E-09 4.7288746E-09 8.2300158E-09 1.1227964E-08 6.8047354E-09 7.7303426E-09 9.3471018E-09 1.1043148E-08  294.1786 300.0468 297.0976 292.9323 296.7355 296.7037 294.5813 292.7573 291.9960 291.0180 288.8508 288.5760 286.5511 284.8985 282.9810 283.5912  298.129
1964 1.1184134E-09 7.9594176E-10 4.7576028E-09 1.1293531E-08 7.5309370E-10 2.3313931E-09 6.3811916E-09 1.0014146E-08 2.7292659E-09 5.3042313E-09 7.8584907E-09 1.0959725E-08 6.7649863E-09 8.8633501E-09 9.8821635E-09 9.7482911E-09  294.0399 300.7468 297.6198 293.1448 297.4236 297.3273 294.7456 292.7493 292.6450 291.3854 288.9748 288.5098 287.0389 285.2369 283.1783 283.7760  368.839
1965 2.4078211E-09 1.6316007E-09 4.2323678E-09 1.4092137E-08 1.6322121E-09 2.5298350E-09 5.7220091E-09 1.1752705E-08 3.1072491E-09 5.3549130E-09 8.4759799E-09 1.2774573E-08 6.6856800E-09 7.9275413E-09 9.7379873E-09 1.0801509E-08  294.3156 300.3472 297.4308 292.7888 297.0179 296.9847 294.5857 292.4215 292.4565 291.2617 288.9887 288.4572 287.0240 285.2361 283.2482 283.7681  1482.97
1966 1.4427302E-09 8.6598179E-10 6.8704513E-09 1.5172374E-08 8.4387786E-10 8.6005919E-10 5.6180625E-09 1.2240816E-08 2.2011117E-09 3.4920011E-09 7.3056139E-09 1.0937158E-08 4.8801803E-09 6.6069523E-09 8.7873842E-09 9.8818020E-09  294.0702 300.5258 297.1692 292.4420 297.0364 297.0273 294.4172 292.0726 292.0092 290.9885 288.6629 288.0731 286.2433 284.6072 282.7222 283.2392  876.903
1967 1.6100991E-09 9.4209129E-10 3.2730916E-09 1.2573269E-08 5.7833038E-10 1.6454437E-09 4.2827302E-09 8.4767349E-09 1.9048811E-09 3.0948455E-09 4.7134345E-09 7.9841458E-09 5.5053273E-09 5.8491016E-09 6.5979502E-09 7.4364945E-09  294.0475 299.9696 296.9675 292.4093 296.6887 296.5040 294.0719 292.1337 292.0801 290.8156 288.6186 288.2732 286.4704 284.8060 283.0173 283.5555  172.226
1968 3.0525154E-09 2.5957649E-09 4.4963966E-09 9.9051398E-09 2.9856493E-09 3.4547116E-09 5.5818536E-09 8.3904412E-09 4.6191722E-09 5.9399530E-09 8.1074178E-09 9.6981445E-09 8.4874081E-09 1.0300583E-08 1.0794011E-08 1.1581345E-08  294.1851 299.8111 296.7337 292.3382 296.5037 296.2356 293.7029 291.7228 291.7791 290.4122 288.0645 287.7034 286.3110 284.3910 282.3326 282.8931  1346.48
1969 2.4294358E-09 1.7367283E-09 6.6470212E-09 1.3902973E-08 1.3439244E-09 2.7299183E-09 6.5084063E-09 1.2163919E-08 3.2793783E-09 5.4780567E-09 8.6517984E-09 1.2626258E-08 6.9499806E-09 8.8028553E-09 9.8910586E-09 1.1903110E-08  294.1413 300.3278 297.3145 292.8618 297.0825 296.8300 294.2856 292.1116 292.4194 291.0412 288.5392 287.9890 286.8913 285.0251 282.9930 283.3661  1021.06
1970 1.6061269E-09 2.0983888E-09 5.3687437E-09 1.2787213E-08 8.3294632E-10 1.7103007E-09 4.4609920E-09 8.7564453E-09 1.6241939E-09 3.4573928E-09 6.3437691E-09 8.7925054E-09 4.8616466E-09 6.3397940E-09 9.0736831E-09 1.0310851E-08  294.1121 300.5325 297.2231 292.5909 297.5036 297.2550 294.6298 292.4625 292.8207 291.5029 289.1214 288.6193 287.2823 285.3936 283.2351 283.7535  669.871
1971 1.3237959E-09 1.1075576E-09 4.6814632E-09 1.0821997E-08 7.4223733E-10 2.4070521E-09 5.4522507E-09 8.8329237E-09 2.0623954E-09 3.7293226E-09 7.7159923E-09 1.1030594E-08 4.6520254E-09 5.8018417E-09 8.1769569E-09 1.0465439E-08  294.0085 300.3950 297.2549 292.6244 297.1451 296.9073 294.3068 292.1367 292.4013 291.1088 288.5901 287.8747 287.0065 285.1270 282.9847 283.3318  179.903
1972 2.0057305E-09 2.4349425E-09 6.0882583E-09 1.1560077E-08 1.9730244E-09 2.9732987E-09 6.1989369E-09 9.5549657E-09 4.0848818E-09 5.8015108E-09 8.4109351E-09 1.0665631E-08 7.4116748E-09 9.4663397E-09 1.0703920E-08 1.2321861E-08  294.2320 300.2933 296.6682 291.9014 297.2214 296.7794 293.9411 291.6534 292.3061 290.8629 288.4177 287.8178 286.7155 284.7226 282.6581 283.0257  151.065
1973 1.2105906E-09 6.4794875E-10 2.9753398E-09 1.2482696E-08 3.4154771E-10 1.2180895E-09 3.7958987E-09 8.6273975E-09 1.0513885E-09 2.5716116E-09 4.5141233E-09 7.2981314E-09 3.4161944E-09 4.0460075E-09 5.1387694E-09 6.5867174E-09  293.8813 300.1592 297.2844 292.6721 296.8620 296.7655 294.3596 292.3082 292.3656 291.0518 288.7702 288.3291 286.7604 284.8507 282.9033 283.3862  5932.58
1974 1.8102931E-09 7.4432660E-10 2.1892017E-09 1.0174464E-08 1.2087079E-09 2.0228024E-09 3.8300678E-09 7.6005522E-09 2.8717506E-09 4.4256239E-09 5.9595826E-09 7.8288140E-09 4.8735540E-09 6.5856600E-09 7.3555038E-09 7.5924831E-09  293.8615 299.8647 297.4222 292.9480 296.3111 296.3933 294.2481 292.3305 291.8582 290.7362 288.6157 288.2608 286.5023 284.7809 282.8784 283.4716  289.516
1975 1.3259677E-09 1.2709067E-09 5.3514588E-09 1.0419791E-08 1.1107687E-09 2.3552471E-09 5.3122147E-09 8.9463672E-09 2.4837727E-09 4.8045492E-09 7.5026980E-09 1.0165121E-08 6.0889880E-09 8.5425311E-09 9.8648254E-09 1.0499143E-08  293.9426 300.2527 297.2707 292.8690 297.0005 296.9065 294.4747 292.5307 292.3420 291.2086 289.0021 288.6010 287.0080 285.2885 283.3739 283.9035  1749.65
1976 2.0960382E-09 1.3671539E-09 3.7420138E-09 1.3275567E-08 1.8731907E-09 2.3987925E-09 3.7028247E-09 8.6893701E-09 3.1884404E-09 4.4976658E-09 5.6164713E-09 7.4188731E-09 5.5588760E-09 7.3508422E-09 8.0045250E-09 8.6469623E-09  294.0626 299.9860 296.9930 292.3661 296.5540 296.2983 293.9402 292.0046 291.7773 290.4802 288.2677 288.0038 286.2033 284.3775 282.5165 282.9014  872.419
1977 2.8622769E-09 2.0986899E-09 8.7438377E-09 1.4260904E-08 1.9933877E-09 3.2911744E-09 7.5734281E-09 1.0841378E-08 3.7095595E-09 5.4018274E-09 8.8294572E-09 1.0452627E-08 5.8538827E-09 7.8777713E-09 8.8451060E-09 9.7624477E-09  294.1627 299.9595 296.8578 292.6975 296.8664 296.6965 294.2097 292.3311 292.3103 291.1086 288.6367 288.3510 286.9907 285.1366 283.0518 283.5297  321.968
1978 2.2288247E-09 2.9996579E-09 5.7116263E-09 1.6167020E-08 2.6016957E-09 3.4666818E-09 6.5052745E-09 1.2506701E-08 4.5432436E-09 6.6196413E-09 8.4804181E-09 1.2913007E-08 7.4887554E-09 8.9846131E-09 1.0857081E-08 1.2552936E-08  294.2670 300.0170 297.0314 292.5832 296.6739 296.6469 294.2098 292.1275 292.0170 290.9645 288.7319 288.2634 286.6516 285.0495 283.1859 283.7226  1035.26
1979 1.3097005E-09 9.8933051E-10 2.3521689E-09 1.2325075E-08 7.8212697E-10 1.2747055E-09 4.1336694E-09 9.7151318E-09 1.8495030E-09 3.5013012E-09 6.2046919E-09 1.1099462E-08 5.5139187E-09 7.1879063E-09 9.0903898E-09 1.0923485E-08  294.2386 300.6706 297.4080 292.4341 297.2784 297.0986 294.3387 291.9270 292.3793 291.0134 288.6258 287.9055 286.7168 284.7138 282.6939 283.1820  2959.68
1980 1.6066032E-09 1.8281282E-09 4.3692769E-09 1.0531875E-08 1.1064175E-09 1.9415469E-09 5.7936087E-09 8.9886463E-09 2.3654867E-09 3.6504475E-09 6.6268351E-09 8.9123402E-09 5.9092078E-09 6.9663373E-09 8.2812273E-09 8.9930907E-09  294.3437 300.3424 297.3126 292.8222 296.9560 296.7762 294.2375 292.2358 292.2199 290.9611 288.5602 288.1415 286.7217 284.8999 282.9213 283.4203  2741.94
1981 1.8074041E-09 1.0827631E-09 3.9453769E-09 1.0508662E-08 1.2516991E-09 1.7185317E-09 5.1976374E-09 8.1562819E-09 2.2975652E-09 3.5424577E-09 6.3720074E-09 8.7526777E-09 5.6136451E-09 6.7616042E-09 8.3319698E-09 9.8893702E-09  294.2567 300.2142 297.3362 292.7689 296.7322 296.6942 294.2013 292.1826 291.9483 290.7484 288.4756 288.0943 286.3662 284.5586 282.5771 283.0598  580.097
1982 2.3010847E-09 1.9551101E-09 7.0122601E-09 1.6494477E-08 2.0573903E-09 3.4310803E-09 8.2072260E-09 1.3210586E-08 3.6034005E-09 5.3270313E-09 9.8641273E-09 1.2557466E-08 7.0389246E-09 8.4831919E-09 1.1110242E-08 1.2721562E-08  294.1632 299.8865 296.8283 292.2246 296.7168 296.5283 293.9493 291.9732 292.1035 290.8640 288.5742 288.1989 286.6303 284.9336 283.0774 283.5853  1210.48
1983 1.5717814E-09 1.0737653E-09 3.8573069E-09 1.1855394E-08 1.3501497E-09 1.8264800E-09 5.3246785E-09 8.1509279E-09 3.9433674E-09 5.4214060E-09 7.4206219E-09 9.0922576E-09 7.9263920E-09 9.1729202E-09 9.6796997E-09 9.0955483E-09  294.3108 300.4091 297.4380 292.7578 296.9552 296.8826 294.3782 292.2619 292.2022 291.0243 288.8156 288.3486 286.6057 284.9304 283.1071 283.6566  3208.39
1984 1.6108332E-09 7.3818091E-10 1.9326620E-09 6.8244628E-09 1.0785320E-09 1.1595467E-09 3.7910333E-09 6.3808780E-09 2.2983209E-09 3.7088239E-09 5.6761418E-09 7.6217814E-09 5.6509837E-09 6.6196417E-09 7.4660882E-09 9.3873815E-09  294.1882 300.0125 297.4514 293.1758 296.6355 296.4775 294.1667 292.2567 292.0938 290.7968 288.5279 288.0721 286.6814 284.8500 282.7889 283.0861  575.194
1985 1.9520097E-09 1.1519877E-09 3.1831422E-09 8.4324068E-09 1.1005407E-09 1.7064885E-09 3.2732224E-09 6.8959505E-09 2.7813758E-09 3.7127348E-09 5.4016582E-09 8.1514422E-09 6.3584911E-09 5.8546439E-09 6.8357409E-09 8.7183789E-09  294.1291 300.0877 297.3451 292.9967 296.6922 296.6634 294.3339 292.3228 292.2288 291.0103 288.6934 288.0988 286.7997 285.0921 283.0897 283.4733  2146.77
1986 3.0271252E-09 3.5959073E-09 7.2973463E-09 1.5701858E-08 3.1471783E-09 4.2567372E-09 8.0529636E-09 1.2745708E-08 5.3622338E-09 7.2897564E-09 9.5893142E-09 1.2237750E-08 8.3803489E-09 9.8095647E-09 1.0967550E-08 1.2613678E-08  294.4725 299.3460 296.2007 291.9599 296.2863 295.8386 293.2894 291.3973 291.4776 290.0035 287.6199 287.4822 286.0369 284.0727 282.1041 282.7123  608.871
1987 2.9018075E-09 3.3298071E-09 7.3473396E-09 1.5014720E-08 2.8341154E-09 3.9431853E-09 7.6340552E-09 1.1247721E-08 3.2372538E-09 4.1613890E-09 7.5028925E-09 9.7930712E-09 5.9328227E-09 7.3092918E-09 9.2688044E-09 9.5787795E-09  294.5453 299.9667 297.0932 292.6255 296.6663 296.4970 294.0532 292.0862 292.0936 290.8175 288.4669 288.1695 286.6870 284.8938 282.8552 283.4661  1338.68
1988 1.7290727E-09 1.4161747E-09 3.4001264E-09 9.8214592E-09 1.2695921E-09 1.8360783E-09 4.7374531E-09 7.9649700E-09 2.9723470E-09 4.0681516E-09 5.8689884E-09 8.6983016E-09 6.6353114E-09 7.4074484E-09 8.0654274E-09 8.9540579E-09  294.1270 300.1967 297.6729 293.3274 296.7088 296.9091 294.6960 292.9104 292.4810 291.3897 289.3581 289.0988 287.3017 285.5354 283.7463 284.3474  1215.42
1989 1.7519007E-09 1.3843070E-09 3.1517875E-09 6.3734271E-09 1.3762289E-09 1.7206759E-09 4.0458912E-09 5.9864660E-09 2.1684230E-09 2.6965818E-09 5.0471556E-09 7.5874764E-09 3.5079348E-09 4.7558077E-09 6.4692158E-09 8.3456477E-09  294.2402 300.7244 297.8179 293.2650 297.5119 297.2903 294.6511 292.5040 292.9707 291.5999 289.1206 288.4927 287.4522 285.4437 283.3079 283.6664  232.29
1990 3.3500440E-09 4.7673341E-09 9.7684714E-09 1.7471701E-08 3.9739900E-09 5.9625958E-09 1.1385452E-08 1.6631466E-08 7.5741617E-09 9.3997032E-09 1.2579063E-08 1.6196124E-08 1.0866279E-08 1.2332861E-08 1.2952027E-08 1.4811875E-08  294.4040 299.4006 296.5177 292.2034 296.1980 295.9050 293.3661 291.3966 291.5827 290.3163 287.9096 287.4150 286.2783 284.5995 282.5512 283.0342  249.935
1991 1.9561341E-09 1.6438477E-09 4.0658805E-09 1.2472710E-08 1.4709410E-09 2.5263274E-09 5.8777663E-09 1.0804580E-08 3.2418981E-09 4.5859054E-09 7.1577864E-09 1.1132225E-08 6.8879484E-09 8.7110168E-09 9.2945207E-09 9.6737987E-09  294.2834 300.1044 297.2849 292.7904 296.9204 296.6900 294.3000 292.3248 292.2956 291.0233 288.7869 288.2515 286.8555 285.0297 283.0665 283.5745  1615.16
1992 1.6325047E-09 9.9630748E-10 4.0274086E-09 1.1314448E-08 1.2511566E-09 1.8825554E-09 5.8290897E-09 1.1135335E-08 3.0691654E-09 5.0258993E-09 8.6271577E-09 1.1482798E-08 6.6796053E-09 7.9427904E-09 1.0128879E-08 1.1329352E-08  294.4814 300.3815 297.3792 292.7715 297.1092 296.9512 294.3333 292.1090 292.4042 291.0750 288.6284 288.0054 286.7035 284.8610 282.8767 283.2353  1429.03
1993 5.5613958E-09 7.3912316E-09 1.3858477E-08 2.3946859E-08 4.9551918E-09 8.2496587E-09 1.5440419E-08 2.1653269E-08 7.6314288E-09 1.1817382E-08 1.5241255E-08 1.9134490E-08 1.3264007E-08 1.5894884E-08 1.6371756E-08 1.6818138E-08  294.7284 298.9824 295.6812 291.2870 296.1435 295.6072 292.7912 290.7025 291.3394 289.9189 287.5017 287.0128 285.9266 284.1842 282.2246 282.7252  2296.45
1994 2.0460531E-09 1.1219600E-09 4.3054231E-09 1.1909528E-08 1.4736571E-09 2.0939219E-09 5.3944791E-09 9.4541219E-09 2.7385267E-09 4.5767115E-09 6.8863621E-09 9.6098409E-09 5.5863265E-09 7.2682376E-09 8.1671718E-09 9.0216288E-09  294.2173 300.2986 297.5420 293.1382 296.8869 296.8767 294.4847 292.4101 292.3281 291.1759 288.8860 288.4181 286.8709 285.1660 283.2190 283.6133  548
1995 1.3911625E-09 9.8491226E-10 5.4488645E-09 1.2593245E-08 9.0910357E-10 2.0992867E-09 5.9073360E-09 1.0656145E-08 2.2600946E-09 5.0361297E-09 8.3182465E-09 1.1408162E-08 6.1213714E-09 7.5203017E-09 9.4339265E-09 1.1228732E-08  294.4280 300.7295 297.4099 292.9448 297.5168 297.3260 294.6407 292.5975 292.7848 291.4717 289.1051 288.6859 287.3085 285.5378 283.5113 284.0406  1065.74
1996 1.6807602E-09 1.6580997E-09 5.9409735E-09 1.4116864E-08 1.2816164E-09 2.2897368E-09 6.8585830E-09 1.0354851E-08 2.3138518E-09 4.4002175E-09 7.5536315E-09 8.9664676E-09 5.3893978E-09 6.6372059E-09 7.8461007E-09 9.0818313E-09  294.5095 300.6273 297.5732 292.8574 297.1957 297.0606 294.4506 292.3646 292.4490 291.2383 288.9445 288.6129 286.9430 285.2003 283.3235 283.8701  131.032
1997 4.1083075E-09 5.8104082E-09 9.9755182E-09 1.8743476E-08 4.1017172E-09 5.9552470E-09 1.0924482E-08 1.6331423E-08 6.2930030E-09 9.8360884E-09 1.3369823E-08 1.5074951E-08 1.0889569E-08 1.2760285E-08 1.4513158E-08 1.4984225E-08  294.5359 299.4831 296.0314 291.3852 296.5316 296.0328 293.1735 290.9343 291.7000 290.2116 287.6534 287.1593 286.1922 284.3066 282.1297 282.7199  605.581
1998 1.0316219E-09 4.0738013E-10 4.1343280E-09 7.8965430E-09 3.1317940E-10 7.5762263E-10 3.8422687E-09 5.5236549E-09 1.2853942E-09 1.9805990E-09 3.8357073E-09 6.5076549E-09 2.6148226E-09 3.3456389E-09 4.4025303E-09 5.5925660E-09  294.3653 301.5993 298.3831 293.6190 298.6465 298.4341 295.6589 293.3705 294.1714 292.7890 290.2489 289.5372 288.7050 286.6606 284.5117 284.7881  1814.84
1999 9.1535041E-10 4.5917681E-10 2.6132265E-09 7.1356570E-09 1.7826356E-10 1.1333469E-09 3.1669392E-09 4.8257895E-09 9.3032715E-10 2.3361701E-09 3.5726304E-09 5.4786162E-09 2.2033260E-09 3.4094709E-09 4.1840185E-09 4.8510742E-09  294.0823 300.9362 298.1607 293.4603 297.8333 297.5832 295.1327 292.9421 293.3772 291.9621 289.5559 288.9171 287.8679 285.8339 283.8011 284.1856  250.065
2000 2.3364828E-09 1.2860266E-09 3.1761611E-09 8.8681347E-09 1.0881002E-09 2.4876408E-09 3.7248711E-09 6.3684933E-09 2.2966569E-09 3.7427190E-09 4.3498014E-09 7.2519684E-09 4.9584536E-09 6.2855960E-09 7.7071567E-09 8.4362659E-09  294.3692 299.8699 297.3676 293.2232 296.6746 296.5925 294.4675 292.7786 292.3866 291.1263 289.0641 288.8991 287.1495 285.2488 283.3441 284.0435  135.581
2001 2.1668722E-09 2.0757565E-09 3.8337333E-09 1.2149822E-08 1.7652986E-09 2.7394891E-09 5.7118346E-09 9.9783275E-09 3.1058580E-09 4.5026263E-09 7.9908284E-09 1.1782634E-08 6.0423750E-09 8.3935419E-09 1.0510678E-08 1.2367972E-08  294.3205 299.9983 297.0897 292.5008 296.7765 296.5748 294.0160 291.8817 292.2038 290.8214 288.3875 287.8937 286.7314 284.6931 282.6495 283.0291  731
2002 2.5320539E-09 2.6598825E-09 4.3984141E-09 9.0958929E-09 1.6732949E-09 3.7588670E-09 6.5354961E-09 8.3938545E-09 2.7810607E-09 5.0726179E-09 7.5348678E-09 1.0066026E-08 5.2201963E-09 6.8435519E-09 8.2272358E-09 9.7941708E-09  294.3125 300.7107 297.8273 293.2515 297.4217 297.1665 294.7134 292.6327 292.8648 291.4784 289.0590 288.5641 287.4852 285.4664 283.4236 283.9108  110.29
2003 1.8443037E-09 1.7258652E-09 4.8291309E-09 1.0425499E-08 1.5419777E-09 2.5444211E-09 4.7996682E-09 7.9214697E-09 3.3453880E-09 5.4976161E-09 6.5346915E-09 7.6093274E-09 5.1021716E-09 6.7235315E-09 8.1347284E-09 8.7917735E-09  293.8770 300.7378 297.6506 292.9007 297.5183 297.3098 294.8348 292.5965 293.0503 291.6308 289.2800 288.7753 287.7704 285.6898 283.5578 283.9553  606.581
2004 2.6357938E-09 2.5737490E-09 6.1394152E-09 1.5595942E-08 2.3367639E-09 3.7403729E-09 8.8855083E-09 1.2748172E-08 4.7275961E-09 7.6412423E-09 1.0921382E-08 1.3274356E-08 8.0362170E-09 1.0772780E-08 1.1457280E-08 1.1778290E-08  294.3081 300.1718 296.9401 292.1483 296.9398 296.7055 293.8780 291.6483 292.1747 290.8795 288.4197 287.8177 286.9479 285.0052 282.9139 283.4551  303.903
2005 2.3461044E-09 1.6585827E-09 2.8684330E-09 1.1466419E-08 1.4172327E-09 1.9740576E-09 4.9968563E-09 1.0473496E-08 3.3337852E-09 4.7683981E-09 7.3593815E-09 1.0917430E-08 7.1694979E-09 8.7367633E-09 9.2895762E-09 1.0550183E-08  294.2633 300.1812 297.5138 292.9994 296.7126 296.6588 294.2565 292.2522 292.0431 290.8164 288.6488 288.2303 286.4932 284.7459 282.9500 283.4054  1035.1
2006 2.4628393E-09 1.5125938E-09 4.0959311E-09 1.3673199E-08 2.1526059E-09 3.6106267E-09 6.7678814E-09 1.0907130E-08 3.7059951E-09 5.7706995E-09 8.4277119E-09 1.0422767E-08 7.0898531E-09 8.4573744E-09 1.0168029E-08 1.0621609E-08  294.1135 300.8718 297.9277 293.1420 297.3154 297.3779 294.9467 292.9986 292.8196 291.6754 289.4601 289.2496 287.5282 285.7114 283.7485 284.3574  128.032
2007 2.7131759E-09 2.5082658E-09 5.7170815E-09 1.3813541E-08 1.6539550E-09 3.0205511E-09 6.7246897E-09 1.1040157E-08 2.3402895E-09 4.1104458E-09 7.8632247E-09 9.9204955E-09 3.8943870E-09 5.5068994E-09 8.6055323E-09 8.8430898E-09  294.2671 301.2330 297.9363 293.1364 297.9939 297.9873 295.1898 292.9420 293.5467 292.3521 289.7803 289.2444 288.2705 286.3597 284.1178 284.6533  287.065
2008 1.6084035E-09 4.9843146E-10 3.4297667E-09 1.0419272E-08 1.3326721E-09 1.2760835E-09 3.9190637E-09 7.6415487E-09 2.3104691E-09 2.8040694E-09 4.4492543E-09 7.8610949E-09 5.1845528E-09 5.2834936E-09 6.0929177E-09 7.6680742E-09  294.0144 300.4259 297.8880 293.4174 297.0938 297.1146 294.8252 292.8691 292.7595 291.5870 289.3824 288.9209 287.3796 285.5636 283.6097 284.0869  690.548
2009 1.1859952E-09 9.9033493E-10 4.3750483E-09 1.2139130E-08 9.0463653E-10 1.9943034E-09 6.0449490E-09 9.0631485E-09 2.5580751E-09 3.8413175E-09 7.1724378E-09 9.7001784E-09 5.9336713E-09 6.3485461E-09 7.6161610E-09 8.5788550E-09  294.3473 300.5461 297.5998 293.0588 297.2679 297.1434 294.6609 292.6460 292.6136 291.3860 289.0706 288.7228 287.1114 285.3267 283.3693 283.8289  518.613
2010 1.6690738E-09 1.8417768E-09 3.7798906E-09 8.0254035E-09 1.2630886E-09 1.5109679E-09 3.1033385E-09 6.2162191E-09 2.8822587E-09 3.5435082E-09 4.4687241E-09 6.1166232E-09 4.7826911E-09 5.6170335E-09 6.1246412E-09 6.8272135E-09  0.0000000E+00 0.0000000E+00 0.0000000E+00 0.0000000E+00 0.0000000E+00 0.0000000E+00 0.0000000E+00 0.0000000E+00 0.0000000E+00 0.0000000E+00 0.0000000E+00 0.0000000E+00 0.0000000E+00 0.0000000E+00 0.0000000E+00 0.0000000E+00  1504.65
2011 1.5183398E-09 9.1853047E-10 3.2303593E-09 9.2799315E-09 8.9397428E-10 1.5739607E-09 4.6391637E-09 7.5043607E-09 2.0950139E-09 3.6501004E-09 6.1436500E-09 8.3762091E-09 5.1576312E-09 6.7953851E-09 8.2310292E-09 1.0266731E-08  294.0571 299.9184 297.2072 293.0285 296.7004 296.5365 294.1932 292.5276 292.2621 290.9427 288.7513 288.5497 286.9827 285.1495 283.1637 283.6178  161.452
2012 1.2922775E-09 1.6273736E-09 4.2726263E-09 1.2417552E-08 1.0086092E-09 2.2345852E-09 4.8650479E-09 8.9169401E-09 2.0655231E-09 3.7267633E-09 5.6599401E-09 9.0929397E-09 3.6010375E-09 4.5932058E-09 6.3306715E-09 8.4824174E-09  294.3944 300.7965 297.6269 292.6892 297.6285 297.5068 294.8017 292.4778 293.1167 291.8127 289.3559 288.5499 287.6053 285.7457 283.6379 283.9117  190.452
2013 1.4927788E-09 7.9770440E-10 2.8099221E-09 7.9855544E-09 8.3798585E-10 1.7369066E-09 3.9563712E-09 6.2271699E-09 2.0899820E-09 3.8237036E-09 5.0326552E-09 6.2534817E-09 5.9525465E-09 6.5397763E-09 7.3248327E-09 8.0079499E-09  294.2253 300.8655 298.0055 293.3383 297.4771 297.3210 294.9364 292.8788 292.7948 291.5250 289.3431 288.9982 287.1982 285.4069 283.5833 284.2313  313.258
2014 2.4915401E-09 1.8822814E-09 6.1975096E-09 1.4543688E-08 1.6591584E-09 2.8103109E-09 6.1377516E-09 9.5902086E-09 3.3954242E-09 5.4335727E-09 7.4425128E-09 9.0631342E-09 7.4206774E-09 8.5931200E-09 8.9731369E-09 9.5735713E-09  294.4479 300.7750 297.4445 292.5282 297.5946 297.4392 294.6506 292.3241 292.9565 291.6493 289.1404 288.5684 287.5138 285.5688 283.4759 283.9366  129.806
2015 2.1538038E-09 3.0757277E-09 5.5826432E-09 1.1833590E-08 1.7985106E-09 3.0193370E-09 7.1100996E-09 1.0802848E-08 4.0464485E-09 5.5635518E-09 8.7492209E-09 1.1215731E-08 8.3648075E-09 9.3249568E-09 9.8239177E-09 1.1796007E-08  294.8784 300.3814 297.0659 292.1915 297.3217 296.9239 294.0744 291.6397 292.5040 291.0212 288.4036 287.7158 286.8919 284.9312 282.8101 283.1398  243.806
