STN,prec_1,prec_2,prec_3,prec_4,prec_5,prec_6,prec_7,prec_8,prec_9,prec_10,prec_11,prec_12,prec_13,prec_14,prec_15,prec_16,st_1,st_2,st_3,st_4,st_5,st_6,st_7,st_8,st_9,st_10,st_11,st_12,st_13,st_14,st_15,st_16,12.0
LAT,29.30136,29.30136,29.30136,29.30136,32.09194,32.09194,32.09194,32.09194,34.88252,34.88252,34.88252,34.88252,37.67308,37.67308,37.67308,37.67308,29.30136,29.30136,29.30136,29.30136,32.09194,32.09194,32.09194,32.09194,34.88252,34.88252,34.88252,34.88252,37.67308,37.67308,37.67308,37.67308,33.6194949
LON,-115.3125,-112.5000,-109.6875,-106.8750,-115.3125,-112.5000,-109.6875,-106.8750,-115.3125,-112.5000,-109.6875,-106.8750,-115.3125,-112.5000,-109.6875,-106.8750,-115.3125,-112.5000,-109.6875,-106.8750,-115.3125,-112.5000,-109.6875,-106.8750,-115.3125,-112.5000,-109.6875,-106.8750,-115.3125,-112.5000,-109.6875,-106.8750,-110.9215037
1958 3.5293832E-09 3.7931458E-09 7.1193926E-09 1.3240532E-08 5.0753104E-09 6.0110685E-09 8.7623331E-09 1.2260339E-08 1.0049389E-08 1.1062981E-08 1.1779038E-08 1.1417026E-08 1.6313875E-08 1.6152061E-08 1.6025973E-08 1.5484725E-08  290.8802 289.2378 285.8470 281.8423 285.6580 283.4721 280.8078 278.8886 278.5443 275.9886 273.1991 272.9543 270.9926 268.3764 266.1479 266.9813  206.129
1959 4.9677884E-09 4.7346362E-09 6.9835608E-09 1.0445982E-08 6.7664732E-09 6.5841723E-09 7.9083238E-09 9.2961789E-09 1.2082794E-08 1.2262915E-08 1.1253615E-08 9.9059783E-09 1.7682650E-08 1.6348853E-08 1.5271079E-08 1.4648299E-08  291.0951 289.7104 286.1581 281.9223 286.3062 284.1267 281.2849 279.2060 279.1484 276.6044 273.8176 273.5371 271.6305 268.7130 266.6539 267.6936  2674.9
1960 5.3065023E-09 5.8831722E-09 6.0983099E-09 8.4887457E-09 6.7052084E-09 8.1768112E-09 9.2362367E-09 1.0598484E-08 1.1965146E-08 1.2661167E-08 1.2859958E-08 1.1571897E-08 1.8137976E-08 1.6734408E-08 1.5728924E-08 1.4119635E-08  290.2326 289.3831 286.1198 282.1301 285.9286 283.7943 281.1374 279.2890 279.0986 276.5224 273.6771 273.5352 271.4683 268.6856 266.6581 267.8011  177.677
1961 3.9957460E-09 3.7480898E-09 5.1289839E-09 9.0545402E-09 5.3403668E-09 6.1432694E-09 8.2554390E-09 1.0552203E-08 1.3053877E-08 1.3536321E-08 1.3229370E-08 1.2230996E-08 2.1356129E-08 1.9927748E-08 1.8062286E-08 1.6388299E-08  289.2465 288.1653 285.1200 281.6877 284.6935 282.6648 280.1969 278.7052 277.7750 275.3233 272.7184 272.7903 270.2141 267.7271 265.8136 266.9379  562.226
1962 2.6242979E-09 2.7683096E-09 4.3689714E-09 8.2527070E-09 3.0833445E-09 3.5112286E-09 5.7240603E-09 8.3159364E-09 7.1784680E-09 7.7405931E-09 8.0917610E-09 7.6159301E-09 1.5006343E-08 1.4307943E-08 1.2961759E-08 1.1456355E-08  290.5674 289.7636 286.6545 282.8004 286.2448 284.3293 281.7518 280.0717 279.3271 276.9250 274.2661 274.2481 271.8940 269.1339 267.0121 268.1791  216.323
1963 7.2854331E-09 6.7359074E-09 8.0496241E-09 1.3444392E-08 8.4911562E-09 8.9913001E-09 1.0478129E-08 1.2273921E-08 1.4938191E-08 1.5468686E-08 1.4568764E-08 1.2046140E-08 2.3018016E-08 2.1629976E-08 1.9187647E-08 1.6168029E-08  291.3678 288.4789 285.2228 281.8095 284.8735 282.5317 280.1057 278.7305 277.4363 274.8274 272.2653 272.4719 269.6899 267.3088 265.5047 266.4996  202.71
1964 4.4909694E-09 3.1596521E-09 3.5499943E-09 5.5787193E-09 4.8387112E-09 4.6276423E-09 6.5611170E-09 7.7480244E-09 1.2197069E-08 1.1698040E-08 1.1293031E-08 9.8492938E-09 2.1283643E-08 2.0214522E-08 1.7742295E-08 1.4403231E-08  289.2352 289.3452 286.5032 282.8713 285.7516 283.9131 281.5792 280.0599 278.9853 276.6346 274.0139 274.0737 271.2903 268.6798 266.8041 268.1346  207.806
1965 7.7557676E-09 8.0338109E-09 9.9551176E-09 1.5980095E-08 1.0528330E-08 1.1933638E-08 1.3356922E-08 1.5670421E-08 1.8024940E-08 1.7590445E-08 1.6977005E-08 1.4979967E-08 2.2842524E-08 2.0210861E-08 1.8759998E-08 1.7765649E-08  290.7898 289.2932 285.6986 281.4876 285.9493 283.6213 280.7770 278.6441 278.9984 276.4335 273.3956 272.8560 271.9355 269.0475 266.7551 267.3146  6326.55
1966 3.5176675E-09 3.7298631E-09 5.8116498E-09 9.3348831E-09 6.0615282E-09 6.9347066E-09 9.0523802E-09 1.0563825E-08 1.2693567E-08 1.2873510E-08 1.2760047E-08 1.1881726E-08 2.1004357E-08 1.8766560E-08 1.7869882E-08 1.7322312E-08  290.0986 289.3499 286.0603 282.2626 286.0299 283.9081 281.3507 279.7201 279.3877 276.9288 274.1077 273.9564 272.3784 269.6506 267.3656 268.1382  444.613
1967 4.8862705E-09 4.8770805E-09 6.5643335E-09 9.3703694E-09 5.2730766E-09 6.3822316E-09 8.4888612E-09 1.0017937E-08 1.0924902E-08 1.1268200E-08 1.0996898E-08 1.0176846E-08 1.8355360E-08 1.6592098E-08 1.5189785E-08 1.4133673E-08  291.3034 289.5960 286.1629 282.1360 286.3389 284.0529 281.2288 279.3930 279.4067 276.7253 273.7453 273.6042 272.2276 269.3119 266.9331 267.8678  1167.48
1968 4.9196567E-09 4.6079522E-09 5.9015788E-09 8.2850793E-09 6.9110802E-09 6.6976797E-09 7.5302440E-09 8.4215470E-09 1.3165468E-08 1.2372179E-08 1.1464961E-08 9.7094208E-09 1.9629377E-08 1.7973450E-08 1.6768155E-08 1.4459440E-08  290.6151 290.2395 286.9639 282.8239 286.6124 284.6793 282.1335 280.3202 279.7801 277.4690 274.8219 274.6821 272.6111 270.0110 267.7911 268.8285  224.323
1969 4.5502766E-09 4.3378710E-09 6.2348180E-09 1.1197325E-08 6.9305615E-09 7.0734889E-09 8.9067536E-09 1.1075805E-08 1.2460470E-08 1.2410881E-08 1.2491501E-08 1.1592979E-08 1.8180630E-08 1.6305886E-08 1.5898637E-08 1.5294615E-08  290.2117 289.0842 285.7289 281.6357 285.6951 283.5600 280.6559 278.4751 278.7491 276.0867 273.0137 272.4233 270.8773 268.2244 266.0278 266.6654  261.194
1970 5.4407168E-09 4.9475295E-09 7.4885298E-09 1.2108616E-08 8.0473646E-09 8.0028757E-09 9.7661239E-09 1.2137022E-08 1.4922868E-08 1.5690800E-08 1.4759959E-08 1.2748544E-08 2.1411710E-08 2.1585358E-08 1.9454115E-08 1.7646268E-08  289.4219 289.0882 286.3087 282.9205 285.5425 283.7509 281.5497 280.2378 278.8406 276.6349 274.2426 274.5449 271.4465 268.9782 267.1659 268.5008  184.484
1971 4.7994297E-09 4.4766706E-09 5.2746767E-09 8.4686240E-09 5.4301195E-09 6.1316126E-09 7.3254687E-09 8.8536449E-09 8.9582111E-09 1.0164369E-08 9.9735002E-09 8.9781036E-09 1.3154357E-08 1.3450475E-08 1.3223969E-08 1.1884901E-08  289.0908 289.6370 286.9192 283.1917 286.1299 284.3914 281.9949 280.2914 279.3698 277.0777 274.3978 274.3000 271.6574 268.9521 266.9812 268.1244  1574.55
1972 5.2336850E-09 5.1996687E-09 7.2379889E-09 1.1018239E-08 8.8189873E-09 9.0175165E-09 1.0758297E-08 1.1675610E-08 1.7070784E-08 1.6168926E-08 1.5247572E-08 1.2887469E-08 2.3833683E-08 2.0377996E-08 1.8842830E-08 1.7315511E-08  291.0508 288.3132 284.6360 280.5803 285.2191 282.6730 279.8072 277.9794 278.2931 275.4688 272.4645 272.3080 271.3148 268.4402 266.0813 266.6592  1417.9
1973 1.2080612E-09 1.5954553E-09 2.7939344E-09 3.6972643E-09 2.7182525E-09 3.4878067E-09 4.8603082E-09 5.8203522E-09 7.8068272E-09 8.6888674E-09 8.9327479E-09 7.4175732E-09 1.7614346E-08 1.6532219E-08 1.5796502E-08 1.3829216E-08  288.9529 289.8631 286.9292 283.2461 286.3558 284.5562 282.0923 280.6859 279.6031 277.3162 274.6054 274.7605 272.3293 269.6921 267.4069 268.6473  229
1974 1.3891154E-09 1.2509727E-09 1.8233718E-09 2.7925284E-09 2.1106352E-09 1.8796247E-09 2.5576297E-09 3.5574632E-09 6.0765384E-09 6.1210770E-09 5.9111134E-09 5.2445976E-09 1.3978852E-08 1.3114957E-08 1.3028370E-08 1.1955933E-08  289.4237 290.3019 287.0512 282.9674 286.9894 285.0597 282.2617 280.4255 280.3169 277.8181 274.7280 274.4668 273.0167 269.9356 267.4500 268.3398  224.677
1975 4.1190202E-09 3.5460865E-09 3.5041470E-09 5.2109690E-09 5.8769638E-09 6.0172951E-09 6.8137198E-09 6.3723062E-09 1.0533813E-08 1.1552799E-08 1.0941163E-08 8.2748866E-09 1.7906206E-08 1.8028263E-08 1.6831963E-08 1.3853596E-08  288.5490 288.8556 286.0591 282.6017 285.4052 283.5964 281.3694 280.1652 278.5624 276.3519 273.7593 274.0320 271.0029 268.4734 266.3818 267.7406  207.323
1976 5.1119509E-09 5.7751741E-09 9.1574419E-09 1.3941644E-08 5.4420175E-09 6.9025150E-09 1.0877517E-08 1.3244100E-08 1.2254071E-08 1.3036846E-08 1.3765801E-08 1.3015729E-08 1.9896012E-08 1.8639168E-08 1.7220868E-08 1.6335626E-08  291.1519 288.6176 285.0876 281.1412 285.4735 282.9938 280.2056 278.4456 278.2706 275.4946 272.5052 272.4183 270.6307 267.8534 265.7013 266.6215  168.129
1977 6.8315869E-09 7.2982989E-09 9.4329575E-09 1.4340858E-08 7.2373183E-09 8.2248341E-09 1.0174792E-08 1.2064010E-08 1.1058345E-08 1.2285986E-08 1.2504170E-08 1.0928852E-08 1.5209476E-08 1.5010633E-08 1.4508624E-08 1.4136082E-08  290.7265 288.8517 285.5840 281.4391 285.3154 283.1577 280.4379 278.4429 278.2276 275.4931 272.6573 272.2949 270.4180 267.5153 265.2699 266.2983  161.484
1978 3.9553680E-09 4.2508850E-09 5.7098455E-09 8.5118526E-09 3.4920853E-09 4.4591384E-09 6.3920393E-09 8.4923153E-09 8.2472074E-09 9.2351744E-09 9.0657073E-09 8.8248404E-09 1.6185471E-08 1.5701351E-08 1.4362215E-08 1.2883365E-08  289.9211 289.2442 286.0128 281.9833 285.9168 283.8245 281.1026 279.2585 279.1894 276.5962 273.7223 273.4757 271.9942 269.1207 266.7567 267.7038  5942.58
1979 4.1211017E-09 5.7951306E-09 7.1398727E-09 1.1020301E-08 5.5647416E-09 6.8113271E-09 8.4720861E-09 1.0656644E-08 9.7503330E-09 1.1378010E-08 1.1803057E-08 1.1314603E-08 1.4817184E-08 1.5334878E-08 1.5054262E-08 1.4659439E-08  290.3456 289.1541 285.6522 281.4301 285.8261 283.6152 280.7222 278.5726 278.7592 276.0543 273.1458 272.8095 271.0708 268.2872 265.9958 266.9796  254.323
1980 2.8981468E-09 2.9372638E-09 5.0960409E-09 9.0938510E-09 4.3540496E-09 4.9494924E-09 6.8064230E-09 9.0966923E-09 9.4987236E-09 1.0291264E-08 1.0555060E-08 9.4050199E-09 1.6113875E-08 1.4987704E-08 1.4490571E-08 1.3171008E-08  289.8046 289.8819 286.4068 282.2083 286.5190 284.4286 281.5271 279.4892 279.7499 277.0894 274.0418 273.6703 272.3643 269.4155 266.9889 267.9000  300.065
1981 7.1033095E-09 6.8409975E-09 6.4858385E-09 1.0702198E-08 8.4425995E-09 9.0941175E-09 9.2066843E-09 1.0870309E-08 1.2410483E-08 1.3243144E-08 1.2983501E-08 1.1375012E-08 1.6814168E-08 1.6833066E-08 1.5920181E-08 1.3962663E-08  290.2401 289.1818 285.8746 281.8346 285.7854 283.5947 280.9691 279.1520 278.8045 276.1245 273.3457 273.1612 271.0477 268.2360 266.1769 267.3045  244.226
1982 5.1331064E-09 4.7172040E-09 6.3815735E-09 9.4964809E-09 8.1890308E-09 8.2055891E-09 1.0632680E-08 1.2215381E-08 1.5375536E-08 1.3010218E-08 1.2711832E-08 1.2821823E-08 2.1329125E-08 1.7686054E-08 1.6410269E-08 1.5914248E-08  292.0161 288.6766 284.7774 280.4973 285.6456 283.0025 280.0677 278.1293 278.5616 275.7296 272.7511 272.3704 271.3362 268.4591 266.2083 266.7918  1841.65
1983 3.5589589E-09 3.1781815E-09 4.6992619E-09 7.5749576E-09 6.0370526E-09 6.9633699E-09 8.1077820E-09 8.6738661E-09 1.2457708E-08 1.3189078E-08 1.2928683E-08 1.0334777E-08 1.7529876E-08 1.6978838E-08 1.6390413E-08 1.5121973E-08  292.5039 290.2342 286.7391 282.5098 286.6461 284.4213 281.6924 279.7675 279.6082 277.1141 274.2939 274.0091 272.2517 269.5850 267.3191 268.3806  1626.52
1984 7.4593540E-09 5.9352967E-09 6.4626260E-09 1.0365111E-08 9.1327115E-09 9.3216590E-09 1.0026783E-08 1.1076527E-08 1.6147247E-08 1.6424883E-08 1.5113534E-08 1.2600871E-08 2.2084482E-08 2.1858467E-08 2.0793832E-08 1.8177804E-08  290.4584 289.0915 286.0380 282.3885 285.4808 283.4648 281.1015 279.6685 278.3865 276.0690 273.5629 273.8015 271.0813 268.5803 266.5446 267.7079  4145.71
1985 7.2884969E-09 8.3912326E-09 8.3541059E-09 9.7359152E-09 9.8232924E-09 1.0960792E-08 1.1949976E-08 1.0502733E-08 1.6973701E-08 1.6552466E-08 1.5533502E-08 1.1304389E-08 2.2953072E-08 2.0806402E-08 1.8728967E-08 1.5780930E-08  290.7367 289.3191 286.4057 282.5214 285.7847 283.7589 281.4493 279.6787 279.0037 276.5447 273.8545 273.6556 271.5644 268.7188 266.7593 267.8365  579.903
1986 8.1483185E-09 1.0244299E-08 1.4270487E-08 1.9504460E-08 1.0769691E-08 1.1613474E-08 1.3470639E-08 1.5786968E-08 1.3882685E-08 1.4267615E-08 1.4145437E-08 1.4023492E-08 1.7263686E-08 1.6115228E-08 1.5240589E-08 1.5176155E-08  290.7248 289.2186 285.7269 281.3633 285.8635 283.6583 280.7836 278.4791 278.8888 276.2491 273.2102 272.7045 271.6383 268.7856 266.2990 267.1353  1090.32
1987 4.8622342E-09 4.6671147E-09 6.8473724E-09 1.1424814E-08 5.6754392E-09 6.9539832E-09 8.9176204E-09 1.1006193E-08 8.7934087E-09 9.3324513E-09 1.0220424E-08 1.0382210E-08 1.3787789E-08 1.2257531E-08 1.2370378E-08 1.2245790E-08  291.6156 290.2225 286.7797 282.3718 286.8650 284.6426 281.6548 279.3906 279.9238 277.3366 274.1933 273.5124 272.6040 269.7815 267.2029 267.8774  317.419
1988 2.9609193E-09 4.0702099E-09 5.4656262E-09 6.4039165E-09 3.3403340E-09 5.2052362E-09 7.6430862E-09 7.8427274E-09 8.8058041E-09 1.0313413E-08 1.0318580E-08 8.5855012E-09 1.8515914E-08 1.8540925E-08 1.7014461E-08 1.4943687E-08  289.8954 289.4821 286.9073 283.6376 285.9055 284.1304 281.9547 280.7300 278.9658 276.8473 274.4524 274.7343 271.4683 269.0523 267.0641 268.3682  252.097
1989 6.7383805E-09 6.6275661E-09 6.1397238E-09 9.3883701E-09 5.8358514E-09 7.8852054E-09 9.5384483E-09 1.1061723E-08 9.6540553E-09 1.1068247E-08 1.1191548E-08 1.0846823E-08 1.5950596E-08 1.5308210E-08 1.4538339E-08 1.3794539E-08  291.1539 289.3265 286.1179 282.2036 286.0387 283.7609 281.1537 279.3866 279.2347 276.4952 273.6396 273.5440 271.8937 269.0299 266.6698 267.7664  191.258
1990 8.6174632E-09 9.5231334E-09 1.1647907E-08 1.7653676E-08 8.9743200E-09 1.0900279E-08 1.2766820E-08 1.3993253E-08 1.3794570E-08 1.4404152E-08 1.4194069E-08 1.2341211E-08 1.7817385E-08 1.6788471E-08 1.5718499E-08 1.4654655E-08  291.8745 289.5968 286.0690 281.6223 286.2740 283.9047 281.0654 278.9415 279.2082 276.5214 273.6378 273.2743 271.7355 268.7088 266.4803 267.5381  1170.65
1991 7.1912507E-09 8.0109066E-09 1.0731672E-08 1.5155450E-08 9.4141566E-09 9.3958104E-09 1.1078600E-08 1.4340596E-08 1.5809155E-08 1.4364828E-08 1.3146098E-08 1.2755898E-08 2.0062675E-08 1.6658957E-08 1.5426506E-08 1.4190794E-08  290.8887 289.5259 285.7661 281.3462 286.5536 284.3015 281.2240 278.8863 280.1025 277.5659 274.3514 273.5557 273.3072 270.3789 267.8421 268.2798  774
1992 8.7800212E-09 8.4213712E-09 9.8319735E-09 1.6727382E-08 1.1023128E-08 1.0183500E-08 1.0831510E-08 1.3312377E-08 1.6677308E-08 1.5557697E-08 1.3877284E-08 1.2671449E-08 1.8977586E-08 1.7925005E-08 1.6347501E-08 1.4541373E-08  292.1206 289.4912 285.8681 281.4930 286.0233 283.8534 281.0007 278.8116 278.8617 276.4108 273.6042 273.1754 271.4058 268.7690 266.5126 267.4922  1964.48
1993 1.0692830E-08 1.1154841E-08 1.3651543E-08 1.6274585E-08 1.1707295E-08 1.3470660E-08 1.6212560E-08 1.7937593E-08 1.5545684E-08 1.6363224E-08 1.6883373E-08 1.5823293E-08 2.0170731E-08 1.8738913E-08 1.7726322E-08 1.7104339E-08  291.5916 288.2726 284.8006 280.8428 284.9486 282.4994 279.7378 277.8530 277.9009 275.0102 272.0697 271.8780 270.4664 267.6004 265.4104 266.1415  331.194
1994 1.1086179E-08 1.2371198E-08 1.4436805E-08 2.0134676E-08 1.3321244E-08 1.4988377E-08 1.6762282E-08 1.7171562E-08 1.7039527E-08 1.8018511E-08 1.7215537E-08 1.4145117E-08 1.9432701E-08 1.8408187E-08 1.7426334E-08 1.5575679E-08  290.3046 289.3343 286.1543 282.0620 286.1441 283.9605 281.3188 279.2978 279.6036 277.0444 274.0083 273.5713 272.3563 269.5530 267.1975 267.9841  1046.52
1995 6.8404558E-09 6.5143029E-09 7.7453661E-09 1.1021368E-08 8.8798382E-09 9.1353627E-09 1.0695855E-08 1.2864681E-08 1.3822445E-08 1.4289900E-08 1.4523286E-08 1.3460036E-08 1.9768637E-08 1.9353232E-08 1.8887217E-08 1.7054262E-08  291.3371 289.8321 286.8293 283.1139 286.3358 284.2816 281.8228 280.0736 279.6013 277.1997 274.4080 274.0977 272.4309 269.6242 267.2507 268.0938  213.935
1996 7.0199722E-09 7.3633877E-09 9.6502015E-09 1.4715805E-08 1.0271344E-08 1.1295908E-08 1.2327006E-08 1.3659458E-08 1.7685558E-08 1.8445363E-08 1.6684716E-08 1.3138684E-08 2.3186699E-08 2.0898179E-08 1.8938362E-08 1.6746915E-08  290.1772 289.2193 286.0013 281.9898 285.9028 283.8255 281.3531 279.6170 279.2809 276.8660 274.1029 273.9589 272.3015 269.6009 267.3384 268.1735  282.129
1997 9.2071835E-09 7.7423037E-09 1.0015465E-08 1.2325484E-08 1.4435844E-08 1.5859715E-08 1.7595550E-08 1.6080236E-08 2.8507165E-08 2.4967770E-08 2.1798231E-08 1.5631294E-08 3.6900801E-08 2.8560592E-08 2.3999412E-08 1.9843595E-08  293.8195 288.4500 284.3115 280.1956 285.2011 282.3106 279.4711 277.8235 278.0058 275.1775 272.2846 272.4941 271.0840 268.5222 266.4383 267.1866  291.258
1998 4.1362962E-09 4.7272146E-09 4.9046873E-09 5.5019873E-09 4.9159836E-09 6.8450272E-09 8.0154257E-09 7.6886808E-09 9.3408214E-09 1.1531340E-08 1.1424830E-08 8.7219112E-09 1.6558204E-08 1.6628364E-08 1.5818721E-08 1.3720514E-08  290.0374 290.1012 287.3569 283.6839 286.6394 284.8654 282.5225 281.0540 280.0388 277.8082 275.2724 275.3344 272.7534 270.0780 267.9775 269.2122  255.806
1999 4.8780682E-09 4.9483098E-09 5.9042327E-09 8.3412326E-09 4.8658841E-09 6.1529621E-09 7.7776425E-09 8.4414102E-09 1.0173025E-08 1.0914707E-08 1.0753160E-08 8.9278274E-09 1.6358076E-08 1.5705989E-08 1.4065840E-08 1.2219407E-08  290.5045 290.2516 287.3675 283.6606 286.9727 285.1694 282.7332 281.1743 280.5799 278.3173 275.6632 275.5148 273.5569 270.8665 268.6053 269.7087  181.839
2000 5.0429230E-09 7.1297768E-09 8.3129068E-09 1.0953491E-08 4.6538067E-09 6.2649343E-09 8.4186897E-09 1.0533650E-08 1.0052143E-08 1.0730664E-08 1.0370625E-08 1.0027939E-08 1.4865842E-08 1.4652812E-08 1.3514421E-08 1.1760052E-08  289.8616 290.1894 287.2733 283.3598 286.9909 285.0398 282.4811 280.5130 280.2999 277.7718 274.9293 274.5007 272.7520 269.7307 267.6413 268.7385  329.968
2001 6.7502262E-09 8.4980449E-09 1.3278878E-08 1.8671342E-08 7.3817343E-09 9.0610879E-09 1.1942300E-08 1.4067298E-08 1.2867844E-08 1.3756210E-08 1.3753208E-08 1.2391480E-08 1.7625547E-08 1.7105938E-08 1.6396424E-08 1.5001522E-08  291.0272 289.6119 286.2799 281.9719 286.1220 284.0337 281.3557 279.2346 279.2653 276.6988 273.9094 273.5369 272.0889 269.1695 266.9085 267.7586  178.935
2002 8.9763592E-09 7.0517618E-09 8.1658342E-09 1.2871194E-08 1.4718998E-08 1.2430374E-08 1.2348774E-08 1.3548217E-08 2.5046656E-08 2.1210301E-08 1.7712631E-08 1.3646392E-08 2.8448499E-08 2.4780265E-08 2.1633856E-08 1.6879907E-08  290.0225 289.1196 285.7751 281.8214 285.8575 283.7016 281.1120 279.3127 279.2508 276.8621 274.0829 273.8594 272.5880 269.8434 267.3516 268.2668  197.968
2003 6.3994730E-09 7.3950295E-09 8.5579615E-09 1.2267559E-08 6.5175079E-09 8.0702041E-09 9.1801633E-09 1.0357619E-08 1.0150542E-08 1.0462749E-08 1.0857772E-08 1.0288772E-08 1.4312116E-08 1.3190572E-08 1.2598097E-08 1.2587267E-08  291.5648 290.5995 287.2411 282.7475 287.2364 285.3887 282.6070 280.3517 280.7765 278.5461 275.7058 275.0998 273.7799 270.8600 268.3996 269.2543  190.097
2004 6.8754309E-09 8.2654212E-09 1.1214348E-08 1.4588254E-08 8.7245011E-09 1.0351906E-08 1.1983638E-08 1.3004909E-08 1.1724168E-08 1.2230231E-08 1.2017614E-08 1.1133912E-08 1.4888196E-08 1.3277938E-08 1.2877363E-08 1.1819747E-08  291.0964 290.4897 286.9651 282.4976 287.4028 285.2006 282.2742 279.9624 281.0072 278.3609 275.3016 274.5751 274.1544 271.0023 268.4476 269.1746  580.645
2005 5.9498024E-09 4.4378288E-09 5.3332490E-09 9.3084216E-09 9.9918935E-09 8.7850038E-09 9.3367190E-09 1.0333141E-08 1.5496898E-08 1.5280907E-08 1.4177520E-08 1.1503554E-08 1.8655408E-08 1.7096864E-08 1.5933431E-08 1.4321697E-08  291.1739 290.4096 287.3373 283.3610 287.1412 285.1511 282.6564 280.8226 280.7061 278.3033 275.4998 275.1783 273.8836 270.9226 268.5538 269.3910  162.548
2006 5.8041278E-09 6.4916921E-09 8.3116696E-09 1.3188938E-08 6.6549006E-09 7.6901268E-09 9.2727177E-09 1.0919054E-08 1.2513351E-08 1.2795048E-08 1.2487918E-08 1.0324819E-08 1.9346077E-08 1.7473155E-08 1.7026267E-08 1.4964192E-08  292.1040 289.9474 286.4316 282.2937 286.4966 284.3090 281.5055 279.5754 279.6544 277.1222 274.1940 273.9322 272.4030 269.6687 267.2780 268.0925  181.613
2007 5.3579212E-09 5.3939302E-09 5.4335367E-09 6.6328263E-09 7.1563067E-09 7.5507192E-09 9.6988231E-09 1.0224305E-08 1.3605680E-08 1.3887967E-08 1.3175184E-08 1.1149223E-08 2.0607599E-08 1.8756312E-08 1.6936317E-08 1.4619832E-08  290.4478 290.0057 287.2503 283.6740 286.3710 284.6011 282.2643 280.7266 279.5732 277.3237 274.6741 274.6459 272.2494 269.5820 267.4704 268.6322  1521.52
2008 4.7145230E-09 5.1956390E-09 6.5078849E-09 9.3973327E-09 5.4315601E-09 7.0630204E-09 1.0386103E-08 1.1271312E-08 1.1821390E-08 1.2600058E-08 1.3743662E-08 1.2350580E-08 2.0754070E-08 2.0029111E-08 1.8719783E-08 1.7251262E-08  292.1204 289.1949 285.9612 282.4551 285.6740 283.5778 281.0192 279.6802 278.7683 276.3691 273.6746 273.8822 271.4822 269.1727 267.0431 268.0160  1185.16
2009 7.3283166E-09 6.0163314E-09 7.4926660E-09 1.2812216E-08 1.0751205E-08 1.0183016E-08 1.0262872E-08 1.1258714E-08 1.7123902E-08 1.5778225E-08 1.4180038E-08 1.1312644E-08 2.1799337E-08 1.7860863E-08 1.6348171E-08 1.4208838E-08  291.7240 289.8297 286.3535 281.9943 286.4775 284.2957 281.5822 279.5508 279.7185 277.3799 274.6011 274.1613 272.6611 270.0045 267.8353 268.5356  196.065
2010 2.4495783E-09 2.2161579E-09 2.9634732E-09 4.8518225E-09 3.7111259E-09 4.0429282E-09 5.1512554E-09 5.9762479E-09 1.0090467E-08 9.6788879E-09 8.9078034E-09 7.8681737E-09 1.8851178E-08 1.6817319E-08 1.5263637E-08 1.3393068E-08  289.9564 289.5569 286.8691 283.4700 286.0576 284.2545 281.8975 280.5891 279.4414 277.2731 274.7386 274.8147 272.2000 269.7839 267.6204 268.6212  201.258
2011 3.3508927E-09 3.7985433E-09 5.1473092E-09 7.9735472E-09 3.6476646E-09 4.6664068E-09 6.4224492E-09 8.6262029E-09 6.6606409E-09 8.2430045E-09 8.5221963E-09 9.0284402E-09 1.1028388E-08 1.2277290E-08 1.2376840E-08 1.2342775E-08  290.6537 289.7646 286.7426 282.9916 286.2693 284.2964 281.6638 279.8054 279.4750 276.9398 274.2561 273.8863 271.9804 269.0681 266.8562 267.8696  255.29
2012 1.1934482E-08 1.3452015E-08 1.2725131E-08 1.3153092E-08 1.0874871E-08 1.4811575E-08 1.5704780E-08 1.4847176E-08 1.2977489E-08 1.5796266E-08 1.5143296E-08 1.3664781E-08 1.6133825E-08 1.6170361E-08 1.5170714E-08 1.4014787E-08  291.7840 289.6568 286.5168 282.5027 286.3348 284.2117 281.6726 279.7294 279.5303 277.1107 274.4809 273.8868 272.2406 269.5428 267.3360 268.1131  155.258
2013 6.6001840E-09 6.2904997E-09 7.7894269E-09 1.1815916E-08 8.2268885E-09 7.8540170E-09 8.8147383E-09 1.0351926E-08 1.4270555E-08 1.3840803E-08 1.2359225E-08 1.0009254E-08 1.9910553E-08 1.8656195E-08 1.7692720E-08 1.5518534E-08  290.7591 289.7312 286.4301 282.4390 286.1965 284.2297 281.5739 279.7159 279.3132 276.9096 274.1822 274.0956 272.0222 269.1814 267.0468 268.1206  250.903
2014 8.1600842E-09 8.1236209E-09 1.1229412E-08 1.7774576E-08 1.0617792E-08 1.0228285E-08 1.2252836E-08 1.5330642E-08 1.5486572E-08 1.3858968E-08 1.3131358E-08 1.2901375E-08 1.8777966E-08 1.5846007E-08 1.4756962E-08 1.3831491E-08  293.3125 290.8621 287.0985 282.4875 287.3939 285.2103 282.2382 279.8167 280.5865 278.2137 275.2900 274.5119 273.8342 270.9475 268.4470 269.1057  271.258
2015 9.7962953E-09 8.0808560E-09 9.4135695E-09 1.3594965E-08 1.4958950E-08 1.4019172E-08 1.4716607E-08 1.4045850E-08 2.9768149E-08 2.4133190E-08 2.0018181E-08 1.4647530E-08 3.7604714E-08 2.8808623E-08 2.3967326E-08 1.8813989E-08  293.7059 289.7767 285.8918 281.7179 286.4313 284.0114 281.1744 279.3898 279.4411 276.9485 274.1110 273.9004 272.7771 270.2397 267.8720 268.3918  502.903
