STN,01.0
LAT,33.6194949
LON,-110.9215037
1958 185.548
1959 180.935
1960 2620.32
1961 180
1962 1123.55
1963 248.806
1964 160.774
1965 1862.39
1966 1768.42
1967 209.71
1968 1858.77
1969 1298.52
1970 229.161
1971 215.677
1972 644.645
1973 984.387
1974 331.484
1975 221.129
1976 187.29
1977 209.645
1978 257.839
1979 3694.97
1980 1465.65
1981 250.452
1982 447.516
1983 1164.13
1984 946.387
1985 2370.55
1986 349.677
1987 446.065
1988 580.355
1989 327.226
1990 207.774
1991 1811.45
1992 891.258
1993 13472.3
1994 278.323
1995 2567.19
1996 214.032
1997 616.968
1998 336.968
1999 204.097
2000 194.355
2001 252.194
2002 178.419
2003 244.161
2004 195.903
2005 2421.68
2006 166.065
2007 193.419
2008 4292.03
2009 896.839
2010 3090.77
2011 221.323
2012 294.968
2013 541.581
2014 208.194
2015 434.323
