STN,03.0
LAT,33.6194949
LON,-110.9215037
1958 3137.42
1959 230.323
1960 2936.39
1961 338.935
1962 1722.9
1963 783.065
1964 220
1965 1684.74
1966 3216.16
1967 298.355
1968 2828.71
1969 1222.26
1970 605.226
1971 262.161
1972 493.903
1973 5511.61
1974 559.258
1975 2143.87
1976 574.387
1977 241.097
1978 10386.5
1979 5053.23
1980 2700.97
1981 763.032
1982 2641.61
1983 5229.35
1984 815.032
1985 5155.48
1986 2379.68
1987 2684.52
1988 1125.32
1989 1158.19
1990 426.645
1991 6408.39
1992 2741.61
1993 5152.9
1994 1420.1
1995 5089.35
1996 222.323
1997 2115.81
1998 2901.61
1999 192.226
2000 226
2001 1256
2002 178.742
2003 2632.26
2004 1382.03
2005 2128.06
2006 201.581
2007 874.581
2008 2569.35
2009 1608.06
2010 2528.06
2011 376.516
2012 645.032
2013 1288.39
2014 394.71
2015 587.355
