STN,04.0
LAT,33.6194949
LON,-110.9215037
1958 3914.67
1959 240.5
1960 1643.77
1961 539.7
1962 3999
1963 900
1964 955.667
1965 3380.67
1966 2498.33
1967 305.333
1968 2798.67
1969 2395
1970 931.367
1971 259.467
1972 257.433
1973 6195.33
1974 509.967
1975 2968.33
1976 1203.7
1977 608.067
1978 3080.67
1979 6281.33
1980 3848.33
1981 1280.43
1982 1945
1983 4265.33
1984 921.567
1985 3361.33
1986 1715.27
1987 3104
1988 1784.97
1989 582.833
1990 414.5
1991 3673.67
1992 3018.67
1993 4864.33
1994 902.067
1995 1375.67
1996 197.5
1997 1082.77
1998 3296.67
1999 420.167
2000 216.2
2001 1775.67
2002 164.5
2003 1321.47
2004 914.8
2005 1954.67
2006 268.733
2007 515.967
2008 1619.07
2009 887.267
2010 3325.33
2011 300.8
2012 558.433
2013 673.033
2014 202.8
2015 307.667
