STN,06.0
LAT,33.6194949
LON,-110.9215037
1958 407.167
1959 78.6667
1960 284.633
1961 108.433
1962 310.1
1963 104.5
1964 137.867
1965 556.5
1966 268.2
1967 128.533
1968 458
1969 312.267
1970 204.767
1971 100.133
1972 189.933
1973 1329
1974 121.333
1975 476.9
1976 239.633
1977 141.767
1978 320.267
1979 1280.57
1980 879.433
1981 203.033
1982 388.133
1983 1189.53
1984 190.033
1985 648.5
1986 270.033
1987 399.533
1988 321.7
1989 117.867
1990 113.067
1991 557.5
1992 811.4
1993 717.767
1994 227
1995 476.533
1996 115.833
1997 200
1998 454.833
1999 145.8
2000 165.333
2001 193.167
2002 74.5667
2003 187.567
2004 104.9
2005 296.433
2006 84.2
2007 122.133
2008 312.1
2009 190.767
2010 350.1
2011 97.4
2012 88.3333
2013 105.2
2014 87.3
2015 148.967
