STN,07.0
LAT,33.6194949
LON,-110.9215037
1958 146.645
1959 228.29
1960 130.774
1961 139.323
1962 182.903
1963 78.3226
1964 278.871
1965 396.645
1966 200.194
1967 376.548
1968 281.516
1969 213.129
1970 162.935
1971 122.871
1972 149.323
1973 557.452
1974 173.161
1975 324.323
1976 297.065
1977 225.065
1978 190.839
1979 403.355
1980 369.355
1981 269.29
1982 202.323
1983 445.613
1984 328.742
1985 322.742
1986 393.452
1987 221.968
1988 313.29
1989 140.613
1990 483.71
1991 218.968
1992 278.613
1993 294.387
1994 147.806
1995 220.613
1996 245
1997 132.129
1998 252.71
1999 416.452
2000 128.258
2001 168.871
2002 254.935
2003 188.968
2004 189.032
2005 146.355
2006 481.355
2007 242.29
2008 371.355
2009 147.548
2010 366.645
2011 126.677
2012 138.097
2013 340.452
2014 167.032
2015 386
