STN,08.0
LAT,33.6194949
LON,-110.9215037
1958 295.871
1959 1330.84
1960 171.581
1961 285.806
1962 150.548
1963 1030.77
1964 634.387
1965 520.871
1966 459.29
1967 1337.94
1968 701.29
1969 348.129
1970 336.581
1971 860.194
1972 178.774
1973 370.29
1974 284.129
1975 180.903
1976 295.097
1977 396.71
1978 360
1979 414
1980 461.29
1981 336
1982 428.839
1983 557.613
1984 729.645
1985 458.161
1986 386
1987 532.387
1988 1231.06
1989 276.839
1990 461.968
1991 297.774
1992 1427.35
1993 371.226
1994 266.29
1995 252.742
1996 271
1997 200.226
1998 254.355
1999 1159.81
2000 302.645
2001 346.516
2002 354.387
2003 301.452
2004 218.903
2005 423.355
2006 2414.45
2007 1074
2008 511.774
2009 119.226
2010 836.613
2011 361.355
2012 235.613
2013 489.355
2014 450.548
2015 384.032
