STN,09.0
LAT,33.6194949
LON,-110.9215037
1958 570.633
1959 236.533
1960 136
1961 240.567
1962 233.967
1963 924.967
1964 800.367
1965 232.933
1966 579.133
1967 686.6
1968 232.233
1969 494.233
1970 829.667
1971 529.167
1972 209.5
1973 200.233
1974 168.2
1975 335.033
1976 236.367
1977 318.167
1978 177.1
1979 223.3
1980 316
1981 277.6
1982 476.167
1983 683.033
1984 662.5
1985 450.767
1986 350.2
1987 219.8
1988 1439.93
1989 143.5
1990 267.7
1991 447.367
1992 444.867
1993 442.933
1994 706.833
1995 250.367
1996 563.2
1997 220.567
1998 160.1
1999 522.133
2000 157.567
2001 182.1
2002 482.967
2003 862.267
2004 208.933
2005 233.733
2006 697.1
2007 264.1
2008 665.333
2009 155.1
2010 284.733
2011 285.5
2012 197.867
2013 1028.23
2014 458.867
2015 354.4
