STN,10.0
LAT,33.6194949
LON,-110.9215037
1958 670.323
1959 552
1960 236.226
1961 146.935
1962 253.645
1963 326.323
1964 295.161
1965 161.387
1966 222.484
1967 213.677
1968 228.613
1969 231.29
1970 252.29
1971 2146.87
1972 4731.84
1973 179.935
1974 529.774
1975 148.774
1976 188.774
1977 232.419
1978 187.29
1979 200.452
1980 311.032
1981 353.581
1982 205.581
1983 4831.68
1984 1206.45
1985 534.613
1986 509.032
1987 241.839
1988 307.935
1989 183.419
1990 239.258
1991 193.839
1992 235.484
1993 360.806
1994 266.968
1995 200.065
1996 198.387
1997 184.935
1998 210.645
1999 204.452
2000 546.452
2001 156
2002 158.903
2003 173.161
2004 166.935
2005 168.677
2006 329.097
2007 167.613
2008 296.871
2009 124.806
2010 178.839
2011 176.806
2012 115.387
2013 224.645
2014 450.452
2015 350.71
