STN,11.0
LAT,33.6194949
LON,-110.9215037
1958 232.333
1959 1258.6
1960 190.8
1961 274
1962 234.433
1963 309.8
1964 190.167
1965 506.9
1966 211.533
1967 194.833
1968 207.5
1969 293.067
1970 172.367
1971 727.4
1972 1229.47
1973 222.133
1974 479.033
1975 163.233
1976 177.267
1977 196.567
1978 2009
1979 268.1
1980 371.767
1981 230.733
1982 365.933
1983 486.4
1984 526.633
1985 585.233
1986 943.8
1987 489.9
1988 247.133
1989 185.667
1990 290.967
1991 287.367
1992 245.267
1993 555.1
1994 1217.37
1995 217.967
1996 313.7
1997 201.033
1998 239.667
1999 180.133
2000 1174.17
2001 160.367
2002 204.033
2003 275.833
2004 243.433
2005 164.633
2006 207.8
2007 157.3
2008 230.467
2009 150.867
2010 165.2
2011 161.067
2012 139.4
2013 270.333
2014 211.133
2015 845.067
