STN,12.0
LAT,33.6194949
LON,-110.9215037
1958 206.129
1959 2674.9
1960 177.677
1961 562.226
1962 216.323
1963 202.71
1964 207.806
1965 6326.55
1966 444.613
1967 1167.48
1968 224.323
1969 261.194
1970 184.484
1971 1574.55
1972 1417.9
1973 229
1974 224.677
1975 207.323
1976 168.129
1977 161.484
1978 5942.58
1979 254.323
1980 300.065
1981 244.226
1982 1841.65
1983 1626.52
1984 4145.71
1985 579.903
1986 1090.32
1987 317.419
1988 252.097
1989 191.258
1990 1170.65
1991 774
1992 1964.48
1993 331.194
1994 1046.52
1995 213.935
1996 282.129
1997 291.258
1998 255.806
1999 181.839
2000 329.968
2001 178.935
2002 197.968
2003 190.097
2004 580.645
2005 162.548
2006 181.613
2007 1521.52
2008 1185.16
2009 196.065
2010 201.258
2011 255.29
2012 155.258
2013 250.903
2014 271.258
2015 502.903
