STN,prec_1,prec_2,prec_3,prec_4,prec_5,prec_6,prec_7,prec_8,prec_9,prec_10,prec_11,prec_12,prec_13,prec_14,prec_15,prec_16,st_1,st_2,st_3,st_4,st_5,st_6,st_7,st_8,st_9,st_10,st_11,st_12,st_13,st_14,st_15,st_16,05.0
LAT,26.51077,26.51077,26.51077,26.51077,29.30136,29.30136,29.30136,29.30136,32.09194,32.09194,32.09194,32.09194,34.88252,34.88252,34.88252,34.88252,26.51077,26.51077,26.51077,26.51077,29.30136,29.30136,29.30136,29.30136,32.09194,32.09194,32.09194,32.09194,34.88252,34.88252,34.88252,34.88252,30.7512899
LON,-104.0625,-101.2500,-98.43750,-95.62500,-104.0625,-101.2500,-98.43750,-95.62500,-104.0625,-101.2500,-98.43750,-95.62500,-104.0625,-101.2500,-98.43750,-95.62500,-104.0625,-101.2500,-98.43750,-95.62500,-104.0625,-101.2500,-98.43750,-95.62500,-104.0625,-101.2500,-98.43750,-95.62500,-104.0625,-101.2500,-98.43750,-95.62500,-98.6697599
1958 5.3783417E-08 1.4085463E-08 6.0365917E-09 1.9294340E-08 2.2329859E-08 3.9389070E-09 2.3114519E-09 2.1186029E-08 1.2690039E-08 2.4855267E-09 3.5569045E-09 1.3694446E-08 1.8866860E-08 9.0055501E-09 1.0904788E-08 1.5947514E-08  295.2994 301.3934 307.8286 302.5034 300.3279 306.1953 308.7715 306.4046 303.5041 308.1059 309.0666 307.6803 301.9144 306.7448 309.0334 308.6118  615.29
1959 5.0767735E-08 1.7484483E-08 8.6652872E-09 2.3627541E-08 2.4762887E-08 6.8800108E-09 4.7022750E-09 2.9820381E-08 1.5457342E-08 4.7995106E-09 7.2876802E-09 2.3294781E-08 1.8729656E-08 1.2217474E-08 1.5367011E-08 2.2316456E-08  295.5692 301.4207 307.8847 302.4753 300.1288 306.1465 308.6946 306.0453 303.3116 308.0104 308.7738 306.9991 301.9047 306.5342 308.5321 307.9301  143.774
1960 5.2473570E-08 1.2737404E-08 5.2328009E-09 2.1848679E-08 2.4162645E-08 3.8423398E-09 3.2269838E-09 2.4246820E-08 1.3837306E-08 3.9470183E-09 6.3490417E-09 1.9841005E-08 1.7986714E-08 9.4120658E-09 1.2429545E-08 1.8227119E-08  295.2121 301.3416 307.9096 302.4058 299.9642 306.1858 308.7529 306.2740 303.1675 307.9606 308.6519 307.1127 301.7049 306.7213 308.6228 308.3406  142.129
1961 4.8704806E-08 1.2520748E-08 5.6355058E-09 2.0232308E-08 2.2694959E-08 3.2951295E-09 2.7869058E-09 2.2190179E-08 1.2572218E-08 2.2274467E-09 4.5038342E-09 1.6074420E-08 1.6256688E-08 8.4506144E-09 1.0557866E-08 1.5911576E-08  295.6343 301.5502 307.9293 302.4390 300.2513 306.1743 308.6323 306.2977 303.4613 308.1880 308.8328 307.3248 302.0017 306.9248 308.9512 308.7137  165.226
1962 4.6184613E-08 1.1536870E-08 5.0241762E-09 1.9073051E-08 2.2839538E-08 4.7270006E-09 4.0795047E-09 2.7754702E-08 1.3949877E-08 5.2484297E-09 7.6090272E-09 2.4829649E-08 1.9398895E-08 1.1800460E-08 1.4592816E-08 2.1710719E-08  295.4587 301.5759 308.0032 302.3749 300.1336 306.2887 308.6751 305.9145 303.2330 307.8720 308.3657 306.3792 301.5261 306.3205 308.1852 307.5741  98.2903
1963 5.5791951E-08 1.3922167E-08 5.5116791E-09 1.7114358E-08 2.2803514E-08 4.1809129E-09 3.3018006E-09 2.3436311E-08 1.4259406E-08 2.8804170E-09 3.8219139E-09 1.6663700E-08 1.8476863E-08 1.0957871E-08 1.2906521E-08 1.7528398E-08  294.9087 301.2285 307.8114 302.4172 300.1235 306.1214 308.5771 306.1367 303.4561 308.1807 308.8708 307.2669 301.8005 306.5475 308.6238 308.0190  176.065
1964 5.3021420E-08 1.1479878E-08 5.4909237E-09 2.0511637E-08 2.1977392E-08 3.9550456E-09 3.4511149E-09 2.7919738E-08 1.4988842E-08 3.7262158E-09 7.5667321E-09 2.5194744E-08 2.0061055E-08 1.1592348E-08 1.5566473E-08 2.0293834E-08  295.1885 301.2910 307.7662 302.3811 300.1113 306.0774 308.4006 305.7654 303.2154 307.8734 308.2854 306.4329 301.5868 306.3051 308.0930 307.6401  113.226
1965 5.2293444E-08 1.4394360E-08 5.5809162E-09 2.4430349E-08 2.5314161E-08 3.7035404E-09 2.5695661E-09 2.6899562E-08 1.4682700E-08 3.0784610E-09 6.3715340E-09 2.1114266E-08 2.1635902E-08 1.0391594E-08 1.2944258E-08 1.9848125E-08  295.3389 301.2083 307.5014 302.2917 299.8752 305.9356 308.2831 305.4153 302.8634 307.6185 308.2020 306.1522 301.2305 306.0679 308.0883 307.3153  1394.52
1966 4.5486090E-08 1.1651644E-08 4.0901065E-09 2.0640657E-08 2.0966207E-08 3.7501704E-09 3.3883965E-09 2.7353071E-08 1.3080318E-08 3.0124079E-09 5.5669225E-09 2.0926423E-08 1.8248837E-08 1.1195021E-08 1.3273796E-08 2.1023212E-08  295.2909 300.9995 307.3741 302.2611 299.9082 305.7426 308.1361 305.3830 302.9092 307.3575 308.0314 306.0514 301.4972 306.0174 307.8083 307.0579  520.161
1967 4.5556575E-08 7.2165993E-09 3.3405589E-09 1.7192814E-08 2.0570885E-08 3.2316612E-09 1.8006289E-09 2.0600025E-08 1.5022847E-08 4.4579340E-09 4.9268980E-09 1.7262305E-08 2.1956934E-08 1.1746502E-08 1.4291483E-08 1.8704633E-08  295.3469 301.7249 308.0857 302.3332 300.1700 306.4132 308.8644 306.4287 303.0840 307.9347 308.6481 307.0196 301.2773 306.1922 308.1771 307.7019  347.258
1968 5.1386362E-08 1.3251954E-08 5.4090465E-09 1.8150784E-08 2.3573781E-08 4.5024047E-09 2.1308055E-09 2.0156168E-08 1.4781461E-08 3.2160850E-09 4.7370832E-09 1.6703794E-08 1.9365483E-08 9.5997637E-09 1.1574808E-08 1.7036101E-08  294.9404 301.1176 307.6887 302.3076 299.6770 305.9353 308.5486 306.1747 302.7763 307.6189 308.5044 306.9161 301.1730 306.0920 308.2641 307.9005  1222.84
1969 5.0874416E-08 1.2550180E-08 5.4226752E-09 1.7534086E-08 2.2699979E-08 4.4576227E-09 3.4132115E-09 2.8663605E-08 1.4342695E-08 3.8664578E-09 6.7137047E-09 2.5530321E-08 2.0243935E-08 1.1782620E-08 1.3686047E-08 2.1599234E-08  296.1180 301.9657 308.3095 302.6327 300.7822 306.6091 309.0241 306.0936 303.6533 308.1805 308.8466 306.5178 301.7901 306.5679 308.5749 307.6193  324.161
1970 4.9713321E-08 1.0341828E-08 3.6695351E-09 1.6358813E-08 2.0278508E-08 2.8093039E-09 2.1407498E-09 2.3243199E-08 1.4472327E-08 3.9528740E-09 6.3760681E-09 1.9399836E-08 2.2735442E-08 1.2408978E-08 1.5469494E-08 2.3910122E-08  294.9524 301.5280 307.9605 302.3818 300.0308 306.4197 308.8770 306.0916 303.0842 308.0811 308.7162 306.6057 301.2040 306.1864 308.0163 307.1123  1035.32
1971 4.7830454E-08 1.1616829E-08 3.4106382E-09 1.6389119E-08 2.2220570E-08 3.8001882E-09 1.7593627E-09 1.9115799E-08 1.3435792E-08 3.0317313E-09 4.0476089E-09 1.3239944E-08 1.9201746E-08 9.9423563E-09 1.0937028E-08 1.5258149E-08  294.8448 301.1267 307.7797 302.2877 299.6957 306.0822 308.6089 306.3519 302.9372 308.0116 308.6744 307.3370 301.3022 306.3931 308.5792 308.4617  106.161
1972 5.4261182E-08 1.2169272E-08 5.1559459E-09 2.3274053E-08 2.4604713E-08 3.7254164E-09 2.7499991E-09 2.7142480E-08 1.7899966E-08 3.9025427E-09 5.7536376E-09 2.2655426E-08 2.3968829E-08 1.3689022E-08 1.5735846E-08 2.1698240E-08  295.0740 301.3097 307.5685 302.3672 299.7265 306.0416 308.4087 305.2420 302.6834 307.5638 308.1438 305.8155 300.9142 305.4337 307.3091 306.2922  560.065
1973 5.9649544E-08 1.3641115E-08 7.4314013E-09 1.9918478E-08 3.0615286E-08 5.8314158E-09 3.4170249E-09 2.5595320E-08 1.7566038E-08 5.5729887E-09 7.4107223E-09 2.0425135E-08 1.9926697E-08 1.1978874E-08 1.4321367E-08 2.1573397E-08  294.3704 301.0526 307.6723 302.4395 299.1777 305.6875 308.3876 305.4893 302.4947 307.3826 308.0631 306.2345 301.2538 306.1147 308.0540 307.4308  147.903
1974 5.0678686E-08 1.0165062E-08 2.7924476E-09 1.5044755E-08 2.8197574E-08 4.7275082E-09 1.5989167E-09 2.0371562E-08 1.8733649E-08 5.7375589E-09 7.5913809E-09 2.2246219E-08 2.0623556E-08 1.2195247E-08 1.3812358E-08 1.8936790E-08  294.4034 301.3854 308.1500 302.2870 299.1042 306.1511 308.8289 306.1499 302.3452 307.5696 308.2556 306.2833 300.9651 305.8024 307.8531 307.3349  929.419
1975 5.2993048E-08 9.0002006E-09 3.0051834E-09 1.5998912E-08 2.5821192E-08 2.9489791E-09 1.2258166E-09 2.3361070E-08 1.6240657E-08 3.8972585E-09 6.5690764E-09 2.0462743E-08 2.1170591E-08 1.1094706E-08 1.5174933E-08 2.0331953E-08  294.9016 301.5770 308.1376 302.3025 299.5191 306.3155 308.8294 305.8480 302.7187 307.9639 308.5382 306.6135 301.1264 306.1550 308.2368 307.7570  2034.77
1976 4.9670390E-08 9.3062482E-09 3.2999490E-09 1.6169224E-08 2.5887214E-08 4.6871325E-09 2.7806044E-09 1.6730549E-08 1.8340961E-08 4.8380131E-09 5.5289218E-09 1.4513751E-08 2.0467033E-08 1.1526760E-08 1.2714261E-08 1.7423400E-08  294.7346 301.3198 307.8953 302.2372 299.3917 306.0557 308.6552 306.1365 302.4669 307.6421 308.4799 306.8870 300.9655 305.8780 308.0948 307.5777  221.71
1977 4.7597862E-08 1.0252006E-08 3.6078911E-09 1.6495232E-08 1.9847338E-08 3.0820373E-09 1.9002713E-09 2.0100927E-08 1.5615992E-08 4.2280863E-09 4.9525086E-09 1.4261802E-08 1.9041895E-08 1.0702409E-08 1.2241211E-08 1.6514266E-08  295.2356 301.7798 308.1385 302.3306 300.1036 306.4560 308.8904 306.1454 302.9935 307.9706 308.8630 307.1755 301.5142 306.4329 308.6552 308.1305  1300.48
1978 5.6380042E-08 1.4522698E-08 5.4681020E-09 1.9590868E-08 2.4662166E-08 4.3012069E-09 2.6901006E-09 2.6189173E-08 1.4394177E-08 3.4724068E-09 5.6219016E-09 2.0683590E-08 1.9418003E-08 9.9904804E-09 1.2638396E-08 1.9421936E-08  294.6362 301.1078 307.7680 302.3858 299.6047 305.9914 308.6633 306.0150 302.8393 307.6998 308.3704 306.5350 301.4195 306.3205 308.2183 307.5131  149.677
1979 5.1071908E-08 9.9343538E-09 2.6587124E-09 1.5943902E-08 2.4285525E-08 4.4166657E-09 1.7298361E-09 2.0032502E-08 1.6457431E-08 5.0644888E-09 6.3543295E-09 1.7544510E-08 2.0134790E-08 1.0960473E-08 1.2489819E-08 1.9751806E-08  295.3852 301.7169 308.0903 302.4444 300.1938 306.3935 308.8386 306.2623 303.1299 307.8193 308.6779 307.1178 301.6190 306.4409 308.6133 308.2861  372.484
1980 4.6250022E-08 1.0831775E-08 4.2748098E-09 1.8547180E-08 2.4114827E-08 4.3851873E-09 3.6923660E-09 2.5867822E-08 1.6666512E-08 5.4643272E-09 8.2864728E-09 2.1054740E-08 2.2194191E-08 1.2448186E-08 1.5378010E-08 2.2082439E-08  295.6581 301.8417 308.1764 302.4733 300.1829 306.4089 308.7555 305.8406 303.1990 307.7619 308.4105 306.3897 301.5047 306.0979 307.9994 307.2715  418.742
1981 5.0999745E-08 1.5178973E-08 4.2025698E-09 1.8952425E-08 2.6161462E-08 5.1138294E-09 2.2046418E-09 1.9478392E-08 1.7821378E-08 3.9482719E-09 5.0522377E-09 1.3645372E-08 1.9415324E-08 9.6738333E-09 1.1567303E-08 1.5509530E-08  295.0302 301.4324 308.0479 302.3367 299.7071 306.1466 308.7120 306.1220 302.8738 307.8116 308.5735 307.1325 301.5502 306.4217 308.6628 308.4236  488.452
1982 4.7965468E-08 1.1450529E-08 5.2404898E-09 2.0753228E-08 2.2255975E-08 3.9683852E-09 2.8697769E-09 2.4137949E-08 1.4206662E-08 3.6468015E-09 5.7975811E-09 2.1442176E-08 1.7456559E-08 9.2386676E-09 1.1794739E-08 2.0219513E-08  295.3406 301.3821 307.7952 302.4794 300.1727 306.1910 308.6154 305.9308 303.3039 307.9944 308.5651 306.6154 301.6367 306.5136 308.4254 307.5583  273.774
1983 4.9252016E-08 1.0078796E-08 2.9624823E-09 1.6513413E-08 2.4650985E-08 3.9936245E-09 1.8544725E-09 2.1491761E-08 1.5572784E-08 4.4394488E-09 4.9249747E-09 1.7732029E-08 1.8881387E-08 1.1317371E-08 1.2464725E-08 2.1004599E-08  296.0942 302.0747 308.2712 302.6834 300.3432 306.5700 309.0113 306.0727 303.2382 307.9156 308.8398 306.6763 301.9667 306.5744 308.6267 307.5603  235.355
1984 4.4789914E-08 9.3585131E-09 2.0874888E-09 1.5371526E-08 2.2263396E-08 2.7571967E-09 1.6139281E-09 2.2164683E-08 1.7004945E-08 4.6669397E-09 5.0235784E-09 1.8243885E-08 2.1029752E-08 1.0547973E-08 1.3833930E-08 2.1093465E-08  295.2844 301.5439 308.0385 302.3337 299.9446 306.4629 308.9460 306.3470 302.6095 307.6720 308.6626 306.9933 300.9527 306.0459 308.1698 307.7566  41
1985 4.7424468E-08 1.3271377E-08 5.4358762E-09 2.1180506E-08 2.3983993E-08 4.1734292E-09 2.9646154E-09 2.6069074E-08 1.6146757E-08 3.8218597E-09 6.2970646E-09 2.0548841E-08 2.0582494E-08 1.0856292E-08 1.3702046E-08 2.0550026E-08  295.0085 301.1254 307.5125 302.3410 299.7031 306.1189 308.5872 305.7430 302.7081 307.8190 308.5240 306.4298 301.0063 306.1146 308.1274 307.3324  340.806
1986 4.3546116E-08 8.6003809E-09 2.2882651E-09 1.4139093E-08 2.2772019E-08 3.3906968E-09 1.6637597E-09 2.4225452E-08 1.6289741E-08 5.3119900E-09 6.7820265E-09 2.2318609E-08 2.1533248E-08 1.3131798E-08 1.5804989E-08 2.2557529E-08  295.4026 301.7799 308.0382 302.5123 300.1355 306.5500 308.9052 305.9255 302.8017 307.7964 308.4880 306.1725 301.1139 305.8020 307.5868 306.3004  156.613
1987 5.0941622E-08 1.3039970E-08 4.0688106E-09 1.8003758E-08 2.7584772E-08 6.5161267E-09 3.2205296E-09 2.2544070E-08 1.7698685E-08 6.7373578E-09 8.2223108E-09 2.3585875E-08 2.2599561E-08 1.3539943E-08 1.4475521E-08 2.2884942E-08  295.1421 301.3583 307.5305 302.5396 299.5304 306.0177 308.5582 305.6530 302.1918 307.2162 308.1614 305.9731 300.6843 305.3276 307.5216 306.4803  539.258
1988 5.0356146E-08 1.0189468E-08 4.9051510E-09 1.9793784E-08 2.3691374E-08 2.6043485E-09 1.8319971E-09 2.1067791E-08 1.5230812E-08 3.2138276E-09 4.4974549E-09 1.5479829E-08 2.0159826E-08 9.6838191E-09 1.1611183E-08 1.6251718E-08  294.7425 301.1372 307.6531 302.3036 299.6360 306.0954 308.6322 306.0715 302.6924 307.6807 308.5380 306.9221 301.1251 306.1356 308.4646 308.1656  261.484
1989 5.0311030E-08 1.1140344E-08 3.3035144E-09 1.5901101E-08 2.5326703E-08 3.5948660E-09 1.8265526E-09 2.1223576E-08 1.9640860E-08 5.0282636E-09 6.3767960E-09 1.9923640E-08 2.3512236E-08 1.3174912E-08 1.4273830E-08 2.0796314E-08  294.7438 301.2498 307.9916 302.3517 299.6956 306.2925 308.9891 306.4432 302.4492 307.7595 308.6367 306.7876 300.4983 305.5706 307.8754 307.4388  412.806
1990 4.4690374E-08 1.3180184E-08 6.2314651E-09 1.9738957E-08 1.9812983E-08 3.3780063E-09 2.6337312E-09 2.2610999E-08 1.3832826E-08 4.1064823E-09 6.2766028E-09 1.6229910E-08 1.8284386E-08 1.0953469E-08 1.2957201E-08 1.9491825E-08  295.3478 301.2985 307.6631 302.6106 300.1938 306.3630 308.8205 306.2015 303.1763 308.0483 308.8221 307.1956 301.5849 306.4915 308.5775 307.8975  1983
1991 5.4155731E-08 1.4816671E-08 6.3105614E-09 1.6756864E-08 2.6686626E-08 6.6687722E-09 2.8141804E-09 2.8783854E-08 1.6900039E-08 3.9740895E-09 5.8238570E-09 2.2909989E-08 2.1167699E-08 1.1893535E-08 1.1882973E-08 1.9227258E-08  295.2109 301.3656 307.6735 302.5575 299.8688 306.1339 308.5148 305.3198 302.7930 307.7259 308.4044 305.9886 301.2828 306.0330 308.1671 307.0990  228.581
1992 5.0776258E-08 1.1967185E-08 4.2926853E-09 1.6684050E-08 2.3622652E-08 3.9634993E-09 2.7504854E-09 2.3669230E-08 1.5242316E-08 3.6190468E-09 4.2895083E-09 1.7937616E-08 2.0210891E-08 1.1697802E-08 1.2810892E-08 1.9154253E-08  295.3437 301.6288 307.7895 302.5444 299.9883 306.3610 308.7212 305.3580 302.6365 307.5751 308.5020 305.9968 301.2924 305.7954 307.8138 306.6011  674.806
1993 4.7616584E-08 1.1324069E-08 4.3688249E-09 1.8721686E-08 2.5269546E-08 4.7497837E-09 2.5449516E-09 2.9036780E-08 1.8129542E-08 4.0948080E-09 6.6418147E-09 2.2972529E-08 2.1608958E-08 1.1940597E-08 1.2821369E-08 2.0209448E-08  295.6323 301.4887 307.6035 302.4463 300.1284 306.0054 308.3482 305.4054 302.8628 307.2977 308.0375 306.0228 301.3295 305.8116 307.9100 307.3291  255.645
1994 4.6749708E-08 1.0734081E-08 3.7385970E-09 1.5861065E-08 2.1471532E-08 3.6476797E-09 1.4880382E-09 2.1599240E-08 1.6870720E-08 3.3839416E-09 4.0532027E-09 1.5889478E-08 2.2156637E-08 1.2585734E-08 1.2410830E-08 1.8775310E-08  294.8562 301.1896 307.5600 302.3566 299.7411 306.1137 308.6620 305.6931 302.3339 307.4274 308.4007 306.3480 300.6669 305.4541 307.7491 306.6730  556.161
1995 5.0807916E-08 1.1330827E-08 4.9206932E-09 1.9270425E-08 2.2568553E-08 3.9508796E-09 3.3126906E-09 2.2665715E-08 1.3907596E-08 3.3189762E-09 5.7421121E-09 1.9809997E-08 1.8334548E-08 1.0124243E-08 1.3594014E-08 1.8562126E-08  294.9977 301.3875 307.7821 302.5685 299.8496 306.1523 308.5709 305.7555 303.1255 307.7990 308.5120 306.5005 301.6782 306.4377 308.4283 307.6894  435.371
1996 4.5417700E-08 9.5181445E-09 4.3504640E-09 1.6541280E-08 2.1547043E-08 3.0252401E-09 2.1537816E-09 2.2924644E-08 1.6516656E-08 3.7453778E-09 5.2625699E-09 1.7973171E-08 2.0913047E-08 1.0826350E-08 1.2869142E-08 1.8692468E-08  295.2684 301.4203 307.7302 302.5058 299.9727 306.3251 308.6180 306.1052 302.9380 307.9936 308.5426 306.9462 301.2031 306.3482 308.4422 308.1775  50.3226
1997 4.4287617E-08 1.2570064E-08 4.9803583E-09 1.6900302E-08 2.2293053E-08 4.4483954E-09 2.2239579E-09 2.0978241E-08 1.6362527E-08 3.6631655E-09 5.0592539E-09 1.6708517E-08 1.8687743E-08 9.1138812E-09 1.0668691E-08 1.4615263E-08  295.4869 301.3975 307.6850 302.6034 299.8987 306.1712 308.6599 306.1431 302.6996 307.7671 308.5848 307.0007 301.3977 306.5128 308.5961 308.2708  308.903
1998 5.3876423E-08 1.1243187E-08 5.1386753E-09 1.8599113E-08 2.4290578E-08 5.0195452E-09 2.7872586E-09 2.7103978E-08 1.4689109E-08 4.9198787E-09 5.8828449E-09 2.1093692E-08 2.1170214E-08 1.1423850E-08 1.2998486E-08 1.9447695E-08  295.6215 301.5711 307.9108 302.5335 300.1024 306.1958 308.6230 305.6050 303.1677 307.7383 308.4808 306.3692 301.5633 306.3189 308.4265 307.5329  122.258
1999 5.7877525E-08 1.3763573E-08 3.6066523E-09 1.6275438E-08 3.1532448E-08 6.3727330E-09 2.0667135E-09 2.2936982E-08 1.8747770E-08 6.7939707E-09 7.3750939E-09 2.0111951E-08 2.0021556E-08 1.2649660E-08 1.4473826E-08 1.9941110E-08  294.3941 301.0321 308.0039 302.2947 299.1245 305.9295 308.7102 305.8970 302.2905 307.4842 308.1324 306.4323 300.9339 305.7885 307.9291 307.6809  369.774
2000 4.8436632E-08 1.2928847E-08 3.7076386E-09 1.8700998E-08 2.7612158E-08 5.5377827E-09 3.0953780E-09 2.5392167E-08 1.7347435E-08 4.2467438E-09 5.5072098E-09 1.9899556E-08 1.8526189E-08 9.8780841E-09 1.3433184E-08 1.8302218E-08  295.2466 301.2656 307.9658 302.5708 299.7899 306.0922 308.8518 306.4480 303.0317 307.9306 308.5849 306.9239 301.6082 306.4778 308.4240 308.2727  130.935
2001 4.9709548E-08 1.2498299E-08 3.8077750E-09 1.8901153E-08 2.3993794E-08 4.8216675E-09 2.8908509E-09 2.8697945E-08 1.4486311E-08 4.7895372E-09 6.3198677E-09 2.3103116E-08 2.0063961E-08 1.1037820E-08 1.2739442E-08 2.1035257E-08  295.2066 301.3746 307.9833 302.6200 300.0243 306.2683 308.8543 305.9432 303.1098 307.8900 308.5995 306.5013 301.5049 306.3224 308.3449 307.4254  379.129
2002 5.1683859E-08 1.4148558E-08 5.4206781E-09 2.0299915E-08 2.5592934E-08 4.4100479E-09 3.4589369E-09 2.7483523E-08 1.6407816E-08 4.8994884E-09 6.0959979E-09 1.9794186E-08 1.9869564E-08 1.0825938E-08 1.2980419E-08 2.0241908E-08  294.9720 301.1230 307.6503 302.5787 299.7148 306.0129 308.6556 305.7916 302.6719 307.4706 308.3890 306.4078 301.1469 306.0411 308.0328 307.2316  105.548
2003 5.4275414E-08 1.1986282E-08 3.7410461E-09 1.8388063E-08 2.4345129E-08 4.3222479E-09 1.6006610E-09 2.2127123E-08 1.8885949E-08 5.7687823E-09 5.3575060E-09 1.9898330E-08 2.3377332E-08 1.3114625E-08 1.4885208E-08 2.1887793E-08  294.6301 301.1535 307.6917 302.5028 299.7087 306.2247 308.7582 305.7366 302.3392 307.4211 308.3791 306.2093 300.7182 305.6667 307.8756 307.2400  100.484
2004 4.7392032E-08 1.0678169E-08 4.2818633E-09 1.8165554E-08 2.4326756E-08 3.1327496E-09 1.5774626E-09 2.3862519E-08 1.9276925E-08 3.5250709E-09 4.8829003E-09 1.6820309E-08 2.3646354E-08 1.3327348E-08 1.5141243E-08 1.9913319E-08  295.3728 301.5368 307.7832 302.7485 299.9631 306.4945 308.9163 306.1280 302.6398 307.9320 308.8174 307.0514 301.0321 306.0831 308.3626 308.1268  238.355
2005 5.6855264E-08 1.4070251E-08 6.2178529E-09 2.3782199E-08 2.9613728E-08 4.5597144E-09 4.2555706E-09 3.1427369E-08 2.0047660E-08 4.9312572E-09 9.1854462E-09 2.7303189E-08 2.2719963E-08 1.2729886E-08 1.4694112E-08 2.1252839E-08  295.1339 301.4475 308.0874 302.8472 299.7094 306.2050 308.9019 305.9903 302.8240 307.6075 308.4407 306.3916 301.3677 306.0739 308.1227 307.6559  331.226
2006 4.6196668E-08 1.1003778E-08 3.2939984E-09 1.8131944E-08 2.5600777E-08 4.2982857E-09 2.3840196E-09 2.8013890E-08 1.6875607E-08 4.4735304E-09 6.4555365E-09 2.0178366E-08 1.9131594E-08 1.0198388E-08 1.1579716E-08 1.7970997E-08  295.5823 301.8241 308.1739 302.6607 300.2686 306.5246 308.9200 305.9725 303.2737 308.1304 308.7210 306.9485 301.8456 306.6766 308.7940 308.2620  412.194
2007 5.4101321E-08 1.2918257E-08 4.3707074E-09 1.9468887E-08 2.4339570E-08 3.8974091E-09 2.6263922E-09 2.9894217E-08 1.5820646E-08 3.5954444E-09 5.9908354E-09 2.1213271E-08 1.9114177E-08 1.0348647E-08 1.2290536E-08 1.7036333E-08  295.1346 301.4857 308.1638 302.7302 300.2038 306.4750 309.0295 306.0646 303.2320 308.1784 308.9421 307.1268 301.7110 306.7380 308.9850 308.6895  2108.19
2008 5.1829623E-08 1.2050520E-08 5.6684453E-09 2.1010667E-08 2.5510367E-08 3.7818899E-09 3.0522733E-09 2.3885102E-08 1.8226784E-08 4.9407349E-09 6.3793140E-09 2.1676207E-08 2.0066006E-08 1.0257412E-08 1.3219068E-08 1.8569002E-08  295.1490 301.3228 307.8635 302.4964 299.9096 306.3098 308.8945 306.3260 302.8339 307.9418 308.7100 306.9120 301.3831 306.3425 308.5562 308.1478  233.839
2009 4.5993712E-08 1.0144067E-08 4.7681357E-09 2.1635579E-08 2.1423622E-08 3.2161207E-09 2.4368034E-09 2.3765056E-08 1.5617246E-08 3.9078740E-09 5.8214069E-09 1.7522323E-08 1.7946491E-08 8.4249212E-09 1.2146021E-08 1.7433834E-08  295.6173 301.5539 307.8301 302.6488 300.1343 306.2868 308.7085 306.0384 303.1324 307.9072 308.4934 306.7794 301.7521 306.6383 308.4859 307.8704  230.839
2010 5.2261253E-08 1.3828595E-08 4.8093125E-09 1.7132319E-08 2.6765207E-08 4.4970223E-09 3.4002465E-09 2.5682185E-08 1.7662105E-08 3.7902628E-09 5.4819087E-09 2.1491681E-08 2.0074991E-08 1.0269994E-08 1.1966504E-08 1.8136863E-08  0.0000000E+00 0.0000000E+00 0.0000000E+00 0.0000000E+00 0.0000000E+00 0.0000000E+00 0.0000000E+00 0.0000000E+00 0.0000000E+00 0.0000000E+00 0.0000000E+00 0.0000000E+00 0.0000000E+00 0.0000000E+00 0.0000000E+00 0.0000000E+00  638.355
2011 4.9289330E-08 1.1755406E-08 6.5133947E-09 2.4094845E-08 2.7229015E-08 5.1419957E-09 4.0959884E-09 2.3679794E-08 1.6479159E-08 3.9220813E-09 6.2517804E-09 1.6494782E-08 1.9510814E-08 9.8017150E-09 1.1732793E-08 1.4470696E-08  295.1755 301.3564 307.9687 302.4883 299.7491 306.0497 308.7266 306.2216 302.8530 308.0060 308.6267 307.1461 301.4342 306.6355 308.8555 308.7328  65.4194
2012 4.6313513E-08 1.4352987E-08 5.9803194E-09 2.0038208E-08 1.9279863E-08 3.4647130E-09 2.6281091E-09 2.5701539E-08 1.2421172E-08 2.2533455E-09 4.8002100E-09 2.0500854E-08 1.8870898E-08 9.1809351E-09 1.1786266E-08 1.8184165E-08  295.4781 301.1707 307.4773 302.3889 300.3240 306.1325 308.3462 305.7509 303.3410 307.9669 308.3753 306.5986 301.5115 306.4276 308.5114 308.0260  395
2013 5.3206346E-08 1.3771598E-08 7.2821327E-09 2.5672032E-08 2.7936540E-08 5.6786535E-09 5.5970841E-09 3.0683051E-08 1.7476930E-08 5.1935034E-09 8.8725232E-09 2.2250038E-08 2.1363928E-08 1.1286567E-08 1.4970045E-08 1.9611100E-08  295.6637 301.2585 307.7149 302.5630 300.1033 305.9734 308.6035 306.1072 302.8250 307.5375 308.3531 306.9025 301.2469 306.0656 308.2384 308.2081  124.871
2014 5.6134144E-08 1.4622346E-08 5.1498827E-09 1.8882401E-08 2.8249845E-08 5.8516489E-09 3.1811205E-09 2.4816782E-08 1.5956784E-08 4.3642543E-09 6.7580972E-09 1.9634850E-08 2.0501686E-08 1.0193763E-08 1.2615429E-08 1.7219492E-08  294.6613 300.8805 307.4772 302.5164 299.3536 305.6989 308.3705 305.7828 302.5136 307.4574 308.1240 306.5363 301.1182 306.0899 308.1765 307.7890  279.484
2015 4.7023970E-08 1.1021464E-08 3.9016768E-09 1.7741820E-08 2.2768569E-08 4.7726796E-09 2.7199893E-09 2.4646583E-08 1.4128622E-08 3.9406727E-09 5.4151088E-09 2.0319201E-08 2.0664181E-08 1.1356002E-08 1.4054956E-08 2.0013122E-08  295.5269 301.6918 307.7348 302.5165 300.2236 306.3850 308.6977 305.6941 303.0297 307.8414 308.5997 306.4718 301.3983 306.1267 308.2425 307.2580  1703.57
