STN,prec_1,prec_2,prec_3,prec_4,prec_5,prec_6,prec_7,prec_8,prec_9,prec_10,prec_11,prec_12,prec_13,prec_14,prec_15,prec_16,st_1,st_2,st_3,st_4,st_5,st_6,st_7,st_8,st_9,st_10,st_11,st_12,st_13,st_14,st_15,st_16,02.0
LAT,26.51077,26.51077,26.51077,26.51077,29.30136,29.30136,29.30136,29.30136,32.09194,32.09194,32.09194,32.09194,34.88252,34.88252,34.88252,34.88252,26.51077,26.51077,26.51077,26.51077,29.30136,29.30136,29.30136,29.30136,32.09194,32.09194,32.09194,32.09194,34.88252,34.88252,34.88252,34.88252,30.7512899
LON,-104.0625,-101.2500,-98.43750,-95.62500,-104.0625,-101.2500,-98.43750,-95.62500,-104.0625,-101.2500,-98.43750,-95.62500,-104.0625,-101.2500,-98.43750,-95.62500,-104.0625,-101.2500,-98.43750,-95.62500,-104.0625,-101.2500,-98.43750,-95.62500,-104.0625,-101.2500,-98.43750,-95.62500,-104.0625,-101.2500,-98.43750,-95.62500,-98.6697599
1958 1.1467619E-08 2.7312122E-08 3.5038468E-08 1.2977313E-08 1.6597786E-08 2.6439988E-08 2.7913659E-08 3.3202461E-08 1.7979531E-08 2.9176782E-08 4.0115744E-08 4.6643883E-08 2.4322249E-08 3.7584574E-08 4.8713055E-08 5.2552810E-08  290.4450 293.4839 298.5468 295.6844 290.8440 294.5408 296.7843 295.8446 290.4817 293.1536 292.5942 291.3880 286.1944 288.7794 288.7805 288.6594  1679.86
1959 1.3444967E-08 2.5755288E-08 2.6321697E-08 1.1226973E-08 1.6078864E-08 2.0942970E-08 1.5517358E-08 2.1287605E-08 1.5604503E-08 2.2429852E-08 2.7266450E-08 3.1440504E-08 2.1219712E-08 3.2880344E-08 4.1358668E-08 4.2545036E-08  291.1224 293.7621 298.7820 295.6018 291.3560 295.1045 297.7686 296.8441 290.9925 293.9717 293.8676 292.3816 286.8444 289.6499 289.7931 289.3223  206.321
1960 1.1240060E-08 3.0328280E-08 3.7329428E-08 1.1947054E-08 1.4801294E-08 3.0026317E-08 2.1588347E-08 2.4110260E-08 1.5355868E-08 2.4124846E-08 3.4050746E-08 3.7619852E-08 1.9763103E-08 3.3459472E-08 4.2452971E-08 4.6611440E-08  291.4943 294.3411 299.1672 295.7167 291.7288 295.5767 298.4037 297.4595 291.3171 294.2679 294.2059 292.9159 287.1575 289.9775 290.2339 289.9604  499.621
1961 1.1439242E-08 2.7582956E-08 3.3261323E-08 1.3518511E-08 1.4497397E-08 2.4009886E-08 2.0613873E-08 2.4983033E-08 1.4366468E-08 2.2667553E-08 3.2907806E-08 3.9400668E-08 1.6175981E-08 2.7330719E-08 4.0345949E-08 4.3138300E-08  291.6374 294.4633 299.0854 295.8106 291.9233 295.8239 298.3627 297.2810 291.7749 294.7430 294.3525 292.7818 287.8228 290.3900 290.2070 289.6093  865.25
1962 1.3115035E-08 2.9368747E-08 3.7726881E-08 1.3615994E-08 1.9466867E-08 2.8028701E-08 2.5416863E-08 2.9150032E-08 1.7466228E-08 2.3261428E-08 3.1260928E-08 3.7676170E-08 1.5567442E-08 2.3686216E-08 3.4680607E-08 3.7790286E-08  291.3997 294.5201 299.5188 295.9437 291.3768 295.4902 298.5344 297.6555 291.0509 294.1736 294.2254 292.7855 287.3217 290.0988 290.0327 289.3419  157.75
1963 1.2954938E-08 2.7990883E-08 3.1663905E-08 1.1951775E-08 1.5180122E-08 2.5584036E-08 1.6906492E-08 1.6515182E-08 1.2006537E-08 2.0128798E-08 2.2670289E-08 2.6193078E-08 1.4963991E-08 2.3401165E-08 3.2271764E-08 3.5640028E-08  291.8604 294.5898 299.4559 295.9148 292.2248 296.0508 298.8767 297.9169 292.1148 295.1057 294.9519 293.3985 288.2025 290.8175 290.6950 290.0116  105.214
1964 1.1802026E-08 2.8648357E-08 3.3622008E-08 1.3313175E-08 1.7630411E-08 2.6024120E-08 2.0931214E-08 2.5386610E-08 1.7031974E-08 2.3553165E-08 2.8802402E-08 3.8824624E-08 2.0806574E-08 3.2037519E-08 3.9188393E-08 4.2233712E-08  290.9065 293.5961 298.5573 295.7076 291.1330 294.7942 297.5489 296.6565 290.9424 293.7193 293.4219 291.8988 287.0840 289.4922 289.4748 289.0112  161.517
1965 1.1290567E-08 2.6623042E-08 3.4514915E-08 1.1656935E-08 1.5099134E-08 2.6069557E-08 2.0655085E-08 2.5549040E-08 1.5150386E-08 2.3953787E-08 3.2705195E-08 4.1957161E-08 1.8426078E-08 3.0891691E-08 4.1890857E-08 4.5993549E-08  291.5797 294.6854 299.6287 295.7896 291.8415 296.0166 298.9297 298.0366 291.5557 294.8125 294.7882 293.4506 287.5877 290.4861 290.7274 290.3679  786.786
1966 1.1443912E-08 3.2854874E-08 3.8008704E-08 1.6460188E-08 2.0460780E-08 3.2336835E-08 2.7027482E-08 2.9185655E-08 2.1425206E-08 2.9634803E-08 3.7085545E-08 3.9404672E-08 2.5975279E-08 3.6941714E-08 4.3657661E-08 4.5091365E-08  290.3459 292.9820 297.9428 295.5139 290.2882 293.8872 296.5040 295.6751 289.6719 292.5321 292.3032 291.1152 285.6368 288.5366 288.7293 288.5095  111.893
1967 1.3472117E-08 2.9343678E-08 3.7238806E-08 1.3633471E-08 1.6700977E-08 2.8120176E-08 2.4295643E-08 2.4896499E-08 1.4436529E-08 2.1929488E-08 3.3209464E-08 3.8233139E-08 1.8152935E-08 3.0213563E-08 4.1926402E-08 4.7773753E-08  291.3195 294.2621 298.9994 295.7515 291.5540 295.4478 298.1360 297.0887 291.4285 294.4613 294.2660 292.7310 287.4453 290.3042 290.2299 289.6830  103.393
1968 1.6009174E-08 3.1805495E-08 3.3014206E-08 1.2286438E-08 2.1408901E-08 2.9510348E-08 2.2252914E-08 2.4639428E-08 2.0209471E-08 2.6830515E-08 3.2112478E-08 3.7488228E-08 2.3124686E-08 3.3616057E-08 4.3190127E-08 4.6092165E-08  290.5538 293.4047 298.5865 295.9747 290.9198 294.9243 297.9149 297.1209 290.9085 293.9366 293.9082 292.5216 286.8106 289.7228 289.8444 289.3857  500.034
1969 1.4369688E-08 3.0060122E-08 3.4673384E-08 1.3750097E-08 2.1257041E-08 3.1643481E-08 2.6436728E-08 3.2303010E-08 2.0490935E-08 3.1552045E-08 3.8331056E-08 4.6861246E-08 2.4535295E-08 4.0332495E-08 4.7874249E-08 5.0463072E-08  290.2156 293.0551 298.2330 295.9719 290.5829 294.2541 296.9768 296.4341 290.4862 293.1155 293.0912 292.0844 286.6032 289.3123 289.6263 289.4702  135.107
1970 1.5698820E-08 3.2950421E-08 3.6175056E-08 1.3431364E-08 2.1700828E-08 3.0498835E-08 2.3096039E-08 2.5212762E-08 2.0693287E-08 2.9278606E-08 3.3427675E-08 3.8307597E-08 2.4544621E-08 3.7685108E-08 4.2709857E-08 4.4455149E-08  290.5436 293.3899 298.4852 295.6708 290.9886 294.9226 297.7276 296.9505 291.1144 293.9548 293.8667 292.5384 287.3298 289.9473 290.0502 289.7658  534.143
1971 1.7325648E-08 3.4546257E-08 3.3887837E-08 1.3444965E-08 2.0489564E-08 3.0629401E-08 2.0056756E-08 2.2405622E-08 1.6430377E-08 2.5279761E-08 2.8773645E-08 3.4159768E-08 1.7917317E-08 2.6932517E-08 3.4210288E-08 3.8178339E-08  291.6255 294.5174 299.5027 296.1304 292.0707 296.0825 299.0517 298.3658 292.2463 295.3293 295.5472 294.2491 288.8021 291.5954 291.8478 291.2995  134.571
1972 1.5805986E-08 3.3700100E-08 4.4723972E-08 1.7076776E-08 1.9825736E-08 3.0601132E-08 2.6230323E-08 3.0686248E-08 1.7854017E-08 2.5448594E-08 3.4360138E-08 4.0344819E-08 2.1875191E-08 3.1329193E-08 4.2334364E-08 4.9043869E-08  290.2990 293.4098 298.6230 296.0708 290.6704 294.8647 297.8610 297.2358 290.8589 293.9722 293.9525 292.7397 287.1095 289.8594 289.9988 289.5912  254.31
1973 1.3393482E-08 3.2247300E-08 3.5407371E-08 1.4904343E-08 2.2702601E-08 3.2814256E-08 2.5875631E-08 2.9389915E-08 2.4097412E-08 3.0933304E-08 3.5287677E-08 4.1402384E-08 2.5386958E-08 3.6087911E-08 4.3222943E-08 4.7798398E-08  290.4218 293.0554 298.0487 295.7526 290.4309 294.1082 296.7706 295.9408 290.2329 292.8865 292.7718 291.5569 286.4327 289.0754 289.1271 288.8702  307.714
1974 1.6055253E-08 3.4555395E-08 2.9043477E-08 9.9098392E-09 1.4349416E-08 2.4363057E-08 1.2694716E-08 1.6803995E-08 9.1618002E-09 1.6170876E-08 1.7005204E-08 2.0165897E-08 8.3323970E-09 1.6788565E-08 2.3316318E-08 2.9050179E-08  292.2907 294.9404 300.0386 296.1317 293.1442 297.1632 300.1551 298.9782 293.4825 296.7957 297.1349 295.3653 289.9103 292.8825 292.9831 292.1611  185.357
1975 1.5430118E-08 3.5457393E-08 3.7965666E-08 1.5436981E-08 2.1193102E-08 3.4301873E-08 2.6832700E-08 2.8643640E-08 1.7990979E-08 2.6093691E-08 3.3300019E-08 3.8664872E-08 2.0544059E-08 2.6798901E-08 3.7319257E-08 3.8329233E-08  290.8580 293.9100 299.2193 296.1274 291.3292 295.4218 298.4791 297.5893 291.4757 294.6244 294.8445 293.5006 287.6551 290.6573 290.8450 290.4794  984.643
1976 1.7849498E-08 3.5590759E-08 2.7977752E-08 1.0409730E-08 1.9420554E-08 3.0210547E-08 1.5256203E-08 1.9670676E-08 1.5963050E-08 2.3676717E-08 2.3595355E-08 2.7321279E-08 1.5658836E-08 2.3750530E-08 3.2332448E-08 3.6919843E-08  291.6947 294.4843 299.8185 296.0900 292.3716 296.3055 299.6338 298.6965 292.5720 295.6014 295.9895 294.5078 288.9274 291.5350 291.5673 290.8150  204.31
1977 1.2527212E-08 3.1184541E-08 4.3498638E-08 1.5804446E-08 2.3079158E-08 3.4461390E-08 3.2696999E-08 3.9875673E-08 2.4366660E-08 3.0564436E-08 4.6095636E-08 5.5229577E-08 2.8801692E-08 3.8520152E-08 5.2391325E-08 5.8713102E-08  289.8767 293.1325 298.3977 295.6370 289.8164 293.9684 296.8528 296.1124 289.3517 292.4649 292.3750 291.3682 285.2292 288.0121 288.3329 288.2952  327.964
1978 1.7436305E-08 3.3741539E-08 4.2194792E-08 1.7065743E-08 2.1834515E-08 3.0671497E-08 2.6070410E-08 2.9507836E-08 2.0590903E-08 2.7426580E-08 3.6850121E-08 4.0543497E-08 2.5810971E-08 3.7390809E-08 4.5214197E-08 4.6708642E-08  289.6783 292.4823 297.8477 295.8134 290.0888 294.0952 297.1235 296.2145 290.2209 293.2767 293.1130 291.6695 286.3931 289.0945 289.1721 288.7881  187.75
1979 1.2513126E-08 2.9874002E-08 3.6945185E-08 1.3859991E-08 1.8315102E-08 3.1239761E-08 2.7720398E-08 2.8817311E-08 1.8445158E-08 2.7195020E-08 4.0834230E-08 4.7391289E-08 2.3994103E-08 3.5248490E-08 4.6807777E-08 5.1125472E-08  290.5686 293.3991 298.5326 295.8027 290.5266 294.4074 297.2027 296.4850 290.1043 293.0229 292.8265 291.5931 286.0309 288.8026 288.9627 288.6752  322.929
1980 1.3953160E-08 3.1870108E-08 3.2577468E-08 1.1830809E-08 1.7617591E-08 2.6402450E-08 1.9802066E-08 2.3022517E-08 1.5032404E-08 2.1051413E-08 2.5710237E-08 3.1344250E-08 1.9469041E-08 2.8590296E-08 3.6563392E-08 3.8198284E-08  290.9024 293.7044 298.6805 295.8874 291.2743 294.9314 297.6743 296.8808 291.0712 294.0082 293.6882 292.4373 287.0708 289.8483 289.8849 289.5492  137.966
1981 1.4434840E-08 3.3885904E-08 3.5439555E-08 1.1513531E-08 2.1041563E-08 2.9379226E-08 2.2016414E-08 2.4478545E-08 1.8525332E-08 2.7125525E-08 3.1656263E-08 3.8581966E-08 1.9743633E-08 2.9655071E-08 3.9982634E-08 4.3126221E-08  291.4230 293.9408 298.8412 295.7075 291.4729 295.2910 298.1342 297.2514 291.4525 294.3692 294.4055 292.9850 287.7086 290.4987 290.5585 289.9847  166.679
1982 1.1974332E-08 2.4855943E-08 3.6079527E-08 1.1598312E-08 1.4456170E-08 2.3994952E-08 2.0999844E-08 2.4093231E-08 1.5633407E-08 2.3939236E-08 3.4361975E-08 4.0917346E-08 2.0652637E-08 3.1000912E-08 4.3263675E-08 4.6236433E-08  291.0716 294.2882 299.3103 295.7731 291.3303 295.4501 298.3703 297.3999 290.9253 294.2311 294.0369 292.6760 286.6343 289.7380 289.7757 289.4587  223.357
1983 1.3870473E-08 3.4902257E-08 4.3692843E-08 2.0336937E-08 2.3155916E-08 3.5925915E-08 3.7185792E-08 4.0660435E-08 2.6445734E-08 4.0494267E-08 5.4701406E-08 5.8735580E-08 3.4194358E-08 5.2294943E-08 6.8206433E-08 6.5679572E-08  290.1020 293.1829 298.1935 295.6804 290.1281 293.8945 296.3649 295.6177 289.4996 292.2183 292.1374 291.1764 285.3805 288.1414 288.4717 288.4584  239.607
1984 1.6202302E-08 3.2713064E-08 3.7690061E-08 1.1346770E-08 2.1547001E-08 3.1926888E-08 2.3993509E-08 2.5066258E-08 1.8921407E-08 2.9123807E-08 3.6032773E-08 3.8816548E-08 2.0851678E-08 3.1698388E-08 4.5214904E-08 4.4476405E-08  291.1516 294.2984 299.3824 295.7235 291.5624 295.7830 298.7187 297.9945 291.6000 294.8497 294.8865 293.6909 287.9948 290.9497 291.1511 290.8287  95.0345
1985 1.6469579E-08 2.8953762E-08 2.9379098E-08 1.0970719E-08 1.5744197E-08 2.1831349E-08 1.5655784E-08 1.8683890E-08 1.1947570E-08 1.8018689E-08 2.3210445E-08 2.7696750E-08 1.3228811E-08 2.1105851E-08 3.3140982E-08 3.9058790E-08  291.7596 294.7898 299.8317 295.6966 292.5770 296.7008 299.6231 298.4128 292.6653 295.7931 295.8788 294.2245 288.6710 291.4791 291.3870 290.8125  422.75
1986 1.5502470E-08 3.2878908E-08 4.0841623E-08 1.3271569E-08 1.8517708E-08 3.0417219E-08 2.5828765E-08 2.6454563E-08 1.6621732E-08 2.5943759E-08 3.4700740E-08 4.1920622E-08 2.0592813E-08 2.9294167E-08 3.9273324E-08 4.3950461E-08  290.5070 293.5666 298.7110 295.8762 290.9690 295.1942 298.3409 297.4077 291.0916 294.3983 294.6093 293.1412 287.2141 290.3122 290.8044 290.4424  479.536
1987 1.5710414E-08 3.4502982E-08 3.8814168E-08 1.8310033E-08 2.3733220E-08 3.1354254E-08 2.9304621E-08 3.3826048E-08 2.3225207E-08 2.8961553E-08 3.8394642E-08 4.6358824E-08 2.8118299E-08 3.7777301E-08 4.8175579E-08 5.2103445E-08  289.6337 292.3923 297.5798 295.6973 289.8041 293.4793 296.3187 295.7628 289.4933 292.3814 292.4126 291.3676 285.5425 288.3508 288.7570 288.8834  504.214
1988 1.2477706E-08 2.7485477E-08 3.5441289E-08 1.1469886E-08 1.9179843E-08 2.8698372E-08 2.4294780E-08 2.5522128E-08 1.8268105E-08 2.7536059E-08 3.7095468E-08 4.0351157E-08 2.2278964E-08 3.3179457E-08 4.7775710E-08 5.1656833E-08  291.1540 294.2750 299.3655 295.4603 291.6028 295.7370 298.7738 297.5273 291.5629 294.5984 294.7159 293.2292 287.7429 290.4089 290.6009 290.2003  257.517
1989 1.5143163E-08 3.3548702E-08 3.5919701E-08 9.7716999E-09 1.5956328E-08 2.8117759E-08 1.5086117E-08 1.8547073E-08 1.2831804E-08 1.9856341E-08 2.1385857E-08 2.5567676E-08 1.3983187E-08 2.2780895E-08 2.9478182E-08 3.3505223E-08  292.1656 294.9848 300.2296 296.0418 292.7345 296.8428 300.1256 299.1106 292.8724 296.0340 296.4095 295.0020 289.2339 291.9713 292.1360 291.7044  338.857
1990 1.5679223E-08 3.1944111E-08 3.8666649E-08 1.5237370E-08 1.9617861E-08 2.9665896E-08 2.2676955E-08 2.5527156E-08 1.7697552E-08 2.7641482E-08 3.2156407E-08 3.3442223E-08 2.0782350E-08 3.3341717E-08 3.9919758E-08 3.9008846E-08  290.8226 293.8002 298.8415 295.9845 291.3148 295.3571 298.3900 297.5052 291.6060 294.7957 294.7451 293.2397 288.1019 291.0189 291.2027 290.5852  214.179
1991 1.5098585E-08 3.4545870E-08 4.3228564E-08 1.7260778E-08 2.1786455E-08 3.1099656E-08 2.6812652E-08 3.4640873E-08 2.0097701E-08 2.8985852E-08 4.2628709E-08 5.1350927E-08 2.7180054E-08 4.3407269E-08 5.5637027E-08 5.5934713E-08  289.8268 292.9221 298.1548 295.9388 290.1954 294.3869 297.3758 296.6564 290.4814 293.5572 293.4187 292.1320 286.5794 289.3792 289.4948 289.2992  188.929
1992 1.5050189E-08 3.5800401E-08 4.0522952E-08 1.4630470E-08 2.2390836E-08 3.4942847E-08 2.9097883E-08 3.0579788E-08 2.4958252E-08 3.4247275E-08 4.5500993E-08 4.7952561E-08 2.8478395E-08 4.3554206E-08 5.3428025E-08 5.5422166E-08  290.1013 292.9001 297.8857 295.5508 290.2206 293.8475 296.4296 295.7739 289.7002 292.3553 292.2265 291.3432 285.8156 288.4479 288.6886 288.6444  3753.69
1993 1.3930262E-08 3.2089169E-08 3.8778690E-08 1.2301872E-08 1.9815134E-08 3.0710794E-08 2.5809479E-08 2.8494402E-08 1.8927642E-08 2.7733483E-08 3.8875452E-08 4.0317783E-08 2.4604093E-08 3.5929400E-08 4.7001972E-08 4.5966758E-08  290.4630 293.0682 297.9673 295.9058 290.7257 294.3419 297.0649 296.2619 290.5164 293.3155 293.0996 291.8415 286.4230 289.1806 289.3480 289.1859  437.679
1994 1.3789180E-08 3.0449669E-08 3.6262019E-08 1.5009137E-08 1.8042565E-08 2.7275712E-08 2.4260022E-08 3.0303845E-08 1.5603968E-08 2.5826630E-08 3.3790762E-08 4.3941061E-08 2.2197691E-08 3.5470190E-08 4.5861306E-08 4.9493401E-08  290.5574 293.4628 298.4676 295.5936 290.8639 294.6762 297.4064 296.4544 290.6730 293.6547 293.3294 291.9184 286.7091 289.4731 289.5307 289.1951  193.071
1995 1.3663202E-08 3.3039413E-08 3.9011613E-08 1.3648320E-08 2.0621993E-08 3.1565264E-08 2.9412563E-08 3.3818296E-08 1.9687386E-08 2.6953018E-08 3.9656850E-08 4.6154366E-08 2.2900252E-08 3.3289847E-08 4.4593104E-08 4.8194885E-08  290.2518 292.6306 297.8337 295.8243 290.6201 293.9855 296.5664 295.7344 290.4071 293.0996 292.6811 291.4762 286.4691 289.0805 289.1188 288.9757  189.071
1996 1.2163315E-08 2.9003839E-08 3.2334388E-08 1.2470775E-08 1.5456923E-08 2.4317256E-08 2.0298556E-08 2.1721153E-08 1.3774004E-08 2.2379615E-08 3.0545724E-08 3.7288366E-08 1.7091338E-08 2.7141029E-08 3.7210885E-08 4.2835250E-08  291.6553 294.4542 299.2271 295.8275 291.7557 295.5364 298.2750 297.4539 291.5190 294.5388 294.2771 292.8718 287.7602 290.6095 290.5517 289.9206  107.414
1997 1.5940223E-08 3.3645957E-08 3.9933255E-08 1.5203137E-08 2.1861954E-08 3.3792407E-08 2.3520506E-08 2.8539997E-08 1.8805036E-08 2.6930389E-08 3.0222157E-08 3.6317534E-08 2.2692474E-08 3.3874347E-08 4.0196426E-08 4.0882302E-08  290.7783 293.5367 298.5870 296.0205 291.2890 295.1396 298.2437 297.2058 291.3281 294.3225 294.4389 292.8979 287.4778 290.2322 290.4295 289.8985  2349.25
1998 1.2133406E-08 3.2026513E-08 3.9287755E-08 1.6610443E-08 2.3149683E-08 3.4455240E-08 2.7354730E-08 3.1780502E-08 2.3086056E-08 3.2762586E-08 3.9844682E-08 4.7559670E-08 2.5115526E-08 3.8404142E-08 4.9382322E-08 5.0967202E-08  290.7806 293.6263 298.5773 295.4555 290.6985 294.2749 296.8657 295.8034 289.9754 292.7334 292.3831 291.1118 285.9523 288.6135 288.6587 288.3719  316.25
1999 1.3369823E-08 2.7342173E-08 2.7050699E-08 1.0385055E-08 1.5683177E-08 2.4563686E-08 1.6720019E-08 2.0332562E-08 1.3412151E-08 2.0661702E-08 2.6710223E-08 3.2766327E-08 1.3537957E-08 2.0855541E-08 3.0138871E-08 3.5704268E-08  292.6854 296.0707 301.1893 295.7047 293.3595 297.6818 300.7094 299.2849 293.5217 296.9267 297.2745 295.6003 289.7145 292.7852 293.2068 292.4728  190.607
2000 1.5939801E-08 3.6970054E-08 3.3453848E-08 1.0104254E-08 1.8156237E-08 3.1681733E-08 1.7391812E-08 2.0288756E-08 1.3785194E-08 2.2827619E-08 2.6269836E-08 2.8981374E-08 1.3791523E-08 1.9773942E-08 3.0655713E-08 3.5188837E-08  292.5155 295.4193 300.5303 296.1651 293.2223 297.2891 300.5176 299.5528 293.5969 296.7590 297.2224 295.7271 290.1101 293.1176 293.2567 292.6097  132.138
2001 1.5474479E-08 3.2058360E-08 4.3541270E-08 1.3751841E-08 1.9940693E-08 2.8993185E-08 2.5080540E-08 2.9237187E-08 1.6370610E-08 2.3983684E-08 3.5055745E-08 4.2045510E-08 1.7042835E-08 2.7272778E-08 3.8895081E-08 4.5845198E-08  291.4899 294.5931 299.8201 296.2373 291.9637 296.1874 299.2485 298.2650 292.0924 295.3169 295.2649 293.8846 288.3502 291.2992 291.3226 290.8502  634.464
2002 1.2696801E-08 2.6527813E-08 2.9365863E-08 9.8756354E-09 1.4589767E-08 1.8473788E-08 1.5620140E-08 1.8950720E-08 1.1792401E-08 1.6233129E-08 2.2502483E-08 2.9458672E-08 1.5061174E-08 2.2340819E-08 3.2926881E-08 3.9513214E-08  291.0495 293.9348 299.2071 296.0289 291.6481 295.8466 298.9620 297.6508 291.7292 295.1137 295.0923 293.2216 287.8395 290.9332 291.0645 290.2422  278.071
2003 1.7187663E-08 4.1238707E-08 4.0235047E-08 1.5640735E-08 2.8309623E-08 3.5699884E-08 2.9943727E-08 3.1170547E-08 2.3392390E-08 2.8403083E-08 3.6399673E-08 4.0939099E-08 2.5187193E-08 3.3843524E-08 4.0722924E-08 4.0437747E-08  290.1487 292.6722 297.6874 295.1938 290.0473 293.7425 296.5430 296.0009 290.1761 293.0244 292.9382 291.8481 286.6460 289.4904 289.7430 289.5543  223.893
2004 1.2556184E-08 2.9542013E-08 3.5312741E-08 1.3979098E-08 1.8158609E-08 2.8549858E-08 2.3744182E-08 2.6838995E-08 1.8075319E-08 2.7374117E-08 3.6667892E-08 4.3537344E-08 2.0891580E-08 3.0838017E-08 4.2211880E-08 4.5846569E-08  291.1965 294.1476 298.9932 295.5215 291.3616 295.3462 298.1348 297.1971 291.2284 294.4140 294.2942 292.9507 287.5066 290.5149 290.6355 290.2361  147.034
2005 1.4468839E-08 3.0025976E-08 3.6937731E-08 1.3802763E-08 1.9518808E-08 3.0153416E-08 2.5733840E-08 2.8251701E-08 1.7963256E-08 2.7265980E-08 3.8080803E-08 4.4420265E-08 2.2454991E-08 3.4384893E-08 4.6126839E-08 4.9563397E-08  290.1626 292.9226 298.0468 295.9810 290.5893 294.2060 296.8677 296.1725 290.4660 293.1277 292.8373 291.5790 286.5287 289.1606 289.1793 288.8391  447.107
2006 1.2841958E-08 2.8651810E-08 3.8223650E-08 1.4818588E-08 1.8700772E-08 3.2035043E-08 2.6667314E-08 2.9297281E-08 1.9791143E-08 3.1078557E-08 4.1117026E-08 4.5084569E-08 2.1871291E-08 3.6504449E-08 4.6335163E-08 4.7630081E-08  291.2818 294.3230 299.1891 295.9247 291.3092 295.3509 298.1991 297.3840 291.0442 294.1214 294.1411 292.9269 287.2480 290.2170 290.5393 290.1805  129
2007 1.2152937E-08 3.3824861E-08 4.3149175E-08 1.3193928E-08 2.2207567E-08 3.6814928E-08 3.0218292E-08 3.0749487E-08 2.2279981E-08 3.2179216E-08 4.3595819E-08 4.7232440E-08 2.4340213E-08 3.4897717E-08 4.5691703E-08 4.9845148E-08  290.5743 293.4666 298.4097 295.7702 290.5844 294.4488 297.2270 296.6569 290.4707 293.3473 293.2547 292.2997 286.8889 289.7610 289.9534 289.7414  103.679
2008 1.3535903E-08 3.3605183E-08 3.4813986E-08 1.0798995E-08 1.6327384E-08 2.9307488E-08 1.9070669E-08 2.0562945E-08 1.4442409E-08 2.5731158E-08 2.7700713E-08 3.5030684E-08 1.4775054E-08 2.6672854E-08 3.5918109E-08 4.3655998E-08  292.3300 295.2294 300.2253 296.0393 292.8823 296.8817 299.9057 298.9559 292.8538 295.7531 295.9351 294.6321 289.0522 291.4768 291.4859 290.9661  197.793
2009 9.8408357E-09 2.7036950E-08 3.3193757E-08 1.0929079E-08 1.3756440E-08 2.6246394E-08 1.8824702E-08 2.2374536E-08 1.2675151E-08 2.1869905E-08 3.0189458E-08 3.5781696E-08 1.7111157E-08 2.9287719E-08 3.9769045E-08 4.4985189E-08  292.5453 295.4968 300.2822 296.2050 292.7724 296.8008 299.6452 298.6338 292.6112 295.5814 295.3899 294.0567 288.5710 291.1539 291.0179 290.6650  100.607
2010 1.4518256E-08 3.2690394E-08 3.8245400E-08 1.5564185E-08 2.1692186E-08 3.1928963E-08 2.7596140E-08 2.9521411E-08 2.0229793E-08 2.6107895E-08 3.3594716E-08 3.9299763E-08 2.5265615E-08 3.5224090E-08 4.2196088E-08 4.1243144E-08  0.0000000E+00 0.0000000E+00 0.0000000E+00 0.0000000E+00 0.0000000E+00 0.0000000E+00 0.0000000E+00 0.0000000E+00 0.0000000E+00 0.0000000E+00 0.0000000E+00 0.0000000E+00 0.0000000E+00 0.0000000E+00 0.0000000E+00 0.0000000E+00  1082.57
2011 1.1328370E-08 2.6654767E-08 2.1411696E-08 7.8401721E-09 1.2270391E-08 1.9382927E-08 1.0574526E-08 1.2355795E-08 9.5784491E-09 1.5650585E-08 1.8433250E-08 2.1229875E-08 9.2032506E-09 1.7699085E-08 2.7662558E-08 3.1238223E-08  293.4437 296.2808 301.2003 296.1225 294.1089 298.0114 300.8604 299.4265 294.0356 297.0496 297.1794 295.2501 290.2242 292.8026 292.6236 291.6786  114
2012 1.2892451E-08 2.9722516E-08 4.1140680E-08 1.3676199E-08 1.5987631E-08 2.7370552E-08 2.4543491E-08 2.5034790E-08 1.4153972E-08 2.1952173E-08 2.9332693E-08 3.7924615E-08 1.7425300E-08 2.5547340E-08 3.3667785E-08 3.8730526E-08  291.9316 295.1252 300.0485 296.2570 292.2874 296.6010 299.5316 298.4840 292.3455 295.4987 295.5464 293.9934 288.6167 291.4626 291.4149 290.8472  293.207
2013 1.4735860E-08 3.4088192E-08 4.4119343E-08 1.4326677E-08 1.8161073E-08 2.9993863E-08 2.2335245E-08 2.6870662E-08 1.4399451E-08 2.4389745E-08 3.0547859E-08 3.6498086E-08 1.6052789E-08 2.8178993E-08 3.7928867E-08 4.1898822E-08  291.1881 294.1135 299.1127 296.1027 291.5649 295.5954 298.7393 297.8106 291.8233 294.7571 294.7162 293.3602 288.1169 290.6928 290.7474 290.2074  65.4643
2014 1.5673136E-08 3.3924263E-08 3.3003744E-08 1.2111228E-08 1.9677342E-08 2.6564459E-08 1.9551774E-08 2.2547432E-08 1.7337520E-08 2.3118714E-08 2.8610714E-08 3.4951281E-08 1.8264920E-08 2.5690735E-08 3.6383167E-08 4.1878224E-08  290.9799 293.5288 298.6460 296.0458 291.2105 294.9328 297.8478 297.0917 291.3670 294.1546 294.0070 292.6740 287.7644 290.4136 290.3207 289.8587  80.5714
2015 1.6334226E-08 3.4128924E-08 4.1290978E-08 1.5680726E-08 2.4504963E-08 3.5876177E-08 3.0112428E-08 3.2658491E-08 2.6975151E-08 3.6671246E-08 4.3639158E-08 4.5539430E-08 3.1143220E-08 4.2834273E-08 4.9562669E-08 4.6890626E-08  289.4488 292.4509 297.8064 295.3377 289.5569 293.6841 296.6543 296.1802 289.4915 292.4994 292.8101 291.8553 285.6880 288.7246 289.3193 289.3362  75.25
