STN,prec_1,prec_2,prec_3,prec_4,prec_5,prec_6,prec_7,prec_8,prec_9,prec_10,prec_11,prec_12,prec_13,prec_14,prec_15,prec_16,st_1,st_2,st_3,st_4,st_5,st_6,st_7,st_8,st_9,st_10,st_11,st_12,st_13,st_14,st_15,st_16,03.0
LAT,26.51077,26.51077,26.51077,26.51077,29.30136,29.30136,29.30136,29.30136,32.09194,32.09194,32.09194,32.09194,34.88252,34.88252,34.88252,34.88252,26.51077,26.51077,26.51077,26.51077,29.30136,29.30136,29.30136,29.30136,32.09194,32.09194,32.09194,32.09194,34.88252,34.88252,34.88252,34.88252,30.7512899
LON,-104.0625,-101.2500,-98.43750,-95.62500,-104.0625,-101.2500,-98.43750,-95.62500,-104.0625,-101.2500,-98.43750,-95.62500,-104.0625,-101.2500,-98.43750,-95.62500,-104.0625,-101.2500,-98.43750,-95.62500,-104.0625,-101.2500,-98.43750,-95.62500,-104.0625,-101.2500,-98.43750,-95.62500,-104.0625,-101.2500,-98.43750,-95.62500,-98.6697599
1958 4.9868831E-08 1.9595630E-08 5.4052856E-09 9.6676196E-09 3.3907959E-08 8.7006580E-09 2.5536975E-09 2.9601258E-08 2.0286183E-08 8.6576515E-09 7.7667384E-09 3.2462868E-08 1.9604617E-08 1.7515340E-08 1.8075243E-08 2.5934849E-08  296.8532 300.5022 305.8875 300.9353 299.7668 304.0921 306.8474 304.3340 302.1454 305.0139 304.5230 302.1024 300.3758 302.6053 302.7129 301.3044  850.742
1959 5.1091941E-08 1.8961325E-08 6.4940489E-09 9.1018357E-09 3.2395121E-08 7.5977962E-09 2.1012521E-09 2.9051371E-08 2.1364018E-08 7.2053505E-09 6.3083103E-09 3.0646554E-08 2.1609134E-08 1.7180080E-08 1.7790352E-08 2.7180864E-08  296.4417 300.7614 306.4781 300.8431 300.0535 304.9003 307.8967 305.1405 302.2971 305.9433 306.3526 303.4208 300.5756 303.2954 303.8827 302.1316  147.065
1960 5.3619512E-08 2.0989207E-08 6.0157843E-09 1.1227060E-08 3.1774825E-08 8.0131022E-09 2.5979210E-09 2.5835636E-08 1.8390883E-08 5.5986007E-09 7.1528983E-09 2.8501928E-08 1.7950860E-08 1.3413660E-08 1.7170750E-08 2.5759517E-08  296.1614 300.6360 306.7387 300.9190 299.8694 305.0616 308.2221 306.0181 302.7190 306.5894 307.4767 304.8797 301.4809 304.5362 305.3573 303.5380  253.065
1961 5.3116420E-08 1.9954250E-08 7.0059709E-09 1.2208302E-08 3.3210444E-08 8.0697298E-09 2.4745297E-09 2.7183891E-08 1.9209780E-08 8.0017486E-09 6.6447532E-09 2.9906833E-08 2.0455488E-08 1.6958788E-08 1.7873131E-08 2.4521976E-08  296.4116 300.5396 306.6048 300.9186 299.8534 304.9929 308.0282 305.6745 302.6624 306.2944 307.2982 304.6570 300.9554 304.0626 304.9942 303.4590  388.774
1962 5.2183729E-08 1.7923536E-08 5.2727285E-09 1.1435623E-08 3.5682664E-08 7.2903603E-09 1.5631221E-09 2.4338044E-08 2.1886688E-08 7.0580430E-09 5.2938849E-09 2.0940206E-08 2.1463034E-08 1.4085718E-08 1.2860238E-08 1.9960575E-08  296.1568 300.7497 306.8778 300.9810 299.5258 305.2276 308.2532 305.8776 302.3366 306.5123 307.6100 305.1619 300.9376 304.3061 305.5671 303.8511  143.226
1963 5.5193681E-08 1.6666238E-08 5.6006311E-09 1.2277932E-08 3.4590922E-08 8.1245917E-09 3.0767391E-09 2.4646054E-08 1.9245684E-08 6.3796084E-09 5.7037850E-09 2.3210131E-08 2.0158078E-08 1.3741235E-08 1.4592009E-08 2.2789644E-08  296.0723 300.6525 306.5579 300.9444 299.6466 304.9695 308.0203 305.7903 302.7134 306.5029 307.3358 304.8637 301.1998 304.5201 305.5378 303.8860  99.6452
1964 4.6488601E-08 1.3787457E-08 3.5034013E-09 8.9784029E-09 3.0848646E-08 5.6984533E-09 3.1889573E-09 2.6614947E-08 1.6891411E-08 5.4196669E-09 5.3978924E-09 2.3285756E-08 1.8875074E-08 1.2296290E-08 1.3216882E-08 2.0538595E-08  297.2009 301.1421 306.6709 300.9281 300.2596 305.0810 307.9400 305.5726 302.9604 306.2925 306.8881 304.1045 301.5384 304.2124 304.8217 302.9568  180.258
1965 5.2557866E-08 2.0795298E-08 7.4097444E-09 1.4119423E-08 3.5668297E-08 8.7027443E-09 4.6119095E-09 3.1204827E-08 2.3105859E-08 7.7806055E-09 8.9575307E-09 3.2572100E-08 2.4731236E-08 1.8655740E-08 2.1301490E-08 2.8342539E-08  295.7948 300.2297 305.9402 300.7963 299.1013 304.4009 307.5040 305.0329 301.6606 305.4987 306.1103 303.3216 299.9445 302.8660 303.3172 301.7274  227.097
1966 5.3894290E-08 2.0714696E-08 6.1755814E-09 9.7038271E-09 3.3233096E-08 8.5838199E-09 2.3582674E-09 2.6111167E-08 2.0108216E-08 6.3114936E-09 6.2823449E-09 2.4136581E-08 2.0066672E-08 1.5062305E-08 1.4904458E-08 2.3084441E-08  295.9374 300.1368 305.6313 300.8513 299.3022 303.9789 306.8510 304.4143 301.9045 305.2217 305.0812 302.6674 300.3456 303.0764 303.6622 301.9949  95.6774
1967 4.8526154E-08 1.6797394E-08 6.4627224E-09 1.0397937E-08 2.9765470E-08 6.3240755E-09 1.7911804E-09 2.5401848E-08 1.8255239E-08 5.3364668E-09 5.2296638E-09 2.5278810E-08 1.9867407E-08 1.4801730E-08 1.4647344E-08 2.3909758E-08  296.3326 300.6082 306.3599 300.8673 299.7941 304.8542 307.8732 305.4669 302.5060 306.2488 307.1751 304.5862 301.2523 304.2542 305.3377 303.4042  94.3871
1968 4.7156494E-08 1.3732496E-08 5.8248220E-09 1.3714025E-08 3.5787906E-08 6.1204481E-09 2.5568583E-09 2.9181336E-08 2.4335041E-08 6.7691750E-09 8.0753777E-09 2.9521821E-08 2.4389758E-08 1.6714635E-08 2.0371171E-08 2.9255538E-08  295.8433 300.3348 305.8911 301.0100 298.9645 304.4248 307.4782 304.8848 301.5755 305.5018 306.0716 303.2164 300.1092 303.0530 303.5711 301.9833  1024.87
1969 3.8466094E-08 1.6023863E-08 6.6388828E-09 1.0744405E-08 3.0707003E-08 7.6184001E-09 3.0693368E-09 2.3772611E-08 2.1273980E-08 7.4710380E-09 7.0572566E-09 2.3238689E-08 2.0167496E-08 1.4873218E-08 1.5396358E-08 2.2212056E-08  297.3135 300.7214 305.9707 301.1866 299.8972 304.3563 307.5217 305.6562 302.0004 305.3603 305.7971 303.7102 300.2318 302.8788 303.2370 301.9608  116.645
1970 4.3682384E-08 1.6937735E-08 5.0617119E-09 9.3085060E-09 2.7257281E-08 7.3065500E-09 1.9930502E-09 2.5282707E-08 1.5983794E-08 6.2649264E-09 5.3280238E-09 2.5167330E-08 1.9767292E-08 1.5626460E-08 1.3844280E-08 2.1050699E-08  296.8102 300.6827 306.0962 300.8172 300.1915 304.7464 307.5705 305.1373 302.7107 306.0646 306.5734 303.8864 301.0756 303.8915 304.6721 303.0040  1539.26
1971 5.3910707E-08 2.0011907E-08 6.1281269E-09 1.2756391E-08 3.4409773E-08 7.2499620E-09 2.9388463E-09 3.0526518E-08 2.0569871E-08 5.7768159E-09 5.0109441E-09 2.3781183E-08 2.0203641E-08 1.5605835E-08 1.3613468E-08 1.9590898E-08  295.9205 300.4228 306.5216 301.0182 299.3626 304.8938 307.7970 305.2224 302.4322 306.4615 307.3485 304.8955 301.1104 304.3795 305.6180 304.2182  134.097
1972 4.9085806E-08 1.6250018E-08 5.8415788E-09 1.1014443E-08 3.3440500E-08 8.7251966E-09 3.2362077E-09 2.7584756E-08 2.2913532E-08 8.9906402E-09 7.0481936E-09 2.8833670E-08 2.2420126E-08 1.7797804E-08 1.7174298E-08 2.8336514E-08  296.0616 300.2657 305.9541 300.8604 299.2783 304.3349 307.3206 304.8411 301.7936 305.3336 305.8263 303.1484 300.1090 302.9123 303.6088 302.1527  162.677
1973 4.5679752E-08 1.8419239E-08 5.7998770E-09 1.0172461E-08 3.0566053E-08 8.3216323E-09 3.2812282E-09 3.0699248E-08 1.9073825E-08 6.3780679E-09 6.9378845E-09 3.2360401E-08 2.0589249E-08 1.5829430E-08 1.5409176E-08 2.6158077E-08  296.6053 300.5151 305.7437 300.9132 299.6671 304.2041 306.8018 304.2447 302.0698 305.1748 304.6653 301.9235 300.4260 302.7210 302.7704 301.0936  245.065
1974 5.5582046E-08 2.0261920E-08 6.9197488E-09 1.3329309E-08 3.4825295E-08 1.0463523E-08 4.4167066E-09 2.7043752E-08 1.9677332E-08 5.5155325E-09 5.5935376E-09 2.4962247E-08 1.8260410E-08 1.0820964E-08 1.2102137E-08 2.0528843E-08  295.0127 299.9377 306.3510 300.9518 298.8105 304.4648 307.5738 305.1372 302.2245 306.3424 307.1407 304.5703 301.0083 304.6951 305.8429 304.2155  146.355
1975 4.5462656E-08 1.7203140E-08 5.9750183E-09 1.2992071E-08 2.9429435E-08 6.3476988E-09 3.3685883E-09 2.1650351E-08 1.9563167E-08 6.3316992E-09 7.5259567E-09 2.2969820E-08 1.9648114E-08 1.5398770E-08 1.6478769E-08 2.3296097E-08  296.3228 300.6539 306.2786 301.0086 299.7058 304.8674 307.7532 305.5450 302.4722 306.1337 306.7027 304.5311 300.9404 303.9723 304.8321 303.5480  344.968
1976 5.1279624E-08 1.8069052E-08 6.2355467E-09 1.5063186E-08 2.9995139E-08 7.6689766E-09 3.8191486E-09 2.7465685E-08 1.8938804E-08 6.8784280E-09 5.4643925E-09 2.4963844E-08 1.9747223E-08 1.5981637E-08 1.5010912E-08 2.1138462E-08  295.6527 300.1264 306.3168 300.9301 299.3663 304.5923 307.5539 305.2076 302.3273 306.1296 307.0772 304.6677 300.8028 304.0407 305.3454 303.9444  193.258
1977 5.1224884E-08 1.7135029E-08 4.0666381E-09 9.2189500E-09 3.4251386E-08 6.9344877E-09 3.2665710E-09 2.7747738E-08 2.0194911E-08 6.6229817E-09 7.8004048E-09 2.9601622E-08 2.0312610E-08 1.6795422E-08 1.5889144E-08 2.5834513E-08  296.2463 300.3711 305.7385 300.7480 299.4261 304.2125 307.0000 304.6154 301.8764 305.1558 304.8088 302.3880 300.2525 302.6651 302.9676 301.4728  333.387
1978 4.6971227E-08 1.8700565E-08 8.2242408E-09 1.3041944E-08 3.0285253E-08 5.9246075E-09 2.9249423E-09 3.5034667E-08 1.9564522E-08 5.1214557E-09 3.8238022E-09 2.7265397E-08 1.9377879E-08 1.3689186E-08 1.3166197E-08 2.1306240E-08  296.2090 300.2695 306.1124 300.9156 299.6902 304.6020 307.5578 304.8142 302.4173 305.9491 306.3971 303.4166 301.0694 303.7913 304.4493 302.5563  166.258
1979 5.1031900E-08 1.9127228E-08 7.9388895E-09 1.1355114E-08 3.2119594E-08 7.6270705E-09 3.4077614E-09 2.9654924E-08 1.9225324E-08 6.8616037E-09 7.4681745E-09 3.1646557E-08 2.0024476E-08 1.6069995E-08 1.7112946E-08 2.5763946E-08  296.1400 300.3584 306.0416 300.9429 299.4827 304.4875 307.5710 305.0943 302.2329 305.6922 306.0859 303.0672 300.7336 303.4809 303.8809 302.0915  271.839
1980 4.7630277E-08 2.1334625E-08 7.7501774E-09 1.0341938E-08 2.8694521E-08 7.7624103E-09 2.9763909E-09 3.1338541E-08 1.6994131E-08 6.2876993E-09 7.3820559E-09 2.6768605E-08 1.7009938E-08 1.2839701E-08 1.4101772E-08 2.2216589E-08  296.8093 300.5635 306.1414 300.9490 300.1479 304.6589 307.5515 305.0752 302.7187 305.9519 306.2163 303.6501 301.3495 303.8716 304.4487 302.8769  112.194
1981 4.6869957E-08 1.7603154E-08 6.4352599E-09 9.6147534E-09 2.8311423E-08 6.9688224E-09 2.5162190E-09 2.4255687E-08 1.5690311E-08 5.0479989E-09 4.5533528E-09 2.2782219E-08 1.6949128E-08 1.1230894E-08 1.1327439E-08 1.9494506E-08  296.5202 300.6173 306.4015 300.8883 300.1606 305.0157 307.8469 305.6971 303.0807 306.5744 307.2264 304.6401 301.7598 304.6198 305.4131 303.6132  400.71
1982 4.4511953E-08 1.6237207E-08 6.6984138E-09 1.2382828E-08 2.7193467E-08 5.8663105E-09 1.7957161E-09 2.3612227E-08 1.5484911E-08 4.2800234E-09 3.1188288E-09 2.2758496E-08 1.6516823E-08 1.3068862E-08 1.1469616E-08 2.0325233E-08  296.7887 300.7038 306.2250 300.9333 300.4401 304.8724 307.7235 305.5395 303.1743 306.4332 307.0707 304.5801 301.8795 304.4875 305.2137 303.3695  208.516
1983 4.0770587E-08 2.1934499E-08 7.7836058E-09 1.1684595E-08 3.1183834E-08 9.4140304E-09 2.7249507E-09 3.1925119E-08 2.0103533E-08 8.5569116E-09 7.5540125E-09 3.2042188E-08 2.0053907E-08 1.9028024E-08 1.8401421E-08 2.8712098E-08  296.8965 300.1559 305.4233 300.8336 299.2677 303.5426 306.4758 304.0695 301.3938 304.3386 303.8031 301.7508 299.5306 301.8638 301.9471 300.5419  286.774
1984 6.1492088E-08 2.5915346E-08 6.4214141E-09 1.1110085E-08 3.8756003E-08 1.1328985E-08 2.5492966E-09 2.7915663E-08 2.3358586E-08 9.4493862E-09 6.7387065E-09 2.9155471E-08 2.3256236E-08 1.8360364E-08 1.7927155E-08 2.5834570E-08  295.1908 299.9537 306.4744 300.7009 298.8526 304.1845 307.7740 305.3585 301.7424 305.5938 306.6707 304.3323 300.3876 303.5442 304.6571 303.4312  73.6129
1985 5.6636029E-08 1.6923050E-08 4.9194737E-09 1.3503835E-08 3.1226111E-08 5.2105524E-09 2.3573627E-09 2.5610211E-08 1.8939872E-08 5.3913052E-09 6.0758172E-09 2.3918910E-08 1.9949793E-08 1.3564608E-08 1.5018406E-08 2.3987340E-08  295.4956 300.2691 306.3665 300.7966 299.4476 304.8947 307.7479 305.2560 302.6122 306.5183 307.1607 304.5013 301.4426 304.8051 305.9940 304.2702  438.581
1986 5.7495527E-08 1.9429400E-08 4.9054414E-09 1.0849801E-08 3.6976488E-08 8.0727451E-09 2.1627189E-09 2.5108095E-08 1.9961327E-08 5.9754472E-09 5.2237481E-09 2.7036263E-08 2.1420394E-08 1.3368259E-08 1.2618516E-08 2.1458948E-08  295.3988 299.9206 305.9117 300.9530 298.9153 304.2784 307.5333 304.8388 301.8953 305.8885 306.5652 303.5233 300.6046 304.0204 305.0138 303.0867  144.194
1987 4.1870255E-08 1.7377827E-08 4.9383511E-09 9.3128394E-09 3.0411289E-08 1.0479190E-08 2.6817875E-09 2.1328809E-08 2.0885526E-08 8.2025933E-09 6.4482819E-09 2.3733946E-08 2.0288979E-08 1.6260032E-08 1.7444981E-08 2.5815087E-08  297.0588 300.4111 305.3468 300.9416 299.6765 303.7188 306.5130 304.4798 301.5076 304.6171 304.1034 302.1914 299.5896 302.0582 302.3637 300.9943  511
1988 5.2758619E-08 2.2833268E-08 6.9172006E-09 1.0774382E-08 3.3818914E-08 9.8975539E-09 3.3280261E-09 2.3089671E-08 2.1407164E-08 7.3587381E-09 6.5358159E-09 2.5768584E-08 2.1701437E-08 1.8151169E-08 1.8265586E-08 2.7844631E-08  295.5968 299.8621 305.7809 300.7699 298.9615 304.2321 307.3972 305.1544 301.7456 305.4316 306.2816 303.9195 300.2628 303.2229 304.0139 302.5801  225.774
1989 5.6583854E-08 1.9885537E-08 5.4955165E-09 1.4637987E-08 3.3527719E-08 7.9371301E-09 2.0578379E-09 2.3715785E-08 2.1158618E-08 7.3431377E-09 5.7489555E-09 2.3780004E-08 2.4995677E-08 1.8110351E-08 2.0865954E-08 2.6965878E-08  295.0590 299.9009 306.3720 300.8664 298.9928 304.6986 307.7404 305.3345 302.2401 306.3829 307.2910 304.9159 300.8049 304.5668 305.8078 304.4522  241.161
1990 4.3154181E-08 1.5351734E-08 5.5789275E-09 1.0367813E-08 2.8326864E-08 5.0816258E-09 1.5064078E-09 2.4952257E-08 1.7910237E-08 5.6687415E-09 4.4763389E-09 2.5682780E-08 1.8689558E-08 1.4596258E-08 1.6077896E-08 2.8017043E-08  296.9239 300.7444 306.0667 301.1172 300.1726 304.9046 307.8804 305.3208 302.7699 306.1781 306.7296 303.6938 301.5124 304.0386 304.4069 302.3589  582.677
1991 5.0228973E-08 2.0081165E-08 7.1946822E-09 1.3999992E-08 3.2444312E-08 7.6393389E-09 3.2782201E-09 2.4827862E-08 1.8975902E-08 6.8221810E-09 6.6257502E-09 2.6308774E-08 1.8030795E-08 1.4584021E-08 1.4541287E-08 2.5126546E-08  296.4603 300.2668 305.6557 301.0302 299.6983 304.3599 307.4329 305.0583 302.3115 305.7238 306.3559 303.4927 301.0212 303.4652 304.1196 302.4370  156.839
1992 4.1511409E-08 1.6984968E-08 4.6331947E-09 8.5288292E-09 3.0546609E-08 8.6494589E-09 2.4433329E-09 2.5576886E-08 2.0504849E-08 7.3512338E-09 7.3230200E-09 3.0488490E-08 2.0982933E-08 1.7226396E-08 1.9199655E-08 3.0842973E-08  296.7033 300.2498 305.2784 300.7926 299.3427 303.6372 306.3923 304.1743 301.3102 304.5355 303.9626 301.7612 299.5781 302.1268 302.2953 300.9603  1227.19
1993 5.0128595E-08 2.5949882E-08 1.2056407E-08 1.2758823E-08 3.2811045E-08 1.2125336E-08 5.0666666E-09 3.4842156E-08 2.0818886E-08 1.0368804E-08 9.2092556E-09 3.5012309E-08 2.2256192E-08 1.9814985E-08 2.0004249E-08 2.8668440E-08  295.9647 299.8358 305.5276 300.8764 299.1652 303.8122 307.1056 304.4140 301.4519 304.8961 305.4986 302.4695 299.9282 302.5441 303.1060 301.5482  376.71
1994 5.4143051E-08 2.1659847E-08 6.3224075E-09 1.1020398E-08 3.6686593E-08 8.1140730E-09 2.3512741E-09 2.6820249E-08 2.2439004E-08 8.1926643E-09 6.4906009E-09 2.9432377E-08 2.2517256E-08 1.8072685E-08 1.6607622E-08 2.6677681E-08  295.6620 299.9544 305.7728 300.6915 298.9872 304.2790 307.4123 304.5442 301.6660 305.4151 306.0723 302.7317 300.5012 303.1176 303.7045 301.7143  174
1995 4.8300272E-08 1.9913317E-08 6.3647754E-09 1.1379553E-08 3.1142502E-08 8.2588638E-09 3.5497407E-09 2.6312113E-08 2.1633085E-08 7.5642710E-09 7.6875875E-09 2.9390048E-08 2.1991676E-08 1.9293394E-08 1.8875644E-08 2.6646982E-08  296.6861 300.5015 305.6721 301.0214 299.7469 304.3127 307.0484 304.4877 301.8711 305.1121 304.9245 302.4244 300.2257 302.4938 302.7338 301.4575  384.645
1996 5.4961177E-08 2.0872168E-08 5.8418399E-09 1.1681720E-08 3.2859347E-08 6.6382722E-09 3.2487519E-09 2.4829754E-08 1.8821559E-08 6.2630101E-09 5.5900156E-09 2.8354586E-08 2.1349539E-08 1.5982968E-08 1.5927393E-08 2.5039055E-08  296.0359 300.5397 306.5136 301.0372 299.7608 304.9875 307.8733 305.6565 302.7513 306.4345 307.2159 304.6418 301.1721 304.2424 305.0904 303.3734  113.516
1997 3.7957886E-08 1.6323298E-08 4.3318678E-09 8.9317531E-09 2.3949298E-08 6.4870922E-09 1.7375438E-09 2.1259661E-08 1.6321376E-08 6.5227774E-09 5.0949827E-09 2.2872909E-08 1.8616083E-08 1.4200580E-08 1.4850632E-08 2.3601213E-08  297.0154 300.6343 305.9660 301.0285 300.3449 304.9019 307.7704 305.7030 302.5500 306.1544 306.8496 304.4330 300.7806 303.8305 304.6791 302.9700  2798.13
1998 4.0227160E-08 1.6355049E-08 5.2286211E-09 9.6752686E-09 3.0920482E-08 8.5202467E-09 2.5781195E-09 2.0854982E-08 1.8636429E-08 8.1400477E-09 8.1548288E-09 2.2840528E-08 1.8565512E-08 1.8121083E-08 1.7703547E-08 2.3462849E-08  297.3341 300.8381 306.0748 300.7692 300.0681 304.4072 307.2009 305.0341 302.3309 305.1812 304.7582 302.7784 300.5466 302.6472 302.5321 301.2632  567.968
1999 5.5682193E-08 2.4099545E-08 6.0733054E-09 1.4100642E-08 3.1399772E-08 6.9682420E-09 3.1604730E-09 2.6579677E-08 1.9392491E-08 5.2074638E-09 5.7019265E-09 2.2520313E-08 2.0258000E-08 1.2396844E-08 1.3604717E-08 2.2178424E-08  296.0035 300.2616 306.5836 300.7182 299.7829 305.0131 307.7285 305.5599 303.0267 306.8789 307.5782 305.6228 301.7874 305.3054 306.6498 305.0859  613.839
2000 5.7915045E-08 2.1442382E-08 7.0730781E-09 1.3374820E-08 3.4867838E-08 8.3725720E-09 3.2705756E-09 2.5520434E-08 2.2329168E-08 5.5939200E-09 6.5858727E-09 2.1841466E-08 2.0695675E-08 1.2741576E-08 1.2737241E-08 2.0422505E-08  295.5309 300.2707 306.6517 301.0750 299.4493 305.0484 307.8689 305.5517 302.7899 307.0080 307.8623 305.8640 301.5046 305.5260 307.2519 305.9980  105.484
2001 6.0180909E-08 2.9107730E-08 1.0168887E-08 1.5390285E-08 3.9624613E-08 1.4705877E-08 6.8803363E-09 3.1484074E-08 2.3102462E-08 9.9781357E-09 1.1686121E-08 3.4211247E-08 2.2114977E-08 1.8203897E-08 1.9321588E-08 2.9610868E-08  295.3159 299.4803 305.6654 301.1235 298.6224 303.7624 307.0443 304.9113 301.6703 305.3541 305.9346 303.5011 300.4611 303.6062 304.2603 302.6588  750.032
2002 5.8575360E-08 2.0678298E-08 6.4200210E-09 1.1432460E-08 3.6970228E-08 8.0891542E-09 2.9567417E-09 3.0848472E-08 2.3132914E-08 6.7387829E-09 8.2849807E-09 3.2204905E-08 2.3325603E-08 1.6829709E-08 1.8060092E-08 2.9119258E-08  295.4149 300.2741 306.1692 301.0439 299.0213 304.6730 307.9288 304.9835 301.8343 305.9983 306.8042 303.7159 300.7913 303.9732 304.9053 303.0692  201.387
2003 4.9397560E-08 2.7062734E-08 8.3367766E-09 8.5593017E-09 3.4321580E-08 1.1618433E-08 2.6845122E-09 2.5627218E-08 2.2564061E-08 1.0891560E-08 7.5356326E-09 2.9205070E-08 2.2433923E-08 2.1090916E-08 2.0809194E-08 2.9588287E-08  296.4451 300.0298 305.5615 300.7369 299.4319 303.9152 307.2608 304.9838 301.7098 304.9635 305.6673 303.4298 300.0321 302.5226 303.3171 302.2604  198.355
2004 5.4245056E-08 1.9715111E-08 4.8367865E-09 1.1089568E-08 3.4904613E-08 9.4128323E-09 3.7184222E-09 2.5101356E-08 2.1586153E-08 8.8619441E-09 6.6877313E-09 2.4537380E-08 2.1398709E-08 1.6981016E-08 1.6048372E-08 2.3388766E-08  296.1808 300.3772 306.1178 300.9696 299.5651 304.5168 307.5061 305.4124 302.3594 305.9381 306.6559 304.2676 301.0641 304.0167 304.8961 303.4296  225.903
2005 5.2669488E-08 2.4321626E-08 7.8035400E-09 9.3067118E-09 3.5255788E-08 9.9664250E-09 2.4728373E-09 2.8145001E-08 2.1253685E-08 7.6273023E-09 5.9595933E-09 2.9309593E-08 2.1535863E-08 1.8190768E-08 1.5697372E-08 2.6463164E-08  296.5504 300.2035 305.7716 301.1643 299.5943 304.1071 307.2469 304.7869 302.1031 305.4548 305.7984 303.1173 300.5008 303.1387 303.7253 301.7621  487.258
2006 4.0488128E-08 1.8903890E-08 4.8705120E-09 1.1001561E-08 2.8890923E-08 6.9066970E-09 1.7714996E-09 2.8697626E-08 1.9154568E-08 6.2163532E-09 4.5188191E-09 2.6944342E-08 1.6830937E-08 1.4555519E-08 1.6314477E-08 2.5799180E-08  296.9137 300.7313 306.4910 301.0199 300.2204 305.1701 307.9641 305.5195 303.0228 306.5945 307.4302 304.6873 301.6290 304.5708 305.2863 303.4203  127.548
2007 4.4834891E-08 1.4906234E-08 5.1622591E-09 7.5630062E-09 3.2894327E-08 7.1591733E-09 2.0997961E-09 2.2572491E-08 1.9900646E-08 7.1700250E-09 5.9199801E-09 2.2170253E-08 2.0701940E-08 1.6135761E-08 1.3158461E-08 2.2903796E-08  297.1252 300.9705 306.2994 300.9779 300.0352 304.7392 307.7444 305.5780 302.4763 305.7878 306.4747 304.1849 301.0447 303.5971 304.2718 302.7336  852.065
2008 5.3926485E-08 2.0173406E-08 6.0770340E-09 1.1148980E-08 3.5149114E-08 7.9892901E-09 2.5494520E-09 2.3961512E-08 2.3443759E-08 7.3925994E-09 7.2116539E-09 2.5344074E-08 2.1470797E-08 1.6465986E-08 1.8305650E-08 2.9669346E-08  296.1014 300.6695 306.9250 301.0156 299.7434 305.3257 308.1732 305.8492 302.7482 306.8321 307.7917 305.4927 301.2844 304.7025 306.0856 304.6276  195.452
2009 5.6796765E-08 2.7038105E-08 9.7727870E-09 1.2792563E-08 3.6675708E-08 8.6976408E-09 3.9122150E-09 3.1183582E-08 2.1556348E-08 7.5853324E-09 8.5823144E-09 3.0907675E-08 2.0225674E-08 1.4158239E-08 1.7752068E-08 2.5889243E-08  295.8220 299.9308 306.2203 301.0534 299.2311 304.4376 307.6704 305.3633 302.4178 306.0520 306.6487 304.2869 301.1569 304.2662 305.1406 303.8113  154.484
2010 4.7044626E-08 1.6520774E-08 5.6051901E-09 9.5048378E-09 3.1548581E-08 6.7075234E-09 3.2373155E-09 2.8877556E-08 1.7255502E-08 5.6613283E-09 5.8726375E-09 2.8921777E-08 1.6870036E-08 1.2839118E-08 1.2379854E-08 2.2267450E-08  0.0000000E+00 0.0000000E+00 0.0000000E+00 0.0000000E+00 0.0000000E+00 0.0000000E+00 0.0000000E+00 0.0000000E+00 0.0000000E+00 0.0000000E+00 0.0000000E+00 0.0000000E+00 0.0000000E+00 0.0000000E+00 0.0000000E+00 0.0000000E+00  451.806
2011 5.2952270E-08 1.7951557E-08 5.1661329E-09 1.2103165E-08 3.2899621E-08 6.8354562E-09 2.2975697E-09 2.4598503E-08 1.8464215E-08 6.1378622E-09 5.9425753E-09 2.3198091E-08 1.8969779E-08 1.4317215E-08 1.4941364E-08 2.3441443E-08  296.3126 300.7425 306.9413 300.9365 299.8286 305.2271 308.0181 306.0999 303.0607 306.8803 307.7148 305.8033 301.5927 304.8508 305.9780 304.4523  81.9355
2012 4.7194437E-08 1.6036353E-08 3.3080103E-09 1.0298179E-08 3.1416864E-08 6.5283539E-09 1.9650255E-09 1.7827301E-08 1.8418485E-08 4.1839412E-09 4.6669730E-09 2.0267498E-08 1.8186906E-08 1.1023239E-08 1.0942132E-08 2.0704288E-08  296.1124 300.6871 306.6828 300.8676 299.5825 305.1850 308.1847 306.2877 302.7473 306.8312 307.6559 305.5542 301.3152 304.8492 305.9690 304.2437  379.71
2013 6.0611107E-08 2.1313671E-08 5.7766485E-09 1.2419699E-08 3.8350802E-08 1.0159809E-08 3.7756500E-09 2.4298501E-08 2.1982608E-08 8.2824290E-09 7.1715456E-09 2.2952745E-08 2.0205357E-08 1.6159541E-08 1.5178726E-08 2.3657309E-08  295.4098 300.2344 306.2707 301.0082 299.1039 304.3994 307.6344 305.2007 302.3273 305.8447 306.6877 303.8751 301.2847 304.1644 304.8611 302.8326  70.2258
2014 5.2806861E-08 2.2462318E-08 6.7872383E-09 1.1942013E-08 3.2050842E-08 6.9864732E-09 3.5273280E-09 3.0510968E-08 1.9254584E-08 5.3656914E-09 6.7803025E-09 3.0149227E-08 1.7802186E-08 1.3200832E-08 1.2967993E-08 2.2830157E-08  296.4123 300.5487 306.3424 301.1602 299.8612 304.8172 307.9107 305.3981 302.5564 306.1773 306.8770 304.1593 301.3820 304.1435 304.8213 303.1720  64.2258
2015 4.0174587E-08 1.3879356E-08 3.8809311E-09 8.9465013E-09 2.8200397E-08 5.9103553E-09 1.8402901E-09 2.3693193E-08 1.9553058E-08 5.3825642E-09 5.7137806E-09 2.8207181E-08 1.9887352E-08 1.5602685E-08 1.4928331E-08 2.4654366E-08  296.9417 300.6544 305.7227 300.8614 299.9611 304.4891 307.4045 305.2772 302.3041 305.7809 305.9575 303.1951 300.7708 303.5036 303.9446 302.2054  98.2903
