STN,prec_1,prec_2,prec_3,prec_4,prec_5,prec_6,prec_7,prec_8,prec_9,prec_10,prec_11,prec_12,prec_13,prec_14,prec_15,prec_16,st_1,st_2,st_3,st_4,st_5,st_6,st_7,st_8,st_9,st_10,st_11,st_12,st_13,st_14,st_15,st_16,10.0
LAT,26.51077,26.51077,26.51077,26.51077,29.30136,29.30136,29.30136,29.30136,32.09194,32.09194,32.09194,32.09194,34.88252,34.88252,34.88252,34.88252,26.51077,26.51077,26.51077,26.51077,29.30136,29.30136,29.30136,29.30136,32.09194,32.09194,32.09194,32.09194,34.88252,34.88252,34.88252,34.88252,30.7512899
LON,-104.0625,-101.2500,-98.43750,-95.62500,-104.0625,-101.2500,-98.43750,-95.62500,-104.0625,-101.2500,-98.43750,-95.62500,-104.0625,-101.2500,-98.43750,-95.62500,-104.0625,-101.2500,-98.43750,-95.62500,-104.0625,-101.2500,-98.43750,-95.62500,-104.0625,-101.2500,-98.43750,-95.62500,-104.0625,-101.2500,-98.43750,-95.62500,-98.6697599
1958 1.3631837E-08 1.9822730E-08 1.1281546E-08 1.2509154E-08 1.4299531E-08 1.4521061E-08 1.1347367E-08 1.3423652E-08 1.0996442E-08 1.4507749E-08 1.8392361E-08 2.5292898E-08 1.0449351E-08 1.5266655E-08 2.0549734E-08 2.6338261E-08  283.6908 285.6433 290.9169 296.1733 282.0090 285.1610 288.2886 288.7722 280.8153 283.1007 283.6786 282.9573 276.6375 278.6999 278.6781 278.2456  327.419
1959 1.9156582E-08 2.9467042E-08 2.1893314E-08 1.6423003E-08 2.0770663E-08 2.0678923E-08 2.0619918E-08 2.3776016E-08 1.5512484E-08 1.8761559E-08 2.8852650E-08 3.9134274E-08 1.4141110E-08 1.9045947E-08 2.9376528E-08 3.8627388E-08  283.5409 285.4356 290.5176 296.1288 281.1416 284.2224 287.3607 288.6197 279.5579 281.5734 282.2364 282.0823 274.8774 277.0437 277.1807 277.2442  1685.94
1960 1.5944760E-08 2.5073001E-08 1.9903219E-08 1.6110766E-08 1.7421266E-08 1.9080064E-08 1.8072452E-08 2.0366933E-08 1.3813962E-08 1.5512681E-08 2.2544404E-08 3.3128153E-08 1.1485976E-08 1.4603267E-08 2.1976177E-08 3.0601988E-08  283.9703 286.2032 291.3205 296.1706 281.9869 285.2739 288.4496 289.1843 280.2620 282.5992 283.4142 283.0393 275.6952 278.0603 278.3488 278.1948  317.774
1961 1.2624506E-08 1.8292507E-08 1.3070324E-08 9.1820596E-09 1.4230532E-08 1.4831303E-08 1.5154228E-08 1.5354750E-08 9.2467651E-09 1.1625576E-08 2.1337385E-08 3.0996752E-08 9.2875947E-09 1.2917167E-08 2.2511079E-08 3.2002820E-08  284.2326 286.8670 292.2439 296.1022 282.4895 286.1104 289.2174 289.6791 281.0389 283.5812 284.1891 283.5791 276.7113 279.1060 279.1132 278.8627  204.355
1962 9.0729673E-09 1.5522494E-08 1.4251184E-08 1.2805295E-08 8.3128864E-09 9.8161426E-09 1.0829991E-08 1.6079218E-08 7.2263235E-09 9.0891339E-09 1.5123122E-08 2.5009737E-08 8.7804084E-09 1.2033267E-08 1.7050423E-08 2.4788553E-08  284.0446 286.4042 291.3611 296.1532 282.6978 286.1446 288.8589 288.9914 281.4384 283.9053 284.2221 283.3186 277.0171 279.3488 279.3212 278.8456  89.0968
1963 1.8559778E-08 2.5686013E-08 2.1662968E-08 1.9029811E-08 1.8381071E-08 1.6916120E-08 1.8302394E-08 2.2140172E-08 1.2261236E-08 1.2703307E-08 2.0262268E-08 3.1209893E-08 1.0526183E-08 1.2225119E-08 1.8853406E-08 2.7101196E-08  282.9164 284.9866 290.1651 296.1270 281.2478 284.5076 287.4963 288.1952 280.3529 282.7708 283.2622 282.5560 276.4192 278.7768 278.8668 278.4303  62.6129
1964 1.3629441E-08 2.3081808E-08 1.7984188E-08 1.5086059E-08 1.2009040E-08 1.2766149E-08 1.3112585E-08 1.5011336E-08 8.0227824E-09 9.1457579E-09 1.5282865E-08 2.4370609E-08 8.2192866E-09 1.1167598E-08 1.8578039E-08 2.6699402E-08  283.9481 286.1493 291.4465 296.3224 282.2881 285.6978 288.9749 289.5017 280.8946 283.4472 284.2738 283.6571 276.4794 278.8942 279.0415 278.7152  446.226
1965 1.8572306E-08 2.5294572E-08 2.1248912E-08 1.9119181E-08 2.0632289E-08 1.8108972E-08 1.8776021E-08 2.2163704E-08 1.4330388E-08 1.6258692E-08 2.3243064E-08 3.4619507E-08 1.2357470E-08 1.5667757E-08 2.2529820E-08 3.0988701E-08  282.6542 284.5569 289.5264 295.9557 280.7164 283.8069 286.5617 287.5512 279.8014 281.8397 282.0598 281.5884 275.6317 277.8449 277.8057 277.3703  98.9032
1966 1.5172883E-08 2.2306967E-08 1.6318852E-08 1.5437207E-08 1.6889041E-08 1.5974482E-08 1.3631851E-08 1.5257370E-08 1.1240265E-08 1.1896987E-08 1.7393001E-08 2.5989200E-08 1.0246368E-08 1.2228027E-08 1.9992799E-08 2.7391234E-08  283.8259 286.1334 291.3847 296.1674 282.0852 285.5549 288.8014 289.3905 280.7969 283.4012 284.1837 283.7360 276.2677 278.8021 279.1612 279.0419  179.903
1967 1.4892847E-08 2.0258099E-08 1.5019271E-08 1.5177411E-08 1.6620103E-08 1.6010530E-08 1.4425220E-08 1.8432399E-08 1.2087091E-08 1.4664839E-08 2.0899117E-08 2.8902413E-08 9.8694013E-09 1.4203374E-08 2.1594424E-08 2.9349012E-08  283.4830 286.1576 291.4644 296.1781 281.8907 285.5854 288.6857 289.2343 280.8484 283.4136 284.0000 283.4471 276.6836 279.0929 279.1136 278.7582  67.871
1968 1.0068877E-08 1.3315129E-08 1.0218032E-08 1.0349028E-08 1.0850600E-08 1.0660621E-08 1.1119225E-08 1.5178591E-08 8.2696596E-09 9.8402984E-09 1.5698362E-08 2.3488434E-08 7.9746263E-09 1.1761668E-08 1.8381568E-08 2.5455424E-08  283.5287 286.3634 291.6908 296.0147 282.1224 285.9662 289.2177 289.3304 281.1327 283.7440 284.3713 283.6107 277.0031 279.4451 279.4831 279.1513  89.7742
1969 1.4889040E-08 2.0378948E-08 1.5682867E-08 1.3116850E-08 1.6022234E-08 1.4456879E-08 1.4078660E-08 1.7021462E-08 1.0911504E-08 1.1754415E-08 1.7057541E-08 2.6248998E-08 1.0314267E-08 1.2654866E-08 1.8153555E-08 2.4569035E-08  283.5156 285.7015 290.8441 296.2024 281.9465 285.1106 288.0082 288.5201 280.7481 282.9424 283.3439 282.6124 276.5291 278.7249 278.6890 278.2282  3195.26
1970 7.6662268E-09 1.2583876E-08 8.4821892E-09 8.6943821E-09 8.3183371E-09 7.6195557E-09 7.2030542E-09 9.2545376E-09 6.5447399E-09 7.6288780E-09 1.1726993E-08 1.7679227E-08 7.9986453E-09 1.1114524E-08 1.7058831E-08 2.1881341E-08  284.4009 287.0278 292.2663 296.1916 282.8898 286.6066 289.8005 289.9563 281.5945 284.1945 284.9053 284.1510 277.0708 279.3510 279.4562 279.0818  141
1971 1.0252036E-08 1.6888874E-08 1.4029367E-08 1.3846201E-08 1.0223908E-08 1.0688331E-08 1.0685560E-08 1.5973571E-08 7.9393327E-09 8.6967900E-09 1.3066298E-08 2.2948509E-08 9.0300798E-09 1.0707838E-08 1.4839922E-08 2.0692857E-08  283.4466 285.9718 291.3200 296.1640 281.9872 285.5146 288.7064 289.0919 280.8842 283.3214 283.9525 283.1944 276.6851 278.8229 278.8163 278.3677  1637.06
1972 2.2374337E-08 2.8557148E-08 2.3050145E-08 2.2125269E-08 2.0041719E-08 1.6572217E-08 1.7727704E-08 2.6197325E-08 1.2316374E-08 1.3354462E-08 2.1849418E-08 3.6272617E-08 1.1476801E-08 1.4438899E-08 2.3071806E-08 3.3129666E-08  282.1528 284.0704 289.1233 295.9696 280.3461 283.3169 286.1318 287.1432 279.3376 281.4401 281.7466 281.1210 275.0720 277.2937 277.2710 276.8572  175.032
1973 9.5727444E-09 1.4512264E-08 1.1264537E-08 1.0452101E-08 9.9455146E-09 9.0476853E-09 9.0889145E-09 1.1738760E-08 8.1106677E-09 8.2264924E-09 1.2349726E-08 2.0351107E-08 9.0148253E-09 1.0181939E-08 1.6414965E-08 2.3319368E-08  284.3239 287.1700 292.5590 296.2438 282.9190 286.7666 290.0255 290.2522 281.5489 284.2386 285.0218 284.3484 276.8177 279.2088 279.4981 279.3165  3700.45
1974 1.3767551E-08 1.6565568E-08 1.3980286E-08 1.3133557E-08 1.3766297E-08 1.1772520E-08 1.3214541E-08 1.7027746E-08 1.1048356E-08 1.2083798E-08 2.0793825E-08 3.1178104E-08 1.1704880E-08 1.5838456E-08 2.5894638E-08 3.3392464E-08  283.5038 286.3867 291.6843 296.1834 281.9003 285.6349 288.7333 289.1932 280.6083 282.9908 283.5275 282.9852 276.0125 278.1920 278.2159 277.9945  634.355
1975 1.4491291E-08 1.8583355E-08 1.2952425E-08 1.1453057E-08 1.2808945E-08 1.0911301E-08 8.9684500E-09 1.1939149E-08 9.1970129E-09 9.6022337E-09 1.2145779E-08 1.7413441E-08 8.5800513E-09 1.0990487E-08 1.4887592E-08 1.8469041E-08  283.5980 286.1874 291.6850 296.1705 282.2810 285.9742 289.3125 289.6091 281.2268 283.6644 284.3372 283.6647 276.8636 278.8674 278.8318 278.5390  258.742
1976 1.1223896E-08 1.7858339E-08 1.5893185E-08 1.7253672E-08 1.1428182E-08 1.1833976E-08 1.3067046E-08 2.0549329E-08 8.9091730E-09 1.1514256E-08 1.7681955E-08 2.9304552E-08 9.7518562E-09 1.3725682E-08 2.1356446E-08 2.8819173E-08  282.1359 284.9398 290.4557 296.1838 280.6200 284.5941 287.7162 288.1652 280.1599 282.5987 282.9258 282.1855 276.0685 278.2123 278.1341 277.7253  348.839
1977 1.6452281E-08 2.3325018E-08 1.7268874E-08 1.5542541E-08 1.5341842E-08 1.4599376E-08 1.4393337E-08 1.6621197E-08 8.9579721E-09 1.0082918E-08 1.5539486E-08 2.3207601E-08 7.3427286E-09 9.6627550E-09 1.5229059E-08 2.2658112E-08  282.6656 285.0900 290.3748 296.1407 281.2887 284.8243 287.8180 288.3293 280.5800 283.0679 283.4904 282.6806 276.4595 278.9990 279.0137 278.4698  164.742
1978 1.3829247E-08 2.0981911E-08 1.6407190E-08 1.3516051E-08 1.3914284E-08 1.3964256E-08 1.2438012E-08 1.6210533E-08 1.0710557E-08 1.1797008E-08 1.5936587E-08 2.3255623E-08 9.4052170E-09 1.1729289E-08 1.7914068E-08 2.3392390E-08  283.3313 285.6226 290.8155 296.2770 281.6347 285.2492 288.4213 288.7790 280.6361 283.3990 284.0717 283.2918 276.6674 279.3044 279.4503 278.9716  167.581
1979 1.4666649E-08 1.8834132E-08 1.3419696E-08 1.3150503E-08 1.6393900E-08 1.4544962E-08 1.4212343E-08 1.8325998E-08 1.1738344E-08 1.5194001E-08 2.2923668E-08 3.0933780E-08 1.0288826E-08 1.4776057E-08 2.3321286E-08 3.0823745E-08  283.3208 286.1259 291.3625 296.0179 281.7417 285.4735 288.4891 288.8834 280.8153 283.2335 283.6876 283.0165 276.6012 278.8500 278.7650 278.4269  93.8387
1980 1.4725220E-08 2.1516493E-08 1.6479584E-08 1.3772475E-08 1.4984209E-08 1.5310695E-08 1.7092445E-08 1.9776945E-08 1.0151622E-08 1.2640111E-08 2.2365022E-08 3.4476919E-08 8.5871159E-09 1.2442149E-08 2.1902130E-08 3.2748083E-08  283.8223 286.1809 291.1738 296.1873 281.7098 285.1561 288.0518 288.6281 280.1977 282.5649 282.9827 282.3495 275.8550 278.3479 278.3654 277.8296  426.903
1981 1.4230763E-08 1.5757413E-08 1.1711098E-08 1.0788764E-08 1.4277371E-08 1.1929181E-08 1.1367723E-08 1.3292803E-08 1.0769782E-08 1.1488209E-08 1.8567627E-08 2.6073794E-08 1.0778263E-08 1.3785047E-08 2.1856861E-08 2.7770039E-08  283.7468 286.1796 291.3351 296.1204 282.2450 285.7112 288.7428 289.1451 280.8006 283.2215 283.7573 283.0089 276.4544 278.6558 278.5474 278.0491  2337.9
1982 2.4012115E-08 3.2369254E-08 2.6539752E-08 2.5292971E-08 2.1081235E-08 2.0306848E-08 2.3444224E-08 3.0724852E-08 1.2644630E-08 1.4653169E-08 2.3745427E-08 3.5982723E-08 1.0259811E-08 1.4238010E-08 2.3212472E-08 3.2500147E-08  281.7262 283.4502 288.5707 296.1155 279.8339 282.8457 285.6562 286.5538 279.0735 281.1995 281.3451 280.4653 274.9400 277.1195 276.9051 276.2495  95.8065
1983 1.5312848E-08 2.0832761E-08 1.7865673E-08 1.4934626E-08 1.6835742E-08 1.5413521E-08 1.7097081E-08 1.9904386E-08 1.2605743E-08 1.4119633E-08 2.2343908E-08 3.3055972E-08 1.0835312E-08 1.4135364E-08 2.1779982E-08 3.1622108E-08  283.6790 285.7746 290.8092 296.4705 281.6627 284.8717 287.8732 288.7235 280.1473 282.4360 282.9547 282.5853 275.5970 277.8620 278.0562 277.8646  59.7742
1984 1.4961810E-08 1.9841524E-08 1.4365432E-08 1.1561230E-08 1.5327304E-08 1.2787323E-08 1.1381444E-08 1.4039935E-08 1.1336128E-08 1.1487986E-08 1.7514891E-08 2.4277483E-08 1.1222763E-08 1.4243275E-08 2.1379689E-08 2.7696014E-08  283.7090 286.5850 291.8405 295.9677 282.2006 286.0204 289.0936 289.4991 281.1546 283.6611 284.1471 283.5139 276.8829 279.0515 279.0362 278.8148  205.29
1985 1.2567480E-08 1.7700705E-08 1.2125718E-08 1.0483165E-08 1.2771311E-08 1.1454790E-08 1.1383982E-08 1.5319273E-08 9.3363681E-09 9.9087742E-09 1.5729146E-08 2.5146681E-08 9.8006065E-09 1.1679037E-08 1.7597204E-08 2.7028786E-08  283.5496 285.6887 290.7207 296.2904 281.8037 284.8439 287.7166 288.2730 280.2827 282.3943 282.7617 282.1359 275.6121 277.7499 277.7209 277.2853  1218.65
1986 1.9109011E-08 2.5234666E-08 2.0831376E-08 1.9656190E-08 1.8939950E-08 1.6657653E-08 1.8032729E-08 2.2380789E-08 1.3876919E-08 1.4201290E-08 2.0726072E-08 3.0046330E-08 1.2218503E-08 1.4414054E-08 2.0568567E-08 2.6206825E-08  281.8286 284.2112 289.7762 296.4669 280.6056 284.1708 287.2053 287.8200 280.3082 282.6149 282.9095 282.0018 276.3221 278.6855 278.7082 278.1185  1324.29
1987 2.2892472E-08 2.5837442E-08 1.8195173E-08 1.8222151E-08 1.8274584E-08 1.5040513E-08 1.6843737E-08 2.2458558E-08 1.1457780E-08 1.2222809E-08 2.1379535E-08 3.3065760E-08 1.2733759E-08 1.5634694E-08 2.3849795E-08 3.2097251E-08  282.8233 284.6683 289.7507 296.3053 280.9580 284.1194 286.9855 287.6815 279.8176 282.1011 282.5084 281.8046 275.5486 277.8847 277.9174 277.4756  329.677
1988 7.0385080E-09 1.1872531E-08 8.5575582E-09 8.4854497E-09 8.4603498E-09 8.4327212E-09 5.9848722E-09 8.2713942E-09 5.9235714E-09 5.9943606E-09 9.9528830E-09 1.6264975E-08 6.9265265E-09 9.0414751E-09 1.5235580E-08 2.0324260E-08  284.7612 287.6781 292.8635 296.1821 283.4814 287.2994 290.3912 290.3286 282.2528 284.8556 285.4995 284.6434 277.8935 280.1763 280.2176 279.8887  157.194
1989 1.6835966E-08 2.0652235E-08 1.4494582E-08 1.2046045E-08 1.7383822E-08 1.5857804E-08 1.2153620E-08 1.2676394E-08 1.3040045E-08 1.3252129E-08 1.8120643E-08 2.5393264E-08 1.0970686E-08 1.2300687E-08 1.9513212E-08 2.7700324E-08  284.0280 287.1049 292.5754 296.3376 282.5842 286.7213 290.1994 290.7610 281.5454 284.4302 285.3152 284.9138 277.3167 279.9742 280.2159 280.2080  108.097
1990 1.7372638E-08 2.2924526E-08 1.8228530E-08 1.6173169E-08 1.5117950E-08 1.3205997E-08 1.3861408E-08 1.8007290E-08 1.1234248E-08 1.1411819E-08 1.6036415E-08 2.6719098E-08 1.0581748E-08 1.2050750E-08 1.8729454E-08 2.7505655E-08  282.7588 284.6389 289.7476 296.3055 280.9705 284.0077 287.0047 287.8464 279.8699 282.0420 282.3700 281.7507 275.4116 277.7272 277.7703 277.3574  255.935
1991 1.1521385E-08 1.5904190E-08 1.2083847E-08 1.3090859E-08 1.1054396E-08 1.0215265E-08 1.1470576E-08 1.5985776E-08 9.1042471E-09 1.0078362E-08 1.6279463E-08 2.6792927E-08 9.0166390E-09 1.2350077E-08 2.0019105E-08 2.7786053E-08  283.5732 286.1383 291.2732 296.2573 282.3019 285.7709 288.6158 288.8018 281.2094 283.5164 283.7275 282.9370 276.8199 278.9104 278.5826 278.2422  223.484
1992 2.2563675E-08 2.7138384E-08 2.2667244E-08 1.9435848E-08 2.5144749E-08 2.1238193E-08 2.0717641E-08 2.2274889E-08 1.9187427E-08 2.0906118E-08 2.6702772E-08 3.5210860E-08 1.6816731E-08 1.9877005E-08 2.6001919E-08 3.2739042E-08  282.0466 284.1902 289.4588 296.3220 280.0969 283.5377 286.5297 287.4301 279.2855 281.5169 281.9370 281.4194 275.2162 277.2445 277.1430 276.8104  189.581
1993 2.3015003E-08 3.1557132E-08 2.4504853E-08 2.3118705E-08 1.9073434E-08 1.8583680E-08 1.8165171E-08 2.3971230E-08 1.4502860E-08 1.5241673E-08 1.9504279E-08 3.0130959E-08 1.2870283E-08 1.4295273E-08 1.7321682E-08 2.2949456E-08  281.9609 283.8217 288.9104 296.1248 280.2103 283.3438 286.4119 287.1772 279.0796 281.4351 282.0727 281.4130 275.0013 277.3352 277.5575 277.2087  137.032
1994 2.6239247E-08 3.3571904E-08 2.4743544E-08 1.8101984E-08 2.3782821E-08 2.1258080E-08 2.0557668E-08 2.3273309E-08 1.4635893E-08 1.5114075E-08 2.3008834E-08 3.5264776E-08 1.2121038E-08 1.4833502E-08 2.2220267E-08 3.0550968E-08  282.4579 284.2658 289.4651 296.2618 280.7679 283.8779 286.7885 287.6652 280.0800 282.2181 282.4860 281.9997 275.9093 278.2032 278.3232 277.9991  205.548
1995 1.7574784E-08 2.4711412E-08 1.9689754E-08 1.4537351E-08 1.7383799E-08 1.6647219E-08 1.7386126E-08 2.0025857E-08 1.2604566E-08 1.5526869E-08 2.6049419E-08 3.4642838E-08 1.3352994E-08 1.7076125E-08 2.6747191E-08 3.5131254E-08  284.3719 286.3790 291.4286 296.3164 282.4832 285.6161 288.6350 289.2651 280.9275 283.2453 283.8400 283.3185 276.5609 278.7013 278.9062 278.6738  165.194
1996 1.0608337E-08 1.5516036E-08 1.2483325E-08 1.3518184E-08 1.1613110E-08 1.1336364E-08 1.1009510E-08 1.5634841E-08 9.7517043E-09 1.1119341E-08 1.7646860E-08 2.7882782E-08 1.0704388E-08 1.2977392E-08 1.9746000E-08 2.7513606E-08  284.1137 286.7326 291.7619 296.3193 282.5232 286.0272 288.7768 289.0551 281.2310 283.4969 283.7249 282.9200 276.8565 278.9544 278.7504 278.1778  2795.65
1997 2.5931335E-08 3.4217173E-08 2.9893073E-08 3.0964792E-08 2.2708695E-08 2.4254398E-08 2.6962445E-08 3.4714539E-08 1.5357596E-08 1.8597580E-08 2.8190360E-08 4.1641442E-08 1.3364415E-08 1.7567530E-08 2.5313385E-08 3.5522508E-08  281.8690 283.8362 288.9331 296.0786 280.1696 283.2017 285.9847 286.6824 279.3196 281.3855 281.5354 280.7254 275.3842 277.3819 276.9750 276.4723  249.161
1998 7.1109820E-09 1.2440149E-08 1.0300723E-08 9.2721990E-09 7.4151085E-09 8.0906926E-09 7.9013187E-09 8.3171061E-09 6.2341536E-09 6.7383099E-09 1.2436353E-08 1.7589732E-08 6.7819412E-09 8.1980245E-09 1.4077078E-08 2.1144210E-08  285.0545 287.9713 293.1475 296.2054 283.5947 287.6083 290.8039 290.7226 282.3246 285.2029 285.9352 285.1288 278.1972 280.7201 280.7435 280.1041  263.677
1999 6.5011339E-09 1.1536719E-08 7.4154323E-09 7.5503204E-09 6.5911014E-09 7.5629032E-09 6.6415438E-09 8.5611163E-09 5.9017489E-09 7.6706543E-09 1.4689258E-08 1.9098817E-08 6.9463724E-09 9.7432897E-09 1.8039547E-08 2.5343287E-08  285.5170 288.6611 293.9896 296.2635 284.3333 288.4802 291.7593 291.7110 283.1244 286.0420 286.7582 286.0922 278.6073 281.0963 281.2133 281.0681  93.7742
2000 1.5462442E-08 2.1727679E-08 1.7381948E-08 1.5763160E-08 1.4436035E-08 1.2570328E-08 1.3094166E-08 1.6978714E-08 1.1056753E-08 1.1635303E-08 1.7615083E-08 2.7021878E-08 1.1615819E-08 1.4462752E-08 2.1434655E-08 2.8546456E-08  284.2226 286.9455 292.1468 296.3466 282.6967 286.4809 289.5653 290.1020 281.3307 284.0244 284.6222 284.1144 276.9836 279.3879 279.5153 279.2745  1712
2001 2.1590264E-08 2.6803088E-08 1.9325949E-08 1.7944540E-08 1.8746848E-08 1.6373344E-08 1.3841247E-08 1.7331619E-08 1.1098424E-08 1.1374750E-08 1.4060960E-08 2.1277279E-08 9.5477910E-09 1.1485147E-08 1.5965188E-08 2.0408049E-08  282.7935 284.9341 290.3384 296.3725 281.7252 285.0434 288.1325 288.6515 281.2491 283.5046 283.8708 282.9746 277.3056 279.3939 279.2301 278.6118  154.613
2002 1.9860996E-08 2.6500482E-08 1.8465919E-08 1.6606261E-08 1.8715488E-08 1.8610987E-08 1.6736628E-08 1.9623988E-08 1.2320032E-08 1.5124069E-08 2.1089608E-08 3.2355334E-08 1.1632272E-08 1.4635791E-08 2.2612998E-08 3.2313313E-08  283.2347 285.3126 290.4604 296.1736 281.4080 284.7419 287.6947 288.4636 280.1997 282.6518 283.1051 282.5895 275.9648 278.2693 278.3293 278.1523  232.194
2003 1.6987427E-08 2.2307002E-08 1.6293949E-08 1.3296941E-08 1.8431058E-08 1.5647966E-08 1.3122817E-08 1.3579085E-08 1.3198932E-08 1.4169059E-08 1.7464428E-08 2.3645809E-08 1.2385772E-08 1.6163092E-08 2.1461670E-08 2.6109054E-08  284.3058 286.5250 291.6356 296.5051 282.3766 285.6754 288.8130 289.6389 280.9623 283.3185 283.9962 283.5563 276.6182 278.9106 279.0994 278.8570  456.097
2004 2.2096765E-08 2.8618736E-08 1.8609214E-08 1.5695333E-08 2.1646871E-08 1.7790242E-08 1.4739777E-08 1.5755756E-08 1.4834508E-08 1.4701432E-08 1.8953155E-08 2.5807134E-08 1.3571250E-08 1.6145806E-08 2.1343389E-08 2.6606690E-08  282.9121 284.6290 289.7166 296.1524 281.0074 284.1329 287.1618 288.0063 280.0036 282.2004 282.6939 282.3042 276.0225 278.1092 278.1384 277.8981  173.29
2005 1.4773016E-08 2.0936362E-08 1.5709618E-08 1.4032467E-08 1.4347892E-08 1.3102649E-08 1.3217003E-08 1.6728242E-08 9.7290904E-09 1.0343872E-08 1.6641925E-08 2.6949344E-08 9.0633252E-09 1.1999886E-08 2.0279050E-08 2.8486651E-08  283.6961 285.6376 290.7016 296.3067 281.6161 284.8061 287.8303 288.5552 280.3760 282.6121 283.1483 282.5028 276.0843 278.2931 278.2541 277.7852  107.29
2006 1.9000677E-08 2.4441110E-08 1.9688096E-08 1.6805272E-08 1.8273337E-08 1.6140774E-08 1.6971162E-08 1.9012287E-08 1.4093382E-08 1.4840029E-08 2.3578664E-08 3.3915864E-08 1.3023036E-08 1.6859442E-08 2.6701317E-08 3.7132239E-08  283.7592 286.2589 291.5946 296.4687 282.1907 285.8140 288.9256 289.4217 281.0602 283.5715 284.0774 283.5304 276.9146 279.1696 279.2118 278.9933  95.1613
2007 1.3027562E-08 2.0095428E-08 1.4253938E-08 1.1563314E-08 1.5080991E-08 1.5435729E-08 1.4734725E-08 1.5631146E-08 1.2098027E-08 1.3331445E-08 1.9029050E-08 2.8244632E-08 1.1457230E-08 1.3190386E-08 1.9618540E-08 2.8092582E-08  284.4883 287.0954 292.5266 296.4494 282.7882 286.3377 289.5864 289.9602 281.2271 283.5966 284.2512 283.6614 276.6490 278.7644 278.6519 278.3650  286.839
2008 1.0423545E-08 1.3138448E-08 8.5813356E-09 9.8346167E-09 1.1769430E-08 1.0885962E-08 9.5928856E-09 1.2352173E-08 9.1571000E-09 1.0561577E-08 1.5332478E-08 2.1361608E-08 9.7800612E-09 1.3497258E-08 2.0020739E-08 2.6277149E-08  284.3553 286.7716 291.8914 296.1100 282.4737 286.0208 289.1268 289.5106 280.9449 283.5562 284.3349 283.7291 276.6206 279.0075 279.1390 278.8804  98.9032
2009 1.8335536E-08 2.8533828E-08 2.1655094E-08 1.8098495E-08 2.0261762E-08 1.8872758E-08 1.7099726E-08 2.1966711E-08 1.5512782E-08 1.6318664E-08 2.1459675E-08 3.3986126E-08 1.3165818E-08 1.6006545E-08 2.1547914E-08 3.1688383E-08  283.7541 285.6441 290.6218 296.2246 282.0602 285.2159 287.9982 288.4331 280.8118 283.0963 283.6236 282.7941 276.5967 279.0207 279.0905 278.6288  269.194
2010 1.1309877E-08 1.5134860E-08 1.0224562E-08 8.9798258E-09 1.0960604E-08 1.0636058E-08 8.6141068E-09 8.8531369E-09 6.8454984E-09 8.2777918E-09 1.1447884E-08 1.6721327E-08 7.5242355E-09 9.8386987E-09 1.5477170E-08 2.1820824E-08  284.6475 286.9979 292.0894 296.4717 283.3976 286.7349 289.7174 289.9209 282.0707 284.4993 285.2172 284.3546 277.9303 280.1874 280.3130 279.8501  75.3548
2011 5.3461267E-09 1.1775995E-08 8.7867598E-09 9.9347410E-09 7.5066353E-09 7.7538145E-09 7.1398283E-09 9.4238839E-09 7.0367112E-09 7.3368800E-09 1.1855540E-08 2.0108711E-08 8.7336280E-09 1.0441946E-08 1.6209572E-08 2.5036348E-08  285.6534 288.3047 293.2615 296.1651 283.8169 287.5774 290.6610 290.7802 282.0026 284.7567 285.5082 284.7758 277.2284 279.7731 279.8699 279.4631  128.194
2012 1.9630646E-08 2.4865288E-08 1.8273013E-08 1.5775521E-08 1.4820236E-08 1.2923446E-08 1.4319126E-08 2.0553500E-08 8.6679099E-09 9.5714388E-09 1.7275644E-08 2.7539919E-08 8.2187048E-09 1.1231046E-08 1.8907478E-08 2.6236226E-08  283.6038 285.5712 290.4835 296.2022 281.8389 284.9673 287.7101 288.1016 280.6519 282.9872 283.3435 282.4686 276.4564 278.7781 278.7422 278.1719  61.5484
2013 2.1646267E-08 2.6621883E-08 2.0198017E-08 1.9186361E-08 1.8722535E-08 1.5451743E-08 1.5840456E-08 2.0533825E-08 1.2690326E-08 1.2477344E-08 1.9910903E-08 3.0694416E-08 1.1253658E-08 1.2862615E-08 1.8685997E-08 2.7515583E-08  283.5063 285.8607 291.2225 296.4295 281.7937 285.2646 288.4555 289.1918 280.4874 282.9814 283.6443 283.2077 276.3078 278.6081 278.8197 278.6113  188.129
2014 2.2856295E-08 3.2425078E-08 2.6571790E-08 2.0249347E-08 2.1136167E-08 2.0704210E-08 2.0424757E-08 2.4444851E-08 1.2858040E-08 1.3376385E-08 2.0486187E-08 3.2078617E-08 1.1822408E-08 1.3397156E-08 1.8785329E-08 2.6016195E-08  282.6144 284.6291 289.9205 296.1105 281.0107 284.4019 287.4428 288.1382 280.4961 282.8541 283.2861 282.5701 276.6916 279.0451 279.0255 278.4787  64
2015 2.6796879E-08 3.3221156E-08 2.5346687E-08 2.2229296E-08 2.3366473E-08 2.1748731E-08 2.3878640E-08 2.6925587E-08 1.5049121E-08 1.7390448E-08 2.7198901E-08 4.1429914E-08 1.3567515E-08 1.9192477E-08 2.8497237E-08 3.7972484E-08  281.7271 283.5924 288.7924 296.0469 279.6194 282.8300 285.7361 286.7466 278.8752 281.0740 281.4395 280.8092 274.9008 277.0936 277.1886 276.8326  104.452
