STN,prec_1,prec_2,prec_3,prec_4,prec_5,prec_6,prec_7,prec_8,prec_9,prec_10,prec_11,prec_12,prec_13,prec_14,prec_15,prec_16,st_1,st_2,st_3,st_4,st_5,st_6,st_7,st_8,st_9,st_10,st_11,st_12,st_13,st_14,st_15,st_16,08.0
LAT,26.51077,26.51077,26.51077,26.51077,29.30136,29.30136,29.30136,29.30136,32.09194,32.09194,32.09194,32.09194,34.88252,34.88252,34.88252,34.88252,26.51077,26.51077,26.51077,26.51077,29.30136,29.30136,29.30136,29.30136,32.09194,32.09194,32.09194,32.09194,34.88252,34.88252,34.88252,34.88252,30.7512899
LON,-104.0625,-101.2500,-98.43750,-95.62500,-104.0625,-101.2500,-98.43750,-95.62500,-104.0625,-101.2500,-98.43750,-95.62500,-104.0625,-101.2500,-98.43750,-95.62500,-104.0625,-101.2500,-98.43750,-95.62500,-104.0625,-101.2500,-98.43750,-95.62500,-104.0625,-101.2500,-98.43750,-95.62500,-104.0625,-101.2500,-98.43750,-95.62500,-98.6697599
1958 1.2432244E-08 1.7255976E-08 1.1824574E-08 1.0196952E-08 1.3835608E-08 1.3687033E-08 1.2893902E-08 1.5061664E-08 1.0947588E-08 1.1446292E-08 1.6101760E-08 2.4698396E-08 1.0534637E-08 1.1742659E-08 1.6417616E-08 2.3228962E-08  282.7911 285.0320 289.9959 294.4960 281.0351 284.3922 287.1163 287.4204 279.8589 282.0862 282.2030 281.3495 275.2440 277.2806 276.8529 276.5043  181.355
1959 1.3032591E-08 1.7428231E-08 1.2828270E-08 1.2602072E-08 1.3769876E-08 1.1059849E-08 1.0022272E-08 1.4328533E-08 9.6346202E-09 9.2867314E-09 1.3522833E-08 2.0971054E-08 9.3517922E-09 1.0698176E-08 1.5768570E-08 2.2347978E-08  282.4290 284.2379 289.0088 294.5224 280.6024 283.4276 285.9926 286.5705 279.4555 281.1377 280.8769 279.8818 274.7543 276.4276 275.6846 274.9380  167.194
1960 9.7407353E-09 1.4076773E-08 1.0891115E-08 1.1591226E-08 1.1041688E-08 1.0286819E-08 1.0418358E-08 1.5613402E-08 9.2717123E-09 9.7191446E-09 1.5722518E-08 2.4599867E-08 9.7993889E-09 1.1433190E-08 1.7139117E-08 2.4596398E-08  283.2923 285.6108 290.4408 294.5693 281.6994 284.9362 287.5284 287.7405 280.3685 282.3717 282.2732 281.2454 275.7457 277.8079 277.2433 276.4076  1939.74
1961 1.7326755E-08 2.0503828E-08 1.6294180E-08 1.4487760E-08 1.7537570E-08 1.6365862E-08 1.7243266E-08 1.9891731E-08 1.4131991E-08 1.5848302E-08 2.3449173E-08 3.2728156E-08 1.3060913E-08 1.6082653E-08 2.3989113E-08 3.1013020E-08  282.5827 284.8314 289.6676 294.5178 280.8529 284.1240 286.7658 287.2487 279.5775 281.6100 281.6889 280.9827 274.8658 276.7737 276.5405 276.0743  251.613
1962 1.2972191E-08 1.9491164E-08 1.5010539E-08 1.2584099E-08 1.2578336E-08 1.3826329E-08 1.4346140E-08 1.6828864E-08 1.0172961E-08 1.2294075E-08 1.8241638E-08 2.5959968E-08 1.0451839E-08 1.3475122E-08 2.0761501E-08 2.6782770E-08  283.0617 285.2480 290.0678 294.5786 281.4652 284.6926 287.3654 287.7539 280.1867 282.3743 282.4763 281.4864 275.7901 277.8360 277.3233 276.6822  38.3226
1963 1.4642993E-08 2.0506864E-08 1.6608903E-08 1.4444518E-08 1.4875156E-08 1.3550912E-08 1.3888920E-08 1.9067794E-08 9.7388142E-09 1.0761211E-08 1.7706455E-08 2.7509369E-08 1.0294857E-08 1.3881116E-08 2.0761853E-08 2.7793275E-08  282.1681 284.3959 289.1340 294.5378 280.5109 283.7324 286.2574 286.9138 279.4504 281.5484 281.5995 280.8482 274.6791 276.8420 276.7084 276.2716  54.6774
1964 1.0472197E-08 1.6467938E-08 1.3627415E-08 1.1884911E-08 1.5484456E-08 1.4139161E-08 1.3349826E-08 1.4432548E-08 1.1304955E-08 1.1383580E-08 1.7211583E-08 2.5891509E-08 9.4423935E-09 1.1280704E-08 1.8222957E-08 2.5852568E-08  283.3300 285.4624 290.3198 294.6978 281.6283 284.6443 287.3009 287.7437 280.2556 282.0628 281.9729 281.0197 275.6720 277.2868 276.5970 275.8451  239.981
1965 2.5439496E-08 3.0288213E-08 2.5041819E-08 2.3644031E-08 2.4958810E-08 2.2427182E-08 2.3217661E-08 2.5945235E-08 1.5903256E-08 1.6613530E-08 2.4094081E-08 3.5741561E-08 1.3286964E-08 1.5330825E-08 2.2718954E-08 3.2981362E-08  281.5608 283.3994 288.2304 294.3565 279.7170 282.7512 285.2849 286.0059 278.7320 280.5892 280.4678 279.6540 274.2675 276.0091 275.5511 274.8825  63.9355
1966 1.1932404E-08 1.8280252E-08 1.3598164E-08 1.5757630E-08 1.2110168E-08 1.1617891E-08 1.1324866E-08 1.7493594E-08 9.9313695E-09 1.0543325E-08 1.6836193E-08 2.7474012E-08 1.0590702E-08 1.2604482E-08 1.9839094E-08 2.8155890E-08  282.2586 284.4125 289.3719 294.6517 280.3854 283.6309 286.3547 286.8544 279.0846 281.1164 281.1870 280.3297 274.2310 276.2303 275.8203 275.3353  213.935
1967 2.0996435E-08 2.6319713E-08 2.1740101E-08 1.8522577E-08 2.0260899E-08 1.6623760E-08 1.8925059E-08 2.4681141E-08 1.3940586E-08 1.5141259E-08 2.4984216E-08 3.4791885E-08 1.2324163E-08 1.5588000E-08 2.5787267E-08 3.2925019E-08  282.0434 284.0000 288.8317 294.7144 280.0954 283.0444 285.6154 286.3710 278.9063 280.5627 280.3508 279.6335 274.2424 275.7383 275.0587 274.5379  33.6774
1968 2.2005478E-08 2.5835483E-08 2.1436176E-08 2.1324809E-08 2.0758810E-08 1.9501506E-08 2.0455563E-08 2.6457498E-08 1.4081635E-08 1.6894965E-08 2.4698172E-08 3.4729720E-08 1.3142072E-08 1.6865254E-08 2.2517948E-08 2.8724504E-08  281.5725 283.4875 288.3314 294.5076 279.6119 282.5435 284.9837 285.7153 278.5724 280.2964 280.0372 279.1029 274.0827 275.9328 275.5049 274.6468  97.871
1969 1.6642144E-08 2.2590337E-08 1.9504981E-08 2.1210001E-08 1.6813475E-08 1.7100204E-08 1.8324394E-08 2.6920707E-08 1.4179642E-08 1.7598948E-08 2.4045583E-08 3.3830489E-08 1.3345908E-08 1.8937063E-08 2.7332478E-08 3.3265941E-08  281.9467 284.2381 289.1154 294.7159 280.3604 283.6109 286.1811 286.5595 279.1556 281.2924 281.2942 280.2108 274.5114 276.7050 276.4149 275.6881  159.452
1970 9.7991348E-09 1.4809622E-08 1.1693325E-08 1.1389679E-08 1.1308287E-08 1.2539462E-08 1.2161083E-08 1.5690548E-08 8.7984979E-09 1.0145994E-08 1.5062763E-08 2.2213831E-08 9.0809165E-09 1.1281434E-08 1.6757483E-08 2.2131978E-08  282.8694 285.2728 290.2663 294.6531 281.2424 284.7526 287.6027 287.8853 280.3721 282.6241 282.7733 281.8784 276.1172 278.2112 277.7982 277.1292  94.6129
1971 1.6717175E-08 2.0149580E-08 1.4929023E-08 1.3197536E-08 1.6403270E-08 1.5466687E-08 1.4688435E-08 1.7598673E-08 1.2486518E-08 1.2334040E-08 1.6621637E-08 2.3238318E-08 1.0848151E-08 1.1607102E-08 1.5991056E-08 2.1027351E-08  281.9195 283.9049 288.8392 294.6458 280.1613 283.2431 286.0118 286.4711 279.0939 281.0609 281.1683 280.2084 274.8665 276.8044 276.4171 275.6989  2020.71
1972 2.4677552E-08 2.9772488E-08 2.4328184E-08 2.4821833E-08 2.3107120E-08 2.2772209E-08 2.4816785E-08 3.3345632E-08 1.6089452E-08 1.9058042E-08 2.8884559E-08 4.1074667E-08 1.4243311E-08 1.7993624E-08 2.6704464E-08 3.3917516E-08  281.1849 283.3657 288.3076 294.3485 279.2738 282.3590 284.9695 285.6370 278.1722 280.0424 279.8679 279.0753 273.6482 275.4153 274.9708 274.4236  354.29
1973 6.7926944E-09 1.2539456E-08 1.1819706E-08 1.0426848E-08 1.0022880E-08 1.0073935E-08 1.1707040E-08 1.1418929E-08 9.6137498E-09 1.0497565E-08 1.6319319E-08 2.1391402E-08 8.8208916E-09 1.1082228E-08 1.6556486E-08 2.3647109E-08  283.7004 286.2742 291.3193 294.7644 282.2737 285.9053 288.8395 288.9257 281.1025 283.5064 283.7878 282.8047 276.4883 278.7399 278.3867 277.7103  508.871
1974 1.8915751E-08 2.3014016E-08 1.5894329E-08 1.2910940E-08 1.9275115E-08 1.6165536E-08 1.3904021E-08 1.5020740E-08 1.2594492E-08 1.1546128E-08 1.6267467E-08 2.2855096E-08 1.0364301E-08 1.0780817E-08 1.5755925E-08 2.2133658E-08  282.3508 284.4634 289.5269 294.7264 280.6220 283.8801 286.8032 287.3534 279.6582 281.7679 281.7825 280.9196 275.2943 277.4728 277.0078 276.2289  3605.1
1975 9.1677022E-09 1.3422712E-08 1.1628265E-08 1.3015938E-08 9.3739629E-09 8.9096854E-09 9.7433812E-09 1.3379093E-08 7.3836155E-09 7.4740898E-09 1.2379083E-08 2.3134394E-08 8.1490565E-09 9.6280752E-09 1.4770254E-08 2.2904144E-08  282.9526 285.1967 289.8521 294.6424 281.2260 284.3927 286.9630 287.0578 279.8042 281.9607 281.9200 280.6823 275.1263 277.2732 276.6057 275.5786  295.806
1976 1.8479348E-08 2.3140778E-08 1.9381245E-08 1.6638172E-08 1.8174310E-08 1.8148965E-08 1.9933434E-08 2.1808699E-08 1.3431438E-08 1.5859545E-08 2.3757323E-08 3.2564149E-08 1.1908609E-08 1.5597736E-08 2.2898554E-08 3.0342214E-08  281.9293 283.9664 288.9074 294.6623 279.6328 282.8282 285.6466 286.4985 278.3239 280.3639 280.5355 279.9843 273.8731 276.0415 275.7870 275.3393  144.613
1977 1.1656954E-08 1.7521888E-08 1.5639268E-08 1.1927619E-08 1.2623000E-08 1.2385914E-08 1.5476642E-08 2.1276058E-08 9.6433599E-09 1.1284891E-08 1.9801758E-08 3.3741436E-08 1.1376382E-08 1.3988236E-08 2.1581121E-08 3.1458121E-08  282.4787 284.8757 289.6867 294.5559 280.5068 283.8672 286.4956 286.9271 279.1909 281.1927 281.1215 280.2686 274.3570 276.3151 275.8252 275.1839  146.677
1978 1.5194015E-08 2.0227739E-08 1.6581689E-08 1.5893701E-08 1.6618602E-08 1.5792949E-08 1.5366052E-08 1.9607075E-08 1.1758670E-08 1.2664375E-08 2.0207018E-08 3.0634457E-08 9.6214041E-09 1.1749641E-08 1.9589915E-08 2.8973002E-08  282.3643 284.2964 289.2222 294.7784 280.5487 283.5863 286.2693 286.6924 279.2893 281.1095 280.9652 279.9956 274.7553 276.5482 275.7370 274.8910  2256
1979 1.4316390E-08 2.0804888E-08 1.7553038E-08 1.6479230E-08 1.4054346E-08 1.3722700E-08 1.4572870E-08 1.9964892E-08 1.0734962E-08 1.2359357E-08 1.8903211E-08 2.9176409E-08 1.1867439E-08 1.5005734E-08 2.1711557E-08 2.9636645E-08  281.8239 283.9589 288.9601 294.5098 279.9620 283.2635 286.0577 286.5047 278.7497 281.0308 281.1966 280.3523 274.3397 276.4531 276.1244 275.5777  302.355
1980 1.2894362E-08 1.7857554E-08 1.3364793E-08 1.2440592E-08 1.5770159E-08 1.3150383E-08 1.3654931E-08 1.8253282E-08 1.3453044E-08 1.3661644E-08 2.0714070E-08 3.0058999E-08 1.3171007E-08 1.5922936E-08 2.2259803E-08 2.7640189E-08  282.3242 284.2637 288.9215 294.6340 280.6433 283.6166 286.0135 286.3750 279.3880 281.3817 281.2972 280.1664 274.6851 276.8501 276.5166 275.8322  21.8387
1981 1.4257070E-08 1.8966254E-08 1.5451665E-08 1.6152573E-08 1.5403817E-08 1.3377773E-08 1.3397075E-08 1.8300245E-08 1.2147250E-08 1.2611785E-08 1.8960344E-08 2.9343690E-08 1.2614933E-08 1.5140524E-08 2.2457643E-08 2.9351417E-08  282.1842 284.7310 289.7022 294.5557 280.3723 284.0300 286.8625 287.3637 279.2575 281.5332 281.8117 281.0849 274.6005 276.7438 276.5269 276.3185  244.452
1982 1.9028512E-08 2.4568733E-08 1.8299112E-08 2.1942499E-08 1.9089605E-08 1.7602355E-08 1.8925467E-08 2.7447712E-08 1.4265371E-08 1.4649677E-08 2.0606411E-08 3.2262861E-08 1.3417256E-08 1.4201192E-08 1.8893063E-08 2.8036274E-08  281.3181 282.8586 287.7279 294.5959 279.3211 282.2730 284.7756 285.4650 278.0842 280.0712 280.1029 279.2619 273.5587 275.6684 275.5146 274.8495  123.323
1983 9.9746025E-09 1.6376342E-08 1.3378812E-08 1.4987091E-08 1.1677202E-08 1.1309991E-08 1.2039289E-08 1.6752862E-08 1.0384822E-08 1.0927649E-08 1.7201421E-08 2.6970250E-08 9.9344417E-09 1.1873144E-08 1.8533314E-08 2.5902288E-08  282.7244 284.6784 289.5561 294.9832 281.1642 284.1783 286.7361 287.1729 279.8884 281.8294 281.8249 280.9281 275.2324 277.2841 277.0031 276.3095  56.1613
1984 1.3569094E-08 1.8660915E-08 1.6235596E-08 1.4071094E-08 1.6525251E-08 1.6017831E-08 1.7143662E-08 1.9989219E-08 1.3554454E-08 1.4175098E-08 2.0972031E-08 3.2014388E-08 1.1953183E-08 1.3968573E-08 2.0566057E-08 2.6931769E-08  282.5315 284.6563 289.6451 294.6689 280.3900 283.9263 286.8704 287.5479 278.9474 281.4283 281.9767 281.4030 274.4818 277.0076 277.2135 276.9126  23.8065
1985 1.3467004E-08 2.0202867E-08 1.4737252E-08 1.3431290E-08 1.5776557E-08 1.3323254E-08 1.3182201E-08 1.6810716E-08 1.0728977E-08 1.0877338E-08 1.7277024E-08 2.6732314E-08 1.0153168E-08 1.1941411E-08 1.8408112E-08 2.6446004E-08  282.6589 284.6866 289.6448 294.6920 280.7463 284.0330 286.9680 287.5543 279.3574 281.6359 282.0164 281.2356 274.5143 276.8490 276.9444 276.4169  56.0323
1986 2.0735021E-08 2.6830515E-08 1.9462332E-08 1.6020413E-08 1.7122147E-08 1.5353731E-08 1.5741936E-08 1.9069272E-08 1.2031498E-08 1.1336698E-08 1.7498904E-08 2.7625175E-08 1.2083502E-08 1.2841586E-08 1.7080231E-08 2.4140069E-08  281.4870 283.1732 287.9622 294.7438 279.8215 282.7142 285.1927 285.8176 278.7134 280.7291 280.7055 279.7023 274.3468 276.5374 276.1291 275.3337  78.1613
1987 1.6390047E-08 2.0727001E-08 1.7420824E-08 1.8489420E-08 1.4983790E-08 1.3565599E-08 1.5737406E-08 2.4025519E-08 1.1146169E-08 1.2313763E-08 1.9882432E-08 3.2440560E-08 1.0671762E-08 1.3413032E-08 2.1180259E-08 2.9020789E-08  281.2850 283.3014 288.2098 294.7148 279.4949 282.6685 285.1869 285.6423 278.4580 280.5011 280.3717 279.2929 274.0312 276.0762 275.5632 274.6980  361.097
1988 1.4850752E-08 1.9432044E-08 1.5037553E-08 1.1356585E-08 1.5335138E-08 1.3935699E-08 1.4087566E-08 1.5666801E-08 1.2172357E-08 1.1735875E-08 1.9761865E-08 2.8176718E-08 1.1095954E-08 1.2246357E-08 1.8910750E-08 2.6244251E-08  283.5547 285.9654 291.0562 294.7671 282.1086 285.3532 288.1660 288.4656 280.9187 282.9100 282.7762 281.7454 276.3389 278.1154 277.2369 276.2817  214.516
1989 1.8339747E-08 2.3784768E-08 1.9282291E-08 1.6609842E-08 1.7286247E-08 1.7175974E-08 1.8224078E-08 2.0971935E-08 1.3122287E-08 1.5795917E-08 2.4467671E-08 3.3013258E-08 1.2407929E-08 1.5084982E-08 2.2517579E-08 3.0665557E-08  282.5034 284.5926 289.5881 294.7525 280.7184 283.9934 286.8320 287.4762 279.2639 281.4913 281.9391 281.2259 274.6456 276.8040 276.7252 276.4100  111.71
1990 2.1153479E-08 2.6529806E-08 2.1179806E-08 1.9480177E-08 2.1679982E-08 1.7583828E-08 1.9688065E-08 2.5452835E-08 1.6321168E-08 1.6461929E-08 2.4063917E-08 3.5458722E-08 1.4977513E-08 1.7227723E-08 2.4429907E-08 3.3305259E-08  281.7635 283.4370 288.2720 294.6745 279.6231 282.6480 285.2412 286.0385 278.3441 280.1873 280.1371 279.3653 273.7286 275.5914 275.1165 274.3874  294.29
1991 1.4085488E-08 2.0991875E-08 1.5371533E-08 1.5997257E-08 1.5459690E-08 1.4806856E-08 1.5108478E-08 1.9531269E-08 1.3199804E-08 1.5113269E-08 2.2231005E-08 3.1476677E-08 1.2777715E-08 1.6433031E-08 2.2940359E-08 3.1314503E-08  281.6141 283.6486 288.5325 294.8311 279.7301 282.7897 285.4113 286.1145 278.2106 280.2153 280.2985 279.6162 273.2826 275.3967 275.2393 274.8066  110.645
1992 2.4547237E-08 2.8835686E-08 2.0147619E-08 1.8450883E-08 2.2450793E-08 1.7369503E-08 1.8161613E-08 2.2461332E-08 1.4170420E-08 1.4212295E-08 2.1492170E-08 3.2058654E-08 1.3489598E-08 1.5781861E-08 2.2096110E-08 2.8654110E-08  280.8256 282.3669 287.2866 294.8154 278.7703 281.7449 284.3427 285.2863 277.7955 279.7338 279.8391 279.0082 273.3038 275.5125 275.4276 274.7689  233.548
1993 2.7641214E-08 3.2789131E-08 2.6316004E-08 2.6658892E-08 2.4270177E-08 2.0799941E-08 2.1678501E-08 2.9851321E-08 1.7521472E-08 1.7265647E-08 2.5282111E-08 3.7369407E-08 1.5784286E-08 1.7929430E-08 2.3535568E-08 3.0417766E-08  280.6286 282.4813 287.5437 294.6073 279.0861 282.0880 284.5818 285.2471 278.3933 280.3572 280.0950 279.0820 274.2079 276.1955 275.6785 274.7575  59
1994 1.9206368E-08 2.4379172E-08 1.7396266E-08 1.2903019E-08 1.8640922E-08 1.6673127E-08 1.6393827E-08 1.9432541E-08 1.3707326E-08 1.4610238E-08 2.2050584E-08 3.2366696E-08 1.2882456E-08 1.5635823E-08 2.3230262E-08 3.0807591E-08  281.7218 284.1227 289.2297 294.7893 280.0886 283.5771 286.2541 286.8050 279.2130 281.2648 281.1884 280.3783 274.5364 276.6441 276.2498 275.7053  119.807
1995 2.3617169E-08 2.7826168E-08 2.0910949E-08 1.8706919E-08 2.1152488E-08 1.7254701E-08 1.7571626E-08 2.1828043E-08 1.2999188E-08 1.4179183E-08 2.2422523E-08 3.1478706E-08 1.2094081E-08 1.5970734E-08 2.3822878E-08 3.2742680E-08  281.8980 283.7200 288.6449 294.8522 280.0531 283.0921 285.9470 286.6512 278.7863 280.9776 281.2561 280.4034 274.4357 276.5373 276.2681 275.7178  55.8387
1996 2.0196742E-08 2.6849900E-08 2.0485475E-08 1.7359490E-08 1.8179170E-08 1.6863561E-08 1.7257934E-08 2.1939059E-08 1.1205634E-08 1.2484011E-08 1.9946022E-08 3.1379496E-08 1.1483035E-08 1.3348676E-08 2.1021693E-08 3.0434865E-08  282.1596 284.0861 288.9717 294.7681 280.4201 283.5738 286.1999 286.7733 279.1993 281.2607 281.3927 280.5452 274.6721 276.7646 276.5182 275.9109  336.516
1997 1.9020115E-08 2.7133598E-08 2.9375805E-08 3.0006909E-08 1.9669967E-08 2.3813104E-08 3.1467614E-08 3.8199047E-08 1.8321925E-08 2.2876907E-08 3.3881804E-08 4.5703818E-08 1.7362460E-08 2.2219474E-08 3.1302406E-08 3.8783661E-08  281.1330 283.6789 288.7801 294.4834 279.8937 283.3646 285.7491 285.9954 279.2390 281.1496 280.9411 279.8103 274.8401 276.6931 276.1287 275.3527  238.516
1998 1.0234715E-08 1.5044337E-08 9.9963158E-09 1.1482558E-08 9.8329043E-09 1.0927431E-08 9.4763974E-09 1.1693208E-08 8.4479632E-09 1.0227273E-08 1.5101671E-08 2.2210401E-08 8.5148573E-09 1.1105606E-08 1.8358726E-08 2.5465862E-08  284.3474 286.4420 291.1652 294.5682 282.7166 285.8344 288.5222 288.6403 280.9311 283.0685 283.2015 282.2305 276.0497 278.0486 277.6712 276.8735  1099.77
1999 9.2226076E-09 1.7373610E-08 1.4492304E-08 1.2956860E-08 8.9785788E-09 9.2182981E-09 8.7706198E-09 1.4001024E-08 8.0512450E-09 9.6326627E-09 1.4013819E-08 2.0860830E-08 1.0123936E-08 1.3102770E-08 1.7363133E-08 2.2791502E-08  283.9316 286.0586 290.8304 294.7789 282.2740 285.4561 288.3470 288.6964 280.2793 282.4695 282.9244 282.3085 275.0535 277.3060 277.4229 277.1862  81.6774
2000 1.7538742E-08 2.4109710E-08 1.7896239E-08 1.5638836E-08 1.6737204E-08 1.4121666E-08 1.2346669E-08 1.6442906E-08 1.0647839E-08 1.0070424E-08 1.4986821E-08 2.5462946E-08 1.1987763E-08 1.3830832E-08 1.9132594E-08 2.7304614E-08  282.7140 284.6069 289.6041 295.0048 281.0340 284.0762 286.9315 287.5834 279.6644 281.6917 281.8924 281.1592 274.8703 276.7536 276.4908 276.0154  34.8065
2001 1.4189073E-08 1.9233198E-08 1.4520940E-08 1.1377029E-08 1.2465678E-08 1.1619270E-08 1.3255351E-08 1.6242717E-08 9.3245340E-09 1.1168211E-08 1.8767883E-08 2.7402079E-08 1.0557855E-08 1.4517004E-08 2.1451186E-08 2.8322610E-08  282.5525 284.6968 289.7407 294.9135 281.0931 284.2771 287.0764 287.4479 279.8156 281.9584 281.9954 281.1542 275.1172 277.1050 276.7701 276.1967  101.258
2002 1.8935848E-08 2.3554881E-08 1.6447281E-08 1.5148897E-08 1.7513411E-08 1.5965236E-08 1.6467933E-08 1.8525963E-08 1.2044314E-08 1.2915310E-08 1.9466103E-08 2.8222154E-08 1.0343137E-08 1.2807378E-08 2.0857819E-08 2.9853851E-08  281.5881 283.5087 288.6819 294.8486 279.8632 283.1258 285.9911 286.6895 278.6247 281.0275 281.3810 280.5641 274.0650 276.4708 276.5243 276.1118  98.871
2003 1.8966986E-08 2.6763111E-08 2.0702803E-08 1.8101398E-08 2.1447411E-08 1.9494282E-08 1.8730761E-08 2.2497369E-08 1.4335982E-08 1.3522763E-08 1.9235451E-08 3.1936111E-08 1.2576074E-08 1.2958166E-08 1.7408210E-08 2.5872733E-08  282.6741 283.9929 288.6759 294.9998 280.5063 282.9686 285.6182 286.6240 279.0380 280.7216 280.7591 280.1227 274.4174 276.1898 275.9076 275.3075  66.0968
2004 1.6988151E-08 2.3083455E-08 1.9503732E-08 1.7561996E-08 1.6795964E-08 1.5112912E-08 1.7429398E-08 2.2135128E-08 1.2789100E-08 1.4013702E-08 2.1951230E-08 3.2611922E-08 1.1933116E-08 1.4617066E-08 2.1370404E-08 2.9661198E-08  282.1711 284.0887 289.0356 294.5459 280.4262 283.5255 286.2848 286.9092 279.0441 281.1535 281.3489 280.5631 274.3949 276.6436 276.4900 275.9190  183.903
2005 2.0394234E-08 2.6288346E-08 2.0227564E-08 1.8321426E-08 2.0693852E-08 1.7063481E-08 1.9079279E-08 2.4840052E-08 1.4142125E-08 1.4110372E-08 2.3641071E-08 3.6177475E-08 1.2247110E-08 1.4535223E-08 2.2764269E-08 3.1560248E-08  282.3029 284.4075 289.3650 294.5884 280.3767 283.4597 286.0972 286.8504 279.2154 281.0560 280.9718 280.1741 274.6947 276.5997 276.0491 275.3397  157.935
2006 1.9658865E-08 2.6962658E-08 2.2245182E-08 1.7531432E-08 2.2207098E-08 1.9619762E-08 2.1392980E-08 2.3320700E-08 1.5746881E-08 1.7313509E-08 2.5494959E-08 3.2837171E-08 1.3270144E-08 1.5843394E-08 2.1252385E-08 2.7289929E-08  282.4073 283.8852 288.7337 294.7664 280.2552 282.8793 285.5360 286.5429 279.0624 280.5987 280.7040 280.1028 274.5463 276.3927 276.0328 275.3892  28.3871
2007 1.2176972E-08 1.7835799E-08 1.5939127E-08 1.2660217E-08 1.3475319E-08 1.2900286E-08 1.5282083E-08 1.7163096E-08 1.1485972E-08 1.1321738E-08 2.0418476E-08 3.1270041E-08 1.2725017E-08 1.5434614E-08 2.2009482E-08 3.1639281E-08  283.3709 285.7237 290.6604 294.9139 281.6832 285.1103 287.9913 288.2970 280.2806 282.6055 282.8560 282.0348 275.6417 277.7461 277.5103 277.0215  1258.87
2008 1.0273268E-08 1.5398852E-08 1.2399524E-08 1.2789964E-08 1.1474770E-08 1.0649994E-08 1.0886597E-08 1.4645595E-08 9.8546051E-09 1.0039038E-08 1.5980117E-08 2.4217428E-08 1.1069849E-08 1.2083352E-08 1.8688331E-08 2.6382420E-08  283.5229 285.5186 290.0101 294.4445 281.5271 284.5045 286.9537 287.2473 279.7248 281.5887 281.7353 280.9075 274.9360 276.6750 276.2118 275.7212  97.5484
2009 1.4668790E-08 2.1336751E-08 1.6188194E-08 1.5916649E-08 1.5064407E-08 1.6636834E-08 1.7208505E-08 2.1780915E-08 1.1485891E-08 1.4580987E-08 2.2699753E-08 3.1310915E-08 9.6953352E-09 1.3552193E-08 2.2498554E-08 2.9859518E-08  281.6854 284.2050 289.4240 294.6087 280.3423 283.9459 286.6739 286.9889 279.5175 281.9640 282.1120 281.1143 275.0644 277.4438 277.2718 276.7087  53.6452
2010 1.2378557E-08 1.8170851E-08 1.2459944E-08 1.2135305E-08 1.3718223E-08 1.3017414E-08 1.0975616E-08 1.3457853E-08 9.9994315E-09 1.0153300E-08 1.3775066E-08 2.1325164E-08 8.9244230E-09 1.0266664E-08 1.4469661E-08 2.0427635E-08  283.5574 285.7445 290.6920 295.2369 282.1656 285.1775 287.7685 287.9964 280.9178 282.7872 282.6638 281.4486 276.4133 278.2256 277.5963 276.4686  72.2258
2011 1.3516982E-08 1.7921870E-08 1.3245146E-08 1.3546988E-08 1.5361444E-08 1.4156725E-08 1.3273309E-08 1.7612603E-08 1.4016401E-08 1.5037324E-08 2.0427825E-08 2.7439860E-08 1.2330869E-08 1.6730100E-08 2.4684118E-08 2.9689490E-08  283.1912 286.0622 291.0370 294.6182 281.6596 285.5059 288.3011 288.4657 280.6425 283.1367 283.3061 282.3324 276.3091 278.6193 278.2147 277.5570  3.69032
2012 1.7930596E-08 2.4373490E-08 1.8685601E-08 1.6109551E-08 1.8250812E-08 1.7520101E-08 1.8655372E-08 2.2481103E-08 1.3893839E-08 1.5785774E-08 2.3986187E-08 3.3656132E-08 1.2672293E-08 1.6582600E-08 2.3638874E-08 3.2605101E-08  282.4417 284.2243 289.0872 294.3936 280.6842 283.7175 286.4133 287.0172 279.4012 281.5681 281.6864 281.0294 274.9943 277.1667 276.9388 276.4735  6.4871
2013 1.6300572E-08 2.1976110E-08 1.8670109E-08 1.6412628E-08 1.6176866E-08 1.4397926E-08 1.7734234E-08 2.2933436E-08 1.0726047E-08 1.1470081E-08 2.0851470E-08 3.5076368E-08 1.0020558E-08 1.2154856E-08 2.0551562E-08 2.9385543E-08  282.7990 284.7852 289.5070 294.7942 280.6817 283.8788 286.5157 287.1776 279.3464 281.5028 281.5643 280.7742 274.6711 276.8998 276.5909 275.9563  8.26129
2014 1.9846071E-08 2.4067619E-08 1.7183991E-08 1.6836442E-08 1.9724117E-08 1.7614250E-08 1.6779431E-08 2.1496129E-08 1.3628926E-08 1.5189221E-08 2.2598449E-08 3.2689663E-08 1.1998877E-08 1.5680346E-08 2.3796364E-08 3.0685779E-08  282.0092 283.9570 288.8929 294.5664 280.0910 283.1843 285.7940 286.4191 279.0806 280.9356 280.8286 279.9808 274.6113 276.5432 275.9747 275.2990  38.9516
2015 1.6359909E-08 1.9132818E-08 1.9614461E-08 2.2850783E-08 1.7486791E-08 1.5989857E-08 1.9749153E-08 2.8586435E-08 1.3961025E-08 1.4882602E-08 2.3317250E-08 3.4919928E-08 1.3541458E-08 1.6753216E-08 2.3992127E-08 3.2340438E-08  280.8897 283.8055 289.0983 294.3936 279.7370 283.5065 286.0775 286.3384 279.3396 281.5143 281.3938 280.4676 275.0938 277.1475 276.8070 276.3364  51.4516
