STN,prec_1,prec_2,prec_3,prec_4,prec_5,prec_6,prec_7,prec_8,prec_9,prec_10,prec_11,prec_12,prec_13,prec_14,prec_15,prec_16,st_1,st_2,st_3,st_4,st_5,st_6,st_7,st_8,st_9,st_10,st_11,st_12,st_13,st_14,st_15,st_16,01.0
LAT,26.51077,26.51077,26.51077,26.51077,29.30136,29.30136,29.30136,29.30136,32.09194,32.09194,32.09194,32.09194,34.88252,34.88252,34.88252,34.88252,26.51077,26.51077,26.51077,26.51077,29.30136,29.30136,29.30136,29.30136,32.09194,32.09194,32.09194,32.09194,34.88252,34.88252,34.88252,34.88252,30.7512899
LON,-104.0625,-101.2500,-98.43750,-95.62500,-104.0625,-101.2500,-98.43750,-95.62500,-104.0625,-101.2500,-98.43750,-95.62500,-104.0625,-101.2500,-98.43750,-95.62500,-104.0625,-101.2500,-98.43750,-95.62500,-104.0625,-101.2500,-98.43750,-95.62500,-104.0625,-101.2500,-98.43750,-95.62500,-104.0625,-101.2500,-98.43750,-95.62500,-98.6697599
1958 1.8457119E-08 2.2850902E-08 2.1246271E-08 1.9508336E-08 1.8327338E-08 2.1618090E-08 2.7051962E-08 3.5080721E-08 1.5368490E-08 2.1397321E-08 3.6049727E-08 5.0068174E-08 1.6518264E-08 2.3531150E-08 3.3884085E-08 4.3686693E-08  282.6832 285.8058 291.1898 293.8137 281.5996 285.6280 288.1594 287.9746 281.2179 283.5278 283.2226 282.0228 276.9489 278.9200 278.2996 277.6635  463
1959 2.5286852E-08 3.3066907E-08 2.7135588E-08 1.9680668E-08 2.6648397E-08 2.6515153E-08 2.5785932E-08 2.8039945E-08 1.9970688E-08 2.2154738E-08 2.9902687E-08 3.9491400E-08 1.8717980E-08 2.1851465E-08 2.7750991E-08 3.3455237E-08  282.8071 285.1496 290.2910 294.0895 281.4893 284.8716 287.5677 287.8942 281.3331 283.1567 282.9941 281.9037 277.2465 279.0853 278.5534 277.7777  198.806
1960 2.0219183E-08 2.7728230E-08 2.2504787E-08 1.8843433E-08 1.9714090E-08 1.8414525E-08 1.6877259E-08 2.2820457E-08 1.4454558E-08 1.5298927E-08 2.1533655E-08 3.0593100E-08 1.4009418E-08 1.7932175E-08 2.5127141E-08 3.1568639E-08  283.6888 286.1639 291.3000 293.9232 282.4145 286.2094 289.0717 289.0731 281.9245 284.3386 284.4746 283.3279 277.5432 279.7553 279.5550 279.1995  446.968
1961 1.2624999E-08 1.8291329E-08 1.4294395E-08 1.1073084E-08 1.2050070E-08 1.1650223E-08 1.0439677E-08 1.3564977E-08 8.8472563E-09 9.6433332E-09 1.4975281E-08 2.3347875E-08 1.1002367E-08 1.2493047E-08 1.7581371E-08 2.3761050E-08  284.2061 286.7165 291.7838 294.1480 283.3495 286.9398 289.4963 289.2023 283.0551 285.2566 284.7982 283.3525 278.7338 280.7274 280.0332 279.0958  615.452
1962 9.0696881E-09 1.7418600E-08 1.7895401E-08 1.4676426E-08 1.1696825E-08 1.3811359E-08 1.6506233E-08 2.3005510E-08 9.6845278E-09 1.1288338E-08 2.1180123E-08 3.5444078E-08 1.0473627E-08 1.4264967E-08 2.2851205E-08 3.1379447E-08  284.2382 286.6104 291.5798 294.3994 282.4856 285.8763 288.5598 288.8202 281.3204 283.5235 283.2770 282.2630 276.6890 278.7722 278.3590 277.6658  181.161
1963 1.5417731E-08 2.1412145E-08 2.0282775E-08 1.4579904E-08 1.9053438E-08 2.0128796E-08 2.2314650E-08 2.5926019E-08 1.4753446E-08 1.6631441E-08 2.5521670E-08 3.8856420E-08 1.2693544E-08 1.4836057E-08 2.2200316E-08 3.1607989E-08  284.4497 287.1965 292.2380 293.9701 282.8349 286.5812 289.2222 289.3468 282.0981 284.4665 284.2159 283.0141 277.8516 280.0193 279.4351 278.4219  96.4516
1964 1.2751547E-08 2.2651125E-08 2.1772802E-08 1.8571276E-08 1.5377919E-08 1.7851317E-08 2.1394250E-08 2.8269660E-08 1.4291685E-08 1.6944432E-08 2.4864613E-08 3.5801044E-08 1.6183552E-08 1.9483089E-08 2.5082707E-08 3.1392108E-08  283.2879 285.5155 290.6550 293.8609 281.8818 285.3355 287.9926 288.0953 281.0784 283.4056 283.2784 282.2179 276.5201 278.8333 278.5947 278.1245  98.4516
1965 1.3769396E-08 1.7655147E-08 1.7444364E-08 1.2871156E-08 1.4304208E-08 1.6490388E-08 1.8026164E-08 2.0153692E-08 1.1694233E-08 1.4799194E-08 2.6062521E-08 3.7079523E-08 1.1730011E-08 1.5664716E-08 2.6397490E-08 3.8116418E-08  284.9294 287.8567 292.8093 293.9594 283.4840 287.3943 290.1012 290.0293 282.3578 284.9064 284.8456 283.7917 277.7705 280.0564 279.7972 279.0351  180.742
1966 1.5527263E-08 2.0927400E-08 2.0583110E-08 2.1200551E-08 1.6656871E-08 1.7436570E-08 2.3079386E-08 3.3281935E-08 1.4882195E-08 1.8934429E-08 3.1766596E-08 4.3591466E-08 1.5680230E-08 2.2275955E-08 3.1521534E-08 3.7991299E-08  282.2754 285.2107 290.4843 294.0045 281.1454 284.9609 287.3656 287.4535 280.7463 282.9356 282.6061 281.3824 276.3664 278.3769 277.8595 277.1935  113.419
1967 9.3118677E-09 1.5069650E-08 1.4945387E-08 1.5164153E-08 1.1321998E-08 1.1228931E-08 1.3716082E-08 2.0094422E-08 1.0381088E-08 1.1519481E-08 1.9959661E-08 2.9631764E-08 1.1638830E-08 1.5213519E-08 2.3747493E-08 3.0524223E-08  283.9349 286.4958 291.4667 293.8728 282.5382 286.2596 288.9632 288.8549 281.6164 284.1750 284.2207 283.0398 276.9926 279.5914 279.3694 278.7605  111.29
1968 2.0241618E-08 2.7615245E-08 2.4395241E-08 1.9533802E-08 2.2479124E-08 2.4218970E-08 2.4760519E-08 2.9378125E-08 1.8305897E-08 2.0317531E-08 2.8670755E-08 4.0055987E-08 1.6439031E-08 2.0235586E-08 2.9232474E-08 3.8654967E-08  283.1252 285.7356 291.2538 294.2639 281.7623 285.6171 288.8080 289.1723 281.1877 283.5308 283.6670 282.7603 276.8695 278.8658 278.5695 278.0238  2483.03
1969 1.7723442E-08 2.6446315E-08 2.6068554E-08 2.1447811E-08 1.9018390E-08 1.9984713E-08 2.2093994E-08 2.6457085E-08 1.5479309E-08 1.7040145E-08 2.3846512E-08 3.0874610E-08 1.3369582E-08 1.7970809E-08 2.3417423E-08 2.6828429E-08  282.9536 285.5692 290.8873 293.8772 281.9501 285.6149 288.4859 288.4928 281.8135 284.2199 284.1860 282.9347 277.8625 280.1996 279.8084 278.8923  120.774
1970 1.9260927E-08 2.8315265E-08 2.9108270E-08 2.2731710E-08 1.9949750E-08 2.4401317E-08 2.9071812E-08 3.3323754E-08 1.7142392E-08 2.1864709E-08 3.0593320E-08 3.9822122E-08 1.6953734E-08 2.2754282E-08 2.8196697E-08 3.3543660E-08  282.6344 284.9837 290.1709 293.8368 281.3852 284.8254 287.3932 287.6348 280.8253 283.1211 283.0002 281.9167 276.7896 278.9340 278.6246 278.1014  408.581
1971 1.2074003E-08 1.6769082E-08 1.6851548E-08 1.4257082E-08 1.2730283E-08 1.2712237E-08 1.3865180E-08 1.8170280E-08 1.0895400E-08 1.2022627E-08 2.0135930E-08 3.2120258E-08 1.1944306E-08 1.5433843E-08 2.6076945E-08 3.6508169E-08  284.5579 287.4528 292.4943 294.1205 283.0454 287.0309 290.0423 289.9763 282.0048 284.8449 285.1336 284.1496 277.5683 280.2201 280.2332 279.7012  123.097
1972 1.5270889E-08 2.6518249E-08 2.4704805E-08 1.8262767E-08 1.6738172E-08 1.8701463E-08 1.9613081E-08 2.3513728E-08 1.2665875E-08 1.3580506E-08 2.1902649E-08 3.4403641E-08 1.4248852E-08 1.5168700E-08 2.0502551E-08 2.8670152E-08  284.3420 286.7532 291.9527 294.5299 283.1490 286.4012 289.0684 289.3392 282.3106 284.1377 283.7650 282.6917 278.0304 279.5157 278.7556 278.0258  320.387
1973 1.3024978E-08 2.1723100E-08 2.3656646E-08 2.6145537E-08 1.4186915E-08 1.6932093E-08 2.5758734E-08 3.7756482E-08 1.3019417E-08 1.7153884E-08 3.1171361E-08 4.6683585E-08 1.5863868E-08 2.2562247E-08 3.2272727E-08 3.9967361E-08  282.1135 284.7976 289.9109 294.3993 280.8447 284.4192 286.5247 286.3510 280.1762 282.2642 281.4947 280.1543 275.7522 277.5110 276.5130 275.8410  181.548
1974 5.5837583E-09 1.2928822E-08 1.2244614E-08 1.1035265E-08 6.7680448E-09 8.2537879E-09 9.1818775E-09 1.4141229E-08 5.9060477E-09 7.1317112E-09 1.3659795E-08 2.3107832E-08 7.9564666E-09 9.6453130E-09 1.7480106E-08 2.6697784E-08  285.9814 288.7645 293.7711 294.2838 285.0002 288.8184 291.6190 291.1634 283.8260 286.3948 286.3052 285.0323 278.7655 280.9521 280.5005 279.7705  245.355
1975 1.7095758E-08 2.6502910E-08 2.3792394E-08 1.8601606E-08 1.7010247E-08 1.9764702E-08 2.1818265E-08 2.5352666E-08 1.3852828E-08 1.7281167E-08 2.5104221E-08 3.2962188E-08 1.5258429E-08 1.9094834E-08 2.5194828E-08 2.9993231E-08  283.9758 286.5498 291.6965 294.0523 283.0500 286.5836 289.3191 289.2828 282.2030 284.4886 284.4729 283.5250 277.6769 279.6299 279.3080 278.8298  414.613
1976 8.7842453E-09 1.5283472E-08 1.2928981E-08 1.1510057E-08 1.0705953E-08 1.0501029E-08 1.1675070E-08 1.4583021E-08 9.7208126E-09 9.5700816E-09 1.6227007E-08 2.6551904E-08 1.1224210E-08 1.2547010E-08 1.8656241E-08 2.8645625E-08  284.8600 287.6376 292.5844 294.0016 283.5101 287.1461 289.7879 289.7468 282.3265 284.5567 284.3946 283.2284 277.5793 279.5420 278.8405 278.0812  225.097
1977 2.6342329E-08 3.4990268E-08 2.9293822E-08 2.5740478E-08 2.4488900E-08 2.7357062E-08 2.8111645E-08 3.3503781E-08 1.8319684E-08 2.3773822E-08 3.4457894E-08 4.4050367E-08 1.6297895E-08 2.0985800E-08 2.8172227E-08 3.5376850E-08  282.1648 284.5225 289.7968 293.6136 280.9246 284.4440 287.1039 287.3661 280.7044 282.7531 282.3801 281.2130 276.6182 278.4279 277.8058 276.9995  296.387
1978 1.8392990E-08 2.8704010E-08 2.7117494E-08 2.1599103E-08 1.9539502E-08 2.2652609E-08 2.5250641E-08 2.9395750E-08 1.6651162E-08 1.8700259E-08 2.6882198E-08 3.7745302E-08 1.6711272E-08 1.8873260E-08 2.3463413E-08 3.1831501E-08  282.9273 285.7332 291.2476 294.2077 281.9783 285.8633 288.7481 288.7457 281.8951 284.2299 284.1081 282.9073 277.7856 279.8892 279.4861 278.7179  178.419
1979 1.6648379E-08 2.6086544E-08 2.0898153E-08 1.7491288E-08 1.7408258E-08 1.7792260E-08 1.7296882E-08 2.2183139E-08 1.1987919E-08 1.3500641E-08 2.1608368E-08 3.3330920E-08 1.2811833E-08 1.5025705E-08 2.2104320E-08 3.0971698E-08  283.4882 285.8190 290.9711 294.2705 282.3705 285.7975 288.3435 288.5461 282.0685 284.1996 283.6551 282.3715 277.8102 279.7321 278.9163 277.9956  180.355
1980 2.0592591E-08 2.8225674E-08 2.1297188E-08 1.6078104E-08 1.8848921E-08 1.7372365E-08 1.7864693E-08 2.1187223E-08 1.2945880E-08 1.4042063E-08 2.1517101E-08 2.9916492E-08 1.3672965E-08 1.7572296E-08 2.2814081E-08 2.8683194E-08  282.3505 285.2495 290.7931 293.7217 281.4728 285.4305 288.1418 288.2320 281.4241 283.8761 283.5710 282.2588 277.3049 279.5151 278.8830 277.9028  155.677
1981 1.7150434E-08 2.4301858E-08 1.9573413E-08 1.6277419E-08 1.6571944E-08 1.8259032E-08 1.9360744E-08 2.1010797E-08 1.3639912E-08 1.8586073E-08 2.5212781E-08 3.0466925E-08 1.4292501E-08 1.9368011E-08 2.7286433E-08 3.1782989E-08  283.7579 286.3995 291.5060 293.7151 282.9831 286.6870 289.3748 289.2204 282.7905 285.1559 285.0203 283.7478 278.7000 280.7675 280.3512 279.5412  177.613
1982 1.3381513E-08 2.0334445E-08 1.5325300E-08 1.3695916E-08 1.5502881E-08 1.5165716E-08 1.6028000E-08 1.9306977E-08 1.2104272E-08 1.3374446E-08 2.1080842E-08 2.9550987E-08 1.3821857E-08 1.6430535E-08 2.3908139E-08 3.0926905E-08  283.8431 286.2895 291.5019 294.0789 282.6051 286.3067 288.9999 289.0924 281.9612 284.3503 284.2665 283.1625 277.4261 279.6768 279.3066 278.6337  221.419
1983 1.2494569E-08 1.9650761E-08 1.9537101E-08 2.2454982E-08 1.3423320E-08 1.7578932E-08 2.6281118E-08 3.5192063E-08 1.4063211E-08 2.0277444E-08 3.2807577E-08 4.3026354E-08 1.4478138E-08 2.1002675E-08 3.0565214E-08 3.8320771E-08  281.5275 284.3459 289.6691 294.3411 280.6233 284.2679 286.3483 286.0022 280.1952 282.1730 281.4711 279.9584 275.9966 277.6646 276.5334 275.6840  136.258
1984 2.2894353E-08 2.8569305E-08 2.3220307E-08 1.6491924E-08 2.3115279E-08 2.0739604E-08 2.1055387E-08 2.3282990E-08 1.5884908E-08 1.5267432E-08 2.2800451E-08 3.4940857E-08 1.3938844E-08 1.5297237E-08 2.3164750E-08 3.3170288E-08  284.0451 286.3599 291.3615 294.3797 282.3236 285.7113 288.4073 288.9584 281.7437 283.6534 283.5023 282.5683 277.4570 279.3167 278.8330 277.8905  104.806
1985 1.0290194E-08 1.7156497E-08 1.5883238E-08 1.2578508E-08 1.2275206E-08 1.5811647E-08 1.4867411E-08 1.7970795E-08 1.0015611E-08 1.2577823E-08 2.0086267E-08 2.8679006E-08 9.5856807E-09 1.3017429E-08 1.9071035E-08 2.4783057E-08  285.1104 287.7305 292.5475 294.0369 284.0777 287.7287 290.3956 290.2566 283.3714 285.7038 285.5055 284.4507 278.9784 281.0070 280.5868 279.9143  1506.45
1986 2.1246553E-08 2.9900580E-08 2.4536559E-08 1.7501550E-08 1.9877035E-08 1.8862286E-08 1.7279662E-08 2.1636808E-08 1.3689020E-08 1.4093589E-08 1.9956014E-08 2.9732988E-08 1.3715209E-08 1.5735642E-08 2.0718611E-08 2.7218713E-08  282.8278 285.2777 290.6681 294.3166 281.9360 285.4565 288.1237 288.1664 282.0446 283.9886 283.4908 282.1616 277.9537 279.6210 278.7613 277.5638  143.419
1987 2.4552648E-08 3.3213535E-08 2.9783646E-08 2.4835497E-08 2.2719753E-08 2.4312062E-08 2.5907934E-08 2.9581633E-08 1.7191008E-08 1.9702863E-08 2.8457588E-08 3.6848192E-08 1.6431974E-08 2.0268894E-08 2.6677737E-08 3.1891364E-08  281.8706 284.3083 289.7739 294.1091 281.0866 284.7646 287.5595 288.0551 281.5424 283.6862 283.6682 282.6890 277.6794 279.8681 279.6404 279.0812  538.161
1988 1.5703923E-08 2.3936879E-08 1.9037905E-08 1.6448782E-08 1.4664566E-08 1.6753118E-08 1.9174724E-08 2.2249468E-08 1.3506047E-08 1.7318490E-08 2.7973520E-08 3.6288228E-08 1.4667453E-08 2.0788237E-08 3.1157892E-08 3.8776232E-08  283.0554 285.7927 291.0696 293.9149 282.3063 286.0986 288.6407 288.2532 281.9622 284.4420 284.2586 282.8835 277.9336 280.1641 279.8540 278.9175  272.129
1989 7.9772535E-09 1.6169439E-08 1.8757333E-08 1.5565604E-08 1.1744512E-08 1.2559044E-08 1.6001886E-08 2.1644585E-08 1.1119383E-08 1.1846081E-08 1.8077982E-08 3.0546101E-08 1.3403857E-08 1.6588336E-08 2.2251394E-08 3.0624797E-08  285.6227 288.2918 293.1418 294.1302 284.0901 287.6959 290.4578 290.4336 282.6605 285.1351 285.2417 284.1962 277.8081 279.9803 279.6734 279.2464  225.774
1990 1.6793230E-08 2.5344834E-08 2.3403194E-08 1.7613939E-08 1.9550166E-08 1.9021067E-08 1.9010008E-08 2.2039151E-08 1.5191340E-08 1.6921184E-08 2.4987798E-08 3.3684355E-08 1.4956345E-08 1.9247853E-08 2.7465836E-08 3.5106982E-08  283.7237 286.3479 291.4080 293.7563 282.4347 286.0857 288.7487 288.9477 282.1037 284.1390 283.8024 282.7511 277.7240 279.6282 279.0090 278.4182  156.935
1991 1.8250912E-08 2.5648436E-08 2.0142984E-08 1.6725810E-08 1.8718696E-08 1.6795859E-08 1.6689011E-08 2.0739689E-08 1.3537906E-08 1.3174776E-08 2.0149404E-08 2.9823493E-08 1.3459254E-08 1.4223994E-08 1.9891107E-08 2.8214481E-08  282.7755 284.9260 290.2186 294.1562 281.8513 285.2464 287.9012 288.1342 281.8812 283.9525 283.5587 282.2204 277.8332 279.7935 279.1060 278.0767  223.387
1992 2.5598135E-08 3.3213219E-08 3.2911171E-08 2.9607129E-08 2.5334607E-08 2.8115458E-08 3.3579660E-08 4.0740215E-08 2.1437231E-08 2.5854836E-08 3.7326057E-08 4.8341903E-08 1.9543126E-08 2.5556881E-08 3.4146929E-08 4.2007034E-08  280.9871 283.7261 289.2200 293.8794 280.2282 283.9342 286.5717 286.8290 280.5027 282.4284 282.1711 281.1476 276.8156 278.4808 277.8543 277.2991  842.774
1993 3.1379514E-08 3.5826005E-08 2.7256304E-08 2.0780069E-08 2.8221971E-08 2.3671486E-08 2.2230500E-08 2.7399627E-08 1.6896589E-08 1.7138351E-08 2.3602416E-08 3.5027170E-08 1.5370528E-08 1.6438761E-08 2.0633468E-08 2.6937697E-08  281.5919 284.0004 289.3578 293.9955 280.5953 284.2669 286.9331 287.2726 280.8298 282.9305 282.7369 281.5775 276.7450 278.9091 278.5094 277.7630  326.871
1994 1.9430402E-08 2.8110772E-08 2.1850362E-08 1.6594043E-08 2.1553268E-08 2.1625574E-08 2.1073213E-08 2.3548326E-08 1.5981984E-08 1.7955957E-08 2.4540576E-08 3.3347192E-08 1.6110731E-08 1.9169166E-08 2.5650515E-08 3.1819773E-08  283.0120 285.6112 290.8467 293.9017 281.6510 285.2797 287.8916 287.9554 281.3361 283.3783 282.9337 281.6430 276.9770 278.7979 277.9755 276.9655  171.419
1995 2.6770987E-08 3.8033026E-08 3.6474944E-08 3.1325950E-08 2.4078508E-08 2.6876441E-08 2.6830117E-08 2.9350510E-08 1.6725510E-08 1.8778318E-08 2.6874323E-08 3.3126909E-08 1.5146682E-08 1.9053845E-08 2.4872444E-08 2.8025662E-08  281.4574 284.0570 289.6195 294.1546 280.6634 284.5809 287.4374 287.6575 281.1148 283.5124 283.5071 282.4097 277.3434 279.6833 279.5894 278.9951  253.613
1996 1.3729552E-08 2.1461146E-08 1.7475234E-08 1.3184123E-08 1.4366261E-08 1.5063153E-08 1.5660316E-08 1.8250473E-08 1.1400033E-08 1.3001275E-08 2.0266409E-08 2.6993977E-08 1.2666459E-08 1.5359641E-08 2.2256595E-08 2.7775313E-08  284.8135 287.0475 291.8303 293.8240 283.5602 286.7926 289.2483 289.1747 282.5493 284.5717 284.1841 282.9406 277.8419 279.7249 279.1577 278.3825  127.29
1997 1.8963316E-08 2.7609257E-08 2.3914014E-08 1.7273484E-08 2.1856387E-08 2.0614220E-08 1.9165537E-08 2.1684142E-08 1.7198886E-08 1.7416038E-08 2.3581034E-08 3.3189913E-08 1.5879904E-08 1.8548477E-08 2.3383603E-08 2.8766214E-08  283.4783 285.8868 290.8766 293.6416 281.8728 285.3958 288.3063 288.5816 281.4683 283.5046 283.4659 282.4200 277.4200 279.4097 279.0061 278.1859  147.29
1998 8.0724103E-09 1.2934545E-08 1.3144138E-08 1.5211153E-08 1.1230259E-08 1.3340703E-08 2.0115442E-08 2.8565605E-08 1.2324200E-08 1.5828801E-08 2.8541852E-08 4.2826386E-08 1.4436076E-08 2.0411859E-08 3.0270726E-08 3.9759236E-08  282.6653 285.5130 290.3813 293.5640 281.4691 284.9652 286.6033 285.9539 280.5122 282.4995 281.2682 279.4613 275.7605 277.3953 275.8843 274.9524  262.548
1999 1.0917626E-08 1.7684819E-08 1.5378356E-08 1.1165850E-08 1.2794741E-08 1.4660167E-08 1.3391144E-08 1.4400194E-08 9.6791686E-09 1.1381152E-08 1.8191411E-08 2.6701995E-08 1.0241695E-08 1.2587408E-08 2.0600339E-08 2.8669497E-08  285.3758 288.2682 293.4375 294.3195 284.3233 288.1810 291.1245 290.8592 283.3733 285.8959 286.0359 284.7358 278.7645 280.9550 280.6943 279.9820  228.452
2000 9.4898844E-09 1.8456099E-08 1.5511739E-08 1.0498157E-08 1.1252644E-08 1.4051719E-08 1.2661892E-08 1.3324166E-08 8.5194198E-09 9.6698072E-09 1.6653866E-08 2.6008644E-08 9.4457615E-09 1.1548456E-08 1.8412637E-08 2.7786763E-08  285.6574 288.5724 293.4132 293.8459 284.7155 288.5435 291.1629 290.8313 283.9063 286.3615 286.2902 285.0795 279.3847 281.6073 281.0764 280.4107  143.129
2001 1.5298207E-08 2.0749319E-08 1.6328345E-08 1.4622283E-08 1.5244355E-08 1.4815000E-08 1.5165988E-08 1.8874863E-08 1.2881980E-08 1.3415736E-08 2.1946683E-08 3.2330696E-08 1.4631751E-08 1.6887100E-08 2.5770413E-08 3.4248941E-08  284.4776 287.2090 292.3589 294.0009 283.4917 287.0256 289.7730 289.7633 282.5497 284.6129 284.4803 283.5508 278.0902 279.7092 279.2215 278.8528  524.032
2002 2.6802715E-08 3.5181269E-08 2.6353980E-08 2.1011461E-08 2.4948964E-08 2.1706729E-08 1.8999529E-08 2.0579646E-08 1.5669785E-08 1.6253743E-08 2.2155952E-08 2.9609769E-08 1.4228890E-08 1.6480652E-08 2.1649841E-08 2.6973163E-08  282.3555 284.2823 289.7660 294.2527 281.2701 284.6740 287.4874 287.9129 281.3385 283.2457 283.0175 282.0436 277.1469 278.8954 278.5241 277.7906  235.258
2003 2.1382910E-08 2.9085669E-08 2.5050499E-08 2.0287636E-08 2.2521219E-08 2.4113792E-08 2.7401281E-08 3.1356123E-08 1.8447624E-08 2.3965278E-08 3.6295045E-08 4.3504674E-08 1.9001115E-08 2.5930362E-08 3.3447879E-08 3.8516042E-08  282.2910 284.9181 290.2249 293.6759 281.2433 284.8657 287.1814 287.3221 281.3364 283.2174 282.6779 281.6326 277.6064 279.4716 278.6414 277.9410  180.839
2004 1.8706313E-08 2.8361278E-08 2.2151520E-08 1.7326181E-08 2.0336744E-08 2.0650258E-08 1.8766475E-08 2.0945675E-08 1.5804487E-08 1.7400962E-08 2.1691532E-08 2.8968234E-08 1.5374193E-08 1.8226993E-08 2.1797980E-08 2.5971353E-08  282.9772 285.3134 290.5325 293.8186 282.0540 285.5944 288.1930 288.2512 282.0857 284.3160 283.9754 282.6627 278.1129 280.2812 279.7794 278.8165  171.452
2005 2.2933079E-08 3.1710673E-08 2.6931682E-08 2.1201755E-08 2.2196657E-08 2.4938386E-08 2.5134504E-08 2.8748913E-08 1.7196346E-08 2.0064633E-08 2.7866667E-08 3.6490800E-08 1.6655026E-08 1.9586469E-08 2.4750628E-08 2.9942147E-08  282.6084 284.9102 290.2818 294.3329 281.6481 284.9872 287.5536 287.7253 281.8594 283.5988 283.2865 281.9527 278.1799 280.0079 279.3259 278.4600  312.839
2006 2.1929399E-08 3.3282436E-08 2.5197604E-08 1.6224861E-08 2.2627402E-08 2.5643363E-08 2.1373447E-08 2.1454454E-08 1.6383495E-08 2.0400357E-08 2.4283944E-08 3.0719928E-08 1.5558191E-08 1.8976204E-08 2.4364430E-08 2.9731305E-08  283.8226 286.4868 291.7241 294.1331 282.8118 286.5759 289.2741 289.4258 282.9367 285.1992 284.9679 283.8950 279.2966 281.3105 280.7455 279.8813  130.935
2007 2.1895707E-08 2.9471154E-08 2.5360773E-08 2.1855305E-08 2.2728663E-08 2.4134282E-08 2.6685619E-08 3.1797867E-08 1.7066032E-08 2.0652811E-08 3.3407137E-08 4.2720732E-08 1.5576559E-08 2.1805807E-08 2.9889506E-08 3.5760461E-08  282.4639 285.2505 290.6120 293.9003 281.4659 285.1702 287.6705 287.7398 281.4247 283.4133 283.0374 281.9552 277.5433 279.2450 278.5218 277.9626  138.613
2008 1.1534127E-08 2.1598362E-08 1.7620238E-08 1.2136705E-08 1.2744481E-08 1.4138271E-08 1.2450633E-08 1.4502724E-08 1.1076870E-08 1.1770154E-08 1.6749066E-08 2.3875906E-08 1.0232182E-08 1.2820738E-08 2.0066187E-08 2.7506283E-08  285.6092 288.0822 293.0951 294.2569 284.4286 288.0875 290.9780 290.8236 283.5125 286.0048 286.2593 285.2054 279.1405 281.2644 280.9666 280.4157  207.548
2009 1.2749046E-08 1.8775491E-08 1.6255305E-08 1.2791153E-08 1.4205111E-08 1.5056186E-08 1.5200801E-08 1.7249986E-08 1.1146785E-08 1.2238343E-08 1.9422174E-08 2.8181262E-08 1.2401680E-08 1.4337594E-08 2.0537286E-08 2.7559738E-08  285.2643 287.8566 292.8126 294.0949 284.0106 287.6532 290.2320 290.1425 283.1941 285.3547 285.0522 283.9433 278.6245 280.5434 279.9836 279.4350  104.71
2010 2.0435737E-08 2.8989103E-08 2.5626351E-08 2.1832085E-08 1.9919709E-08 2.0708246E-08 2.3585164E-08 3.1223326E-08 1.6173876E-08 1.7609686E-08 2.6887877E-08 3.8356458E-08 1.6296184E-08 2.0296268E-08 2.7485013E-08 3.3746765E-08  0.0000000E+00 0.0000000E+00 0.0000000E+00 0.0000000E+00 0.0000000E+00 0.0000000E+00 0.0000000E+00 0.0000000E+00 0.0000000E+00 0.0000000E+00 0.0000000E+00 0.0000000E+00 0.0000000E+00 0.0000000E+00 0.0000000E+00 0.0000000E+00  523.548
2011 5.2659086E-09 1.3261342E-08 1.4200611E-08 1.0345972E-08 7.4264666E-09 9.8576800E-09 1.0970319E-08 1.1745390E-08 7.4020661E-09 9.2663583E-09 1.6569917E-08 2.5612477E-08 8.1967420E-09 1.0606071E-08 1.7864373E-08 2.6650936E-08  286.6690 289.5793 294.2522 293.7807 285.2462 289.0669 291.7914 291.5640 283.7817 286.3699 286.4560 285.5451 279.1263 281.4560 281.0367 280.5403  122.71
2012 1.0428932E-08 1.7520266E-08 1.6291176E-08 1.1994416E-08 1.1216236E-08 1.2565370E-08 1.3965110E-08 1.6065284E-08 9.3786934E-09 1.1129159E-08 1.9272939E-08 2.4956597E-08 1.0058836E-08 1.1827965E-08 2.0593706E-08 2.7393979E-08  285.3336 288.0205 292.8690 293.9810 284.3817 288.0859 290.7663 290.6370 283.6904 286.1495 286.0939 284.9532 279.4517 281.6334 281.2266 280.5607  124.29
2013 1.7574472E-08 2.5889920E-08 1.8967643E-08 1.4257129E-08 1.8915943E-08 1.8825896E-08 1.6799781E-08 1.8658209E-08 1.3909872E-08 1.5392585E-08 2.1667566E-08 3.2177429E-08 1.3104339E-08 1.4600996E-08 1.9334694E-08 2.8657933E-08  284.1354 286.6330 291.9044 294.2849 282.9723 286.5249 289.4178 289.4640 282.6733 284.8247 284.7937 283.6332 278.6570 280.7317 280.3492 279.5017  91.871
2014 2.5786608E-08 3.7421106E-08 3.1269856E-08 2.2872777E-08 2.3558544E-08 2.4180757E-08 2.5215021E-08 2.9694268E-08 1.5765009E-08 1.8813067E-08 2.6941922E-08 3.5280358E-08 1.4678812E-08 1.9020002E-08 2.4093303E-08 2.8399745E-08  281.8249 283.9777 289.4501 294.1819 280.6991 284.3703 287.1751 287.6336 281.2194 283.3694 283.1903 282.0423 277.8383 279.9190 279.4045 278.4572  91.0323
2015 2.5236403E-08 3.3894022E-08 2.6569015E-08 2.0146389E-08 2.5096304E-08 2.5294380E-08 2.3223784E-08 2.5767887E-08 1.8453472E-08 2.0874154E-08 2.8727804E-08 3.5158148E-08 1.7024403E-08 2.2185496E-08 2.8412366E-08 3.3148051E-08  282.3720 285.0086 290.5535 293.5711 281.4804 285.2237 287.8301 287.8875 281.7277 283.7630 283.4300 282.3138 278.0890 279.9358 279.2981 278.4780  82.9032
