STN,prec_1,prec_2,prec_3,prec_4,prec_5,prec_6,prec_7,prec_8,prec_9,prec_10,prec_11,prec_12,prec_13,prec_14,prec_15,prec_16,st_1,st_2,st_3,st_4,st_5,st_6,st_7,st_8,st_9,st_10,st_11,st_12,st_13,st_14,st_15,st_16,11.0
LAT,26.51077,26.51077,26.51077,26.51077,29.30136,29.30136,29.30136,29.30136,32.09194,32.09194,32.09194,32.09194,34.88252,34.88252,34.88252,34.88252,26.51077,26.51077,26.51077,26.51077,29.30136,29.30136,29.30136,29.30136,32.09194,32.09194,32.09194,32.09194,34.88252,34.88252,34.88252,34.88252,30.7512899
LON,-104.0625,-101.2500,-98.43750,-95.62500,-104.0625,-101.2500,-98.43750,-95.62500,-104.0625,-101.2500,-98.43750,-95.62500,-104.0625,-101.2500,-98.43750,-95.62500,-104.0625,-101.2500,-98.43750,-95.62500,-104.0625,-101.2500,-98.43750,-95.62500,-104.0625,-101.2500,-98.43750,-95.62500,-104.0625,-101.2500,-98.43750,-95.62500,-98.6697599
1958 1.4416562E-08 2.1260579E-08 1.7365435E-08 1.4668853E-08 1.4693477E-08 1.4682186E-08 1.5391290E-08 1.9039904E-08 1.2206377E-08 1.3883901E-08 2.3846543E-08 3.2321495E-08 1.4092775E-08 1.7464112E-08 2.6311252E-08 3.3693514E-08  283.4982 286.1437 291.3960 293.8042 282.3704 286.0146 288.6427 288.6109 281.6826 283.9355 283.6156 282.3980 277.1021 279.2085 278.7008 277.9776  283
1959 1.0808574E-08 1.9129304E-08 1.6578980E-08 1.4477756E-08 1.3519336E-08 1.3936826E-08 1.5519813E-08 1.8906137E-08 1.2293365E-08 1.3295215E-08 1.9912068E-08 2.7421182E-08 1.3114834E-08 1.5446096E-08 2.1356303E-08 2.9144475E-08  284.3167 286.5709 291.4830 293.7325 282.8252 286.2411 288.8703 288.7854 281.9627 284.2225 284.0867 282.8262 277.5768 279.7035 279.2302 278.3962  180.5
1960 1.7251534E-08 2.2146846E-08 2.0928487E-08 1.7689427E-08 1.5777614E-08 1.6788478E-08 1.6906620E-08 2.0692493E-08 1.1771008E-08 1.2658530E-08 1.7624705E-08 2.6128236E-08 1.4041832E-08 1.6058369E-08 2.2075323E-08 2.8126609E-08  283.9457 286.8255 291.8767 293.8713 282.7940 286.6277 289.1677 288.8984 282.2554 284.5673 284.0290 282.5769 277.6236 279.5334 278.6181 277.6942  285.733
1961 1.2223292E-08 2.0402876E-08 1.8411736E-08 1.4355843E-08 1.4020145E-08 1.5925844E-08 1.4772501E-08 1.6485048E-08 1.2136569E-08 1.4411738E-08 2.2237320E-08 2.9799711E-08 1.4398875E-08 1.7830903E-08 2.5093112E-08 3.1779759E-08  284.5007 287.0198 291.9855 293.7448 283.1980 286.6294 289.2186 289.2455 282.1633 284.3928 284.1586 283.0833 277.4404 279.5675 279.2178 278.6594  196.533
1962 1.8497486E-08 2.4363294E-08 2.1632955E-08 1.5497445E-08 1.9505499E-08 2.0592987E-08 1.7911766E-08 1.9809150E-08 1.5013933E-08 1.7117666E-08 2.2567201E-08 3.1891258E-08 1.5312052E-08 1.8622510E-08 2.4900416E-08 3.0671071E-08  284.1952 286.7681 291.8909 293.8374 282.7485 286.3657 289.0650 289.2734 282.1841 284.2567 283.9599 282.7982 277.7621 279.5446 278.9108 278.0424  95.6667
1963 1.9652667E-08 2.7137773E-08 2.2352092E-08 2.0253138E-08 1.7683922E-08 1.7686171E-08 2.1052864E-08 2.7866816E-08 1.1999895E-08 1.4119120E-08 2.1389772E-08 3.1919399E-08 1.1771053E-08 1.5017010E-08 2.1186111E-08 2.8871009E-08  282.6489 284.9167 290.0914 293.7375 281.4040 284.9768 287.5831 287.7832 281.1444 283.5579 283.2757 282.0967 276.7773 279.3036 278.9340 278.1170  150.333
1964 8.7860510E-09 1.5200817E-08 1.5126018E-08 1.2503961E-08 1.1341467E-08 1.2870192E-08 1.3055267E-08 1.5528430E-08 1.0682667E-08 1.1726212E-08 1.7228103E-08 2.7085020E-08 1.0383913E-08 1.2072909E-08 1.8870711E-08 2.8526124E-08  284.4463 287.3728 292.4048 293.9041 283.1624 287.2331 290.0125 289.9267 282.3928 285.0917 285.0671 283.9132 277.9457 280.2966 279.7611 278.9834  397.9
1965 2.7914723E-08 3.3522984E-08 2.9574668E-08 2.5530824E-08 2.4570459E-08 2.5228500E-08 2.7207832E-08 3.4948766E-08 1.8894275E-08 2.1856176E-08 2.8619494E-08 3.9202309E-08 1.7807118E-08 2.1364677E-08 2.5908593E-08 3.1498576E-08  281.7215 284.3941 289.6379 293.5563 280.5678 284.2521 286.7522 287.0359 280.6363 282.6845 282.3578 281.2311 276.7218 278.6956 278.1532 277.3121  96.5667
1966 1.5814010E-08 2.1545953E-08 1.8536870E-08 1.6413427E-08 1.7232162E-08 1.6936632E-08 1.8859033E-08 2.3077027E-08 1.5368668E-08 1.5633494E-08 2.3359377E-08 3.5862257E-08 1.4745948E-08 1.6228588E-08 2.3761491E-08 3.3266833E-08  283.6914 286.4420 291.6169 293.8992 282.5502 286.1252 288.5816 288.5190 281.9322 283.8918 283.2342 281.7495 277.5218 278.9831 277.6200 276.4950  121.033
1967 2.0756834E-08 3.2009151E-08 2.9934370E-08 2.3373495E-08 2.3544720E-08 2.5223597E-08 2.7173188E-08 3.2724039E-08 1.8671061E-08 2.1061576E-08 3.0285435E-08 4.0766139E-08 1.8694799E-08 2.1611243E-08 2.8594076E-08 3.4822342E-08  283.0664 285.2609 290.2308 294.0322 281.4904 284.6258 287.3032 287.8919 280.7097 282.5218 282.3873 281.6260 276.1196 277.9660 277.6275 277.1739  185.267
1968 1.5524636E-08 2.5277265E-08 1.9279806E-08 1.6461195E-08 1.5623190E-08 1.6402938E-08 1.6714436E-08 2.1849013E-08 1.1090292E-08 1.1986896E-08 1.9469857E-08 3.1084827E-08 1.1394823E-08 1.3476417E-08 1.9271827E-08 2.6203660E-08  283.0013 285.4415 290.6547 294.0451 281.7646 285.3650 287.9907 288.0801 281.3646 283.6344 283.3916 282.0626 277.1136 279.3256 278.7631 277.8506  111.133
1969 1.7501311E-08 2.3559920E-08 2.0079629E-08 1.8218506E-08 1.8878708E-08 1.9500646E-08 2.0238550E-08 2.4425931E-08 1.5717728E-08 1.6689548E-08 2.4701395E-08 3.6090871E-08 1.5512940E-08 1.8490910E-08 2.6242679E-08 3.3958589E-08  283.3521 285.7166 290.6838 293.9959 281.8392 285.1949 287.7546 287.8099 281.0198 283.1040 282.8702 281.5443 276.5887 278.4506 277.8236 276.9678  769.667
1970 1.5462117E-08 2.2363398E-08 1.9221051E-08 1.4522457E-08 1.4669781E-08 1.5381048E-08 1.5410647E-08 1.8942567E-08 1.1962063E-08 1.1729188E-08 1.7246483E-08 2.6691447E-08 1.3929498E-08 1.3692597E-08 1.7635120E-08 2.4732699E-08  283.5712 285.9765 291.0854 294.0977 282.1757 285.4760 288.0978 288.3523 281.3456 283.2675 282.8641 281.7555 276.7583 278.5749 277.9983 277.1497  148.467
1971 1.5354690E-08 2.3353962E-08 1.8333449E-08 1.4010776E-08 1.5460419E-08 1.6078973E-08 1.5573368E-08 1.7731281E-08 1.2309553E-08 1.2653914E-08 1.9283041E-08 2.8022944E-08 1.2030043E-08 1.3039099E-08 1.8046622E-08 2.4633247E-08  283.9872 286.5091 291.6337 294.1697 282.7077 286.1925 288.8407 288.9442 282.0087 284.0915 283.6928 282.3734 277.7128 279.6179 278.7358 277.5982  394.933
1972 2.1761883E-08 2.6352819E-08 2.4216131E-08 2.3965839E-08 2.2021185E-08 2.0823883E-08 2.4094248E-08 3.1160198E-08 1.6501179E-08 1.7166496E-08 2.8017670E-08 3.8240149E-08 1.4475638E-08 1.7409924E-08 2.5169632E-08 3.1711480E-08  282.4260 284.8931 289.8832 293.6478 281.3961 284.7969 287.0052 286.9864 280.9440 283.0070 282.3688 280.9493 276.7897 278.6508 277.8619 276.7973  169.9
1973 9.6803818E-09 1.8598158E-08 1.8445732E-08 1.3606716E-08 1.2388977E-08 1.4391365E-08 1.4822734E-08 1.7504512E-08 1.1866505E-08 1.4001624E-08 2.0266132E-08 2.7893522E-08 1.2844064E-08 1.5104479E-08 2.1737003E-08 2.8966941E-08  285.0870 287.7200 292.6581 294.2148 283.5498 287.2000 289.8925 289.9994 282.2835 284.5408 284.4793 283.5976 277.4546 279.4075 278.9236 278.3996  347.767
1974 1.1985697E-08 1.7007988E-08 1.4850619E-08 1.5731844E-08 1.3403008E-08 1.3603880E-08 1.4463165E-08 1.9986063E-08 1.1735802E-08 1.3329320E-08 1.9810036E-08 3.1168238E-08 1.1878607E-08 1.5154475E-08 2.1592406E-08 2.9664522E-08  284.2249 286.7470 291.8528 294.2924 282.8806 286.2946 288.9720 289.0800 281.8088 283.9677 283.6847 282.6792 277.0829 279.0820 278.5970 277.8595  1004.73
1975 1.3803314E-08 1.8142842E-08 1.6666691E-08 1.1758183E-08 1.4164115E-08 1.3204900E-08 1.3668751E-08 1.7114873E-08 1.0148485E-08 1.0388890E-08 1.9094076E-08 2.9299738E-08 1.1390014E-08 1.3691266E-08 2.0614628E-08 2.8500970E-08  284.5448 287.6665 292.8927 294.1722 283.4929 287.4938 290.3455 290.2632 282.6679 285.1440 285.1539 284.0455 278.0937 280.3179 279.9811 279.3155  252.733
1976 1.5685737E-08 2.5514698E-08 2.2717158E-08 1.9993633E-08 1.8097884E-08 2.1525745E-08 2.4204676E-08 2.7576206E-08 1.4718336E-08 1.7488048E-08 2.5442247E-08 3.7278937E-08 1.4922650E-08 1.6654399E-08 2.2488953E-08 3.0945326E-08  282.5959 285.2449 290.4824 294.0236 280.9690 284.7316 287.4381 287.8046 280.4844 282.9568 282.9527 281.8967 276.2083 278.7498 278.5906 277.8837  412.567
1977 1.5092194E-08 2.2269328E-08 1.9212610E-08 1.6259387E-08 1.6403897E-08 1.5826785E-08 1.7988784E-08 2.3555133E-08 1.2112439E-08 1.3999448E-08 2.1360709E-08 3.4305856E-08 1.2720156E-08 1.5853933E-08 2.2527875E-08 3.0144150E-08  283.5312 285.9637 291.0408 293.8843 282.1333 285.6800 288.3198 288.5784 281.3730 283.7173 283.5141 282.5378 276.7019 278.9616 278.6294 278.1457  192.4
1978 1.7742524E-08 2.4245024E-08 2.0296820E-08 1.8228892E-08 1.8199396E-08 1.9153447E-08 2.1847171E-08 2.6408497E-08 1.5284629E-08 1.8276623E-08 2.6184127E-08 3.8610860E-08 1.5617928E-08 1.8086864E-08 2.4016613E-08 3.2745941E-08  283.0974 285.6462 290.8939 294.1387 281.7289 285.2689 288.0147 288.3063 281.1215 283.3882 283.2634 282.2365 276.7164 278.9823 278.6416 277.8784  197.467
1979 1.3383127E-08 2.0509148E-08 1.6976610E-08 1.4451317E-08 1.3347079E-08 1.4701371E-08 1.6815507E-08 2.1432241E-08 1.2074347E-08 1.4688033E-08 2.2623370E-08 3.1870616E-08 1.4336698E-08 1.7711921E-08 2.2626773E-08 2.8755570E-08  283.3983 286.1548 291.4557 293.7550 282.2647 286.0179 288.5496 288.3195 281.5228 283.7847 283.2505 281.9467 277.0370 279.1034 278.3280 277.3282  106.667
1980 1.2646839E-08 1.8863203E-08 1.6703087E-08 1.5423296E-08 1.5592827E-08 1.5062934E-08 1.5992558E-08 2.1481078E-08 1.3228822E-08 1.4118763E-08 2.3334689E-08 3.4364632E-08 1.3826910E-08 1.7064197E-08 2.5549401E-08 3.4739056E-08  283.9972 286.6852 291.8201 293.9178 282.8739 286.5860 289.0603 289.0503 282.4233 284.5974 284.0891 282.7990 277.8076 279.7869 279.0340 278.2015  198.033
1981 1.5840818E-08 2.5533241E-08 2.2750910E-08 1.7309691E-08 1.8104441E-08 1.9421426E-08 1.9295786E-08 2.1358975E-08 1.4660785E-08 1.5857239E-08 2.1620222E-08 3.0995604E-08 1.4283261E-08 1.5888158E-08 2.0738320E-08 2.7829932E-08  283.5997 285.7161 290.6643 293.9234 282.0723 285.2903 287.7664 288.0318 281.5596 283.5475 283.0609 281.8617 277.4224 279.3686 278.6490 277.6327  327.6
1982 1.8954342E-08 2.5765672E-08 2.5563113E-08 2.6199160E-08 1.8255733E-08 2.0263315E-08 2.8078338E-08 3.8358003E-08 1.6678328E-08 2.2770115E-08 3.4818456E-08 4.5967717E-08 1.7857021E-08 2.4000569E-08 3.0534586E-08 3.7319523E-08  281.4021 284.1062 289.5122 293.8301 280.4716 284.1144 286.4845 286.4589 280.3332 282.4199 281.9890 280.5717 276.1793 278.2105 277.4662 276.7602  160.667
1983 1.2624687E-08 2.0520226E-08 1.7477891E-08 1.1760448E-08 1.4623543E-08 1.6316038E-08 1.7249031E-08 1.8430260E-08 1.1230495E-08 1.3342450E-08 2.3785894E-08 3.2296171E-08 1.2446497E-08 1.7184137E-08 2.6785084E-08 3.4535542E-08  284.5739 287.2946 292.3458 294.0796 283.1680 287.0004 289.7821 289.8279 282.0739 284.6870 284.8084 283.8351 277.5946 279.9552 279.9113 279.4442  95.2667
1984 9.2672030E-09 1.7579643E-08 1.5975813E-08 1.3471854E-08 1.2057627E-08 1.2885037E-08 1.4585437E-08 1.7048221E-08 9.6580557E-09 1.0265380E-08 1.9080995E-08 2.8418942E-08 1.1488886E-08 1.4184970E-08 2.2437634E-08 2.8619468E-08  284.8979 287.5547 292.3523 293.8975 283.7009 287.4503 290.1204 289.8692 282.8299 285.3354 285.1157 283.9288 278.3485 280.5159 280.0389 279.3911  134.233
1985 2.1872724E-08 3.1285925E-08 2.4439295E-08 1.6670485E-08 1.9396909E-08 1.9140971E-08 1.9536904E-08 2.2532911E-08 1.4436591E-08 1.5041232E-08 2.0872015E-08 3.2407765E-08 1.6157362E-08 1.7323380E-08 2.0116762E-08 2.7571364E-08  283.1644 285.3683 290.5225 293.7723 281.8507 285.2386 288.0265 288.3847 281.1913 283.4870 283.5521 282.5157 276.7345 279.1775 279.1076 278.3957  183.7
1986 2.1421146E-08 2.7055780E-08 2.4077075E-08 2.1371809E-08 2.0400469E-08 2.0366661E-08 2.4513808E-08 3.3697489E-08 1.7305453E-08 2.0390049E-08 3.3032109E-08 4.4649266E-08 1.8413958E-08 2.2921311E-08 3.2015087E-08 3.8582034E-08  281.7184 284.4237 289.7851 294.0852 280.8742 284.4119 286.8092 286.9478 280.9471 282.7433 282.0840 280.7684 276.8580 278.5640 277.6186 276.6444  494.033
1987 1.7968038E-08 2.6116497E-08 2.3296222E-08 2.2076398E-08 1.9788969E-08 2.1037723E-08 2.5080979E-08 3.3350922E-08 1.6217061E-08 1.9511191E-08 3.0875469E-08 4.2333838E-08 1.6124094E-08 2.1493003E-08 2.9502241E-08 3.6402625E-08  282.1169 284.3244 289.5050 293.8777 280.6134 284.0999 286.6086 286.9132 279.8629 282.1158 282.0175 280.9598 275.4985 277.6200 277.4718 277.0507  343.467
1988 1.1439498E-08 1.5974511E-08 1.5326190E-08 1.2560192E-08 1.1364652E-08 1.1774973E-08 1.4295275E-08 1.7346158E-08 1.0458066E-08 1.1668281E-08 1.8726217E-08 2.8993847E-08 1.1552909E-08 1.4587861E-08 2.2855236E-08 2.9594545E-08  285.1342 288.1234 293.0536 294.0502 284.0742 287.8190 290.4329 290.2976 282.9067 285.2206 285.0204 284.0041 277.9678 279.8065 279.2010 278.7189  173.133
1989 1.3879646E-08 2.2797963E-08 1.9354069E-08 1.4534677E-08 1.6995291E-08 1.6690512E-08 1.6209670E-08 2.0060702E-08 1.2252698E-08 1.1131195E-08 1.8146450E-08 2.7666538E-08 1.1657164E-08 1.2802712E-08 1.8877016E-08 2.6491088E-08  284.0929 286.6124 291.4697 294.4387 282.7030 286.2327 288.7738 288.8640 282.2015 284.3434 284.0453 282.8094 278.2078 280.1867 279.4710 278.5478  176.367
1990 2.0087464E-08 2.7782391E-08 2.3108923E-08 1.9193353E-08 1.9964537E-08 2.1087484E-08 2.0608752E-08 2.3907063E-08 1.5486615E-08 1.8767434E-08 2.5113502E-08 3.2189163E-08 1.3854436E-08 1.7429707E-08 2.3698522E-08 2.9472918E-08  282.7180 285.2218 290.8656 294.0792 282.1009 285.8937 288.8123 288.9964 282.2268 284.6452 284.4998 283.3178 278.2194 280.4859 280.0367 279.2300  242.167
1991 2.6140595E-08 3.5158017E-08 2.7882518E-08 2.1667942E-08 2.5208829E-08 2.5166544E-08 2.4764725E-08 2.9159029E-08 1.6249142E-08 1.6950480E-08 2.4415684E-08 3.6251485E-08 1.6223721E-08 1.8018646E-08 2.2729205E-08 2.8352700E-08  282.2597 284.7559 290.1213 294.0605 281.1238 284.7246 287.3810 287.8970 281.1248 283.0793 282.8447 281.9865 276.9976 279.0887 278.7682 278.2542  228.233
1992 2.7163901E-08 3.4019369E-08 2.7325630E-08 2.0705134E-08 2.7038535E-08 2.4474419E-08 2.6683148E-08 3.1533144E-08 1.8134175E-08 1.8618529E-08 2.7980295E-08 3.8048917E-08 1.5798699E-08 1.8566052E-08 2.5065052E-08 3.1236734E-08  281.8468 284.1734 289.5943 294.2344 280.3243 283.9897 286.7884 287.1109 280.3760 282.5339 282.2893 280.9827 276.4221 278.4869 277.9241 276.7854  385.4
1993 1.7474266E-08 2.5248305E-08 2.2793719E-08 1.8953054E-08 1.7937129E-08 1.9536964E-08 2.0901952E-08 2.7323090E-08 1.4714234E-08 1.7695273E-08 2.4817426E-08 3.5583451E-08 1.4129110E-08 1.7588842E-08 2.3639490E-08 3.1366881E-08  282.7320 285.2670 290.5182 293.9088 281.5541 285.2311 288.0223 288.1500 281.2495 283.5378 283.5194 282.4311 276.9699 279.1762 279.0174 278.3318  142.533
1994 2.1280661E-08 2.9901077E-08 2.5576179E-08 2.2158407E-08 2.1579032E-08 2.2592682E-08 2.4883192E-08 3.0031053E-08 1.6934258E-08 2.0795715E-08 3.2644301E-08 4.3148439E-08 1.5880357E-08 2.0294062E-08 2.9896732E-08 3.7935344E-08  281.5905 283.9853 289.6361 293.9697 280.5555 284.3727 287.2719 287.6495 280.5641 283.0394 283.1821 282.2904 276.4773 278.8712 278.8272 278.3768  255.767
1995 2.0126189E-08 2.8161880E-08 2.1704164E-08 1.6034232E-08 2.1815422E-08 1.9413584E-08 1.6862831E-08 1.9457129E-08 1.5217685E-08 1.4362932E-08 1.9934777E-08 3.0558013E-08 1.4368694E-08 1.4873731E-08 2.0289139E-08 2.7612996E-08  283.4967 285.7401 290.7989 294.0762 281.9615 285.4209 288.3316 288.5739 281.3432 283.5894 283.6898 282.7131 277.1379 279.2224 279.0266 278.3132  145.133
1996 1.4143644E-08 2.1201272E-08 1.8404288E-08 1.6986460E-08 1.3199982E-08 1.3778794E-08 1.5232700E-08 2.2659385E-08 1.2020018E-08 1.3847296E-08 2.1831388E-08 3.4314454E-08 1.5062160E-08 1.9185849E-08 2.7187433E-08 3.4937621E-08  283.3898 285.9444 291.1208 294.1381 282.1117 285.6608 288.2671 288.4977 281.4400 283.4158 282.9745 281.9043 276.8079 278.4984 277.5958 276.8651  551.167
1997 1.7744741E-08 2.6396455E-08 2.7796208E-08 2.8898933E-08 1.9805018E-08 2.1664610E-08 3.0088970E-08 3.9567333E-08 1.8028260E-08 2.3472921E-08 3.7577671E-08 4.8624816E-08 1.8921369E-08 2.6408713E-08 3.5672691E-08 4.1257284E-08  281.9346 284.4795 289.5424 293.6195 280.7829 284.0739 286.1190 286.1484 280.4568 281.9181 281.1427 279.8405 276.2344 277.5437 276.4437 275.7157  260.5
1998 9.9684634E-09 1.6628768E-08 1.6234285E-08 1.3733017E-08 1.2062627E-08 1.2695618E-08 1.3374896E-08 1.7356362E-08 8.5425924E-09 1.0546463E-08 1.7860815E-08 2.8243386E-08 1.0434061E-08 1.1710596E-08 1.9362417E-08 3.0028723E-08  285.2513 287.8593 292.6729 294.1036 283.8072 287.3647 289.8991 289.7119 282.6165 284.7801 284.5771 283.3504 277.8479 279.8225 279.3171 278.5150  324.933
1999 9.9025463E-09 1.6537987E-08 1.5948119E-08 1.1508128E-08 1.0663796E-08 1.3003890E-08 1.4191037E-08 1.6461698E-08 7.5558351E-09 9.9551318E-09 1.7267702E-08 2.6387546E-08 8.0813427E-09 1.1191680E-08 1.7318996E-08 2.3847230E-08  285.6670 288.7741 293.7623 294.2338 285.1405 289.1286 291.8076 291.4707 284.5861 287.3049 287.2409 285.9489 280.3722 282.8317 282.4144 281.5490  111.4
2000 1.5697674E-08 2.3275486E-08 2.3780364E-08 1.8902508E-08 1.7504417E-08 1.7480568E-08 1.9494653E-08 2.5722469E-08 1.2764894E-08 1.2745448E-08 2.0037616E-08 3.3448266E-08 1.1974783E-08 1.3179666E-08 1.9681424E-08 2.8908268E-08  283.9850 286.6553 291.8495 294.3768 282.9371 286.6651 289.3686 289.6070 282.6867 284.7936 284.4868 283.3375 278.4922 280.3448 279.5744 278.7505  7149.07
2001 1.6840939E-08 2.4539133E-08 1.8831203E-08 1.4897824E-08 1.7987430E-08 1.6517507E-08 1.4884038E-08 1.8378802E-08 1.3300926E-08 1.3864189E-08 1.9575076E-08 3.0131197E-08 1.3745860E-08 1.5325059E-08 2.1426633E-08 2.8353814E-08  283.4016 285.8414 291.2621 294.2060 282.1008 285.7913 288.7196 288.9630 281.7599 284.0254 283.9514 282.8932 277.6493 279.7108 279.2294 278.4759  1945.67
2002 2.5786225E-08 3.7712127E-08 3.4243456E-08 2.5809275E-08 2.4469406E-08 2.8115760E-08 2.8172613E-08 3.1913853E-08 1.9872596E-08 2.2591522E-08 2.8843850E-08 3.6009546E-08 1.9689276E-08 2.5279084E-08 2.9583417E-08 3.1853055E-08  282.1800 284.3246 289.7039 293.9946 281.1937 284.6207 287.3303 287.6777 281.0771 283.3298 283.2472 282.2084 277.0076 279.2342 279.1158 278.5750  231.033
2003 1.7011248E-08 2.5397691E-08 2.1136852E-08 1.5743144E-08 1.8362096E-08 1.9538664E-08 2.0193204E-08 2.1883910E-08 1.3764750E-08 1.4736332E-08 2.3475298E-08 3.4052206E-08 1.2135262E-08 1.4529009E-08 2.1087708E-08 3.1600205E-08  283.9284 286.5942 291.8522 293.9901 282.6021 286.4347 289.4078 289.5555 282.2756 284.8441 284.8509 283.7339 278.2305 280.7031 280.3880 279.4942  191.333
2004 2.0394813E-08 3.1058715E-08 2.5789763E-08 1.9642824E-08 1.9972354E-08 2.2694520E-08 2.2843111E-08 2.6526163E-08 1.6111196E-08 1.9343117E-08 2.6115753E-08 3.4296061E-08 1.6374306E-08 1.8720156E-08 2.4316996E-08 2.9307763E-08  282.6230 285.0624 290.2925 293.9413 281.5503 285.2477 287.8672 288.1433 281.6696 283.8966 283.6192 282.4650 277.8379 279.8602 279.3289 278.5417  2745.43
2005 1.9070352E-08 2.5653806E-08 2.3259974E-08 1.8613539E-08 1.8332813E-08 1.8164764E-08 1.9174880E-08 2.4980395E-08 1.4513083E-08 1.5779884E-08 2.1856291E-08 3.1584275E-08 1.5281024E-08 1.7985780E-08 2.2659924E-08 2.9008222E-08  283.2877 285.7893 290.8360 294.0664 281.9738 285.5641 288.2311 288.3863 281.4763 283.6378 283.4462 282.2786 277.2626 278.9971 278.4214 277.7231  128.8
2006 1.7135855E-08 2.7295810E-08 2.2789365E-08 1.8468670E-08 1.8604286E-08 1.9421607E-08 2.0374193E-08 2.3361114E-08 1.4894974E-08 1.7029381E-08 2.4641052E-08 3.1420754E-08 1.4507913E-08 1.7686556E-08 2.3850395E-08 2.9789881E-08  283.4562 285.6171 290.6851 294.1551 282.2492 285.8259 288.3596 288.5711 281.8926 284.3002 284.0739 282.9979 277.8710 280.0496 279.6026 278.8563  82.8667
2007 1.2195415E-08 1.9501432E-08 1.7911178E-08 1.4816796E-08 1.5656715E-08 1.5333583E-08 1.5441847E-08 1.9583554E-08 1.2444225E-08 1.2914418E-08 1.8177179E-08 2.8662107E-08 1.2365663E-08 1.4231525E-08 2.0996042E-08 2.8729330E-08  284.6813 287.0298 291.9307 294.2694 283.2885 286.7239 289.1887 289.1443 282.4521 284.4764 284.1069 282.7594 277.8911 279.6687 278.8828 277.9150  240.933
2008 1.3807583E-08 2.3628338E-08 2.1447326E-08 1.7012505E-08 1.7463012E-08 2.0564615E-08 2.0530978E-08 2.3364935E-08 1.4415315E-08 1.7394827E-08 2.3564972E-08 3.3260342E-08 1.4225496E-08 1.6534829E-08 2.2256881E-08 2.9513506E-08  285.2192 287.5948 292.4522 294.0241 283.8025 287.2615 289.9383 289.9486 282.8886 285.0878 284.8644 283.6882 278.4127 280.4099 279.9573 279.2865  96.2667
2009 2.3951312E-08 3.3115562E-08 3.0749941E-08 2.4483059E-08 2.2431832E-08 2.5281802E-08 2.9116704E-08 3.3823120E-08 1.8172546E-08 2.4194145E-08 3.6370327E-08 4.3074625E-08 1.8323112E-08 2.4606981E-08 3.1972252E-08 3.6405215E-08  282.3409 284.7034 290.1292 293.9565 281.1198 284.5312 287.3751 287.7507 280.9523 282.8989 282.8286 282.0149 276.9275 279.0432 278.7862 278.3044  268.7
2010 7.9586728E-09 1.4710607E-08 1.3062992E-08 1.1290600E-08 9.6063335E-09 1.2670003E-08 1.1266759E-08 1.2821956E-08 7.9941946E-09 9.1879908E-09 1.3682855E-08 2.2218781E-08 9.5299493E-09 1.0022437E-08 1.6807292E-08 2.5059069E-08  286.0649 288.7083 293.5212 294.5232 284.8112 288.2451 290.8932 290.7770 283.4821 285.7666 285.7596 284.4523 278.9631 280.9913 280.5191 279.6249  88.1333
2011 9.8873461E-09 1.5892610E-08 1.4777716E-08 1.2012941E-08 1.1771018E-08 1.2612182E-08 1.3762938E-08 1.7458175E-08 9.6876072E-09 1.2085955E-08 1.9439657E-08 2.9682717E-08 9.3981880E-09 1.2180613E-08 2.0008132E-08 2.9949561E-08  285.6255 288.5515 293.3253 294.2420 284.0185 287.8242 290.4127 290.3547 282.7506 285.1392 285.0317 284.0450 278.1388 280.2395 279.6693 279.0153  74.4667
2012 1.7548162E-08 2.4200551E-08 1.8656948E-08 1.3208671E-08 1.8561771E-08 1.9426155E-08 1.7716792E-08 1.9368713E-08 1.4648924E-08 1.5899598E-08 2.2668535E-08 3.2093837E-08 1.4832103E-08 1.7219975E-08 2.2739558E-08 2.9228053E-08  283.6471 286.4042 291.6085 293.7886 282.5708 286.3083 288.8941 288.8898 282.5680 284.6494 284.0976 282.6897 278.5635 280.3979 279.4510 278.3856  47.7667
2013 1.7150297E-08 2.4556879E-08 1.7729125E-08 1.3781160E-08 1.7457388E-08 1.6402211E-08 1.5154415E-08 1.7627929E-08 1.2298863E-08 1.3179234E-08 1.9447860E-08 3.1429334E-08 1.3608164E-08 1.6118220E-08 2.1959753E-08 3.0170387E-08  284.1816 286.6094 291.6818 294.0679 282.8033 286.3507 288.9819 289.0877 282.2612 284.2954 283.8467 282.7473 277.7899 279.5666 278.9020 278.2689  119.733
2014 1.9652006E-08 3.0260850E-08 2.6610881E-08 2.1224178E-08 2.0046498E-08 2.1698980E-08 2.5000940E-08 2.8057054E-08 1.5710780E-08 1.9011695E-08 3.0204234E-08 4.0345405E-08 1.6595653E-08 2.0021218E-08 2.7047545E-08 3.5904279E-08  282.7688 285.4202 290.8216 293.6588 281.6906 285.5448 288.3214 288.4714 281.6592 283.9756 283.8817 282.8768 277.6985 279.8640 279.5812 279.0233  76.5333
2015 1.3935336E-08 2.1090690E-08 2.1032461E-08 2.1303029E-08 1.7358834E-08 1.9361243E-08 2.5423610E-08 3.2253730E-08 1.6621343E-08 2.0299877E-08 3.2142278E-08 4.4164551E-08 1.6738735E-08 2.1373946E-08 2.9266866E-08 3.7525268E-08  282.3925 285.2732 290.4851 293.5360 281.3513 285.0766 287.2851 286.9623 280.8165 282.8652 282.4083 280.9471 276.8318 278.5600 277.7318 276.8792  203.267
