STN,prec_1,prec_2,prec_3,prec_4,prec_5,prec_6,prec_7,prec_8,prec_9,prec_10,prec_11,prec_12,prec_13,prec_14,prec_15,prec_16,st_1,st_2,st_3,st_4,st_5,st_6,st_7,st_8,st_9,st_10,st_11,st_12,st_13,st_14,st_15,st_16,05.0
LAT,26.51077,26.51077,26.51077,26.51077,29.30136,29.30136,29.30136,29.30136,32.09194,32.09194,32.09194,32.09194,34.88252,34.88252,34.88252,34.88252,26.51077,26.51077,26.51077,26.51077,29.30136,29.30136,29.30136,29.30136,32.09194,32.09194,32.09194,32.09194,34.88252,34.88252,34.88252,34.88252,30.7512899
LON,-104.0625,-101.2500,-98.43750,-95.62500,-104.0625,-101.2500,-98.43750,-95.62500,-104.0625,-101.2500,-98.43750,-95.62500,-104.0625,-101.2500,-98.43750,-95.62500,-104.0625,-101.2500,-98.43750,-95.62500,-104.0625,-101.2500,-98.43750,-95.62500,-104.0625,-101.2500,-98.43750,-95.62500,-104.0625,-101.2500,-98.43750,-95.62500,-98.6697599
1958 4.5363080E-08 1.8099110E-08 9.6531503E-09 2.5895924E-08 2.4739325E-08 1.0304446E-08 5.9825704E-09 2.8467396E-08 1.3484263E-08 7.9671958E-09 1.0576828E-08 2.2349296E-08 1.7877976E-08 1.5238220E-08 1.9269129E-08 2.1925326E-08  293.6119 299.0769 306.2888 302.0280 297.6238 303.2669 306.9462 304.5763 300.3626 304.6849 305.8242 304.0256 298.5184 302.4983 303.9559 303.5278  615.29
1959 5.1410669E-08 2.4012108E-08 1.3155690E-08 2.5797281E-08 2.8756693E-08 1.2477486E-08 1.0447832E-08 3.7348954E-08 1.6349604E-08 8.2838953E-09 1.2128939E-08 2.9241143E-08 1.7177967E-08 1.3845725E-08 1.5748951E-08 1.9347574E-08  293.3723 298.6275 306.0381 302.0136 297.1618 302.7471 306.2822 303.7733 300.1068 304.3380 305.1286 302.8495 298.7001 302.3601 303.6550 302.8529  143.774
1960 4.7596711E-08 2.2916488E-08 1.4934251E-08 2.9068259E-08 2.3832564E-08 1.1646424E-08 8.8063832E-09 3.1054821E-08 1.3385979E-08 6.9100787E-09 9.0611323E-09 2.4439107E-08 1.6815047E-08 1.2728033E-08 1.5182104E-08 1.9218245E-08  293.5391 298.7282 305.7932 301.9869 297.4393 302.9720 306.5011 304.2754 300.2917 304.5901 305.6476 303.6885 298.5933 302.6218 304.3064 303.8508  142.129
1961 4.9504589E-08 2.0042423E-08 1.0200202E-08 2.3599600E-08 2.8505585E-08 1.2285225E-08 6.2735306E-09 2.6139325E-08 1.7367988E-08 1.0817407E-08 1.1685385E-08 2.3164539E-08 1.8890953E-08 1.7347343E-08 2.0195088E-08 2.1633497E-08  293.4648 298.8946 306.1964 301.9838 297.1454 302.9469 306.7442 304.5935 299.7715 304.2036 305.3864 303.7010 297.9558 301.8795 303.3795 303.0764  165.226
1962 3.9082444E-08 1.8740387E-08 8.8031973E-09 2.2868486E-08 2.1535486E-08 9.3365173E-09 6.4957799E-09 2.4262910E-08 1.4107623E-08 7.3425594E-09 8.7479872E-09 2.3829420E-08 1.8412939E-08 1.4960236E-08 1.5860076E-08 1.8420232E-08  293.7504 298.7039 305.8257 301.9065 297.3596 302.8987 306.3236 304.1223 299.8257 304.3236 305.3963 303.1732 297.8297 301.9910 303.5147 303.0194  98.2903
1963 4.9603031E-08 2.2342906E-08 1.3561988E-08 3.0960098E-08 2.6671342E-08 1.0556224E-08 8.2009679E-09 3.6144144E-08 1.4410789E-08 8.0351752E-09 1.1473541E-08 2.6892399E-08 1.7528578E-08 1.3251999E-08 1.5759273E-08 2.1038737E-08  293.3514 298.6116 305.7859 301.9673 297.3158 302.8296 306.4128 303.9809 300.1690 304.4072 305.4636 303.5157 298.4655 302.3815 304.0046 303.4021  176.065
1964 5.2393066E-08 2.3630003E-08 1.0658095E-08 2.3826939E-08 2.9557995E-08 1.1976943E-08 7.5712796E-09 3.1795707E-08 1.5662920E-08 8.6464729E-09 1.0926845E-08 2.4528525E-08 1.6547213E-08 1.4213740E-08 1.6293436E-08 2.0668461E-08  293.3451 298.7882 305.9726 301.9177 297.3117 303.0528 306.6187 304.1872 300.0967 304.6271 305.6050 303.7175 298.5201 302.3987 303.9161 303.5118  113.226
1965 5.1384099E-08 1.9974541E-08 8.4208347E-09 2.1738098E-08 3.4359921E-08 1.3233685E-08 7.7265216E-09 2.8167468E-08 1.9854776E-08 1.0705866E-08 1.1280378E-08 2.4286354E-08 1.9128933E-08 1.6584867E-08 1.7897211E-08 2.0329924E-08  293.3520 299.0681 306.3214 301.8635 296.6670 302.7919 306.5212 303.9532 299.2791 303.7960 304.9605 302.8688 297.7163 301.5810 303.1136 302.4817  1394.52
1966 5.0467179E-08 2.0832214E-08 8.9042826E-09 2.4693772E-08 3.1603307E-08 1.2657504E-08 8.0067188E-09 3.4344936E-08 1.8458442E-08 1.1289882E-08 1.2000937E-08 2.6818888E-08 1.8494227E-08 1.7727706E-08 1.8832136E-08 2.2122254E-08  293.5554 298.7333 305.9989 301.7367 297.0662 302.7403 306.3100 303.7081 299.6837 303.9449 304.9749 302.9712 298.1026 301.8391 303.2693 302.5400  520.161
1967 4.2019728E-08 1.5764158E-08 9.2588301E-09 2.4440137E-08 2.5753511E-08 8.5066105E-09 5.8918834E-09 2.6210039E-08 1.7464025E-08 8.6759098E-09 1.2145895E-08 2.5128235E-08 1.8588519E-08 1.5516520E-08 1.9585816E-08 2.1666752E-08  293.9798 299.1455 306.1383 301.8571 297.4569 303.2456 306.6287 304.3354 299.8934 304.4594 305.5248 303.5987 298.1298 302.2701 303.8676 303.3673  347.258
1968 4.2421540E-08 2.0645532E-08 1.0138103E-08 2.3129292E-08 2.6496862E-08 1.2430672E-08 5.3558091E-09 2.9812973E-08 1.5294306E-08 9.8447712E-09 9.9780975E-09 2.6893620E-08 1.8738326E-08 1.4958658E-08 1.5712818E-08 2.0193363E-08  293.9297 298.9968 306.0041 301.8041 297.5092 303.0598 306.5138 304.2486 300.0538 304.2358 305.2598 303.3375 298.0740 302.0300 303.6819 303.2741  1222.84
1969 4.0248739E-08 1.7441751E-08 9.5020161E-09 2.2813051E-08 2.5552593E-08 1.1526994E-08 5.7390248E-09 2.8888639E-08 1.6867958E-08 9.0221421E-09 1.1706301E-08 2.5758521E-08 1.8581902E-08 1.7533056E-08 2.0501938E-08 2.1286096E-08  294.3164 299.5149 306.5658 302.0675 298.0565 303.4802 306.9217 304.3097 300.4222 304.6196 305.4842 303.3484 298.3531 302.2346 303.5411 303.1362  324.161
1970 4.2866191E-08 2.0514685E-08 9.8557740E-09 1.8929118E-08 2.4739402E-08 9.5914432E-09 6.5463417E-09 2.9574949E-08 1.5183449E-08 7.2617010E-09 9.3589483E-09 2.5880322E-08 1.8728601E-08 1.5887883E-08 1.4866146E-08 1.8763760E-08  294.0327 299.1125 306.2535 301.8733 297.8526 303.2449 306.6519 304.2982 300.3965 304.6548 305.5823 303.4783 298.4943 302.5095 304.0760 303.4207  1035.32
1971 3.9399715E-08 1.6802591E-08 8.5056584E-09 2.6171220E-08 2.4131658E-08 1.0055704E-08 5.5278266E-09 3.2260509E-08 1.7179747E-08 7.9627807E-09 1.2511607E-08 2.9394407E-08 2.2415509E-08 1.6859669E-08 1.8587063E-08 2.4743734E-08  293.9692 298.9279 306.1028 301.8173 297.5762 303.1367 306.6598 304.3414 299.6173 304.2713 305.2659 303.3400 297.4655 301.6033 303.1655 302.6781  106.161
1972 4.8160935E-08 2.0350383E-08 1.1403949E-08 2.4220155E-08 2.7217427E-08 1.1802408E-08 6.2406342E-09 3.0051513E-08 1.5926647E-08 8.9461381E-09 9.3107291E-09 2.3021169E-08 1.7192734E-08 1.4523530E-08 1.6750636E-08 2.1564890E-08  293.3125 298.8151 305.8744 301.8863 297.0991 302.9554 306.3941 303.8794 299.7718 304.3033 305.4055 303.4536 298.0893 302.0200 303.6165 303.0342  560.065
1973 4.6004168E-08 2.0579240E-08 1.1848432E-08 2.5751342E-08 2.9555771E-08 1.3255280E-08 7.6059452E-09 2.9041237E-08 1.8189782E-08 1.0490403E-08 1.1338794E-08 2.4122334E-08 1.9075062E-08 1.5204145E-08 1.8568862E-08 1.9941542E-08  293.3886 298.8086 305.8855 301.9410 297.1080 302.8389 306.3611 304.0289 299.7109 304.0616 305.0443 303.1930 298.0170 301.9497 303.3291 302.9500  147.903
1974 4.2943160E-08 2.0957346E-08 9.4313464E-09 2.2366114E-08 2.5213511E-08 1.2429723E-08 5.9508278E-09 2.5553330E-08 1.7689919E-08 8.6289500E-09 9.8492769E-09 2.0228757E-08 2.1302190E-08 1.5763497E-08 1.6707506E-08 1.9292607E-08  293.2117 298.6542 306.0127 301.8259 296.8598 302.7203 306.2965 304.0368 299.2668 303.8771 304.8927 303.1100 297.3846 301.4225 303.0761 302.7892  929.419
1975 4.2544780E-08 1.8114742E-08 1.3106670E-08 3.3147920E-08 2.3854733E-08 9.6292663E-09 9.2616617E-09 3.7066481E-08 1.3426562E-08 7.6277393E-09 1.3334366E-08 3.2377407E-08 1.3631611E-08 1.1511857E-08 1.6664719E-08 2.0415452E-08  293.7163 298.8337 305.9087 301.8498 297.4110 302.9361 306.2893 303.6377 300.4152 304.5403 305.1448 302.8994 298.8002 302.8129 304.0119 303.3792  2034.77
1976 4.2344897E-08 1.8408311E-08 8.1336760E-09 2.0323805E-08 2.6555588E-08 8.9462064E-09 4.7771009E-09 2.4835447E-08 1.4639860E-08 6.5447465E-09 8.3709777E-09 2.0151438E-08 1.5351521E-08 1.1858793E-08 1.4707052E-08 1.6287045E-08  293.6727 298.9112 306.1940 301.7959 297.2747 303.0778 306.7874 304.8391 300.0395 304.5534 305.6773 304.1709 298.2086 302.4416 304.0861 303.8545  221.71
1977 4.7696112E-08 2.4460201E-08 1.3332671E-08 3.4643524E-08 2.8856666E-08 1.2137065E-08 9.9735340E-09 3.7489244E-08 1.6783307E-08 9.4657260E-09 1.3564771E-08 2.6855535E-08 1.5446679E-08 1.4753305E-08 2.0189280E-08 2.2323782E-08  293.6937 298.7560 305.7502 301.8795 297.1855 302.7367 306.0812 303.6893 299.7241 303.9585 304.8694 303.0520 298.0029 301.8578 303.2723 302.7708  1300.48
1978 4.8851518E-08 2.0814490E-08 8.5134646E-09 1.8476999E-08 2.7759134E-08 1.2421015E-08 6.7032073E-09 2.6712742E-08 1.7060175E-08 1.0321682E-08 1.0716628E-08 2.2979558E-08 1.6174596E-08 1.4880493E-08 1.7669576E-08 2.0290766E-08  293.5521 299.2921 306.5508 301.8802 297.6644 303.3127 306.7211 304.3824 300.2574 304.7129 305.5795 303.6060 298.5688 302.5565 304.1033 303.5853  149.677
1979 4.7390500E-08 2.0702613E-08 9.7023989E-09 2.0751562E-08 2.9042706E-08 1.2228109E-08 8.7299803E-09 2.7696693E-08 1.7495879E-08 1.0623578E-08 1.4362213E-08 2.4044960E-08 1.7773669E-08 1.6996420E-08 1.9677582E-08 1.9791324E-08  293.6969 299.3014 306.3294 301.9709 297.1960 303.2017 306.6592 304.3999 299.6362 304.1699 305.1713 303.5116 297.9305 301.9458 303.5344 303.2559  372.484
1980 4.7150202E-08 2.8175592E-08 1.2678547E-08 2.7296279E-08 2.8630962E-08 1.3103435E-08 8.3415852E-09 3.0375869E-08 1.6222685E-08 8.8213747E-09 1.2817948E-08 2.3617588E-08 1.7829080E-08 1.6698648E-08 1.9461014E-08 2.1662226E-08  293.6494 298.6127 305.8164 301.9783 297.2566 302.6885 306.2145 304.0538 299.7122 303.9076 304.9120 303.2476 297.8383 301.5032 302.9852 302.7039  418.742
1981 4.3066684E-08 1.8357118E-08 7.9846432E-09 2.0678005E-08 2.6924933E-08 1.0627081E-08 6.0100400E-09 2.6264338E-08 1.7386986E-08 9.5398329E-09 1.0913234E-08 2.4986727E-08 1.9231122E-08 1.7686016E-08 2.1344894E-08 2.2938519E-08  293.5377 299.1202 306.3020 301.8412 297.3036 303.2261 306.7336 304.3464 299.8464 304.4287 305.3648 303.5485 297.9904 301.9554 303.4823 303.2625  488.452
1982 4.9974894E-08 2.4229216E-08 1.2906851E-08 1.7872813E-08 2.9557095E-08 1.3533283E-08 6.7160539E-09 2.8988495E-08 1.8071360E-08 1.0900253E-08 1.1540497E-08 2.5589165E-08 1.8445171E-08 1.7576420E-08 2.0167732E-08 2.5054231E-08  293.1434 298.6447 306.0215 301.9837 297.0301 302.7724 306.5451 304.1119 299.6237 303.9520 305.0417 302.9152 297.9499 301.6174 302.9608 302.2708  273.774
1983 4.4512948E-08 1.4605122E-08 6.0884187E-09 1.9021755E-08 3.0507337E-08 8.4035880E-09 2.7354081E-09 2.1126082E-08 1.9637453E-08 8.2734122E-09 8.4204661E-09 1.9842057E-08 1.9826636E-08 1.7392015E-08 1.8076621E-08 2.0995254E-08  293.9918 299.5957 306.5929 302.2071 297.3363 303.4860 307.0850 304.6026 299.6479 304.3895 305.7015 303.7328 297.9553 301.9451 303.6702 303.1039  235.355
1984 4.8121347E-08 2.4180430E-08 1.3660237E-08 2.4923388E-08 2.9294187E-08 1.2633060E-08 8.9121395E-09 2.8182448E-08 1.8132663E-08 8.3101570E-09 1.0754316E-08 2.3048161E-08 1.7479893E-08 1.5268395E-08 1.7224288E-08 2.0314252E-08  293.4861 298.6374 305.9387 301.9260 297.0507 302.8122 306.5774 304.3974 299.6258 304.1766 305.4670 303.7062 297.9596 302.0166 303.7687 303.5163  41
1985 4.4560281E-08 1.9538533E-08 9.3173238E-09 2.2633209E-08 2.5808259E-08 9.5346380E-09 8.1095761E-09 3.3637168E-08 1.5632679E-08 9.2464152E-09 1.4522289E-08 3.2105419E-08 1.8944764E-08 1.4644360E-08 1.7620058E-08 2.4834955E-08  293.7338 299.0094 306.2156 301.8604 297.3213 303.0779 306.4697 303.8822 299.8699 304.2283 304.9530 302.6404 297.8960 301.9854 303.3822 302.5822  340.806
1986 3.8054981E-08 1.6866634E-08 7.0974751E-09 2.2047677E-08 2.3861473E-08 1.0619781E-08 5.5692357E-09 2.5168740E-08 1.5428702E-08 7.9184987E-09 1.0710310E-08 2.2520240E-08 1.5166309E-08 1.3245929E-08 1.8540524E-08 2.1125294E-08  294.0048 299.1914 306.3635 302.1029 297.4666 303.1381 306.6048 304.2418 299.7245 304.1264 304.9786 302.9612 298.1778 301.9793 303.1902 302.4700  156.613
1987 4.1581320E-08 1.8792520E-08 6.0822352E-09 1.9203151E-08 2.5628870E-08 1.1910055E-08 6.0690653E-09 2.2356792E-08 1.5895393E-08 1.0044826E-08 1.0384668E-08 2.0531086E-08 1.7420980E-08 1.5808672E-08 1.6622058E-08 1.9012884E-08  293.8758 299.3566 306.5875 302.0814 297.3940 303.2250 306.8210 304.5981 299.6378 304.1354 305.3857 303.7525 297.8527 301.8534 303.4954 303.1806  539.258
1988 4.2837812E-08 1.7075678E-08 9.3716928E-09 1.9786619E-08 2.5526672E-08 1.0627966E-08 8.5033385E-09 3.2306367E-08 1.6254255E-08 9.4365786E-09 1.1949150E-08 2.3732690E-08 1.6466311E-08 1.5296861E-08 1.7126817E-08 1.7995568E-08  293.6597 299.0112 306.1481 301.8089 297.3923 303.0324 306.4715 304.1422 299.8836 304.1789 305.1810 303.4102 298.0901 301.8924 303.4527 303.2100  261.484
1989 4.3763940E-08 1.9133031E-08 1.0264187E-08 2.5262962E-08 2.8726424E-08 9.6546362E-09 5.5247100E-09 2.7981720E-08 1.5891967E-08 7.2307147E-09 9.3856158E-09 2.3037563E-08 1.6519897E-08 1.1394709E-08 1.3176908E-08 1.8823886E-08  293.4796 298.8882 306.0520 301.9279 297.0307 303.0545 306.8015 304.4397 299.5702 304.3340 305.5291 303.6186 297.8804 302.0914 303.8189 303.2604  412.806
1990 3.9200458E-08 1.5078783E-08 6.1635368E-09 2.1969285E-08 2.4305246E-08 9.6193267E-09 5.5474523E-09 2.9659478E-08 1.5888565E-08 9.8139292E-09 7.9506846E-09 2.2246192E-08 1.7094710E-08 1.4746020E-08 1.3896542E-08 1.6989315E-08  294.3134 299.4249 306.6296 302.1803 297.7838 303.3214 306.8640 304.4453 300.0246 304.2213 305.4743 303.5940 298.0119 301.9178 303.6854 303.2799  1983
1991 4.6956707E-08 2.3017634E-08 1.2908175E-08 2.5960963E-08 2.9393631E-08 1.4111896E-08 1.0350833E-08 2.9465768E-08 1.6966666E-08 1.2133067E-08 1.5464108E-08 2.9404706E-08 1.8963339E-08 1.8132095E-08 2.0353751E-08 2.3996199E-08  293.4142 298.7684 305.9802 302.0835 297.0634 302.6755 306.1598 303.6930 299.6472 303.8175 304.6303 302.3582 297.9355 301.7125 303.0970 302.2941  228.581
1992 4.7085475E-08 1.8768084E-08 7.0996879E-09 1.7106567E-08 3.1157203E-08 1.2114302E-08 5.4937601E-09 2.3347177E-08 1.9795099E-08 9.8581019E-09 1.0915985E-08 2.2207063E-08 1.9758518E-08 1.7319955E-08 1.9612752E-08 2.3112984E-08  293.6404 299.1785 306.5202 302.0627 296.9941 303.0581 306.8517 304.3173 299.1719 303.8990 305.3569 303.3800 297.5248 301.5795 303.3073 302.7745  674.806
1993 5.2638754E-08 2.8640601E-08 1.2319515E-08 2.4139640E-08 3.2154126E-08 1.7337944E-08 8.7579908E-09 2.7671074E-08 1.8568013E-08 1.2025739E-08 1.2814741E-08 2.6113222E-08 1.8944396E-08 1.7261440E-08 1.9158332E-08 2.3109830E-08  292.7911 298.1138 305.6516 301.9753 296.3339 302.1863 306.0853 303.7500 298.9384 303.2883 304.5777 302.5766 297.5592 301.3726 302.7522 302.0219  255.645
1994 3.9880263E-08 1.7570018E-08 1.0027818E-08 2.7205017E-08 2.7148740E-08 9.5924859E-09 6.1667578E-09 2.6918345E-08 1.7767439E-08 9.3752446E-09 9.5356008E-09 2.1154763E-08 1.6957623E-08 1.5177550E-08 1.5023389E-08 1.7547194E-08  293.8525 298.9088 305.9945 301.8926 297.0713 302.8534 306.4759 304.0580 299.4642 303.8365 305.1541 303.2560 297.8649 301.6712 303.3586 302.8676  556.161
1995 4.4841975E-08 1.9337449E-08 1.1237079E-08 2.7284310E-08 2.6087967E-08 1.0138674E-08 7.1572552E-09 2.8869280E-08 1.3186371E-08 8.3641449E-09 9.5222568E-09 2.0964281E-08 1.4541376E-08 1.2722967E-08 1.4366933E-08 1.6953438E-08  293.4734 298.8080 306.0546 302.0802 297.3617 302.9896 306.5535 304.3154 300.2778 304.5134 305.6210 303.8055 298.6763 302.7268 304.2951 303.8537  435.371
1996 4.7804445E-08 2.4002393E-08 1.0598837E-08 2.2242226E-08 3.0230737E-08 1.4853986E-08 6.2854926E-09 3.1422037E-08 1.8172377E-08 1.0716683E-08 1.2920944E-08 2.7587834E-08 1.6289599E-08 1.6108194E-08 2.0926299E-08 2.7199178E-08  293.7040 299.0632 306.4182 302.0665 297.2541 303.1381 306.7963 304.3396 299.6306 304.1603 305.1122 303.1011 297.7890 301.5496 302.7754 302.2172  50.3226
1997 4.9749801E-08 2.6084162E-08 1.3072542E-08 2.2318424E-08 3.1971791E-08 1.3952116E-08 9.5361417E-09 3.2049122E-08 1.9099589E-08 1.1546748E-08 1.4701036E-08 2.8789403E-08 1.7984862E-08 1.5881673E-08 1.8863334E-08 2.2367702E-08  293.1357 298.4399 306.0297 302.1339 296.4701 302.4626 306.2956 304.0865 299.1321 303.6198 304.7731 303.0784 297.7209 301.7399 303.3492 303.1508  308.903
1998 4.0425370E-08 1.8923606E-08 1.2164855E-08 2.9285548E-08 2.1846725E-08 8.6629077E-09 9.2515986E-09 3.7197804E-08 1.3041841E-08 7.1273480E-09 1.1084703E-08 2.7534140E-08 1.4790620E-08 1.2761859E-08 1.6586455E-08 1.7796348E-08  294.3367 299.1740 305.9438 302.0646 298.1586 303.2437 306.3288 303.6770 300.6724 304.5545 305.2724 303.1501 298.8767 302.5949 303.7761 303.2725  122.258
1999 3.8596301E-08 1.5386375E-08 7.3690400E-09 1.8742496E-08 2.5487060E-08 7.8101277E-09 3.9314996E-09 2.4643866E-08 1.6946460E-08 6.8686896E-09 9.0172589E-09 1.9786464E-08 1.6191715E-08 1.5732136E-08 1.8273797E-08 1.9265151E-08  294.0696 299.6357 306.6578 301.8846 297.8764 303.9331 307.4188 304.9750 300.3773 305.0855 306.2228 304.4189 298.4472 302.5064 304.1760 303.9573  369.774
2000 4.4529557E-08 2.2678012E-08 1.3550775E-08 2.7968870E-08 2.8265330E-08 1.1740934E-08 9.4406527E-09 3.4997186E-08 1.6033997E-08 8.6236609E-09 1.2582752E-08 2.6056091E-08 1.6039428E-08 1.2476661E-08 1.7181573E-08 1.9141300E-08  294.0271 299.0506 306.1733 302.1116 297.5330 303.1904 306.7037 304.2176 300.1015 304.5776 305.3908 303.2804 298.3441 302.3037 303.7144 303.3681  130.935
2001 4.3351765E-08 1.9902640E-08 1.1458130E-08 2.2022935E-08 2.5901265E-08 1.1258285E-08 5.5834337E-09 3.0549817E-08 1.5761909E-08 8.4360350E-09 1.0045119E-08 2.3780546E-08 1.5024765E-08 1.2909022E-08 1.4415805E-08 1.7804092E-08  293.7841 299.1441 306.4261 302.1895 297.6123 303.3777 307.0071 304.2844 300.2039 304.5992 305.7023 303.5746 298.4565 302.4152 304.0572 303.5491  379.129
2002 4.2415508E-08 2.3692662E-08 1.1383976E-08 2.4439577E-08 2.3424045E-08 1.1767199E-08 7.3503017E-09 3.1115167E-08 1.4588325E-08 9.2304697E-09 1.0625810E-08 2.7902813E-08 1.4570600E-08 1.2910219E-08 1.5925970E-08 2.0384787E-08  293.7152 298.9890 306.1126 302.0609 297.7921 303.2833 306.6597 304.0184 300.2815 304.5776 305.4256 303.0516 298.4662 302.5335 303.9155 303.1361  105.548
2003 5.0494350E-08 2.3459936E-08 1.2257424E-08 2.8972025E-08 3.1855347E-08 1.2394734E-08 8.3870608E-09 3.2491467E-08 1.9522014E-08 1.1711324E-08 1.4646790E-08 2.7753279E-08 1.7819769E-08 1.6948739E-08 1.8921863E-08 2.2916735E-08  293.0163 298.6212 306.1269 302.1017 296.9052 302.8016 306.6085 303.9461 299.5368 303.8695 304.9629 302.9246 297.9345 301.8322 303.2456 302.7937  100.484
2004 4.1222005E-08 2.3376886E-08 9.8707948E-09 2.8585250E-08 2.5686980E-08 1.1330314E-08 6.4559118E-09 3.2953139E-08 1.4368371E-08 7.0466211E-09 8.9224210E-09 2.4535986E-08 1.3863368E-08 1.2702034E-08 1.4249387E-08 1.8065002E-08  294.0042 299.1056 306.3481 302.1566 297.4991 303.2556 306.7564 304.0473 300.0285 304.5602 305.6118 303.4648 298.4029 302.3641 304.0544 303.4867  238.355
2005 4.9444076E-08 1.9754617E-08 8.3019920E-09 2.1276986E-08 3.4228449E-08 1.1983189E-08 6.8247936E-09 2.7516153E-08 1.9943565E-08 9.9562616E-09 1.1781784E-08 2.6642486E-08 1.7134235E-08 1.4717636E-08 1.6872647E-08 2.1990289E-08  293.6728 299.4876 306.8214 302.3766 296.9980 303.2558 307.0146 304.4205 299.5614 304.1167 305.3117 303.0922 298.1309 301.8307 303.2928 302.6208  331.226
2006 5.6915564E-08 2.9551826E-08 1.4261608E-08 2.4833710E-08 3.4892661E-08 1.7972200E-08 9.6829691E-09 3.8278181E-08 1.8295259E-08 1.1064295E-08 1.4856814E-08 3.2116439E-08 1.7027482E-08 1.4799641E-08 1.9426695E-08 2.5145134E-08  293.0845 298.5802 306.1236 302.1698 296.7313 302.5572 306.4130 303.7803 299.6689 304.0247 304.9025 302.6266 298.1609 301.9286 303.2651 302.5180  412.194
2007 4.5933401E-08 1.7510464E-08 8.0047373E-09 1.9984213E-08 2.6091309E-08 1.0716723E-08 5.2149565E-09 3.3013773E-08 1.4556493E-08 8.4520106E-09 1.0160490E-08 2.5668523E-08 1.6215024E-08 1.6006782E-08 2.0380348E-08 2.1512735E-08  293.7207 299.5456 306.7611 302.3297 297.7837 303.6502 307.1057 304.1484 300.4710 304.9127 305.7498 303.5117 298.6963 302.6957 303.8880 303.4431  2108.19
2008 4.1057319E-08 1.6112175E-08 1.1945062E-08 2.6557162E-08 2.4113678E-08 8.0923241E-09 7.5226696E-09 3.1895990E-08 1.4208805E-08 6.1436745E-09 1.0349654E-08 2.5706235E-08 1.4046246E-08 1.1678455E-08 1.5397788E-08 2.0875554E-08  294.2338 299.4075 306.3732 302.1220 297.8410 303.5273 306.9500 304.4500 300.4769 305.0012 305.8235 303.5991 298.7743 302.8247 304.2751 303.6120  233.839
2009 4.0129812E-08 1.9327857E-08 1.0857297E-08 2.8721898E-08 2.2468889E-08 8.7784819E-09 6.6058408E-09 3.3226009E-08 1.2946606E-08 5.4790932E-09 1.0433208E-08 2.5066875E-08 1.4882696E-08 1.3348198E-08 1.5694528E-08 1.8834696E-08  294.3757 299.1604 306.0276 302.2046 298.0269 303.3818 306.5780 303.9765 300.7075 304.8904 305.5917 303.3642 298.8651 302.5704 304.0093 303.4387  230.839
2010 3.5450483E-08 1.5956065E-08 1.0067535E-08 2.3677842E-08 2.0067606E-08 7.1515744E-09 7.0132713E-09 2.8022088E-08 1.3092383E-08 6.1529146E-09 9.4253449E-09 2.4016744E-08 1.4900034E-08 1.2532243E-08 1.5030270E-08 2.0645425E-08  0.0000000E+00 0.0000000E+00 0.0000000E+00 0.0000000E+00 0.0000000E+00 0.0000000E+00 0.0000000E+00 0.0000000E+00 0.0000000E+00 0.0000000E+00 0.0000000E+00 0.0000000E+00 0.0000000E+00 0.0000000E+00 0.0000000E+00 0.0000000E+00  638.355
2011 4.5516451E-08 2.1361775E-08 9.1957304E-09 2.2621821E-08 2.8604525E-08 1.1569973E-08 7.8717113E-09 3.0789760E-08 1.5293340E-08 7.4376829E-09 9.7245376E-09 2.8660642E-08 1.4910180E-08 1.4142749E-08 1.6182131E-08 2.0062513E-08  294.0588 299.3250 306.4958 302.0523 297.7628 303.2912 306.7155 304.3562 300.4078 304.7520 305.4691 303.2652 298.7776 302.5695 303.9479 303.4925  65.4194
2012 5.5275102E-08 3.0544825E-08 1.3974509E-08 2.5576510E-08 3.1474279E-08 1.7214401E-08 8.9795700E-09 3.3270862E-08 1.9956651E-08 1.2544668E-08 1.2741612E-08 3.0171520E-08 1.8752445E-08 1.9332960E-08 2.3273516E-08 2.6689431E-08  293.1874 298.5891 305.8088 301.9505 296.9641 302.7543 306.3718 303.9365 299.6203 303.9687 305.0082 302.9357 297.8792 301.6185 302.9725 302.6131  395
2013 5.2780997E-08 2.0657399E-08 8.2062437E-09 1.9553504E-08 3.5100459E-08 1.5240992E-08 7.5073245E-09 3.2381003E-08 1.9827931E-08 1.1525195E-08 1.3291440E-08 2.7158601E-08 1.9536584E-08 1.4001904E-08 1.7520936E-08 2.3544906E-08  293.6737 299.4004 306.7467 302.1349 296.9952 303.0642 306.9227 304.2968 299.5693 304.0875 305.1467 303.1472 298.0529 302.0414 303.4529 302.9258  124.871
2014 5.2573462E-08 2.9120372E-08 1.2355912E-08 2.5531223E-08 3.1914841E-08 1.6598579E-08 9.5801749E-09 3.1179358E-08 1.6446126E-08 1.0858686E-08 1.2403917E-08 2.8497174E-08 1.6072120E-08 1.4234111E-08 1.7288677E-08 2.2780252E-08  293.0304 298.5302 305.9465 302.1988 296.8411 302.6768 306.4530 304.1578 299.7220 304.1971 305.2379 303.1587 298.2632 302.2811 303.7490 303.0999  279.484
2015 4.6434753E-08 2.9907316E-08 1.9452802E-08 3.0696757E-08 2.9586596E-08 1.6464968E-08 1.0877458E-08 2.9222988E-08 1.7686238E-08 9.9306767E-09 1.1749655E-08 2.3149861E-08 1.8602973E-08 1.7013791E-08 1.7659259E-08 1.9863588E-08  293.4580 298.3094 305.3729 302.2418 296.9666 302.3711 306.0530 303.9539 299.6105 303.7891 305.0510 303.3101 298.0123 301.8320 303.3098 302.8585  1703.57
