STN,prec_1,prec_2,prec_3,prec_4,prec_5,prec_6,prec_7,prec_8,prec_9,prec_10,prec_11,prec_12,prec_13,prec_14,prec_15,prec_16,st_1,st_2,st_3,st_4,st_5,st_6,st_7,st_8,st_9,st_10,st_11,st_12,st_13,st_14,st_15,st_16,12.0
LAT,26.51077,26.51077,26.51077,26.51077,29.30136,29.30136,29.30136,29.30136,32.09194,32.09194,32.09194,32.09194,34.88252,34.88252,34.88252,34.88252,26.51077,26.51077,26.51077,26.51077,29.30136,29.30136,29.30136,29.30136,32.09194,32.09194,32.09194,32.09194,34.88252,34.88252,34.88252,34.88252,30.7512899
LON,-104.0625,-101.2500,-98.43750,-95.62500,-104.0625,-101.2500,-98.43750,-95.62500,-104.0625,-101.2500,-98.43750,-95.62500,-104.0625,-101.2500,-98.43750,-95.62500,-104.0625,-101.2500,-98.43750,-95.62500,-104.0625,-101.2500,-98.43750,-95.62500,-104.0625,-101.2500,-98.43750,-95.62500,-104.0625,-101.2500,-98.43750,-95.62500,-98.6697599
1958 1.8212299E-08 2.8069538E-08 2.2994616E-08 1.7548503E-08 1.9368889E-08 1.9361991E-08 1.8198797E-08 2.1178581E-08 1.3440899E-08 1.4756811E-08 2.0267510E-08 2.8640022E-08 1.2407964E-08 1.4961254E-08 2.0030864E-08 2.5261926E-08  283.1019 285.1648 290.1482 293.8354 281.7629 285.0037 287.5001 287.7588 281.1766 283.2514 283.0282 281.8560 276.7519 278.8944 278.5673 277.8325  239.419
1959 1.3263069E-08 1.9353802E-08 1.4572811E-08 1.3876572E-08 1.3065684E-08 1.3139197E-08 1.4386909E-08 1.7712210E-08 1.1559200E-08 1.2287983E-08 1.9079073E-08 2.6758528E-08 1.3554356E-08 1.5604691E-08 2.1184810E-08 2.6498492E-08  283.3983 285.8637 291.1840 293.8076 282.2628 285.8130 288.5167 288.6054 281.6198 283.8292 283.7928 282.6563 276.8484 279.0157 278.8528 278.3036  247.548
1960 1.1641486E-08 1.9659204E-08 1.6871807E-08 1.4127795E-08 1.2944516E-08 1.3390614E-08 1.4427990E-08 1.8935799E-08 1.2132716E-08 1.2702859E-08 1.9109947E-08 2.8894254E-08 1.4504304E-08 1.6817308E-08 2.2688170E-08 3.1279235E-08  284.0899 286.8561 291.9667 293.9591 282.7650 286.5438 289.1699 289.0417 281.8317 284.2331 283.9912 282.7679 277.2392 279.2534 278.6053 277.7925  533.065
1961 1.2808433E-08 2.0316959E-08 1.9220476E-08 1.6020671E-08 1.5662003E-08 1.6234262E-08 1.8175919E-08 2.2126532E-08 1.4357518E-08 1.6716251E-08 2.5012833E-08 3.2841761E-08 1.4848080E-08 1.9215085E-08 2.5972481E-08 3.1984225E-08  283.7657 286.1794 291.1049 293.8294 282.2674 285.9181 288.5475 288.7923 281.4333 283.8790 283.8621 282.9380 276.6880 279.1631 279.0937 278.7101  200.968
1962 1.3905029E-08 2.1855035E-08 1.8722858E-08 1.5061593E-08 1.4578647E-08 1.4504759E-08 1.4723427E-08 1.8328254E-08 1.0771489E-08 1.0849086E-08 1.7758820E-08 2.7990202E-08 1.1115267E-08 1.2627069E-08 1.9113541E-08 2.6456750E-08  284.2989 286.8249 291.9046 293.8775 283.2138 286.7237 289.2434 289.3074 282.5501 284.6757 284.1815 282.8603 277.9836 279.7906 278.9495 277.9636  111.065
1963 1.3672960E-08 2.5026194E-08 2.0664439E-08 1.7552050E-08 1.5976958E-08 1.8735697E-08 2.1893053E-08 2.6770838E-08 1.4105717E-08 1.7519710E-08 2.8453870E-08 3.9164391E-08 1.4341939E-08 1.8793639E-08 2.7195405E-08 3.4127382E-08  282.5979 284.8431 289.9171 293.7749 280.9895 284.2427 286.5722 286.9397 280.2964 282.1991 281.7544 280.6726 275.7863 277.7211 277.0390 276.3231  94.2903
1964 1.0465102E-08 1.8737881E-08 1.7423185E-08 1.3297861E-08 1.2362046E-08 1.3907763E-08 1.6365627E-08 1.8744201E-08 1.1283746E-08 1.3631251E-08 2.3637849E-08 3.1702001E-08 1.3495710E-08 1.7050040E-08 2.4283693E-08 3.1587039E-08  284.5715 287.3351 292.4302 293.9273 283.1950 287.0723 289.7368 289.5494 282.0211 284.6713 284.5414 283.3222 277.4530 279.6936 279.3730 278.6709  189.29
1965 2.6363686E-08 3.4859220E-08 3.1862381E-08 2.8765459E-08 2.4228152E-08 2.6936064E-08 3.2445936E-08 4.1030418E-08 1.9682494E-08 2.4507834E-08 3.6162355E-08 4.7404484E-08 1.9036463E-08 2.4264281E-08 3.1334594E-08 3.7991061E-08  281.5924 284.3833 289.6674 293.5710 280.6308 284.3110 286.7274 287.0753 280.5623 282.5456 282.2090 281.2405 276.5612 278.5258 278.0369 277.5734  129.452
1966 1.5462295E-08 2.2931784E-08 2.1465164E-08 1.7469366E-08 1.4565336E-08 1.6755781E-08 1.8207315E-08 2.2897142E-08 1.1462120E-08 1.3386332E-08 2.0283005E-08 3.1608934E-08 1.1643198E-08 1.4024517E-08 1.9054898E-08 2.7008555E-08  283.2213 285.6998 290.8880 293.8518 282.1531 285.7331 288.5308 288.6750 281.7245 284.0792 284.0644 283.0549 277.4048 279.7337 279.5392 278.8714  115.839
1967 1.6352800E-08 2.2151747E-08 2.1291457E-08 1.6635992E-08 1.7318486E-08 1.5940849E-08 2.0259854E-08 2.4639881E-08 1.3492337E-08 1.4620595E-08 2.4355225E-08 3.5292874E-08 1.4225020E-08 1.7574711E-08 2.4607345E-08 3.3484049E-08  283.5515 286.0271 291.2351 293.9658 282.3847 286.0529 288.6419 288.7054 281.8275 284.0183 283.7132 282.5524 277.3685 279.3590 278.7360 277.8941  110.484
1968 1.8640256E-08 2.6317259E-08 2.4188298E-08 1.8746157E-08 2.0138721E-08 2.1367123E-08 2.2380007E-08 2.3502020E-08 1.6449833E-08 1.9075657E-08 2.7509651E-08 3.3259393E-08 1.7317067E-08 2.0721155E-08 2.6403363E-08 3.0940530E-08  282.7986 285.1431 290.3496 294.0078 281.4611 284.7655 287.4238 287.7635 280.9063 282.7429 282.5214 281.5240 276.7368 278.4833 277.8878 277.2411  163.097
1969 1.6849702E-08 2.3438737E-08 2.1140304E-08 1.9031306E-08 1.5859616E-08 1.6022796E-08 1.8284982E-08 2.5527987E-08 1.2040861E-08 1.4977111E-08 2.4069623E-08 3.4599108E-08 1.3199345E-08 1.9283210E-08 2.6681708E-08 3.4405719E-08  282.7241 285.6138 291.0174 293.9747 282.0067 286.0257 288.6936 288.5648 282.0329 284.6277 284.3630 282.9452 278.0844 280.4416 279.9564 278.8340  504.742
1970 1.0911650E-08 2.0873109E-08 2.1873138E-08 1.6323579E-08 1.3673942E-08 1.5511228E-08 1.9184332E-08 2.4565400E-08 1.1783829E-08 1.2996106E-08 2.2119723E-08 3.5757150E-08 1.3580883E-08 1.6502710E-08 2.2407596E-08 3.0532135E-08  284.3406 287.1218 292.1462 294.0770 282.7162 286.3680 289.0780 289.2011 281.7007 283.8641 283.6082 282.5439 277.2464 279.1197 278.4636 277.6689  144.645
1971 2.0975259E-08 2.6766974E-08 2.3954112E-08 1.7363110E-08 2.1042023E-08 1.8972186E-08 2.0900774E-08 2.5519055E-08 1.6248109E-08 1.6367542E-08 2.4145780E-08 3.4260580E-08 1.4600618E-08 1.6223620E-08 2.2849147E-08 2.9565568E-08  282.6143 285.1725 290.6324 294.2188 281.3949 285.0746 287.8454 288.1030 280.9596 283.2596 283.0595 282.0028 276.7830 278.8801 278.3972 277.5232  418.097
1972 1.8060934E-08 2.5236753E-08 2.4699862E-08 2.4175604E-08 1.7970571E-08 2.0443142E-08 2.6649987E-08 3.5200127E-08 1.5540397E-08 2.0280035E-08 3.3041342E-08 4.3739977E-08 1.6882138E-08 2.3595991E-08 3.3812611E-08 3.9318842E-08  281.6928 284.5725 289.8539 293.7499 280.8476 284.5670 286.9265 286.9612 280.5975 282.5225 282.2003 281.1227 276.1301 278.0423 277.5462 277.1449  163.194
1973 7.7581594E-09 1.6141291E-08 1.5776997E-08 1.1414419E-08 1.0195116E-08 1.2522582E-08 1.3201607E-08 1.6354454E-08 8.7412388E-09 1.0831110E-08 1.8411107E-08 2.9679221E-08 1.0358846E-08 1.2192665E-08 1.9555305E-08 2.9848461E-08  285.5000 288.1770 293.2326 294.3419 284.2382 287.8031 290.6303 290.6931 282.8690 285.2880 285.3376 284.4606 278.1163 280.3047 279.9312 279.4408  290.935
1974 1.1286200E-08 1.3965858E-08 1.1645275E-08 1.0252804E-08 1.2713740E-08 1.3010329E-08 1.3671388E-08 1.6967970E-08 1.1313420E-08 1.2496868E-08 1.9793177E-08 3.0340452E-08 1.3181981E-08 1.5397237E-08 2.0993710E-08 2.8834462E-08  284.6811 287.5372 292.6285 294.2949 283.4651 287.2406 289.8009 289.4827 282.4704 284.7111 284.4075 283.0307 277.9034 279.6758 278.9195 278.0244  541.419
1975 9.2040784E-09 1.6986149E-08 1.7594276E-08 1.4759975E-08 1.0674469E-08 1.3006343E-08 1.6834742E-08 1.9968134E-08 9.7394786E-09 1.2037148E-08 2.1777288E-08 3.0743109E-08 1.1371130E-08 1.4244530E-08 2.1979728E-08 3.0988858E-08  284.7136 287.3619 292.4861 294.2198 283.4678 287.1149 289.9471 289.8679 282.3415 284.7193 284.6231 283.4922 277.7062 279.7335 279.0553 278.2728  234.258
1976 2.4764773E-08 3.4614157E-08 2.9327509E-08 2.4307056E-08 2.3072456E-08 2.4506088E-08 2.5718593E-08 3.0227234E-08 1.6246229E-08 2.0370882E-08 2.7760450E-08 3.3923460E-08 1.5474372E-08 2.0870308E-08 2.6557416E-08 3.0260455E-08  282.0478 284.4133 289.7322 293.9611 280.9988 284.3942 286.8855 287.1632 280.9896 282.8849 282.3034 280.9571 277.1170 278.7300 277.7983 276.7403  301.419
1977 1.8952761E-08 2.7795668E-08 2.2971813E-08 1.8954587E-08 1.8851258E-08 1.8899268E-08 1.9630013E-08 2.5085518E-08 1.2828592E-08 1.4687300E-08 2.3290621E-08 3.2316777E-08 1.2946094E-08 1.5767885E-08 2.1554401E-08 2.7814167E-08  282.2223 284.6561 290.1749 293.8469 281.3460 285.0094 287.8275 287.9848 281.6145 283.9383 283.6131 282.2657 277.7604 279.8042 279.3730 278.2737  178.29
1978 1.5184286E-08 2.2706230E-08 2.2430557E-08 1.8910052E-08 1.4088255E-08 1.3726176E-08 1.7611772E-08 2.4009314E-08 1.1913749E-08 1.2063499E-08 2.1991925E-08 3.4467064E-08 1.3777419E-08 1.5308785E-08 2.2001139E-08 3.0647051E-08  283.7228 286.1978 291.2311 294.1396 282.1862 285.7026 288.4234 288.5186 281.2385 283.4273 283.3060 282.2337 276.7274 278.7717 278.3218 277.5334  169.742
1979 2.1176797E-08 2.9489584E-08 2.3596119E-08 1.8454864E-08 1.8945983E-08 1.9375307E-08 1.9285979E-08 2.1889948E-08 1.3892208E-08 1.6868208E-08 2.3162974E-08 2.8595947E-08 1.3605441E-08 1.6937323E-08 2.2141901E-08 2.7128435E-08  282.9792 285.5007 290.7731 293.7184 282.3028 285.8794 288.3997 288.3607 282.2023 284.3480 283.9597 282.6902 278.2607 280.2107 279.5375 278.5762  140.226
1980 1.7882167E-08 2.6938480E-08 2.3674877E-08 1.8627832E-08 1.6316356E-08 1.7354230E-08 1.8868992E-08 2.2708434E-08 1.2749865E-08 1.4735200E-08 2.2256065E-08 3.0140793E-08 1.4783231E-08 1.8753433E-08 2.3856545E-08 2.8185919E-08  283.0840 285.4037 290.5770 293.8872 282.0105 285.4502 288.0947 288.2955 281.6602 283.7352 283.4725 282.3198 277.4498 279.2824 278.5904 277.7827  222.484
1981 1.8760552E-08 2.4672110E-08 2.2073175E-08 1.5195107E-08 2.0837547E-08 1.8888418E-08 1.8210619E-08 2.0197186E-08 1.4620505E-08 1.5365320E-08 2.2394889E-08 3.2285737E-08 1.3670195E-08 1.6643812E-08 2.3493778E-08 3.1924511E-08  283.5312 286.0955 291.2765 293.9070 282.0566 285.5990 288.2686 288.5296 281.6649 283.6591 283.2822 282.1853 277.4655 279.3524 278.7429 277.9252  258.548
1982 1.1875402E-08 1.9269793E-08 1.8654131E-08 1.8684329E-08 1.4055647E-08 1.5532684E-08 2.2168109E-08 3.2391167E-08 1.2478506E-08 1.6976761E-08 3.0807612E-08 4.5116678E-08 1.4630074E-08 2.1217893E-08 3.3305490E-08 4.3434344E-08  282.2566 285.3341 290.6677 293.9207 281.3107 285.2260 287.5573 287.2843 280.6646 283.0136 282.4897 281.1648 276.2124 278.1707 277.2092 276.7424  167.29
1983 1.4708280E-08 2.4910957E-08 2.3018879E-08 1.6757859E-08 1.4940298E-08 1.6144837E-08 1.5535207E-08 2.0922135E-08 1.1610189E-08 1.2731349E-08 1.8059755E-08 2.8813549E-08 1.1977781E-08 1.4962733E-08 2.1071726E-08 2.8041198E-08  284.2382 286.9221 292.1181 294.0522 283.2633 287.0440 289.7942 289.7201 282.6914 285.0956 285.0796 283.8933 278.2914 280.3684 280.0484 279.2708  77.8387
1984 1.1792839E-08 1.7720847E-08 1.5280417E-08 1.1400990E-08 1.2661129E-08 1.3631123E-08 1.4432503E-08 1.7572772E-08 9.8922248E-09 1.1667177E-08 2.0784148E-08 3.0877089E-08 1.3532491E-08 1.8158826E-08 2.4776263E-08 3.2295851E-08  284.8847 287.8547 292.8740 293.9041 283.7127 287.7988 290.5422 290.3034 282.8871 285.6956 285.7000 284.4566 278.1972 280.7527 280.7061 280.0303  1634.42
1985 1.8682131E-08 2.7629426E-08 2.4699215E-08 1.6277799E-08 1.9826638E-08 2.2532531E-08 2.1251267E-08 2.3404233E-08 1.6463297E-08 1.8917310E-08 2.4801757E-08 3.0793100E-08 1.4676941E-08 1.7894058E-08 2.2243448E-08 2.7021214E-08  283.4600 285.9499 291.0672 293.8192 282.4635 286.0269 288.7235 288.7506 282.2861 284.3676 284.1905 282.9410 278.2721 280.1259 279.6443 278.8289  138.871
1986 1.9607921E-08 2.9308062E-08 2.6533337E-08 2.0545199E-08 1.8688835E-08 2.1471722E-08 2.4789621E-08 2.8290486E-08 1.7328709E-08 2.1277806E-08 3.0785383E-08 3.9858794E-08 1.8762393E-08 2.3424104E-08 3.0346488E-08 3.6042582E-08  281.3445 283.8609 289.5773 294.0671 280.4792 284.3333 287.2372 287.6474 280.6257 282.9170 283.0617 282.1328 276.4965 278.7790 278.6537 278.3431  830.516
1987 1.4256026E-08 2.4739583E-08 2.0375388E-08 1.8687764E-08 1.7565036E-08 1.8654090E-08 2.0012214E-08 2.5281636E-08 1.3765792E-08 1.6000785E-08 2.2929413E-08 3.2695443E-08 1.2689845E-08 1.5356058E-08 2.0288052E-08 2.6294634E-08  282.8798 285.0877 290.2267 293.8146 281.7373 285.0387 287.5222 287.4837 281.4118 283.4317 283.1187 281.9884 277.2447 279.1948 278.7480 277.9704  306.097
1988 9.0003027E-09 1.6003492E-08 1.5263725E-08 1.1832016E-08 1.0567788E-08 1.1635577E-08 1.3090214E-08 1.3240547E-08 9.8825916E-09 1.0857609E-08 1.6917243E-08 2.3823151E-08 1.0795125E-08 1.2930785E-08 2.0310958E-08 2.8236315E-08  285.6516 288.3199 293.1578 294.0476 284.3907 287.8957 290.4105 290.3413 282.9290 284.9914 284.6114 283.4790 278.1070 279.7504 278.7421 277.8664  188.258
1989 1.6277827E-08 2.1704446E-08 2.0542311E-08 1.6918417E-08 1.5656468E-08 1.5210595E-08 1.9174884E-08 2.3701356E-08 1.2254206E-08 1.3844245E-08 2.5363109E-08 3.4143653E-08 1.4604995E-08 1.7357912E-08 2.6489962E-08 3.5608100E-08  283.7562 286.3397 291.4081 294.4409 282.2662 285.9009 288.5989 288.8835 281.4310 283.6860 283.5982 282.5529 276.9417 279.0093 278.5063 277.8803  191.419
1990 2.2109685E-08 3.1437452E-08 2.6257206E-08 2.2953815E-08 1.9806762E-08 2.0968914E-08 2.1130898E-08 2.7069580E-08 1.4714811E-08 1.5579635E-08 2.2298147E-08 3.2930725E-08 1.5844417E-08 1.8715362E-08 2.3313499E-08 2.7464402E-08  282.8968 285.2867 290.6059 294.0922 281.9369 285.5215 288.2405 288.2869 281.8350 284.1265 283.8679 282.4482 277.7160 279.9106 279.3755 278.4131  197.194
1991 2.4681562E-08 3.0871064E-08 2.9447987E-08 2.7143948E-08 2.2998838E-08 2.5186232E-08 2.9762511E-08 3.5799633E-08 1.7666425E-08 2.1445363E-08 3.0762962E-08 4.0645979E-08 1.8012265E-08 2.1593632E-08 2.6509671E-08 3.1821781E-08  281.6947 284.6803 290.3910 293.9619 281.1301 285.0029 287.7236 287.8113 281.3322 283.6167 283.3159 282.1721 277.6483 279.8148 279.4490 278.6948  3178.9
1992 2.1759572E-08 2.8501381E-08 2.0766647E-08 1.7521721E-08 1.9561886E-08 1.8587654E-08 1.7775859E-08 2.4614973E-08 1.4940831E-08 1.6267560E-08 2.1570852E-08 3.4620495E-08 1.7570285E-08 2.0158208E-08 2.4826242E-08 3.1177418E-08  282.5186 284.6003 289.8694 294.1686 281.0083 284.3618 286.9456 287.3522 280.7490 282.5338 282.1306 280.9567 276.4869 278.1019 277.3446 276.5894  370.677
1993 1.9075021E-08 2.7113085E-08 2.3232751E-08 1.9029217E-08 2.0139185E-08 1.9294863E-08 2.0479744E-08 2.6277551E-08 1.6281428E-08 1.6355921E-08 2.6134835E-08 4.0026517E-08 1.5738550E-08 1.7507841E-08 2.5755920E-08 3.4976292E-08  282.8098 285.3234 290.4313 293.8395 281.4005 285.1147 287.7401 288.0651 281.0982 283.3352 283.0740 282.0495 276.9737 279.1202 278.5830 277.9395  158.226
1994 2.3637904E-08 3.1665930E-08 2.9184493E-08 2.3760398E-08 2.0916479E-08 2.2207615E-08 2.4290804E-08 3.1562045E-08 1.7018028E-08 2.1122734E-08 2.9966362E-08 3.9433047E-08 1.7882773E-08 2.3079096E-08 2.9241905E-08 3.4542747E-08  281.7982 284.5809 290.3344 294.0882 281.1039 284.9627 287.8304 288.0128 281.0033 283.3662 283.3327 282.2802 276.8212 279.1515 278.9712 278.5772  303.548
1995 1.2362427E-08 1.9308564E-08 1.8977412E-08 1.5943799E-08 1.4741676E-08 1.5455626E-08 1.8268278E-08 2.1071628E-08 1.0808589E-08 1.2229868E-08 2.1100190E-08 2.9036617E-08 1.1214117E-08 1.4792803E-08 2.2131879E-08 2.9258029E-08  284.6619 287.1557 291.9913 294.0577 283.2574 286.8487 289.4441 289.4098 282.6091 284.8850 284.5836 283.4864 278.2880 280.0910 279.2682 278.5853  136.226
1996 1.3998739E-08 2.5843104E-08 2.2534692E-08 1.8306329E-08 1.7740444E-08 2.0924448E-08 2.3517424E-08 2.5478750E-08 1.4938056E-08 1.7435863E-08 2.6533012E-08 3.6423941E-08 1.3893673E-08 1.7632441E-08 2.5058265E-08 3.2733730E-08  283.0531 285.3178 290.5564 294.0458 281.5367 284.8850 287.5681 288.1270 281.1185 282.9823 282.6203 281.7036 276.8940 278.8174 278.1384 277.2584  359.677
1997 1.2610491E-08 1.8406135E-08 1.8713349E-08 2.1377176E-08 1.4833756E-08 1.5685297E-08 2.2926951E-08 3.5789370E-08 1.5804801E-08 1.8760669E-08 3.2900097E-08 4.7857565E-08 1.6539841E-08 2.3246098E-08 3.4018335E-08 4.3419181E-08  282.1354 285.2325 290.3530 293.6370 281.1143 284.8856 286.8375 286.5060 280.3027 282.6159 281.8694 280.3997 275.7858 277.7614 277.0078 276.4585  280.097
1998 1.3234814E-08 1.9624247E-08 1.6270320E-08 1.2337057E-08 1.5388922E-08 1.6222922E-08 1.5272498E-08 1.7637127E-08 1.2398404E-08 1.4195471E-08 2.1167880E-08 3.1208803E-08 1.2460897E-08 1.4672694E-08 2.2029729E-08 2.8601091E-08  285.2890 287.8885 292.5970 294.1388 284.0511 287.5565 289.8979 289.6156 283.0056 285.1222 284.7097 283.3771 278.5944 280.4402 279.6453 278.7953  270.452
1999 1.1821756E-08 1.8868374E-08 1.7864368E-08 1.3598987E-08 1.1341008E-08 1.4251552E-08 1.4671134E-08 1.6468626E-08 1.0049721E-08 1.1583606E-08 1.7112917E-08 2.6736229E-08 1.0282187E-08 1.2418391E-08 1.8794974E-08 2.7135096E-08  285.3965 288.1191 293.0323 294.1974 284.3610 288.0642 290.8146 290.7736 283.4706 285.9434 285.9603 284.8984 279.0416 281.2304 280.9246 280.3924  141.871
2000 2.0640089E-08 2.7849612E-08 2.4236627E-08 1.6489778E-08 2.0027109E-08 1.9635639E-08 1.9932308E-08 2.2603189E-08 1.3298080E-08 1.3231462E-08 1.9705686E-08 3.1357796E-08 1.2861255E-08 1.3978553E-08 2.0615133E-08 3.0088479E-08  284.2817 286.7627 291.9130 294.3366 283.2679 286.5559 289.2692 289.5420 282.6877 284.6044 284.3680 283.3163 278.3557 280.1586 279.5683 278.7892  549.161
2001 1.8010446E-08 2.5244992E-08 1.9739899E-08 1.5590075E-08 1.7509803E-08 1.5707052E-08 1.5704781E-08 1.9608478E-08 1.2619828E-08 1.1699536E-08 1.7144501E-08 2.5497709E-08 1.3272216E-08 1.3708259E-08 1.8495495E-08 2.4814357E-08  283.3743 286.0315 291.2806 294.1113 282.4414 285.9981 288.6574 288.7769 282.3364 284.2950 283.8145 282.6420 277.8198 279.6498 278.9521 278.1242  313.613
2002 2.2764267E-08 3.3596095E-08 3.0116951E-08 2.4533412E-08 2.2888132E-08 2.3838215E-08 2.6489765E-08 3.1144708E-08 1.5982268E-08 1.9069036E-08 2.7779498E-08 3.5953050E-08 1.4929128E-08 1.9362702E-08 2.5820720E-08 3.0296299E-08  282.1079 284.2228 289.3649 293.9420 280.9623 284.1483 286.6548 286.9693 281.0424 282.7975 282.3209 281.2368 277.3703 279.1392 278.3397 277.4611  230.097
2003 1.6732871E-08 2.5570809E-08 1.9815900E-08 1.5368316E-08 1.9244826E-08 1.9399490E-08 1.8548848E-08 2.3943473E-08 1.5460319E-08 1.6895457E-08 2.4149941E-08 3.4102388E-08 1.5238175E-08 1.6886844E-08 2.2031589E-08 2.8138047E-08  283.1245 285.5900 290.8953 294.0579 282.0520 285.6906 288.5530 288.7111 281.8178 284.1125 284.1082 282.9851 277.8542 280.1313 279.9837 279.2317  157.774
2004 2.0669090E-08 2.6043221E-08 2.3338819E-08 1.7934086E-08 1.8574834E-08 1.8549491E-08 2.1259320E-08 2.4425187E-08 1.3231065E-08 1.5331226E-08 2.3812106E-08 3.3048941E-08 1.4745050E-08 1.8070685E-08 2.4247759E-08 2.9325005E-08  282.8062 285.6846 291.1029 294.1343 282.1700 286.1187 288.7739 288.5633 282.3885 284.8796 284.5477 283.1743 278.7507 281.0198 280.5731 279.6488  429.677
2005 2.2538826E-08 3.2107650E-08 2.6219158E-08 1.8197625E-08 2.2453944E-08 2.2060712E-08 2.0541867E-08 2.2400181E-08 1.6697246E-08 1.7044988E-08 2.2683201E-08 3.1936302E-08 1.7691091E-08 2.0189432E-08 2.4655664E-08 2.9154252E-08  283.4756 285.9099 291.1482 294.2176 282.2007 285.7564 288.6332 288.8844 281.9774 284.1556 284.1616 283.1174 277.8801 279.8791 279.6258 279.0343  132.355
2006 1.5851452E-08 2.8547708E-08 2.4209388E-08 1.9345768E-08 1.7094592E-08 2.0253085E-08 2.1111651E-08 2.4096947E-08 1.2232767E-08 1.5720158E-08 2.4584306E-08 3.2507195E-08 1.3652622E-08 1.7244659E-08 2.3378064E-08 2.8794020E-08  282.7563 285.0823 290.3966 294.1082 281.9178 285.3010 287.8748 288.1500 281.8910 283.9128 283.4654 282.3898 277.9235 279.8038 279.3295 278.5553  99.5806
2007 1.5495889E-08 2.4003661E-08 1.8848937E-08 1.5086542E-08 1.4341953E-08 1.3340802E-08 1.3121555E-08 1.6658429E-08 8.7546450E-09 8.1710461E-09 1.3324574E-08 2.1002084E-08 9.6879598E-09 1.0325323E-08 1.4627362E-08 2.2007463E-08  284.5486 286.7909 291.9500 294.2673 283.5717 286.9282 289.6193 289.5770 283.2233 285.2405 284.8909 283.5571 278.9718 280.7435 280.0927 279.0550  227.323
2008 1.3541325E-08 2.0225842E-08 1.6516362E-08 1.2332993E-08 1.4986007E-08 1.5148309E-08 1.4910302E-08 1.5453622E-08 1.0899826E-08 1.2939982E-08 2.0701957E-08 2.8971243E-08 1.0132721E-08 1.2468737E-08 2.1167304E-08 2.9986833E-08  285.1875 287.8374 292.8291 294.1858 283.9715 287.7975 290.5116 290.4048 283.1955 285.7200 285.5394 284.3709 278.5826 280.7207 280.2026 279.5420  103.516
2009 1.8752134E-08 3.1472606E-08 2.8340779E-08 2.0147692E-08 1.8795610E-08 2.1289376E-08 2.1429047E-08 2.4070248E-08 1.6012685E-08 1.8887890E-08 2.6107998E-08 3.2011371E-08 1.7656344E-08 2.1261794E-08 2.6477085E-08 3.1408049E-08  282.3318 284.8140 290.3611 293.8800 281.4322 285.2095 288.0096 288.1128 281.6694 284.0690 283.9577 282.7065 278.0225 280.2511 279.7614 278.8602  184.484
2010 6.3015682E-09 1.1500155E-08 1.2024167E-08 1.1176548E-08 7.9607450E-09 9.1615950E-09 1.1509154E-08 1.5938065E-08 7.6555740E-09 9.4342258E-09 1.7138108E-08 2.8551119E-08 1.0270873E-08 1.1690267E-08 1.8368915E-08 2.8169293E-08  285.9959 289.0795 293.9724 294.4530 284.9072 288.7231 291.3747 291.1138 283.6451 285.9063 285.7574 284.6070 278.9126 280.7389 280.1667 279.4409  107.613
2011 1.0095052E-08 1.6459449E-08 1.5857156E-08 1.2221823E-08 1.1014276E-08 1.1716947E-08 1.2651598E-08 1.5471970E-08 8.2972411E-09 8.3851726E-09 1.4863858E-08 2.6435815E-08 9.8184199E-09 1.0484962E-08 1.5867659E-08 2.5513046E-08  285.5745 288.2910 293.0795 294.2155 284.5071 288.0158 290.5123 290.3154 283.2581 285.5381 285.2509 284.0078 278.5340 280.4827 279.7559 278.9281  128.355
2012 2.2201316E-08 3.1439850E-08 2.4805850E-08 1.9752402E-08 2.2391536E-08 2.1400753E-08 2.0900661E-08 2.3225823E-08 1.7892521E-08 1.8677008E-08 2.5269394E-08 3.3449609E-08 1.8344522E-08 2.0459529E-08 2.5551444E-08 3.0437082E-08  282.9946 285.1054 290.2285 293.9001 281.8300 284.9277 287.2706 287.4354 281.5533 283.2465 282.5497 281.1244 277.3445 278.8126 277.8425 276.7790  55
2013 1.7174472E-08 2.5464656E-08 2.0732296E-08 1.5399335E-08 1.9769811E-08 2.0731187E-08 2.0321545E-08 2.2859201E-08 1.5106560E-08 1.6258165E-08 2.2306843E-08 3.1915537E-08 1.4646896E-08 1.6724124E-08 1.9640078E-08 2.5910953E-08  283.3963 285.9353 291.3896 294.0834 282.3182 286.0202 288.8087 289.0232 282.4295 284.7409 284.4580 283.2308 278.5722 280.7448 280.0573 279.0094  121.129
2014 1.8416555E-08 2.8022859E-08 2.4295623E-08 1.8237738E-08 1.8498795E-08 1.9050690E-08 1.9910999E-08 2.2353039E-08 1.4205777E-08 1.7116559E-08 2.5556021E-08 3.3501610E-08 1.5071270E-08 1.9686023E-08 2.6428102E-08 3.2669348E-08  282.8305 285.3370 290.8445 293.7230 282.0689 286.0188 288.7617 288.8214 282.3367 284.8674 284.6798 283.4464 278.4611 280.7391 280.4221 279.5862  63.129
2015 1.8605396E-08 2.5130550E-08 2.4971156E-08 2.4100165E-08 1.8074260E-08 2.1035751E-08 2.8479828E-08 3.3858118E-08 1.5435765E-08 1.9839700E-08 3.2214626E-08 4.4909225E-08 1.6530816E-08 2.2294456E-08 3.1990798E-08 3.9691546E-08  281.9521 285.1587 290.5245 293.6717 281.0181 285.0815 287.3818 286.9073 280.7910 283.2168 282.6461 281.0016 276.7697 278.9033 278.0203 276.9563  214.839
