STN,prec_1,prec_2,prec_3,prec_4,prec_5,prec_6,prec_7,prec_8,prec_9,prec_10,prec_11,prec_12,prec_13,prec_14,prec_15,prec_16,st_1,st_2,st_3,st_4,st_5,st_6,st_7,st_8,st_9,st_10,st_11,st_12,st_13,st_14,st_15,st_16,04.0
LAT,26.51077,26.51077,26.51077,26.51077,29.30136,29.30136,29.30136,29.30136,32.09194,32.09194,32.09194,32.09194,34.88252,34.88252,34.88252,34.88252,26.51077,26.51077,26.51077,26.51077,29.30136,29.30136,29.30136,29.30136,32.09194,32.09194,32.09194,32.09194,34.88252,34.88252,34.88252,34.88252,30.7512899
LON,-104.0625,-101.2500,-98.43750,-95.62500,-104.0625,-101.2500,-98.43750,-95.62500,-104.0625,-101.2500,-98.43750,-95.62500,-104.0625,-101.2500,-98.43750,-95.62500,-104.0625,-101.2500,-98.43750,-95.62500,-104.0625,-101.2500,-98.43750,-95.62500,-104.0625,-101.2500,-98.43750,-95.62500,-104.0625,-101.2500,-98.43750,-95.62500,-98.6697599
1958 4.5386379E-08 1.7975557E-08 3.7549088E-09 8.7719050E-09 3.1793093E-08 7.7282083E-09 2.0229984E-09 2.6150799E-08 2.0321824E-08 8.8361620E-09 1.0239318E-08 2.7273524E-08 2.0153195E-08 1.8547825E-08 1.8136017E-08 2.4817739E-08  296.9930 300.6072 305.8711 300.9307 299.7754 304.1888 307.0589 304.6789 302.0342 304.9843 304.7016 302.4749 300.0024 302.3913 302.7979 301.4724  381.467
1959 5.1572155E-08 1.9338344E-08 5.3829097E-09 9.9654436E-09 3.0671050E-08 7.7976825E-09 2.1220004E-09 2.8391591E-08 1.5523698E-08 5.7737228E-09 5.1362017E-09 2.4609125E-08 1.8160485E-08 1.3632077E-08 1.3671847E-08 2.4227852E-08  296.4131 300.6345 306.3171 300.8914 300.0125 304.8597 307.8409 305.3160 302.7086 306.2334 306.8690 303.9958 301.2662 303.9367 304.4566 302.5903  209.7
1960 5.8867478E-08 2.7270559E-08 7.6922539E-09 1.3682964E-08 3.6050423E-08 1.0220898E-08 4.3982835E-09 2.5965640E-08 2.2177058E-08 9.0541254E-09 1.0285079E-08 2.8777942E-08 2.3127733E-08 1.7355648E-08 1.9622902E-08 2.9035677E-08  295.7353 300.0462 306.4022 300.9111 299.1623 304.4354 307.7899 305.8297 301.8728 305.7128 306.7978 304.6075 300.4354 303.4785 304.5505 303.2122  299.467
1961 4.6952181E-08 1.6125572E-08 5.3730864E-09 1.1719191E-08 2.8633265E-08 5.4128755E-09 2.5159295E-09 2.2405990E-08 1.6864902E-08 5.5572817E-09 7.0315989E-09 2.0747100E-08 1.9847533E-08 1.3274935E-08 1.3222277E-08 1.9583878E-08  296.6684 300.9896 306.8342 300.9673 300.2624 305.5792 308.3064 306.0439 303.0888 306.9753 307.7494 305.6732 301.5174 304.9679 306.2640 304.8013  226.067
1962 5.1865054E-08 1.7494242E-08 4.3699337E-09 1.1194794E-08 3.3554429E-08 7.9275084E-09 1.9076998E-09 2.6166099E-08 2.0650198E-08 8.1651805E-09 6.5274413E-09 2.5813101E-08 2.1716076E-08 1.7085029E-08 1.6411986E-08 2.6800079E-08  296.0256 300.7303 306.7075 301.0206 299.6895 305.1106 308.0737 305.7953 302.6909 306.4057 307.2823 304.8249 301.2852 304.1434 305.0605 303.2207  189.5
1963 4.3046487E-08 1.2866217E-08 4.3562762E-09 1.0008225E-08 2.7217915E-08 6.3092762E-09 2.6258971E-09 2.2757071E-08 1.7804334E-08 5.9918590E-09 5.8925815E-09 2.4039984E-08 1.8789590E-08 1.3789730E-08 1.5138662E-08 2.2368704E-08  296.8752 300.8994 306.2906 300.9669 300.2060 304.8997 307.7252 305.5670 302.8732 306.2181 306.7675 304.1295 301.3940 304.3285 304.7860 303.2273  82.1667
1964 5.1770108E-08 1.8102728E-08 6.5344654E-09 1.0877206E-08 3.0748133E-08 5.8497860E-09 3.0809317E-09 2.6600963E-08 1.7905110E-08 5.8915224E-09 7.8760989E-09 2.8804712E-08 1.9524908E-08 1.5327947E-08 1.7479456E-08 2.6461812E-08  296.2789 300.6881 306.5844 300.9363 299.8429 305.0735 308.0208 305.5755 302.8972 306.4407 307.2059 304.4485 301.3928 304.2415 304.9976 303.0933  112.867
1965 5.3613682E-08 2.2101862E-08 6.6202728E-09 1.0685607E-08 3.3725563E-08 1.0222707E-08 4.4468291E-09 2.4536083E-08 1.8776449E-08 8.1992768E-09 8.3890850E-09 2.8402699E-08 2.1539730E-08 1.8227635E-08 1.9233440E-08 2.9117977E-08  295.8696 299.8424 305.5850 300.7981 299.0981 303.9274 307.0473 304.8889 301.9817 305.3490 305.8564 303.2437 300.2801 302.9670 303.6150 302.0280  164.433
1966 4.7403731E-08 2.0373177E-08 6.5418120E-09 1.1878420E-08 3.5616921E-08 9.7824078E-09 4.0277710E-09 3.1604067E-08 2.3505848E-08 9.5808073E-09 9.5353485E-09 3.5132324E-08 2.1699819E-08 2.0123284E-08 1.8353337E-08 2.8028413E-08  296.2213 299.8897 305.4206 300.8473 298.8427 303.3761 306.6954 304.3312 301.1109 304.4010 304.5335 302.0274 299.5090 301.9182 302.3648 300.8901  594.033
1967 5.6175534E-08 1.6256593E-08 3.7491823E-09 1.1803720E-08 3.6135429E-08 7.5419964E-09 2.5284299E-09 2.9236878E-08 2.1677481E-08 6.9487576E-09 5.9866010E-09 2.5549456E-08 2.4462812E-08 1.7397189E-08 1.7954328E-08 2.6469612E-08  295.2683 300.2691 306.3953 300.8969 299.0024 304.6528 307.8330 304.9744 301.9471 305.9944 306.8012 303.9450 300.3149 303.6482 304.4166 302.5377  81.9
1968 5.0399318E-08 2.0655389E-08 8.7791499E-09 1.2696132E-08 3.4256704E-08 8.2759080E-09 3.2871519E-09 2.9511774E-08 2.3282793E-08 7.8796489E-09 6.5911787E-09 3.1907909E-08 2.3719496E-08 1.7702130E-08 1.9502375E-08 2.8589493E-08  295.6425 300.0977 305.9447 300.9785 299.0887 304.5222 307.7356 305.2490 301.6754 305.7743 306.6532 303.6742 300.0515 303.0770 303.8682 302.2320  1220.67
1969 4.0017156E-08 1.9381051E-08 6.6342709E-09 8.6769329E-09 2.9958901E-08 9.4163548E-09 3.6297980E-09 2.3367839E-08 2.0424185E-08 9.7100363E-09 7.8744407E-09 2.7551465E-08 2.0084290E-08 1.8934841E-08 1.7802996E-08 2.7277467E-08  297.5512 300.9290 306.0171 301.1031 300.2188 304.4387 307.3210 305.6397 302.3041 305.2982 305.5675 303.7850 300.6174 303.1098 303.7029 302.5635  337.433
1970 4.6724612E-08 1.5027943E-08 4.3241646E-09 1.0736716E-08 3.0340093E-08 6.3547305E-09 2.9837377E-09 2.6321326E-08 1.9026634E-08 5.8731495E-09 7.1613560E-09 2.7099764E-08 2.0531090E-08 1.4349599E-08 1.6359177E-08 2.4427862E-08  296.5109 300.6018 306.1697 300.7829 299.6760 304.7551 307.7100 305.2612 302.3394 305.9193 306.3427 303.6504 300.7307 303.5100 303.9031 302.1712  549.833
1971 5.1808566E-08 1.6797092E-08 3.9260866E-09 1.2480347E-08 3.5210498E-08 7.8297395E-09 2.1817237E-09 2.5761036E-08 2.1863480E-08 6.6752897E-09 7.1612121E-09 2.6055693E-08 2.1682188E-08 1.5998353E-08 1.9176717E-08 2.7485621E-08  295.8813 300.5594 306.5859 300.9754 299.3062 304.8893 307.9905 305.5205 302.1309 306.3194 307.2584 304.7621 300.7171 304.2626 305.3480 303.7226  115.633
1972 4.5036408E-08 1.8656678E-08 5.6792420E-09 1.2047429E-08 3.1010593E-08 7.7461166E-09 3.2226513E-09 2.7717524E-08 1.9659744E-08 7.6142452E-09 7.4451010E-09 3.0890089E-08 2.0216559E-08 1.6697651E-08 1.7791635E-08 2.7436927E-08  296.4104 300.2916 305.8361 300.8803 299.5151 304.2425 307.0019 304.9889 302.0905 305.5233 305.7194 303.3466 300.2166 302.9610 303.3150 301.8799  118
1973 4.8996618E-08 2.0369511E-08 5.2213207E-09 1.0763990E-08 3.1594336E-08 9.2093577E-09 2.0496680E-09 2.2246374E-08 1.9461355E-08 8.2719742E-09 5.4682801E-09 2.3053417E-08 2.1623714E-08 1.8872727E-08 1.6384899E-08 2.4189340E-08  296.5653 300.4025 305.7288 300.9403 299.7433 304.3021 307.3179 304.9730 302.1692 305.4342 305.8177 303.4002 300.4224 302.8775 303.4517 301.9720  246.167
1974 6.0018699E-08 1.9959648E-08 6.4471659E-09 1.3879026E-08 4.0258072E-08 9.9442694E-09 3.1509071E-09 2.1224116E-08 2.2937442E-08 7.4776185E-09 5.8008562E-09 2.1246423E-08 2.0105205E-08 1.2461253E-08 1.3363123E-08 2.0478895E-08  294.5595 299.7395 306.1503 301.0199 298.0711 304.2807 307.6042 305.2287 301.4123 305.9390 306.9818 304.3849 300.3788 304.1020 305.1752 303.4498  112.1
1975 5.3565696E-08 2.2718758E-08 5.7905423E-09 1.4050676E-08 3.6437076E-08 9.3559400E-09 3.2869603E-09 2.9318242E-08 2.1168699E-08 7.9135720E-09 7.9293674E-09 3.2021767E-08 1.9712978E-08 1.4858802E-08 1.5795580E-08 2.7147898E-08  295.9586 300.3266 306.5591 301.0550 299.4255 304.7922 307.8621 305.5059 302.4236 306.3123 306.9913 304.3701 300.9521 304.1920 305.1714 303.4630  487.033
1976 5.2044562E-08 1.5447664E-08 5.8848295E-09 1.3893226E-08 3.2882507E-08 5.9424559E-09 3.1675964E-09 2.7080475E-08 2.1270342E-08 6.4256871E-09 6.8999784E-09 2.5813936E-08 2.2824233E-08 1.6615465E-08 1.8751187E-08 2.7166328E-08  295.3106 300.1670 306.2723 300.9462 298.9735 304.6147 307.6667 305.0423 302.0490 306.1304 306.7499 304.0937 300.4668 303.7697 304.7288 302.9966  275.533
1977 4.3966761E-08 2.1015532E-08 8.0655971E-09 1.0674633E-08 2.9243818E-08 9.0045642E-09 3.2570886E-09 2.5292422E-08 1.7591493E-08 6.5735208E-09 7.4200761E-09 2.8288779E-08 1.8799174E-08 1.5347217E-08 1.6095084E-08 2.5491353E-08  296.5182 300.2317 305.4992 300.7723 299.5520 304.1306 307.1351 304.8705 302.0564 305.3421 305.4117 303.1286 300.5090 303.0186 303.4215 302.1147  3114.97
1978 5.1729508E-08 2.1910553E-08 6.3828725E-09 9.6528634E-09 3.2323463E-08 8.0594615E-09 2.8807206E-09 2.6634188E-08 2.0007356E-08 8.1508738E-09 6.8465464E-09 2.7220230E-08 2.1769562E-08 1.8553326E-08 1.9834111E-08 2.8395133E-08  296.1477 300.2503 306.1431 300.8628 299.6929 304.6485 307.6689 305.3374 302.2900 305.8709 306.6561 303.8451 300.5215 303.2290 303.8086 302.1008  146.667
1979 5.2844900E-08 1.8307468E-08 5.3452682E-09 9.4936148E-09 3.4602436E-08 6.8591741E-09 2.1935149E-09 2.5203651E-08 1.8980773E-08 6.5865611E-09 4.1805595E-09 2.7388607E-08 1.9904679E-08 1.7099724E-08 1.4996075E-08 2.4787344E-08  296.1611 300.5835 306.1967 300.9593 299.4558 304.7246 307.7598 305.2232 302.4176 305.9269 306.5529 303.6334 301.0163 303.6767 304.2823 302.6336  415
1980 4.5002356E-08 1.8074296E-08 7.1891972E-09 1.0802718E-08 3.1611773E-08 8.2547249E-09 3.3963103E-09 2.9800338E-08 2.1327956E-08 8.0402467E-09 9.1075476E-09 3.1012974E-08 2.1150854E-08 1.8472583E-08 1.8482393E-08 2.7675624E-08  296.7321 300.7284 305.9942 300.9478 299.8010 304.4286 307.3554 304.7795 302.0676 305.3932 305.5176 302.9822 300.4661 302.8733 303.2953 301.8387  81
1981 5.6144781E-08 2.4796245E-08 8.2283513E-09 1.0145097E-08 3.6174217E-08 9.0924797E-09 3.6155012E-09 2.5079880E-08 2.0036508E-08 6.5980394E-09 6.3058407E-09 2.0454699E-08 1.9029796E-08 1.4103033E-08 1.2371125E-08 1.8917587E-08  296.3520 300.3468 306.1997 300.9019 299.5762 304.5977 307.6544 305.6819 302.5759 306.2496 307.2358 305.1654 301.4360 304.4467 305.5789 303.9641  837.9
1982 4.6670738E-08 1.3730612E-08 4.1543826E-09 9.5328980E-09 2.8762910E-08 5.0227813E-09 2.3772375E-09 2.2680622E-08 1.9007668E-08 5.9246665E-09 5.9554730E-09 2.4269429E-08 1.8337781E-08 1.3277257E-08 1.2433102E-08 2.3738483E-08  296.6466 300.9542 306.4570 300.9938 300.1039 304.9703 307.7450 305.4966 302.7468 306.3780 307.0036 304.3622 301.4268 304.3271 305.0504 302.9478  187.367
1983 3.7953917E-08 2.2799517E-08 6.2846075E-09 6.6390249E-09 3.0905028E-08 1.2628677E-08 3.2087815E-09 1.8494026E-08 2.2232406E-08 1.2958053E-08 9.1035544E-09 2.8407678E-08 2.1117883E-08 2.1960677E-08 2.2284045E-08 3.0596929E-08  297.0930 300.2272 305.4757 300.8036 299.1494 303.5569 306.7230 304.6577 300.8140 304.0586 304.0753 301.9615 298.7432 301.3259 301.5983 300.5391  147.067
1984 5.3017040E-08 1.9948187E-08 5.1314286E-09 1.0692307E-08 3.5118198E-08 7.0282486E-09 2.8168750E-09 2.2109443E-08 1.9943856E-08 5.5418559E-09 4.6002628E-09 2.1693422E-08 1.7883472E-08 1.3712834E-08 1.1361404E-08 1.8515070E-08  295.8793 300.2772 306.2370 300.6947 299.1821 304.6189 307.7560 305.7224 302.0816 305.9741 306.9033 304.6889 301.0269 304.0213 305.1490 304.0923  51.7
1985 5.9513138E-08 2.5766242E-08 9.5397770E-09 1.3802326E-08 3.6755662E-08 1.1217986E-08 3.7087819E-09 3.1658900E-08 2.1646738E-08 7.4701898E-09 6.9088579E-09 3.0241377E-08 2.0905347E-08 1.8256809E-08 2.1291672E-08 2.9784944E-08  294.5977 299.4083 305.7232 300.8628 298.6851 304.1390 307.4658 304.8831 301.9936 305.9343 306.7146 303.9562 300.7068 303.8572 304.9184 303.2784  213.067
1986 5.3365532E-08 2.4303574E-08 7.8754674E-09 1.1409925E-08 3.9698907E-08 1.3361673E-08 3.4637286E-09 3.2121434E-08 2.6570790E-08 1.1465674E-08 1.0598130E-08 3.8468929E-08 2.4450806E-08 2.2108306E-08 2.4280041E-08 3.5000365E-08  295.1534 299.5888 305.6295 301.0016 298.2746 303.6014 307.3080 304.6295 300.9948 304.6552 305.3640 302.4034 299.5382 302.0419 302.5330 301.0616  105.8
1987 4.7465914E-08 2.7505589E-08 1.0002571E-08 1.1304373E-08 3.2909153E-08 1.2586695E-08 3.5018111E-09 2.9546378E-08 2.0566404E-08 1.0525884E-08 7.6606375E-09 3.3094622E-08 2.1379616E-08 2.0938984E-08 2.1372331E-08 3.0851318E-08  296.5075 299.8869 305.1499 300.9460 299.1135 303.2862 306.4831 304.5240 301.1687 304.1829 304.3759 302.3286 299.0109 301.5488 302.0567 301.1108  346.433
1988 5.5328421E-08 2.0495856E-08 5.8118443E-09 1.3850682E-08 3.5395914E-08 7.3724866E-09 3.2789440E-09 2.5868392E-08 2.1972417E-08 6.9885315E-09 6.1686207E-09 2.8090044E-08 1.9733744E-08 1.4061287E-08 1.3104803E-08 2.0174623E-08  295.7731 300.3160 306.2402 300.7320 299.3138 304.7388 307.7087 305.1032 302.0854 305.9836 306.9107 304.2769 301.1012 303.9815 305.0897 303.6809  190.3
1989 5.2355265E-08 2.0686572E-08 5.4993641E-09 1.0971785E-08 3.2114386E-08 6.8188220E-09 2.0277928E-09 2.0605247E-08 2.0777096E-08 6.9601787E-09 5.7112226E-09 2.5565765E-08 2.2624667E-08 1.6025618E-08 1.6907011E-08 2.6059936E-08  295.2556 300.1568 306.4959 300.8962 299.1258 304.8587 307.8337 305.5724 302.2950 306.4482 307.3970 304.8251 300.7323 304.3817 305.7727 304.2561  188.1
1990 5.2563841E-08 2.2894213E-08 7.1656361E-09 1.1399369E-08 3.8059706E-08 9.8412469E-09 2.9964036E-09 2.7186266E-08 2.4199503E-08 8.1196418E-09 6.3116046E-09 3.1532910E-08 2.2890719E-08 1.8696992E-08 1.8329819E-08 2.7246879E-08  295.8459 299.9543 305.7480 301.1560 298.8737 303.9629 307.3855 304.9122 301.5434 305.2287 306.0212 302.9923 300.1533 303.0545 303.6760 302.1175  278.433
1991 5.2070188E-08 2.0232100E-08 4.6015760E-09 1.0024275E-08 3.2970632E-08 8.1871523E-09 1.8763195E-09 2.8302111E-08 2.1723164E-08 7.4357080E-09 5.3438085E-09 2.5192900E-08 2.1823231E-08 1.7478955E-08 1.5493441E-08 2.4312428E-08  296.0999 300.3378 305.9778 301.0966 299.4870 304.4628 307.6612 304.9301 302.2048 305.6653 306.3266 303.3157 300.8897 303.3212 303.7566 302.0488  181.5
1992 4.2082629E-08 2.3191104E-08 6.7045862E-09 8.3656859E-09 3.2302321E-08 1.3582838E-08 3.6014081E-09 2.5288580E-08 1.9483268E-08 1.2260345E-08 9.2286259E-09 2.9849076E-08 1.8471694E-08 2.1785633E-08 2.0709637E-08 2.9504923E-08  296.7280 300.0617 305.2827 300.8112 299.2524 303.3681 306.3762 304.2854 301.3378 304.2578 303.9339 301.8797 299.3538 301.7283 302.0443 300.8174  700.333
1993 5.3816418E-08 2.2662167E-08 6.6980768E-09 1.0922293E-08 3.8998841E-08 1.1772080E-08 3.7765426E-09 2.7245607E-08 2.5354117E-08 9.4061763E-09 9.9368975E-09 3.4251961E-08 2.3063050E-08 1.9426349E-08 2.2010749E-08 3.3282504E-08  295.7205 299.7814 305.3648 300.8608 298.5547 303.4963 306.9916 304.4480 300.5881 304.5749 305.1327 302.4163 299.3866 302.1454 302.7590 301.4038  376.2
1994 5.6184998E-08 2.2874097E-08 4.7257811E-09 1.0742809E-08 3.6634425E-08 1.2691252E-08 2.9451639E-09 2.6854011E-08 2.2622549E-08 1.0664483E-08 9.2912655E-09 3.7564682E-08 2.4498767E-08 2.1263757E-08 2.0889814E-08 3.3971975E-08  295.3483 299.7339 305.4738 300.7309 298.6023 303.5741 306.9784 304.1799 301.1985 304.6749 304.9650 301.5118 299.6694 302.1824 302.4670 300.6880  110.333
1995 4.1685343E-08 1.6684664E-08 5.7346119E-09 1.1541342E-08 3.0298548E-08 6.7703079E-09 2.3892872E-09 2.3258375E-08 1.7995355E-08 5.3453073E-09 7.2152444E-09 2.5452810E-08 1.8752274E-08 1.4033927E-08 1.5521188E-08 2.3726786E-08  296.7552 300.3375 305.5865 301.0584 299.6511 304.2054 307.1593 304.6368 302.0616 305.4072 305.5455 302.8342 300.6046 303.2187 303.7220 302.1020  230.833
1996 5.0345875E-08 2.1044158E-08 7.6713782E-09 1.4640436E-08 3.1717526E-08 9.3033572E-09 3.7857344E-09 3.0125790E-08 1.7560437E-08 6.7403323E-09 7.1196857E-09 2.9892185E-08 1.9094353E-08 1.5710969E-08 1.6411924E-08 2.6825902E-08  296.3340 300.0666 306.0247 300.9342 299.8065 304.5029 307.5871 305.5144 302.6349 306.1695 307.0165 304.6357 301.1917 304.2960 305.2697 303.6133  109.8
1997 4.9575902E-08 2.1274323E-08 6.9070434E-09 1.1460784E-08 3.0423749E-08 8.2490175E-09 2.2691289E-09 2.3174206E-08 1.9393001E-08 5.5595644E-09 4.1199590E-09 2.6691119E-08 1.9059431E-08 1.4889454E-08 1.5706103E-08 2.6628355E-08  296.0557 300.0718 305.9824 300.9928 299.5414 304.5452 307.9019 305.7150 302.3535 306.1454 307.2677 304.3276 300.9391 303.9603 304.7740 302.8624  858.367
1998 4.3154746E-08 1.5555072E-08 4.2690962E-09 8.6705754E-09 2.9084299E-08 7.4183908E-09 1.4315136E-09 2.2772502E-08 1.8345450E-08 7.5925088E-09 5.2646829E-09 2.6020947E-08 1.9301178E-08 1.6982225E-08 1.4266434E-08 2.1425130E-08  297.6300 301.1652 306.2062 300.7500 300.2187 304.5486 307.2205 304.8665 302.4474 305.2153 304.9264 302.7873 300.6205 302.6905 302.8460 301.5990  212.933
1999 5.8588739E-08 2.3809140E-08 7.6656050E-09 1.3871088E-08 3.5748979E-08 9.1026582E-09 3.4152468E-09 2.8061349E-08 2.1277350E-08 7.1482051E-09 7.2530377E-09 2.9828715E-08 2.2282793E-08 1.5939861E-08 1.8311953E-08 2.8339832E-08  295.4896 299.9925 306.4395 300.8377 299.3566 304.7707 307.7905 305.5129 302.4028 306.4216 307.1656 304.9872 301.0556 304.5428 305.6950 304.5899  219.633
2000 5.7421353E-08 2.4513987E-08 8.4944309E-09 1.5234042E-08 3.5345703E-08 7.4280448E-09 4.2279384E-09 2.4596394E-08 2.3606514E-08 6.7150911E-09 8.1760794E-09 2.6309726E-08 2.3912136E-08 1.5304474E-08 1.7800426E-08 2.9649993E-08  295.4972 300.2601 306.4274 301.1043 299.3721 305.1063 307.9564 305.6605 302.5522 306.8468 307.5776 305.2911 301.2212 304.9901 306.2619 304.6583  98.3333
2001 4.8867570E-08 1.8750637E-08 8.9754035E-09 1.4501703E-08 3.3255308E-08 7.1397981E-09 2.1298370E-09 2.7182185E-08 2.1636930E-08 7.2347719E-09 5.7466019E-09 2.9382765E-08 2.2604308E-08 1.7906203E-08 1.7975568E-08 2.7461288E-08  295.6925 300.2005 305.9263 301.0783 299.3051 304.6471 307.6831 305.1733 302.2392 305.9852 306.6345 303.6550 300.8133 303.8023 304.3775 302.7720  476.9
2002 4.7729074E-08 1.8659371E-08 5.1783955E-09 1.0494923E-08 3.1129495E-08 6.9521264E-09 1.2097068E-09 2.4168120E-08 1.8363195E-08 5.9876442E-09 4.0422323E-09 2.4857105E-08 1.7425750E-08 1.5695207E-08 1.4699686E-08 2.6287921E-08  296.4798 300.5488 306.0378 300.9993 299.8545 304.8336 307.9044 305.4760 302.6130 306.2657 306.9473 304.2110 301.4489 304.0627 304.7701 303.0343  179.433
2003 4.9545918E-08 1.6728750E-08 4.5812638E-09 9.2603232E-09 3.3083065E-08 8.0811686E-09 2.3833882E-09 2.0624313E-08 1.8074056E-08 7.9577225E-09 6.6985639E-09 2.3574884E-08 1.9352330E-08 1.6649045E-08 1.6364407E-08 2.4740448E-08  296.7957 300.5667 305.8435 300.7496 299.7838 304.4019 307.3765 305.2063 302.2876 305.3974 305.8097 303.5363 300.7633 303.1389 303.6729 302.1511  108.433
2004 4.4256698E-08 1.7458136E-08 7.0408981E-09 1.3237071E-08 3.2337258E-08 8.0100877E-09 2.2250426E-09 2.6644321E-08 2.1707029E-08 8.9922016E-09 5.7706626E-09 2.8858878E-08 2.2091271E-08 1.8373390E-08 1.6228384E-08 2.7301173E-08  296.4657 300.4591 306.0003 301.0829 299.7248 304.6967 307.7773 305.1906 302.3017 305.9070 306.6422 303.7376 300.9915 303.7669 304.6350 302.8688  662.967
2005 4.3515222E-08 1.7584744E-08 4.6624944E-09 1.0437807E-08 2.5075835E-08 5.3011044E-09 1.5021296E-09 2.2405445E-08 1.6554585E-08 4.9234901E-09 4.2624153E-09 2.0333360E-08 1.6947959E-08 1.2404432E-08 1.2593659E-08 1.9019790E-08  297.2603 300.8072 305.8410 301.1548 300.4560 304.7961 307.5778 305.5738 302.8120 306.1143 306.8405 304.8576 301.5134 304.1906 305.0907 303.8782  254.033
2006 4.9831726E-08 2.0200378E-08 5.1891789E-09 1.0531876E-08 3.1300722E-08 7.9413702E-09 2.1448954E-09 1.8728597E-08 1.8536371E-08 5.9286793E-09 4.8963478E-09 1.9318037E-08 1.7276522E-08 1.3065343E-08 1.2760000E-08 2.0080302E-08  296.5323 300.7130 306.4501 300.9821 299.9786 304.9163 307.8904 306.0274 302.8269 306.5457 307.4628 305.3051 301.5636 304.7340 305.8270 304.4725  118.467
2007 4.5143565E-08 1.9640815E-08 6.3829377E-09 9.2387040E-09 3.1859802E-08 9.0382306E-09 2.5983407E-09 2.7160310E-08 1.9319954E-08 8.0585565E-09 5.7433036E-09 2.7375753E-08 1.8541982E-08 1.8393658E-08 1.5964043E-08 2.5064308E-08  297.3545 300.7182 306.1219 301.0540 300.1596 304.5006 307.5740 305.3907 302.6468 305.7161 306.2127 303.7869 301.0287 303.3027 303.9147 302.4561  318.733
2008 6.2220920E-08 2.2378201E-08 4.1025965E-09 1.1478108E-08 4.1070550E-08 7.1209754E-09 2.2058322E-09 2.4471300E-08 2.2746560E-08 6.1163510E-09 5.0443929E-09 2.2039281E-08 2.1242840E-08 1.3804526E-08 1.2193573E-08 2.0356886E-08  295.7623 300.4634 307.1998 300.9591 299.3673 304.9810 308.1836 306.1216 302.5872 306.7021 307.8258 305.9153 301.3233 304.9749 306.6241 305.4853  233.933
2009 6.1148441E-08 2.7832634E-08 7.7667579E-09 1.3318440E-08 3.9419163E-08 1.1884617E-08 4.0770844E-09 2.6615567E-08 2.2870623E-08 7.4213027E-09 5.9833449E-09 3.0866673E-08 1.9748333E-08 1.5890517E-08 1.6029984E-08 2.4376602E-08  295.3074 299.7592 306.1123 301.1866 298.8661 304.1246 307.4434 305.0840 302.0670 305.8285 306.5045 303.6649 300.9319 303.8989 304.6862 302.9131  413.933
2010 4.0956806E-08 1.5503753E-08 5.0343596E-09 9.7060262E-09 3.0090764E-08 7.7288282E-09 2.7464702E-09 2.6379105E-08 1.8395619E-08 7.7994002E-09 7.5123792E-09 2.8478683E-08 1.7395921E-08 1.6973397E-08 1.6933219E-08 2.4327766E-08  0.0000000E+00 0.0000000E+00 0.0000000E+00 0.0000000E+00 0.0000000E+00 0.0000000E+00 0.0000000E+00 0.0000000E+00 0.0000000E+00 0.0000000E+00 0.0000000E+00 0.0000000E+00 0.0000000E+00 0.0000000E+00 0.0000000E+00 0.0000000E+00  871.233
2011 5.3524872E-08 2.1424405E-08 7.9016926E-09 1.1171464E-08 3.4539568E-08 8.0781497E-09 3.0968281E-09 2.8073888E-08 1.8198472E-08 5.7575789E-09 4.7698872E-09 2.1171065E-08 1.7469798E-08 1.1902785E-08 1.3177965E-08 2.0105109E-08  296.3618 300.4460 306.7932 300.8670 299.7935 304.9465 308.0557 306.1415 303.0721 306.7666 307.7885 306.0734 301.6241 305.0900 306.4623 305.3084  57.6667
2012 4.5998302E-08 1.7241145E-08 5.7796230E-09 1.1350942E-08 2.5467923E-08 5.5342486E-09 2.2636075E-09 2.5473799E-08 1.7229945E-08 4.3657922E-09 5.2449183E-09 2.4179622E-08 1.8724592E-08 1.1916779E-08 1.1215485E-08 1.8568263E-08  296.2804 300.4832 306.2061 300.8300 300.0461 304.9300 307.7472 305.6412 302.9568 306.3538 306.9865 304.5283 301.4061 304.6022 305.5565 304.1352  129.967
2013 5.4529657E-08 1.9846912E-08 6.5924306E-09 1.1657994E-08 3.4307298E-08 7.8611286E-09 2.2441826E-09 2.7543056E-08 1.8032059E-08 6.2424212E-09 4.7689874E-09 2.8261120E-08 1.9428146E-08 1.5178237E-08 1.4551426E-08 2.4136188E-08  296.3731 300.4295 306.1918 300.9464 299.7734 304.6769 307.7000 305.3323 302.6550 306.0900 306.5415 303.8618 301.2265 303.6731 304.1808 302.4521  78.5333
2014 4.9329142E-08 1.5683764E-08 6.1471108E-09 1.2352746E-08 2.9529355E-08 6.3098677E-09 4.2568193E-09 3.1331403E-08 1.5934436E-08 4.2414365E-09 6.5906405E-09 2.3580837E-08 1.5536850E-08 1.1988890E-08 1.3240808E-08 2.0979121E-08  296.7248 300.5964 306.2906 301.0977 300.2207 304.7714 307.8330 305.5059 303.0620 306.4942 307.1962 304.5618 301.7945 304.5013 305.2157 303.5127  48.3
2015 5.2328897E-08 2.5353923E-08 1.0614593E-08 1.1050983E-08 3.6793146E-08 1.2856563E-08 4.2189514E-09 2.5659117E-08 2.3731085E-08 1.1359487E-08 9.8162918E-09 3.3143053E-08 2.2413284E-08 2.2051996E-08 2.3499700E-08 3.7013098E-08  296.0494 299.8996 305.5494 300.9545 299.1462 303.6910 307.1608 304.9128 301.3686 304.7885 305.3176 302.9402 299.6165 302.0953 302.6618 301.6847  99.3
