STN,prec_1,prec_2,prec_3,prec_4,prec_5,prec_6,prec_7,prec_8,prec_9,prec_10,prec_11,prec_12,prec_13,prec_14,prec_15,prec_16,st_1,st_2,st_3,st_4,st_5,st_6,st_7,st_8,st_9,st_10,st_11,st_12,st_13,st_14,st_15,st_16,11.0
LAT,26.51077,26.51077,26.51077,26.51077,29.30136,29.30136,29.30136,29.30136,32.09194,32.09194,32.09194,32.09194,34.88252,34.88252,34.88252,34.88252,26.51077,26.51077,26.51077,26.51077,29.30136,29.30136,29.30136,29.30136,32.09194,32.09194,32.09194,32.09194,34.88252,34.88252,34.88252,34.88252,30.7512899
LON,-104.0625,-101.2500,-98.43750,-95.62500,-104.0625,-101.2500,-98.43750,-95.62500,-104.0625,-101.2500,-98.43750,-95.62500,-104.0625,-101.2500,-98.43750,-95.62500,-104.0625,-101.2500,-98.43750,-95.62500,-104.0625,-101.2500,-98.43750,-95.62500,-104.0625,-101.2500,-98.43750,-95.62500,-104.0625,-101.2500,-98.43750,-95.62500,-98.6697599
1958 1.8465062E-08 2.0928816E-08 1.5392672E-08 1.6112716E-08 1.6826794E-08 1.4398021E-08 1.6909548E-08 2.3262970E-08 1.2541645E-08 1.4469600E-08 2.5049790E-08 3.7923886E-08 1.3721679E-08 1.7177792E-08 2.5458583E-08 3.5412992E-08  282.0553 283.9520 288.9380 294.5898 280.0467 283.2641 286.0746 286.7016 278.7112 280.9126 281.1364 280.4175 274.0436 276.2917 276.2215 275.8313  283
1959 1.2709181E-08 2.0408571E-08 1.5300079E-08 1.4203315E-08 1.3848763E-08 1.2560981E-08 1.3897330E-08 1.8127588E-08 1.1692691E-08 1.2039401E-08 1.9569930E-08 3.1040475E-08 1.3022022E-08 1.5134479E-08 2.2546528E-08 3.0320990E-08  281.8626 283.5352 288.3895 294.4978 279.6609 282.7987 285.5818 286.2787 278.2640 280.4448 280.7516 279.9584 273.4487 275.7772 275.7752 275.3857  180.5
1960 1.9596399E-08 2.3250513E-08 1.6944046E-08 1.5225082E-08 1.7333095E-08 1.5638435E-08 1.4037436E-08 1.7487446E-08 1.1554845E-08 1.2790083E-08 1.8192814E-08 2.5651111E-08 1.0842025E-08 1.3572409E-08 2.0547011E-08 2.6914751E-08  282.3829 284.5187 289.5152 294.6629 280.7014 284.1094 286.8825 287.3640 279.6528 281.8755 282.0357 281.1207 275.2831 277.2913 276.9384 276.2655  285.733
1961 1.1538625E-08 1.8087366E-08 1.3910541E-08 1.4316493E-08 1.3341590E-08 1.3276709E-08 1.4737858E-08 1.9041938E-08 9.8434256E-09 1.3122117E-08 2.2481167E-08 3.1649119E-08 1.0650277E-08 1.5296468E-08 2.4816972E-08 3.2995839E-08  282.6136 284.5531 289.3507 294.4316 280.5067 283.7626 286.4319 286.9468 278.9134 281.1993 281.3800 280.5046 273.9678 276.2849 276.1646 275.7767  196.533
1962 1.4728062E-08 2.1586928E-08 1.7195211E-08 1.3170244E-08 1.7910915E-08 1.6088492E-08 1.7424707E-08 1.7814463E-08 1.3540411E-08 1.3391865E-08 2.1894103E-08 3.0830087E-08 1.2408201E-08 1.3729075E-08 2.2114866E-08 3.0385159E-08  283.1248 285.4285 290.2993 294.5474 281.3078 284.5358 287.2152 287.7428 280.0195 282.0159 282.0047 281.1249 275.2480 277.3405 276.8311 276.0361  95.6667
1963 2.3686477E-08 3.1783358E-08 2.4458160E-08 2.3022842E-08 2.1146075E-08 2.1197765E-08 2.2822791E-08 3.0028737E-08 1.4135457E-08 1.7206670E-08 2.7076601E-08 4.1093525E-08 1.2290765E-08 1.6035324E-08 2.5183127E-08 3.5910869E-08  281.4226 283.0727 288.0122 294.4377 279.3564 282.4383 285.2233 286.1003 278.0026 280.2683 280.5679 279.8915 273.3228 275.6951 275.8606 275.5122  150.333
1964 1.1855587E-08 1.5570395E-08 1.2372114E-08 1.0010760E-08 1.5012647E-08 1.3499087E-08 1.3552478E-08 1.3054642E-08 1.1873194E-08 1.2171450E-08 1.9203730E-08 2.6136368E-08 1.2303721E-08 1.5274910E-08 2.3528722E-08 3.0089573E-08  283.7318 286.1160 290.8916 294.5994 281.9602 285.2954 288.0688 288.4131 280.3763 282.5602 282.7856 282.0315 275.5861 277.4200 277.0452 276.5059  397.9
1965 2.5457210E-08 2.7422903E-08 2.1444539E-08 1.9855865E-08 2.1089164E-08 2.0240090E-08 2.3437988E-08 2.7436441E-08 1.4869841E-08 1.8050221E-08 2.8306003E-08 3.8641446E-08 1.2964777E-08 1.7041948E-08 2.5674213E-08 3.4896068E-08  281.3716 283.8582 288.9692 294.3422 279.8383 283.4331 286.0888 286.5410 279.0191 281.2274 281.2906 280.3891 274.5381 276.6905 276.4447 275.8568  96.5667
1966 1.6345124E-08 2.3075708E-08 1.9527182E-08 1.6944339E-08 1.4535769E-08 1.4380896E-08 1.6054639E-08 2.1042323E-08 1.2437908E-08 1.3255265E-08 1.9162286E-08 3.0378466E-08 1.2267257E-08 1.4795817E-08 2.1004404E-08 2.9488527E-08  282.1446 284.0080 288.7615 294.6950 280.0894 282.9669 285.5258 286.3362 278.5184 280.4864 280.5906 279.8305 273.7075 275.7291 275.3980 274.8426  121.033
1967 1.7065789E-08 2.5364322E-08 2.1164299E-08 1.6534518E-08 1.7439163E-08 1.5728075E-08 1.5440518E-08 1.7829972E-08 1.2443960E-08 1.3003969E-08 1.8784730E-08 2.7750925E-08 1.2933867E-08 1.5491379E-08 2.1504684E-08 2.8113394E-08  282.8921 284.8270 289.6643 294.6606 280.8774 283.9180 286.7664 287.3628 279.3154 281.4574 281.7076 280.9218 274.4720 276.5577 276.3914 275.8730  185.267
1968 1.8189537E-08 2.0814616E-08 1.4395144E-08 1.4665777E-08 1.7730400E-08 1.4012810E-08 1.3467682E-08 1.7649510E-08 1.2468156E-08 1.2524241E-08 1.8910374E-08 2.8653929E-08 1.1084065E-08 1.3225065E-08 1.9569477E-08 2.8759123E-08  281.9833 284.2444 289.1350 294.6598 280.1192 283.5326 286.3550 286.9895 278.8372 281.1532 281.5817 280.9080 274.2271 276.3746 276.3891 276.1738  111.133
1969 1.5981694E-08 2.0831648E-08 1.6702741E-08 1.6389352E-08 1.5053169E-08 1.3994345E-08 1.5228521E-08 2.0428718E-08 1.0734944E-08 1.2090887E-08 1.8574221E-08 2.7898983E-08 1.1917471E-08 1.4066722E-08 1.9404656E-08 2.4771808E-08  281.8304 283.8259 288.6407 294.6973 280.0230 283.2143 285.7670 286.3770 278.9826 281.1466 281.1610 280.2558 274.4663 276.4732 276.1227 275.4596  769.667
1970 1.7032571E-08 2.1604285E-08 1.6647132E-08 1.4175877E-08 1.6737216E-08 1.5091487E-08 1.5784117E-08 1.7919861E-08 1.2885778E-08 1.3797067E-08 2.2724358E-08 3.0452288E-08 1.3214201E-08 1.4693597E-08 2.1215063E-08 2.8709270E-08  282.8751 285.2764 290.3120 294.7249 281.1879 284.4077 287.2233 287.7363 279.8068 281.6068 281.5250 280.7956 275.1901 276.7024 276.0327 275.3917  148.467
1971 1.4319461E-08 2.1068765E-08 1.7424425E-08 1.5249423E-08 1.2959443E-08 1.2331068E-08 1.3103327E-08 1.7003392E-08 8.5719165E-09 8.3853173E-09 1.3924631E-08 2.4820583E-08 8.3593408E-09 9.5931547E-09 1.4819989E-08 2.2606992E-08  282.8078 285.0319 290.0295 294.7107 281.3156 284.6453 287.3439 287.7072 280.3590 282.3741 282.2230 281.0219 276.0448 277.8068 276.9566 275.9737  394.933
1972 1.5803073E-08 2.0724739E-08 1.8095264E-08 1.8646727E-08 1.5040669E-08 1.3591761E-08 1.6979964E-08 2.2215907E-08 1.1811107E-08 1.2735212E-08 2.2183627E-08 3.3850522E-08 1.2225967E-08 1.6059694E-08 2.4179831E-08 3.4544836E-08  280.9835 283.3248 288.3389 294.3924 279.6860 283.0182 285.5365 286.0455 278.8530 280.8844 280.8431 279.9286 274.1668 276.0333 275.5226 275.0862  169.9
1973 1.3000344E-08 1.8597703E-08 1.6270304E-08 1.3747856E-08 1.6362696E-08 1.7580783E-08 1.8511484E-08 1.9847709E-08 1.5097616E-08 1.7837953E-08 2.5104658E-08 3.3167446E-08 1.3703629E-08 1.7771617E-08 2.4466656E-08 3.1068311E-08  283.5344 285.9840 290.8780 294.8741 281.6495 285.0557 287.8595 288.2589 280.0490 282.1055 282.3318 281.5628 275.1690 277.2076 276.9603 276.4980  347.767
1974 1.0922037E-08 1.5688798E-08 1.3494567E-08 1.3458854E-08 1.2234660E-08 1.1051601E-08 1.2603071E-08 1.6376621E-08 1.0683792E-08 1.0995999E-08 1.8332868E-08 2.7306729E-08 1.1850953E-08 1.3841165E-08 2.2046773E-08 2.9664630E-08  282.9775 285.6052 290.6952 294.7421 281.3117 284.9468 287.8947 288.2395 279.8898 282.2616 282.5339 281.7467 275.1953 277.3257 276.9727 276.4731  1004.73
1975 1.0220350E-08 1.5654285E-08 1.1124603E-08 9.6655981E-09 1.2202014E-08 1.2227130E-08 1.0235801E-08 1.0847331E-08 9.9764881E-09 1.0497462E-08 1.4075285E-08 2.0821780E-08 1.0269130E-08 1.2807350E-08 1.8015362E-08 2.2493412E-08  283.4442 286.2170 291.4860 294.6822 282.2859 286.0103 289.0337 289.0032 281.1359 283.6012 283.9856 282.9515 276.7336 278.9870 278.8080 278.2116  252.733
1976 1.9075353E-08 2.4304153E-08 2.0163531E-08 1.9783634E-08 1.8366636E-08 1.7082332E-08 2.0756527E-08 2.6574771E-08 1.2961011E-08 1.4126535E-08 2.2155962E-08 3.4343152E-08 1.2089719E-08 1.4563099E-08 2.0734284E-08 2.8305776E-08  281.6122 283.8958 288.8470 294.5965 279.6576 283.0843 285.7298 286.4036 278.4353 280.6091 280.8059 280.1959 273.5333 275.8010 275.8278 275.5520  412.567
1977 1.4638640E-08 1.9858700E-08 1.4676386E-08 1.3488065E-08 1.4460189E-08 1.3215088E-08 1.3794449E-08 1.7843959E-08 1.1406275E-08 1.0660401E-08 1.6123053E-08 2.6065109E-08 1.1306578E-08 1.1119099E-08 1.5643741E-08 2.3530244E-08  281.9050 284.0374 288.9570 294.5990 280.0794 283.3038 285.9117 286.5509 278.8691 280.9441 280.9170 280.1258 274.0237 276.1374 275.8167 275.3235  192.4
1978 1.8218342E-08 2.4473213E-08 1.9857843E-08 1.8352162E-08 1.9918341E-08 1.8809290E-08 1.7733591E-08 2.1620449E-08 1.3382608E-08 1.4233908E-08 2.1049289E-08 3.0619692E-08 1.0083689E-08 1.2438898E-08 1.8632125E-08 2.6937846E-08  282.0606 283.6849 288.4836 294.7951 279.8811 282.6931 285.4617 286.1631 278.3364 280.1791 280.3575 279.6114 273.9384 275.7504 275.3265 274.7007  197.467
1979 1.9264416E-08 2.2489614E-08 1.5838603E-08 1.6816191E-08 1.8907048E-08 1.5024360E-08 1.5457626E-08 2.0641098E-08 1.5000282E-08 1.5516148E-08 2.3459631E-08 3.3431863E-08 1.4051362E-08 1.6656553E-08 2.4143878E-08 3.1836258E-08  282.1680 284.0468 288.8545 294.4432 280.1143 282.9811 285.5648 286.2381 278.4422 280.2520 280.2279 279.4666 273.8634 275.5067 275.0702 274.5024  106.667
1980 2.3894509E-08 2.6083340E-08 1.8995657E-08 1.6774161E-08 1.9515292E-08 1.6863751E-08 1.7034038E-08 1.9870356E-08 1.4059274E-08 1.3081867E-08 1.9076476E-08 3.1226527E-08 1.2371211E-08 1.4376039E-08 2.1728088E-08 3.0848717E-08  281.8524 283.5072 288.2939 294.6591 279.8059 282.5238 285.0375 285.8828 278.3489 279.9870 279.8295 278.9030 273.4257 275.2526 274.5922 273.8224  198.033
1981 1.5462883E-08 2.1647049E-08 1.8569240E-08 1.5076361E-08 1.6968293E-08 1.6441968E-08 1.5603707E-08 1.7744703E-08 1.2113647E-08 1.2957211E-08 1.8539016E-08 2.8966078E-08 1.1623685E-08 1.3161381E-08 1.8226748E-08 2.7628602E-08  282.4518 284.5896 289.4272 294.5998 280.6649 283.9615 286.6560 287.3077 279.4085 281.5054 281.6150 280.8266 274.6996 276.6294 276.4322 275.9336  327.6
1982 2.0157838E-08 2.4220205E-08 2.0056001E-08 2.5290525E-08 1.6486682E-08 1.5395999E-08 1.9045693E-08 2.9512284E-08 1.2879491E-08 1.4733773E-08 2.4149724E-08 3.5540424E-08 1.3830915E-08 1.7952539E-08 2.6349994E-08 3.1929297E-08  280.1879 282.8066 288.2087 294.6474 278.8003 282.6103 285.1996 285.5295 278.2744 280.6295 280.5941 279.5239 273.7464 276.0974 275.9544 275.3139  160.667
1983 9.8920072E-09 1.5888684E-08 1.1378442E-08 1.1946717E-08 1.1063264E-08 1.1318205E-08 1.2755086E-08 1.5135651E-08 9.2364143E-09 1.2224332E-08 2.0485313E-08 2.6442525E-08 9.9376543E-09 1.3097376E-08 2.1485256E-08 2.8295258E-08  283.4566 285.8008 290.7553 294.7957 281.6834 285.2664 288.1412 288.4423 280.4002 282.8831 283.2582 282.5169 275.7355 278.1788 278.1688 277.8209  95.2667
1984 1.1503813E-08 1.7026494E-08 1.3409468E-08 1.2802724E-08 1.2380902E-08 1.2849642E-08 1.2944105E-08 1.5393846E-08 9.9792157E-09 1.1927813E-08 1.8044563E-08 2.5756304E-08 9.1925010E-09 1.2946631E-08 2.0822727E-08 2.7520569E-08  282.5848 285.2396 290.1752 294.5189 281.2003 284.8662 287.7371 288.0043 280.3131 282.5659 282.7579 282.0036 275.8724 277.8279 277.4213 277.0793  134.233
1985 2.0194189E-08 2.5796416E-08 1.9835777E-08 1.5655404E-08 1.8081483E-08 1.5288650E-08 1.5364673E-08 1.8125117E-08 1.2170464E-08 1.2133923E-08 1.8156644E-08 2.6816876E-08 1.1495101E-08 1.2837344E-08 1.9018175E-08 2.5958151E-08  282.1846 284.3796 289.3088 294.5185 280.6695 283.9534 286.6935 287.1380 279.6523 281.7949 281.9302 280.9899 274.9759 277.0554 276.7187 276.0102  183.7
1986 2.7703228E-08 3.3030833E-08 2.9308284E-08 2.7421997E-08 2.5641098E-08 2.5557302E-08 2.7142953E-08 3.0757747E-08 1.7740213E-08 2.0144132E-08 2.7402663E-08 3.4981333E-08 1.4194091E-08 1.7060351E-08 2.2832499E-08 2.7963775E-08  280.7806 282.7678 287.9663 294.8264 279.3153 282.4028 284.9035 285.6017 278.8864 280.6328 280.2939 279.3763 274.9686 276.7595 276.0998 275.2546  494.033
1987 1.6979946E-08 2.5090173E-08 2.1382286E-08 2.3775337E-08 1.7294614E-08 1.6520934E-08 2.0697565E-08 3.0928160E-08 1.3555225E-08 1.5368213E-08 2.5151268E-08 3.8119413E-08 1.2554340E-08 1.6644208E-08 2.5105097E-08 3.4143085E-08  281.5999 283.4539 288.3436 294.7128 279.6484 282.8364 285.4964 286.0691 278.2828 280.4033 280.6413 279.6977 273.7824 275.9116 275.8004 275.1952  343.467
1988 1.0297173E-08 1.7216717E-08 1.6771015E-08 1.2593079E-08 1.1533924E-08 1.2243621E-08 1.2852721E-08 1.4953704E-08 1.0333441E-08 1.1863638E-08 1.7214836E-08 2.4610543E-08 1.1139745E-08 1.3258592E-08 1.8808233E-08 2.5225862E-08  284.0810 286.3270 291.1379 294.6600 282.4534 285.6826 288.6006 288.9058 280.8660 283.0722 283.4181 282.6301 276.1669 278.1479 277.7795 277.3805  173.133
1989 1.3956985E-08 1.9530349E-08 1.7406718E-08 1.4907101E-08 1.5992747E-08 1.4084358E-08 1.5312438E-08 1.7308706E-08 1.2103029E-08 1.2184385E-08 1.9108491E-08 2.9710339E-08 9.7507540E-09 1.1084329E-08 1.8638126E-08 2.8430403E-08  282.8046 285.0189 289.8374 294.9454 281.0269 284.3352 287.0456 287.8374 279.9508 281.9953 281.8992 281.0824 275.4505 277.4315 276.6120 275.8337  176.367
1990 2.6896283E-08 3.0559207E-08 2.1765297E-08 1.9764725E-08 2.2739506E-08 2.0060988E-08 1.9442332E-08 2.4240613E-08 1.5360808E-08 1.5589533E-08 2.1341581E-08 3.0730472E-08 1.3306903E-08 1.5103035E-08 1.9761398E-08 2.5948342E-08  281.2498 282.9698 288.0709 294.7700 279.6791 282.6702 285.3669 286.1306 278.8956 280.7947 280.6947 279.6982 274.5512 276.4182 275.9107 275.1534  242.167
1991 2.1567196E-08 2.6670211E-08 2.1183419E-08 1.9219888E-08 2.0621627E-08 1.8573903E-08 1.9559245E-08 2.1631372E-08 1.4813455E-08 1.6970841E-08 2.2618964E-08 2.8253169E-08 1.2068814E-08 1.5074992E-08 1.9500167E-08 2.2767344E-08  280.7751 282.4615 287.5833 294.6746 279.3240 282.2646 284.8622 285.6771 278.4577 280.4331 280.4523 279.6793 274.1554 276.2605 276.2184 275.7065  228.233
1992 2.4802597E-08 2.9083958E-08 2.1011402E-08 2.0367979E-08 2.5395623E-08 1.9097952E-08 1.8296245E-08 2.3245175E-08 1.7013170E-08 1.5616502E-08 2.1046290E-08 3.2062008E-08 1.5798447E-08 1.6441250E-08 2.1155437E-08 2.8525522E-08  281.7201 283.3997 288.3069 294.8665 279.7696 282.7486 285.3274 285.9612 278.7257 280.4907 280.3852 279.5292 274.2078 276.0180 275.6245 274.8413  385.4
1993 2.0406400E-08 2.3427370E-08 1.7724989E-08 1.6280630E-08 1.6705881E-08 1.4783145E-08 1.4721000E-08 2.0135637E-08 1.1305900E-08 1.3179830E-08 1.8887928E-08 2.8682699E-08 1.0812213E-08 1.4123541E-08 2.1426768E-08 2.7791334E-08  281.6811 284.0330 289.2281 294.6574 279.8785 283.6444 286.6243 287.1182 278.9107 281.5740 281.9136 281.0342 274.3904 276.8984 276.8442 276.3164  142.533
1994 2.0799442E-08 2.9528925E-08 2.2712134E-08 2.0912577E-08 1.7378850E-08 1.6911331E-08 1.8689613E-08 2.3014767E-08 1.1532545E-08 1.3005299E-08 2.0168534E-08 2.7713904E-08 1.0765426E-08 1.2591638E-08 1.8359186E-08 2.4223844E-08  280.7834 282.6316 287.7782 294.7331 279.3704 282.5442 285.2689 285.9159 278.7803 280.8237 280.8271 279.8503 274.3337 276.4126 276.1165 275.4272  255.767
1995 1.9951619E-08 2.4261999E-08 1.7652823E-08 1.4540401E-08 1.7014457E-08 1.5047426E-08 1.4268582E-08 1.6170405E-08 1.1360372E-08 1.1454735E-08 1.6347210E-08 2.2451408E-08 1.1767485E-08 1.3214971E-08 1.7393944E-08 2.1717719E-08  282.7819 284.8356 289.8659 294.7634 281.2880 284.5284 287.4277 287.8283 280.2255 282.4816 282.7437 281.8084 275.9439 278.1231 277.8355 277.1511  145.133
1996 2.2103894E-08 2.5205111E-08 2.0051061E-08 1.6994296E-08 2.2649324E-08 1.8862085E-08 1.9117795E-08 1.9439547E-08 1.7270285E-08 1.8016225E-08 2.5182064E-08 2.9566985E-08 1.5103502E-08 1.7837653E-08 2.3752413E-08 2.8664290E-08  282.5634 284.8904 289.8625 294.7914 280.8271 284.0618 286.7574 287.3917 279.8766 281.6236 281.4111 280.7403 275.2695 276.7484 276.0659 275.5161  551.167
1997 1.4827983E-08 1.8116962E-08 1.7936284E-08 2.2128729E-08 1.5154777E-08 1.5256431E-08 2.1235902E-08 3.0572963E-08 1.4511573E-08 1.8419300E-08 3.2406515E-08 4.6193389E-08 1.5092244E-08 2.0433795E-08 3.1584456E-08 4.1730580E-08  280.6322 283.5227 288.6797 294.3519 279.1845 282.8529 285.3131 285.5871 278.2121 280.2891 280.0973 279.2488 273.5818 275.3900 274.9389 274.6158  260.5
1998 9.1724983E-09 1.3896066E-08 1.1464130E-08 1.1115628E-08 1.1716550E-08 9.9902850E-09 1.1020123E-08 1.3766613E-08 1.1922177E-08 1.2313508E-08 1.8548198E-08 2.8852563E-08 1.2028170E-08 1.4769401E-08 2.2652218E-08 3.2171538E-08  284.1888 286.8708 291.8061 294.7725 282.5554 286.2297 289.1003 289.2025 280.8661 283.3422 283.7167 282.8159 276.2060 278.4899 278.2989 277.7673  324.933
1999 1.0691956E-08 1.6339532E-08 1.5200351E-08 1.3411563E-08 1.0642314E-08 9.8757145E-09 1.1820403E-08 1.4090566E-08 7.6942115E-09 8.2329423E-09 1.5831592E-08 2.2457129E-08 8.5324663E-09 9.2498782E-09 1.6247208E-08 2.3861395E-08  283.6770 285.6932 290.3226 294.7046 282.1989 285.0854 287.4957 287.8676 280.7495 282.5438 282.2594 281.3383 276.0350 277.7641 277.0443 276.3351  111.4
2000 2.0224466E-08 2.8331463E-08 2.2953127E-08 1.6954329E-08 1.9858080E-08 1.9320209E-08 1.8275955E-08 1.8725158E-08 1.0798195E-08 1.2305612E-08 1.9282338E-08 2.7242494E-08 7.6869950E-09 8.8658867E-09 1.5462343E-08 2.3274296E-08  282.0109 284.1639 289.3431 294.9125 280.7440 284.0544 286.9644 287.5417 280.1506 282.4401 282.7147 281.7792 276.0226 278.3006 278.0504 277.3101  7149.07
2001 1.7174020E-08 2.4098552E-08 1.8383107E-08 1.6107997E-08 1.6788126E-08 1.6017754E-08 1.6499634E-08 1.9694735E-08 1.1869300E-08 1.3197634E-08 2.0378939E-08 2.9473767E-08 1.1347684E-08 1.3933696E-08 1.9441424E-08 2.6349609E-08  281.8753 284.0431 289.2312 294.7511 280.3317 283.7698 286.6599 287.1737 279.6799 281.8636 282.0707 281.2288 275.3306 277.4938 277.3623 276.7796  1945.67
2002 1.7605265E-08 2.5601560E-08 1.9248599E-08 1.8932345E-08 1.8583219E-08 1.8363755E-08 1.8552640E-08 2.3302876E-08 1.3945592E-08 1.5818809E-08 2.1918417E-08 3.1141273E-08 1.3260391E-08 1.5938525E-08 2.0527123E-08 2.6925290E-08  281.1315 282.9186 287.8978 294.6606 279.2993 282.2579 284.9164 285.6880 278.2953 280.0681 280.0321 279.2182 273.8921 275.6687 275.2292 274.5486  231.033
2003 1.6664748E-08 2.0525039E-08 1.4307687E-08 1.2260014E-08 1.6503352E-08 1.4505952E-08 1.3455410E-08 1.5604090E-08 1.2042178E-08 1.1107965E-08 1.5954239E-08 2.4558251E-08 1.1531547E-08 1.2002880E-08 1.6542991E-08 2.3455215E-08  282.3728 284.4489 289.3510 294.7642 280.6366 283.8462 286.5419 287.1061 279.6957 281.7342 281.7161 280.7480 275.2726 277.3121 276.9152 276.0523  191.333
2004 2.6323184E-08 3.4477676E-08 2.6397693E-08 2.2754898E-08 2.3582682E-08 2.3041615E-08 2.2901709E-08 2.7630884E-08 1.6953123E-08 1.9388802E-08 2.5650479E-08 3.5264208E-08 1.4810077E-08 1.7605176E-08 2.2088001E-08 2.8137265E-08  281.4033 283.0036 288.0190 294.5793 279.7300 282.5621 285.1573 286.0103 279.1237 280.7863 280.6178 279.5580 275.0627 276.7598 276.0150 274.9318  2745.43
2005 1.7930128E-08 2.3445400E-08 1.8850315E-08 1.7294724E-08 2.1005246E-08 1.8582464E-08 2.1489589E-08 2.5652632E-08 1.5025776E-08 1.5061019E-08 2.6065102E-08 4.0129976E-08 1.3984480E-08 1.5752908E-08 2.3609854E-08 3.3274119E-08  282.9251 285.1885 290.1466 294.7379 281.1030 284.2626 286.9421 287.5461 279.9191 281.7458 281.6814 280.9317 275.3662 277.1071 276.6206 276.0265  128.8
2006 2.2500783E-08 3.0059542E-08 2.3295335E-08 1.9518577E-08 2.0760941E-08 2.0089528E-08 2.0888661E-08 2.5785825E-08 1.4638337E-08 1.5546743E-08 2.2118163E-08 3.4031746E-08 1.2506986E-08 1.5262897E-08 2.1136261E-08 2.8307344E-08  282.0533 283.8002 288.5274 294.8292 280.0297 282.8817 285.4223 286.2104 278.7201 280.6639 280.5920 279.8194 274.3408 276.3591 275.9682 275.4291  82.8667
2007 1.6182600E-08 2.1147747E-08 1.7421881E-08 1.6664382E-08 1.6730850E-08 1.5409283E-08 1.5985176E-08 1.7856479E-08 1.0612935E-08 1.0680211E-08 1.7012383E-08 2.6300585E-08 1.0788336E-08 1.2419092E-08 1.8534898E-08 2.5997650E-08  282.9847 284.6834 289.5374 294.9586 281.0247 283.7940 286.5021 287.3346 279.5512 281.3322 281.4023 280.7324 275.0177 276.8196 276.3481 275.7179  240.933
2008 9.3292760E-09 1.4441936E-08 1.2412896E-08 1.1484580E-08 1.0736308E-08 9.9192174E-09 9.6518091E-09 1.1405006E-08 8.8919645E-09 9.0190087E-09 1.3823624E-08 2.0007480E-08 9.2148644E-09 1.1966677E-08 1.6996843E-08 2.2632420E-08  283.4326 285.5742 290.4370 294.5697 281.8301 285.2492 288.1062 288.2043 280.4951 282.8642 283.2136 282.2425 275.7711 278.1216 278.0268 277.4809  96.2667
2009 2.2854827E-08 2.7609218E-08 2.0955468E-08 2.0562263E-08 1.9910964E-08 1.7298980E-08 1.8276031E-08 2.4438153E-08 1.3188069E-08 1.4045367E-08 2.0888843E-08 3.0994908E-08 1.1791228E-08 1.3888503E-08 2.0014186E-08 2.5724720E-08  281.4238 283.0216 287.9946 294.6681 279.4996 282.4857 285.0686 285.8896 278.7889 280.5414 280.6695 279.8743 274.6169 276.5862 276.3203 275.6926  268.7
2010 1.0168231E-08 1.5174237E-08 1.3033302E-08 1.3515329E-08 1.1813132E-08 1.1199812E-08 1.2210267E-08 1.4101584E-08 8.8117558E-09 8.3596872E-09 1.4479277E-08 2.1609663E-08 8.7837613E-09 1.0068430E-08 1.6139033E-08 2.2583180E-08  284.2568 286.6487 291.6011 295.0748 282.6631 286.0752 289.1142 289.4166 281.1398 283.5520 284.1156 283.3244 276.6023 278.8268 278.7232 278.2044  88.1333
2011 1.1995298E-08 1.7149654E-08 1.4964350E-08 1.2912785E-08 1.3095562E-08 1.3656196E-08 1.5100035E-08 1.7454843E-08 9.9528430E-09 1.1296317E-08 2.0109262E-08 2.9227584E-08 1.0187803E-08 1.2342902E-08 2.1249740E-08 3.0419173E-08  283.5813 285.8661 290.7669 294.8226 281.7194 285.0621 287.8408 288.3995 280.1682 282.4142 282.6893 282.0895 275.3383 277.4626 277.2754 276.9640  74.4667
2012 2.0949225E-08 2.8831312E-08 1.9879739E-08 1.6419296E-08 2.3245315E-08 2.1963730E-08 2.0716234E-08 2.2869035E-08 1.4846631E-08 1.5611336E-08 2.4533140E-08 3.6349061E-08 1.1124025E-08 1.4365991E-08 2.2654762E-08 3.1526788E-08  282.6771 284.2269 289.0694 294.5409 280.7457 283.1411 285.5710 286.4181 279.6162 280.6048 280.1404 279.4020 275.2281 276.2453 275.2005 274.4466  47.7667
2013 1.6547210E-08 2.2286113E-08 1.7375443E-08 1.6237550E-08 1.6823961E-08 1.5334466E-08 1.5114640E-08 1.8748025E-08 1.2806546E-08 1.4203386E-08 2.0327038E-08 2.7706081E-08 1.2509187E-08 1.5793729E-08 2.0771827E-08 2.4818997E-08  282.2477 284.0833 289.0237 294.8551 280.5163 283.5133 286.1844 286.7164 279.3167 281.3189 281.3532 280.4596 275.0028 277.0070 276.8019 276.2090  119.733
2014 2.0425137E-08 2.5340944E-08 1.9719810E-08 1.6958674E-08 1.7948503E-08 1.7447544E-08 1.7658365E-08 2.1590189E-08 1.2313718E-08 1.3606214E-08 2.0030065E-08 2.8727989E-08 1.2904465E-08 1.3871497E-08 1.9928491E-08 2.7587642E-08  282.0688 284.1960 289.3587 294.5133 280.4536 283.7712 286.6746 287.2399 279.5204 281.6660 281.8814 281.0766 274.9986 277.2623 277.2355 276.5560  76.5333
2015 1.6905759E-08 2.4013289E-08 2.0654246E-08 2.2432321E-08 1.6029684E-08 1.6777069E-08 2.0168667E-08 2.7503134E-08 1.3378405E-08 1.6171580E-08 2.6527758E-08 3.7403336E-08 1.3667004E-08 1.8670356E-08 2.8307179E-08 3.5912805E-08  281.2379 283.6027 288.6570 294.4214 279.8352 283.1711 285.6405 285.8495 278.8191 280.9407 280.8697 279.8738 274.3638 276.4689 276.2525 275.7267  203.267
