STN,prec_1,prec_2,prec_3,prec_4,prec_5,prec_6,prec_7,prec_8,prec_9,prec_10,prec_11,prec_12,prec_13,prec_14,prec_15,prec_16,st_1,st_2,st_3,st_4,st_5,st_6,st_7,st_8,st_9,st_10,st_11,st_12,st_13,st_14,st_15,st_16,02.0
LAT,26.51077,26.51077,26.51077,26.51077,29.30136,29.30136,29.30136,29.30136,32.09194,32.09194,32.09194,32.09194,34.88252,34.88252,34.88252,34.88252,26.51077,26.51077,26.51077,26.51077,29.30136,29.30136,29.30136,29.30136,32.09194,32.09194,32.09194,32.09194,34.88252,34.88252,34.88252,34.88252,30.7512899
LON,-104.0625,-101.2500,-98.43750,-95.62500,-104.0625,-101.2500,-98.43750,-95.62500,-104.0625,-101.2500,-98.43750,-95.62500,-104.0625,-101.2500,-98.43750,-95.62500,-104.0625,-101.2500,-98.43750,-95.62500,-104.0625,-101.2500,-98.43750,-95.62500,-104.0625,-101.2500,-98.43750,-95.62500,-104.0625,-101.2500,-98.43750,-95.62500,-98.6697599
1958 2.1082677E-08 3.1383717E-08 2.8350387E-08 2.5873410E-08 1.9969471E-08 2.4459935E-08 2.8359366E-08 3.7125389E-08 1.5503652E-08 2.0430658E-08 3.0977269E-08 4.2874760E-08 1.5859229E-08 2.0755342E-08 2.8587273E-08 3.6858552E-08  282.3270 284.8867 289.9865 293.6296 281.0698 284.5928 286.9405 287.0939 280.4787 282.7323 282.5099 281.4190 276.2666 278.4734 278.0998 277.5329  1679.86
1959 2.4065871E-08 2.7338315E-08 2.0688107E-08 1.7236024E-08 2.6130447E-08 2.0819375E-08 2.0949788E-08 2.5217579E-08 1.9506311E-08 1.9389327E-08 3.1363129E-08 4.5226670E-08 1.6639319E-08 2.0700014E-08 3.1877104E-08 4.2565819E-08  283.0079 285.6905 291.0846 293.9877 281.6143 285.4701 288.3687 288.7076 281.2745 283.7274 283.6536 282.6665 277.0956 279.3372 278.8518 278.1188  206.321
1960 1.2320821E-08 1.8899932E-08 1.5364334E-08 1.3497639E-08 1.3626514E-08 1.3097271E-08 1.3213243E-08 1.6936340E-08 1.0844791E-08 1.1619735E-08 1.8111788E-08 2.9172108E-08 1.2228100E-08 1.4210555E-08 2.0581624E-08 2.9613696E-08  284.0314 286.7895 292.0589 294.2251 282.8933 286.7660 289.6693 289.5841 282.2737 284.9545 285.0351 283.8322 277.8643 280.4465 280.2963 279.7144  499.621
1961 1.5724931E-08 2.3363745E-08 1.9930747E-08 1.4989274E-08 1.5152535E-08 1.6643867E-08 1.6966288E-08 1.9351642E-08 1.1615463E-08 1.2863004E-08 2.0847480E-08 2.8766841E-08 1.3016789E-08 1.5331580E-08 2.0920956E-08 2.7408609E-08  284.1780 286.5330 291.5080 293.9722 282.8168 286.2486 288.8447 288.9310 281.9405 284.1669 283.8901 282.7711 277.3801 279.5116 279.0020 278.2234  865.25
1962 8.5289944E-09 1.6036381E-08 1.6195981E-08 1.4977621E-08 1.0339702E-08 1.3065106E-08 1.3074592E-08 1.6412294E-08 1.0127511E-08 1.2956470E-08 2.1047029E-08 2.7108010E-08 1.1780910E-08 1.7222797E-08 2.7257407E-08 3.2083268E-08  285.4112 288.2648 293.1495 294.2576 283.8646 287.7878 290.6693 290.6729 282.6702 285.3810 285.4986 284.6450 278.1499 280.5284 280.2989 279.8255  157.75
1963 1.4197739E-08 2.1377801E-08 1.9733504E-08 1.3898218E-08 1.5840961E-08 1.6591450E-08 1.6698412E-08 1.8533742E-08 1.2221049E-08 1.2561089E-08 2.0877520E-08 3.1989305E-08 1.3039839E-08 1.4938246E-08 2.1736088E-08 3.0951309E-08  285.0764 287.4526 292.4596 294.3423 283.3440 286.7491 289.5606 289.7578 281.9822 284.2671 284.3628 283.4313 277.4677 279.5857 279.3299 278.7842  105.214
1964 1.9825315E-08 2.6014909E-08 2.2014111E-08 1.7822185E-08 2.0669866E-08 1.9493349E-08 2.1573015E-08 2.5902557E-08 1.6447546E-08 2.0048253E-08 3.1550446E-08 4.0943263E-08 1.6467098E-08 2.3047164E-08 3.1921829E-08 3.9136545E-08  283.1237 285.7158 290.9375 293.4335 281.6096 285.4778 288.3727 288.5940 281.0529 283.5812 283.7279 282.8482 276.7653 279.0646 278.9616 278.7535  161.517
1965 1.4471534E-08 2.2137096E-08 2.0162735E-08 1.3019610E-08 1.6612782E-08 1.8378071E-08 1.8189013E-08 1.9734042E-08 1.3671858E-08 1.5810805E-08 2.4859506E-08 3.3600571E-08 1.2589362E-08 1.6257378E-08 2.4909152E-08 3.4114752E-08  284.5037 287.3499 292.6165 294.2145 283.2445 287.2038 290.1247 290.2425 282.3746 285.0710 285.1921 284.2796 278.1739 280.5606 280.2940 279.6766  786.786
1966 2.2033674E-08 2.7007509E-08 2.3236725E-08 2.2366919E-08 2.0130214E-08 1.8675012E-08 2.3645830E-08 3.6172842E-08 1.5000737E-08 1.6851315E-08 2.8903065E-08 4.4993218E-08 1.5497660E-08 1.8592212E-08 2.6757677E-08 3.5656182E-08  282.1505 284.7768 290.1612 293.9332 280.8396 284.4686 286.9264 287.0380 280.5102 282.6920 282.2017 280.8681 276.3056 278.3784 277.7666 276.8518  111.893
1967 1.0030717E-08 1.5493248E-08 1.5750519E-08 1.3677851E-08 1.2239670E-08 1.3217001E-08 1.4826854E-08 1.8210530E-08 1.1960677E-08 1.2926608E-08 2.0917501E-08 2.8422390E-08 1.2881822E-08 1.4852000E-08 2.2750271E-08 2.9374718E-08  284.1989 286.9763 291.7949 293.6452 282.8871 286.5986 289.0590 288.8631 281.9728 284.4366 284.1513 282.8574 277.3099 279.6764 279.2395 278.4380  103.393
1968 1.4798961E-08 2.4129669E-08 2.1289294E-08 1.6632267E-08 1.7555692E-08 1.8798699E-08 1.7688565E-08 2.0955373E-08 1.4335180E-08 1.5822938E-08 2.1572710E-08 3.1227721E-08 1.5202694E-08 1.7023915E-08 2.2117494E-08 2.9660699E-08  284.0045 286.3974 291.5430 294.0572 282.7613 286.3507 289.2182 289.4780 282.0511 284.5501 284.5281 283.6577 277.8755 280.2129 279.9262 279.3012  500.034
1969 2.2747262E-08 2.9669723E-08 2.7721404E-08 2.2249678E-08 2.1922272E-08 2.5978860E-08 2.8995125E-08 3.1233238E-08 1.7968572E-08 2.4181967E-08 3.3087236E-08 3.9282835E-08 1.6592965E-08 2.1462412E-08 2.7119604E-08 3.1568923E-08  282.6582 285.4838 290.8401 293.5980 281.9382 285.6536 288.2359 288.2402 281.9758 284.1401 283.9965 282.8582 278.2084 280.3923 279.9286 279.2771  135.107
1970 1.7965279E-08 2.4850596E-08 2.0345771E-08 1.6030731E-08 1.9598515E-08 1.9757053E-08 1.9907310E-08 2.2636618E-08 1.6064623E-08 1.8350251E-08 2.7753808E-08 3.7199364E-08 1.5544028E-08 1.9127009E-08 2.9869661E-08 3.8188219E-08  283.0942 285.4064 290.5966 293.6051 281.5916 285.1337 287.9038 288.1403 281.0660 283.4417 283.3865 282.4671 276.7079 279.0057 278.8341 278.4791  534.143
1971 9.4036379E-09 1.5920797E-08 1.7622600E-08 1.2884001E-08 1.0367450E-08 1.1238534E-08 1.4422031E-08 1.8630962E-08 7.5716242E-09 8.8221519E-09 1.6660838E-08 2.6643210E-08 9.6141299E-09 1.1395954E-08 1.7152415E-08 2.5218565E-08  285.6056 288.7254 293.7829 294.4685 284.5919 288.6367 291.5501 291.2304 283.5684 286.2613 286.4189 285.2628 279.0410 281.2999 280.9864 280.3362  134.571
1972 1.0161840E-08 1.6420469E-08 1.5921193E-08 1.2776045E-08 1.1458035E-08 1.1223212E-08 1.4837354E-08 1.8556413E-08 8.5108844E-09 1.0440607E-08 1.9999307E-08 3.0628463E-08 9.3188630E-09 1.3002257E-08 2.1952857E-08 3.1255670E-08  284.8806 287.6082 292.9631 294.8990 283.6942 287.5196 290.4806 290.6435 282.7603 285.3837 285.4274 284.3722 278.4279 280.7845 280.3236 279.6953  254.31
1973 2.0696175E-08 3.0159583E-08 3.1429479E-08 2.9704346E-08 1.8875033E-08 2.1630120E-08 2.7627076E-08 3.5836148E-08 1.4599442E-08 1.8868045E-08 2.7749033E-08 3.9647187E-08 1.4934006E-08 2.0167150E-08 2.6146060E-08 3.1999214E-08  282.0748 284.6158 289.7290 294.0952 280.9366 284.4915 286.9349 286.9738 280.5919 282.7746 282.3619 280.9697 276.2215 278.3296 277.6746 276.9182  307.714
1974 7.6808853E-09 1.4310473E-08 1.5962927E-08 1.1468461E-08 1.0250209E-08 1.0509694E-08 1.4068886E-08 1.7075145E-08 8.7944700E-09 9.6060404E-09 1.8428761E-08 2.9854803E-08 1.0407915E-08 1.2355384E-08 2.0206366E-08 2.8982287E-08  285.6582 288.8911 294.1059 294.9479 284.4735 288.6013 291.6407 291.7077 283.1399 285.9996 286.2702 285.3071 278.2778 280.7914 280.5050 279.9770  185.357
1975 1.0218819E-08 1.6559756E-08 1.8052971E-08 1.5368606E-08 1.1102995E-08 1.3223333E-08 1.6780609E-08 2.1242506E-08 9.4346886E-09 1.1904797E-08 1.9627061E-08 2.8231296E-08 1.1489805E-08 1.4842384E-08 2.3114174E-08 2.7993929E-08  284.5933 287.3822 292.4133 294.2692 283.7268 287.3999 290.0763 289.8422 282.8299 285.3357 285.3435 284.0998 278.4077 280.5634 280.2665 279.6110  984.643
1976 7.4062854E-09 1.4327047E-08 1.4395821E-08 1.0075396E-08 9.1759533E-09 1.1966863E-08 1.2170042E-08 1.4292081E-08 9.5046868E-09 1.1229724E-08 1.9149455E-08 2.9691142E-08 1.1526233E-08 1.3656191E-08 2.2206354E-08 3.1433284E-08  285.4182 288.6671 293.5240 293.6530 284.3781 288.2288 290.7972 290.4684 283.0405 285.4446 285.3007 284.1240 278.2219 280.2547 279.5968 278.9010  204.31
1977 2.9742719E-08 3.8181867E-08 3.2317864E-08 2.6639226E-08 2.8254496E-08 2.9253098E-08 3.1152815E-08 3.5800394E-08 2.1491374E-08 2.5422253E-08 3.3367201E-08 3.9434347E-08 2.0743236E-08 2.4455391E-08 2.9745504E-08 3.2684380E-08  282.2315 284.2589 289.4427 293.6709 281.0021 284.1004 286.6133 286.9572 280.6823 282.4785 282.1366 281.1183 276.7852 278.6100 278.1453 277.4510  327.964
1978 2.4299565E-08 2.9062406E-08 2.2558350E-08 1.8351017E-08 2.1782709E-08 2.1580844E-08 2.1585821E-08 2.6618862E-08 1.6758309E-08 1.8494026E-08 2.6868952E-08 3.6290171E-08 1.7551711E-08 2.1768001E-08 2.9829053E-08 3.7527929E-08  282.8148 285.2584 290.5839 293.8912 281.6895 285.1994 287.7891 287.7979 281.4173 283.4086 282.8545 281.5126 277.1464 278.8542 278.0247 276.8809  187.75
1979 1.8945329E-08 2.6998391E-08 2.4338156E-08 2.0659348E-08 1.9196175E-08 1.8722249E-08 2.0950406E-08 2.6507134E-08 1.5400753E-08 1.6205073E-08 2.5051332E-08 3.5278294E-08 1.5459806E-08 1.8462854E-08 2.5703971E-08 3.2417116E-08  283.0895 285.3956 290.6798 293.6580 281.7645 285.2119 287.9270 288.2781 281.1579 283.3249 282.9644 282.0083 276.8229 278.6830 278.0581 277.4067  322.929
1980 2.3010285E-08 3.2370913E-08 2.7964283E-08 2.2385372E-08 2.4200467E-08 2.2796023E-08 2.2665562E-08 2.8249394E-08 1.9147862E-08 2.0380586E-08 2.8042939E-08 3.5786361E-08 1.8980883E-08 2.3086526E-08 2.9770934E-08 3.4209307E-08  282.5577 285.0165 290.3166 294.2393 281.5703 285.2751 287.7591 287.9345 281.5051 283.7169 283.4307 282.2323 277.4671 279.4951 278.9449 278.1319  137.966
1981 1.0954366E-08 1.9703171E-08 1.8153091E-08 1.6513605E-08 1.2669796E-08 1.3981996E-08 1.5433182E-08 2.0274008E-08 1.2649875E-08 1.4206332E-08 2.0162586E-08 2.9877278E-08 1.5148135E-08 1.8379723E-08 2.4434893E-08 3.2126142E-08  284.2141 286.7864 291.7892 293.5992 282.9170 286.4704 289.1159 288.9996 282.1017 284.3509 284.1423 283.0477 277.6335 279.6145 279.0800 278.3856  166.679
1982 1.7407444E-08 2.6420244E-08 2.5897148E-08 1.9534461E-08 2.0033076E-08 2.1028423E-08 2.2980371E-08 2.6184473E-08 1.6716234E-08 1.7002128E-08 2.5053467E-08 3.4435320E-08 1.5975479E-08 1.7512630E-08 2.3384914E-08 3.0976878E-08  283.9703 286.3134 291.2592 294.1368 282.4638 285.7180 288.1260 288.5568 281.7111 283.4999 283.0602 282.0414 277.2661 279.0368 278.2995 277.5621  223.357
1983 1.1654764E-08 1.9962384E-08 2.4300727E-08 2.6854620E-08 1.3315740E-08 1.8188640E-08 2.4681849E-08 3.2709565E-08 1.4348318E-08 1.7103087E-08 2.4573035E-08 3.3936150E-08 1.5275512E-08 1.8639199E-08 2.2859766E-08 2.9176721E-08  282.1086 284.6602 289.7023 294.6925 280.9588 284.2391 286.0884 285.7206 280.2990 282.0535 280.9613 279.1799 275.7409 277.3522 275.9373 274.6555  239.607
1984 1.9746089E-08 2.4651557E-08 2.0353138E-08 1.4317532E-08 1.9999979E-08 1.9605784E-08 1.8316303E-08 1.9851514E-08 1.3929354E-08 1.6228725E-08 2.4071234E-08 3.2009112E-08 1.4453908E-08 1.8264743E-08 2.5367953E-08 3.2975432E-08  284.1960 286.5252 291.6071 294.3637 282.9180 286.2462 288.8778 289.1852 282.2016 284.1757 284.0685 283.0654 277.7991 279.5782 279.1320 278.4395  95.0345
1985 9.8350945E-09 1.6890450E-08 1.5756561E-08 1.2327692E-08 1.1241915E-08 1.2630863E-08 1.4430395E-08 1.7666334E-08 1.0725279E-08 1.0982458E-08 1.9152086E-08 2.9935066E-08 1.1844413E-08 1.3988068E-08 2.1584912E-08 2.9507682E-08  284.7963 287.5597 292.4863 293.6271 283.5933 287.2555 289.9955 289.9814 282.3516 284.7986 284.7564 283.8004 277.6262 279.9483 279.6820 279.1243  422.75
1986 1.7911432E-08 2.8053179E-08 2.4104414E-08 1.9564835E-08 1.8948121E-08 1.9073138E-08 1.8789391E-08 2.2325310E-08 1.4243824E-08 1.5379101E-08 2.1298296E-08 2.9256839E-08 1.3328499E-08 1.5529196E-08 1.9733616E-08 2.4658952E-08  282.5402 284.6638 289.9827 295.0682 281.3892 284.7418 287.4260 287.8204 281.1788 283.3568 283.1221 281.9619 277.1982 279.1509 278.5302 277.4608  479.536
1987 2.1432948E-08 3.2510108E-08 2.5830429E-08 2.1448511E-08 2.0444675E-08 2.4300091E-08 2.3674589E-08 2.9095872E-08 1.5840316E-08 2.0479225E-08 2.7962235E-08 3.7325115E-08 1.6920175E-08 2.1982732E-08 2.7913357E-08 3.3928664E-08  282.1735 284.4836 289.7934 294.2769 281.1831 284.4744 287.0420 287.3682 281.1697 282.8456 282.5302 281.3881 277.0562 278.6840 278.0640 277.3454  504.214
1988 1.5282241E-08 2.2791648E-08 1.8186071E-08 1.5021719E-08 1.3769348E-08 1.4210682E-08 1.5003360E-08 1.8988196E-08 1.1930615E-08 1.4425062E-08 2.3128464E-08 3.2890423E-08 1.3471937E-08 1.7069562E-08 2.5276290E-08 3.2567645E-08  283.5912 286.0856 291.1636 293.6963 282.7421 286.2117 288.7621 288.4907 282.0823 284.2351 284.0693 282.7572 277.6544 279.7912 279.4264 278.7190  257.517
1989 8.4416003E-09 1.6383650E-08 1.2337103E-08 9.3337809E-09 1.0929069E-08 1.2945840E-08 1.1353133E-08 1.2827209E-08 9.9838715E-09 1.1938300E-08 2.0353603E-08 2.6340418E-08 1.0101590E-08 1.4177130E-08 2.3307074E-08 3.0390954E-08  286.0902 288.8549 294.0811 295.0987 285.1754 289.0213 292.0265 291.8251 284.0415 286.7186 287.0121 286.0187 279.4782 281.8214 281.6940 281.2405  338.857
1990 1.7521900E-08 2.4760249E-08 1.7431852E-08 1.1273220E-08 1.9783108E-08 1.7626972E-08 1.4910940E-08 1.5893781E-08 1.3043453E-08 1.1918835E-08 1.7136591E-08 2.6138332E-08 1.1274556E-08 1.2167424E-08 1.8247725E-08 2.5401912E-08  283.5864 286.0190 291.2226 293.1781 282.3481 286.0152 288.6374 288.6902 282.3052 284.4832 284.1258 282.7941 278.4238 280.4041 279.6046 278.6060  214.179
1991 2.3599007E-08 3.0511163E-08 2.7151483E-08 2.1893030E-08 2.1721659E-08 2.1682526E-08 2.2524702E-08 2.5682853E-08 1.6543934E-08 1.6957486E-08 2.5243173E-08 3.4569261E-08 1.6427117E-08 1.8303437E-08 2.4842958E-08 3.0914975E-08  282.9007 285.1831 290.3742 293.9465 281.7586 285.1232 287.7595 288.1531 281.5163 283.4956 283.0992 281.9302 277.2247 279.1229 278.3919 277.5782  188.929
1992 2.0865123E-08 3.1524809E-08 3.0341958E-08 3.0113153E-08 1.9738222E-08 2.2734922E-08 2.9158620E-08 4.0450086E-08 1.4883499E-08 1.9051329E-08 3.1202536E-08 4.5722427E-08 1.6243142E-08 2.2169344E-08 3.1877263E-08 4.0282750E-08  281.2948 283.9537 289.4669 293.7623 280.5574 284.1774 286.8258 287.2467 280.5126 282.7430 282.5923 281.6736 276.2961 278.5662 278.2767 277.9177  3753.69
1993 2.7349669E-08 3.3946101E-08 2.7537251E-08 2.3089925E-08 2.3200810E-08 2.2084599E-08 2.0084846E-08 2.8408294E-08 1.6510509E-08 1.6369851E-08 2.1638291E-08 3.3341092E-08 1.5683893E-08 1.8576324E-08 2.3642825E-08 2.9658748E-08  281.6690 284.2026 289.7488 294.6541 280.9223 284.8340 287.6980 287.8127 281.1122 283.6780 283.5093 282.1859 277.0417 279.4585 278.9877 278.1003  437.679
1994 2.3374911E-08 2.8941757E-08 2.1387851E-08 1.6521708E-08 2.2395183E-08 2.0530674E-08 2.0021833E-08 2.4469992E-08 1.5862559E-08 1.6313534E-08 2.3564453E-08 3.3959001E-08 1.4999523E-08 1.7803730E-08 2.3918954E-08 3.0568518E-08  282.5412 284.7972 290.2071 294.1869 281.2435 284.8408 287.6629 287.9598 281.2294 283.3941 283.1713 282.1333 277.0601 279.3117 278.8277 278.2392  193.071
1995 2.1774852E-08 3.0811083E-08 2.6812211E-08 2.5233421E-08 2.0563990E-08 2.0731916E-08 2.4709818E-08 3.4173329E-08 1.6309443E-08 1.8632806E-08 2.7572863E-08 3.8756180E-08 1.7236392E-08 2.0901004E-08 2.5529729E-08 2.9857002E-08  282.0454 284.4641 290.0857 293.7240 281.0643 284.5945 287.2492 287.3256 281.1331 283.1980 282.8426 281.6203 277.1243 279.1006 278.4380 277.6788  189.071
1996 1.3664800E-08 2.0533012E-08 1.8499774E-08 1.4482137E-08 1.7062909E-08 1.8205746E-08 1.9006887E-08 2.0471560E-08 1.5133940E-08 1.6274077E-08 2.4481896E-08 3.4994081E-08 1.6568960E-08 1.9722158E-08 2.6978633E-08 3.2835995E-08  284.5743 286.6530 291.2594 293.4126 282.9350 285.9871 288.3036 288.3299 281.7505 283.5394 283.1016 281.9418 277.0574 278.5024 277.7477 277.0268  107.414
1997 1.7887411E-08 2.6900649E-08 2.2331349E-08 1.6956767E-08 1.8550010E-08 1.6965126E-08 1.5570150E-08 1.8702877E-08 1.3229970E-08 1.3352365E-08 1.9534601E-08 2.9381020E-08 1.5010519E-08 1.7151210E-08 2.2407654E-08 2.9998724E-08  283.3814 285.2837 290.1155 294.0813 281.8447 284.8201 287.2317 287.5342 281.1978 282.8516 282.3320 281.1055 276.6889 278.2449 277.4865 276.5467  2349.25
1998 8.6263308E-09 1.4098208E-08 1.4845173E-08 1.7915701E-08 1.0810783E-08 1.4389462E-08 2.1894591E-08 3.1311085E-08 1.2591642E-08 1.7580192E-08 3.2449261E-08 4.7428024E-08 1.4372204E-08 2.1616405E-08 3.4116521E-08 4.5906624E-08  282.5813 285.6631 290.6490 293.6588 281.3788 285.1755 287.0859 286.3141 280.5694 282.6960 281.6975 279.9176 275.9212 277.6284 276.2417 275.3407  316.25
1999 7.3187940E-09 1.2538439E-08 1.2624101E-08 9.0340464E-09 7.8408231E-09 1.0604541E-08 1.2077040E-08 1.4009962E-08 8.6482022E-09 1.2110435E-08 2.1938957E-08 2.8086749E-08 1.0566385E-08 1.7000779E-08 2.7812691E-08 3.3830130E-08  286.3234 289.3491 294.4014 294.5547 285.6156 289.5383 292.3430 291.8914 284.6667 287.0692 287.1124 285.9994 280.0799 281.9343 281.4234 280.9054  190.607
2000 7.6402582E-09 1.3662460E-08 1.1253035E-08 8.7631191E-09 7.5852871E-09 9.1502619E-09 7.8647826E-09 8.9954799E-09 6.1671939E-09 7.9835640E-09 1.4313093E-08 2.0839490E-08 7.9709990E-09 1.0859840E-08 1.8600021E-08 2.5825999E-08  286.6096 289.7932 294.7040 294.3907 285.9897 290.1327 292.8269 292.2151 284.9893 287.6709 287.6419 286.3650 280.0768 282.2143 281.6452 281.0218  132.138
2001 1.5052148E-08 2.2453756E-08 1.8079630E-08 1.4871421E-08 1.5906956E-08 1.7152306E-08 1.6675830E-08 1.8067114E-08 1.1557082E-08 1.3529940E-08 2.1446528E-08 2.7669914E-08 1.2963688E-08 1.5325567E-08 2.2304233E-08 2.9816157E-08  284.2472 286.6570 291.7696 293.7474 283.2072 286.8112 289.5294 289.5932 282.6649 284.9893 284.9867 283.8509 278.2487 280.3438 280.0869 279.4290  634.464
2002 2.0610324E-08 2.8418931E-08 2.0996030E-08 1.4518196E-08 1.9592610E-08 1.7483107E-08 1.6596921E-08 2.0143226E-08 1.2417389E-08 1.2593325E-08 1.8641238E-08 2.8578228E-08 1.3056894E-08 1.4157778E-08 1.9438598E-08 2.5123208E-08  282.8973 284.8674 290.2436 293.9580 281.8196 285.1155 287.8110 288.3061 281.7264 283.6367 283.3208 282.1926 277.4560 279.2759 278.7560 277.9987  278.071
2003 1.8564206E-08 2.5467795E-08 2.2911516E-08 1.8509120E-08 2.1134406E-08 2.1928846E-08 2.4887475E-08 2.7147482E-08 1.7490583E-08 2.0541078E-08 3.1297947E-08 3.9933116E-08 1.6382984E-08 2.1603459E-08 3.1075970E-08 3.6751327E-08  282.9592 285.5802 290.6242 293.3137 281.8669 285.6212 288.0210 287.7754 281.6194 283.9741 283.7421 282.4807 277.7121 279.8441 279.5724 279.0321  223.893
2004 1.6489869E-08 2.4904683E-08 2.0808477E-08 1.7150811E-08 1.8458037E-08 1.9623295E-08 2.0786338E-08 2.2969152E-08 1.4632357E-08 1.6443822E-08 2.4690598E-08 3.2076226E-08 1.4991173E-08 1.8799767E-08 2.5965413E-08 3.2169599E-08  283.6060 285.7827 290.7828 293.2991 282.2470 285.6618 288.1807 288.3209 282.1193 284.1603 283.7971 282.6786 278.0681 279.9476 279.2937 278.4633  147.034
2005 2.3899492E-08 3.5965936E-08 3.4268588E-08 2.4473271E-08 2.4849376E-08 2.6971236E-08 2.7559844E-08 3.0053904E-08 1.7261087E-08 2.2059323E-08 2.9988183E-08 3.8891375E-08 1.7224306E-08 2.1428374E-08 2.7788891E-08 3.5532011E-08  282.6753 285.1530 290.6999 294.3864 281.6245 285.2803 288.1359 288.6634 281.9567 284.0271 284.0074 283.0833 278.2473 280.4193 280.1051 279.5127  447.107
2006 1.4660398E-08 2.2817957E-08 1.9730614E-08 1.5071482E-08 1.7773665E-08 2.0195895E-08 2.0247537E-08 2.0196039E-08 1.5432962E-08 1.8274875E-08 2.8423219E-08 3.5775553E-08 1.4956825E-08 1.8619387E-08 2.5976222E-08 3.4594457E-08  284.3636 286.8183 291.8706 294.7777 282.8929 286.4281 289.2280 289.4275 282.1762 284.3725 284.4044 283.4722 278.0151 280.1369 279.7717 279.1756  129
2007 1.9963501E-08 2.7859016E-08 2.7294462E-08 2.4510214E-08 1.9194669E-08 2.0599288E-08 2.3922780E-08 2.9249811E-08 1.5950452E-08 1.7954189E-08 2.8396581E-08 3.7468276E-08 1.5946684E-08 2.1230315E-08 3.2489275E-08 3.9484625E-08  283.0244 285.7927 291.2664 293.8037 282.3596 286.2337 289.0806 289.0901 282.2650 284.7485 284.8233 283.8462 278.6772 280.9435 280.6768 280.2671  103.679
2008 6.9688877E-09 1.4917861E-08 1.5323932E-08 1.1273007E-08 7.7223801E-09 1.0354808E-08 1.1868424E-08 1.4580654E-08 6.7213457E-09 8.9994012E-09 1.5466929E-08 2.3110088E-08 8.7511811E-09 1.1577206E-08 1.7997115E-08 2.3556979E-08  285.7411 288.1863 292.9319 293.7957 284.6903 288.2217 290.8264 290.6548 283.4780 286.0322 286.2061 285.1814 278.8170 281.3235 281.2796 280.7949  197.793
2009 1.0834806E-08 1.9689345E-08 1.9442336E-08 1.3904685E-08 1.4394957E-08 1.7009830E-08 1.8120238E-08 1.9203391E-08 1.1592383E-08 1.4066005E-08 2.2203377E-08 3.2283509E-08 1.1714399E-08 1.5271029E-08 2.4335430E-08 3.2839733E-08  285.0837 287.7342 292.6270 294.1857 283.8691 287.4273 289.8987 289.8971 283.0353 285.2930 284.8988 283.7618 278.4901 280.6120 279.9641 279.3382  100.607
2010 2.1793298E-08 2.7049884E-08 2.5795636E-08 2.2175325E-08 2.2881695E-08 2.2265077E-08 2.6210833E-08 3.1619351E-08 1.9552900E-08 2.2898027E-08 3.3768849E-08 4.2607134E-08 1.9069265E-08 2.5011285E-08 3.5954773E-08 4.1331347E-08  0.0000000E+00 0.0000000E+00 0.0000000E+00 0.0000000E+00 0.0000000E+00 0.0000000E+00 0.0000000E+00 0.0000000E+00 0.0000000E+00 0.0000000E+00 0.0000000E+00 0.0000000E+00 0.0000000E+00 0.0000000E+00 0.0000000E+00 0.0000000E+00  1082.57
2011 4.9209730E-09 1.0379350E-08 1.1858902E-08 9.3584580E-09 6.9213795E-09 8.9038288E-09 1.0387978E-08 1.3747476E-08 6.2357719E-09 6.5747581E-09 1.3106874E-08 2.4527324E-08 8.0690032E-09 9.6760280E-09 1.7121527E-08 2.4946747E-08  285.8523 289.1431 293.7425 293.4000 284.6420 288.6149 291.0236 290.3957 283.3277 286.0981 285.7359 284.2376 278.3980 280.8540 280.3351 279.3812  114
2012 1.0160748E-08 1.7511656E-08 1.6412109E-08 1.1453056E-08 1.2591198E-08 1.4486668E-08 1.4834980E-08 1.5531997E-08 1.1021196E-08 1.3806901E-08 2.0599115E-08 3.0031259E-08 1.1107434E-08 1.4820793E-08 2.1817144E-08 3.0003498E-08  285.8504 288.3642 293.1844 293.9349 284.7729 288.1082 290.6194 290.5977 283.5129 285.6227 285.4178 284.4399 278.8851 280.7767 280.2733 279.7982  293.207
2013 1.6798047E-08 2.5735771E-08 2.0947796E-08 1.3545609E-08 1.6408896E-08 1.6611470E-08 1.4664862E-08 1.8308649E-08 1.1483839E-08 1.2582215E-08 1.9680641E-08 2.9661194E-08 1.2884532E-08 1.6437602E-08 2.2928473E-08 3.1466541E-08  284.3125 286.6189 291.7357 293.8569 283.5700 286.8501 289.3660 289.2708 283.4003 285.2469 284.6390 283.2805 279.0497 280.7971 280.0240 278.9708  65.4643
2014 1.6167148E-08 2.6552827E-08 2.1924718E-08 1.5439271E-08 1.8755783E-08 2.3260725E-08 2.3450117E-08 2.2896494E-08 1.6009356E-08 1.9597659E-08 2.9027317E-08 3.6150553E-08 1.6081467E-08 1.9164100E-08 2.7416018E-08 3.2746915E-08  284.0313 286.3650 291.5964 293.8282 282.9744 286.5535 289.2396 289.1515 282.8959 285.0043 284.6265 283.3442 279.0301 280.7266 279.9804 279.1914  80.5714
2015 2.3845375E-08 3.2586662E-08 2.8963589E-08 2.1645549E-08 2.2838300E-08 2.4102782E-08 2.4552035E-08 2.7801528E-08 1.7078248E-08 2.0695797E-08 2.9280073E-08 3.5644298E-08 1.6442684E-08 2.2282832E-08 2.8575895E-08 3.2694913E-08  282.7095 285.4783 290.9121 293.5107 281.9534 285.9648 288.7071 288.9724 282.4444 284.8573 284.7510 283.6328 279.0323 281.2374 280.8567 280.0054  75.25
