STN,prec_1,prec_2,prec_3,prec_4,prec_5,prec_6,prec_7,prec_8,prec_9,prec_10,prec_11,prec_12,prec_13,prec_14,prec_15,prec_16,st_1,st_2,st_3,st_4,st_5,st_6,st_7,st_8,st_9,st_10,st_11,st_12,st_13,st_14,st_15,st_16,06.0
LAT,26.51077,26.51077,26.51077,26.51077,29.30136,29.30136,29.30136,29.30136,32.09194,32.09194,32.09194,32.09194,34.88252,34.88252,34.88252,34.88252,26.51077,26.51077,26.51077,26.51077,29.30136,29.30136,29.30136,29.30136,32.09194,32.09194,32.09194,32.09194,34.88252,34.88252,34.88252,34.88252,30.7512899
LON,-104.0625,-101.2500,-98.43750,-95.62500,-104.0625,-101.2500,-98.43750,-95.62500,-104.0625,-101.2500,-98.43750,-95.62500,-104.0625,-101.2500,-98.43750,-95.62500,-104.0625,-101.2500,-98.43750,-95.62500,-104.0625,-101.2500,-98.43750,-95.62500,-104.0625,-101.2500,-98.43750,-95.62500,-104.0625,-101.2500,-98.43750,-95.62500,-98.6697599
1958 5.2426383E-08 1.0673222E-08 3.3049634E-09 1.2966731E-08 2.1796662E-08 2.9861471E-09 1.1550102E-09 1.9531047E-08 1.4232901E-08 3.1552450E-09 4.5466022E-09 1.6876216E-08 2.0077517E-08 1.0594452E-08 1.3404946E-08 2.1113255E-08  296.6481 302.3378 308.2338 302.2179 301.2984 307.0959 309.3088 306.3173 304.1996 308.5063 309.1942 306.7798 302.8253 306.8155 308.6424 307.0462  931.9
1959 5.0578898E-08 8.4084970E-09 3.0271909E-09 1.3880434E-08 2.0317993E-08 2.0156206E-09 2.3518005E-09 1.9099094E-08 1.4502001E-08 2.8330072E-09 3.9658303E-09 1.7366022E-08 2.2348607E-08 1.1914082E-08 1.1294074E-08 1.8412933E-08  295.9574 302.3051 308.1708 302.4329 301.0237 307.1564 309.1986 306.0205 304.1277 308.5289 309.0799 306.1417 302.4829 306.8221 308.6512 306.7722  1231.13
1960 4.8983459E-08 8.8386214E-09 2.6892457E-09 1.2935947E-08 2.3633666E-08 3.2394787E-09 1.9606543E-09 1.9237474E-08 1.6184599E-08 4.2221262E-09 4.6389617E-09 1.5365780E-08 2.2058774E-08 1.2033315E-08 1.1296304E-08 1.5903447E-08  296.2544 302.5501 308.4846 302.0438 300.9937 307.2188 309.3272 306.5675 304.1239 308.6003 309.3591 307.2706 302.7075 307.1746 309.2650 308.1358  70.2
1961 4.9769405E-08 9.4401535E-09 2.6493749E-09 1.3519735E-08 2.1018906E-08 2.4008067E-09 1.2232884E-09 1.5815502E-08 1.5695788E-08 2.7824441E-09 2.5818208E-09 1.2432283E-08 2.1169010E-08 9.7402095E-09 1.0242518E-08 1.5135988E-08  295.8082 302.1785 308.3468 302.2439 301.1142 307.1623 309.3272 306.5306 304.2776 308.8212 309.5574 307.5262 302.7175 307.1922 309.4122 308.2990  3230.77
1962 4.7027115E-08 9.0637169E-09 2.3476510E-09 1.2245437E-08 1.7588818E-08 2.0247568E-09 1.3174453E-09 1.4888092E-08 1.2551111E-08 2.9178981E-09 4.1941051E-09 1.5797649E-08 2.1552324E-08 1.0576603E-08 1.2365549E-08 1.9564071E-08  296.4481 302.1142 308.1450 302.1416 301.5992 307.0875 309.0391 306.7211 304.6922 308.8812 309.2925 307.3058 302.7314 307.3063 309.2267 308.1536  196.2
1963 5.1373828E-08 8.6442968E-09 2.1263076E-09 1.3748460E-08 2.2154811E-08 2.0402997E-09 1.3252182E-09 2.2444770E-08 1.6026510E-08 3.7928287E-09 4.1067438E-09 1.9966015E-08 2.5380816E-08 1.4164630E-08 1.4108488E-08 2.1635929E-08  295.9629 302.1463 308.1661 302.2873 300.9202 306.9991 309.2180 306.0471 304.0089 308.5291 308.9967 306.1821 302.2207 306.5616 308.2159 306.4026  77.6333
1964 5.3926531E-08 8.5355891E-09 1.6239886E-09 1.2358908E-08 2.2538437E-08 2.3729596E-09 1.1001858E-09 1.5339836E-08 1.9531774E-08 3.0272302E-09 3.2195602E-09 1.5177328E-08 2.7771909E-08 1.5157724E-08 1.5726144E-08 2.2162553E-08  295.4092 302.4274 308.6181 302.2871 300.7932 307.4021 309.5107 306.2426 303.7113 308.7929 309.4550 306.8540 301.7983 306.5811 308.7934 307.4658  30.45
1965 4.7543480E-08 8.9052010E-09 2.2288120E-09 1.2929962E-08 2.0152653E-08 2.6432159E-09 1.4704922E-09 1.6386350E-08 1.5757950E-08 4.1858974E-09 3.8285233E-09 1.4363452E-08 2.2911074E-08 1.2219897E-08 1.1006739E-08 1.6997037E-08  296.0935 301.9774 307.5979 301.9362 300.9407 306.7856 308.7794 305.9427 303.6318 308.1064 308.6937 306.1049 302.0252 306.1471 307.7888 306.1577  345.4
1966 5.0431005E-08 9.0946681E-09 1.4967778E-09 1.2915628E-08 2.4016439E-08 3.3620122E-09 1.3515760E-09 1.7874909E-08 1.9701661E-08 4.9448516E-09 4.3500714E-09 1.8672646E-08 2.5730744E-08 1.5498701E-08 1.4313241E-08 2.3319981E-08  295.9109 302.2484 307.9395 302.0291 300.6361 306.9295 309.0821 305.7466 303.5286 308.0930 308.8122 305.8918 301.9687 306.0490 307.9506 305.9773  91.4333
1967 5.1980855E-08 1.0976057E-08 2.5345972E-09 1.2630216E-08 2.4469688E-08 2.5883378E-09 1.0482167E-09 1.9182128E-08 1.7725133E-08 3.5691283E-09 4.1181694E-09 1.6947530E-08 2.4095621E-08 1.0799195E-08 1.0593888E-08 1.7725219E-08  295.7757 301.9206 308.0034 302.3884 300.7546 306.8405 309.1349 306.1785 303.8105 308.5099 309.1857 306.7495 302.1524 306.9222 309.0045 307.5142  33.4233
1968 4.3445151E-08 5.8137695E-09 1.3246880E-09 1.2357837E-08 1.8576502E-08 1.8679918E-09 6.9773193E-10 1.3173393E-08 1.4490929E-08 3.6319194E-09 3.3251608E-09 1.1428096E-08 2.1625862E-08 1.1067709E-08 1.0570883E-08 1.7914681E-08  296.1179 302.4379 308.2424 302.1048 301.2259 307.1987 309.2318 306.5259 304.2140 308.6137 309.3064 306.9596 302.2875 306.8411 308.7444 306.9668  411.467
1969 5.2413704E-08 1.4461271E-08 6.2999117E-09 1.5171915E-08 2.5163031E-08 2.9831086E-09 2.7097458E-09 2.6606566E-08 1.3302547E-08 2.4040405E-09 4.9648450E-09 2.3815232E-08 1.7573781E-08 9.4627080E-09 9.9393400E-09 1.5691683E-08  296.8199 302.0083 307.9453 302.0840 301.2827 306.8137 309.1979 306.5085 304.3791 308.4300 309.1632 306.8483 303.1185 307.2320 309.2593 308.1592  173.933
1970 5.2744198E-08 1.3265900E-08 4.4647797E-09 1.4962223E-08 2.3208230E-08 3.1748888E-09 2.0366968E-09 1.9977804E-08 1.5948787E-08 2.6973892E-09 3.8593315E-09 1.5973104E-08 2.1347752E-08 9.7745723E-09 9.3038990E-09 1.2999116E-08  295.8053 301.6502 307.6898 301.7983 300.9135 306.6673 308.8728 306.0487 303.9356 308.3208 309.0464 306.8908 302.2587 306.7573 308.9636 307.8300  403.533
1971 4.8750294E-08 1.1733787E-08 2.6112199E-09 1.3949029E-08 2.3670314E-08 4.5616422E-09 1.6258493E-09 1.2656143E-08 1.9927104E-08 5.3488103E-09 4.2639372E-09 1.4886502E-08 2.8390300E-08 1.4080237E-08 1.5101982E-08 2.5309815E-08  295.2133 301.6284 307.7759 301.6672 300.3010 306.7371 308.9271 306.3354 303.1641 308.1572 309.0157 306.9228 301.0921 305.9855 308.1520 306.9086  55.6333
1972 4.3409422E-08 8.3373086E-09 3.2836700E-09 1.5273720E-08 2.0689296E-08 1.7776551E-09 1.3883122E-09 1.8309555E-08 1.5227052E-08 3.0286593E-09 4.2803103E-09 1.7176124E-08 2.1307349E-08 1.1784530E-08 1.1271375E-08 1.6217280E-08  296.7806 302.1924 307.5733 302.2568 301.2835 306.8927 308.8339 305.9601 304.1984 308.2316 308.5207 305.9476 302.5341 306.4728 308.0797 306.5958  139.533
1973 4.9678285E-08 9.8813207E-09 2.4077413E-09 1.2388377E-08 2.4627681E-08 3.6207126E-09 1.3187806E-09 1.5551336E-08 1.7442169E-08 4.1617971E-09 3.7990238E-09 1.4776688E-08 2.1713298E-08 1.1198243E-08 1.2524557E-08 2.0534154E-08  295.3492 301.6971 307.6856 301.9804 300.4023 306.7673 309.1861 306.0501 303.5296 308.3283 309.1977 306.5852 302.0961 306.6445 308.5240 306.7244  242.633
1974 5.0410986E-08 8.6457046E-09 2.1057247E-09 1.2447051E-08 2.3980103E-08 3.7771430E-09 1.1530059E-09 1.3209021E-08 2.1083528E-08 4.9505235E-09 4.3008281E-09 1.3064270E-08 2.6606424E-08 1.4798485E-08 1.5701655E-08 2.0009786E-08  294.9237 302.0045 308.1190 302.2030 300.1855 307.0435 309.1449 306.0386 303.1196 308.3583 308.9734 306.6457 301.2695 305.8406 307.8455 306.7354  108.867
1975 4.8057412E-08 6.9346755E-09 1.3609024E-09 1.1859374E-08 2.2977936E-08 2.7678961E-09 7.7775886E-10 8.3483993E-09 1.7838248E-08 4.9557123E-09 3.3123864E-09 7.8158706E-09 2.4454218E-08 1.3900636E-08 1.4179049E-08 2.1092690E-08  295.5112 302.5333 308.7368 302.2567 300.7500 307.5546 309.6349 306.7788 303.9082 308.8052 309.5421 307.5684 302.0707 306.7823 308.9451 307.8564  865.5
1976 4.6744265E-08 6.7209593E-09 2.5275999E-09 1.5015237E-08 1.9447516E-08 1.2116209E-09 1.2612202E-09 1.7610374E-08 1.3430212E-08 2.2330700E-09 3.7901535E-09 1.5262620E-08 2.1466530E-08 9.5767234E-09 9.8054365E-09 1.6137951E-08  295.6963 301.8238 307.6039 302.1609 300.7043 306.7474 308.5710 305.5511 303.8455 308.4431 308.6444 305.9563 302.0764 306.7607 308.5590 306.9107  208.1
1977 5.1108714E-08 9.3744159E-09 3.0302074E-09 1.2455105E-08 2.5733755E-08 2.3065401E-09 1.5414362E-09 1.5787730E-08 2.0034406E-08 4.1514951E-09 4.4932653E-09 1.6827780E-08 2.5060285E-08 1.3373659E-08 1.3099089E-08 2.0143109E-08  295.5534 301.8875 307.6708 301.8799 300.2873 306.7389 308.9047 305.8474 302.9913 307.7706 308.5909 305.8584 301.4701 305.9466 307.8957 306.3354  364.833
1978 5.2378589E-08 7.2860797E-09 2.2225652E-09 1.2851211E-08 2.2748482E-08 2.2442705E-09 6.9136374E-10 1.3258653E-08 1.5662058E-08 3.0588914E-09 3.0082561E-09 1.1594430E-08 2.3668802E-08 1.1764326E-08 9.8668025E-09 1.5705735E-08  295.9754 302.4823 308.3452 302.1034 301.1527 307.4109 309.3629 306.3207 304.3398 308.8456 309.4034 306.8493 302.6371 307.2274 309.3877 307.8562  310.933
1979 5.4319752E-08 9.1683301E-09 1.7755802E-09 1.0560277E-08 2.5978256E-08 2.4557349E-09 1.0908759E-09 1.6808499E-08 1.8836346E-08 4.9894706E-09 4.1099057E-09 1.7798287E-08 2.4124686E-08 1.4064256E-08 1.4582026E-08 2.1650182E-08  295.8630 302.1886 308.1944 302.1050 300.8088 307.1717 309.5366 306.3452 303.6781 308.3791 309.3254 306.2423 302.1944 306.3675 308.3334 306.4604  1013.1
1980 5.3505573E-08 1.0134944E-08 3.0695861E-09 1.3045441E-08 2.3943167E-08 1.5831667E-09 1.1800260E-09 2.5366830E-08 1.7325711E-08 2.8590472E-09 4.0078572E-09 2.3661475E-08 2.2341082E-08 1.1237117E-08 1.1731284E-08 1.8939556E-08  296.7149 302.4268 308.2065 302.2214 301.3813 307.2547 309.3654 306.0298 304.2440 308.5781 309.2127 306.1816 302.7937 306.8453 308.6263 307.0078  136.467
1981 5.2046424E-08 1.3947953E-08 4.2089074E-09 1.4404575E-08 2.2717565E-08 3.2521985E-09 2.8369407E-09 2.0901616E-08 1.5894672E-08 3.1731762E-09 4.8810347E-09 1.8553726E-08 2.0938524E-08 1.0625220E-08 1.0680945E-08 1.8304615E-08  296.3244 301.9548 307.9389 302.0746 301.0938 307.0334 309.0587 306.4229 304.1056 308.6871 309.2717 307.1472 302.5727 307.1257 309.3133 308.2024  2285.47
1982 5.2977366E-08 1.0582286E-08 2.8402132E-09 1.2322807E-08 2.8417453E-08 3.4933580E-09 1.6896393E-09 2.1354623E-08 1.8573607E-08 3.9134678E-09 3.9546695E-09 1.9314740E-08 2.2394687E-08 1.1716366E-08 1.1225574E-08 1.9349750E-08  296.0674 302.1294 307.9323 302.2034 300.6081 306.8533 309.2887 306.1650 303.7950 308.2902 309.0075 306.0488 302.4616 306.5361 308.1891 306.2194  222.233
1983 5.1553759E-08 1.3869855E-08 3.7693986E-09 1.2641787E-08 2.5291104E-08 3.8539101E-09 1.4432503E-09 2.2988679E-08 1.5026654E-08 3.7756829E-09 4.3377457E-09 2.0626016E-08 2.0456644E-08 1.1242838E-08 9.9772750E-09 1.6552923E-08  296.7570 301.9151 307.7291 301.4536 300.9264 306.4367 308.8756 305.7032 303.9027 307.7244 308.2672 305.3254 302.4990 306.0210 307.4682 305.6956  381.333
1984 5.4993890E-08 1.2984206E-08 2.6837677E-09 1.2243060E-08 2.6954533E-08 4.9139479E-09 2.3148619E-09 1.2354303E-08 1.8999861E-08 5.9307541E-09 4.8723976E-09 1.5757756E-08 2.5282702E-08 1.5432201E-08 1.5707750E-08 2.3387024E-08  294.7439 301.6354 307.8993 301.7646 299.9573 306.6393 308.8880 306.0408 303.0896 307.7933 308.6415 306.3176 301.5724 305.9377 308.0705 306.8092  35.0133
1985 4.4551705E-08 7.0817454E-09 1.8206395E-09 1.2562918E-08 2.1357639E-08 2.3076094E-09 1.0225181E-09 1.5142883E-08 1.9897911E-08 4.6405555E-09 4.2912589E-09 1.6907517E-08 2.5211449E-08 1.3189944E-08 1.3308235E-08 2.3175824E-08  295.9029 302.0052 307.7284 302.5582 300.7810 307.0698 309.2010 306.3454 303.3957 308.3326 309.0973 306.4723 301.7690 306.4216 308.3247 306.6894  116.033
1986 5.0834281E-08 9.9023127E-09 2.3553193E-09 1.3618019E-08 2.6230547E-08 3.4925940E-09 8.7131985E-10 1.3088584E-08 2.2286269E-08 5.2024376E-09 3.3176923E-09 1.2388295E-08 2.8064351E-08 1.4250372E-08 1.1792434E-08 2.0072028E-08  295.4023 301.8139 307.5426 302.3148 300.4012 306.6532 308.9608 305.7883 302.9477 307.7505 308.7266 305.8851 301.4561 305.7375 307.8663 306.1106  699.9
1987 4.7476984E-08 9.8067963E-09 2.9898188E-09 1.2811896E-08 2.4697327E-08 2.4872067E-09 5.7668181E-10 1.9065066E-08 1.7665631E-08 3.6610974E-09 4.7863526E-09 2.0792758E-08 2.4367392E-08 1.3420498E-08 1.5346821E-08 2.5004917E-08  296.4637 302.0483 307.3858 302.0478 300.7609 306.5482 308.9762 305.8317 303.2599 307.4964 307.8973 305.1569 301.8284 305.4104 306.7444 305.1750  2891.93
1988 5.9109926E-08 1.3005413E-08 2.4541555E-09 1.1586608E-08 2.3688287E-08 3.5604213E-09 1.3378771E-09 1.2438967E-08 1.6710569E-08 3.2111975E-09 2.6985998E-09 1.1505231E-08 2.3007063E-08 1.0741520E-08 9.3098071E-09 1.5045304E-08  294.3441 301.2633 307.7223 301.8282 299.8540 306.6576 309.1161 306.2505 303.2406 308.2953 309.2256 307.0049 301.8684 306.8539 309.1732 308.0562  246.167
1989 4.4587541E-08 7.0630430E-09 1.6241140E-09 1.2567342E-08 1.9639669E-08 2.0251216E-09 5.0533128E-10 9.9102486E-09 1.7588437E-08 3.1325507E-09 2.3001210E-09 8.3613356E-09 2.3793467E-08 1.2111794E-08 1.2137125E-08 1.5256930E-08  295.7139 302.1121 308.1250 302.2477 300.9251 307.4004 309.2825 306.7227 304.0247 308.8986 309.4518 307.5225 302.2472 307.1045 309.1113 308.2659  222.2
1990 5.0029985E-08 1.0051020E-08 3.1955554E-09 1.4873832E-08 2.3639933E-08 3.6412011E-09 1.9622777E-09 2.0682466E-08 1.7311212E-08 3.4606638E-09 4.1114534E-09 1.9530999E-08 2.1771404E-08 1.0464808E-08 1.0227577E-08 1.6943833E-08  296.2901 302.0122 307.7874 302.5064 301.1099 306.8206 308.9987 306.0434 304.1183 308.3584 308.9500 306.2682 302.6227 306.8592 308.6526 307.0634  158.5
1991 5.0305200E-08 7.8898097E-09 2.3443345E-09 1.4475897E-08 2.3580480E-08 3.2207503E-09 1.2507438E-09 1.7772990E-08 1.7732798E-08 3.7803649E-09 5.1799676E-09 1.7915925E-08 2.1422499E-08 1.1355840E-08 1.1134748E-08 1.8286912E-08  296.2566 302.4145 307.9904 302.8090 301.1713 307.2786 309.4610 305.9384 304.0472 308.4969 308.9036 305.5163 302.7880 306.8274 308.4739 306.2319  225.1
1992 5.0015448E-08 1.0660893E-08 4.2815369E-09 1.7428967E-08 2.4784176E-08 3.3485341E-09 2.9456877E-09 2.9580411E-08 1.8571090E-08 4.2048800E-09 7.9400957E-09 2.7914565E-08 2.6733140E-08 1.3985391E-08 1.8110567E-08 3.0305028E-08  296.0848 301.4443 306.6575 302.0475 300.2655 305.6500 307.9582 304.4439 302.5965 306.6959 306.6176 303.4586 300.8466 304.3719 305.1694 303.2730  1363
1993 5.2214176E-08 1.3143675E-08 5.1792606E-09 1.5527156E-08 2.5977167E-08 4.3587800E-09 2.7339444E-09 2.2481148E-08 1.8157204E-08 4.6208060E-09 7.7134716E-09 2.4073271E-08 2.4367537E-08 1.2687400E-08 1.3644624E-08 2.1915211E-08  296.0379 301.2719 306.8286 301.7568 300.2947 305.7332 308.1826 305.2726 302.9171 307.1145 307.7648 305.1464 301.5567 305.6144 307.3528 305.6738  203.833
1994 4.7374900E-08 7.0282131E-09 2.1081239E-09 1.3509527E-08 2.7241240E-08 2.5234357E-09 1.2129723E-09 1.4527321E-08 2.3657700E-08 6.0711338E-09 5.1030256E-09 1.8178062E-08 2.8612655E-08 1.5677433E-08 1.7136736E-08 2.6568253E-08  295.4613 302.1061 307.7203 302.4312 300.2840 307.0138 309.3095 305.8663 302.8256 307.7787 308.6684 305.4449 301.3724 305.3452 306.9054 304.8759  191.267
1995 5.6116910E-08 1.0627597E-08 3.1908969E-09 1.4464287E-08 2.6347690E-08 3.6376311E-09 1.6176205E-09 1.9591102E-08 1.6971109E-08 3.6654566E-09 3.9120378E-09 1.7574539E-08 2.1747667E-08 1.0166637E-08 9.5330313E-09 1.6522689E-08  295.7263 302.2361 308.2015 302.3984 300.6337 306.9791 309.4637 306.2783 303.7204 308.5016 309.3914 306.6930 302.5482 306.9575 309.1268 307.6093  330.033
1996 5.5348416E-08 1.1377275E-08 3.4801908E-09 1.3810452E-08 2.4257044E-08 2.4488349E-09 8.4967183E-10 1.3530739E-08 1.7598801E-08 3.0905634E-09 2.8548410E-09 1.2094891E-08 2.2967471E-08 1.2134159E-08 1.0945264E-08 1.7149087E-08  295.3630 302.0467 308.2458 302.0412 300.6845 307.1553 309.2599 306.5315 304.0862 308.9123 309.5604 307.6667 302.4445 307.1166 309.3152 308.2893  193.5
1997 4.9020873E-08 1.1498376E-08 3.4748788E-09 1.2060198E-08 2.2516952E-08 2.9070362E-09 1.7401304E-09 1.8020886E-08 1.6001239E-08 3.2721181E-09 3.5455270E-09 1.5747283E-08 2.2417582E-08 1.0093790E-08 1.0462040E-08 1.6639865E-08  296.3639 302.1513 307.9124 301.9010 301.3119 306.9971 309.1808 306.5627 304.2103 308.4178 309.1541 306.8868 302.6945 306.9583 308.8451 307.4995  4619.77
1998 4.5041194E-08 1.1384085E-08 3.8181156E-09 1.1867552E-08 2.3780611E-08 4.0091086E-09 2.2598012E-09 2.1350338E-08 1.5976454E-08 3.6438650E-09 5.8705969E-09 2.1603528E-08 2.1837989E-08 1.1304337E-08 1.1818173E-08 2.3051014E-08  297.5692 302.4077 307.9083 302.0438 301.6484 306.9434 309.0495 306.2037 304.2682 308.2861 308.8936 306.3642 302.5459 306.5478 308.3158 306.4066  105.567
1999 5.4158946E-08 1.1373317E-08 3.3854617E-09 1.4419874E-08 2.6208681E-08 2.7914038E-09 1.7204573E-09 1.3719933E-08 1.9736605E-08 5.2263482E-09 4.5048036E-09 1.3027398E-08 2.5520009E-08 1.3585821E-08 1.3783260E-08 2.0963302E-08  295.6173 301.9975 308.3996 302.4118 300.7899 307.2470 309.4679 306.7847 303.7009 308.6027 309.2691 307.4687 302.0865 306.8218 309.0833 308.2932  194.433
2000 4.8845141E-08 9.8862811E-09 3.5528400E-09 1.5834630E-08 2.2546631E-08 2.4347158E-09 1.6612395E-09 1.5219801E-08 1.8080831E-08 3.7513108E-09 3.2195850E-09 1.4443585E-08 2.4683464E-08 1.2115945E-08 1.2438147E-08 1.8426272E-08  296.0424 302.1550 308.0352 302.6728 301.1777 307.2234 309.1215 306.3048 303.9922 308.7787 309.2332 307.0968 302.2030 307.1160 309.2265 308.1255  154.767
2001 4.9519187E-08 1.0135715E-08 4.5916462E-09 1.7377806E-08 2.6131270E-08 3.1532394E-09 1.8053619E-09 1.9824984E-08 1.8580627E-08 3.6946926E-09 4.9256865E-09 1.7404883E-08 2.3271383E-08 1.1006839E-08 1.1012458E-08 1.9170228E-08  295.5099 301.4411 307.4101 302.3889 300.2834 306.6530 308.9357 305.8555 303.1592 308.0136 308.5632 305.3724 301.7092 306.2416 307.8164 305.9525  181.633
2002 4.7794934E-08 1.0124370E-08 4.2515684E-09 1.5224552E-08 2.4035536E-08 3.7968917E-09 1.9143316E-09 1.9751253E-08 1.8117770E-08 4.3255803E-09 4.0424726E-09 1.7497662E-08 2.2356064E-08 9.5141353E-09 9.3612069E-09 1.7161689E-08  296.1363 301.9566 307.4911 302.6753 300.6505 306.6935 309.0497 305.9726 303.4545 307.9951 308.7542 306.0423 302.1453 306.6110 308.4721 306.7878  85.6
2003 5.2491529E-08 8.7198639E-09 1.6828986E-09 1.3012453E-08 2.3212142E-08 1.9556095E-09 7.6829521E-10 1.3876774E-08 1.7659493E-08 3.5840593E-09 3.6061680E-09 1.3339312E-08 2.3828381E-08 1.2327353E-08 1.1120976E-08 1.8233834E-08  295.9857 302.6056 308.3975 302.6060 301.2014 307.5073 309.5669 306.3749 304.1663 308.7015 309.4287 306.9790 302.5435 306.7975 309.1225 307.8760  336.967
2004 5.0691373E-08 1.2668436E-08 5.7649698E-09 1.6675449E-08 2.1819522E-08 3.0544378E-09 2.6005904E-09 2.3426324E-08 1.5810881E-08 2.7030349E-09 5.1021605E-09 1.9255614E-08 2.3866114E-08 1.1529813E-08 1.3368367E-08 2.0445855E-08  296.1075 301.4064 307.1917 301.9637 301.0004 306.4493 308.6231 305.7362 303.7788 308.0775 308.6402 305.9829 302.1319 306.3743 308.0935 306.6531  1295.63
2005 6.1606166E-08 2.1489102E-08 6.4112000E-09 1.3159406E-08 3.0018860E-08 4.6323398E-09 2.0147271E-09 2.3493223E-08 1.6119234E-08 2.7823244E-09 4.2441823E-09 1.9343446E-08 1.9838645E-08 8.3425986E-09 8.9375956E-09 1.8230756E-08  296.1864 301.5850 307.7221 301.8403 300.7997 306.3848 308.9873 306.5469 304.2654 308.1749 309.1147 307.3706 303.2178 307.1806 309.2361 308.1766  393.167
2006 4.5914117E-08 7.0223907E-09 2.8059786E-09 1.2379945E-08 1.9948349E-08 1.6449335E-09 9.6970720E-10 1.9142789E-08 1.5204646E-08 2.1739002E-09 2.1519697E-09 1.3608793E-08 2.2439702E-08 9.6995221E-09 9.8338662E-09 1.6449238E-08  296.5233 302.3140 308.0891 302.2507 301.4519 307.2691 309.1848 306.3475 304.5331 309.0103 309.4544 307.2784 302.7633 307.4154 309.3885 308.2409  80.1
2007 6.0763476E-08 1.2715667E-08 4.2970671E-09 1.4681851E-08 2.6922958E-08 2.7676323E-09 1.6454844E-09 2.0801629E-08 1.7275001E-08 3.9554751E-09 4.6694439E-09 1.6302051E-08 2.2586827E-08 1.1033197E-08 1.0477279E-08 1.5326066E-08  295.5928 301.5907 307.5854 302.1141 300.5375 306.5077 308.9243 306.1647 303.6479 308.0982 308.9778 307.0661 302.3867 307.1294 309.3886 308.6680  2609.67
2008 5.6060546E-08 9.9655324E-09 1.4679671E-09 1.3808701E-08 2.4530447E-08 2.5309490E-09 1.0349926E-09 1.3796251E-08 1.5698371E-08 3.2979004E-09 3.3823404E-09 1.2074242E-08 2.2972067E-08 1.1813293E-08 1.2263439E-08 1.6092814E-08  295.7111 302.2625 308.6154 302.3310 300.7982 307.2468 309.3543 306.6033 304.1800 308.9684 309.3784 307.3785 302.3318 307.3323 309.4053 308.5625  78.1
2009 4.3465086E-08 1.0036279E-08 2.9038838E-09 1.5953933E-08 1.8800469E-08 2.1017510E-09 9.9052544E-10 1.9505478E-08 1.3834832E-08 2.3284297E-09 2.9877893E-09 1.6168775E-08 2.2245745E-08 9.9357242E-09 1.2411496E-08 1.9595838E-08  296.1096 301.7567 307.5981 302.4504 301.2693 306.8036 308.9611 306.0237 304.4154 308.5230 308.9043 306.2354 302.5805 307.0704 308.5394 306.9396  91
2010 5.5049501E-08 1.2374118E-08 3.5208947E-09 1.3946371E-08 2.6363900E-08 2.9402718E-09 1.8070057E-09 2.5058782E-08 1.6487244E-08 2.4719007E-09 3.8213739E-09 2.3825383E-08 1.9434095E-08 9.5323562E-09 9.4617132E-09 1.9351045E-08  297.1277 302.3895 308.1804 302.0876 301.5021 307.1840 309.3911 306.6895 304.4885 308.6808 309.4787 307.2034 303.3442 307.4642 309.4989 308.1591  188.867
2011 5.1899896E-08 1.1929128E-08 3.9859329E-09 1.4468958E-08 2.5075526E-08 2.7964406E-09 1.5140958E-09 2.1659204E-08 1.5358756E-08 3.3992795E-09 3.5105521E-09 1.6992177E-08 2.0884164E-08 9.5128208E-09 9.2908490E-09 1.5319417E-08  296.9276 302.2899 308.3256 302.0607 301.3544 307.0433 309.1970 306.5712 304.5242 308.8041 309.3584 307.4149 302.8779 307.5010 309.6174 308.9208  9.25667
2012 5.3144610E-08 1.2722356E-08 4.5999782E-09 1.7566800E-08 2.3164082E-08 3.6012171E-09 2.1249404E-09 2.2757986E-08 1.4811561E-08 2.3193487E-09 3.4399783E-09 1.8769327E-08 2.1021464E-08 8.2215061E-09 7.1504278E-09 1.3494827E-08  296.5833 301.7691 307.5867 302.4304 301.3493 306.7957 308.8955 306.2630 304.3497 308.3890 308.8645 306.4742 302.8087 307.1883 309.2015 308.1399  70.9
2013 5.4627190E-08 1.2055980E-08 4.1069277E-09 1.1960299E-08 2.6531653E-08 3.0061589E-09 2.2741955E-09 1.9587992E-08 1.5983884E-08 2.1960358E-09 5.3018461E-09 1.7503188E-08 1.8294733E-08 7.5114688E-09 8.6315586E-09 1.4501820E-08  295.7882 301.4906 307.6311 301.5001 300.5729 306.4650 308.8810 306.3138 303.7890 308.2078 308.9381 307.0476 302.5463 307.2274 309.4826 308.5492  53.0333
2014 4.7345289E-08 1.0168724E-08 3.3031231E-09 1.3612243E-08 2.4351767E-08 3.3438456E-09 1.0527687E-09 1.5225186E-08 1.5861776E-08 2.9105738E-09 2.3280653E-09 9.0239034E-09 1.9489004E-08 7.8109492E-09 6.6584067E-09 1.0853859E-08  295.8763 301.6275 307.2624 301.3726 300.7080 306.5375 308.7858 305.9566 303.7289 308.1574 308.9102 306.6770 302.4503 306.9714 309.0834 307.9092  87.6667
2015 4.6959244E-08 9.4641921E-09 2.3188065E-09 1.3651247E-08 2.6573968E-08 3.4314622E-09 1.8255574E-09 1.6587913E-08 1.8581719E-08 3.8372741E-09 4.5446704E-09 1.9370560E-08 2.5699727E-08 1.4108646E-08 1.4439933E-08 2.1182451E-08  296.3149 302.1686 307.6781 302.4187 300.7773 306.7803 309.2672 306.2958 303.4816 307.9144 308.8962 305.9973 302.0865 305.9568 307.7908 306.3216  392.1
