STN,prec_1,prec_2,prec_3,prec_4,prec_5,prec_6,prec_7,prec_8,prec_9,prec_10,prec_11,prec_12,prec_13,prec_14,prec_15,prec_16,st_1,st_2,st_3,st_4,st_5,st_6,st_7,st_8,st_9,st_10,st_11,st_12,st_13,st_14,st_15,st_16,07.0
LAT,26.51077,26.51077,26.51077,26.51077,29.30136,29.30136,29.30136,29.30136,32.09194,32.09194,32.09194,32.09194,34.88252,34.88252,34.88252,34.88252,26.51077,26.51077,26.51077,26.51077,29.30136,29.30136,29.30136,29.30136,32.09194,32.09194,32.09194,32.09194,34.88252,34.88252,34.88252,34.88252,30.7512899
LON,-104.0625,-101.2500,-98.43750,-95.62500,-104.0625,-101.2500,-98.43750,-95.62500,-104.0625,-101.2500,-98.43750,-95.62500,-104.0625,-101.2500,-98.43750,-95.62500,-104.0625,-101.2500,-98.43750,-95.62500,-104.0625,-101.2500,-98.43750,-95.62500,-104.0625,-101.2500,-98.43750,-95.62500,-104.0625,-101.2500,-98.43750,-95.62500,-98.6697599
1958 1.0502590E-08 1.6999213E-08 1.5163891E-08 1.4363163E-08 1.2978987E-08 1.2510610E-08 1.4698488E-08 1.7717506E-08 1.1115017E-08 1.1747508E-08 2.0451767E-08 3.0560923E-08 1.0983460E-08 1.3058916E-08 2.0886283E-08 2.8861626E-08  283.0794 285.4032 290.2474 294.5320 281.1342 284.5022 287.2539 287.5707 279.7187 281.9157 282.0079 281.0730 274.8368 276.8800 276.5451 275.9028  222.387
1959 1.8871985E-08 2.3170305E-08 1.5106394E-08 1.3647856E-08 1.9277804E-08 1.5073750E-08 1.3116337E-08 1.6905462E-08 1.2623476E-08 1.1949235E-08 1.6999007E-08 2.7499059E-08 1.2020593E-08 1.2637088E-08 1.7518186E-08 2.5804493E-08  282.3245 284.1114 288.8374 294.5548 280.1162 283.0855 285.6932 286.4502 278.9895 280.7288 280.5652 279.6406 274.4037 276.1068 275.5677 274.7419  388.613
1960 1.9044927E-08 2.5478901E-08 1.7599497E-08 1.3796133E-08 2.1630136E-08 1.7680495E-08 1.5553310E-08 1.6948412E-08 1.4935567E-08 1.4897982E-08 2.1051839E-08 2.8373064E-08 1.3163362E-08 1.5672663E-08 2.2587756E-08 2.7775085E-08  283.2387 284.9615 289.6017 294.5598 281.3098 284.1372 286.6874 287.2338 280.0101 281.8404 281.7697 280.8089 275.4917 277.1975 276.6877 275.8816  235.774
1961 1.5832770E-08 2.1936751E-08 1.7161559E-08 1.6658925E-08 1.5137889E-08 1.4874800E-08 1.5723469E-08 1.9829812E-08 1.1980906E-08 1.3044631E-08 1.8367903E-08 2.6633053E-08 1.1353420E-08 1.4028727E-08 1.9281458E-08 2.5111239E-08  282.0317 283.8417 288.8052 294.4933 280.2890 283.4289 286.0184 286.6259 279.2201 281.5015 281.5828 280.6519 274.9727 277.2534 277.0812 276.3767  551.774
1962 1.2255042E-08 1.8105929E-08 1.4438569E-08 1.3686093E-08 1.1556331E-08 1.1128892E-08 1.1710381E-08 1.6467395E-08 9.1345669E-09 1.0029604E-08 1.6008050E-08 2.3782663E-08 1.0657145E-08 1.3770196E-08 2.0699773E-08 2.6876869E-08  282.5935 284.8183 289.5533 294.5932 280.8706 284.1542 286.7787 287.0040 279.7781 281.8574 281.7935 280.7209 275.2689 277.0464 276.4312 275.7613  59.0645
1963 1.9875355E-08 2.5435435E-08 1.8600847E-08 1.4667163E-08 2.3678863E-08 2.1990088E-08 2.0238881E-08 1.9674262E-08 1.8289560E-08 1.9478451E-08 2.5407246E-08 3.3802639E-08 1.4945888E-08 1.7269546E-08 2.4648255E-08 3.1294675E-08  282.0033 283.6021 288.3773 294.5522 279.5989 282.5902 285.1945 286.1321 278.3770 280.2521 280.3062 279.6746 273.7707 275.6717 275.2561 274.6345  30.5484
1964 1.1363007E-08 1.8494211E-08 1.6420504E-08 1.4315634E-08 1.3648770E-08 1.3393135E-08 1.4194017E-08 1.8415010E-08 1.1005144E-08 1.1665493E-08 1.9189480E-08 2.8304195E-08 1.1235212E-08 1.2016453E-08 1.9158959E-08 2.6256991E-08  283.1374 285.5167 290.4621 294.6420 281.3481 284.6155 287.3542 287.6232 279.9370 282.0294 282.0728 281.1620 275.2188 277.2976 276.9268 276.3691  2.61935
1965 2.1847828E-08 2.7450707E-08 2.1098071E-08 1.7678950E-08 2.2137744E-08 1.8403133E-08 1.7159159E-08 2.2057185E-08 1.3834570E-08 1.2658796E-08 1.7731089E-08 2.9527845E-08 1.1859298E-08 1.3136098E-08 1.9476348E-08 2.7644207E-08  281.7231 283.5163 288.2112 294.4384 279.5272 282.5485 285.1081 285.8097 278.4856 280.3535 280.2540 279.3089 273.8948 275.9337 275.4607 274.6065  102.548
1966 1.0393576E-08 1.4782752E-08 9.6504911E-09 1.1106166E-08 1.0086955E-08 9.2265067E-09 7.5839850E-09 1.0810064E-08 7.9321527E-09 9.7933404E-09 1.3594563E-08 1.8277268E-08 9.1909431E-09 1.2133643E-08 1.7228531E-08 2.1322341E-08  282.1247 284.0402 289.0161 294.6748 280.6808 283.8738 286.5569 286.8848 279.7571 281.9977 281.9992 280.8933 275.2004 277.3861 276.9908 276.2021  53.0968
1967 1.6599882E-08 2.1841307E-08 1.8925514E-08 1.6874488E-08 1.6520886E-08 1.4857491E-08 1.7837973E-08 2.4113268E-08 1.2996257E-08 1.3463012E-08 2.0643967E-08 3.3876439E-08 1.1780438E-08 1.3734671E-08 2.0878440E-08 3.0919832E-08  282.5009 284.8021 289.5874 294.7240 280.5489 283.8893 286.5417 286.9490 279.1276 281.2878 281.4242 280.5383 274.3284 276.5493 276.2915 275.6647  295.971
1968 2.3961759E-08 3.3087925E-08 2.5953563E-08 2.3849838E-08 2.2011521E-08 1.9795285E-08 2.0185773E-08 2.5424448E-08 1.5296232E-08 1.3873709E-08 1.8325949E-08 2.7695341E-08 1.2828287E-08 1.3477139E-08 1.7712471E-08 2.4040657E-08  281.5981 283.2892 288.2943 294.5209 279.7502 282.7871 285.5831 286.2619 278.8138 280.8525 280.9956 280.0063 274.4790 276.7570 276.4528 275.4741  182.903
1969 1.4373802E-08 2.1349262E-08 1.7716321E-08 1.7884256E-08 1.4814471E-08 1.4031645E-08 1.5130652E-08 2.1061393E-08 1.2069830E-08 1.3421344E-08 1.9644109E-08 2.9406941E-08 1.3023572E-08 1.5667075E-08 2.1621194E-08 2.8308285E-08  282.3518 284.0102 288.5526 294.7091 280.1225 282.9308 285.3376 286.0616 278.5386 280.2936 280.2486 279.5430 273.8319 275.6500 275.2745 274.8624  93.4194
1970 1.1822888E-08 1.7544624E-08 1.6326586E-08 1.3814870E-08 1.4293184E-08 1.4129339E-08 1.7286355E-08 1.8808585E-08 1.0030321E-08 1.1095572E-08 2.0524107E-08 2.7000072E-08 9.6294084E-09 1.2050246E-08 1.8975090E-08 2.3282144E-08  282.7704 285.0945 290.0580 294.6034 280.8755 284.2927 287.0556 287.4257 279.5680 281.8362 282.1096 281.1962 275.1588 277.4893 277.1754 276.5871  154.355
1971 1.0969790E-08 1.6413608E-08 1.3273894E-08 1.3506242E-08 1.3476192E-08 1.3268357E-08 1.3881505E-08 1.8983327E-08 1.0300820E-08 1.3337546E-08 1.9983670E-08 2.9532154E-08 9.6027533E-09 1.2926904E-08 1.8392782E-08 2.5365809E-08  282.4917 284.8054 289.7304 294.6034 280.8087 284.1532 286.7719 287.0318 279.4606 281.5439 281.5156 280.5374 274.7337 276.7806 276.4068 275.7332  329.968
1972 2.3305713E-08 2.9984101E-08 2.5349516E-08 2.3236270E-08 2.0557415E-08 1.9812218E-08 2.0263528E-08 2.5130314E-08 1.4131160E-08 1.5320408E-08 2.1520199E-08 3.1221017E-08 1.1902518E-08 1.4048550E-08 1.9639264E-08 2.8067232E-08  281.1490 282.8661 287.8101 294.4048 279.0751 281.9996 284.6616 285.4668 278.1494 279.9223 279.8492 278.8303 273.7764 275.5945 274.9082 273.9401  78.1613
1973 1.3684268E-08 1.7986897E-08 1.5517116E-08 1.3628366E-08 1.0929115E-08 1.0199342E-08 1.2240947E-08 1.7310315E-08 7.9473423E-09 8.6816625E-09 1.5426147E-08 2.7902178E-08 8.4643839E-09 9.9868274E-09 1.5964236E-08 2.5232746E-08  282.4925 285.0827 290.1386 294.7477 280.9128 284.6597 287.6133 287.9102 279.5682 282.1553 282.4608 281.6422 274.8970 277.4761 277.3888 276.7380  167.903
1974 1.0477968E-08 1.6981517E-08 1.4436409E-08 1.4343823E-08 1.1737257E-08 1.1170300E-08 1.3467117E-08 1.9263975E-08 1.0200444E-08 1.1324320E-08 2.0154342E-08 2.9976061E-08 1.2358825E-08 1.4776291E-08 2.2955824E-08 2.8579379E-08  282.6297 285.0096 289.9985 294.7176 280.9564 284.1962 286.9308 287.3983 279.5955 281.6258 281.5967 280.8259 274.5687 276.4821 276.1091 275.7552  46.9355
1975 6.4066530E-09 1.0277152E-08 1.0044713E-08 1.0464821E-08 8.8517220E-09 8.6215337E-09 1.0824488E-08 1.6651583E-08 9.6644914E-09 1.0476481E-08 1.7453990E-08 2.8639414E-08 1.0273899E-08 1.2542003E-08 1.8797339E-08 2.6511451E-08  283.0946 285.7279 290.4403 294.6060 281.4075 284.7939 287.2533 287.3641 279.7205 281.8838 281.7654 280.7246 275.0748 276.9679 276.3841 275.6984  387.516
1976 1.2049354E-08 1.9455857E-08 1.5648919E-08 1.4421055E-08 1.3172259E-08 1.1949239E-08 1.2665331E-08 1.7329382E-08 9.3435197E-09 9.9135642E-09 1.7221339E-08 2.8588584E-08 9.9075290E-09 1.1829150E-08 1.9625549E-08 2.8201969E-08  282.1945 284.3074 289.2140 294.6683 280.2311 283.5191 286.3268 286.7808 279.0448 281.2860 281.4072 280.3594 274.3032 276.4752 276.2297 275.5891  957.581
1977 1.3365197E-08 2.0035303E-08 1.7261870E-08 1.4873445E-08 1.5038637E-08 1.4951826E-08 1.6968354E-08 2.0649967E-08 1.2119546E-08 1.3189109E-08 2.1842405E-08 3.1282681E-08 1.2157132E-08 1.5146860E-08 2.3454149E-08 3.1150712E-08  282.4702 284.8676 289.8333 294.6003 280.5469 283.9236 286.7435 287.3025 279.2054 281.2634 281.3596 280.6147 274.5107 276.3981 275.8868 275.4528  196.903
1978 1.3698089E-08 1.8432683E-08 1.3933875E-08 1.3100681E-08 1.5962287E-08 1.3902496E-08 1.4116219E-08 1.7357269E-08 1.3636219E-08 1.4781573E-08 2.4193595E-08 3.2025017E-08 1.2762690E-08 1.6569700E-08 2.5110467E-08 3.2781760E-08  282.3743 284.5663 289.4325 294.7353 280.7199 283.8853 286.4599 286.9909 279.3347 281.2656 281.1993 280.4678 274.6575 276.3910 275.8288 275.3769  53.6129
1979 1.6954383E-08 2.4127448E-08 1.8510633E-08 1.7815520E-08 1.8434161E-08 1.7377490E-08 1.7127439E-08 2.1650644E-08 1.3731214E-08 1.5073557E-08 2.2420471E-08 3.3187401E-08 1.2725737E-08 1.5359175E-08 2.2996906E-08 3.0560852E-08  282.1474 284.4496 289.3772 294.5386 280.2740 283.5799 286.3687 287.0113 279.2043 281.3260 281.5541 280.7309 274.9146 277.0490 276.7200 276.0760  151.548
1980 1.3401892E-08 1.9658829E-08 1.6276662E-08 1.4883529E-08 1.6127419E-08 1.4282099E-08 1.5078403E-08 1.9338001E-08 1.3532231E-08 1.3341484E-08 1.9056694E-08 3.0944886E-08 1.2893542E-08 1.5128522E-08 2.1583821E-08 3.0318819E-08  282.6388 284.8672 289.8321 294.6469 280.7645 284.0972 286.8215 287.3941 279.2694 281.6059 281.8449 280.9947 274.2459 276.7339 276.7062 276.1621  13.4419
1981 1.1056078E-08 1.4415310E-08 1.3042849E-08 1.3064076E-08 1.3071264E-08 1.1608519E-08 1.3424577E-08 1.8761513E-08 1.1678992E-08 1.2686132E-08 2.1654396E-08 3.4610700E-08 1.2506631E-08 1.6121195E-08 2.6059167E-08 3.6691734E-08  282.7715 285.1292 289.8695 294.5629 280.7090 283.8988 286.4005 286.8922 279.2864 280.9669 280.7029 279.8354 274.4459 275.9835 275.1744 274.7349  341.839
1982 1.7340042E-08 2.4394041E-08 1.9546260E-08 2.1821153E-08 1.8560995E-08 1.8036241E-08 2.0150127E-08 2.6998448E-08 1.5380026E-08 1.6891198E-08 2.4006930E-08 3.3760315E-08 1.4014217E-08 1.7315447E-08 2.2444491E-08 2.8251613E-08  281.0247 283.0103 288.0339 294.6065 279.4756 282.5101 285.0447 285.6952 278.4737 280.3815 280.3194 279.5869 273.9655 275.9676 275.6782 275.3253  116.613
1983 1.8063506E-08 2.2417645E-08 1.7519525E-08 1.7145030E-08 1.9187537E-08 1.6700779E-08 1.6353470E-08 2.0135143E-08 1.4078959E-08 1.5537665E-08 2.3320593E-08 3.3262733E-08 1.3811435E-08 1.6874056E-08 2.4874568E-08 3.2654114E-08  282.5849 284.6228 289.3541 294.9299 280.6693 283.6237 286.1628 286.8412 279.2494 281.0876 281.1028 280.3373 274.2792 276.2104 276.0257 275.5051  68.0968
1984 1.3429094E-08 1.8497412E-08 1.4568237E-08 1.2071239E-08 1.5281731E-08 1.3687576E-08 1.5787903E-08 1.9129207E-08 1.0442632E-08 1.1578950E-08 2.0469795E-08 3.2359647E-08 1.2161507E-08 1.4760060E-08 2.1796648E-08 2.9713723E-08  282.8055 285.0703 290.1294 294.7322 281.0470 284.5488 287.4881 288.0359 279.8375 282.1814 282.5000 281.8050 275.2108 277.4695 277.3540 276.8021  58.8581
1985 1.4764717E-08 1.6919879E-08 1.3120625E-08 1.2013877E-08 1.7363085E-08 1.5045099E-08 1.4945062E-08 1.4841032E-08 1.3742153E-08 1.4559497E-08 2.0865354E-08 2.7665237E-08 1.2158568E-08 1.4987664E-08 2.2762855E-08 2.8363246E-08  283.2018 285.5341 290.4941 294.7002 281.4584 284.7459 287.4908 288.0306 280.0700 282.2337 282.3462 281.5817 275.3955 277.5342 277.2013 276.5885  132.129
1986 2.4014097E-08 2.8887152E-08 2.2043801E-08 1.9875882E-08 1.9935024E-08 1.7841360E-08 1.9348690E-08 2.3250385E-08 1.3253695E-08 1.4653280E-08 2.3575476E-08 3.5293585E-08 1.2901414E-08 1.6761085E-08 2.4848060E-08 3.2979731E-08  281.4964 283.6983 288.8660 294.6137 279.9317 283.4312 286.2189 286.8725 279.2335 281.3964 281.4948 280.6348 274.8273 276.8753 276.5073 275.9868  70.129
1987 2.2281080E-08 2.6115744E-08 2.0459428E-08 1.7768407E-08 2.4452961E-08 1.9061822E-08 1.8909018E-08 2.1976264E-08 1.6979961E-08 1.6487528E-08 2.3430617E-08 3.4929055E-08 1.4266354E-08 1.6972695E-08 2.3451824E-08 3.1667252E-08  282.0789 283.9265 288.8306 294.6817 279.7518 282.8625 285.5789 286.3734 278.0972 280.2556 280.5891 280.0387 273.4516 275.5128 275.5550 275.3086  560.258
1988 1.2440567E-08 1.8892543E-08 1.5017362E-08 1.3010730E-08 1.4203098E-08 1.3947781E-08 1.2911615E-08 1.4928412E-08 1.2818002E-08 1.3837787E-08 1.8677596E-08 2.3972236E-08 1.2905532E-08 1.5413699E-08 2.0230548E-08 2.4349434E-08  283.2657 285.6211 290.6367 294.7173 281.5733 284.8903 287.6787 287.9299 280.2322 282.2455 282.2345 281.2316 275.5656 277.2538 276.6667 275.8351  1795.55
1989 1.2644968E-08 1.9299337E-08 1.7539151E-08 1.4710128E-08 1.5355811E-08 1.5924396E-08 1.8497618E-08 2.0169663E-08 1.2867697E-08 1.3637343E-08 2.2227503E-08 3.2186808E-08 1.1122098E-08 1.2741405E-08 1.9610042E-08 2.8259405E-08  282.8067 285.1392 290.1543 294.7565 281.1663 284.4142 287.1602 287.7838 279.8822 281.9626 281.9708 281.2845 275.3859 277.3825 277.0248 276.5410  101.774
1990 1.8951251E-08 2.5758771E-08 1.9585382E-08 1.8264894E-08 1.8659426E-08 1.6581952E-08 1.7468818E-08 2.4181618E-08 1.4997935E-08 1.5590160E-08 2.1887230E-08 3.3547522E-08 1.3207592E-08 1.6322856E-08 2.3664843E-08 3.0448888E-08  281.4796 283.4621 288.4119 294.6246 279.6472 282.7524 285.4036 286.1739 278.6230 280.6294 280.7492 280.0509 274.1686 276.2829 276.0385 275.5243  629.258
1991 1.2360569E-08 1.8581785E-08 1.5844027E-08 1.6405888E-08 1.2576814E-08 1.1705472E-08 1.2972118E-08 1.9282178E-08 8.9600469E-09 9.9679989E-09 1.7802448E-08 2.8864070E-08 9.4327977E-09 1.2223911E-08 2.0142009E-08 2.8779198E-08  281.5167 283.9504 289.0730 294.9780 279.7830 283.4624 286.3764 286.8726 278.8959 281.3691 281.6422 280.8748 274.3911 276.8382 276.7360 276.3535  166.452
1992 1.7750395E-08 2.1571537E-08 1.6017022E-08 1.6792061E-08 1.8084840E-08 1.5118797E-08 1.6003922E-08 2.0733950E-08 1.3534089E-08 1.4531837E-08 2.1661899E-08 3.0009858E-08 1.2306859E-08 1.4399339E-08 2.0392831E-08 2.7687555E-08  281.3993 283.1794 288.2721 294.7831 279.5584 282.6677 285.3937 285.9504 278.5524 280.4382 280.3956 279.4580 274.1800 276.0726 275.6352 274.8604  407.613
1993 2.3610513E-08 2.9052506E-08 2.4360718E-08 2.4431507E-08 2.2431703E-08 2.1850502E-08 2.2404171E-08 2.7556766E-08 1.7167721E-08 1.9202307E-08 2.6176297E-08 3.4624907E-08 1.4699284E-08 1.8934882E-08 2.5204361E-08 3.1498349E-08  280.7738 282.9580 288.1500 294.6438 279.3723 282.8101 285.4140 285.9014 278.7694 280.9961 280.9824 279.9113 274.5426 276.8219 276.4310 275.6726  82.6129
1994 2.3842682E-08 2.9359462E-08 2.2511625E-08 1.8860371E-08 1.9815406E-08 1.7851258E-08 1.9243314E-08 2.4892714E-08 1.2500648E-08 1.2841337E-08 2.1381830E-08 3.4343696E-08 1.1706919E-08 1.3618996E-08 2.1174124E-08 3.0442141E-08  281.2557 283.3049 288.4661 294.8094 279.6321 282.8675 285.7555 286.4792 278.8090 280.8865 281.0066 280.2851 274.4002 276.5039 276.3039 275.8575  75.0484
1995 1.6738667E-08 2.1954035E-08 1.9488242E-08 1.4995164E-08 1.4949114E-08 1.3659490E-08 1.5750290E-08 2.0829610E-08 1.1047053E-08 1.0883178E-08 1.8989752E-08 3.3104222E-08 1.1089910E-08 1.1822153E-08 1.9238602E-08 2.9652897E-08  282.4236 284.4301 289.3745 294.9244 280.6598 283.7079 286.4127 287.0571 279.4722 281.3029 281.2561 280.5485 274.8372 276.5537 275.9221 275.4106  132.194
1996 1.4181107E-08 2.2275159E-08 1.9410994E-08 1.7981035E-08 1.3683485E-08 1.4882076E-08 1.8343648E-08 2.2584404E-08 1.2474093E-08 1.6012731E-08 2.5162123E-08 3.5284977E-08 1.3347588E-08 1.8206958E-08 2.6192280E-08 3.4133283E-08  282.0959 284.0517 288.8305 294.7580 280.1493 283.2131 285.8910 286.5287 278.4613 280.6718 280.9594 280.2376 273.5705 275.8910 275.9284 275.5691  151.032
1997 2.2334214E-08 2.6197428E-08 2.4481819E-08 2.5414918E-08 2.0200572E-08 1.9716293E-08 2.3001610E-08 3.0949757E-08 1.4420642E-08 1.6998605E-08 2.6065218E-08 3.6586485E-08 1.2587607E-08 1.5813830E-08 2.3673687E-08 3.0546353E-08  280.4340 282.5056 287.7289 294.5942 279.0295 282.2043 284.7903 285.3374 278.4721 280.4459 280.2954 279.2035 274.4217 276.3744 275.8426 274.9484  551.258
1998 9.3298747E-09 1.4202763E-08 9.9432258E-09 9.6580406E-09 1.2592588E-08 1.2410437E-08 1.0796261E-08 1.1679688E-08 1.0558439E-08 1.0796435E-08 1.5876152E-08 2.4130992E-08 9.2635046E-09 1.0715205E-08 1.7893875E-08 2.6874316E-08  284.4933 286.6454 291.3916 294.5385 282.8123 285.9751 288.7690 288.9357 281.3542 283.3260 283.5540 282.6741 276.5737 278.2356 277.7191 277.0850  78.8387
1999 1.0394254E-08 1.7012503E-08 1.3974323E-08 1.0971509E-08 1.1907848E-08 1.2918558E-08 1.2367432E-08 1.5261232E-08 9.1582866E-09 1.0607205E-08 1.4824832E-08 2.1224430E-08 8.3405718E-09 9.2079491E-09 1.3774602E-08 1.9423151E-08  284.0175 286.5825 291.5562 294.8311 282.6894 286.0768 288.9063 288.9082 281.3260 283.5125 283.6681 282.5737 276.6311 278.7202 278.4261 277.6530  151.613
2000 1.8095944E-08 2.2083162E-08 1.6708830E-08 1.5475017E-08 1.9623059E-08 1.8028690E-08 1.8177467E-08 2.3643235E-08 1.4338158E-08 1.4628323E-08 2.1411449E-08 3.1482511E-08 1.0875297E-08 1.2022563E-08 1.7916513E-08 2.5605416E-08  282.5663 284.7788 289.7673 294.9754 280.8787 284.0904 286.8458 287.5233 279.7308 281.7065 281.7904 281.1625 275.2163 277.3375 277.0257 276.5393  43.1935
2001 1.9667436E-08 2.6680347E-08 2.1363945E-08 1.8211178E-08 1.9565771E-08 1.8848430E-08 1.9161130E-08 2.1187173E-08 1.3790927E-08 1.5182843E-08 2.1300368E-08 2.9338121E-08 1.2217829E-08 1.4867370E-08 2.1509248E-08 2.9099214E-08  282.3369 284.0634 288.8987 294.9036 280.4212 283.5569 286.3417 286.8987 279.1466 281.3049 281.6218 280.7970 274.5263 276.4589 276.2643 275.7531  118.452
2002 2.2459524E-08 2.8926500E-08 2.1587033E-08 1.7337200E-08 2.3404542E-08 2.0139568E-08 1.9493665E-08 2.2648459E-08 1.5811787E-08 1.5261366E-08 2.1453273E-08 3.3450025E-08 1.1280593E-08 1.2485615E-08 1.8332184E-08 2.8271810E-08  282.2501 283.9033 288.7338 294.8284 280.1536 282.9074 285.6378 286.5819 278.6229 280.4432 280.5554 279.9673 273.9909 275.8761 275.5688 275.0699  1068.9
2003 1.2708447E-08 1.7313308E-08 1.1756417E-08 1.0757704E-08 1.4288147E-08 1.3661972E-08 1.2773810E-08 1.4423042E-08 1.1129881E-08 1.3251720E-08 2.0966409E-08 2.9027312E-08 1.1957858E-08 1.5229235E-08 2.2476927E-08 2.9155981E-08  282.9530 285.0492 290.0374 294.9270 281.1084 284.2015 287.0855 287.7119 279.7151 281.7687 282.0018 281.2389 275.1210 277.1566 276.9432 276.4478  87.2258
2004 1.3259402E-08 2.2748097E-08 1.9668709E-08 1.8757042E-08 1.7331272E-08 1.8520110E-08 1.9438035E-08 2.4755508E-08 1.5480264E-08 1.7284297E-08 2.3983649E-08 3.3750581E-08 1.5436218E-08 2.0011701E-08 2.5775602E-08 3.1460186E-08  282.3418 284.6732 289.8264 294.6315 280.6208 284.1572 286.9949 287.4815 279.5523 281.9520 282.1127 281.4015 275.1731 277.5743 277.4109 276.9716  194
2005 2.0369766E-08 2.6441917E-08 2.0361668E-08 1.6582522E-08 2.0591809E-08 1.7769997E-08 1.7122339E-08 2.0075943E-08 1.3682740E-08 1.4541994E-08 2.1237215E-08 2.9668884E-08 1.2948971E-08 1.5335946E-08 2.2668855E-08 2.8205797E-08  282.8075 284.9077 289.7332 294.6419 280.9076 283.9631 286.5985 287.1695 279.7754 281.5721 281.4638 280.6821 275.1610 276.9905 276.4791 275.7621  138.968
2006 1.4446940E-08 1.9744407E-08 1.6309473E-08 1.4242663E-08 1.6533679E-08 1.5419804E-08 1.5736791E-08 2.1050607E-08 1.3941621E-08 1.5983515E-08 2.3002549E-08 3.2785593E-08 1.3587768E-08 1.6876774E-08 2.3144052E-08 2.8473764E-08  282.9395 284.9098 289.6614 294.7649 281.3701 284.2404 286.7688 287.2006 279.9882 281.6844 281.5534 280.7947 275.2885 276.9605 276.4748 275.9446  53.6452
2007 1.5661595E-08 2.1570406E-08 1.7411882E-08 1.5515777E-08 1.6856065E-08 1.4736142E-08 1.4918124E-08 1.8385123E-08 1.2135731E-08 1.1083991E-08 1.8560087E-08 2.9963637E-08 1.1376116E-08 1.2115603E-08 1.8114205E-08 2.6983674E-08  282.6107 284.2265 288.9917 294.9119 280.8518 283.4871 285.9542 286.5199 279.4350 281.0227 280.7578 279.8349 274.7788 276.3937 275.6468 274.8123  1747.61
2008 8.1361122E-09 1.3774433E-08 1.0981848E-08 9.8336903E-09 8.9171541E-09 8.8433145E-09 8.3728722E-09 1.0401317E-08 7.7083158E-09 7.2159172E-09 1.1255189E-08 1.8010889E-08 8.8771728E-09 1.0303393E-08 1.4424813E-08 1.9962503E-08  283.9307 286.2849 291.0679 294.6606 282.4655 286.0554 288.8640 288.8989 280.9435 283.5455 284.1042 283.2179 276.2321 278.8626 278.9440 278.4735  76.5484
2009 1.2940172E-08 1.7396831E-08 1.5122222E-08 1.5373105E-08 1.3760436E-08 1.3629406E-08 1.6721000E-08 2.5200050E-08 1.0845416E-08 1.3301192E-08 2.3133284E-08 3.5678578E-08 1.0068985E-08 1.4739958E-08 2.4471834E-08 3.4269814E-08  0.0000000E+00 0.0000000E+00 0.0000000E+00 0.0000000E+00 0.0000000E+00 0.0000000E+00 0.0000000E+00 0.0000000E+00 0.0000000E+00 0.0000000E+00 0.0000000E+00 0.0000000E+00 0.0000000E+00 0.0000000E+00 0.0000000E+00 0.0000000E+00  61.4839
2010 1.4034523E-08 1.7680781E-08 1.4382630E-08 1.4817714E-08 1.2520216E-08 1.0979319E-08 1.1996397E-08 1.7121053E-08 9.7090425E-09 1.1290322E-08 1.7679074E-08 2.5540006E-08 1.0717041E-08 1.4695917E-08 2.2002306E-08 2.6038531E-08  283.2710 285.4324 290.4269 295.0914 281.8882 285.0951 287.9172 288.2608 280.4798 282.6774 282.9927 282.0483 275.6837 277.7971 277.7082 277.2126  364
2011 1.2458807E-08 1.8919218E-08 1.5433937E-08 1.2983155E-08 1.4070326E-08 1.2735829E-08 1.3355129E-08 1.4694638E-08 1.0586075E-08 1.0568685E-08 1.6332560E-08 2.4397137E-08 1.0866366E-08 1.2053871E-08 1.7079326E-08 2.4441878E-08  283.1803 284.9488 289.3271 294.5677 281.3128 284.0126 286.3255 286.7952 279.7472 281.5158 281.2656 280.2011 274.9102 276.5863 275.9171 275.1448  6.15484
2012 1.3620769E-08 1.7913624E-08 1.3079078E-08 1.4934427E-08 1.4034997E-08 1.3614651E-08 1.4158684E-08 1.8555751E-08 1.1418008E-08 1.3651128E-08 2.0241764E-08 3.0230755E-08 1.0686720E-08 1.4614987E-08 2.1433459E-08 2.8848170E-08  282.3831 284.6498 289.5591 294.3640 280.6900 284.0545 286.8761 287.2670 279.3820 281.6849 282.1230 281.3937 274.6902 277.1203 277.2254 276.9499  56.8387
2013 1.6001232E-08 2.1704318E-08 1.6244650E-08 1.3646505E-08 1.6015299E-08 1.6057450E-08 1.7470020E-08 1.9030482E-08 1.1510700E-08 1.2929937E-08 1.9405958E-08 2.8549509E-08 1.0746557E-08 1.2719899E-08 1.7851992E-08 2.4184938E-08  283.0232 285.2199 290.1702 294.7965 281.1714 284.4966 287.2332 287.6879 280.1680 282.2943 282.3167 281.4312 275.6447 277.9563 277.5471 276.6780  29.6774
2014 2.0755799E-08 2.5996755E-08 1.9550511E-08 1.9625412E-08 1.7269654E-08 1.6262671E-08 1.9183666E-08 2.4404114E-08 1.2193577E-08 1.4924295E-08 2.3568703E-08 3.3221276E-08 1.1782491E-08 1.5925355E-08 2.2156687E-08 2.8682893E-08  281.7166 283.7655 288.7587 294.5687 279.9790 283.2366 285.9431 286.5040 279.1492 281.3129 281.4057 280.5228 274.7293 277.0325 276.8840 276.2981  38.6129
2015 2.0644247E-08 2.6147134E-08 2.5825706E-08 2.6699519E-08 2.0265258E-08 2.0417197E-08 2.5435897E-08 3.4378679E-08 1.5443179E-08 1.8230148E-08 2.7903118E-08 3.9213642E-08 1.4840085E-08 1.8960479E-08 2.6128498E-08 3.4212931E-08  280.4976 282.9500 288.1975 294.4307 279.0949 282.5659 285.1886 285.6686 278.4175 280.5194 280.4664 279.6388 274.1464 276.1447 275.9154 275.4601  108.774
