STN,prec_1,prec_2,prec_3,prec_4,prec_5,prec_6,prec_7,prec_8,prec_9,prec_10,prec_11,prec_12,prec_13,prec_14,prec_15,prec_16,st_1,st_2,st_3,st_4,st_5,st_6,st_7,st_8,st_9,st_10,st_11,st_12,st_13,st_14,st_15,st_16,12.0
LAT,26.51077,26.51077,26.51077,26.51077,29.30136,29.30136,29.30136,29.30136,32.09194,32.09194,32.09194,32.09194,34.88252,34.88252,34.88252,34.88252,26.51077,26.51077,26.51077,26.51077,29.30136,29.30136,29.30136,29.30136,32.09194,32.09194,32.09194,32.09194,34.88252,34.88252,34.88252,34.88252,30.7512899
LON,-104.0625,-101.2500,-98.43750,-95.62500,-104.0625,-101.2500,-98.43750,-95.62500,-104.0625,-101.2500,-98.43750,-95.62500,-104.0625,-101.2500,-98.43750,-95.62500,-104.0625,-101.2500,-98.43750,-95.62500,-104.0625,-101.2500,-98.43750,-95.62500,-104.0625,-101.2500,-98.43750,-95.62500,-104.0625,-101.2500,-98.43750,-95.62500,-98.6697599
1958 2.5722564E-08 3.2120781E-08 1.5170485E-08 7.2464341E-09 2.7789982E-08 2.6827385E-08 8.3957161E-09 1.3969381E-08 2.0461718E-08 2.3372859E-08 1.6757010E-08 2.1404693E-08 2.2141672E-08 3.0150165E-08 2.7375716E-08 2.6109877E-08  295.4035 297.4632 302.2313 298.1947 296.5419 299.8360 302.6331 301.6488 297.3991 300.0355 299.7337 298.1317 294.3070 296.6165 296.6776 295.9819  239.419
1959 2.7327570E-08 3.3480966E-08 1.7696269E-08 6.5535137E-09 2.6574554E-08 2.3566315E-08 7.3417343E-09 1.4865872E-08 1.9664011E-08 2.2024336E-08 1.5848128E-08 2.5112426E-08 2.1277071E-08 3.0639139E-08 3.1743685E-08 3.5122273E-08  295.6754 297.9908 303.1878 298.4914 297.2299 300.8786 304.0992 302.6997 298.0990 300.9888 301.3173 299.2499 294.9175 297.1445 297.3309 296.3447  247.548
1960 2.6687109E-08 3.0353636E-08 1.3057949E-08 6.4348997E-09 2.6058933E-08 2.2710639E-08 7.2524027E-09 1.2828066E-08 1.9366038E-08 2.2087830E-08 1.3079549E-08 2.0216021E-08 1.9533450E-08 2.8930774E-08 2.6117753E-08 2.7887603E-08  296.0067 298.2678 303.1541 298.4663 297.4538 301.0492 303.7839 302.6104 298.4751 301.3173 301.5543 299.7727 295.5560 297.9365 298.2528 297.3297  533.065
1961 3.1573109E-08 3.7074464E-08 1.5453667E-08 7.1699988E-09 2.8719898E-08 2.4755529E-08 8.0526625E-09 1.7092772E-08 1.7954109E-08 2.0317687E-08 1.2807178E-08 2.1901501E-08 1.8281462E-08 2.6500965E-08 2.3471307E-08 2.6594085E-08  295.5232 297.7739 303.1149 298.5540 297.2326 300.7604 303.6259 302.3282 298.5547 301.2991 301.2746 299.0616 295.6870 298.1645 298.2047 296.8997  200.968
1962 2.6264861E-08 3.6528746E-08 1.9302307E-08 7.7356601E-09 2.9405193E-08 2.6705374E-08 8.5236866E-09 1.6619321E-08 2.1640794E-08 2.2800743E-08 1.5137271E-08 2.5769122E-08 2.0859876E-08 2.9119045E-08 2.6910227E-08 2.8768934E-08  295.6102 297.5859 302.5799 298.5432 296.9607 300.3531 303.2574 302.1123 298.1288 300.7887 300.7047 298.6147 295.2745 297.5971 297.4877 296.4622  111.065
1963 3.0622243E-08 3.2187941E-08 1.8601002E-08 7.6052160E-09 3.5403293E-08 2.8078761E-08 1.1273945E-08 1.9247553E-08 2.5693854E-08 2.2899938E-08 1.8622421E-08 2.5504107E-08 2.4843830E-08 3.0638461E-08 3.1431089E-08 2.9588115E-08  295.1690 297.3847 302.1154 298.4579 296.0138 299.5028 302.2722 301.0828 296.9635 299.5083 299.1024 297.4935 294.0314 296.1473 296.1109 295.3722  94.2903
1964 2.3021759E-08 2.9597432E-08 1.3336044E-08 6.4078245E-09 2.3548962E-08 2.1517348E-08 5.9692931E-09 1.4443540E-08 1.9157882E-08 2.1836907E-08 1.4832928E-08 2.1151022E-08 2.0916424E-08 3.0413055E-08 2.8111771E-08 3.0351075E-08  296.0513 298.3960 303.4015 298.2666 297.6359 301.4353 304.0881 302.7234 298.7401 301.4981 301.6223 299.4493 295.5995 297.8738 297.9283 296.7802  189.29
1965 3.1034208E-08 4.7837453E-08 2.4307390E-08 8.3340392E-09 3.6715729E-08 3.8921197E-08 1.3909399E-08 2.4339037E-08 3.0002077E-08 3.0814274E-08 2.3170148E-08 3.5305916E-08 3.0864751E-08 3.8225547E-08 3.6540449E-08 3.8312649E-08  294.7576 296.5247 301.5103 298.1693 295.7413 298.6628 301.5971 300.6947 296.2740 298.4716 298.4654 297.1707 293.0356 295.3362 295.5769 295.2000  129.452
1966 3.5449897E-08 3.6213859E-08 1.3577886E-08 7.0719564E-09 3.2689226E-08 2.3713488E-08 5.6674456E-09 1.3171130E-08 2.4013065E-08 1.8512495E-08 1.2018353E-08 2.0798213E-08 2.1535971E-08 2.6183679E-08 2.6850641E-08 2.8577873E-08  295.1082 297.3198 302.5645 298.3468 296.8032 300.3328 303.3615 302.1184 297.9465 300.8102 300.9976 298.9921 294.9648 297.3679 297.4178 296.5245  115.839
1967 2.5227537E-08 4.1809990E-08 2.4092207E-08 8.4974232E-09 2.9975492E-08 3.1728266E-08 1.0412185E-08 1.9801849E-08 2.3724670E-08 2.3569644E-08 1.9881018E-08 3.0860228E-08 2.3712095E-08 3.3334153E-08 3.4195217E-08 3.8810924E-08  295.4571 297.2661 302.2946 298.6660 296.6176 299.9134 302.9037 301.8458 297.5969 300.3522 300.2197 298.3528 294.5582 296.9386 297.0336 296.1907  110.484
1968 2.3933596E-08 4.1087272E-08 2.4958235E-08 7.9797280E-09 2.7509911E-08 3.2930522E-08 1.0870462E-08 1.7896618E-08 2.1952880E-08 2.9224278E-08 2.0560892E-08 2.8970717E-08 2.3604002E-08 3.6170992E-08 3.7489261E-08 3.5666744E-08  295.5637 297.7204 302.7360 298.6419 296.7180 300.2763 303.2009 301.9190 297.4026 300.2162 300.1982 298.4249 293.9894 296.6334 296.8282 296.1779  163.097
1969 2.2251859E-08 3.5814445E-08 1.8461238E-08 7.9513987E-09 2.3680716E-08 2.4274529E-08 7.2696236E-09 1.3889402E-08 1.9653070E-08 2.1910838E-08 1.4134657E-08 1.9555802E-08 2.0743284E-08 3.1241012E-08 3.1984698E-08 3.2066058E-08  295.7658 297.8157 302.6434 298.3214 297.1509 300.6166 303.2895 301.8673 297.8647 300.7429 300.4509 298.5594 294.5294 296.9504 297.0131 296.1617  504.742
1970 2.5721517E-08 3.5078276E-08 1.8633658E-08 7.2224227E-09 2.6712520E-08 2.8061599E-08 1.0611284E-08 1.7905943E-08 1.9923421E-08 2.4418167E-08 1.9383540E-08 2.7495878E-08 2.1175145E-08 3.1117803E-08 3.1608714E-08 3.3425898E-08  295.5223 297.8598 302.9113 298.5729 296.8709 300.4695 303.2252 301.9602 297.6675 300.4370 300.2759 298.4509 294.4847 296.8761 296.8008 295.8535  144.645
1971 2.7737496E-08 3.9162611E-08 2.3800142E-08 7.9110407E-09 2.9572597E-08 2.8797341E-08 1.1928893E-08 2.0230670E-08 2.1788111E-08 2.3249399E-08 1.7082344E-08 2.5088719E-08 2.1924693E-08 3.2004863E-08 2.8746211E-08 3.0136384E-08  295.0513 297.3406 302.3990 298.4425 296.5447 300.1506 302.9698 301.7386 297.6815 300.4738 300.2146 298.3725 294.6468 297.0613 297.0985 296.2596  418.097
1972 2.1310026E-08 3.2962472E-08 2.0299650E-08 6.8789334E-09 2.5803917E-08 2.4948548E-08 8.3150535E-09 2.1422869E-08 1.8768857E-08 2.1650774E-08 1.7170901E-08 2.7298439E-08 2.1605066E-08 2.9517789E-08 3.2772245E-08 3.4914486E-08  295.9480 297.8839 302.4119 298.3365 296.8718 300.0963 302.7318 301.2999 297.4987 299.9289 299.5463 298.0209 294.0352 296.1925 296.2460 295.6229  163.194
1973 2.9424756E-08 2.5976064E-08 1.1186957E-08 8.0125764E-09 2.8046593E-08 1.8669077E-08 5.2414006E-09 1.5864231E-08 1.7440387E-08 1.5540031E-08 1.0714546E-08 1.9732138E-08 1.6498182E-08 2.0672378E-08 2.3681309E-08 2.8644170E-08  295.3539 298.1601 303.5945 298.3626 297.1229 301.4368 304.5218 303.0332 298.7029 301.9898 302.6521 300.6219 296.0539 298.8300 298.9636 297.6307  290.935
1974 2.3900521E-08 3.2669096E-08 2.1355492E-08 8.9268450E-09 2.7634133E-08 2.8379914E-08 1.0734166E-08 1.8760131E-08 2.2806296E-08 2.5760000E-08 2.3038140E-08 2.6295279E-08 2.1268281E-08 3.1738640E-08 3.3228282E-08 3.1505056E-08  295.5174 298.0251 303.0931 298.6372 296.7260 300.6210 303.5242 302.1292 297.6318 300.6663 300.5665 298.6909 294.4316 296.9514 296.8944 296.0076  541.419
1975 3.0917338E-08 3.2204643E-08 1.3992071E-08 8.0036715E-09 3.1206500E-08 2.1680892E-08 5.2698694E-09 1.5854503E-08 2.0620703E-08 1.9274118E-08 1.2093699E-08 2.4523544E-08 2.0221490E-08 2.8171023E-08 2.6542585E-08 3.1657276E-08  295.1903 297.5554 302.9516 298.5838 296.8025 300.6717 303.7258 302.6306 298.4270 301.3340 301.6372 299.5432 295.7700 298.2233 298.2898 296.9486  234.258
1976 2.3761825E-08 4.0895387E-08 2.5826150E-08 8.1715337E-09 3.2617617E-08 3.4721388E-08 1.3405366E-08 2.0136190E-08 2.6030639E-08 2.9475080E-08 2.3164876E-08 3.1021077E-08 2.5645306E-08 3.9056300E-08 3.9157378E-08 3.9540794E-08  295.0419 296.9423 301.6628 298.3148 295.5965 298.8195 301.6157 300.7270 296.1178 298.5403 298.3997 297.0021 292.8122 295.0474 295.2703 294.8399  301.419
1977 1.9453452E-08 3.3237271E-08 2.1211614E-08 7.6930036E-09 2.2056243E-08 2.7258510E-08 8.2772837E-09 1.7858584E-08 1.8237245E-08 2.0418565E-08 1.4888789E-08 2.7354961E-08 1.8792640E-08 2.8819866E-08 2.8262646E-08 3.2893990E-08  296.0521 297.9872 302.5787 298.5047 297.5775 300.8223 303.4277 302.0383 298.3577 301.0986 300.9403 298.7391 295.0959 297.4684 297.5025 296.3819  178.29
1978 2.5704377E-08 3.8788620E-08 2.7438199E-08 9.3533803E-09 2.6696926E-08 3.1625206E-08 1.2546031E-08 2.5773200E-08 2.1266915E-08 2.6209092E-08 2.3249177E-08 3.5974747E-08 2.1108441E-08 3.4396500E-08 3.7201595E-08 3.9660129E-08  295.1919 297.3294 302.1634 298.4482 296.3734 299.8108 302.6128 301.3804 297.1559 299.8854 299.5714 297.6768 293.6477 296.1264 296.1748 295.3542  169.742
1979 2.8128278E-08 3.2443886E-08 1.7342083E-08 7.6586311E-09 2.7511840E-08 2.1310054E-08 8.6207654E-09 1.7338136E-08 1.9992108E-08 1.8214665E-08 1.4566793E-08 2.5240142E-08 1.9784073E-08 2.6441327E-08 2.7186221E-08 3.1245342E-08  295.6623 298.0168 302.9694 298.4961 297.1244 300.8026 303.6907 302.3117 298.1977 301.1214 301.0617 299.0146 295.1908 297.7851 297.8484 296.8701  140.226
1980 2.7735982E-08 3.3077001E-08 1.7508826E-08 6.4533712E-09 2.9659031E-08 2.5865043E-08 8.2525524E-09 1.7997500E-08 2.4044189E-08 2.4737515E-08 1.6716450E-08 2.8175972E-08 2.3086216E-08 3.2687506E-08 3.3403545E-08 3.5645574E-08  295.5210 297.7621 302.5068 298.4116 296.8882 300.2672 302.8680 301.6589 297.8022 300.2523 300.1405 298.1999 294.6295 296.7654 296.6234 295.7926  222.484
1981 2.5830611E-08 3.3949327E-08 1.8150800E-08 6.4490671E-09 2.8394918E-08 2.6120258E-08 9.2767545E-09 1.9757833E-08 2.1455042E-08 2.2884459E-08 1.8202863E-08 2.4731484E-08 2.2149104E-08 3.1886294E-08 2.8053543E-08 3.0470112E-08  295.2889 297.6151 302.6242 298.4379 296.4665 300.0818 303.0758 301.6632 297.4275 300.1637 300.1814 298.2304 294.3168 296.6906 296.8940 295.9171  258.548
1982 2.1325562E-08 4.2349342E-08 2.2364764E-08 8.0156468E-09 3.0706449E-08 3.4035441E-08 1.3225187E-08 1.8308471E-08 2.6133998E-08 2.8290454E-08 2.4366688E-08 3.1684557E-08 2.5351699E-08 3.4081875E-08 3.3780172E-08 3.5547949E-08  295.5221 297.2041 301.9856 298.3402 296.0217 299.1938 301.9047 300.8198 296.4034 298.5998 298.3778 297.2083 293.1606 295.3496 295.7185 295.2247  167.29
1983 2.8424564E-08 2.9932071E-08 1.2368393E-08 7.2375972E-09 2.5594769E-08 2.0324080E-08 5.4359592E-09 1.4381217E-08 1.7652981E-08 1.7867253E-08 1.4229260E-08 2.2467036E-08 1.6563019E-08 2.6493797E-08 2.5717648E-08 2.8849826E-08  295.7540 298.3236 303.3102 298.2958 297.6306 301.4293 304.1856 302.7290 298.9622 301.8835 302.1006 300.2065 296.0961 298.5916 298.8552 297.8009  77.8387
1984 2.5951259E-08 3.6290540E-08 2.0372374E-08 8.5233136E-09 2.8718249E-08 3.0022370E-08 9.3638937E-09 1.8723787E-08 2.0569299E-08 2.6387438E-08 1.6870308E-08 2.3386775E-08 2.1048274E-08 3.0863919E-08 2.9267149E-08 2.7646772E-08  295.4640 298.0051 303.2020 298.3429 296.9563 300.8934 304.0789 302.6718 298.1626 301.1094 301.7613 299.8872 294.9730 297.6068 298.1113 297.4367  1634.42
1985 2.3434859E-08 4.1205475E-08 2.3947466E-08 8.7142888E-09 2.7550364E-08 3.4215937E-08 1.1757898E-08 2.0416010E-08 2.2672429E-08 2.9765804E-08 2.0268709E-08 2.6922743E-08 2.2799124E-08 3.7229736E-08 3.5198799E-08 3.4560248E-08  295.3870 297.2569 301.9856 298.2455 296.6259 299.8452 302.8417 301.8355 297.3926 300.0605 300.3946 298.7211 294.3371 296.7085 296.9967 296.3414  138.871
1986 2.4899919E-08 4.3752152E-08 3.2022548E-08 7.9763334E-09 3.2944254E-08 4.0679403E-08 1.6409970E-08 1.9443538E-08 2.8274536E-08 3.7260861E-08 2.9373457E-08 3.1759079E-08 2.9330755E-08 4.6130651E-08 4.6193172E-08 4.1108937E-08  294.4990 296.6108 301.3359 298.3971 295.2698 298.5332 301.5982 300.8065 295.7254 298.3020 298.4263 297.4217 292.6852 295.2283 295.6884 295.5528  830.516
1987 2.4881674E-08 3.8675463E-08 2.4108425E-08 7.9719920E-09 2.7277169E-08 2.9606046E-08 1.3887306E-08 2.3330717E-08 2.4508477E-08 2.7681148E-08 2.4754046E-08 3.0266857E-08 2.8049239E-08 3.2812402E-08 3.3202269E-08 3.4771418E-08  295.2411 297.3979 302.1453 298.1857 296.2858 299.6609 302.3813 301.1355 296.8029 299.5290 299.4599 297.8799 293.5943 296.2539 296.4897 295.7512  306.097
1988 3.4310979E-08 2.9804937E-08 1.3476776E-08 7.9290947E-09 3.1505166E-08 2.2497174E-08 5.4330140E-09 1.8190038E-08 2.0178961E-08 1.7321559E-08 1.0798614E-08 1.9145498E-08 1.8879961E-08 2.3723322E-08 2.3741205E-08 2.7674391E-08  294.8497 297.9352 303.5311 298.5323 296.8071 301.2311 304.5431 303.1226 298.5145 301.7098 302.3939 300.3781 296.0166 298.5199 298.7772 297.5434  188.258
1989 3.0901884E-08 4.0805794E-08 2.4154039E-08 8.7575680E-09 3.0645609E-08 3.2009783E-08 1.1344754E-08 2.5288420E-08 2.2735641E-08 2.7080768E-08 2.0529662E-08 3.4387394E-08 2.3700753E-08 3.5952588E-08 3.4867060E-08 3.8429668E-08  294.8282 297.0800 302.1604 298.7526 296.3088 299.7751 302.8895 301.6497 297.5393 300.2299 300.2741 298.5101 294.6880 296.9175 297.1100 296.3744  191.419
1990 2.7371428E-08 3.8558969E-08 2.5119318E-08 8.3033234E-09 3.0346143E-08 2.9894327E-08 1.1977514E-08 1.8792294E-08 2.3202874E-08 2.7113789E-08 2.2214946E-08 2.7600606E-08 2.2755831E-08 3.0685431E-08 3.1620907E-08 3.3542619E-08  295.3769 297.4653 302.0776 298.4243 296.5087 299.8515 302.6741 301.6320 297.3172 300.0274 299.9537 298.1461 294.1895 296.4989 296.6340 295.7765  197.194
1991 2.0588802E-08 3.9841193E-08 2.4096186E-08 8.8484651E-09 2.1735284E-08 3.1302683E-08 1.3593131E-08 1.9439078E-08 2.1677105E-08 2.9945227E-08 2.3726649E-08 2.9446738E-08 2.5035538E-08 4.2497188E-08 4.2265093E-08 3.8372519E-08  295.6632 297.4693 301.8578 298.2912 296.6957 299.6862 301.8206 300.7600 296.9721 299.3950 298.9093 297.6335 293.2870 295.7170 296.0311 295.7308  3178.9
1992 2.3966917E-08 4.5397403E-08 3.2686824E-08 8.4385672E-09 3.0152549E-08 3.9665537E-08 1.6667656E-08 2.6036780E-08 2.5664724E-08 3.2955171E-08 2.7605967E-08 3.5482898E-08 2.5373609E-08 4.1771109E-08 4.0141835E-08 4.0543778E-08  294.9667 296.8114 301.4801 298.4087 295.8244 298.9385 301.8100 300.7246 296.2167 298.9149 298.7993 297.2889 293.0670 295.5513 295.8057 295.2921  370.677
1993 2.8956602E-08 4.8120953E-08 2.8166307E-08 7.7387519E-09 3.3915839E-08 3.9925407E-08 1.3217428E-08 2.0891788E-08 2.8290833E-08 3.3803989E-08 2.2749759E-08 3.0257336E-08 2.9665207E-08 4.0288278E-08 3.6741422E-08 3.5636987E-08  294.7603 296.6222 301.5172 298.1118 295.6064 298.9185 302.0302 301.1795 296.3617 298.8346 298.9961 297.7211 293.3863 295.7073 296.0188 295.6202  158.226
1994 2.4986926E-08 4.7060386E-08 3.4266108E-08 1.1501377E-08 3.4349970E-08 4.2921823E-08 1.7748867E-08 2.1450777E-08 2.7597235E-08 3.4125982E-08 2.8855153E-08 3.3076795E-08 2.5208417E-08 3.9726032E-08 3.9717118E-08 3.9545171E-08  294.8757 296.9209 301.4498 298.4859 295.5693 298.7587 301.7164 300.9343 295.9136 298.4731 298.3968 297.3033 292.7570 295.3091 295.6410 295.2970  303.548
1995 2.7056842E-08 4.2631836E-08 2.2959155E-08 8.6593417E-09 3.0359047E-08 3.0922827E-08 1.0547244E-08 2.0642679E-08 2.2582594E-08 2.7147145E-08 1.9020764E-08 2.8541324E-08 2.0731333E-08 3.3610519E-08 3.3781358E-08 3.3755718E-08  295.3212 297.3585 302.3969 298.5783 296.4463 299.9811 303.0268 301.8093 297.4222 300.1854 300.2343 298.3507 294.4568 296.8525 296.9359 296.2227  136.226
1996 2.6044779E-08 3.7662478E-08 2.4528088E-08 9.8204600E-09 2.7332588E-08 2.6868932E-08 1.2904382E-08 1.8557845E-08 2.2798195E-08 2.5266033E-08 2.0154735E-08 2.8665658E-08 2.3173012E-08 3.1935421E-08 3.3491961E-08 3.6293621E-08  294.9673 296.8670 301.6501 298.6545 296.1178 299.4458 302.3291 301.3384 296.8162 299.6073 299.5676 297.9646 293.8356 296.3078 296.4481 295.7644  359.677
1997 2.0387635E-08 4.4369081E-08 2.8598413E-08 8.3076444E-09 3.2281115E-08 3.7549800E-08 1.3812701E-08 1.7268626E-08 3.0124422E-08 3.4714123E-08 2.5843720E-08 2.9997285E-08 2.9029732E-08 4.3244565E-08 3.9001232E-08 3.7341401E-08  295.2370 297.0396 301.4836 298.0056 295.7453 298.8960 301.6452 300.6723 296.0692 298.2544 298.0468 297.1919 292.8581 295.0393 295.3931 295.0982  280.097
1998 2.0833047E-08 3.3796400E-08 1.8317394E-08 7.6445055E-09 2.2780643E-08 2.7243951E-08 8.8314049E-09 1.9379057E-08 1.7691805E-08 2.2750584E-08 1.6296578E-08 2.5839862E-08 1.8135355E-08 2.7980388E-08 3.0217642E-08 3.2305781E-08  295.8830 298.0792 303.1351 298.1390 297.5440 301.0137 303.9899 302.6106 298.5644 301.4641 301.7713 299.8661 295.4656 298.0381 298.2673 297.3794  270.452
1999 3.6105035E-08 3.8084767E-08 1.8421058E-08 1.0481656E-08 3.2706499E-08 2.6907282E-08 9.1677022E-09 2.1072081E-08 2.1022549E-08 2.2465327E-08 1.6490212E-08 2.6001910E-08 1.8152191E-08 2.5526823E-08 2.9293558E-08 3.1277619E-08  295.0929 297.7790 303.3576 298.7601 296.8667 300.9602 304.2000 302.9308 298.5558 301.6654 302.0911 300.2558 296.1298 298.9069 299.0868 298.1271  141.871
2000 2.4578316E-08 3.7382211E-08 2.4670257E-08 9.1808285E-09 2.7738997E-08 2.9177404E-08 1.2470140E-08 3.0126746E-08 2.2707104E-08 2.6353996E-08 1.9448512E-08 3.1244173E-08 2.5118331E-08 3.2326113E-08 3.2377560E-08 3.4614075E-08  295.5723 297.7886 302.8353 298.7070 296.9597 300.6207 303.6477 302.2174 298.0527 300.8082 301.0763 299.1229 294.9831 297.4577 297.7962 296.9279  549.161
2001 2.8955142E-08 4.4731195E-08 2.2775312E-08 9.1553840E-09 3.0071597E-08 3.1653972E-08 1.2000364E-08 2.4512154E-08 2.2565173E-08 2.6134762E-08 1.9311134E-08 3.3387867E-08 2.4125239E-08 3.3839498E-08 3.5214033E-08 3.9381000E-08  295.0963 297.2491 302.3348 298.6234 296.5953 300.1086 303.2228 301.9244 297.8118 300.4825 300.6552 298.6463 294.9588 297.2162 297.1571 296.3322  313.613
2002 2.3762420E-08 4.0894491E-08 2.4758195E-08 7.5194304E-09 3.1017443E-08 3.3773524E-08 1.1250298E-08 1.5835642E-08 2.6123871E-08 3.1355537E-08 2.1088702E-08 2.6704083E-08 2.4945656E-08 3.7959246E-08 3.5718344E-08 3.6132491E-08  295.2001 297.2889 302.0294 298.3263 296.0623 299.5151 302.4059 301.3210 296.5664 299.2109 299.2591 297.9344 293.6197 295.9958 296.2060 295.7682  230.097
2003 2.7295117E-08 4.1800487E-08 2.4962345E-08 8.5770306E-09 3.0179212E-08 3.1977130E-08 1.0037852E-08 1.8204299E-08 2.1424002E-08 2.9128042E-08 1.8077625E-08 2.5700230E-08 2.3004686E-08 3.5558347E-08 3.0646685E-08 3.0726170E-08  295.5736 297.7205 302.6133 298.3045 296.8419 300.3742 303.4523 302.2168 297.9033 300.6647 301.0217 299.1468 295.0480 297.5478 297.9595 297.1717  157.774
2004 2.3173303E-08 3.8779319E-08 2.4562164E-08 9.8998765E-09 2.8586015E-08 3.2795363E-08 1.3816067E-08 1.8830198E-08 2.2639382E-08 3.1451350E-08 2.3275595E-08 3.1298406E-08 2.2221196E-08 3.7800721E-08 3.6591938E-08 3.9209919E-08  295.6520 297.6438 302.2587 298.4464 296.5344 299.8909 302.6236 301.7910 297.3225 299.8242 299.7644 298.4955 294.2260 296.5466 296.9546 296.3821  429.677
2005 2.4398574E-08 4.2268898E-08 2.1930422E-08 8.2289837E-09 3.0541088E-08 3.2917811E-08 1.1242321E-08 2.2090298E-08 2.4812271E-08 2.7517395E-08 1.9499939E-08 2.9978654E-08 2.3625368E-08 3.1866776E-08 3.1442763E-08 3.5562092E-08  295.1648 297.1604 302.1882 298.5568 296.3109 299.6993 302.7280 301.6897 297.2399 299.9520 300.0520 298.3962 294.3964 296.7800 297.0399 296.3544  132.355
2006 1.8253811E-08 3.5943270E-08 2.2183816E-08 8.5681213E-09 2.3268191E-08 2.6251763E-08 1.2591364E-08 1.5983293E-08 1.8556532E-08 2.2586171E-08 2.1451283E-08 2.6507660E-08 1.9636603E-08 2.9553878E-08 3.2727616E-08 3.4957090E-08  296.4135 298.3287 302.6886 298.4612 297.6087 300.7652 303.1603 301.8938 298.2937 300.8095 300.3739 298.5920 295.1291 297.4203 297.4130 296.4177  99.5806
2007 3.2787167E-08 3.7162366E-08 1.6356831E-08 8.5615879E-09 3.0916144E-08 2.7100779E-08 9.0762660E-09 1.8020815E-08 2.2030649E-08 2.0094168E-08 1.4422727E-08 2.3020954E-08 1.8441176E-08 2.3362507E-08 2.5287832E-08 2.9602793E-08  294.8456 297.4993 303.1845 298.6495 296.7293 300.8078 304.0718 302.7427 298.1378 301.4108 301.8805 299.8624 295.5591 298.3034 298.5722 297.3986  227.323
2008 2.5955407E-08 3.5923730E-08 1.8883243E-08 9.8853139E-09 2.8722420E-08 2.6541150E-08 1.0051325E-08 2.0804166E-08 2.0554639E-08 2.1640584E-08 1.6258925E-08 2.4991241E-08 2.0623856E-08 3.0606312E-08 3.1782839E-08 3.2161399E-08  295.6452 297.8344 303.1331 298.6561 297.1404 300.9026 303.9759 302.7751 298.6277 301.4403 301.8145 299.7966 295.7911 297.9906 298.0461 296.8658  103.516
2009 2.3600624E-08 4.7876760E-08 2.6962173E-08 1.1260187E-08 2.7399063E-08 3.6105551E-08 1.3586108E-08 2.5857892E-08 2.2045139E-08 2.8802940E-08 2.3644484E-08 3.3078102E-08 2.0885002E-08 3.5391579E-08 3.8231342E-08 4.0044441E-08  295.7014 297.4238 302.1039 298.2479 296.6439 299.7837 302.5876 301.3300 297.1699 299.8002 299.6831 297.9281 293.9687 296.4246 296.5277 295.7289  184.484
2010 3.2571503E-08 3.2242291E-08 1.3568977E-08 9.1326271E-09 2.8984664E-08 2.0613513E-08 6.2633196E-09 1.5735651E-08 1.9083094E-08 1.7202032E-08 1.0350908E-08 1.8161034E-08 2.0253436E-08 2.5192994E-08 2.2462549E-08 2.4620446E-08  295.2896 297.9757 303.4681 298.6395 297.1595 301.3672 304.5256 303.3159 299.0799 302.0728 302.8000 300.9936 296.4027 298.8616 299.5725 298.4336  107.613
2011 3.2203598E-08 2.8548911E-08 1.4611228E-08 8.1872509E-09 3.1009776E-08 2.1671559E-08 9.6108952E-09 1.8332569E-08 2.1457826E-08 1.9645379E-08 1.4969080E-08 2.1487621E-08 1.9931615E-08 2.5051028E-08 2.4686271E-08 2.8860889E-08  295.2483 297.9047 302.9890 298.6617 296.9529 300.9891 303.8329 302.5000 298.4250 301.4567 301.6594 299.6428 295.6866 298.0634 298.1678 296.8101  128.355
2012 2.0784764E-08 3.7067320E-08 1.9171328E-08 7.6757924E-09 2.7251286E-08 2.8210518E-08 8.9301713E-09 1.5544311E-08 2.1780171E-08 2.7136620E-08 1.5198438E-08 2.1331310E-08 2.1241545E-08 3.1930444E-08 2.8546436E-08 2.9835210E-08  295.8709 297.8328 302.5132 298.4790 296.7734 300.2545 303.1812 301.8777 297.4304 300.2467 300.5182 298.6521 294.3655 296.7822 297.0577 296.1805  55
2013 2.5683807E-08 3.4878539E-08 1.9903963E-08 7.3958826E-09 2.3672685E-08 2.6476801E-08 8.3676950E-09 1.4917946E-08 1.7259309E-08 2.1202707E-08 1.6083225E-08 2.3754868E-08 1.7514438E-08 2.8179590E-08 2.8689039E-08 3.0157199E-08  295.7131 297.9434 302.6643 298.4872 297.0891 300.4874 303.2229 302.0768 298.0467 300.7715 300.4701 298.7185 295.0468 297.3813 297.3607 296.4438  121.129
2014 2.2841590E-08 4.2427406E-08 2.4835076E-08 7.5157729E-09 2.8878397E-08 3.5436432E-08 1.2123786E-08 1.8526890E-08 2.5468356E-08 3.0329211E-08 2.1624000E-08 2.9372707E-08 2.5853829E-08 3.8627199E-08 3.7882490E-08 3.7168331E-08  295.1946 296.8712 301.6338 297.9514 295.9554 299.0976 302.1225 301.3154 296.6647 299.0965 299.2274 297.9769 293.6098 295.9748 296.2739 295.8073  63.129
2015 1.9742760E-08 4.0250370E-08 2.5688223E-08 9.3282591E-09 2.9333012E-08 3.4026339E-08 1.3307335E-08 1.3633692E-08 2.6790145E-08 3.3674539E-08 2.4868758E-08 2.4551472E-08 2.6298935E-08 4.2585960E-08 3.9534978E-08 3.6740868E-08  295.7693 297.6572 301.9607 297.8161 296.2747 299.5602 302.1061 301.2349 296.6260 299.0683 298.9582 298.0056 293.3065 295.7911 296.2169 295.9854  214.839
