STN,prec_1,prec_2,prec_3,prec_4,prec_5,prec_6,prec_7,prec_8,prec_9,prec_10,prec_11,prec_12,prec_13,prec_14,prec_15,prec_16,st_1,st_2,st_3,st_4,st_5,st_6,st_7,st_8,st_9,st_10,st_11,st_12,st_13,st_14,st_15,st_16,11.0
LAT,26.51077,26.51077,26.51077,26.51077,29.30136,29.30136,29.30136,29.30136,32.09194,32.09194,32.09194,32.09194,34.88252,34.88252,34.88252,34.88252,26.51077,26.51077,26.51077,26.51077,29.30136,29.30136,29.30136,29.30136,32.09194,32.09194,32.09194,32.09194,34.88252,34.88252,34.88252,34.88252,30.7512899
LON,-104.0625,-101.2500,-98.43750,-95.62500,-104.0625,-101.2500,-98.43750,-95.62500,-104.0625,-101.2500,-98.43750,-95.62500,-104.0625,-101.2500,-98.43750,-95.62500,-104.0625,-101.2500,-98.43750,-95.62500,-104.0625,-101.2500,-98.43750,-95.62500,-104.0625,-101.2500,-98.43750,-95.62500,-104.0625,-101.2500,-98.43750,-95.62500,-98.6697599
1958 1.3119456E-08 3.3920273E-08 3.6000110E-08 1.3842050E-08 1.7796573E-08 2.8882640E-08 2.1562364E-08 2.6102734E-08 1.5271908E-08 2.2052690E-08 2.8078141E-08 3.6370945E-08 1.9055404E-08 3.0105554E-08 3.7606661E-08 4.1055827E-08  291.4068 293.9508 298.9291 295.6286 291.7560 295.3093 298.0277 296.9939 291.5464 294.3036 293.9142 292.3551 287.2930 289.9476 289.8422 289.3069  283
1959 1.2829355E-08 3.4063291E-08 3.6884920E-08 1.3241290E-08 2.1492491E-08 3.4098942E-08 2.5160897E-08 2.4434566E-08 1.9504306E-08 2.8349410E-08 3.4458239E-08 3.7892065E-08 2.1510537E-08 2.9460148E-08 3.8099873E-08 3.9632386E-08  291.5283 294.1316 299.1237 295.8185 291.5562 295.3281 298.2206 297.2913 291.2677 294.1383 294.3234 292.7470 287.5030 290.2872 290.4075 289.8114  180.5
1960 1.5235290E-08 3.2857649E-08 3.3363353E-08 1.3786882E-08 1.9334763E-08 3.0751018E-08 2.4146908E-08 2.4771008E-08 1.6606926E-08 2.3789511E-08 3.4062531E-08 3.8213361E-08 1.8220518E-08 2.5887404E-08 3.7145533E-08 4.3436543E-08  291.1726 293.9382 298.9257 295.8295 291.2825 295.0180 297.9709 297.0640 291.0707 294.0003 293.9453 292.3849 287.1979 289.8842 289.8857 289.2916  285.733
1961 1.3764447E-08 2.7753012E-08 3.4215628E-08 1.1986018E-08 1.5709830E-08 2.3161618E-08 1.7847768E-08 1.9512159E-08 1.3679961E-08 1.9895770E-08 2.4685683E-08 2.9858043E-08 1.5580179E-08 2.5517966E-08 3.3197178E-08 3.7156017E-08  291.5117 294.4644 299.3140 295.8270 291.7847 295.9798 298.7915 297.6494 291.8597 294.9787 294.9042 293.2425 287.9959 290.7198 290.7889 290.2980  196.533
1962 1.3889643E-08 3.0653659E-08 3.9229903E-08 1.3938494E-08 1.8900455E-08 2.9712929E-08 2.4384263E-08 2.5537561E-08 1.9178071E-08 2.7271438E-08 3.4126135E-08 4.1212495E-08 2.1512621E-08 3.2489186E-08 3.9326334E-08 4.4021764E-08  290.9904 293.9902 298.9461 295.8635 291.1746 295.1444 297.9804 297.1633 291.0079 294.0294 293.8541 292.4442 287.3330 290.0952 289.9791 289.4584  95.6667
1963 1.3487479E-08 3.2586385E-08 3.5402071E-08 1.4497170E-08 1.9319650E-08 2.8509049E-08 2.3759023E-08 2.5382878E-08 1.6410302E-08 2.5998963E-08 3.5060943E-08 3.8389700E-08 1.9178684E-08 3.0138605E-08 4.2454925E-08 4.8756810E-08  291.0216 293.7004 298.6338 295.7194 291.2550 294.9753 297.7079 296.9209 291.3828 294.1274 293.6674 292.4133 287.5068 290.1373 289.9220 289.5133  150.333
1964 1.3696475E-08 3.3512659E-08 4.1873637E-08 1.5200451E-08 2.0790667E-08 3.3222605E-08 2.6532947E-08 2.9391945E-08 1.8066483E-08 2.7062345E-08 3.7346684E-08 4.0237317E-08 2.0496790E-08 2.9928884E-08 4.2533092E-08 4.6885667E-08  290.9101 293.8483 298.7422 295.7408 290.9562 294.8651 297.8388 297.1461 290.7271 293.7069 293.8162 292.6255 286.9395 289.8578 290.0170 289.5172  397.9
1965 1.4539607E-08 3.1818079E-08 3.8926512E-08 1.6099836E-08 2.0741870E-08 3.1402667E-08 2.7911044E-08 3.3041008E-08 1.9618192E-08 2.6489602E-08 3.3553999E-08 4.3837467E-08 2.4038131E-08 3.2094537E-08 3.8923517E-08 4.3170655E-08  290.4119 293.0698 297.9453 295.4687 290.5020 294.1328 296.7510 296.0448 290.2445 293.0651 292.8549 291.5711 286.2549 289.2169 289.3169 289.0875  96.5667
1966 1.2798467E-08 2.9017418E-08 3.2319171E-08 1.5453049E-08 1.8309924E-08 2.7482193E-08 2.0423016E-08 2.3834836E-08 1.6427617E-08 2.3915296E-08 3.1723424E-08 3.9124465E-08 1.9368326E-08 2.9660331E-08 3.9469761E-08 4.7480661E-08  291.2856 294.1267 298.9729 295.6678 291.4697 295.1933 297.9795 296.8398 290.9912 293.8745 293.6385 292.0275 286.7817 289.5450 289.5307 288.9637  121.033
1967 1.5350471E-08 3.6918895E-08 3.8731955E-08 1.6300922E-08 2.4056895E-08 3.2172078E-08 2.2870072E-08 2.9364323E-08 1.9469454E-08 2.3983082E-08 3.0654959E-08 3.7035942E-08 2.0196037E-08 2.6919839E-08 3.4231228E-08 4.2424105E-08  290.4218 293.0413 298.2156 295.9818 290.4881 294.3727 297.4205 296.7661 290.6418 293.6428 293.5984 292.2587 286.8422 289.7061 289.7739 289.2757  185.267
1968 1.2143958E-08 2.7863926E-08 3.7609350E-08 1.3825755E-08 1.7531788E-08 2.7253133E-08 2.2910315E-08 2.8872977E-08 1.7808556E-08 2.4669911E-08 3.8740328E-08 4.6852211E-08 2.2731927E-08 3.4629554E-08 4.7554710E-08 5.2647906E-08  290.9687 294.2090 299.4333 296.0640 291.4227 295.5251 298.5039 297.3849 291.2567 294.4554 294.1915 292.6003 287.1019 289.9727 290.0000 289.5446  111.133
1969 1.2538576E-08 2.9806493E-08 3.7122252E-08 1.3794193E-08 1.8981945E-08 2.7559905E-08 2.3823116E-08 2.9540967E-08 1.8052162E-08 2.3489592E-08 3.5813986E-08 4.5433797E-08 2.0815360E-08 2.9592236E-08 4.1975085E-08 4.7987712E-08  290.3229 293.4627 298.6395 295.7100 290.5627 294.5932 297.4271 296.4581 290.3535 293.5218 293.2682 291.8141 286.4384 289.3885 289.4080 289.0782  769.667
1970 1.0981050E-08 2.8543926E-08 3.9817120E-08 1.4265879E-08 1.5492359E-08 2.8097960E-08 2.4645477E-08 2.8386721E-08 1.5928885E-08 2.4259542E-08 3.4604778E-08 4.0219565E-08 1.9077511E-08 2.8834924E-08 3.7858815E-08 4.4364416E-08  291.2834 294.3523 299.2268 296.0238 291.5318 295.4553 298.3393 297.4859 291.2865 294.3253 294.2145 292.8032 287.3172 290.0642 290.1585 289.6414  148.467
1971 1.2728468E-08 2.9232078E-08 4.5314902E-08 1.8358975E-08 1.9099971E-08 2.8939557E-08 2.9643797E-08 3.4519079E-08 1.8053441E-08 2.3815852E-08 3.4435363E-08 3.9822030E-08 2.1157138E-08 3.1449076E-08 4.1333109E-08 4.3807024E-08  290.3967 293.4411 298.2941 296.0131 290.7644 294.7501 297.4863 296.7054 290.8022 293.9205 293.6729 292.2685 287.0911 289.9654 290.0753 289.5483  394.933
1972 1.0411434E-08 2.8644433E-08 3.2469398E-08 1.0927284E-08 1.4551177E-08 2.6582851E-08 2.3927980E-08 2.5457862E-08 1.5810283E-08 2.5436867E-08 3.5499060E-08 4.1577124E-08 2.0661798E-08 3.3290025E-08 4.4027278E-08 4.7445091E-08  291.1164 293.9154 298.9595 295.6456 291.5558 295.2636 297.7225 296.7132 291.4007 294.2829 293.6422 292.2522 287.3332 290.0392 289.8886 289.5651  169.9
1973 1.1779477E-08 2.9060908E-08 3.0229103E-08 9.4527399E-09 1.4860222E-08 2.5146626E-08 1.6426833E-08 1.8081327E-08 1.2951762E-08 1.7425549E-08 2.3014040E-08 2.8918883E-08 1.4673421E-08 2.0927354E-08 2.8154528E-08 3.6819369E-08  292.1926 294.8457 299.7101 295.8707 292.5792 296.3677 299.2591 298.1367 292.5259 295.5755 295.6359 293.9416 288.6718 291.4009 291.4508 290.5364  347.767
1974 1.0949370E-08 2.6305019E-08 3.9347526E-08 1.5862724E-08 1.5668785E-08 2.7940212E-08 2.7015629E-08 3.1845236E-08 1.7799216E-08 2.6764106E-08 3.9107992E-08 4.4483045E-08 2.3165343E-08 3.7476951E-08 5.1009707E-08 5.2998203E-08  290.7756 294.1795 299.3844 296.1541 291.0300 295.4086 298.4032 297.4134 290.8972 294.3259 294.3103 292.8806 286.8514 289.8587 289.9285 289.5871  1004.73
1975 1.3996275E-08 3.1975755E-08 3.4455155E-08 1.1688321E-08 1.7417399E-08 2.7952664E-08 2.0597563E-08 2.1132154E-08 1.4032765E-08 2.2516282E-08 2.6432508E-08 3.0636279E-08 1.5172077E-08 2.3198268E-08 3.4081168E-08 3.8273001E-08  291.7319 294.3264 299.3418 296.0751 292.0199 295.9306 298.9438 298.0363 292.0594 295.1981 295.4423 293.9490 288.3245 291.1945 291.3816 290.8351  252.733
1976 1.0781304E-08 3.0555046E-08 3.7806963E-08 1.5623591E-08 1.7652804E-08 2.7628193E-08 2.5876693E-08 2.8784791E-08 1.7068649E-08 2.6619835E-08 3.3926732E-08 3.9752493E-08 2.2697188E-08 3.3080674E-08 4.1701881E-08 4.4354540E-08  290.5499 293.3472 298.3724 295.8163 290.6530 294.4113 297.0284 296.1006 290.3243 293.2252 292.9660 291.4691 286.2183 289.1197 289.2587 288.8231  412.567
1977 1.2246780E-08 3.0229064E-08 3.6191270E-08 1.3806181E-08 1.6405682E-08 2.6374009E-08 1.9826292E-08 2.5289054E-08 1.3820586E-08 2.1531291E-08 3.0590066E-08 3.6157662E-08 1.9450113E-08 3.2639317E-08 4.2345889E-08 4.7316103E-08  291.3459 294.0534 298.8075 295.8859 291.6763 295.5573 298.2247 297.1256 291.7543 294.7411 294.3507 292.6671 287.8913 290.5381 290.2045 289.6624  192.4
1978 1.2140275E-08 2.7577824E-08 3.7514049E-08 1.3533942E-08 1.6313104E-08 2.7242846E-08 2.5316570E-08 3.0174252E-08 1.7924359E-08 2.5688792E-08 3.7074411E-08 4.4973206E-08 2.1550202E-08 3.4339422E-08 4.7056830E-08 5.6181435E-08  290.6493 293.6030 298.7354 295.8686 290.9195 294.8557 297.8343 296.9525 290.5919 293.7962 293.6163 292.2494 286.5966 289.5094 289.4793 289.1077  197.467
1979 1.4052445E-08 2.9451735E-08 3.5877477E-08 1.0548387E-08 1.6854218E-08 2.7283139E-08 2.1022693E-08 2.3757632E-08 1.5831395E-08 2.2424674E-08 2.8954704E-08 3.3588666E-08 1.7581733E-08 2.7026218E-08 3.3824353E-08 3.7353317E-08  291.1310 294.0099 298.9936 295.8333 291.5397 295.5291 298.2991 297.2441 291.6212 294.7336 294.5029 292.8695 287.7599 290.6834 290.7052 290.0824  106.667
1980 1.5643272E-08 3.2836418E-08 3.4627625E-08 1.3214590E-08 2.0531047E-08 2.6828577E-08 2.2268811E-08 2.3902134E-08 1.6331013E-08 1.9746039E-08 2.4686042E-08 3.6105320E-08 1.7657664E-08 2.3401819E-08 3.0201079E-08 3.6163460E-08  291.0414 293.7798 298.8168 295.7332 291.4305 295.3247 298.0488 297.0920 291.6217 294.6828 294.3658 292.6541 287.9136 290.7663 290.6474 289.8923  198.033
1981 1.2819404E-08 3.0622111E-08 3.9193424E-08 1.1334513E-08 1.6605881E-08 2.7654494E-08 2.4454705E-08 2.5492161E-08 1.3299021E-08 2.2109163E-08 3.0530039E-08 3.6245162E-08 1.5030041E-08 2.4840041E-08 3.6003797E-08 4.0784208E-08  291.2159 294.2090 298.9987 295.7820 291.5385 295.5191 298.3295 297.3888 291.6322 294.6949 294.5866 293.0439 287.9130 290.6599 290.7020 290.0673  327.6
1982 8.8018188E-09 2.3613403E-08 3.8298452E-08 1.4498156E-08 1.4200361E-08 2.8590739E-08 2.7928026E-08 3.0564514E-08 1.9265375E-08 3.0654643E-08 4.2361282E-08 4.4963354E-08 2.8167351E-08 4.4558814E-08 5.2884214E-08 5.1744788E-08  290.7203 293.9317 298.8139 295.6056 291.0655 294.7907 297.1304 296.2544 290.4843 293.1616 292.6649 291.6463 286.0809 288.7542 288.8891 288.7817  160.667
1983 1.1316243E-08 2.9628410E-08 3.1846628E-08 9.4574064E-09 1.4796679E-08 2.7141434E-08 1.9547835E-08 2.1502776E-08 1.4019256E-08 2.2925287E-08 2.9769247E-08 3.6540229E-08 1.5808936E-08 2.6125564E-08 3.8703327E-08 4.0411070E-08  291.8680 294.6916 299.6630 295.7465 292.3497 296.2181 299.0273 297.8974 292.1863 295.2630 295.1219 293.4376 288.3664 291.1994 291.2084 290.5825  95.2667
1984 1.4772659E-08 3.1627383E-08 3.2161999E-08 1.1580474E-08 1.7008125E-08 2.3743084E-08 1.7500790E-08 1.9387890E-08 1.3301350E-08 1.8884869E-08 2.4263073E-08 2.8695432E-08 1.3489138E-08 2.0992749E-08 3.0101784E-08 3.3879001E-08  291.7947 294.6785 299.6773 295.7954 292.4188 296.6678 299.6566 298.5153 292.6457 296.0177 296.1198 294.5727 288.8454 291.7943 291.9282 291.2479  134.233
1985 1.3831295E-08 3.1793849E-08 3.7053937E-08 1.4047266E-08 2.1615790E-08 3.1860097E-08 2.6976499E-08 3.2007542E-08 2.0383791E-08 3.0957676E-08 4.1499376E-08 4.4735167E-08 2.4936744E-08 3.8054516E-08 4.9119450E-08 5.0701821E-08  290.1654 293.0757 298.2703 295.6591 290.4124 294.4493 297.3997 296.5779 290.3654 293.4526 293.4639 292.2670 286.5206 289.5011 289.7888 289.6067  183.7
1986 1.6445744E-08 3.1207513E-08 3.4976015E-08 1.2911185E-08 2.0824997E-08 2.8824385E-08 2.5413161E-08 3.0701003E-08 1.8896870E-08 2.7397714E-08 3.6286643E-08 4.2305103E-08 2.3655796E-08 3.5087684E-08 4.2851461E-08 4.6219053E-08  289.9117 292.5481 297.7311 295.8781 290.3742 293.9862 296.6449 295.9056 290.3203 292.9709 292.6969 291.4764 286.2669 288.9377 289.1305 288.8237  494.033
1987 1.2733257E-08 2.9295249E-08 3.7610409E-08 1.2871924E-08 1.8913767E-08 2.8727282E-08 2.6877231E-08 2.7428147E-08 2.0826441E-08 3.0772178E-08 4.6736599E-08 4.7762253E-08 2.6720967E-08 4.1320053E-08 5.4815494E-08 5.7921991E-08  290.4180 293.6806 298.7687 295.3861 290.6014 294.6478 297.2895 296.2797 290.2076 293.1974 292.9770 291.7630 286.3077 289.0866 289.2432 288.9816  343.467
1988 1.7459929E-08 3.4277861E-08 3.4397459E-08 1.0452126E-08 1.8514500E-08 2.7894757E-08 1.5881124E-08 1.9796625E-08 1.3746869E-08 1.9907359E-08 2.1508537E-08 2.7936181E-08 1.2212478E-08 2.1365450E-08 2.8310943E-08 3.4581603E-08  291.8066 294.7588 299.8265 296.0593 292.5560 296.7295 299.7901 298.6294 292.8697 296.1333 296.3429 294.6698 289.3686 292.1662 292.3159 291.6200  173.133
1989 1.5430331E-08 3.7414704E-08 4.0649105E-08 1.4343773E-08 2.0410639E-08 3.2592183E-08 2.2680034E-08 2.6873085E-08 1.5415010E-08 2.2621801E-08 2.7798961E-08 3.5292974E-08 1.6552120E-08 2.5653595E-08 3.4147543E-08 4.1222343E-08  291.7229 294.3019 299.1051 296.1678 292.0041 295.7776 298.5753 297.8760 292.1183 295.1032 294.9533 293.5142 288.5106 291.1483 291.0316 290.2807  176.367
1990 1.0705227E-08 3.1769162E-08 3.9464641E-08 1.7615871E-08 1.9006832E-08 3.0005943E-08 2.6629650E-08 2.7470096E-08 2.0026844E-08 2.9004561E-08 3.8117076E-08 4.3413088E-08 2.3432003E-08 3.5550539E-08 4.8693650E-08 4.9103853E-08  290.3906 292.9709 297.9434 295.8087 290.5270 294.2545 297.1220 296.4581 290.3071 293.2596 293.2318 292.0604 286.4104 289.3558 289.5087 289.3659  242.167
1991 1.3919154E-08 3.2011862E-08 3.9140883E-08 1.3435394E-08 1.7476259E-08 2.7819340E-08 2.6339167E-08 2.5111030E-08 1.5574710E-08 2.9068875E-08 3.8173010E-08 4.0415053E-08 2.1875037E-08 3.6212548E-08 4.5478380E-08 4.7854414E-08  290.5750 293.3430 298.3235 295.7075 290.8425 294.6329 297.2697 296.4954 290.6409 293.5338 293.2538 292.0057 286.5466 289.4517 289.6768 289.3704  228.233
1992 1.0737166E-08 2.5550023E-08 3.7607855E-08 1.3849151E-08 1.4622263E-08 2.5942761E-08 2.5473241E-08 3.0575176E-08 1.5150468E-08 2.3661151E-08 3.9592553E-08 4.7719595E-08 2.1645132E-08 3.4874621E-08 4.8598189E-08 5.5130283E-08  290.5311 293.4629 298.4539 295.8267 290.8006 294.6669 297.3847 296.3912 290.3858 293.4526 293.1504 291.7936 286.2431 289.0590 289.2347 288.8996  385.4
1993 1.5309489E-08 3.2883420E-08 3.9468325E-08 1.4174101E-08 2.3099885E-08 3.2660132E-08 3.0333570E-08 3.0721104E-08 2.2521821E-08 3.1835576E-08 4.4987143E-08 4.6538052E-08 2.4901700E-08 3.4721879E-08 4.7315339E-08 4.9145996E-08  290.2642 293.2305 298.3170 295.5183 290.4202 294.3558 297.1304 296.3170 290.2827 293.2714 293.0305 291.7142 286.6851 289.5654 289.4975 289.0650  142.533
1994 1.1369644E-08 2.9017098E-08 3.9352273E-08 1.7525396E-08 1.6872232E-08 2.8318492E-08 2.6902217E-08 3.2680365E-08 1.6826149E-08 2.5532037E-08 3.8850310E-08 4.5432838E-08 2.2895920E-08 3.6238216E-08 4.8022144E-08 5.1871876E-08  290.2927 293.1699 298.1691 295.7393 290.4968 294.1877 296.7812 295.8873 290.0503 292.9409 292.4845 291.2299 285.8551 288.6719 288.8344 288.5908  255.767
1995 1.5737253E-08 3.2545575E-08 3.9233999E-08 1.3692069E-08 2.0369889E-08 3.1401225E-08 2.7110605E-08 2.5742366E-08 1.6378458E-08 2.3920045E-08 3.1720198E-08 3.7401495E-08 1.6901238E-08 2.7182633E-08 3.5786460E-08 3.8148439E-08  291.2438 294.1191 299.1226 295.8866 291.6358 295.5362 298.2792 297.5505 291.7267 294.8407 294.7019 293.2989 288.0745 291.0420 291.1950 290.6514  145.133
1996 1.2261867E-08 3.1144417E-08 4.3503725E-08 1.5047414E-08 1.8811377E-08 2.9844653E-08 2.6571094E-08 3.2114713E-08 1.8802252E-08 2.5883727E-08 3.6356067E-08 4.3986763E-08 2.1167924E-08 3.3281221E-08 4.6788799E-08 5.0745857E-08  290.9074 293.9262 298.9552 296.0780 291.0984 295.0471 298.0015 297.0470 290.6524 293.9164 293.7573 292.3689 286.7325 289.5658 289.5214 289.1370  551.167
1997 1.0028128E-08 2.3768992E-08 2.8907868E-08 1.1434238E-08 1.5973029E-08 2.6518007E-08 2.1075248E-08 2.6860208E-08 1.9383206E-08 2.8831714E-08 4.1764462E-08 4.6780666E-08 2.4589824E-08 3.6175550E-08 4.8885525E-08 5.1850950E-08  290.6505 293.7914 298.8888 295.3595 290.8365 294.5969 297.0887 296.1099 290.1670 292.8814 292.4254 291.4849 285.9522 288.7023 288.9677 288.7876  260.5
1998 1.5853136E-08 3.3309437E-08 2.9512959E-08 1.1473350E-08 1.9158962E-08 2.6285749E-08 1.7490377E-08 1.7585341E-08 1.5174345E-08 2.2721935E-08 2.4371118E-08 2.8953137E-08 1.6090665E-08 2.5056847E-08 3.1708936E-08 3.6560181E-08  291.9532 294.8058 299.7765 295.6692 292.4529 296.4302 299.3619 298.3514 292.4682 295.5786 295.7463 294.1714 288.7790 291.6176 291.8059 291.0859  324.933
1999 1.4577161E-08 3.0481942E-08 2.9938104E-08 1.0477901E-08 1.9092699E-08 3.0529353E-08 1.9313614E-08 2.1734349E-08 1.7835776E-08 2.9168536E-08 3.0785902E-08 2.9209110E-08 1.7819627E-08 3.0619582E-08 3.6271725E-08 3.7096527E-08  292.1793 295.2070 300.4649 296.2003 292.9983 297.0745 300.1968 298.9877 293.3295 296.4529 296.7401 295.1888 289.8579 292.6833 292.9624 292.2551  111.4
2000 1.3956548E-08 2.9454819E-08 3.7722977E-08 1.2832853E-08 1.7845018E-08 2.3519977E-08 1.9110121E-08 2.4681796E-08 1.4041783E-08 1.8199438E-08 2.8151172E-08 3.6026762E-08 1.5038458E-08 2.2969980E-08 3.2112954E-08 3.8237999E-08  291.2166 294.1322 299.0999 296.3049 291.6455 295.6794 298.6617 297.6644 291.9178 295.1904 294.9754 293.2710 288.3619 291.3424 291.2779 290.4521  7149.07
2001 1.0957358E-08 2.5093078E-08 3.7860701E-08 1.3934617E-08 1.4598412E-08 2.4972783E-08 2.5207523E-08 2.9319876E-08 1.2979229E-08 2.1732429E-08 3.4487126E-08 4.0231324E-08 1.5197596E-08 2.6113005E-08 3.9266528E-08 4.6373799E-08  291.6236 294.6918 299.4037 296.0998 292.0131 296.0442 298.8157 297.6761 291.8512 295.1060 294.8863 293.3211 288.1565 291.0751 291.0681 290.4983  1945.67
2002 1.4515662E-08 3.1802799E-08 4.0671445E-08 1.4012549E-08 1.8674598E-08 2.6617862E-08 2.4221125E-08 2.8496665E-08 1.9198495E-08 2.3064192E-08 3.2343078E-08 3.8923464E-08 2.3006903E-08 3.2383728E-08 4.0374328E-08 4.4049919E-08  290.1860 293.1473 298.1874 295.8145 290.5180 294.2792 297.2331 296.4524 290.0686 293.2464 293.2861 292.0238 286.1501 289.2026 289.6622 289.4110  231.033
2003 1.3094505E-08 2.7397842E-08 3.5863820E-08 1.5959523E-08 1.5925643E-08 2.4552316E-08 2.2735625E-08 2.8503365E-08 1.5573862E-08 2.3734513E-08 3.3573713E-08 3.7971638E-08 1.9836495E-08 3.0168387E-08 3.9427871E-08 4.2952308E-08  291.2697 294.4328 299.4308 295.5847 291.7510 295.8684 298.6950 297.6104 291.6693 294.9127 294.7491 293.4094 287.8221 290.7037 290.8756 290.4996  191.333
2004 1.2994119E-08 2.9039443E-08 3.3627934E-08 1.2679218E-08 1.7385139E-08 2.7272888E-08 2.0788274E-08 2.4081491E-08 1.5230317E-08 2.2711147E-08 3.1876315E-08 3.7707633E-08 1.8905691E-08 2.9437670E-08 3.8990720E-08 4.4015454E-08  290.8120 293.4928 298.3499 295.7534 291.1165 294.7184 297.4361 296.5319 291.0601 294.0088 293.7440 292.3979 287.1816 289.9997 290.1354 289.7010  2745.43
2005 1.1641603E-08 2.6688197E-08 3.7377106E-08 1.4067392E-08 1.6003513E-08 2.5268594E-08 2.2700743E-08 2.6198196E-08 1.5234169E-08 2.1604016E-08 3.5245908E-08 4.1228510E-08 1.8924675E-08 3.0175240E-08 4.4686416E-08 4.6915961E-08  291.0933 294.1973 299.2162 295.8334 291.5095 295.6213 298.3897 297.3268 291.4651 294.7932 294.4507 292.8990 287.5773 290.4904 290.4247 290.0053  128.8
2006 1.4770161E-08 3.2865966E-08 4.0431118E-08 1.5049213E-08 2.0598293E-08 3.5078994E-08 2.7070980E-08 2.7988968E-08 2.0407466E-08 2.8378059E-08 3.9396401E-08 4.4903640E-08 2.2588960E-08 3.2535539E-08 4.2572406E-08 5.0492599E-08  291.0133 293.8553 298.7874 295.9250 291.0429 294.7642 297.6472 296.9363 290.6298 293.5342 293.4504 292.2439 286.8390 289.5432 289.5418 289.2230  82.8667
2007 1.8695609E-08 3.4331318E-08 3.9901000E-08 1.4061633E-08 2.1015786E-08 3.5325098E-08 2.5866136E-08 2.3769251E-08 1.7105327E-08 2.8583958E-08 3.3908439E-08 3.6267149E-08 1.6257374E-08 2.7031364E-08 3.5383152E-08 4.0164267E-08  291.3846 294.5238 299.5192 296.0775 291.9120 296.0862 299.1477 298.3378 292.4621 295.6365 295.7609 294.3537 289.0522 291.8731 291.9894 291.4633  240.933
2008 1.2165478E-08 3.1201033E-08 3.7144034E-08 1.3140309E-08 1.5900092E-08 2.7122992E-08 1.8527103E-08 2.1529363E-08 1.2304640E-08 1.9372722E-08 2.5299759E-08 2.9937084E-08 1.4321361E-08 2.3561299E-08 3.1562934E-08 3.5077289E-08  291.9749 294.9283 299.7471 296.2265 292.4023 296.4716 299.3212 298.2342 292.6427 295.7537 295.6425 294.0240 288.9041 291.7516 291.7606 291.0536  96.2667
2009 1.5624840E-08 3.5057752E-08 3.4419379E-08 1.1888792E-08 2.1950823E-08 3.0437938E-08 2.4581770E-08 3.0165804E-08 2.0814866E-08 2.8813645E-08 3.6553036E-08 4.1511658E-08 2.2239551E-08 3.4182349E-08 4.2455003E-08 4.5711747E-08  290.4509 292.9692 298.0092 295.6259 290.8312 294.3855 296.9155 296.2102 290.8315 293.3991 293.0565 291.8736 287.0458 289.6195 289.6885 289.3694  268.7
2010 1.4443700E-08 2.9935610E-08 2.8259906E-08 1.0020596E-08 1.6388556E-08 2.3729042E-08 1.6537525E-08 1.8683794E-08 1.0019998E-08 1.7239557E-08 2.1949093E-08 2.3974428E-08 1.0324245E-08 1.8134534E-08 2.7822340E-08 3.0459745E-08  292.7952 295.7618 300.6547 296.3077 293.3434 297.5567 300.3029 299.0793 293.6541 297.0101 297.2219 295.4744 290.1599 293.2673 293.2919 292.3391  88.1333
2011 1.2161382E-08 2.8739295E-08 3.4365083E-08 1.1765993E-08 1.4630250E-08 2.6751573E-08 2.0285357E-08 2.1396268E-08 1.1961705E-08 2.0662990E-08 3.0080660E-08 3.6714198E-08 1.4562366E-08 2.3201732E-08 3.5306517E-08 4.3591424E-08  292.2430 295.2477 300.1144 296.2159 292.4861 296.4044 299.2817 298.2596 292.3283 295.2420 294.9913 293.4738 288.4700 291.0276 290.8301 290.1190  74.4667
2012 1.2543975E-08 2.9298212E-08 3.6202209E-08 1.3079136E-08 1.7198550E-08 3.0710790E-08 2.6635856E-08 2.8668193E-08 1.5933686E-08 2.9688460E-08 3.9679428E-08 4.2585977E-08 1.7889175E-08 3.1197501E-08 4.3229793E-08 4.6547957E-08  290.9492 293.7861 299.0192 295.9211 291.2793 295.2190 298.0956 297.1816 291.4424 294.3513 294.0902 292.7941 287.8053 290.4632 290.5246 290.2298  47.7667
2013 1.3003931E-08 3.0163850E-08 3.9463501E-08 1.5057262E-08 1.5976214E-08 2.5314131E-08 2.0725304E-08 2.2079879E-08 1.3638219E-08 2.0162052E-08 2.8063170E-08 3.3208778E-08 1.5811819E-08 2.4046654E-08 3.4512169E-08 3.9121318E-08  291.2705 294.1976 299.1301 296.0540 291.6138 295.5820 298.6027 297.6116 291.5721 294.7585 294.8130 293.3585 287.8591 290.6898 290.9308 290.4901  119.733
2014 1.5082557E-08 3.1292593E-08 3.7297802E-08 1.5729434E-08 2.0233955E-08 3.1090895E-08 2.6209383E-08 2.7863136E-08 1.9908736E-08 2.8297150E-08 3.8940009E-08 4.3250477E-08 2.5514044E-08 3.9946389E-08 4.9187864E-08 5.1009909E-08  290.7300 293.5515 298.4218 295.4303 290.7384 294.2816 296.8703 296.1679 290.2084 292.8914 292.6097 291.4465 286.2135 288.8275 288.9523 288.7070  76.5333
2015 1.5359964E-08 3.6000884E-08 3.4676191E-08 1.5752198E-08 2.3184640E-08 3.3201434E-08 2.5968975E-08 2.7484706E-08 2.2327697E-08 2.9789902E-08 3.7993075E-08 4.5069921E-08 2.4206242E-08 3.6634479E-08 4.6747115E-08 5.5377601E-08  290.8273 293.5346 298.5367 295.0882 291.0305 294.5865 297.1858 296.2795 290.5765 293.3630 292.9493 291.7990 286.5707 289.2390 289.3291 288.9738  203.267
