STN,prec_1,prec_2,prec_3,prec_4,prec_5,prec_6,prec_7,prec_8,prec_9,prec_10,prec_11,prec_12,prec_13,prec_14,prec_15,prec_16,st_1,st_2,st_3,st_4,st_5,st_6,st_7,st_8,st_9,st_10,st_11,st_12,st_13,st_14,st_15,st_16,02.0
LAT,26.51077,26.51077,26.51077,26.51077,29.30136,29.30136,29.30136,29.30136,32.09194,32.09194,32.09194,32.09194,34.88252,34.88252,34.88252,34.88252,26.51077,26.51077,26.51077,26.51077,29.30136,29.30136,29.30136,29.30136,32.09194,32.09194,32.09194,32.09194,34.88252,34.88252,34.88252,34.88252,30.7512899
LON,-104.0625,-101.2500,-98.43750,-95.62500,-104.0625,-101.2500,-98.43750,-95.62500,-104.0625,-101.2500,-98.43750,-95.62500,-104.0625,-101.2500,-98.43750,-95.62500,-104.0625,-101.2500,-98.43750,-95.62500,-104.0625,-101.2500,-98.43750,-95.62500,-104.0625,-101.2500,-98.43750,-95.62500,-104.0625,-101.2500,-98.43750,-95.62500,-98.6697599
1958 2.0850068E-08 3.7803687E-08 2.4506235E-08 9.2615311E-09 2.6383043E-08 3.1250067E-08 1.3310625E-08 1.9328672E-08 2.2893222E-08 2.8014908E-08 2.2784789E-08 2.8170446E-08 2.4150062E-08 3.8076056E-08 3.6344716E-08 3.4871395E-08  295.3250 297.2622 301.9850 298.3629 296.3332 299.5324 301.9694 300.7523 297.0389 299.4391 298.8263 297.3079 293.7289 295.9926 296.0441 295.4193  1679.86
1959 2.6157542E-08 3.6795143E-08 1.7822737E-08 7.7653137E-09 2.9936416E-08 2.9005419E-08 1.0714088E-08 1.8173075E-08 2.2525443E-08 2.2843981E-08 1.9865661E-08 2.6779766E-08 2.2242943E-08 3.1981628E-08 3.6000646E-08 3.7983398E-08  295.4529 297.7116 302.7376 298.2415 296.6418 300.3057 303.2140 301.7458 297.3662 300.4833 300.3490 298.4705 294.3066 296.7231 296.7933 295.8568  206.321
1960 2.6272829E-08 3.1170089E-08 1.2633719E-08 6.8974888E-09 2.7304189E-08 2.3495799E-08 6.3277730E-09 1.7715371E-08 2.2200897E-08 2.3144556E-08 1.6639911E-08 2.7738455E-08 2.3819119E-08 3.3820577E-08 3.1658452E-08 3.6213159E-08  295.7391 297.9342 302.9829 298.3668 296.9097 300.5403 303.4536 302.0862 297.6556 300.4245 300.3556 298.4085 294.4847 296.7588 296.8425 295.9932  499.621
1961 2.4604121E-08 2.8440853E-08 1.4719647E-08 7.5923241E-09 2.7029584E-08 2.5272184E-08 1.0259031E-08 1.6192047E-08 2.0325647E-08 2.5782612E-08 1.9724334E-08 2.6539311E-08 2.2821958E-08 3.2819006E-08 3.3939454E-08 3.4070336E-08  295.9324 298.4222 303.2227 298.4304 297.2469 300.9592 303.6513 302.4374 298.1003 300.8703 300.7802 298.9998 295.0320 297.3331 297.2530 296.3328  865.25
1962 2.6461146E-08 3.3489840E-08 1.7313724E-08 8.5527372E-09 2.8623171E-08 2.5047122E-08 8.7016083E-09 1.7777820E-08 2.0299096E-08 1.9586816E-08 1.5654088E-08 2.2641187E-08 2.0954809E-08 2.6447932E-08 2.7629559E-08 2.9877885E-08  295.4972 297.8325 302.8597 298.5381 296.7064 300.4495 303.3616 302.2064 297.8261 300.6424 300.7428 298.7996 294.7579 297.2572 297.3094 296.2835  157.75
1963 3.0547444E-08 3.9554244E-08 1.9979906E-08 7.4860447E-09 2.9306047E-08 2.7125699E-08 8.0550704E-09 1.7604149E-08 2.1110068E-08 1.9693809E-08 1.4994111E-08 2.2554319E-08 1.8686999E-08 2.7070021E-08 2.6847060E-08 2.9213821E-08  295.1780 297.5291 302.9005 298.4960 296.5874 300.5074 303.8623 302.6092 298.0711 301.0655 301.5044 299.3903 295.2466 297.8457 297.7972 296.6297  105.214
1964 2.1358179E-08 3.7577106E-08 1.8998659E-08 6.7291932E-09 2.5339427E-08 2.9989966E-08 9.8247241E-09 1.7069437E-08 2.0758234E-08 2.4473009E-08 1.7783353E-08 2.6463903E-08 2.0331402E-08 3.0777340E-08 2.8422718E-08 2.9633650E-08  295.5423 297.6020 302.4978 298.4146 296.7502 300.0404 302.9043 301.7902 297.5599 300.0521 299.8605 298.0537 294.2979 296.6383 296.7447 295.9904  161.517
1965 2.6620528E-08 3.6774200E-08 2.3078060E-08 7.6461486E-09 3.1918233E-08 3.1241747E-08 1.1065385E-08 2.3391420E-08 2.7310735E-08 2.9010213E-08 2.2075108E-08 3.2268265E-08 3.0402319E-08 3.7493102E-08 3.3873292E-08 3.7663774E-08  295.1938 297.3671 302.4089 298.3468 296.4106 299.9399 302.9740 301.7745 297.2621 299.8911 299.9164 298.0750 294.1170 296.5376 296.5988 295.7320  786.786
1966 2.5251953E-08 3.8537518E-08 2.0088409E-08 6.7931478E-09 2.7443244E-08 2.9555297E-08 9.4715444E-09 1.4165560E-08 2.3375941E-08 2.7260658E-08 1.8231058E-08 2.2713397E-08 2.3700915E-08 3.6262442E-08 3.2973769E-08 3.2619997E-08  295.3389 297.3445 301.9504 298.1968 296.3590 299.5941 302.1307 300.9508 296.9178 299.5472 299.2205 297.7758 293.5281 296.0518 296.3932 295.6675  111.893
1967 2.5520492E-08 3.5958017E-08 1.7774724E-08 7.1558803E-09 2.9874727E-08 2.8355961E-08 8.1323313E-09 1.8269912E-08 2.3702473E-08 2.4799908E-08 1.7509221E-08 2.8779750E-08 2.4330692E-08 3.3224307E-08 3.2057137E-08 3.4539227E-08  295.2788 297.3695 302.4544 298.4086 296.5317 300.0710 303.1156 302.0291 297.4812 300.2081 300.3836 298.5866 294.4151 296.7622 296.7923 295.9578  103.393
1968 3.1478393E-08 4.0066148E-08 2.2044079E-08 1.1178218E-08 3.4170281E-08 3.1325243E-08 1.2432454E-08 1.8030045E-08 2.4146368E-08 2.6782347E-08 1.9338735E-08 2.6325111E-08 2.3998158E-08 3.5532693E-08 3.3142253E-08 3.3214526E-08  294.9522 297.1938 302.2728 298.6052 295.9739 299.5828 302.7717 301.9835 297.0603 299.7904 299.9009 298.5378 294.2601 296.5661 296.6666 296.1718  500.034
1969 2.4774470E-08 4.1535269E-08 2.6714682E-08 8.3897733E-09 3.2625476E-08 3.6276077E-08 1.4158520E-08 2.0485198E-08 2.7065676E-08 3.1881754E-08 2.4754781E-08 2.9670410E-08 2.6233421E-08 4.1129919E-08 3.8876561E-08 3.7865835E-08  295.3716 297.4388 302.3782 298.7087 296.2409 299.3871 302.2951 301.5783 296.8863 299.2858 299.2123 298.0427 293.8388 296.1449 296.3235 295.9268  135.107
1970 2.6942310E-08 4.2662428E-08 2.0473465E-08 7.9837497E-09 3.1573563E-08 3.4365481E-08 1.0022401E-08 1.9728095E-08 2.3620252E-08 2.8637588E-08 2.1171008E-08 2.8237311E-08 2.5074641E-08 3.3434333E-08 3.3673047E-08 3.6497902E-08  295.4072 297.3234 302.3162 298.3336 296.3108 299.8159 302.7525 301.6253 297.1076 299.6273 299.5893 298.0704 293.7369 296.0272 296.2383 295.6176  534.143
1971 2.8241804E-08 3.5104556E-08 2.0491324E-08 8.3039815E-09 2.9069351E-08 2.4896668E-08 8.7248555E-09 2.1530035E-08 1.9635618E-08 2.0654161E-08 1.5906544E-08 2.8632499E-08 1.8309143E-08 2.7449047E-08 2.7921418E-08 3.5519321E-08  295.1659 297.6003 302.9143 298.6725 296.7416 300.5982 303.7930 302.5423 298.0996 301.0286 301.4513 299.4445 295.2444 297.6323 297.9249 296.8969  134.571
1972 2.9185871E-08 3.5035079E-08 2.8166310E-08 9.0614654E-09 3.3557136E-08 3.4295940E-08 1.2994152E-08 2.1864182E-08 2.7446099E-08 2.8791201E-08 2.1242348E-08 2.9847275E-08 2.6055929E-08 3.5441079E-08 3.3652753E-08 3.3833015E-08  294.3528 296.9751 302.0566 298.4744 295.5057 299.4670 302.7544 301.6010 296.6801 299.5816 299.8657 298.1488 293.7534 296.3201 296.5557 295.8059  254.31
1973 2.1935133E-08 4.1178204E-08 2.6630252E-08 8.1921012E-09 2.8351412E-08 3.6745298E-08 1.2137568E-08 1.5400849E-08 2.2804130E-08 2.7330017E-08 1.7922602E-08 2.7708884E-08 2.3141853E-08 3.7299678E-08 3.4277086E-08 3.6088739E-08  295.6593 297.4625 302.0062 298.4258 296.6159 299.5682 302.1438 301.1825 297.2518 299.5497 299.1318 297.7212 293.8567 295.9649 296.0979 295.5208  307.714
1974 3.4311981E-08 2.9082221E-08 1.0589787E-08 7.8360340E-09 2.9094734E-08 1.7490152E-08 4.8737117E-09 2.1469246E-08 2.0059993E-08 1.7176308E-08 1.1384696E-08 2.4436435E-08 1.9801842E-08 2.4856504E-08 2.3876620E-08 2.7706676E-08  295.2267 297.9922 303.7715 298.5742 297.4931 301.6812 304.8777 303.2855 298.9762 302.2567 303.1332 301.1747 296.2139 298.8649 299.4921 298.4637  185.357
1975 2.6235362E-08 3.7577564E-08 2.2297817E-08 8.4832914E-09 2.7835622E-08 2.9601059E-08 1.0907785E-08 2.0848262E-08 2.2627225E-08 2.7242624E-08 1.9599920E-08 2.6954751E-08 2.5113135E-08 3.5834105E-08 3.4699756E-08 3.5770270E-08  294.8900 297.2681 302.7163 298.6009 296.2717 299.9219 303.1279 302.0798 297.3319 300.1175 300.4205 298.8573 294.1611 296.5419 296.7646 296.2556  984.643
1976 3.4323293E-08 3.7306663E-08 1.7349885E-08 7.8373636E-09 3.0616253E-08 2.5798013E-08 7.3030884E-09 1.5831700E-08 2.1539243E-08 2.0963137E-08 1.3174647E-08 2.0972706E-08 1.9701119E-08 2.7174970E-08 2.7620494E-08 2.9722630E-08  294.8282 297.5659 303.4004 298.6180 296.6236 300.7646 304.2601 302.9915 298.2157 301.2766 301.9644 300.1195 295.4044 297.8363 298.0149 296.9640  204.31
1977 2.0218950E-08 4.2349864E-08 3.1079615E-08 7.8676399E-09 2.7196112E-08 3.7373407E-08 1.6415747E-08 1.8529800E-08 2.5262498E-08 3.4535734E-08 3.1646508E-08 3.5212143E-08 2.8333188E-08 4.3984674E-08 4.6279713E-08 4.4710461E-08  295.0246 297.1396 301.8235 298.2112 295.8230 299.0956 301.8280 301.0400 296.2283 298.6673 298.2341 297.1485 292.6883 295.0897 295.2504 294.9820  327.964
1978 2.1845352E-08 3.7516877E-08 2.3741816E-08 7.3209181E-09 2.6025090E-08 3.2351515E-08 1.2408567E-08 2.0263119E-08 2.2188040E-08 2.7952385E-08 2.0662766E-08 2.9479715E-08 2.4225219E-08 3.6215923E-08 3.5952983E-08 3.5195601E-08  295.3130 297.3864 302.1977 298.4701 296.4293 299.7296 302.6597 301.5076 297.0337 299.7005 299.5732 297.7859 293.5435 295.9776 296.0426 295.3511  187.75
1979 2.4636856E-08 3.7161644E-08 2.0693475E-08 8.4898080E-09 2.7769543E-08 2.8332021E-08 1.1006347E-08 1.8972624E-08 2.1109354E-08 2.4398489E-08 1.8806631E-08 2.6814451E-08 2.3703031E-08 3.0872915E-08 3.2709696E-08 3.6888803E-08  295.6044 297.5783 302.3721 298.4387 296.8138 300.0728 302.6325 301.5978 297.4791 300.1458 299.8052 298.1171 294.1325 296.7831 296.8319 296.0713  322.929
1980 2.8328397E-08 3.5287393E-08 1.8197239E-08 8.1248785E-09 3.0259041E-08 2.8445735E-08 9.7398702E-09 1.8783387E-08 2.2843443E-08 2.2007722E-08 1.5710469E-08 2.3459704E-08 2.4223032E-08 2.8467433E-08 2.8260391E-08 3.0012213E-08  295.3693 297.5341 302.3277 298.5194 296.6441 299.9638 302.7681 301.4921 297.5641 300.1762 299.9995 298.1187 294.5441 296.8580 296.7958 295.8470  137.966
1981 2.7607690E-08 3.4080280E-08 1.9120145E-08 8.1391756E-09 2.9800558E-08 2.5034318E-08 9.3563965E-09 1.5352072E-08 2.2204627E-08 2.3089763E-08 1.6851486E-08 2.1781068E-08 2.1369374E-08 2.9763925E-08 2.8578405E-08 3.0706971E-08  295.5009 297.6624 302.4499 298.3675 296.8949 300.3940 303.2292 302.1117 297.8877 300.5957 300.7655 298.9161 294.9975 297.4871 297.5589 296.5458  166.679
1982 2.8559610E-08 3.7853408E-08 2.3540762E-08 7.9976994E-09 3.0610572E-08 2.6297373E-08 1.1483015E-08 1.6604961E-08 2.0903453E-08 2.3716680E-08 2.1736316E-08 2.7782747E-08 2.1690319E-08 3.1937528E-08 3.6951157E-08 3.5744122E-08  295.2898 297.6698 302.5961 298.3798 296.6278 300.3693 303.2847 302.1929 297.5841 300.4680 300.3435 298.7018 294.3834 296.7994 296.7904 296.2482  223.357
1983 2.2187242E-08 4.5787949E-08 3.7039552E-08 8.6078940E-09 3.2358457E-08 4.4613540E-08 2.3601768E-08 2.5536826E-08 3.0506889E-08 4.1345430E-08 3.9937692E-08 4.2099622E-08 2.9646735E-08 4.8920995E-08 4.9432121E-08 4.5022006E-08  294.7590 296.9130 301.7163 298.2664 295.2453 298.6354 301.2258 300.5655 295.6624 297.7970 297.6661 296.7829 292.3587 294.7194 295.0401 294.9797  239.607
1984 3.3005133E-08 4.2003876E-08 2.3327257E-08 9.7935482E-09 3.0827710E-08 2.8226067E-08 1.1078866E-08 2.7653638E-08 2.2060004E-08 2.3696439E-08 1.7561172E-08 3.5198234E-08 2.3176336E-08 3.1227451E-08 3.3378104E-08 3.8677157E-08  294.8248 297.1280 302.3961 298.2431 296.4987 300.1695 303.3068 302.1083 297.8315 300.6824 300.8422 299.0853 295.0495 297.3788 297.5105 296.7816  95.0345
1985 2.7767445E-08 3.4680426E-08 1.7154351E-08 8.4426857E-09 2.6633579E-08 2.2581730E-08 7.6670492E-09 2.1436431E-08 1.9101062E-08 1.9250779E-08 1.2577410E-08 2.2844610E-08 2.0091282E-08 2.6162828E-08 2.6515028E-08 2.8549326E-08  295.3627 297.6106 302.8557 298.2704 296.9861 300.7487 303.7701 302.2823 298.2271 301.2823 301.7034 299.5612 295.4178 297.9016 298.0516 296.8449  422.75
1986 2.8163182E-08 4.3112177E-08 2.6727475E-08 9.6246184E-09 3.1219194E-08 3.0698853E-08 1.1434497E-08 2.1151466E-08 2.3461087E-08 2.5011829E-08 1.8056385E-08 2.8186244E-08 2.0122325E-08 2.7822967E-08 2.9793203E-08 3.4881051E-08  294.8378 296.9471 301.9735 298.3312 296.1345 299.6973 302.8768 301.7791 297.2358 300.0902 300.4622 298.5261 294.3815 296.9696 297.3123 296.4476  479.536
1987 2.8265964E-08 4.5293298E-08 3.4983000E-08 9.9510951E-09 3.4869089E-08 3.9517349E-08 1.7780698E-08 2.4224713E-08 2.9349842E-08 3.5028734E-08 2.6643937E-08 3.4516454E-08 2.9692558E-08 4.3555360E-08 3.9688260E-08 3.8653862E-08  294.4363 296.4909 301.1319 298.3040 295.3763 298.4940 301.4286 300.6012 295.9157 298.3173 298.3494 297.0536 292.6766 295.1190 295.5627 295.1239  504.214
1988 2.4134955E-08 4.0232432E-08 2.8908193E-08 1.0064125E-08 2.9550051E-08 3.6147568E-08 1.5598022E-08 2.2941443E-08 2.2667297E-08 2.9284596E-08 2.4976520E-08 2.9010948E-08 2.2541403E-08 3.3215123E-08 3.6689869E-08 3.7983718E-08  295.2643 297.6173 302.3772 298.1353 296.2585 299.8017 302.8497 301.7756 296.9368 299.6517 299.7477 298.3146 293.8028 296.1638 296.3170 295.6042  257.517
1989 3.5025558E-08 3.6529279E-08 1.6811043E-08 7.6172082E-09 3.1773180E-08 2.3569370E-08 7.5940738E-09 1.7397035E-08 2.1842656E-08 1.8761069E-08 1.4236512E-08 2.4174470E-08 2.1018664E-08 2.4421539E-08 2.5072783E-08 2.9762621E-08  294.5446 297.3000 302.9939 298.4813 296.4771 300.7784 304.1722 302.9677 298.1300 301.4596 302.2555 300.4514 295.6191 298.3362 298.8243 297.7472  338.857
1990 2.1552843E-08 4.0507320E-08 2.7507561E-08 8.6564613E-09 2.5440778E-08 3.2984218E-08 1.2962928E-08 1.9339211E-08 2.3212717E-08 3.0628478E-08 2.4014257E-08 2.8206703E-08 2.5303203E-08 3.6897518E-08 3.7134612E-08 3.5574903E-08  295.3560 297.3904 302.1927 298.5451 296.3679 299.8128 302.8737 301.8132 297.0337 299.8154 299.9720 298.3514 293.9201 296.4197 296.6761 296.1230  214.179
1991 2.3538920E-08 4.4087969E-08 2.8489588E-08 1.0278524E-08 3.0195789E-08 3.4228286E-08 1.4730425E-08 2.1076671E-08 2.3415435E-08 2.8529767E-08 2.0471028E-08 2.5935378E-08 2.3275071E-08 3.7454019E-08 3.4770707E-08 3.6223977E-08  295.1556 296.8789 301.5627 298.4790 296.1044 299.2630 302.1127 301.0340 296.7762 299.4933 299.2094 297.4827 293.4799 295.8838 295.9674 295.3476  188.929
1992 2.4691733E-08 4.4409791E-08 2.5459478E-08 8.8187218E-09 3.3108343E-08 3.5224804E-08 1.3386440E-08 1.9555541E-08 3.0355764E-08 3.1053016E-08 2.1654996E-08 2.8579699E-08 3.1262694E-08 4.0463831E-08 3.7238934E-08 3.7493308E-08  294.9971 296.8443 301.4250 298.1978 295.6409 298.8021 301.5578 300.5639 296.0021 298.2681 298.0942 296.9894 292.4790 294.8660 295.2003 294.8860  3753.69
1993 2.2875847E-08 3.8990539E-08 2.6261471E-08 8.9369578E-09 2.7460866E-08 3.1026246E-08 1.5204179E-08 2.4241801E-08 2.2808431E-08 2.6644800E-08 2.4847362E-08 3.3421333E-08 2.1831269E-08 3.3217127E-08 3.6518234E-08 3.5962557E-08  295.2521 297.1219 301.5755 298.4355 296.2062 299.4127 302.0238 300.9750 296.6027 299.3496 299.1884 297.5257 293.4714 296.2119 296.3591 295.6124  437.679
1994 2.7001864E-08 4.4929550E-08 2.5758572E-08 8.3033314E-09 3.5097496E-08 3.6461245E-08 1.3455565E-08 2.0850234E-08 2.7952353E-08 3.1822186E-08 2.3246635E-08 3.0323317E-08 2.6775403E-08 4.0784229E-08 3.9897454E-08 3.8776491E-08  294.7511 296.8747 301.8201 298.1752 295.5250 299.1872 302.2870 301.1556 296.3296 298.9662 299.1514 297.4550 293.1983 295.5253 295.6336 295.1076  193.071
1995 2.0550674E-08 4.5050648E-08 3.0800859E-08 8.2888567E-09 2.7769268E-08 3.9251610E-08 1.4937379E-08 2.0984375E-08 2.6572021E-08 3.2586147E-08 2.5599579E-08 3.3407783E-08 2.7262697E-08 3.8503028E-08 3.7278799E-08 3.8017699E-08  295.3238 297.1154 301.8705 298.5050 296.2514 299.3307 302.1255 300.9480 296.6999 299.1481 298.8973 297.3226 293.3277 295.7114 296.0093 295.4547  189.071
1996 2.6694462E-08 3.6569467E-08 2.3428258E-08 9.7311981E-09 2.7596997E-08 2.7025061E-08 1.1895187E-08 2.4098529E-08 2.1319618E-08 2.4857224E-08 1.8772081E-08 3.1373943E-08 2.0449834E-08 2.9575551E-08 2.9598249E-08 3.5247840E-08  295.1163 297.4240 302.4382 298.5370 296.4574 300.1405 303.1095 302.0489 297.5122 300.4403 300.5882 298.6598 294.5390 297.1457 297.3211 296.4229  107.414
1997 2.8315315E-08 5.3502092E-08 3.9224435E-08 1.1517823E-08 3.4609823E-08 3.9831587E-08 2.0450265E-08 2.5687463E-08 2.5716757E-08 2.9594968E-08 2.7374542E-08 3.6972544E-08 2.4686349E-08 3.7157324E-08 4.1123737E-08 4.2157662E-08  294.6008 296.3894 301.3732 298.6187 295.6955 299.0980 302.2457 301.4506 296.6693 299.5395 299.8854 298.2696 293.7806 296.3285 296.6288 295.9912  2349.25
1998 2.2723146E-08 4.4758213E-08 3.2632091E-08 9.1722629E-09 3.0647413E-08 3.8882490E-08 1.7259692E-08 2.3498314E-08 2.7460976E-08 3.4904019E-08 2.8095382E-08 3.3808313E-08 3.0231877E-08 4.1238721E-08 4.2026656E-08 4.3851308E-08  295.1348 297.2706 302.2135 298.1391 295.7914 299.1263 302.0033 300.7935 296.3588 298.5029 298.2153 296.9644 292.7923 294.9377 295.0134 294.6268  316.25
1999 2.6171630E-08 2.9567165E-08 1.5155194E-08 8.7931005E-09 2.3056224E-08 1.8892209E-08 6.2067378E-09 1.6505570E-08 1.7824041E-08 1.8772901E-08 1.4307060E-08 2.0834609E-08 1.7939485E-08 2.4532882E-08 2.6135050E-08 2.6209097E-08  295.5879 298.3564 303.5799 298.1234 297.4740 301.5540 304.3229 302.8375 298.7371 301.8098 302.0696 300.3341 295.7267 298.4134 298.7722 297.8634  190.607
2000 3.0998024E-08 3.3971901E-08 1.9693074E-08 9.0506083E-09 3.1625639E-08 2.7634819E-08 9.2072598E-09 2.0979090E-08 2.0932108E-08 2.1881588E-08 1.6096934E-08 2.4134112E-08 1.8648359E-08 2.5520654E-08 2.6700029E-08 2.6525516E-08  295.3440 297.9562 303.3425 298.7887 297.0654 301.0914 304.1396 302.9820 298.7412 301.8111 302.3136 300.7260 296.2510 299.0171 299.5107 298.6064  132.138
2001 2.7405063E-08 4.0340495E-08 1.8746205E-08 7.4959257E-09 3.1833785E-08 3.3301468E-08 8.7371586E-09 1.4229783E-08 2.5373980E-08 3.1604952E-08 1.7161851E-08 2.4125464E-08 2.4383997E-08 3.5403929E-08 3.4154038E-08 3.4574995E-08  295.1767 297.4776 302.8171 298.8004 296.5522 300.3649 303.6621 302.6371 297.7764 300.6953 300.9891 299.2143 295.0593 297.5689 297.6804 296.9018  634.464
2002 3.0308055E-08 3.9746048E-08 2.1621220E-08 7.7881879E-09 2.8665688E-08 2.8713478E-08 9.8843378E-09 1.9132834E-08 2.0098973E-08 2.1693200E-08 1.7444149E-08 2.6225818E-08 1.8166570E-08 2.5837574E-08 2.9841395E-08 3.2770103E-08  295.2976 297.4511 302.7915 298.6507 296.8636 300.5355 303.7469 302.2529 298.1433 301.1254 301.3794 299.1656 295.3389 297.9716 298.0018 296.9471  278.071
2003 2.2431212E-08 4.0520465E-08 2.5296643E-08 7.8492421E-09 3.1069845E-08 3.7562131E-08 1.2910699E-08 2.0305729E-08 2.5657457E-08 3.3798834E-08 2.2807935E-08 3.1643264E-08 2.4846091E-08 3.8397793E-08 3.5207719E-08 3.7962074E-08  295.0758 297.0245 301.7381 297.8675 295.8313 299.2094 302.0478 301.0823 296.6400 299.2325 299.0815 297.6317 293.5469 296.1299 296.3314 295.7324  223.893
2004 2.4873234E-08 2.9053373E-08 1.5607251E-08 7.4947373E-09 2.6002033E-08 2.2117357E-08 6.9002408E-09 1.4278124E-08 1.8552276E-08 2.1337030E-08 1.4752562E-08 2.1495836E-08 1.9277634E-08 2.8992996E-08 2.8184548E-08 2.9645276E-08  296.0308 298.1609 302.7157 298.3466 297.3699 300.7198 303.2522 301.8952 298.1677 300.8236 300.3517 298.3958 295.0037 297.2719 297.2340 296.2959  147.034
2005 2.4885168E-08 4.1579682E-08 2.7323106E-08 8.9620524E-09 3.3279896E-08 3.3665057E-08 1.5213574E-08 2.0838691E-08 2.6129374E-08 2.8555407E-08 2.4103157E-08 2.8423155E-08 2.5513181E-08 3.6641694E-08 3.7425281E-08 3.9132114E-08  295.2353 297.3068 301.8576 298.6075 296.0425 299.4462 302.2712 301.2852 296.6750 299.4038 299.2478 297.9260 293.5797 296.1529 296.4331 295.8918  447.107
2006 2.8708609E-08 4.0266428E-08 1.9869924E-08 7.9197626E-09 3.0082678E-08 3.1172092E-08 1.0071029E-08 2.0012550E-08 2.3915423E-08 2.7617656E-08 1.8238001E-08 2.9271522E-08 2.1500499E-08 3.4990688E-08 3.2433608E-08 3.4249886E-08  295.4461 297.5870 302.5200 298.4837 296.6740 300.0235 302.7678 301.9116 297.5008 300.0224 299.8674 298.3283 294.5742 296.8645 296.9252 296.1850  129
2007 2.3396797E-08 4.0394646E-08 2.6129403E-08 8.2812495E-09 2.8344662E-08 3.5941508E-08 1.4993839E-08 2.3382686E-08 2.2524352E-08 2.8334252E-08 2.0056612E-08 3.3064328E-08 2.2634044E-08 3.2633654E-08 3.1653769E-08 3.6012878E-08  295.5547 297.5003 302.0313 298.3831 296.4291 299.5758 302.1083 301.0656 297.0896 299.4814 299.1477 297.5975 293.9905 296.2875 296.3982 295.5797  103.679
2008 2.9412019E-08 3.7791779E-08 1.9402105E-08 9.9898481E-09 2.8533574E-08 2.4315876E-08 5.8707226E-09 2.0947684E-08 1.8037369E-08 2.1053527E-08 1.0512276E-08 1.9790757E-08 1.9098367E-08 2.4706491E-08 2.3291573E-08 2.7841693E-08  295.1158 297.2997 302.8608 298.5280 296.8019 300.6710 303.9666 302.4887 298.3394 301.3422 301.9599 299.9259 295.6390 298.2104 298.5193 297.4071  197.793
2009 2.6838910E-08 2.8909374E-08 9.9450004E-09 7.7989615E-09 2.6307452E-08 2.1361199E-08 5.1628932E-09 1.4966936E-08 1.6702892E-08 1.7835246E-08 1.1173247E-08 1.9980401E-08 1.5795489E-08 2.3113341E-08 2.3016760E-08 2.6823162E-08  296.0997 298.4937 303.6764 298.6739 297.8422 301.4922 304.2399 302.8554 299.3275 301.9495 301.8224 299.6255 296.5102 298.6382 298.3622 297.1427  100.607
2010 2.3650186E-08 3.8114162E-08 2.6079443E-08 8.0042604E-09 2.9854142E-08 3.4761527E-08 1.2762305E-08 1.9515587E-08 2.5178437E-08 3.2715423E-08 2.5564333E-08 3.1250849E-08 2.8278194E-08 4.2172026E-08 4.0104730E-08 4.2207567E-08  0.0000000E+00 0.0000000E+00 0.0000000E+00 0.0000000E+00 0.0000000E+00 0.0000000E+00 0.0000000E+00 0.0000000E+00 0.0000000E+00 0.0000000E+00 0.0000000E+00 0.0000000E+00 0.0000000E+00 0.0000000E+00 0.0000000E+00 0.0000000E+00  1082.57
2011 2.5232445E-08 2.5766658E-08 1.2855804E-08 7.8857658E-09 2.3375193E-08 1.7391399E-08 5.0094378E-09 1.6497886E-08 1.7715211E-08 1.6727068E-08 1.0273687E-08 1.8317127E-08 1.7040829E-08 2.1153710E-08 2.0456667E-08 2.4213950E-08  296.0747 298.6454 303.9462 298.5509 298.0471 302.0323 304.8092 303.3241 299.5161 302.4672 303.1161 301.1385 296.6850 299.2506 299.6830 298.3894  114
2012 2.8288733E-08 3.4300442E-08 1.8638588E-08 8.0884162E-09 3.1075210E-08 2.5081151E-08 8.4018286E-09 1.8172278E-08 2.1133999E-08 2.0539925E-08 1.6005611E-08 2.2514335E-08 2.0179781E-08 2.7573188E-08 2.8710689E-08 2.9136714E-08  295.5138 297.9418 302.9499 298.6415 297.0713 300.9510 303.7965 302.5924 298.4532 301.3022 301.4528 299.5873 295.5549 297.9438 298.1246 297.0999  293.207
2013 2.5823013E-08 3.6214274E-08 2.1989024E-08 9.6372466E-09 2.7848923E-08 2.6009531E-08 9.6489998E-09 1.6730169E-08 1.9623196E-08 2.0658121E-08 1.7189876E-08 2.4026470E-08 1.8962567E-08 2.9646618E-08 2.8247726E-08 3.0918628E-08  295.4467 297.5881 302.2627 298.7332 296.9466 300.5033 303.4757 302.1317 298.0317 300.9405 300.9821 298.9946 295.2277 297.5290 297.7218 296.6059  65.4643
2014 2.6023327E-08 3.8948269E-08 1.9683645E-08 8.8576675E-09 3.0501536E-08 2.9851666E-08 1.0386339E-08 2.0683915E-08 2.2720835E-08 2.3242535E-08 1.6977944E-08 2.5682711E-08 2.1530443E-08 2.7401983E-08 2.8432028E-08 2.9626285E-08  295.4435 297.5850 302.7118 298.7801 296.5816 300.1866 303.3894 302.1763 297.6340 300.5079 300.6700 298.8938 294.9532 297.4270 297.5222 296.7012  80.5714
2015 2.4701803E-08 3.7558291E-08 2.3149111E-08 6.9017729E-09 3.0444252E-08 3.5282159E-08 1.4748993E-08 1.7151409E-08 2.6835417E-08 3.1423184E-08 2.5675632E-08 2.7034281E-08 2.5024317E-08 3.8900023E-08 3.8782471E-08 3.6183209E-08  294.9901 297.0414 301.6142 298.0844 295.8601 299.0584 301.8012 301.1015 296.3443 298.9278 298.8506 297.7410 293.2345 295.8134 296.1632 295.9058  75.25
