STN,prec_1,prec_2,prec_3,prec_4,prec_5,prec_6,prec_7,prec_8,prec_9,prec_10,prec_11,prec_12,prec_13,prec_14,prec_15,prec_16,st_1,st_2,st_3,st_4,st_5,st_6,st_7,st_8,st_9,st_10,st_11,st_12,st_13,st_14,st_15,st_16,12.0
LAT,26.51077,26.51077,26.51077,26.51077,29.30136,29.30136,29.30136,29.30136,32.09194,32.09194,32.09194,32.09194,34.88252,34.88252,34.88252,34.88252,26.51077,26.51077,26.51077,26.51077,29.30136,29.30136,29.30136,29.30136,32.09194,32.09194,32.09194,32.09194,34.88252,34.88252,34.88252,34.88252,30.7512899
LON,-104.0625,-101.2500,-98.43750,-95.62500,-104.0625,-101.2500,-98.43750,-95.62500,-104.0625,-101.2500,-98.43750,-95.62500,-104.0625,-101.2500,-98.43750,-95.62500,-104.0625,-101.2500,-98.43750,-95.62500,-104.0625,-101.2500,-98.43750,-95.62500,-104.0625,-101.2500,-98.43750,-95.62500,-104.0625,-101.2500,-98.43750,-95.62500,-98.6697599
1958 1.8882039E-08 2.5894417E-08 2.1007503E-08 1.6980906E-08 2.0927629E-08 1.8310002E-08 1.9671692E-08 2.2898933E-08 1.4791294E-08 1.4462389E-08 2.1227420E-08 3.1534356E-08 1.4517493E-08 1.7699650E-08 2.3340231E-08 2.9625578E-08  282.2666 284.1926 289.1208 294.9313 280.3130 283.3768 286.0305 286.7570 279.2173 281.0751 281.1231 280.4535 274.5261 276.4630 276.2258 275.7555  239.419
1959 1.2395811E-08 1.8485371E-08 1.5180174E-08 1.6491347E-08 1.4085938E-08 1.5452905E-08 1.5518342E-08 1.9921556E-08 1.2698421E-08 1.6918786E-08 2.0609908E-08 2.9283706E-08 1.3088390E-08 1.8145508E-08 2.3286416E-08 2.9270927E-08  281.6425 283.7897 289.0921 294.9269 279.9284 283.5405 286.5866 286.9901 278.6514 281.1739 281.8644 280.9401 273.8879 276.2401 276.4724 276.1155  247.548
1960 1.3131751E-08 1.7836909E-08 1.3665363E-08 1.4041574E-08 1.4801274E-08 1.3751760E-08 1.4839158E-08 1.9682572E-08 1.2714201E-08 1.3639343E-08 2.0864713E-08 2.9770041E-08 1.1655040E-08 1.4428081E-08 2.1623681E-08 2.9396519E-08  282.5654 284.7284 289.7219 295.0505 280.9236 284.0446 286.6078 287.0718 279.6456 281.4848 281.1987 280.0914 275.0414 276.6387 275.8608 274.9983  533.065
1961 1.5926874E-08 2.2427452E-08 1.7642655E-08 1.6024817E-08 1.8803290E-08 1.6509960E-08 1.6226300E-08 2.0843101E-08 1.3161492E-08 1.3480700E-08 2.1128846E-08 3.3277054E-08 1.2102651E-08 1.3443854E-08 2.0663704E-08 2.9611559E-08  282.5456 284.3318 289.1078 294.7007 280.1534 283.0631 285.8925 286.9437 278.5155 280.5207 280.8953 280.3995 273.5317 275.7080 275.7254 275.5201  200.968
1962 1.9765622E-08 2.5898355E-08 1.9550576E-08 1.5838763E-08 1.8154328E-08 1.6553916E-08 1.7408871E-08 1.9763293E-08 1.3022303E-08 1.3129893E-08 2.0467875E-08 3.0022704E-08 1.1120227E-08 1.3568449E-08 2.0731278E-08 2.8394179E-08  282.8519 284.7838 289.7859 294.6197 281.0927 284.4413 287.2979 287.7243 280.0889 282.3668 282.6175 281.6084 275.6427 277.7068 277.4058 276.6621  111.065
1963 2.4975469E-08 3.0396066E-08 2.4009042E-08 2.2311582E-08 2.4868845E-08 2.2305926E-08 2.7319256E-08 3.5037502E-08 1.5698117E-08 1.8042169E-08 3.0048600E-08 4.8557268E-08 1.3698404E-08 1.7542531E-08 2.5934421E-08 3.8264520E-08  281.4774 283.3952 288.1427 294.6737 279.1646 282.1339 284.6031 285.5491 277.5567 279.5226 279.5919 278.9961 272.7404 274.7779 274.6750 274.3723  94.2903
1964 1.2802194E-08 1.7647384E-08 1.3904107E-08 1.0538998E-08 1.3642793E-08 1.3789209E-08 1.3180373E-08 1.5686384E-08 9.2594767E-09 1.1610877E-08 1.7022058E-08 2.5818254E-08 9.3532631E-09 1.2435363E-08 1.7686729E-08 2.3825764E-08  283.1358 285.3037 290.3246 294.6730 281.4586 284.7252 287.4841 287.7435 279.9945 282.0896 282.2132 281.1889 275.2531 277.2905 276.9132 276.2189  189.29
1965 2.5913117E-08 3.2567453E-08 2.7831533E-08 2.8005990E-08 2.0968050E-08 2.0833751E-08 2.4656416E-08 3.3402870E-08 1.4298208E-08 1.7016411E-08 2.4261020E-08 3.6176548E-08 1.3432832E-08 1.7572962E-08 2.2711763E-08 2.8485227E-08  280.9742 282.9889 287.9813 294.7249 279.3306 282.5428 285.1868 285.9044 278.5198 280.6973 280.6862 279.8582 274.0523 276.3146 276.2029 275.6948  129.452
1966 1.9307738E-08 2.5330788E-08 2.0866635E-08 1.8650081E-08 2.0345990E-08 1.8604918E-08 2.0532955E-08 2.2508903E-08 1.5714027E-08 1.6574724E-08 2.4763169E-08 3.5779312E-08 1.3290570E-08 1.5964385E-08 2.2858995E-08 3.0935261E-08  281.8557 283.7641 288.5637 294.3915 279.4934 282.5765 285.3694 286.2098 277.7092 279.8911 280.2973 279.7598 272.8837 275.0027 275.0515 274.7264  115.839
1967 1.6533866E-08 2.3404642E-08 1.7064433E-08 1.3885878E-08 1.5175630E-08 1.4799224E-08 1.4775320E-08 1.7768716E-08 1.0808533E-08 1.1349605E-08 1.8737021E-08 2.8902567E-08 1.0861710E-08 1.3283583E-08 2.0730488E-08 3.0513789E-08  282.1115 284.1323 289.1374 294.4068 280.4101 283.7406 286.6242 287.2624 279.1246 281.5406 281.9279 281.1819 274.6727 276.9633 276.8622 276.3180  110.484
1968 2.0508537E-08 2.5125077E-08 1.8833166E-08 1.7251896E-08 2.0054593E-08 1.7468677E-08 1.7729294E-08 2.0843439E-08 1.3514764E-08 1.3614063E-08 1.9274337E-08 2.8197556E-08 1.3121500E-08 1.4776411E-08 1.9201433E-08 2.5408568E-08  282.2881 284.1444 288.9556 294.5660 280.4763 283.3149 285.8336 286.4322 279.3851 281.0244 280.8795 279.7697 274.8379 276.4813 275.8177 274.9399  163.097
1969 2.2768479E-08 2.9545097E-08 2.2310454E-08 2.0204629E-08 2.0301808E-08 1.9520851E-08 2.0277069E-08 2.3157135E-08 1.3552330E-08 1.3940751E-08 1.8116276E-08 2.7186575E-08 1.1481943E-08 1.1757392E-08 1.4602993E-08 2.0696595E-08  281.5111 283.0101 287.8200 294.5729 279.4967 282.3720 284.9681 285.6452 278.4846 280.4026 280.5560 279.5936 274.3687 276.4459 276.0867 275.2126  504.742
1970 1.4807641E-08 1.9612617E-08 1.7592638E-08 1.5546364E-08 1.5136818E-08 1.4141549E-08 1.6098868E-08 1.9945981E-08 1.1929283E-08 1.2676260E-08 1.8669457E-08 2.8110986E-08 1.1494550E-08 1.2858241E-08 1.8202417E-08 2.5185379E-08  282.9311 285.1713 290.0262 294.6021 281.0348 284.2324 287.0225 287.4469 279.6717 281.5953 281.6432 280.7950 274.8407 276.5751 275.9754 275.3120  144.645
1971 2.3464622E-08 2.6005919E-08 1.9695342E-08 1.5946986E-08 2.0421028E-08 1.6716562E-08 1.7564378E-08 2.0266736E-08 1.2995266E-08 1.1555026E-08 1.9137149E-08 2.9178242E-08 1.0792012E-08 1.1149431E-08 1.7828372E-08 2.7329177E-08  282.6032 284.2867 289.2734 294.9912 280.7380 283.4396 286.1578 287.1294 279.5044 281.0013 280.8677 280.1352 274.8183 276.3224 275.5464 274.8487  418.097
1972 1.9826446E-08 2.7354105E-08 2.6970394E-08 3.1745458E-08 1.8118477E-08 2.0049384E-08 2.6965079E-08 3.9154795E-08 1.6267226E-08 2.0370074E-08 3.2105284E-08 4.7706425E-08 1.4306963E-08 2.0014005E-08 2.9671892E-08 3.9328683E-08  280.0660 282.5771 287.9027 295.0653 278.2918 281.8869 284.6335 285.3271 277.2680 279.4684 279.6380 278.8923 272.7773 274.8484 274.6615 274.3663  163.194
1973 7.6349354E-09 1.3504090E-08 1.1238600E-08 1.0792848E-08 9.0333563E-09 1.0316382E-08 1.1895984E-08 1.4976184E-08 8.7081817E-09 1.1151606E-08 1.8780947E-08 2.4830474E-08 8.7390228E-09 1.1930526E-08 1.9025867E-08 2.6811586E-08  283.2370 285.4479 290.4169 295.3373 281.3350 284.7686 287.7867 288.2175 279.6816 282.1542 282.7795 282.1407 275.0072 277.1915 277.3316 277.1169  290.935
1974 1.0800254E-08 1.7153141E-08 1.5092660E-08 1.3467288E-08 1.2003571E-08 1.1843153E-08 1.3192329E-08 1.6993386E-08 9.7355617E-09 9.6940154E-09 1.4097597E-08 2.3040023E-08 1.0437243E-08 1.1736992E-08 1.5634029E-08 2.0993539E-08  282.9543 284.9897 289.9004 294.9056 281.3975 284.5305 287.2527 287.4658 280.0481 282.1652 282.3245 281.1361 275.4825 277.5516 277.2522 276.3822  541.419
1975 9.5538377E-09 1.5617481E-08 1.1909563E-08 1.1910906E-08 1.0169880E-08 9.9416093E-09 1.1453643E-08 1.4660184E-08 8.5375644E-09 9.1651184E-09 1.5998923E-08 2.4282762E-08 9.0794900E-09 1.1439963E-08 1.8535065E-08 2.5576167E-08  282.9428 285.5038 290.6543 294.9390 281.2762 284.7413 287.7260 288.0088 279.7463 281.8670 282.0340 281.2283 275.0604 276.8577 276.3409 275.8365  234.258
1976 2.2102560E-08 2.8040468E-08 2.4154444E-08 2.4652490E-08 2.1731772E-08 2.0968061E-08 2.1979700E-08 2.7305926E-08 1.5948613E-08 1.6977618E-08 2.3280377E-08 3.3646231E-08 1.3612950E-08 1.5221685E-08 2.1759840E-08 2.8503448E-08  281.3309 283.1064 287.7765 294.3696 279.3469 282.2228 284.6737 285.2817 278.2936 279.9529 279.6250 278.6388 273.8844 275.4313 274.6518 273.8549  301.419
1977 2.3594431E-08 2.8861676E-08 1.9833019E-08 1.8819517E-08 2.2243615E-08 1.9526338E-08 1.7442101E-08 2.2024338E-08 1.5577177E-08 1.6061357E-08 2.0761943E-08 2.9458226E-08 1.2687421E-08 1.4404932E-08 1.9123139E-08 2.5194282E-08  281.3559 283.1803 288.2562 294.7051 279.6130 282.7598 285.4767 286.2991 278.7963 280.7890 280.8430 279.9744 274.3574 276.4941 276.2218 275.4115  178.29
1978 1.2267724E-08 1.8460268E-08 1.3832441E-08 1.4314482E-08 1.4576195E-08 1.2796058E-08 1.3083179E-08 1.7897984E-08 1.1682665E-08 1.1479505E-08 1.8812761E-08 2.7806474E-08 1.0968028E-08 1.2480774E-08 1.8968759E-08 2.6801940E-08  282.4620 284.4593 289.5112 294.9234 280.6233 283.7564 286.6556 287.2122 279.1409 281.2348 281.4504 280.6515 274.4307 276.4167 276.1293 275.5039  169.742
1979 1.6197276E-08 2.1178874E-08 1.5385789E-08 1.6769112E-08 1.6342545E-08 1.3989535E-08 1.2400748E-08 1.6388332E-08 1.2592277E-08 1.1267377E-08 1.4900713E-08 2.3359220E-08 1.1655744E-08 1.3285200E-08 1.7672383E-08 2.3792721E-08  282.1412 283.9180 288.5314 294.3656 280.2007 283.0326 285.2663 285.8805 278.9655 280.6077 280.2743 279.2851 274.2076 275.8581 275.3223 274.5128  140.226
1980 1.9963425E-08 2.4466097E-08 1.8608745E-08 1.6030697E-08 1.8716202E-08 1.7628494E-08 1.8497838E-08 2.1123771E-08 1.4189885E-08 1.5411620E-08 2.2595559E-08 3.3306801E-08 1.1819991E-08 1.3569502E-08 2.0209642E-08 2.8333595E-08  281.9975 284.1233 289.1256 294.4752 280.3177 283.5451 286.4290 287.0643 279.1207 281.2034 281.5672 280.8235 274.5127 276.5844 276.5205 276.0352  222.484
1981 2.0840345E-08 2.2738181E-08 1.7128787E-08 1.3678095E-08 2.2256142E-08 1.6479328E-08 1.6485636E-08 1.8221252E-08 1.4941342E-08 1.3374621E-08 2.0918023E-08 3.0925158E-08 1.1145528E-08 1.2532447E-08 2.0533738E-08 2.9762594E-08  282.5587 284.8287 289.8078 294.5413 280.6410 283.8934 286.7118 287.4554 279.5606 281.5717 281.6961 281.0789 274.9945 277.0986 276.8387 276.3490  258.548
1982 1.1605723E-08 1.7948979E-08 1.9380671E-08 2.4794439E-08 1.2749807E-08 1.4118805E-08 2.2076820E-08 3.2422914E-08 1.2225121E-08 1.6274100E-08 2.8597418E-08 3.9735376E-08 1.3052314E-08 1.8237559E-08 2.8208021E-08 3.6111121E-08  280.5563 283.2059 288.3646 294.9336 279.1762 282.6210 284.8035 285.1157 277.9825 279.9971 279.4373 278.2672 273.2537 275.0741 274.1142 273.4522  167.29
1983 1.1742824E-08 1.7807382E-08 1.4038562E-08 1.2696961E-08 1.1606674E-08 1.1289445E-08 1.2213033E-08 1.4564070E-08 9.0055945E-09 1.0681428E-08 1.5625773E-08 2.1743389E-08 1.0285567E-08 1.2530251E-08 1.8622730E-08 2.4604210E-08  283.1180 285.2010 290.1257 294.5398 281.5666 284.9047 287.7653 288.0675 280.2589 282.6354 283.0648 282.2246 275.6773 277.9990 278.0616 277.6315  77.8387
1984 1.2390960E-08 1.6618369E-08 1.3395948E-08 1.1100529E-08 1.3109008E-08 1.2365643E-08 1.3083097E-08 1.4082411E-08 9.9845945E-09 9.3386854E-09 1.5583455E-08 2.4008495E-08 8.7031671E-09 9.5707469E-09 1.4689781E-08 2.1812991E-08  283.4202 285.9176 290.7650 294.7498 281.9799 285.5506 288.2659 288.5380 280.9084 283.1887 283.3008 282.2578 276.3742 278.4540 278.0773 277.2726  1634.42
1985 2.0172671E-08 2.7548843E-08 2.2780219E-08 1.9639970E-08 1.9021551E-08 1.7867476E-08 1.5790746E-08 1.9221353E-08 1.2361578E-08 1.1982936E-08 1.4823130E-08 2.2109646E-08 1.0985972E-08 1.1131450E-08 1.4455170E-08 1.9812392E-08  282.3520 284.4868 289.5457 294.6794 281.0500 284.1660 286.8028 287.0969 280.2687 282.2057 282.0007 280.5765 275.9794 277.7977 277.0689 275.9516  138.871
1986 3.1696192E-08 3.9070994E-08 3.0200290E-08 2.6214149E-08 2.8505353E-08 2.6357972E-08 2.6699919E-08 3.1635576E-08 1.7778561E-08 1.8909695E-08 2.6151532E-08 3.8369478E-08 1.2897663E-08 1.5791221E-08 2.2061021E-08 2.9048218E-08  280.5676 281.9946 287.0301 294.9308 278.4697 281.2784 284.0944 285.3157 277.6232 279.4572 279.6682 279.0459 273.5423 275.5446 275.2020 274.7282  830.516
1987 1.7954223E-08 2.5105228E-08 2.0136753E-08 1.9621007E-08 1.5155685E-08 1.6894294E-08 1.7516037E-08 2.1312363E-08 1.1772908E-08 1.3966545E-08 1.8226897E-08 2.5341141E-08 1.0803351E-08 1.2854031E-08 1.6033075E-08 2.2440405E-08  281.7151 283.9107 288.8465 294.2723 280.3226 283.6244 286.2142 286.4385 279.5493 281.6868 281.7292 280.6381 275.0273 277.2368 277.0761 276.4292  306.097
1988 1.2111745E-08 1.9101105E-08 1.6065778E-08 1.1820491E-08 1.2932251E-08 1.3403120E-08 1.4590254E-08 1.5742220E-08 9.9662278E-09 1.0813344E-08 2.0985242E-08 3.1768511E-08 9.3702788E-09 1.2636776E-08 2.4148910E-08 3.4938878E-08  284.2860 286.6696 291.5941 294.9456 282.4256 285.9424 288.9171 289.3445 280.6526 283.0355 283.4932 282.7861 275.8846 277.9872 277.7049 277.2404  188.258
1989 1.9381977E-08 2.3402514E-08 1.7800758E-08 1.8345494E-08 2.1449690E-08 1.8197383E-08 1.8069088E-08 2.2713069E-08 1.4966210E-08 1.5025000E-08 2.2009999E-08 3.3870307E-08 1.3104696E-08 1.4337288E-08 1.9711170E-08 2.8444129E-08  282.3784 284.3439 289.1160 294.6975 280.1363 283.1032 285.8087 286.6072 278.8190 280.5165 280.4300 279.7524 274.2171 275.8121 275.2420 274.7099  191.419
1990 1.5913249E-08 2.0574062E-08 1.5581730E-08 1.6883716E-08 1.4919303E-08 1.2283503E-08 1.1609861E-08 1.7148258E-08 1.1688486E-08 1.1915962E-08 1.5966624E-08 2.4097282E-08 1.1417460E-08 1.4521345E-08 2.1636048E-08 2.6394670E-08  281.6405 283.5423 288.5957 294.7146 280.2876 283.3811 285.9466 286.4521 279.5759 281.5050 281.3314 280.0991 275.0285 276.9016 276.2942 275.4430  197.194
1991 2.3109910E-08 3.0091616E-08 2.3865725E-08 2.3058726E-08 1.9493285E-08 2.0889942E-08 2.0844766E-08 2.7283637E-08 1.3376479E-08 1.5799623E-08 2.1676010E-08 3.1486660E-08 1.0706439E-08 1.2965350E-08 1.8335463E-08 2.4822034E-08  280.7274 282.9543 288.1964 294.4293 279.4817 282.8033 285.5718 286.0584 278.7643 280.9969 281.2347 280.3332 274.7888 277.2170 277.1454 276.4715  3178.9
1992 2.3379817E-08 2.9781775E-08 2.2539924E-08 2.0186304E-08 2.2549747E-08 2.0257607E-08 1.9431138E-08 2.1751394E-08 1.3866852E-08 1.3107655E-08 1.8976989E-08 2.8000292E-08 1.1627973E-08 1.1950946E-08 1.7137694E-08 2.4114994E-08  281.1443 282.4648 287.4788 294.4724 279.2577 282.1099 284.8305 285.6418 278.5253 280.4152 280.5089 279.5557 274.4113 276.3637 275.9524 275.0969  370.677
1993 2.3217195E-08 2.9159354E-08 2.1106917E-08 1.9385656E-08 2.2990525E-08 2.0269148E-08 1.9985478E-08 2.3958320E-08 1.6842115E-08 1.8846805E-08 2.5951367E-08 3.3759587E-08 1.3284406E-08 1.6272420E-08 2.3967676E-08 3.0681356E-08  281.0294 283.0991 288.2118 294.3639 279.1332 282.6002 285.5006 286.2105 278.3057 280.4124 280.7873 280.1424 273.9883 276.0242 275.9285 275.6473  158.226
1994 2.4049458E-08 3.0256267E-08 2.2199874E-08 2.1423284E-08 1.9961583E-08 1.7756227E-08 1.8120303E-08 2.4371829E-08 1.3358661E-08 1.3922628E-08 1.9656827E-08 2.9905962E-08 1.2137599E-08 1.4865383E-08 1.9485087E-08 2.5536863E-08  280.8226 282.5838 287.9309 295.0258 279.5867 282.5924 285.2864 286.0265 279.1077 280.9608 280.7197 279.6718 274.5872 276.6498 276.1273 275.2220  303.548
1995 1.0967368E-08 1.5619227E-08 1.2943025E-08 1.0995781E-08 1.3606948E-08 1.2953753E-08 1.2516523E-08 1.5108890E-08 1.1429247E-08 1.1669742E-08 1.8229523E-08 2.7581248E-08 1.0817319E-08 1.3437323E-08 2.0460961E-08 2.7906584E-08  283.2948 285.6539 290.4250 294.3914 281.5684 284.7822 287.4332 287.6992 280.1868 282.1777 282.0719 281.0832 275.5974 277.3237 276.6420 275.9334  136.226
1996 1.8858492E-08 2.3522567E-08 1.8018824E-08 1.9415372E-08 1.9950351E-08 1.9268290E-08 1.9297607E-08 2.3199682E-08 1.4984900E-08 1.7030777E-08 2.5751214E-08 3.6075345E-08 1.1985177E-08 1.4795982E-08 2.3183688E-08 3.4172416E-08  281.7940 284.1125 289.3251 294.4361 280.2352 283.5018 286.3066 286.9633 279.5253 281.3628 281.1857 280.5048 275.2196 276.9711 276.2544 275.6419  359.677
1997 1.1316133E-08 1.4926210E-08 1.6340655E-08 1.9779158E-08 1.1990968E-08 1.3109291E-08 2.2053573E-08 3.2028165E-08 1.1873471E-08 1.5011938E-08 2.9677128E-08 4.4758842E-08 1.3445606E-08 1.8591017E-08 3.1773489E-08 4.1450619E-08  281.0014 283.9350 288.9012 294.1336 279.5222 283.1474 285.3660 285.2310 278.3987 280.4534 279.9464 278.7038 273.6616 275.3993 274.5981 274.0162  280.097
1998 1.0083373E-08 1.5619509E-08 1.3212407E-08 1.1894574E-08 1.1552101E-08 1.1778112E-08 1.2184864E-08 1.2503144E-08 1.0063165E-08 1.1603665E-08 1.8289446E-08 2.4731385E-08 1.0667835E-08 1.4986384E-08 2.4195831E-08 3.1354787E-08  284.0870 286.5770 291.3252 294.8664 282.5069 285.9481 288.7654 288.8454 281.0380 283.2068 283.5091 282.6679 276.4674 278.2383 277.8308 277.3282  270.452
1999 1.2317754E-08 1.8397191E-08 1.4937740E-08 1.3212961E-08 1.2660166E-08 1.2982541E-08 1.3609587E-08 1.4239736E-08 1.0079047E-08 1.0833662E-08 1.7318229E-08 2.5213923E-08 1.0022775E-08 1.1638679E-08 1.7155577E-08 2.4009660E-08  283.4506 285.9453 290.8758 294.5802 282.0166 285.5544 288.3622 288.5470 280.7211 283.1416 283.5104 282.6115 276.1091 278.3935 278.3321 277.9016  141.871
2000 1.6126897E-08 2.3792753E-08 1.6798701E-08 1.7262616E-08 1.4952072E-08 1.4733518E-08 1.3700429E-08 1.7810306E-08 1.1691592E-08 1.2054143E-08 1.8101538E-08 2.7860908E-08 1.0622792E-08 1.3274501E-08 1.9666379E-08 2.6276920E-08  282.9827 284.9120 289.9193 294.7445 281.6921 284.6065 287.4790 288.0568 280.4896 282.3724 282.5938 281.7461 275.9692 277.7674 277.4978 276.9991  549.161
2001 2.6591845E-08 3.1766312E-08 2.2651982E-08 1.9089507E-08 2.3863713E-08 2.0646404E-08 1.8421026E-08 2.2512598E-08 1.6156244E-08 1.6115195E-08 2.1826857E-08 2.9613865E-08 1.4968085E-08 1.6400673E-08 2.1568669E-08 2.6540835E-08  281.9449 283.8209 288.9256 294.6585 280.4347 283.3907 286.0729 286.7668 279.6925 281.3282 281.1789 280.2373 275.1554 276.7656 276.2572 275.5669  313.613
2002 1.6693745E-08 2.3365034E-08 2.1203769E-08 2.1512928E-08 1.8589310E-08 1.8505386E-08 1.9708525E-08 2.4098114E-08 1.4598101E-08 1.5153656E-08 2.0442144E-08 2.8662260E-08 1.2977165E-08 1.3858052E-08 1.8008787E-08 2.3190905E-08  281.5631 283.7102 288.5456 294.6506 280.0157 282.9918 285.2301 285.6209 278.8885 280.6171 280.2490 279.2665 274.5811 276.3164 275.6763 274.9529  230.097
2003 1.9403251E-08 2.7218363E-08 2.4924560E-08 2.1821970E-08 1.7975839E-08 1.6720980E-08 1.9001673E-08 2.4626669E-08 1.2998828E-08 1.3207822E-08 2.0416435E-08 3.0225262E-08 1.2480933E-08 1.3557243E-08 1.9441240E-08 2.6017728E-08  282.1176 284.1427 289.0629 295.0006 280.7000 283.7517 286.3387 286.9350 279.9693 281.8106 281.5694 280.5524 275.7664 277.4312 276.7545 276.0220  157.774
2004 1.8066876E-08 2.3669266E-08 1.8614399E-08 1.7172258E-08 1.6829018E-08 1.6284135E-08 1.6039149E-08 1.9670299E-08 1.2336390E-08 1.3994415E-08 1.9873259E-08 2.6051294E-08 1.1890688E-08 1.5132347E-08 2.1061611E-08 2.4917483E-08  281.8299 283.9124 289.1399 295.2820 280.7477 283.9957 286.6217 286.8807 280.0408 282.1115 282.1613 281.0274 275.9567 278.0381 277.7033 276.7962  429.677
2005 1.7819719E-08 2.5994959E-08 2.2236444E-08 1.8812820E-08 1.7793653E-08 1.7624290E-08 1.7938010E-08 2.1845212E-08 1.1918901E-08 1.3388266E-08 1.9604343E-08 2.9321290E-08 1.1103964E-08 1.3686695E-08 1.9791928E-08 2.6853865E-08  282.7005 284.9653 289.9944 295.1623 281.2263 284.2733 287.0170 287.5736 280.2202 282.2057 282.3411 281.5890 275.9580 278.0247 277.9228 277.3478  132.355
2006 2.3464580E-08 2.9257516E-08 2.2855094E-08 2.0260632E-08 2.0227491E-08 1.9207027E-08 1.8600280E-08 2.3084818E-08 1.2022240E-08 1.3142216E-08 1.9983180E-08 2.8902910E-08 1.0355722E-08 1.2507495E-08 1.8642304E-08 2.6017441E-08  281.3723 283.4999 288.7792 294.8067 280.1656 283.4982 286.2178 286.7685 279.7523 281.8669 281.9009 280.9961 275.7832 277.9081 277.5545 276.8288  99.5806
2007 1.8166130E-08 2.4134721E-08 1.8035664E-08 1.2504523E-08 1.9167590E-08 1.7343986E-08 1.5432455E-08 1.4995216E-08 1.3745083E-08 1.4187918E-08 2.1379970E-08 2.8611685E-08 1.1816470E-08 1.4822982E-08 2.2758245E-08 3.0030002E-08  283.1833 285.1778 290.1430 294.6872 281.4070 284.5348 287.4725 288.1607 280.1358 282.3558 282.7154 282.1530 275.5851 277.6753 277.6740 277.4562  227.323
2008 1.0682701E-08 1.6370620E-08 1.2479946E-08 1.0322518E-08 1.3189221E-08 1.2956788E-08 1.1458889E-08 1.2600603E-08 9.6296544E-09 8.4335605E-09 1.3853231E-08 2.2595973E-08 1.1325010E-08 1.1625729E-08 1.7293349E-08 2.5104562E-08  283.4163 285.6761 290.5640 294.7346 281.8151 285.2225 287.9234 288.1632 280.3532 282.6514 282.8716 281.9676 275.2635 277.5898 277.4315 276.9538  103.516
2009 2.4727306E-08 2.7852730E-08 2.1768919E-08 1.9549471E-08 2.0681554E-08 1.8757012E-08 1.8337559E-08 2.2473563E-08 1.4493716E-08 1.5694146E-08 2.1332664E-08 3.0141884E-08 1.3121789E-08 1.6790926E-08 2.2280087E-08 2.8484047E-08  281.0228 283.2352 288.6808 294.5593 279.7176 283.2668 286.0745 286.3671 279.4804 281.7677 281.6951 280.4233 275.6095 277.6982 277.0177 276.0038  184.484
2010 1.0279049E-08 1.5817299E-08 1.2794411E-08 1.1359865E-08 1.1519210E-08 1.0166012E-08 1.0410968E-08 1.3252308E-08 8.7175787E-09 7.8932798E-09 1.3937345E-08 2.2890990E-08 8.2540268E-09 9.1426084E-09 1.5334537E-08 2.4840526E-08  284.1703 286.4476 291.3045 294.8335 282.6105 285.7689 288.4896 288.8062 280.9931 282.9763 283.1249 282.2724 276.1043 277.9057 277.4165 276.7721  107.613
2011 1.2296655E-08 2.0074898E-08 1.6499621E-08 1.4985204E-08 1.2404892E-08 1.3138542E-08 1.2218958E-08 1.5358181E-08 7.7880005E-09 9.7369277E-09 1.4365372E-08 2.2034868E-08 8.0904341E-09 9.8456603E-09 1.6080442E-08 2.1690092E-08  283.0234 284.7311 289.6606 294.9394 281.3247 284.3309 287.1868 287.6436 279.8261 282.0937 282.4419 281.5913 275.1491 277.4542 277.4062 276.8781  128.355
2012 2.5594659E-08 3.1381287E-08 2.3159052E-08 1.8709901E-08 2.5121521E-08 2.1499435E-08 2.1284478E-08 2.4564290E-08 1.5723176E-08 1.5902364E-08 2.2727516E-08 3.4751057E-08 1.3737071E-08 1.5603078E-08 2.1333458E-08 2.9454668E-08  282.3615 283.8589 288.7091 294.8522 280.4429 283.0117 285.5642 286.3424 279.2304 280.8325 280.7000 279.8460 274.6275 276.4057 276.0111 275.3437  55
2013 2.3255399E-08 3.0201807E-08 2.1009120E-08 1.6488077E-08 2.0771473E-08 1.8133933E-08 1.8112116E-08 1.8918479E-08 1.3456618E-08 1.2528107E-08 1.8212209E-08 2.7804246E-08 1.1750871E-08 1.2624912E-08 1.7949828E-08 2.5346054E-08  281.8208 283.5382 288.7463 294.9031 280.4621 283.3247 286.0563 286.5993 279.8423 281.5574 281.3515 280.2452 275.7831 277.5492 276.7426 275.5431  121.129
2014 2.0810880E-08 2.6875686E-08 1.8914273E-08 1.6235647E-08 2.1519153E-08 1.7855154E-08 1.7241295E-08 2.1136564E-08 1.4980754E-08 1.4984940E-08 2.0160948E-08 2.9244964E-08 1.4497635E-08 1.6413766E-08 2.1658028E-08 2.6703290E-08  282.0482 283.8833 288.9152 294.5435 280.5100 283.5219 286.0395 286.5602 279.8582 281.7177 281.5464 280.5760 275.6894 277.5648 277.1152 276.3904  63.129
2015 1.9117241E-08 2.3810781E-08 2.1337826E-08 2.5931227E-08 1.8626940E-08 1.7951427E-08 2.3921737E-08 3.1528160E-08 1.4877084E-08 1.6644083E-08 2.6046946E-08 3.6122067E-08 1.3462510E-08 1.6479298E-08 2.5325855E-08 3.2531911E-08  280.7129 283.3529 288.6828 295.0330 279.3213 282.9583 285.6145 285.9680 278.6303 280.9451 280.9647 280.0692 274.6734 276.7914 276.4633 276.0336  214.839
