STN,prec_1,prec_2,prec_3,prec_4,prec_5,prec_6,prec_7,prec_8,prec_9,prec_10,prec_11,prec_12,prec_13,prec_14,prec_15,prec_16,st_1,st_2,st_3,st_4,st_5,st_6,st_7,st_8,st_9,st_10,st_11,st_12,st_13,st_14,st_15,st_16,08.0
LAT,26.51077,26.51077,26.51077,26.51077,29.30136,29.30136,29.30136,29.30136,32.09194,32.09194,32.09194,32.09194,34.88252,34.88252,34.88252,34.88252,26.51077,26.51077,26.51077,26.51077,29.30136,29.30136,29.30136,29.30136,32.09194,32.09194,32.09194,32.09194,34.88252,34.88252,34.88252,34.88252,30.7512899
LON,-104.0625,-101.2500,-98.43750,-95.62500,-104.0625,-101.2500,-98.43750,-95.62500,-104.0625,-101.2500,-98.43750,-95.62500,-104.0625,-101.2500,-98.43750,-95.62500,-104.0625,-101.2500,-98.43750,-95.62500,-104.0625,-101.2500,-98.43750,-95.62500,-104.0625,-101.2500,-98.43750,-95.62500,-104.0625,-101.2500,-98.43750,-95.62500,-98.6697599
1958 3.2057017E-08 2.4253074E-08 1.5199381E-08 1.7007968E-08 2.4846397E-08 1.8879687E-08 1.0202363E-08 1.4877013E-08 1.8839984E-08 1.6665478E-08 1.5706597E-08 1.5579293E-08 1.7414576E-08 2.4911110E-08 2.6882633E-08 2.6037171E-08  290.4553 294.3768 301.2105 300.3669 292.3629 297.2819 301.1039 299.9509 293.7512 297.3338 298.6845 297.5798 290.9958 293.9796 294.9911 294.9648  181.355
1959 2.1522681E-08 1.6778996E-08 6.7992763E-09 8.7815453E-09 1.8350404E-08 1.5531320E-08 6.1932779E-09 6.7425709E-09 1.3100530E-08 1.5374876E-08 1.1613496E-08 1.0581017E-08 1.1211146E-08 1.7723769E-08 1.8006142E-08 1.5008654E-08  290.5024 294.6421 301.5385 300.3737 292.4085 297.4018 301.2432 300.1983 293.7739 297.4107 298.7425 297.5216 291.2606 294.3682 295.3928 295.1803  167.194
1960 1.7626540E-08 1.5214296E-08 8.9428864E-09 1.2698084E-08 1.3904805E-08 1.1316123E-08 5.1989053E-09 9.7751496E-09 7.7078575E-09 8.2603284E-09 7.5363058E-09 1.0505889E-08 9.3065147E-09 1.2050790E-08 1.4170487E-08 1.5058715E-08  291.7148 295.2186 301.7439 300.4523 293.7249 298.1458 301.5449 300.2517 294.7257 298.1876 299.2176 297.8217 291.8843 294.9964 295.9775 295.6970  1939.74
1961 2.0514138E-08 1.4918877E-08 5.6294422E-09 8.6645739E-09 1.7419881E-08 1.3821213E-08 4.3804467E-09 7.3163902E-09 1.2229978E-08 1.2364787E-08 8.5498248E-09 9.7149755E-09 9.8229176E-09 1.2952556E-08 1.5299836E-08 1.4528151E-08  291.3715 295.4227 302.2056 300.3260 293.5092 298.2060 301.8026 300.4319 294.3798 298.0642 299.3059 297.9002 291.5160 294.6833 295.7523 295.5449  251.613
1962 1.8125739E-08 1.6074228E-08 8.2799154E-09 1.3489759E-08 1.5158365E-08 1.1843749E-08 4.7183981E-09 1.0835072E-08 9.7513944E-09 9.1482093E-09 9.0785575E-09 1.2322828E-08 1.1236185E-08 1.3187832E-08 1.4457610E-08 1.5226952E-08  291.3393 295.0903 301.8306 300.3331 293.2908 297.9824 301.6108 300.0979 294.3420 298.0848 299.2094 297.6665 291.5079 294.8110 295.9678 295.6967  38.3226
1963 1.9825237E-08 1.8280936E-08 8.4084268E-09 1.1263989E-08 1.7938634E-08 1.3773167E-08 6.9820585E-09 1.1977055E-08 1.3258245E-08 1.0691698E-08 9.1525010E-09 1.3416282E-08 1.2740459E-08 1.3715023E-08 1.3017433E-08 1.3007846E-08  291.5539 295.4339 302.1740 300.3914 293.5572 298.3556 301.8541 300.4177 294.4865 298.2321 299.4163 297.8794 291.6826 294.9408 296.1789 295.8802  54.6774
1964 1.4288740E-08 1.1763793E-08 6.0962058E-09 9.8235473E-09 9.6790558E-09 7.3259820E-09 3.4835108E-09 7.2940081E-09 7.4979711E-09 6.9945356E-09 6.8230586E-09 9.1906109E-09 1.0307224E-08 1.2191664E-08 1.3318508E-08 1.4509993E-08  291.4416 295.1663 301.6805 300.3391 293.5567 298.1694 301.5090 300.2254 294.5575 298.2692 299.2182 297.5586 291.6158 294.9684 295.9831 295.3825  239.981
1965 2.1240878E-08 1.5171819E-08 6.2339431E-09 9.8850510E-09 1.7526846E-08 1.5297664E-08 5.7577449E-09 1.0900100E-08 1.3200975E-08 1.4282573E-08 1.2418072E-08 1.2963674E-08 1.3774458E-08 1.9791475E-08 2.1362942E-08 1.6447443E-08  291.6737 295.4371 302.1331 300.2018 293.6192 298.2713 301.8893 300.5415 294.5304 298.1623 299.3643 298.1599 291.6462 294.9323 296.0983 295.9707  63.9355
1966 2.4774632E-08 2.2968431E-08 1.1863587E-08 1.3625627E-08 1.7969366E-08 1.6839737E-08 8.9352250E-09 1.3625558E-08 1.0618251E-08 1.3071467E-08 1.2292401E-08 1.6367922E-08 1.0410533E-08 1.6431702E-08 2.0021462E-08 1.9572754E-08  290.7059 294.5569 301.3540 300.2171 292.7760 297.3658 300.9241 299.6173 293.7694 297.3734 298.3755 296.8142 291.1453 294.3206 295.2007 294.7092  213.935
1967 2.2671383E-08 1.7777014E-08 1.0578061E-08 1.1103677E-08 1.7255569E-08 1.4672031E-08 7.9421660E-09 1.3442028E-08 1.1345136E-08 1.2309359E-08 1.1622333E-08 1.4957928E-08 1.1860536E-08 1.6150704E-08 1.8875443E-08 1.6673091E-08  291.1342 295.2282 301.9746 300.2718 293.1057 297.9956 301.5683 300.0704 294.3462 298.1403 299.2216 297.6360 291.4813 294.9562 296.0679 295.7906  33.6774
1968 2.3423389E-08 1.4730182E-08 6.0508771E-09 1.3104290E-08 1.6722776E-08 1.0535133E-08 4.6195061E-09 1.1480494E-08 1.0476557E-08 8.8361016E-09 7.3094286E-09 1.1627960E-08 1.1616700E-08 1.3646858E-08 1.3386916E-08 1.4996058E-08  291.3366 295.3003 302.1451 300.2277 293.6418 298.4646 302.0854 300.4809 294.9212 298.6982 299.7926 298.0110 292.1887 295.6070 296.5553 295.8810  97.871
1969 1.8034399E-08 1.5966693E-08 7.6825355E-09 1.0860928E-08 1.2109844E-08 9.8600239E-09 3.4601675E-09 8.4586027E-09 8.5094163E-09 8.2193141E-09 8.7510452E-09 1.0181464E-08 8.9849852E-09 1.3783009E-08 1.6151754E-08 1.4768610E-08  291.8672 295.4946 302.0155 300.4046 293.9939 298.4151 301.7437 300.0361 294.9239 298.3791 299.3230 297.6901 291.9944 295.0938 296.0866 295.6735  159.452
1970 2.9096174E-08 2.5615822E-08 1.1602904E-08 1.4146740E-08 2.4111390E-08 1.8541099E-08 8.1676879E-09 1.2182573E-08 1.2904459E-08 1.2136457E-08 1.2425009E-08 1.5542188E-08 1.2065386E-08 1.2697207E-08 1.4824201E-08 1.7486455E-08  290.4732 294.4411 301.2418 300.1790 292.4397 297.2938 301.0366 299.7149 293.8503 297.5079 298.6100 297.2053 291.4098 294.6657 295.6853 295.2014  94.6129
1971 2.6219034E-08 1.7222893E-08 7.2893869E-09 1.1416247E-08 1.8955157E-08 1.1467518E-08 4.3406616E-09 1.3655905E-08 1.3105367E-08 1.2964096E-08 1.1432106E-08 1.5636443E-08 1.4992217E-08 2.0506654E-08 1.8203544E-08 1.7565085E-08  290.7244 294.9015 302.0309 300.1892 292.8754 297.8841 301.8367 300.2649 294.0479 297.8691 299.0509 297.4286 291.2594 294.6001 295.7060 295.3500  2020.71
1972 2.5262977E-08 2.2219055E-08 1.2658988E-08 1.3852343E-08 2.2672003E-08 2.0387406E-08 9.9859028E-09 1.5278486E-08 1.4711447E-08 1.4746238E-08 1.5794985E-08 1.8934021E-08 1.3348624E-08 1.6929457E-08 2.0717634E-08 2.3419737E-08  291.4374 295.1273 301.7120 300.2137 292.8478 297.4735 301.1692 299.9406 293.4518 297.1000 298.3964 297.0886 290.3645 293.6206 294.8244 294.5142  354.29
1973 1.9208377E-08 1.7027947E-08 7.2864066E-09 1.1711551E-08 1.6016237E-08 1.4371642E-08 5.5145013E-09 9.7526316E-09 1.1189329E-08 1.1396593E-08 1.0287602E-08 1.4681666E-08 1.1042185E-08 1.4534607E-08 1.5176472E-08 1.6522195E-08  291.3285 294.9725 301.7408 300.3503 293.5185 297.9655 301.3445 299.8701 294.4092 297.8923 298.6207 296.7718 291.3754 294.5846 295.4068 294.7568  508.871
1974 2.3103992E-08 2.2562055E-08 1.1428257E-08 1.5393494E-08 1.7021101E-08 1.6491018E-08 8.6637071E-09 1.1330829E-08 1.0231752E-08 1.1769894E-08 1.2971764E-08 1.6103879E-08 8.9766381E-09 1.3165041E-08 1.7171816E-08 1.9387130E-08  290.6734 294.5344 301.4449 300.2913 292.5454 297.2878 301.1344 300.0321 293.4417 297.0401 298.1698 296.8432 290.5711 293.5836 294.3954 294.0992  3605.1
1975 1.4890965E-08 1.3447987E-08 6.2020638E-09 9.3470387E-09 1.3035040E-08 1.1490278E-08 5.8483685E-09 8.6711562E-09 8.4592200E-09 1.0663078E-08 1.0017244E-08 1.0258031E-08 8.0455598E-09 1.1946369E-08 1.5119289E-08 1.4928146E-08  291.8994 295.5007 302.0602 300.3009 293.8179 298.2581 301.6238 300.2534 294.7606 298.2047 299.1162 297.5777 291.7923 294.9690 295.8701 295.4458  295.806
1976 2.5447818E-08 1.8658469E-08 9.9411865E-09 1.5386448E-08 2.2215671E-08 1.8041833E-08 1.0204739E-08 1.3464347E-08 1.7068469E-08 1.6741295E-08 1.5574763E-08 1.9117087E-08 1.6287609E-08 2.1674220E-08 2.3427118E-08 2.2805359E-08  290.6769 294.7702 301.5807 300.2536 292.4328 297.4572 301.2938 300.2244 293.3351 297.1686 298.5183 297.2368 290.3555 293.6919 294.7954 294.6591  144.613
1977 2.6959711E-08 2.1198243E-08 1.1518628E-08 1.4805350E-08 2.1309123E-08 1.5554976E-08 7.3941671E-09 1.3071804E-08 1.4925801E-08 1.4071087E-08 1.2833071E-08 1.5060012E-08 1.5212118E-08 1.9351805E-08 1.9582483E-08 1.9300263E-08  290.6766 294.4689 301.4321 300.2477 292.5871 297.2728 301.0303 299.4656 293.8356 297.2065 298.1775 296.5151 291.2968 294.1794 294.8973 294.3156  146.677
1978 1.7972308E-08 1.4922589E-08 8.2638953E-09 1.0789250E-08 1.3445685E-08 1.1302580E-08 6.2090546E-09 9.0333137E-09 9.5352055E-09 9.2829895E-09 9.8418402E-09 1.1276200E-08 9.0951167E-09 1.1408201E-08 1.3560574E-08 1.4365408E-08  291.4981 295.5925 302.2699 300.2567 293.5296 298.3349 301.8722 300.3297 294.2771 298.0427 299.1688 297.5834 291.3690 294.6969 295.7922 295.2776  2256
1979 2.3015740E-08 1.9883242E-08 1.1735143E-08 1.5514010E-08 2.1519750E-08 1.4967830E-08 7.7379427E-09 1.4103628E-08 1.3666898E-08 1.3997702E-08 1.0929684E-08 1.4610226E-08 1.3525833E-08 1.7533445E-08 1.7239856E-08 1.6925839E-08  291.4089 295.1670 301.9304 300.3257 293.1552 297.9448 301.6183 300.2221 294.3252 297.8784 299.1541 297.7878 291.5681 294.8286 295.9963 295.7113  302.355
1980 2.1088436E-08 1.4766398E-08 9.1962553E-09 1.3282479E-08 1.9626716E-08 1.5119790E-08 7.8456743E-09 1.2433198E-08 1.3788645E-08 1.2536360E-08 1.3023628E-08 1.5751025E-08 1.3436835E-08 1.5134772E-08 1.7764719E-08 1.8543327E-08  291.4985 295.4257 301.9710 300.3664 293.3459 298.1690 301.7092 300.1868 294.3651 298.1236 299.3108 297.7591 291.6942 295.1236 296.2810 295.8569  21.8387
1981 2.0884016E-08 1.7759392E-08 1.0474279E-08 1.1603340E-08 1.6702103E-08 1.2757067E-08 7.2728481E-09 1.1041696E-08 1.1558073E-08 1.0233607E-08 1.0436136E-08 1.3204433E-08 1.1752547E-08 1.6568604E-08 1.6668702E-08 1.5387510E-08  291.2043 295.1043 301.8019 300.2560 293.3919 298.0767 301.6682 300.2821 294.3916 298.0141 299.1752 297.6738 291.5434 294.7470 295.8677 295.6214  244.452
1982 2.6455295E-08 2.6293380E-08 1.4396244E-08 1.2347368E-08 2.2686352E-08 1.9651196E-08 1.0266795E-08 1.3419472E-08 1.6211281E-08 1.8386981E-08 1.4807775E-08 1.5652535E-08 1.4710364E-08 2.0142460E-08 2.1357422E-08 2.0599796E-08  290.3893 294.3683 301.4222 300.2584 292.3498 297.1882 301.1027 300.1985 293.3045 297.0675 298.3893 297.2176 290.6806 293.9190 294.9528 294.6899  123.323
1983 2.5001318E-08 2.2927338E-08 1.2336099E-08 1.5183634E-08 2.0540190E-08 1.7617063E-08 9.0105967E-09 1.3953323E-08 1.3987253E-08 1.3985494E-08 1.2464117E-08 1.7042597E-08 1.3177346E-08 1.7888059E-08 1.7786329E-08 1.9652033E-08  291.1885 294.8741 301.4944 300.5054 292.7218 297.4011 301.0501 299.6520 293.5323 297.1683 298.4665 297.1001 290.8989 294.0475 295.2049 294.9356  56.1613
1984 2.2256799E-08 1.6464563E-08 7.3283299E-09 1.1709414E-08 1.8096255E-08 1.3108058E-08 5.8345027E-09 1.0552394E-08 1.1566953E-08 1.1525966E-08 1.0807223E-08 1.1883436E-08 1.1474100E-08 1.6563215E-08 1.8846077E-08 1.6180870E-08  291.1116 295.2170 302.1163 300.2444 293.2823 298.2565 302.0125 300.7018 294.3852 298.2772 299.5255 298.2404 291.5500 294.9870 296.0776 295.8889  23.8065
1985 1.9967286E-08 1.8350722E-08 8.6988097E-09 1.2291604E-08 1.4862250E-08 1.5510466E-08 7.0191146E-09 1.2033119E-08 1.1141375E-08 1.4239225E-08 1.4237566E-08 1.6406400E-08 1.2920310E-08 2.0903075E-08 2.2960730E-08 2.1939067E-08  291.2909 295.1077 301.8161 300.2406 293.2647 297.9554 301.5674 300.2842 294.0711 297.6732 298.7162 297.3531 290.8279 293.9325 294.9633 294.8253  56.0323
1986 2.2985505E-08 2.0145331E-08 1.0779937E-08 1.2582936E-08 2.0552040E-08 1.5865718E-08 8.8189331E-09 1.1342199E-08 1.5360584E-08 1.3567943E-08 1.2820932E-08 1.3037289E-08 1.4825217E-08 1.7543385E-08 1.8324210E-08 1.6847117E-08  291.1781 295.1213 301.8234 300.4769 292.8673 297.8285 301.5312 300.3913 293.7267 297.5938 299.1183 297.9666 291.0959 294.4304 295.7377 295.6424  78.1613
1987 2.9185145E-08 2.8002422E-08 1.6481353E-08 1.8666160E-08 2.3620149E-08 2.1891303E-08 1.3712349E-08 2.0030035E-08 1.6788446E-08 1.7500017E-08 1.9116698E-08 2.2968580E-08 1.6439495E-08 2.2925709E-08 2.5282050E-08 2.5121601E-08  290.4144 294.3441 301.3586 300.6516 292.0073 296.9265 300.8281 299.5815 293.0780 296.7044 297.9785 296.5740 290.6891 293.7778 294.6796 294.3043  361.097
1988 1.7627869E-08 1.3627880E-08 5.7309180E-09 9.1818055E-09 1.2273150E-08 1.1511421E-08 5.1317439E-09 8.2284926E-09 8.3649834E-09 8.2882421E-09 8.3847480E-09 1.1002070E-08 8.2618277E-09 9.3279038E-09 1.1192362E-08 1.2249954E-08  291.0788 294.9885 301.7336 300.2885 293.3156 298.0428 301.5173 300.0578 294.6681 298.3521 299.3141 297.7837 292.1101 295.4547 296.4154 295.9851  214.516
1989 1.6624579E-08 1.3732561E-08 7.4326914E-09 9.9392992E-09 1.5994228E-08 1.3141829E-08 5.8263985E-09 8.1637639E-09 1.1045667E-08 1.2131549E-08 9.7685229E-09 1.0893115E-08 1.2416541E-08 1.7957934E-08 1.7373672E-08 1.6049778E-08  291.1910 295.2085 301.8176 300.3232 293.0186 298.0381 301.7416 300.4378 294.1070 297.8744 299.1714 297.9087 291.3331 294.6624 295.7946 295.6775  111.71
1990 2.2952243E-08 2.2958938E-08 9.9510187E-09 1.0987524E-08 1.9105331E-08 1.6875084E-08 7.6975555E-09 1.2657552E-08 1.3928647E-08 1.3878497E-08 1.1582006E-08 1.5342856E-08 1.5423248E-08 1.8824544E-08 1.7654443E-08 1.7413997E-08  290.9062 294.7621 301.6641 300.4080 292.6702 297.4194 301.1198 299.9779 293.6740 297.1707 298.2726 296.9954 290.8212 293.9392 294.8643 294.6463  294.29
1991 2.6618213E-08 2.4081762E-08 1.3153831E-08 1.2620972E-08 2.2596781E-08 2.0400803E-08 1.1525480E-08 1.3298781E-08 1.5184810E-08 1.6949649E-08 1.5521602E-08 1.9230315E-08 1.5756934E-08 2.1709081E-08 2.5069390E-08 2.4572065E-08  290.8091 294.8061 301.7610 300.4335 292.6369 297.4531 301.3786 300.3178 293.5367 297.1490 298.6036 297.5056 290.8016 293.9908 295.0787 295.0142  110.645
1992 2.4669509E-08 1.9215877E-08 1.0773322E-08 1.3109134E-08 2.3554763E-08 1.7742673E-08 9.0988346E-09 1.2731668E-08 1.8919174E-08 1.7606324E-08 1.7161808E-08 1.9492628E-08 1.8142165E-08 2.1517854E-08 2.2212483E-08 2.1754680E-08  290.7830 294.7705 301.4886 300.4001 292.0980 297.2736 301.1248 299.7509 292.6634 296.6661 298.1781 296.8873 289.9453 293.3343 294.5754 294.2689  233.548
1993 2.6708346E-08 2.3996286E-08 1.5085194E-08 1.1232447E-08 2.4075742E-08 2.0948427E-08 1.2107248E-08 1.6324151E-08 1.7732312E-08 1.7558033E-08 1.7028214E-08 2.0225922E-08 1.7654122E-08 2.1682165E-08 2.7737649E-08 2.5299689E-08  290.2779 294.2787 301.2621 300.3490 291.8245 296.8783 300.8989 299.7330 292.8786 296.6602 298.0192 296.7289 290.2319 293.4284 294.4345 294.2734  59
1994 2.7427733E-08 2.1405144E-08 1.1362618E-08 1.2210101E-08 2.1898748E-08 1.6899680E-08 8.9238004E-09 1.3606908E-08 1.5639996E-08 1.4407452E-08 1.3065428E-08 1.7490523E-08 1.5344607E-08 1.7545720E-08 1.8448624E-08 1.8440822E-08  290.0365 294.1783 301.1419 300.2954 291.7952 296.9705 300.8725 299.5239 292.9417 296.8219 298.1472 296.6665 290.4127 293.7921 294.8764 294.5100  119.807
1995 2.1730639E-08 2.0031139E-08 1.3599421E-08 1.5067913E-08 1.8346984E-08 1.5754031E-08 8.5407557E-09 1.6976191E-08 1.4429446E-08 1.3583266E-08 1.4517450E-08 1.9319527E-08 1.5936459E-08 1.9986125E-08 2.4101022E-08 2.3026383E-08  291.7487 295.7825 302.4361 300.5366 293.7345 298.4836 302.1148 300.5999 294.4755 298.1355 299.2183 297.8341 291.3541 294.5818 295.7017 295.5345  55.8387
1996 2.2077705E-08 2.1207034E-08 1.1903437E-08 9.8978035E-09 1.8923760E-08 1.6412010E-08 7.4080253E-09 9.6509467E-09 1.4415084E-08 1.8498987E-08 1.4442289E-08 1.3956988E-08 1.5436957E-08 2.5371790E-08 2.4697288E-08 2.0794566E-08  291.4214 295.1870 301.8709 300.4391 293.3822 298.1065 301.7667 300.4325 294.3503 297.9283 299.1642 297.9227 291.5008 294.5870 295.6342 295.4655  336.516
1997 2.9582008E-08 2.8361006E-08 1.8447219E-08 1.2148945E-08 2.8998253E-08 2.4838069E-08 1.2593063E-08 1.3245440E-08 2.1773340E-08 2.2586761E-08 1.8012203E-08 1.7946856E-08 2.0697509E-08 2.6125129E-08 2.3035328E-08 2.2536938E-08  289.9942 294.2116 301.2068 300.4815 291.5523 296.7838 300.8587 300.0587 292.5876 296.5055 298.0042 296.9731 290.1026 293.3846 294.5935 294.4894  238.516
1998 2.0819821E-08 1.7685846E-08 1.1319714E-08 1.4395948E-08 1.5263307E-08 1.2334025E-08 7.7729094E-09 1.3850849E-08 9.3949222E-09 9.3931956E-09 1.0568011E-08 1.4383157E-08 1.0688565E-08 1.4255018E-08 1.7434500E-08 1.8482407E-08  291.5842 295.3740 302.0779 300.4133 294.0699 298.6132 302.0417 300.4351 295.2934 298.7544 299.6859 298.1705 292.2830 295.3472 296.3263 296.0666  1099.77
1999 1.6388112E-08 1.6422488E-08 8.0723606E-09 8.8728509E-09 1.2857936E-08 1.2701316E-08 5.3903464E-09 1.0746585E-08 8.7448795E-09 1.0650302E-08 9.7024415E-09 1.3032425E-08 8.9088621E-09 1.3575340E-08 1.3866245E-08 1.4003740E-08  291.8783 295.7805 302.4395 300.4368 293.8802 298.7339 302.2077 300.6220 294.7155 298.6099 299.6606 297.9878 291.7655 295.1313 296.2558 295.8709  81.6774
2000 1.4318561E-08 1.3680292E-08 8.4038563E-09 1.1400516E-08 1.1694957E-08 1.2406582E-08 6.8461419E-09 9.9460813E-09 9.6678390E-09 1.2261170E-08 1.1271633E-08 1.2166589E-08 9.8321999E-09 1.4763907E-08 1.5698088E-08 1.6094614E-08  292.0117 295.6651 301.9759 300.4300 294.1111 298.5973 301.7065 300.3470 294.8577 298.5924 299.3714 297.7198 291.7564 295.2209 296.1473 295.5204  34.8065
2001 2.0359819E-08 1.6838346E-08 1.0306348E-08 1.3115399E-08 1.7022851E-08 1.2795093E-08 6.0637770E-09 1.2827501E-08 1.1823135E-08 1.0295605E-08 1.0144242E-08 1.1555262E-08 1.1904246E-08 1.5656587E-08 1.6606242E-08 1.5208350E-08  291.2158 295.6081 302.4181 300.5514 293.2887 298.6445 302.3573 300.4669 294.4087 298.4114 299.6586 298.0048 291.7443 294.9774 296.0102 295.6377  101.258
2002 2.1874250E-08 1.7681041E-08 9.3973345E-09 9.1029149E-09 1.8043988E-08 1.2837126E-08 7.5133979E-09 1.2228831E-08 1.3385865E-08 1.1705946E-08 1.0530441E-08 1.4748966E-08 1.2851775E-08 1.6806297E-08 1.7307029E-08 1.6436253E-08  290.9812 294.7767 301.6438 300.4258 292.8796 297.7375 301.4289 299.9452 293.8555 297.6044 298.8786 297.3082 291.3199 294.4568 295.5705 295.2938  98.871
2003 1.7343604E-08 1.4077614E-08 6.8093957E-09 1.0599498E-08 1.4060356E-08 1.0007926E-08 4.5570521E-09 1.0192813E-08 1.0000429E-08 1.0348645E-08 8.7130516E-09 1.3494035E-08 1.2281441E-08 1.8197973E-08 1.4761829E-08 1.5628212E-08  291.3829 295.1800 301.9673 300.5872 293.4491 298.0251 301.5744 300.2242 294.5463 298.0288 299.1046 297.7748 291.8487 294.9489 296.0250 295.8145  66.0968
2004 1.7693234E-08 1.8416038E-08 8.9834389E-09 1.1370417E-08 1.5481264E-08 1.6370828E-08 8.2898097E-09 1.0582972E-08 1.1420552E-08 1.1757194E-08 1.0669908E-08 1.5120468E-08 1.2202626E-08 1.4589729E-08 1.5448014E-08 1.4610780E-08  291.2806 295.1376 301.9159 300.4634 293.3531 298.0544 301.6999 300.3443 294.4406 298.1372 299.2830 297.7595 291.6664 295.0193 296.1355 295.8120  183.903
2005 1.9847958E-08 1.6972919E-08 8.7128917E-09 1.2423747E-08 1.4963639E-08 1.2112702E-08 6.2003735E-09 1.0605148E-08 1.0228154E-08 1.0700965E-08 9.9499804E-09 1.1478407E-08 1.1509451E-08 1.6235683E-08 1.6790086E-08 1.5324586E-08  291.6713 295.3878 301.9727 300.5699 293.9049 298.4740 301.7408 300.0548 294.9851 298.6300 299.5309 297.9202 292.2138 295.5990 296.5644 296.2457  157.935
2006 2.0512104E-08 1.8845205E-08 9.5980397E-09 1.0374074E-08 1.4800399E-08 1.3242146E-08 6.6334902E-09 1.0583954E-08 8.8622052E-09 9.3829948E-09 1.0029580E-08 1.2598689E-08 1.0394174E-08 1.3466545E-08 1.5824050E-08 1.6692201E-08  291.0103 294.6424 301.3134 300.5400 292.9653 297.3808 300.8263 299.5676 294.3033 297.5884 298.3357 296.8894 291.7979 294.8302 295.4208 294.7455  28.3871
2007 2.0302821E-08 1.6539301E-08 9.5587982E-09 1.4907075E-08 1.6858424E-08 1.3049609E-08 6.8362791E-09 1.3422465E-08 1.0899148E-08 1.2816376E-08 1.2110692E-08 1.3290255E-08 1.0002495E-08 1.5210603E-08 1.7300799E-08 1.5762744E-08  291.6958 295.5429 302.0305 300.6307 293.8372 298.5372 301.9210 300.1399 294.9211 298.4762 299.4937 297.8362 292.1752 295.4310 296.4412 296.0149  1258.87
2008 1.4723164E-08 8.8814902E-09 5.8899157E-09 9.1274703E-09 1.2153084E-08 6.8179831E-09 3.8952526E-09 8.2735365E-09 7.0649060E-09 6.8335604E-09 6.5125145E-09 8.8731440E-09 7.1965163E-09 1.0567932E-08 1.0438701E-08 9.1110852E-09  292.5751 296.1643 302.5343 300.2784 294.8081 299.2281 302.3988 300.7389 295.7386 299.2905 300.2539 298.5409 292.9083 296.1930 297.2416 296.7497  97.5484
2009 2.6237135E-08 2.4175380E-08 1.1124789E-08 1.3281487E-08 2.3208576E-08 1.9732186E-08 9.2698960E-09 1.4592674E-08 1.8405489E-08 1.9222950E-08 1.4007560E-08 1.8316987E-08 1.8755214E-08 2.5012898E-08 2.1618103E-08 2.0527525E-08  290.9993 294.7942 301.6980 300.5841 292.7047 297.3575 301.0942 299.7392 293.6029 297.1006 298.1805 296.8124 290.8750 293.8765 294.8448 294.6237  53.6452
2010 1.1899793E-08 9.8258885E-09 4.4920307E-09 1.0627517E-08 9.5033474E-09 7.3120012E-09 3.4398429E-09 9.5477022E-09 5.7457137E-09 6.2866872E-09 6.0532148E-09 9.3136450E-09 6.2535732E-09 9.9122488E-09 1.0289821E-08 1.1317860E-08  292.6116 296.2085 302.6405 300.9177 294.9153 299.2700 302.4501 300.7673 295.8368 299.3167 300.1510 298.4930 292.9026 296.0833 296.9814 296.4664  72.2258
2011 2.0800520E-08 1.6115676E-08 7.3059176E-09 1.0646607E-08 1.7528116E-08 1.2956342E-08 5.3351443E-09 1.3125939E-08 1.0947245E-08 1.0283011E-08 8.5515950E-09 1.4341699E-08 1.2168943E-08 1.4067854E-08 1.3996651E-08 1.3774121E-08  292.0067 295.6190 302.2559 300.4225 294.1649 298.7345 302.1264 300.5668 295.2221 298.8623 299.9259 298.3701 292.3563 295.6030 296.8040 296.6003  3.69032
2012 1.8404650E-08 1.8592548E-08 1.0495864E-08 9.5419272E-09 1.5848688E-08 1.1612002E-08 5.6021277E-09 1.0190088E-08 1.0644134E-08 8.0370759E-09 7.3685058E-09 1.0242000E-08 1.1293801E-08 1.1696117E-08 1.2659468E-08 1.3534147E-08  291.3919 295.1816 301.7523 300.4301 293.1279 298.0552 301.5285 300.0779 294.0199 297.8668 299.0387 297.6212 291.2543 294.5424 295.6592 295.2918  6.4871
2013 1.3246017E-08 1.1605341E-08 6.8026442E-09 9.1209467E-09 1.2416957E-08 9.0977235E-09 3.7549976E-09 7.9852480E-09 9.5501198E-09 8.6362784E-09 7.2405824E-09 9.5403898E-09 9.0334815E-09 1.2509753E-08 1.3063399E-08 1.3302534E-08  292.1393 295.8918 302.4131 300.6879 293.9875 298.7292 302.1407 300.4012 294.6706 298.4365 299.5697 297.9533 291.7220 295.0728 296.2697 295.9217  8.26129
2014 2.1961847E-08 1.9414113E-08 9.2357659E-09 1.0687152E-08 1.6501891E-08 1.3141926E-08 6.0414238E-09 1.1307530E-08 1.0389076E-08 1.1881394E-08 1.0592907E-08 1.5187695E-08 1.0390707E-08 1.4037154E-08 1.6904917E-08 1.6848688E-08  291.0111 294.9831 301.8303 300.6861 293.0544 297.9220 301.7273 300.2677 294.3126 297.9241 299.0956 297.4999 291.8879 295.0136 295.8647 295.5436  38.9516
2015 2.6962283E-08 3.0563282E-08 2.0437334E-08 1.6219339E-08 2.4648822E-08 2.3250502E-08 1.5517406E-08 1.5669221E-08 1.7207721E-08 1.8953493E-08 1.8948787E-08 2.1636511E-08 1.5506563E-08 2.0195284E-08 2.4650769E-08 2.7692321E-08  290.7407 294.5333 301.3741 300.7042 292.0291 296.9457 300.8969 299.8912 293.1256 296.6973 298.0341 296.8871 290.5883 293.6423 294.7397 294.5764  51.4516
