STN,prec_1,prec_2,prec_3,prec_4,prec_5,prec_6,prec_7,prec_8,prec_9,prec_10,prec_11,prec_12,prec_13,prec_14,prec_15,prec_16,st_1,st_2,st_3,st_4,st_5,st_6,st_7,st_8,st_9,st_10,st_11,st_12,st_13,st_14,st_15,st_16,09.0
LAT,26.51077,26.51077,26.51077,26.51077,29.30136,29.30136,29.30136,29.30136,32.09194,32.09194,32.09194,32.09194,34.88252,34.88252,34.88252,34.88252,26.51077,26.51077,26.51077,26.51077,29.30136,29.30136,29.30136,29.30136,32.09194,32.09194,32.09194,32.09194,34.88252,34.88252,34.88252,34.88252,30.7512899
LON,-104.0625,-101.2500,-98.43750,-95.62500,-104.0625,-101.2500,-98.43750,-95.62500,-104.0625,-101.2500,-98.43750,-95.62500,-104.0625,-101.2500,-98.43750,-95.62500,-104.0625,-101.2500,-98.43750,-95.62500,-104.0625,-101.2500,-98.43750,-95.62500,-104.0625,-101.2500,-98.43750,-95.62500,-104.0625,-101.2500,-98.43750,-95.62500,-98.6697599
1958 1.7316045E-08 2.3791673E-08 1.8626636E-08 1.7597126E-08 1.6567187E-08 1.4939316E-08 1.7264817E-08 2.1781347E-08 1.2394227E-08 1.2953454E-08 1.7723615E-08 2.7676338E-08 1.1514540E-08 1.2711973E-08 1.7181916E-08 2.3926329E-08  282.5867 284.1745 288.7445 294.5074 280.5840 283.2848 285.7448 286.5801 279.3252 280.8250 280.6676 279.7968 274.7344 276.3876 275.6814 274.7954  654.033
1959 1.3633363E-08 2.0314378E-08 1.5971636E-08 1.7383924E-08 1.5495699E-08 1.4347263E-08 1.6169276E-08 2.2792497E-08 1.2146945E-08 1.2509207E-08 2.1288516E-08 3.4147099E-08 1.2683832E-08 1.3959943E-08 2.0603919E-08 3.0133798E-08  281.9177 283.8466 288.7007 294.5080 279.6923 282.6835 285.3840 286.1594 278.2757 280.1144 280.1208 279.3981 273.8007 275.5237 275.0820 274.4879  93.6
1960 1.4584975E-08 2.0284331E-08 1.7387162E-08 1.5624149E-08 1.5175798E-08 1.5895706E-08 1.6728844E-08 2.0787351E-08 1.1318479E-08 1.2348581E-08 1.9300348E-08 2.9129268E-08 1.0150608E-08 1.2184953E-08 1.8047572E-08 2.6065813E-08  282.6461 284.9632 290.0251 294.5622 280.8186 284.2735 287.1692 287.5897 279.6350 281.8927 282.1859 281.3935 275.2829 277.5155 277.4068 276.7677  218
1961 1.1486653E-08 1.6028173E-08 1.3208634E-08 1.1992705E-08 1.5174846E-08 1.3239837E-08 1.4855059E-08 1.7252749E-08 1.3261524E-08 1.2482654E-08 1.8655573E-08 2.8436540E-08 1.2869124E-08 1.3540018E-08 1.8329464E-08 2.5881986E-08  283.5073 286.0505 290.9101 294.5225 281.9296 285.3433 287.9191 288.0587 280.2710 282.4377 282.4730 281.5260 275.3658 277.4473 277.1304 276.4893  175.633
1962 1.3302336E-08 1.8383194E-08 1.6043387E-08 1.3163002E-08 1.3589342E-08 1.2992979E-08 1.4352023E-08 1.7720923E-08 1.1503404E-08 1.2051477E-08 1.9038028E-08 2.8222690E-08 1.2102629E-08 1.4694591E-08 2.1056504E-08 2.8695622E-08  282.8311 284.8534 289.4350 294.5463 280.8519 283.8850 286.3817 286.9319 279.4200 281.2256 281.1176 280.3303 274.6967 276.4282 275.8339 275.3094  73.7667
1963 1.9305604E-08 2.4316021E-08 1.7290285E-08 1.5800001E-08 1.9115907E-08 1.6454960E-08 1.5940893E-08 2.0739693E-08 1.2677478E-08 1.3259904E-08 1.8495562E-08 3.0270165E-08 1.1517904E-08 1.3249180E-08 1.9665134E-08 2.8652089E-08  281.8984 283.7372 288.4734 294.5064 279.7416 282.6966 285.3903 286.1656 278.4306 280.2617 280.2495 279.4410 273.6699 275.5057 275.1662 274.4566  101.3
1964 1.1491562E-08 1.5421893E-08 1.2984298E-08 1.1566688E-08 1.3357679E-08 1.2192135E-08 1.2106510E-08 1.4529216E-08 1.1368143E-08 1.2480680E-08 1.6118495E-08 2.2423972E-08 1.1310622E-08 1.3393711E-08 1.7815625E-08 2.2340664E-08  282.9337 285.0860 289.9957 294.7478 281.1519 284.2713 286.9703 287.2780 279.6304 281.6559 281.7033 280.6845 274.8908 276.7403 276.2883 275.6319  2975.8
1965 2.1441142E-08 2.6848374E-08 2.2724640E-08 2.1934563E-08 1.9452521E-08 1.7605037E-08 1.9452202E-08 2.6496858E-08 1.2503203E-08 1.3192899E-08 2.0314829E-08 3.2361513E-08 1.0755711E-08 1.3489053E-08 1.9596818E-08 2.7212723E-08  281.1950 283.4705 288.5415 294.3176 279.7029 283.1019 285.8588 286.4892 279.1353 281.2653 281.3254 280.3479 274.7742 276.8495 276.5576 275.7908  97.3
1966 1.7005542E-08 2.4191721E-08 2.0085675E-08 1.7238762E-08 1.5347720E-08 1.5616493E-08 1.7630521E-08 2.3483516E-08 1.0536879E-08 1.1282174E-08 2.2188024E-08 3.7758923E-08 9.9060244E-09 1.1904932E-08 2.0542645E-08 3.3229000E-08  282.3604 284.4188 289.2818 294.6140 280.3525 283.5071 286.1856 286.8142 279.0576 281.0178 280.9783 280.1702 274.4627 276.3365 275.7806 275.1579  775.867
1967 2.3709511E-08 2.9299882E-08 2.5247223E-08 1.8871249E-08 2.3515952E-08 2.1790287E-08 2.1396678E-08 2.2377604E-08 1.6305410E-08 1.6878102E-08 2.3037384E-08 3.2078969E-08 1.3553985E-08 1.5543542E-08 2.1544986E-08 2.8416224E-08  282.0820 284.1556 288.9955 294.6773 280.2657 283.3898 286.0502 286.6768 279.0028 281.1174 281.2663 280.5233 274.5031 276.6784 276.6087 276.0942  80.4
1968 2.3376456E-08 2.8765168E-08 2.3719890E-08 2.0844210E-08 2.2021229E-08 2.0958147E-08 2.2142389E-08 2.8488433E-08 1.6055441E-08 1.8007990E-08 2.6594195E-08 3.9759847E-08 1.3236919E-08 1.5884510E-08 2.2847910E-08 3.2598553E-08  281.6712 283.6898 288.5406 294.4758 279.8963 282.9846 285.5708 286.3076 278.8976 280.8476 280.8509 279.9842 274.4642 276.5243 276.2389 275.5284  132.533
1969 1.9384375E-08 2.6218519E-08 1.9983807E-08 1.8305828E-08 1.9800570E-08 1.7371072E-08 1.7781074E-08 2.3350417E-08 1.3445970E-08 1.3702162E-08 2.1024746E-08 3.2994961E-08 1.1982076E-08 1.4448445E-08 2.0958725E-08 2.9476729E-08  281.5554 283.5052 288.4650 294.6875 279.6850 282.8046 285.4748 286.2212 278.5002 280.6191 280.7921 279.9909 273.9996 276.1448 276.0645 275.5725  305.333
1970 9.0237728E-09 1.3966822E-08 1.0437170E-08 9.4959365E-09 1.0960627E-08 1.1492647E-08 1.0202580E-08 1.3086655E-08 8.9023171E-09 1.0484713E-08 1.5779360E-08 2.3768143E-08 8.5515302E-09 1.1090977E-08 1.6867109E-08 2.3378371E-08  283.0487 285.3929 290.4055 294.7162 281.5072 284.9379 287.9336 288.1196 280.2596 282.5655 282.8477 282.0401 275.6983 277.8463 277.5342 277.0229  134.167
1971 1.3495937E-08 1.8552152E-08 1.4649972E-08 1.3845193E-08 1.3782329E-08 1.3372125E-08 1.3222472E-08 1.7258941E-08 9.9064890E-09 1.2135148E-08 1.8018298E-08 2.5968815E-08 9.0021040E-09 1.2754686E-08 2.0350678E-08 2.6706052E-08  282.6537 285.0627 289.9971 294.6760 281.1347 284.5694 287.3732 287.7663 280.1826 282.3147 282.4056 281.5786 275.8328 277.8358 277.3897 276.7577  453
1972 2.3633275E-08 2.8980550E-08 2.3601480E-08 2.0704691E-08 2.2411788E-08 2.1440588E-08 2.1669761E-08 2.6695146E-08 1.5081085E-08 1.5777994E-08 2.3452850E-08 3.3728270E-08 1.2944275E-08 1.5373905E-08 2.3124352E-08 3.0372963E-08  281.6115 283.9255 289.1578 294.3045 280.0070 283.5212 286.3698 286.8985 279.2951 281.6207 281.6634 280.7375 274.9116 277.1955 276.7935 275.9990  335.667
1973 1.1086327E-08 1.7320573E-08 1.3497765E-08 1.0820021E-08 1.0693353E-08 1.1034455E-08 1.1657076E-08 1.4028362E-08 8.4076408E-09 9.0252845E-09 1.4944883E-08 2.2350120E-08 8.4399163E-09 1.0256445E-08 1.5883087E-08 2.4039331E-08  283.5153 285.7846 290.8061 294.7911 282.0512 285.3952 288.2951 288.5905 280.8452 283.0318 283.2352 282.2846 275.9927 278.1325 277.7781 276.9916  111.633
1974 1.5811432E-08 2.2523603E-08 1.9902380E-08 1.9383263E-08 1.5109158E-08 1.4300869E-08 1.5438394E-08 1.9629733E-08 1.1924654E-08 1.2208827E-08 2.0204672E-08 2.8870739E-08 1.2856642E-08 1.5835139E-08 2.3476863E-08 2.9902615E-08  281.9106 283.6925 288.4831 294.7096 280.0430 283.0170 285.6013 286.1324 278.7298 280.7135 280.5410 279.5179 273.8379 275.7715 275.3658 274.6295  1712.23
1975 1.0436509E-08 1.7432930E-08 1.4689538E-08 1.3120478E-08 1.1162814E-08 1.2253685E-08 1.4609736E-08 1.5922117E-08 9.0378691E-09 1.2202703E-08 2.0812337E-08 2.5876613E-08 9.0160226E-09 1.2195994E-08 1.9570418E-08 2.7014876E-08  283.0211 285.3773 290.2361 294.6677 281.3319 284.6905 287.4427 287.7138 279.9045 282.1532 282.3646 281.3586 275.4318 277.6627 277.2548 276.3602  267.567
1976 1.3210965E-08 1.8788006E-08 1.4885025E-08 1.3961001E-08 1.3120900E-08 1.2933221E-08 1.2621548E-08 1.7889477E-08 1.0566450E-08 1.3352648E-08 1.9619961E-08 2.8726532E-08 1.0715497E-08 1.5260973E-08 2.2211573E-08 2.8760674E-08  281.7319 284.2028 289.2988 294.6485 280.2301 283.8615 286.6693 286.8736 279.2643 281.6760 281.8256 280.6660 274.6881 276.9690 276.6909 275.9852  626.333
1977 9.0484198E-09 1.4422818E-08 1.2514350E-08 1.2124298E-08 1.1085820E-08 1.1080799E-08 1.1856768E-08 1.5364089E-08 9.9777138E-09 1.0818313E-08 1.7075555E-08 2.3420645E-08 1.0305583E-08 1.2737330E-08 1.9031969E-08 2.6260381E-08  282.6480 285.1351 290.0690 294.5331 280.9228 284.4615 287.2923 287.4388 279.4670 281.6855 281.8967 281.0065 274.8079 276.7785 276.3495 275.7776  136.7
1978 1.9343188E-08 2.3287461E-08 1.7795426E-08 1.8360153E-08 1.8110045E-08 1.4378833E-08 1.4782376E-08 1.9825720E-08 1.1491808E-08 1.1393202E-08 1.7858467E-08 2.6085944E-08 9.8116555E-09 1.1507196E-08 1.7928906E-08 2.5518336E-08  282.6204 284.3812 289.1661 294.7971 280.5983 283.4618 286.0497 286.7943 279.3259 281.0789 281.0326 280.1667 274.6199 276.5576 276.0498 275.2766  374.133
1979 1.3668415E-08 1.9038605E-08 1.5460344E-08 1.4920362E-08 1.5308849E-08 1.5095669E-08 1.7265302E-08 2.0650683E-08 1.3304897E-08 1.5355996E-08 2.3889230E-08 3.3966963E-08 1.2519134E-08 1.5263431E-08 2.3057844E-08 3.1843982E-08  282.2701 284.4789 289.2139 294.4684 280.4570 283.6679 286.0267 286.4133 279.0590 281.1395 280.9314 279.9199 274.1549 276.2515 275.8182 275.0179  110.133
1980 2.0176929E-08 2.5360585E-08 1.9193266E-08 1.7817282E-08 2.0873376E-08 1.8172029E-08 1.8330480E-08 2.2763476E-08 1.6679966E-08 1.8699772E-08 2.5663267E-08 3.2788456E-08 1.4966231E-08 1.9300543E-08 2.6239036E-08 3.1940463E-08  282.0035 283.9185 288.8307 294.6408 280.1449 283.2217 285.8845 286.6176 278.7704 280.8128 281.0107 280.3663 274.1316 276.1093 276.0679 275.8200  3576
1981 1.3402015E-08 1.9821707E-08 1.6560938E-08 1.5333418E-08 1.3658076E-08 1.3818243E-08 1.6033184E-08 1.9959863E-08 1.0427954E-08 1.1992744E-08 1.7885222E-08 2.8650813E-08 9.8793240E-09 1.1518082E-08 1.7419634E-08 2.5588742E-08  282.9475 285.2606 290.0121 294.5755 281.1845 284.6032 287.3269 287.5671 279.8161 282.0678 282.3091 281.2883 275.3141 277.5041 277.0999 276.2824  264.667
1982 2.1226084E-08 2.4555195E-08 2.3431014E-08 2.7579791E-08 2.1427446E-08 2.1820341E-08 2.6979775E-08 3.4470037E-08 1.6661094E-08 2.1528772E-08 3.2080521E-08 4.1023299E-08 1.4945464E-08 1.9839867E-08 2.8493567E-08 3.4479907E-08  280.9313 283.1571 288.2469 294.5945 279.5007 282.7767 285.3262 285.7903 278.6587 280.6579 280.5807 279.6424 274.2920 276.2176 275.8170 275.1723  120.433
1983 1.6821692E-08 2.4221681E-08 2.1054634E-08 1.7720367E-08 1.8611418E-08 1.8722293E-08 2.1124473E-08 2.3394328E-08 1.3053090E-08 1.6215777E-08 2.6469486E-08 3.6224808E-08 1.2049481E-08 1.5657639E-08 2.6168667E-08 3.6308361E-08  282.2895 284.1313 288.9564 294.9700 280.2236 283.2948 286.0333 286.7724 278.9170 281.0088 281.1978 280.6225 274.1881 276.3638 276.2674 275.9479  43.6
1984 1.4454949E-08 2.1080826E-08 1.6693866E-08 1.5685048E-08 1.6081966E-08 1.4799606E-08 1.4516441E-08 1.7181497E-08 1.1557266E-08 1.2043559E-08 1.6654903E-08 2.4826290E-08 1.0006708E-08 1.2190029E-08 1.6876433E-08 2.4357618E-08  282.4917 284.1838 288.9834 294.6303 280.4531 283.5287 286.2351 286.8738 278.9928 281.1324 281.4463 280.7419 274.4830 276.7033 276.5714 276.0498  16.6667
1985 1.1700594E-08 1.7219289E-08 1.5084845E-08 1.4247263E-08 1.3989717E-08 1.2493116E-08 1.3222613E-08 1.6961142E-08 1.0174952E-08 9.5437676E-09 1.5581149E-08 2.6688353E-08 8.9933119E-09 1.0429248E-08 1.5770242E-08 2.3978060E-08  282.4256 284.7536 289.6464 294.7509 280.7373 284.1088 286.8181 287.2784 279.5613 281.7226 281.7832 280.9323 274.8636 277.1533 276.8301 276.1239  87.3333
1986 2.8057302E-08 3.5950094E-08 2.9065925E-08 2.6265401E-08 2.6914662E-08 2.4392406E-08 2.4132243E-08 2.8251979E-08 1.8425073E-08 1.9328997E-08 2.5319688E-08 3.3617784E-08 1.5175887E-08 1.7943545E-08 2.3279528E-08 2.8091897E-08  280.8090 282.3420 287.2786 294.8248 278.6111 281.3786 284.0951 285.1082 277.8174 279.5370 279.4163 278.5657 273.6661 275.4683 274.9624 274.1152  671
1987 1.4404962E-08 1.8409219E-08 1.4604196E-08 1.7240287E-08 1.4589321E-08 1.3590325E-08 1.6798758E-08 2.4694549E-08 1.2356627E-08 1.4480525E-08 2.5705676E-08 3.7342012E-08 1.4066995E-08 1.9252051E-08 3.0273796E-08 3.8412594E-08  281.6169 284.0812 289.0129 294.6909 279.7103 283.1568 285.7012 286.1086 278.2132 280.3618 280.3788 279.6138 273.5641 275.4697 275.1226 274.9234  725.833
1988 7.9362188E-09 1.2846208E-08 1.0824670E-08 1.0729387E-08 9.8286650E-09 8.1074454E-09 7.9976541E-09 9.4089954E-09 8.9072696E-09 8.8310159E-09 1.2790578E-08 1.8033441E-08 1.0647534E-08 1.2830760E-08 1.8308477E-08 2.1970909E-08  283.6564 286.0392 290.8321 294.7081 282.0303 285.4830 288.2345 288.3708 280.2899 282.6582 282.8923 282.0528 275.2598 277.5231 277.4034 276.9458  168.7
1989 1.1328066E-08 1.6598852E-08 1.2977718E-08 1.4220861E-08 1.3261775E-08 1.2518969E-08 1.3578357E-08 1.6286927E-08 1.1108075E-08 1.2725100E-08 2.0825279E-08 2.9141813E-08 1.1836416E-08 1.4318538E-08 2.1510418E-08 2.8820603E-08  282.9613 285.2286 290.1931 294.7476 281.2695 284.6633 287.4580 287.8219 279.9470 282.1944 282.2675 281.5464 275.4154 277.3619 276.9109 276.4127  127.967
1990 2.7243647E-08 3.0446774E-08 2.0099453E-08 1.6891404E-08 2.3933687E-08 2.0573134E-08 1.8894017E-08 2.3677748E-08 1.5732287E-08 1.7368063E-08 2.4695339E-08 3.5120017E-08 1.4187261E-08 1.7494083E-08 2.3668333E-08 3.1601246E-08  281.8516 283.7220 288.6802 294.7257 279.9349 282.9965 285.6429 286.3651 278.9091 280.8761 280.8600 279.9595 274.2024 276.3102 275.9716 275.2953  1007.87
1991 1.4598962E-08 2.0688095E-08 1.7070830E-08 1.8091512E-08 1.2709989E-08 1.2160185E-08 1.4275873E-08 2.1995508E-08 9.8449533E-09 1.0936965E-08 1.7439769E-08 2.9191531E-08 1.0970898E-08 1.3567218E-08 1.9140224E-08 2.7172241E-08  281.7585 283.9196 288.9189 294.7358 280.1843 283.4647 286.1245 286.5178 279.0145 281.1182 281.0818 280.1672 274.1395 276.2478 275.8069 275.2641  398.8
1992 3.6670173E-08 4.0011187E-08 2.8774876E-08 2.2309285E-08 3.2929670E-08 2.7283443E-08 2.7149849E-08 3.0261461E-08 2.0302664E-08 2.0733518E-08 2.7248271E-08 3.7975205E-08 1.5636564E-08 1.7589503E-08 2.2860391E-08 2.9315226E-08  281.1752 282.5503 287.4607 294.8537 278.6515 281.3730 284.0796 285.1508 277.4664 279.0475 279.1028 278.4477 273.0805 274.9403 274.5721 273.7788  452.067
1993 2.6531509E-08 2.9955000E-08 2.3690882E-08 2.1755952E-08 2.5189628E-08 2.2817956E-08 2.4331753E-08 3.2103397E-08 1.8498181E-08 1.9301888E-08 2.9160434E-08 4.3105917E-08 1.5280785E-08 1.9955401E-08 2.8815109E-08 3.6332391E-08  280.8282 283.0078 288.0628 294.6332 279.3563 282.3858 284.7901 285.4732 278.7338 280.2299 279.8010 278.8237 274.2855 275.7756 274.8831 273.9305  172.6
1994 1.5999332E-08 2.1657863E-08 1.6643721E-08 1.8701826E-08 1.5363673E-08 1.4301708E-08 1.3782798E-08 1.9224348E-08 1.1950218E-08 1.2222726E-08 1.6285812E-08 2.4627953E-08 1.1671422E-08 1.2542225E-08 1.6356076E-08 2.2398202E-08  280.7355 282.8871 288.1650 294.7702 279.2379 282.6915 285.4610 285.9663 278.6674 280.8531 280.8706 279.7966 274.4503 276.5828 276.1685 275.3946  298.933
1995 1.5973351E-08 2.2602189E-08 1.8784654E-08 1.6696820E-08 1.9209249E-08 1.7888780E-08 2.1561757E-08 2.5086639E-08 1.5713280E-08 1.6883169E-08 2.7176478E-08 3.9781217E-08 1.4604278E-08 1.8538111E-08 2.7591931E-08 3.7096992E-08  282.5573 284.7069 289.4954 294.8463 280.5083 283.6691 286.2746 286.8790 279.1857 281.1772 281.2848 280.5287 274.7573 276.6414 276.3594 275.8575  313.1
1996 1.0095257E-08 1.8193141E-08 1.5741634E-08 1.4481450E-08 1.1338805E-08 1.1573928E-08 1.4096880E-08 1.7109567E-08 9.2352010E-09 1.0241418E-08 1.8189933E-08 2.9795501E-08 9.7035100E-09 1.1915422E-08 1.8630132E-08 2.6988339E-08  283.2580 285.3384 290.0732 294.7603 281.4662 284.4099 286.8933 287.4555 280.0774 281.8665 281.6016 280.7560 275.4886 277.4797 276.8690 276.2074  506.967
1997 2.3406496E-08 2.9656386E-08 2.5818697E-08 2.3565537E-08 1.9231157E-08 2.0045135E-08 2.2840670E-08 2.7971943E-08 1.4252586E-08 1.5551924E-08 2.3907239E-08 3.3504637E-08 1.3257845E-08 1.5902282E-08 2.2180528E-08 2.9202390E-08  280.5516 282.7635 287.9787 294.4476 279.3698 282.7332 285.1233 285.3994 278.8998 280.8115 280.3703 279.0930 274.6068 276.4044 275.5976 274.7577  256.3
1998 7.0614021E-09 1.3437131E-08 1.0332763E-08 9.2758938E-09 7.9709226E-09 8.2733491E-09 7.6943261E-09 1.0630386E-08 7.3996640E-09 8.0493274E-09 1.3185262E-08 2.0459495E-08 9.1956656E-09 1.0576618E-08 1.6360943E-08 2.3078471E-08  284.0773 286.5172 291.2671 294.6052 282.5777 286.0515 288.8834 288.8881 281.2678 283.4044 283.7303 282.8864 276.6222 278.5657 278.3475 277.8493  445.367
1999 9.7772048E-09 1.4575718E-08 1.0461651E-08 1.0616593E-08 1.1584091E-08 1.1215172E-08 1.1975150E-08 1.3632866E-08 9.7623474E-09 1.0654229E-08 1.7639564E-08 2.7474769E-08 9.3429566E-09 1.1292196E-08 1.7724854E-08 2.6621768E-08  283.7978 286.3521 291.3510 294.7394 282.3177 285.9727 288.8913 289.1658 280.8739 283.3546 283.6917 282.9402 276.2621 278.4640 278.2440 277.7837  76.7
2000 1.7976612E-08 2.1776025E-08 1.6567510E-08 1.4225434E-08 2.0963771E-08 1.6080172E-08 1.4841675E-08 1.6762435E-08 1.5444364E-08 1.4560979E-08 1.9914225E-08 2.8093448E-08 1.2792109E-08 1.4034279E-08 2.0913104E-08 2.8403276E-08  282.8812 285.0678 289.9252 294.9973 281.1558 284.3679 287.1408 287.7251 279.8265 282.0143 282.2364 281.3871 275.2945 277.4275 277.2678 276.6385  110.5
2001 1.5300543E-08 2.0978236E-08 1.6885190E-08 1.5976758E-08 1.3672617E-08 1.3643494E-08 1.4741588E-08 2.0178454E-08 1.0763292E-08 1.1976455E-08 1.8712610E-08 2.7564489E-08 1.0678758E-08 1.3077619E-08 2.0132893E-08 2.7869129E-08  282.6849 284.8390 289.8468 294.8954 281.2594 284.3652 286.9969 287.5739 280.3296 282.1111 281.9755 281.1178 275.8898 277.6779 277.0176 276.3177  179.3
2002 1.9219442E-08 2.5086905E-08 1.7437124E-08 1.6359694E-08 1.9923117E-08 1.7511056E-08 1.7487196E-08 2.1467963E-08 1.4854355E-08 1.5805364E-08 2.3238254E-08 3.2532117E-08 1.3194670E-08 1.5018870E-08 2.1348729E-08 2.9186555E-08  281.9639 283.7226 288.9307 294.7764 280.0049 283.1317 286.1196 286.9973 278.7088 280.8484 281.2587 280.6889 274.2881 276.5399 276.5790 276.0950  105.133
2003 1.4470057E-08 2.1663370E-08 1.7586483E-08 1.5660895E-08 1.5834512E-08 1.5616560E-08 1.6820694E-08 1.8305478E-08 1.3466492E-08 1.5870086E-08 2.2990466E-08 3.1375560E-08 1.3043679E-08 1.6821129E-08 2.4248269E-08 3.1272673E-08  282.5189 284.5897 289.5855 294.9330 280.7473 284.0018 286.7625 287.3559 279.4656 281.5744 281.6453 280.8954 274.7283 276.6614 276.2976 275.8954  244.233
2004 1.8197010E-08 2.4108694E-08 1.8549020E-08 1.7342359E-08 1.9828281E-08 1.6619316E-08 1.6541618E-08 2.3177988E-08 1.3498906E-08 1.3943206E-08 2.1402654E-08 3.2783809E-08 1.1904988E-08 1.3324637E-08 1.8973861E-08 2.7611158E-08  282.1085 283.6487 288.4668 294.6174 279.9732 282.7489 285.3946 286.2336 278.4914 280.3872 280.5331 279.7189 273.7285 275.8722 275.5198 274.8058  144.033
2005 1.6246785E-08 2.1818527E-08 1.6398099E-08 1.3722941E-08 1.9874738E-08 1.7469006E-08 1.8408997E-08 1.9690846E-08 1.6332843E-08 1.7834145E-08 2.5536343E-08 3.6772512E-08 1.5543767E-08 1.9460478E-08 2.7394670E-08 3.5298193E-08  282.8414 284.5004 289.1091 294.5996 280.7285 283.3874 285.9098 286.7697 279.1995 280.7740 280.8165 280.3041 274.5482 276.1651 275.7720 275.4765  91.2333
2006 1.8688585E-08 2.5588964E-08 1.9253212E-08 1.8079870E-08 1.7401744E-08 1.6522893E-08 1.7299991E-08 2.2258909E-08 1.0912256E-08 1.1287279E-08 1.7732365E-08 2.7616867E-08 9.7137169E-09 1.1657295E-08 1.8475001E-08 2.5398961E-08  282.6849 284.1736 288.9403 294.8452 280.7736 283.4081 286.0169 286.7659 279.4700 281.2929 281.3325 280.4996 275.0884 277.0972 276.8280 276.0701  90.0333
2007 1.5745959E-08 2.0183165E-08 1.6193011E-08 1.4123714E-08 1.7067405E-08 1.4328105E-08 1.2747545E-08 1.5813455E-08 1.3382162E-08 1.1895530E-08 1.5556830E-08 2.3370752E-08 1.2033070E-08 1.3808705E-08 1.7789931E-08 2.3300894E-08  283.1319 285.2519 289.9991 294.9494 281.5112 284.6302 287.0886 287.4454 280.2961 282.3149 282.1099 280.9355 275.6493 277.6951 277.1179 276.1805  665.633
2008 1.3970777E-08 2.0004755E-08 1.5531118E-08 1.4397047E-08 1.5367622E-08 1.3778018E-08 1.4191550E-08 1.7487467E-08 1.1407336E-08 1.1708093E-08 1.9253932E-08 2.8583530E-08 1.1344634E-08 1.3071839E-08 2.0827169E-08 2.8941729E-08  283.2342 285.2910 290.1297 294.6275 281.3911 284.4972 287.1977 287.6322 279.9432 281.8609 281.8802 280.9958 275.3420 277.1562 276.6111 275.9523  100.533
2009 1.9500067E-08 2.5139418E-08 1.9147521E-08 1.8252168E-08 2.1084965E-08 2.0693070E-08 2.1489777E-08 2.5754696E-08 1.8109141E-08 2.1416479E-08 2.8477158E-08 3.8193296E-08 1.7564561E-08 2.1961808E-08 2.9650534E-08 3.6209205E-08  281.7376 283.7094 288.6549 294.5844 279.5816 282.6974 285.3892 286.0123 278.3682 280.2846 280.4622 279.7855 273.8099 275.8138 275.7018 275.3394  170.5
2010 1.3036449E-08 1.7535838E-08 1.4054898E-08 1.1270597E-08 1.5094033E-08 1.2033137E-08 1.2413497E-08 1.3803408E-08 1.2291418E-08 1.1033515E-08 1.7948414E-08 2.5540823E-08 1.2300954E-08 1.3552024E-08 1.9468693E-08 2.8478011E-08  283.9621 286.1740 291.1527 295.1892 282.2093 285.4043 288.5124 289.1357 280.2360 282.4859 283.0040 282.5096 275.1702 277.3070 277.2554 276.9594  109.8
2011 8.1503266E-09 1.3525070E-08 1.1519384E-08 1.2402935E-08 1.0103228E-08 9.6123225E-09 9.2008188E-09 1.3513844E-08 8.5414689E-09 9.3804946E-09 1.3882918E-08 2.0903892E-08 9.1466692E-09 1.1554712E-08 1.6213940E-08 2.2087615E-08  283.5195 285.5247 290.2636 294.6852 281.8278 285.0424 287.7947 287.8499 280.4070 282.6798 282.8895 281.7498 275.8448 278.0914 277.6811 276.8322  10.5433
2012 1.7676015E-08 2.0093264E-08 1.5184122E-08 1.3397876E-08 1.8244828E-08 1.5790830E-08 1.5327727E-08 2.0019854E-08 1.3654787E-08 1.4290590E-08 1.9480538E-08 3.0137706E-08 1.2731769E-08 1.5120728E-08 1.9098398E-08 2.6085971E-08  282.2751 284.4406 289.3976 294.4206 280.6110 283.8062 286.5087 286.9159 279.4958 281.6084 281.6823 280.8217 274.7029 277.1291 276.9575 276.5019  50.7467
2013 1.1610028E-08 1.8233607E-08 1.8083274E-08 1.5748824E-08 1.3177634E-08 1.1753357E-08 1.4656345E-08 1.8468512E-08 9.6479749E-09 9.3936867E-09 1.6453100E-08 2.9551623E-08 1.0273342E-08 1.1361171E-08 1.8348915E-08 2.7793975E-08  282.6864 284.9996 289.8413 294.8310 280.7858 284.1773 286.8196 287.4737 279.3391 281.6025 281.7420 280.9239 274.4547 276.8319 276.6882 276.1522  375.5
2014 1.4804941E-08 2.0841892E-08 1.6145956E-08 1.5064463E-08 1.7701998E-08 1.6895918E-08 1.7736385E-08 2.0585281E-08 1.4832152E-08 1.7734385E-08 2.6556826E-08 3.3244202E-08 1.3637018E-08 1.6977829E-08 2.4004324E-08 2.9471687E-08  281.7299 283.6417 288.7049 294.5195 279.8567 283.1047 285.8715 286.4191 278.8527 281.0992 281.2977 280.5822 274.3600 276.7786 276.8879 276.4795  54.5667
2015 1.7565148E-08 2.3050806E-08 2.1483492E-08 2.4078687E-08 1.8846192E-08 1.8262339E-08 2.2446763E-08 3.0401576E-08 1.6147609E-08 1.7740946E-08 2.7281622E-08 3.9493525E-08 1.5028419E-08 1.8539065E-08 2.7528403E-08 3.6017859E-08  280.3392 283.1205 288.2173 294.3355 279.0533 282.4888 284.5852 284.7538 278.5498 280.2611 279.5912 278.3465 274.1101 275.8506 274.8849 274.0655  46.1333
