STN,prec_1,prec_2,prec_3,prec_4,prec_5,prec_6,prec_7,prec_8,prec_9,prec_10,prec_11,prec_12,prec_13,prec_14,prec_15,prec_16,st_1,st_2,st_3,st_4,st_5,st_6,st_7,st_8,st_9,st_10,st_11,st_12,st_13,st_14,st_15,st_16,05.0
LAT,26.51077,26.51077,26.51077,26.51077,29.30136,29.30136,29.30136,29.30136,32.09194,32.09194,32.09194,32.09194,34.88252,34.88252,34.88252,34.88252,26.51077,26.51077,26.51077,26.51077,29.30136,29.30136,29.30136,29.30136,32.09194,32.09194,32.09194,32.09194,34.88252,34.88252,34.88252,34.88252,30.7512899
LON,-104.0625,-101.2500,-98.43750,-95.62500,-104.0625,-101.2500,-98.43750,-95.62500,-104.0625,-101.2500,-98.43750,-95.62500,-104.0625,-101.2500,-98.43750,-95.62500,-104.0625,-101.2500,-98.43750,-95.62500,-104.0625,-101.2500,-98.43750,-95.62500,-104.0625,-101.2500,-98.43750,-95.62500,-104.0625,-101.2500,-98.43750,-95.62500,-98.6697599
1958 2.0384780E-08 4.1204569E-08 2.2624876E-08 6.9802017E-09 2.9285614E-08 3.2976530E-08 1.4026501E-08 1.6035537E-08 2.4557336E-08 3.0510229E-08 2.2758469E-08 2.7642562E-08 2.6422818E-08 4.1963769E-08 3.8612949E-08 3.7940783E-08  295.6035 297.4883 302.2277 298.5249 296.2027 299.4405 302.0256 300.8042 296.5854 298.8896 298.5987 297.1594 292.9731 295.2284 295.4696 294.9404  615.29
1959 2.6285258E-08 3.7746304E-08 1.8666658E-08 7.4093927E-09 2.8976689E-08 2.9079414E-08 9.9223385E-09 1.9480987E-08 2.2734278E-08 2.7213561E-08 1.6925231E-08 2.5098798E-08 2.3707781E-08 3.2879015E-08 3.4018392E-08 3.5978250E-08  295.8023 297.7298 302.7133 298.7171 297.0891 300.2642 303.0352 301.6749 297.6756 300.1996 299.9321 298.1028 294.5034 296.6016 296.4325 295.6262  143.774
1960 3.0409780E-08 3.5737759E-08 1.4455281E-08 7.1641915E-09 3.0863710E-08 2.8494899E-08 1.0430450E-08 1.7034026E-08 2.2263416E-08 2.5481292E-08 1.8062684E-08 2.5336732E-08 2.0129653E-08 2.9053187E-08 2.9095306E-08 3.0953455E-08  295.3025 297.5695 302.7930 298.2888 296.6102 300.2045 303.0897 302.0742 297.5337 300.2934 300.5311 298.8498 294.6463 297.0285 297.3442 296.5836  142.129
1961 2.3371987E-08 3.5831732E-08 1.9273921E-08 7.2296338E-09 2.5392371E-08 2.3916328E-08 8.6081737E-09 1.7430917E-08 2.0843032E-08 2.0474106E-08 1.4056419E-08 2.1317817E-08 2.1333452E-08 3.0659375E-08 2.7162898E-08 2.8791728E-08  295.6154 297.5530 302.6579 298.6316 296.9238 300.5109 303.4438 302.3424 297.8766 300.8104 301.0864 299.3234 294.8374 297.2778 297.4325 296.5584  165.226
1962 3.0215620E-08 3.3207762E-08 1.5922446E-08 6.7025119E-09 2.9493318E-08 2.2516581E-08 6.8357457E-09 1.3547860E-08 2.0104244E-08 1.9261773E-08 1.6539621E-08 2.2600316E-08 1.7870029E-08 2.5946056E-08 2.8257022E-08 2.9739182E-08  295.3550 297.8497 303.2502 298.7998 296.8701 300.8616 304.0445 302.8835 298.1006 301.1664 301.3622 299.4120 295.4090 297.6911 297.6663 296.5320  98.2903
1963 3.3628389E-08 4.2195779E-08 3.0947302E-08 1.0390304E-08 3.6557566E-08 3.0243374E-08 1.3119476E-08 2.5329955E-08 2.4258897E-08 2.4588035E-08 2.0389795E-08 3.1655773E-08 2.1620364E-08 2.8971492E-08 3.2090544E-08 3.5932349E-08  294.7361 297.0853 302.2548 299.2877 295.8992 299.8155 302.9958 301.9706 297.2027 300.2682 300.2439 298.6315 294.5752 297.2341 297.3174 296.4476  176.065
1964 2.7699837E-08 3.8465775E-08 1.5201143E-08 6.9525212E-09 2.6838178E-08 2.4014124E-08 5.9008491E-09 2.0931003E-08 1.6339552E-08 1.7532669E-08 1.0515367E-08 2.2248955E-08 1.5609302E-08 2.5651167E-08 2.4897957E-08 3.0913725E-08  296.0145 298.2246 303.4842 298.5661 297.8692 301.3662 304.3075 302.7373 299.1013 301.7908 302.0265 299.6504 295.9490 298.0446 298.0930 296.8667  113.226
1965 2.8043218E-08 4.5175984E-08 3.3353853E-08 9.4116341E-09 3.5968991E-08 3.6958415E-08 1.7306977E-08 2.2696398E-08 3.2170764E-08 3.4963776E-08 2.9086669E-08 3.5744122E-08 3.1128895E-08 4.1059970E-08 4.0040092E-08 4.0395182E-08  294.1162 296.5847 301.8443 298.7827 294.9614 298.8716 302.4364 301.7085 295.7301 298.6698 299.1421 298.0248 292.7829 295.4488 295.9758 295.7199  1394.52
1966 2.2864267E-08 4.0343423E-08 2.5855869E-08 7.1293131E-09 3.1101049E-08 3.7891855E-08 1.6102906E-08 2.1881416E-08 2.6273067E-08 3.4029267E-08 2.5470930E-08 3.3623571E-08 2.6812568E-08 3.8155829E-08 3.9203471E-08 3.8588304E-08  294.8804 296.9599 301.5114 297.8655 295.6974 298.9317 301.7036 300.6137 296.2576 298.7111 298.5413 297.1691 292.8978 295.3574 295.7370 295.3009  520.161
1967 2.9420544E-08 3.8792571E-08 2.3541034E-08 1.0896485E-08 3.1408511E-08 2.9067982E-08 1.0642065E-08 1.8699591E-08 2.0945036E-08 2.0071052E-08 1.5820502E-08 2.7294220E-08 2.0227173E-08 2.5379469E-08 2.6672332E-08 3.1934555E-08  295.1845 297.5843 302.9065 299.4524 296.7446 300.6064 303.8525 302.5913 298.0403 301.0528 301.3375 299.1781 295.0536 297.6995 297.7206 296.5338  347.258
1968 3.0515871E-08 3.6700399E-08 2.0120233E-08 1.0020205E-08 3.1428915E-08 2.7322340E-08 9.4069943E-09 1.9777882E-08 2.1252694E-08 2.3076787E-08 1.4601196E-08 2.5570271E-08 2.0887441E-08 2.6976936E-08 2.6250188E-08 2.7797741E-08  294.6841 296.9835 302.3531 298.9035 295.9753 299.7362 303.1024 302.0085 297.2694 300.2160 300.4723 298.4898 294.4323 296.9765 297.2728 296.3138  1222.84
1969 2.1065565E-08 3.5379347E-08 3.0609545E-08 8.3680911E-09 2.5315213E-08 3.0024037E-08 1.4608564E-08 1.6050707E-08 2.1728269E-08 2.6351106E-08 2.5021977E-08 2.8311549E-08 2.4103315E-08 3.7086259E-08 3.8406281E-08 4.0359811E-08  295.5099 297.8289 302.1242 298.4727 296.3755 299.8634 302.4781 301.5852 296.7934 299.5139 299.4090 298.0487 293.4251 296.0015 296.3034 295.7062  324.161
1970 2.5410086E-08 2.9076363E-08 1.7660454E-08 7.0813932E-09 2.7020095E-08 2.1629676E-08 7.7850917E-09 1.6036205E-08 2.0796596E-08 1.8461410E-08 1.2450045E-08 1.9986931E-08 2.1323615E-08 2.6442565E-08 2.6619697E-08 2.7432343E-08  295.3064 297.5531 302.2149 298.2136 296.7244 300.1910 302.7295 301.4973 297.6355 300.4047 299.9972 298.1030 294.5014 296.9742 296.9735 296.0643  1035.32
1971 2.7068594E-08 3.1737002E-08 1.3201067E-08 6.9993371E-09 2.7704973E-08 2.3811101E-08 6.2682917E-09 1.4393573E-08 2.0722238E-08 2.0441615E-08 1.2674931E-08 2.2158680E-08 2.0010631E-08 2.6176505E-08 2.4695444E-08 2.7638420E-08  295.1307 297.5938 302.8146 298.0078 296.8043 300.7346 303.7476 302.4032 298.1167 301.2263 301.6945 299.8187 295.2552 297.8423 298.1436 297.2600  106.161
1972 2.6397474E-08 4.0965798E-08 3.8199296E-08 9.1924992E-09 3.2736935E-08 3.6691375E-08 1.9089523E-08 2.8610007E-08 2.5849047E-08 3.1579475E-08 3.0396379E-08 3.7285744E-08 2.5335614E-08 3.7058339E-08 4.2533593E-08 4.0858605E-08  294.4817 296.9816 301.8079 299.0993 295.4815 299.2372 302.1466 301.1888 296.5056 299.2841 298.8748 297.3834 293.3989 295.9037 295.8409 295.2161  560.065
1973 2.4333650E-08 3.6802582E-08 2.4311824E-08 6.6765353E-09 2.4992717E-08 2.9971670E-08 9.8030366E-09 1.6441721E-08 1.9042943E-08 2.5456265E-08 1.8704284E-08 2.4601535E-08 1.8057740E-08 3.1361552E-08 3.1260296E-08 3.2351636E-08  295.2982 297.4203 302.0821 298.1970 296.5065 299.7188 302.5818 301.3094 297.2604 299.7452 299.4837 297.8036 294.0935 296.3835 296.4547 295.7498  147.903
1974 2.8985239E-08 3.9789789E-08 2.1164142E-08 9.8556452E-09 2.7031710E-08 2.6482560E-08 9.4499528E-09 2.0381842E-08 1.9730770E-08 2.0675319E-08 1.5780170E-08 2.6194305E-08 1.7787110E-08 2.6946754E-08 3.0950954E-08 3.1606092E-08  295.0475 297.2873 302.8546 299.1249 296.7941 300.4384 303.7299 302.5529 298.0678 300.9989 301.3278 299.3953 295.2362 297.6325 297.6766 296.5049  929.419
1975 2.4103954E-08 3.3443488E-08 1.9002547E-08 8.0498035E-09 2.8794730E-08 2.4796492E-08 8.4153413E-09 2.0918819E-08 2.2699286E-08 2.1761528E-08 1.6241119E-08 2.8383399E-08 2.3122102E-08 2.8442832E-08 2.8135107E-08 3.1472247E-08  295.2437 297.3983 302.8427 298.9688 296.5244 300.3246 303.6889 302.4747 297.6560 300.6701 301.0882 299.1602 294.8100 297.3623 297.7504 296.7847  2034.77
1976 2.9021281E-08 4.1780595E-08 2.5083104E-08 8.4691703E-09 2.9640020E-08 2.9089573E-08 9.4425676E-09 1.7342643E-08 2.2117785E-08 2.3550882E-08 1.6925851E-08 2.3963588E-08 2.4288781E-08 3.0242951E-08 3.1144449E-08 3.4049403E-08  294.6380 297.0953 302.5895 299.0806 296.1403 299.9869 303.4364 302.4056 297.2857 300.2401 300.7042 299.0719 293.9647 296.6044 297.0371 296.2484  221.71
1977 3.3068297E-08 3.5129339E-08 1.7647288E-08 7.4986204E-09 3.5605463E-08 2.9112886E-08 6.8541817E-09 1.5297706E-08 2.5147523E-08 2.4711701E-08 1.7161993E-08 2.3774994E-08 2.1538204E-08 3.0938306E-08 2.9492096E-08 3.2468837E-08  294.5243 297.0514 302.2607 298.2804 295.7826 299.5889 302.8779 301.8882 296.7575 299.7715 299.8055 298.4536 293.8135 296.4403 296.9067 296.3921  1300.48
1978 2.6587372E-08 3.0988268E-08 1.6078028E-08 7.4303714E-09 2.7399999E-08 2.3455055E-08 7.1364088E-09 1.6408709E-08 2.1005308E-08 2.1222698E-08 1.7215319E-08 2.7517302E-08 2.1821339E-08 3.0803857E-08 3.0761733E-08 3.3659852E-08  295.5796 297.9077 302.7867 298.4169 296.9062 300.5981 303.4604 302.0097 297.8325 300.6884 300.6584 298.4079 294.7542 297.0616 297.0151 295.8666  149.677
1979 2.3968141E-08 4.4633385E-08 3.3248348E-08 1.1715034E-08 2.9890828E-08 3.6987306E-08 1.5058266E-08 2.2068175E-08 2.4320080E-08 3.1219958E-08 2.5415314E-08 3.2843445E-08 2.5019643E-08 3.7976349E-08 3.9313345E-08 3.9747757E-08  294.7328 296.9233 301.6755 298.7342 295.6846 299.2869 302.2764 301.2976 296.6300 299.4331 299.2704 297.6370 293.6767 296.1849 296.1030 295.3167  372.484
1980 2.6647903E-08 4.1519300E-08 2.5022880E-08 9.1103649E-09 3.0723641E-08 3.9782986E-08 1.2847900E-08 1.9093326E-08 2.5636924E-08 2.9270694E-08 1.9544672E-08 2.9833469E-08 2.5357682E-08 3.7935202E-08 3.4658001E-08 3.6058793E-08  294.7976 296.8229 301.8864 298.4945 296.0404 299.2254 302.3809 301.3432 296.7922 299.3895 299.3617 297.8665 293.6893 296.0589 296.3285 295.8102  418.742
1981 2.7031657E-08 2.9762225E-08 1.3592245E-08 6.6474661E-09 2.7270382E-08 2.0164887E-08 6.8627308E-09 1.4938598E-08 1.9041519E-08 1.7451125E-08 1.3026651E-08 1.9641547E-08 1.7461520E-08 2.5510886E-08 2.4085788E-08 2.6891691E-08  295.8734 298.0258 302.9290 298.6960 297.3646 300.8648 303.6690 302.5324 298.3929 301.1457 301.3571 299.5712 295.4548 297.7418 297.8836 296.9568  488.452
1982 2.3391928E-08 4.0448583E-08 2.9358883E-08 8.2140321E-09 2.6737533E-08 3.3733233E-08 1.4521898E-08 2.4651966E-08 2.4190372E-08 2.7678217E-08 2.4656483E-08 3.4532412E-08 2.4478966E-08 3.4212690E-08 4.0618556E-08 4.0648427E-08  295.8145 297.6816 302.4670 299.0535 296.9378 300.0927 303.0148 301.9522 297.6237 300.1259 300.0950 298.4282 294.2805 296.5615 296.5079 295.7313  273.774
1983 2.0825320E-08 4.2129667E-08 3.4230236E-08 9.7029238E-09 3.4850505E-08 4.0201442E-08 1.8797056E-08 2.4416341E-08 3.3103301E-08 4.0494790E-08 3.3536693E-08 4.0658858E-08 3.1633057E-08 4.5213881E-08 4.5014197E-08 4.4998547E-08  294.5067 297.0816 302.1870 296.6898 294.9137 298.7450 301.7473 300.3477 295.1548 297.9340 297.9650 296.6757 291.7759 294.5050 294.9155 294.6178  235.355
1984 2.6820162E-08 3.6387785E-08 1.7540128E-08 7.3790605E-09 2.9014259E-08 2.7881761E-08 8.9554559E-09 1.8840309E-08 2.0987533E-08 2.3539769E-08 1.7756769E-08 2.2987559E-08 2.0874335E-08 2.6425683E-08 2.9336247E-08 2.8652645E-08  294.9028 297.2892 302.6901 298.4130 296.3469 299.9974 303.3788 302.0288 297.5802 300.4584 300.7597 299.1478 295.0245 297.5368 297.8050 297.1567  41
1985 3.2632734E-08 4.6941757E-08 2.8294163E-08 1.1774936E-08 3.1961189E-08 3.3690629E-08 1.1686704E-08 2.4526763E-08 2.3881501E-08 2.7478881E-08 2.1443721E-08 3.3232194E-08 2.3918444E-08 3.0599796E-08 3.3751316E-08 3.8999211E-08  294.4618 296.7044 302.0650 298.5828 296.2065 299.9397 303.2139 302.1565 297.5681 300.5123 300.7952 299.0990 294.6579 297.4061 297.6909 297.0104  340.806
1986 3.7494281E-08 4.7393637E-08 3.0618430E-08 1.0474841E-08 3.8940275E-08 3.8256694E-08 1.6848283E-08 2.5934979E-08 3.0337638E-08 2.7738785E-08 2.4209248E-08 3.6008093E-08 2.8439747E-08 3.6436610E-08 3.8033026E-08 4.0115349E-08  293.6955 296.1101 301.4054 299.1717 295.0090 298.6823 301.9983 301.0811 296.1944 299.0242 299.1901 297.7115 293.2991 295.8329 296.0833 295.6626  156.613
1987 2.8730810E-08 5.3061740E-08 4.0377490E-08 1.2086843E-08 4.2368189E-08 4.9611316E-08 2.5516792E-08 2.5793069E-08 3.8090452E-08 4.4504898E-08 3.6172842E-08 3.8790429E-08 3.6088160E-08 5.0977857E-08 4.9157617E-08 4.4597385E-08  293.2863 295.4187 300.2488 297.6966 293.6357 297.0578 300.1755 299.8056 294.0149 296.3285 296.8976 296.3295 291.0174 293.5976 294.4036 294.6633  539.258
1988 3.1792244E-08 3.7241797E-08 1.9785102E-08 8.3936964E-09 2.9479395E-08 2.3771177E-08 6.8017871E-09 1.8243909E-08 2.0620678E-08 2.0099709E-08 1.3133572E-08 2.2169523E-08 2.1310175E-08 2.7560860E-08 2.8378716E-08 2.9966561E-08  295.1482 297.4823 302.5227 297.6159 296.8083 300.5514 303.4936 301.9962 298.2277 300.9971 301.1557 299.1599 295.4821 297.6028 297.7066 296.8515  261.484
1989 3.7392219E-08 3.3959907E-08 1.6608006E-08 7.8505300E-09 3.4368828E-08 2.4704731E-08 6.9834485E-09 1.5644668E-08 2.4770166E-08 2.2746558E-08 1.6811502E-08 2.6759119E-08 2.2997963E-08 2.6899830E-08 3.0389685E-08 3.1793615E-08  294.3711 297.7107 303.5719 298.3751 296.4740 300.9275 304.5470 303.1436 298.1375 301.2957 302.0366 300.2202 295.5351 298.1725 298.4799 297.6181  412.806
1990 2.7622781E-08 4.1639051E-08 3.0328163E-08 9.4781027E-09 2.9491538E-08 3.5984570E-08 1.3450109E-08 2.5330911E-08 2.2916062E-08 2.7427054E-08 2.5130223E-08 3.2170984E-08 2.3603207E-08 3.6896527E-08 3.8179799E-08 3.6914365E-08  295.3490 297.6592 302.4191 298.5361 296.5826 300.0145 303.2042 301.9418 297.4263 300.0647 300.0978 298.4669 294.4539 296.6670 296.6852 296.0647  1983
1991 2.2337268E-08 4.3545121E-08 3.4041705E-08 9.5831698E-09 2.9619402E-08 3.8108929E-08 1.5926586E-08 3.0734707E-08 2.6381349E-08 3.6259220E-08 2.9586481E-08 4.3238799E-08 2.9370318E-08 4.2543320E-08 4.7183057E-08 4.7789673E-08  295.2428 297.4634 302.2888 299.3800 296.0494 299.4957 302.8367 301.7447 296.7090 299.3594 299.5249 297.8560 293.5322 296.1310 296.2743 295.7586  228.581
1992 3.5024286E-08 6.2631905E-08 5.2297775E-08 1.3925269E-08 5.1868721E-08 6.1479199E-08 3.4458306E-08 3.2891368E-08 4.6871691E-08 5.1910160E-08 4.6426614E-08 5.0674906E-08 4.1433228E-08 5.5501690E-08 5.5994320E-08 5.3508625E-08  293.1294 295.0850 299.9979 298.9423 293.3406 296.6997 299.9308 299.6066 293.8538 296.0205 296.6797 296.0549 290.9773 293.5377 294.4034 294.4933  674.806
1993 2.5141158E-08 4.8050779E-08 3.3621685E-08 1.0152926E-08 3.4703504E-08 4.2058211E-08 1.8285212E-08 2.5766550E-08 2.8218862E-08 3.6320166E-08 2.9950534E-08 3.9963613E-08 2.7454396E-08 4.2521755E-08 4.3957375E-08 4.4722736E-08  294.6022 296.4095 300.8835 298.2608 295.1011 298.2914 301.1620 300.3211 295.6661 298.1062 298.1637 296.8276 292.5129 295.0228 295.3029 294.9389  255.645
1994 3.6550926E-08 5.2528591E-08 3.9388325E-08 1.1835001E-08 3.9752440E-08 4.2612463E-08 1.9882643E-08 3.3127609E-08 3.1178956E-08 3.3703326E-08 2.6899086E-08 3.8614601E-08 2.9351378E-08 4.1640249E-08 3.9330203E-08 4.3216499E-08  294.1738 296.2037 300.9713 298.0505 295.1214 298.5847 301.6978 300.8801 296.1835 298.8006 298.9123 297.4586 293.4659 295.7833 295.9748 295.4286  556.161
1995 2.6083768E-08 4.2418932E-08 2.3750719E-08 7.0641719E-09 3.2643882E-08 3.7837985E-08 1.3430756E-08 1.9960602E-08 2.2839904E-08 2.7766442E-08 2.0858337E-08 2.9237073E-08 2.2332515E-08 3.3054004E-08 3.3489837E-08 3.7353658E-08  295.0661 296.9513 301.8017 298.4648 295.9642 299.2812 302.3150 301.2410 296.8802 299.6198 299.6742 298.0085 294.0268 296.5317 296.8530 296.0373  435.371
1996 2.8763903E-08 3.4889979E-08 1.4552407E-08 7.8158147E-09 3.1151981E-08 2.3656819E-08 6.8204056E-09 1.6135266E-08 2.1529724E-08 2.1287644E-08 1.4277924E-08 2.2630678E-08 1.8963695E-08 2.7431943E-08 2.6944697E-08 2.9250154E-08  295.5212 297.6774 302.5933 297.2349 296.9642 300.7079 303.4244 302.0546 298.1096 300.9804 301.1181 298.9541 295.3389 297.8037 297.8541 296.7178  50.3226
1997 2.6349593E-08 4.6172676E-08 2.7374799E-08 9.3197920E-09 3.1160301E-08 3.9519058E-08 1.2076324E-08 2.1651207E-08 2.6471534E-08 3.1330188E-08 1.9600906E-08 2.6087781E-08 2.5786143E-08 3.8004497E-08 3.4293159E-08 3.8386869E-08  295.1541 297.1808 302.1715 297.9096 296.1182 299.6252 303.0028 301.9452 296.9693 299.6647 300.1136 298.4349 293.8268 296.2709 296.5617 295.8257  308.903
1998 1.8589475E-08 4.1634731E-08 3.3082831E-08 1.0457108E-08 2.9678629E-08 3.8468926E-08 1.9073322E-08 2.1476767E-08 2.8397725E-08 3.7973368E-08 3.2965019E-08 3.6695919E-08 2.6183482E-08 4.3453205E-08 4.6948422E-08 4.3154660E-08  295.2988 297.6962 302.4962 298.1821 295.8690 299.5153 302.1643 300.7031 296.1230 298.7719 298.3022 296.9491 292.9014 295.3133 295.4550 295.1434  122.258
1999 2.7559375E-08 2.6353673E-08 1.3268598E-08 7.6810354E-09 2.4550509E-08 1.7455681E-08 4.9239732E-09 1.8379787E-08 1.5783627E-08 1.5631052E-08 1.3040829E-08 1.9565077E-08 1.4148625E-08 1.8189688E-08 2.1206063E-08 2.2661338E-08  296.3135 298.7879 304.1374 299.2629 298.2922 302.2046 305.1357 303.8893 299.9821 303.0107 303.5684 302.2307 297.3592 300.1781 300.6969 299.9720  369.774
2000 2.5438990E-08 3.1457674E-08 1.9849095E-08 9.3859818E-09 2.3882734E-08 2.3409568E-08 9.7835544E-09 2.0413818E-08 1.7399246E-08 2.1197046E-08 1.5893011E-08 2.5663260E-08 1.6308929E-08 2.3908964E-08 2.5286655E-08 2.6773247E-08  295.6579 298.4022 303.6446 299.7471 297.5428 301.7244 304.6546 303.2274 299.1701 302.3855 302.7994 301.0317 296.6232 299.4912 299.9008 298.9482  130.935
2001 3.7522639E-08 4.6464052E-08 3.1745127E-08 1.1625069E-08 3.8726636E-08 3.4646323E-08 1.3446189E-08 2.4767491E-08 2.7274895E-08 2.7478706E-08 2.1270315E-08 3.6320227E-08 2.4925606E-08 3.1903376E-08 3.1293904E-08 3.4670851E-08  293.7539 296.4473 302.3025 299.2379 295.1795 299.4707 303.1884 302.2592 297.1678 300.2503 300.6344 298.8946 295.0092 297.6128 297.8833 297.1571  379.129
2002 2.3871637E-08 4.3168399E-08 3.1528071E-08 1.0297328E-08 3.0619319E-08 3.9027682E-08 1.6413866E-08 2.8361830E-08 2.7104875E-08 3.0984619E-08 2.5771920E-08 3.4812263E-08 2.6869872E-08 3.7375163E-08 3.8421721E-08 3.9282231E-08  295.1732 297.2640 302.3882 299.6861 296.2256 299.6143 302.9732 302.1817 297.0882 299.7197 299.8114 298.5387 294.1237 296.6211 296.8154 296.4376  105.548
2003 2.6634600E-08 4.8504678E-08 3.1189167E-08 8.4898746E-09 3.2624481E-08 3.6737379E-08 1.3653641E-08 1.7854758E-08 2.7965667E-08 3.2465604E-08 2.4224631E-08 2.7648634E-08 2.7053744E-08 3.9542634E-08 3.8004867E-08 3.6460758E-08  294.7901 296.7095 301.4375 297.4304 295.9232 299.0872 302.0885 301.1024 296.6199 299.1447 299.1890 297.9273 293.5883 296.0375 296.4629 296.0455  100.484
2004 2.3486631E-08 4.0270148E-08 2.1927132E-08 7.9921216E-09 2.9701575E-08 3.2247957E-08 1.1860046E-08 1.9174497E-08 2.2329527E-08 2.8006179E-08 2.0109198E-08 2.9801853E-08 2.1288209E-08 3.0847943E-08 3.0625003E-08 3.5123676E-08  296.1516 298.1103 302.8791 298.9725 297.1363 300.5172 303.3792 302.4027 298.0024 300.6860 300.7384 299.1965 295.0745 297.4626 297.7156 296.9792  238.355
2005 1.8805661E-08 4.3330509E-08 2.6577101E-08 7.3888544E-09 3.0476052E-08 3.8943970E-08 1.4311811E-08 1.8706357E-08 2.3758224E-08 3.5615521E-08 2.5288527E-08 2.9004040E-08 2.5620256E-08 3.9845478E-08 3.9518540E-08 3.8798202E-08  296.1387 298.0523 302.5811 298.6608 296.6695 299.9281 302.8771 301.7968 297.2422 299.7666 299.8456 298.5579 293.9214 296.4140 296.7712 296.1977  331.226
2006 2.6089896E-08 2.9484955E-08 1.4065802E-08 7.8501694E-09 2.9241621E-08 2.2539140E-08 7.9253741E-09 1.8433377E-08 2.2567082E-08 2.2317195E-08 1.6346290E-08 2.7421429E-08 2.2123960E-08 2.8894446E-08 3.1741166E-08 3.3131300E-08  295.8723 298.2233 303.3844 299.5390 297.2423 300.9665 304.1034 302.7357 298.4397 301.1767 301.3399 299.2050 295.6484 297.9458 297.8108 296.8005  412.194
2007 2.7556526E-08 3.6025650E-08 1.9666530E-08 6.7680039E-09 3.0166980E-08 2.9792195E-08 1.1280355E-08 1.4999184E-08 2.2334328E-08 2.6284591E-08 1.7677500E-08 2.2772316E-08 2.4480544E-08 3.4091887E-08 3.2013205E-08 3.2192663E-08  295.3360 297.3448 302.0677 298.2045 296.4490 299.6956 302.5399 301.7361 297.4637 299.9727 300.0834 298.8729 294.5880 296.9908 297.4199 296.8520  2108.19
2008 2.6047399E-08 2.6090440E-08 9.0945038E-09 6.1030772E-09 2.4017208E-08 1.6855852E-08 4.0117656E-09 1.1215802E-08 1.5537731E-08 1.2680597E-08 9.3434354E-09 1.7288183E-08 1.6418904E-08 2.1546469E-08 2.0984620E-08 2.6020484E-08  296.5130 299.0195 304.3049 298.5749 298.2402 302.1974 305.0142 303.6727 299.5266 302.5735 303.0168 301.0172 296.5830 299.0781 299.5401 298.0900  233.839
2009 2.8740665E-08 4.4856250E-08 2.7248205E-08 9.7302078E-09 3.2118948E-08 3.3119314E-08 1.2000147E-08 2.1455474E-08 2.5097048E-08 2.8810373E-08 2.1235959E-08 3.0922045E-08 2.4987646E-08 3.3738932E-08 3.4334281E-08 3.7241556E-08  295.1240 297.3461 302.5132 298.6335 296.4421 300.0308 303.1661 302.1772 297.6473 300.3753 300.5311 299.0720 294.9800 297.3686 297.4838 296.7863  230.839
2010 2.0011555E-08 3.4492839E-08 1.9423620E-08 7.2110775E-09 2.8630966E-08 3.0426786E-08 1.1706565E-08 1.0137541E-08 2.3199068E-08 2.8929664E-08 2.3610735E-08 2.8164797E-08 2.3449420E-08 3.3670286E-08 3.4382825E-08 3.4942456E-08  0.0000000E+00 0.0000000E+00 0.0000000E+00 0.0000000E+00 0.0000000E+00 0.0000000E+00 0.0000000E+00 0.0000000E+00 0.0000000E+00 0.0000000E+00 0.0000000E+00 0.0000000E+00 0.0000000E+00 0.0000000E+00 0.0000000E+00 0.0000000E+00  638.355
2011 2.3592277E-08 3.3206259E-08 1.6653642E-08 8.2810772E-09 2.1709777E-08 2.2768871E-08 6.9208905E-09 1.6230391E-08 1.6921305E-08 2.0583236E-08 1.2785748E-08 1.9931818E-08 1.6849102E-08 2.5338430E-08 2.5895465E-08 2.9656261E-08  296.4340 298.7022 304.1992 299.3146 297.9245 301.7709 305.0003 303.8044 299.0006 302.0814 302.8028 300.9941 295.9749 298.6087 299.0105 297.8834  65.4194
2012 2.4280682E-08 3.8946553E-08 2.0290459E-08 7.6018676E-09 2.8198222E-08 3.0499255E-08 8.3522469E-09 1.5833518E-08 2.3030660E-08 2.6886871E-08 1.9085210E-08 3.0123324E-08 2.5397734E-08 3.4347316E-08 3.3274691E-08 3.6102254E-08  295.8386 297.9443 303.2271 299.7476 297.1123 300.6193 303.7375 302.9916 298.1461 300.6453 300.4073 299.0626 294.9103 296.9128 296.8369 296.3403  395
2013 2.3482068E-08 3.5330981E-08 1.6662495E-08 7.1104029E-09 2.7165635E-08 2.6102049E-08 9.0522683E-09 1.4031557E-08 2.1424627E-08 2.3110458E-08 1.9656182E-08 2.5407333E-08 2.0785908E-08 3.0024978E-08 3.3928615E-08 3.3222246E-08  296.0177 298.1518 302.8523 297.5086 297.2179 300.7731 303.5051 302.1277 298.2974 300.8875 300.9442 299.1383 295.4261 297.5626 297.6522 296.8742  124.871
2014 2.5392733E-08 3.4640170E-08 1.9760931E-08 6.9769563E-09 2.5131584E-08 2.5436307E-08 1.0424811E-08 2.0342483E-08 2.1131656E-08 2.2669402E-08 1.7706153E-08 2.9774535E-08 2.3913168E-08 3.2732675E-08 3.0676066E-08 3.4539358E-08  295.7562 297.7008 302.2529 297.3752 297.2603 300.4209 303.0240 301.7038 298.2427 300.8481 300.7260 298.5889 295.1370 297.4523 297.4550 296.5822  279.484
2015 2.6272827E-08 5.4225655E-08 4.1547377E-08 1.0322498E-08 3.5585600E-08 4.6565034E-08 2.0522490E-08 2.5568490E-08 2.9277810E-08 3.8529553E-08 2.9184704E-08 3.8848576E-08 3.2263419E-08 4.3374456E-08 4.2921471E-08 4.6609760E-08  294.7702 296.4293 301.3994 299.1410 295.5093 298.6899 302.0306 301.6040 296.1940 298.6885 299.0642 298.1039 292.8518 295.6291 296.1991 295.9316  1703.57
