STN,prec_1,prec_2,prec_3,prec_4,prec_5,prec_6,prec_7,prec_8,prec_9,prec_10,prec_11,prec_12,prec_13,prec_14,prec_15,prec_16,st_1,st_2,st_3,st_4,st_5,st_6,st_7,st_8,st_9,st_10,st_11,st_12,st_13,st_14,st_15,st_16,03.0
LAT,26.51077,26.51077,26.51077,26.51077,29.30136,29.30136,29.30136,29.30136,32.09194,32.09194,32.09194,32.09194,34.88252,34.88252,34.88252,34.88252,26.51077,26.51077,26.51077,26.51077,29.30136,29.30136,29.30136,29.30136,32.09194,32.09194,32.09194,32.09194,34.88252,34.88252,34.88252,34.88252,30.7512899
LON,-104.0625,-101.2500,-98.43750,-95.62500,-104.0625,-101.2500,-98.43750,-95.62500,-104.0625,-101.2500,-98.43750,-95.62500,-104.0625,-101.2500,-98.43750,-95.62500,-104.0625,-101.2500,-98.43750,-95.62500,-104.0625,-101.2500,-98.43750,-95.62500,-104.0625,-101.2500,-98.43750,-95.62500,-104.0625,-101.2500,-98.43750,-95.62500,-98.6697599
1958 5.3780003E-08 1.6249619E-08 4.5022630E-09 1.8211979E-08 2.4913033E-08 6.0320806E-09 3.6690080E-09 2.8501487E-08 1.6657427E-08 5.7199281E-09 8.4753502E-09 2.6841246E-08 2.1396630E-08 1.4898816E-08 1.6591247E-08 2.1767981E-08  295.4507 301.6331 308.0307 302.4795 300.3237 306.3004 308.5940 305.4871 303.1650 307.6253 308.2639 305.9052 301.4124 305.8800 307.7738 306.9598  850.742
1959 5.3008186E-08 9.9837578E-09 2.6498368E-09 1.3268742E-08 2.3755090E-08 3.2852048E-09 9.9103803E-10 2.0766956E-08 1.6941787E-08 4.6062620E-09 5.7335749E-09 1.8819536E-08 2.1572417E-08 1.1996142E-08 1.4354915E-08 2.0690612E-08  295.2940 301.9655 308.4286 302.4738 300.1920 306.6133 309.1675 306.5089 303.1300 308.0400 308.8929 307.1156 301.6277 306.3835 308.3830 307.8435  147.065
1960 5.7050652E-08 1.3402847E-08 4.3676534E-09 1.9009336E-08 2.5607720E-08 4.0443391E-09 2.1302664E-09 2.4686623E-08 1.5343177E-08 3.4201859E-09 5.1664544E-09 1.6916902E-08 1.9235760E-08 9.2911083E-09 1.1518847E-08 1.4998262E-08  294.8772 301.1917 308.0203 302.3892 299.6345 306.0054 308.7451 306.2880 302.8249 307.8154 308.6605 307.1962 301.5052 306.6083 308.8067 308.6250  253.065
1961 5.5272359E-08 8.5770804E-09 3.8400367E-09 1.8510239E-08 2.3966550E-08 2.9927343E-09 2.0658655E-09 2.1792836E-08 1.4925348E-08 3.6808505E-09 5.4366254E-09 1.8066562E-08 1.9737602E-08 1.1273070E-08 1.3465394E-08 1.7428183E-08  294.9667 301.6312 308.2746 302.4230 299.9192 306.4436 309.0004 306.4555 303.1474 308.2059 308.9774 307.2507 301.6010 306.5594 308.5981 308.2134  388.774
1962 5.0523781E-08 1.1928749E-08 3.3719818E-09 1.7437017E-08 2.1127770E-08 2.7304050E-09 1.6285057E-09 2.2273642E-08 1.2774080E-08 2.7949894E-09 4.5023256E-09 1.6880321E-08 1.8792662E-08 9.5991997E-09 1.1052364E-08 1.6604007E-08  294.9562 301.1200 307.7484 302.3675 299.8990 306.0625 308.5661 306.2691 303.2843 307.9758 308.5020 307.0465 301.6411 306.5632 308.5211 308.2269  143.226
1963 5.2411895E-08 1.2501150E-08 4.1159192E-09 1.7973575E-08 2.4335671E-08 4.8571671E-09 2.0630797E-09 2.0727443E-08 1.5740666E-08 5.7506986E-09 6.6876189E-09 1.9436568E-08 2.2392909E-08 1.2499948E-08 1.6129789E-08 2.1374952E-08  295.0211 301.5181 308.0198 302.3662 299.8503 306.2729 308.6698 306.1197 303.1085 307.9894 308.5319 306.7464 301.2595 306.1905 308.1062 307.5978  99.6452
1964 5.3790473E-08 1.3003280E-08 6.1570731E-09 1.9949788E-08 2.3611221E-08 3.9373460E-09 2.8217533E-09 2.5593589E-08 1.4613777E-08 3.5034537E-09 7.6329911E-09 2.2031799E-08 1.9301989E-08 1.0627860E-08 1.4185359E-08 2.1865665E-08  295.2486 301.5409 308.0857 302.4595 300.1661 306.2538 308.7178 306.1454 303.2883 307.8755 308.4253 306.6543 301.6856 306.3356 308.1309 307.5910  180.258
1965 4.0971258E-08 6.7269359E-09 3.9512638E-09 1.8747714E-08 1.7615649E-08 1.4754963E-09 2.4363254E-09 2.1676872E-08 1.2406868E-08 2.8679787E-09 5.0580544E-09 1.9093918E-08 2.0625032E-08 1.1796661E-08 1.3524803E-08 1.8910976E-08  295.8663 301.9662 307.9007 302.2926 300.6118 306.5696 308.5305 305.7787 303.6723 308.1884 308.5815 306.6422 301.7527 306.6016 308.4403 307.7304  227.097
1966 4.8821779E-08 7.8328712E-09 3.1603355E-09 1.6339442E-08 2.1650429E-08 2.8519092E-09 1.6628027E-09 2.3515371E-08 1.5802025E-08 3.8029424E-09 5.6034342E-09 2.0458982E-08 2.4142663E-08 1.3776948E-08 1.6343947E-08 2.3476908E-08  295.1768 301.5729 307.8934 302.3100 300.0204 306.2263 308.5645 305.5945 302.7946 307.5523 308.2173 306.1541 300.8633 305.5846 307.5872 306.7243  95.6774
1967 5.4098177E-08 1.2747472E-08 2.9783345E-09 1.5567096E-08 2.3176632E-08 3.0621825E-09 1.1100008E-09 1.7609832E-08 1.5247485E-08 2.3337865E-09 3.2914180E-09 1.3637310E-08 2.0201798E-08 1.0316608E-08 1.2804554E-08 1.6171914E-08  294.6514 301.1718 307.9358 302.3359 299.6450 306.1924 308.8478 306.4791 302.9222 308.1231 308.9704 307.4444 301.3584 306.5444 308.7495 308.5974  94.3871
1968 5.1630764E-08 9.9736388E-09 3.0493985E-09 1.8382377E-08 2.2736293E-08 3.2812464E-09 1.7097943E-09 2.2322952E-08 1.4520413E-08 3.2855172E-09 4.1414361E-09 1.3839646E-08 2.1493911E-08 1.0797727E-08 1.1109975E-08 1.5415855E-08  294.9913 301.3742 307.9211 302.3683 299.8821 306.1742 308.6560 305.9146 303.0321 307.8312 308.6087 307.0638 301.3878 306.4135 308.5695 308.1379  1024.87
1969 5.1009145E-08 1.3652297E-08 5.6580571E-09 1.8848615E-08 2.3106615E-08 3.6320698E-09 2.8307074E-09 2.8737983E-08 1.3969694E-08 4.2097192E-09 6.1277818E-09 2.2613447E-08 1.8424904E-08 1.0799837E-08 1.3017720E-08 2.0835529E-08  296.0720 301.6706 307.9922 302.5571 300.5847 306.4260 308.8520 306.2053 303.6330 308.0865 308.8893 307.0730 302.0254 306.6534 308.6756 308.0050  116.645
1970 5.5037319E-08 1.2641219E-08 5.6090843E-09 1.8953696E-08 2.6418224E-08 4.1447792E-09 3.0109084E-09 2.3190118E-08 1.5762797E-08 5.0833191E-09 7.1175159E-09 1.8706116E-08 2.0515984E-08 1.1502720E-08 1.3323990E-08 1.8791010E-08  294.9494 301.1725 307.6880 302.3307 299.6593 305.8664 308.3164 305.6459 302.8070 307.4360 308.0567 306.4218 301.1688 306.0271 308.1080 307.7091  1539.26
1971 4.6719517E-08 1.1404416E-08 4.5482929E-09 1.9005894E-08 2.0854461E-08 2.4466784E-09 1.5573924E-09 2.1305182E-08 1.4883803E-08 3.4934513E-09 5.1493680E-09 1.7781636E-08 2.0384956E-08 1.0309263E-08 1.4539126E-08 2.0216371E-08  295.3219 301.4033 307.7852 302.3519 300.1477 306.4335 308.7358 306.1806 303.1507 308.1779 308.7457 307.1529 301.3498 306.4514 308.3919 307.9375  134.097
1972 4.4891063E-08 9.8830091E-09 2.9359837E-09 1.8310839E-08 2.1777813E-08 2.8548452E-09 1.6258974E-09 2.2766892E-08 1.3422572E-08 2.9490972E-09 4.1004840E-09 1.6208606E-08 1.8966938E-08 1.0270186E-08 1.1211683E-08 1.5638037E-08  295.4916 301.4964 307.7748 302.3367 300.0536 306.2882 308.6095 305.8711 303.3190 307.9979 308.6800 306.9231 301.7369 306.5877 308.6556 308.1568  162.677
1973 5.2630579E-08 1.2259640E-08 4.7322324E-09 2.1679671E-08 2.5126097E-08 4.7563580E-09 3.8370289E-09 2.7347575E-08 1.8095758E-08 5.5702469E-09 7.1978641E-09 2.4305994E-08 2.4032715E-08 1.2855566E-08 1.4487982E-08 2.2116421E-08  295.0534 301.5038 307.7307 302.4197 299.6874 306.0576 308.3883 305.2558 302.4113 307.3656 308.1897 306.0496 300.8040 305.7113 307.7197 306.8184  245.065
1974 5.1933579E-08 1.2190731E-08 4.1514707E-09 1.9018870E-08 2.5332216E-08 6.3614540E-09 2.8675198E-09 1.9062913E-08 1.6981240E-08 5.0819589E-09 6.3558563E-09 1.5239127E-08 2.1954845E-08 1.2270178E-08 1.5009199E-08 1.9718703E-08  294.3776 301.0381 307.6896 302.1982 299.2954 305.8387 308.4826 306.0777 302.5258 307.7067 308.3915 306.9093 300.9080 305.9132 308.0495 307.6228  146.355
1975 4.2668926E-08 1.0725591E-08 4.7102735E-09 1.8798383E-08 1.7655962E-08 3.8414250E-09 2.7730860E-09 2.3893055E-08 1.1575720E-08 3.8828309E-09 5.5670033E-09 1.6937230E-08 1.8269622E-08 9.4074206E-09 1.3149769E-08 1.7694246E-08  295.8201 301.4862 307.9542 302.3987 300.6284 306.3910 308.7586 306.3880 303.7210 308.2131 308.7704 307.4047 301.9738 306.7653 308.6781 308.3206  344.968
1976 4.7210797E-08 8.1720017E-09 3.5978638E-09 1.8386643E-08 2.1670475E-08 4.0653898E-09 2.2421438E-09 1.9580677E-08 1.3809887E-08 3.5441465E-09 4.7406923E-09 1.6304439E-08 2.0280510E-08 1.1065630E-08 1.2854810E-08 1.6495985E-08  294.9750 301.1122 307.5133 302.2118 299.8329 306.0215 308.3942 306.0007 302.9119 307.9252 308.5638 306.9138 301.0053 306.0691 308.1996 307.9146  193.258
1977 5.8484417E-08 1.4881282E-08 4.6950341E-09 1.6590233E-08 2.6687863E-08 5.9146781E-09 2.6837674E-09 2.4670642E-08 1.6779053E-08 5.2717728E-09 8.6280139E-09 2.7990907E-08 2.3279128E-08 1.3703383E-08 1.6404524E-08 2.4213692E-08  295.0957 301.7033 308.2270 302.4336 299.8358 306.2794 308.9226 305.8132 302.7423 307.5947 308.4504 305.9717 301.0511 305.6531 307.6461 306.5733  333.387
1978 5.7909666E-08 1.3598120E-08 4.1886161E-09 1.5281270E-08 2.7698759E-08 6.4307142E-09 2.7826406E-09 2.3657247E-08 1.6977440E-08 5.0264353E-09 7.9959355E-09 2.1420037E-08 2.1336392E-08 1.1826700E-08 1.5346298E-08 2.2537311E-08  294.5825 301.5220 308.0823 302.3946 299.5516 306.1471 308.6000 305.6941 302.7600 307.7661 308.3143 306.2819 301.2336 306.0766 308.0472 307.2917  166.258
1979 5.1253895E-08 1.2338440E-08 5.6199507E-09 2.0608210E-08 2.5322771E-08 3.5293815E-09 2.7320162E-09 2.6486102E-08 1.3691393E-08 3.2151075E-09 3.7190213E-09 1.5357433E-08 1.8890780E-08 8.7480316E-09 9.0518002E-09 1.4101227E-08  295.2138 301.1599 307.5199 302.4506 299.9131 306.0301 308.4596 305.9135 303.1782 307.8511 308.6656 306.8952 301.6881 306.6848 308.8445 308.0551  271.839
1980 5.5481856E-08 1.4184461E-08 5.6128018E-09 1.7738563E-08 2.5583876E-08 3.6075087E-09 1.7709858E-09 2.3119302E-08 1.5446629E-08 3.7266594E-09 4.4455075E-09 1.9341677E-08 2.0234102E-08 1.0781472E-08 1.3499938E-08 1.9342925E-08  294.7089 301.4771 307.9393 302.4369 299.6436 306.3293 308.8471 305.8484 302.8739 307.8958 308.7695 306.8769 301.3585 306.3010 308.3388 307.7668  112.194
1981 5.7650414E-08 1.4921632E-08 5.4013163E-09 1.8233896E-08 2.5000494E-08 5.5837761E-09 3.7947943E-09 2.2245368E-08 1.6097935E-08 4.8141682E-09 6.8806258E-09 2.1780746E-08 2.2559814E-08 1.3898600E-08 1.5775534E-08 2.1397563E-08  294.8911 301.2662 307.8704 302.3295 299.7915 306.0380 308.4258 305.8387 302.9887 307.7631 308.2411 306.4240 301.1561 305.8978 307.8162 307.2803  400.71
1982 5.1180685E-08 1.2167440E-08 4.2980663E-09 1.6689986E-08 2.1707274E-08 2.9375813E-09 1.3563783E-09 2.0534992E-08 1.3958070E-08 3.2202321E-09 4.4303508E-09 1.7296614E-08 2.0542476E-08 1.0846408E-08 1.1936507E-08 1.7846942E-08  295.3880 301.4193 307.8257 302.4839 300.2312 306.3329 308.7509 306.3144 303.3266 308.0453 308.7756 307.2650 301.6964 306.5263 308.6930 308.4317  208.516
1983 5.4343818E-08 1.4016315E-08 7.3132593E-09 2.2382570E-08 2.6456894E-08 4.3963815E-09 3.7544692E-09 3.1362472E-08 1.8607606E-08 4.7385478E-09 7.7296907E-09 2.4977625E-08 2.4656924E-08 1.3034734E-08 1.3915226E-08 1.9841355E-08  295.2829 301.3716 307.6486 302.5703 299.8997 306.1292 308.4720 304.8243 302.5794 307.3058 308.1717 305.6453 300.8507 305.6303 307.8638 306.8897  286.774
1984 4.9292641E-08 1.1142264E-08 2.9791036E-09 1.4999216E-08 2.3975797E-08 3.7498538E-09 1.5074624E-09 1.5704058E-08 1.6498911E-08 4.5525717E-09 3.8370196E-09 1.3395752E-08 2.1250848E-08 1.0864238E-08 1.2775434E-08 1.8745874E-08  294.3965 301.2841 308.0170 302.3058 299.4672 306.3830 309.1159 306.6124 302.4702 307.8570 308.8908 307.2503 300.8260 306.0269 308.2818 307.8417  73.6129
1985 5.2321486E-08 1.4336321E-08 5.9073137E-09 2.1772738E-08 2.4983251E-08 4.4054178E-09 2.8186948E-09 2.2395289E-08 1.6699557E-08 3.7367522E-09 5.9157097E-09 1.6748244E-08 2.0242041E-08 9.9065121E-09 1.2331491E-08 1.8480732E-08  294.8427 301.1526 307.6974 302.2906 299.7995 306.0759 308.5396 305.9785 302.8669 307.8299 308.3878 306.8762 301.1866 306.1169 308.2657 308.1032  438.581
1986 4.6229953E-08 1.1568836E-08 4.7340007E-09 1.8987594E-08 2.3076513E-08 3.8243795E-09 2.9249940E-09 2.3365464E-08 1.5400870E-08 4.1254005E-09 5.6960965E-09 1.8254076E-08 1.8728404E-08 1.0317934E-08 1.2258919E-08 1.6243296E-08  295.2846 301.4006 307.6971 302.5362 299.9366 306.0993 308.5068 305.9208 302.9920 307.6646 308.3688 306.7636 301.5009 306.3048 308.4946 308.1049  144.194
1987 5.2207493E-08 1.2804597E-08 3.6294283E-09 1.6831205E-08 2.6932835E-08 3.3340541E-09 1.6101170E-09 2.1605137E-08 1.9160385E-08 4.0591863E-09 4.4367829E-09 1.6595179E-08 2.2423075E-08 1.1506925E-08 1.2704841E-08 1.7947810E-08  295.0381 301.4669 307.7599 302.5282 299.7240 306.2954 308.7133 305.4051 302.4458 307.5014 308.5046 306.4160 300.9523 305.7863 308.0544 307.2134  511
1988 5.6283195E-08 1.2150863E-08 4.4554231E-09 1.8834717E-08 2.9221990E-08 4.2549542E-09 2.0777053E-09 2.3603087E-08 1.8949400E-08 4.6744426E-09 6.5921575E-09 2.1903343E-08 2.0860202E-08 1.0598427E-08 1.1551752E-08 1.7395884E-08  294.4429 300.9468 307.6493 302.3629 299.0871 305.7906 308.6416 306.0284 302.1630 307.2910 308.2856 306.5429 300.8604 305.8190 308.0522 307.5988  225.774
1989 4.8398533E-08 1.1119462E-08 3.7414645E-09 1.8088686E-08 2.6235512E-08 5.9670615E-09 4.3931432E-09 2.6789339E-08 1.9106491E-08 5.2678710E-09 8.5569871E-09 2.3117096E-08 2.1471060E-08 9.8115072E-09 1.3863390E-08 2.1381108E-08  294.8340 301.1984 307.9247 302.3493 299.3001 306.0085 308.6501 306.0848 302.2339 307.5880 308.2225 306.5186 300.7661 305.9697 307.9152 307.4866  241.161
1990 4.8941228E-08 1.4154425E-08 4.3606097E-09 1.9949679E-08 2.3893231E-08 5.8323701E-09 3.0628646E-09 2.4722350E-08 1.7333800E-08 4.8683719E-09 6.1540062E-09 2.1828111E-08 2.1724235E-08 1.2190796E-08 1.4540308E-08 2.2217735E-08  295.5815 301.4384 307.8052 302.6581 300.2357 306.2318 308.6362 305.9628 303.0372 307.7336 308.4610 306.4908 301.3764 306.2417 308.2122 307.5177  582.677
1991 5.2245124E-08 1.0439190E-08 3.2436112E-09 1.4284947E-08 2.4882487E-08 4.1020156E-09 2.0069213E-09 2.2242139E-08 1.5874566E-08 4.5007020E-09 4.9266680E-09 1.8649226E-08 2.0451905E-08 1.1683767E-08 1.2750641E-08 1.6829643E-08  295.3314 301.8485 308.2141 302.5996 300.1589 306.4543 308.9585 306.1949 303.2259 308.0563 308.8463 307.0823 301.7007 306.5597 308.7959 308.3710  156.839
1992 5.2742088E-08 1.3451813E-08 4.2379877E-09 1.6519504E-08 2.6828848E-08 3.7903791E-09 1.7043761E-09 2.0478454E-08 1.8231537E-08 4.9027258E-09 5.2721578E-09 1.4682357E-08 2.1991479E-08 1.1822602E-08 1.2365618E-08 1.7068768E-08  295.0147 301.3816 307.6949 302.5262 299.5962 306.2698 308.6782 305.5415 302.3471 307.5472 308.5749 306.5799 300.8559 305.9406 308.2951 307.4367  1227.19
1993 4.8995062E-08 1.1743826E-08 3.4131156E-09 1.6897223E-08 2.3224505E-08 3.5785266E-09 2.6294893E-09 2.2538710E-08 1.4500831E-08 3.5844347E-09 5.3595444E-09 1.8156500E-08 2.0462799E-08 1.0427703E-08 1.2158803E-08 1.6748697E-08  295.2281 301.3454 307.5965 302.4250 300.0443 306.1616 308.4438 305.4785 302.9563 307.6309 308.2803 306.3314 301.2021 306.0511 308.1971 307.5143  376.71
1994 4.9511343E-08 1.2521269E-08 4.4656874E-09 1.7177999E-08 2.5637860E-08 4.6591064E-09 2.7153375E-09 2.5343272E-08 2.0400456E-08 5.8412328E-09 7.8299296E-09 2.2080748E-08 2.2535765E-08 1.2916746E-08 1.8574198E-08 2.5906051E-08  294.7208 301.1155 307.6217 302.3015 299.3821 305.9646 308.5043 305.5674 302.0980 307.1871 307.9716 305.9619 300.6458 305.5484 307.2516 306.3217  174
1995 5.4434185E-08 1.4769811E-08 5.0842957E-09 2.0681544E-08 2.6592442E-08 4.9895519E-09 4.1426351E-09 3.0921058E-08 1.6557022E-08 3.3685001E-09 6.4178995E-09 2.3081224E-08 2.1234406E-08 1.2397302E-08 1.3808725E-08 1.8542744E-08  295.1993 301.3746 307.8437 302.5707 299.9402 306.1462 308.5667 305.5027 302.9958 307.6756 308.3874 306.1875 301.5345 306.0497 308.1153 307.2189  384.645
1996 5.5969288E-08 1.4690992E-08 5.4159734E-09 2.2719195E-08 3.0896285E-08 5.6675575E-09 3.0773419E-09 2.6984564E-08 1.8239865E-08 4.7861595E-09 6.4960282E-09 2.1300307E-08 2.1630612E-08 1.1528747E-08 1.4194599E-08 2.2416982E-08  294.8499 301.1449 307.5540 302.4802 299.3245 305.8257 308.3486 305.5915 302.5792 307.6525 308.2548 306.3372 301.0931 305.9870 307.8887 307.3895  113.516
1997 4.3884871E-08 1.1373220E-08 4.8465232E-09 2.2584016E-08 1.9222968E-08 3.4417120E-09 2.8131302E-09 1.9583904E-08 1.3014704E-08 3.3975127E-09 3.4689289E-09 1.2619312E-08 1.7506453E-08 9.3277412E-09 1.1240948E-08 1.6409849E-08  295.7838 301.3789 307.6143 302.5923 300.4594 306.3520 308.6961 306.2839 303.3646 308.0975 308.8260 307.3076 301.6935 306.6613 308.7347 308.2473  2798.13
1998 5.3595045E-08 1.1019930E-08 3.3468250E-09 1.6063245E-08 2.5860922E-08 3.5381071E-09 2.3737325E-09 2.6859066E-08 1.6689658E-08 3.6098935E-09 5.8858469E-09 2.0841624E-08 2.1062665E-08 1.0851440E-08 1.3480794E-08 1.7968619E-08  295.4124 301.5775 308.0665 302.5235 299.9839 306.3329 308.7975 305.8369 303.0434 307.7013 308.5215 306.5631 301.5789 306.2356 308.1927 307.6634  567.968
1999 4.8829826E-08 1.3390784E-08 4.1523434E-09 1.4426238E-08 2.3030204E-08 4.0313579E-09 2.4726079E-09 1.8967718E-08 1.6031706E-08 3.7704750E-09 5.9740732E-09 1.7170473E-08 2.1652058E-08 1.0787807E-08 1.2723287E-08 1.7661058E-08  294.9443 301.3574 308.0912 302.3365 299.7889 306.3884 309.0032 306.6959 302.9023 308.0376 308.7517 307.3013 301.1413 306.2705 308.5126 308.4549  613.839
2000 5.3596626E-08 1.5239142E-08 5.6964531E-09 1.9641897E-08 2.7923406E-08 4.5468611E-09 2.9677640E-09 2.5049980E-08 1.9699119E-08 4.4154169E-09 5.9336638E-09 2.1738623E-08 2.2455104E-08 1.1593789E-08 1.5127744E-08 2.1908065E-08  294.9145 301.0582 307.6435 302.5633 299.6254 306.0186 308.5777 306.0235 302.4607 307.6459 308.2516 306.5024 300.9464 305.9051 308.0011 307.7061  105.484
2001 4.9753027E-08 1.1558448E-08 3.3642473E-09 1.9925293E-08 2.2537693E-08 4.2532733E-09 2.4527447E-09 2.4606811E-08 1.6043629E-08 3.9312664E-09 4.8497961E-09 2.0910635E-08 1.9830072E-08 1.0600292E-08 1.4053342E-08 1.7052438E-08  295.0904 301.3474 307.8552 302.5594 299.9675 306.3438 308.8105 306.0736 303.0084 307.9440 308.6636 306.6728 301.1974 306.1766 308.2273 307.8767  750.032
2002 5.7255882E-08 1.3147973E-08 4.6828807E-09 2.0618879E-08 2.8943097E-08 5.8840213E-09 3.5753189E-09 2.7648206E-08 1.8349482E-08 4.3311501E-09 7.7439930E-09 2.4814648E-08 2.2351374E-08 1.1395687E-08 1.4981090E-08 2.3741064E-08  294.3933 301.1529 307.8795 302.5233 299.3113 306.0819 308.7104 305.7012 302.4545 307.7386 308.4014 306.2508 300.8621 305.8645 307.9836 307.3277  201.387
2003 5.1910149E-08 1.1873582E-08 3.7468610E-09 1.8301332E-08 2.5653685E-08 4.5273842E-09 3.1446481E-09 2.4546331E-08 1.8667484E-08 4.5154569E-09 7.3126367E-09 1.9933019E-08 2.1090749E-08 1.2511375E-08 1.6178607E-08 2.2775502E-08  294.7552 301.4089 307.9462 302.5612 299.7265 306.3562 308.9137 305.8518 302.4949 307.7124 308.6420 306.5041 300.9297 305.7422 307.8692 307.0719  198.355
2004 4.9033570E-08 1.1059593E-08 4.6010142E-09 2.2282469E-08 2.6609749E-08 4.6566693E-09 3.9665338E-09 2.6568895E-08 1.6777950E-08 4.8264450E-09 6.3070309E-09 2.1915822E-08 1.9117739E-08 1.1210674E-08 1.4631368E-08 2.2773714E-08  295.4524 301.5615 308.0551 302.7002 299.9850 306.2835 308.8800 306.3386 302.9596 307.8062 308.5995 306.9449 301.5280 306.2343 308.2649 307.7598  225.903
2005 5.1719379E-08 1.3899250E-08 5.2299178E-09 2.1256808E-08 2.3986686E-08 4.2959054E-09 3.2974032E-09 2.8769197E-08 1.6489759E-08 2.7916416E-09 5.0886295E-09 2.1757193E-08 2.0989647E-08 1.0262747E-08 1.2963517E-08 2.1147070E-08  295.3081 301.4248 307.7654 302.8136 300.2650 306.3991 308.7914 305.9557 303.1701 308.0563 308.8266 306.8092 301.5717 306.5387 308.5921 307.7383  487.258
2006 4.8459455E-08 1.4627362E-08 9.3001509E-09 2.6091008E-08 2.7735751E-08 6.2451475E-09 6.1270402E-09 3.2257990E-08 1.6888517E-08 5.7309757E-09 7.1810216E-09 2.0484523E-08 1.7553702E-08 9.7448671E-09 1.2072548E-08 1.6609533E-08  295.6869 301.1697 307.5629 302.6874 300.0152 305.8730 308.3796 305.7898 303.1291 307.7065 308.3066 306.7502 301.9614 306.5890 308.5294 308.2223  127.548
2007 5.2625495E-08 1.4059358E-08 5.0759694E-09 2.0580215E-08 2.0274387E-08 4.1933692E-09 2.4586662E-09 2.1506152E-08 1.2749075E-08 3.2566574E-09 5.2714655E-09 1.7165350E-08 1.6285020E-08 8.5954923E-09 1.0319934E-08 1.5263142E-08  295.5918 301.4494 308.0453 302.7264 300.5830 306.3763 308.9676 306.4915 303.7500 308.1487 309.0052 307.5316 302.1671 306.9920 309.2467 308.9819  852.065
2008 5.4552572E-08 1.1690892E-08 3.3830878E-09 1.8132923E-08 2.7852188E-08 4.6514783E-09 2.5630691E-09 2.4377247E-08 1.8139303E-08 4.7067457E-09 7.3236444E-09 1.8762320E-08 1.7849088E-08 9.7202095E-09 1.1109272E-08 1.5437895E-08  294.9060 301.3287 308.1862 302.5009 299.6323 306.2039 308.8766 306.2086 302.8398 308.0118 308.6966 307.0769 301.5258 306.5663 308.8458 308.4934  195.452
2009 5.1366232E-08 1.1141291E-08 4.1038053E-09 1.8664888E-08 2.5467841E-08 3.9653560E-09 2.8610798E-09 2.6249907E-08 1.6810555E-08 3.6078358E-09 7.1159652E-09 2.4528426E-08 1.9792665E-08 1.0637712E-08 1.3831140E-08 2.0563116E-08  295.2897 301.5220 307.8898 302.5989 299.8415 306.2288 308.6877 305.9260 302.8031 308.0238 308.4706 306.3178 301.3726 306.4006 308.3134 307.4264  154.484
2010 4.9711339E-08 1.1257798E-08 5.5035385E-09 2.1034708E-08 2.4366662E-08 3.3692069E-09 2.4956006E-09 2.1782997E-08 1.4974312E-08 4.3043618E-09 5.1938254E-09 1.5501847E-08 1.8871967E-08 9.5731485E-09 1.0441491E-08 1.4007948E-08  0.0000000E+00 0.0000000E+00 0.0000000E+00 0.0000000E+00 0.0000000E+00 0.0000000E+00 0.0000000E+00 0.0000000E+00 0.0000000E+00 0.0000000E+00 0.0000000E+00 0.0000000E+00 0.0000000E+00 0.0000000E+00 0.0000000E+00 0.0000000E+00  451.806
2011 5.0373938E-08 1.3307097E-08 3.8250141E-09 1.8233367E-08 2.3609957E-08 5.4895675E-09 2.5149365E-09 2.0759090E-08 1.4830162E-08 4.7856754E-09 6.1855556E-09 1.9627434E-08 1.8806288E-08 9.9507833E-09 1.1716286E-08 1.7510336E-08  295.1794 301.5378 308.0421 302.5006 300.0147 306.3126 308.6659 306.1562 303.1972 308.1586 308.5903 306.9148 301.5445 306.7825 308.9470 308.5736  81.9355
2012 4.9820951E-08 1.3166560E-08 7.0710602E-09 2.6125788E-08 2.4568747E-08 4.1794097E-09 4.8500923E-09 3.0582694E-08 1.4904652E-08 3.3944634E-09 6.4807293E-09 2.3125731E-08 1.9234575E-08 1.0012062E-08 1.1639015E-08 1.6483991E-08  295.0897 301.0445 307.4290 302.4237 299.6011 305.7897 308.2026 305.5124 302.8964 307.6371 308.0020 306.1133 301.5005 306.4099 308.3778 307.9346  379.71
2013 5.8754477E-08 1.4477222E-08 6.2999064E-09 2.0853067E-08 2.7148873E-08 5.6156555E-09 4.8716697E-09 2.8151739E-08 1.5864156E-08 3.7473100E-09 6.5250894E-09 2.0265500E-08 2.0300730E-08 9.6902841E-09 1.1644442E-08 1.6893615E-08  294.6521 301.2296 307.8384 302.5192 299.5893 306.0317 308.5566 305.8792 302.9107 307.8470 308.4628 306.6378 301.5271 306.5114 308.5380 307.9558  70.2258
2014 5.2281447E-08 1.3750872E-08 4.8430864E-09 2.0728347E-08 2.3320906E-08 3.4667209E-09 2.4748470E-09 2.6191517E-08 1.3235514E-08 3.0924097E-09 5.2367137E-09 2.2358801E-08 1.7016555E-08 9.0666354E-09 1.0826267E-08 1.5669611E-08  295.5680 301.3804 307.9245 302.5331 300.3169 306.2614 308.7112 305.9606 303.5346 308.1492 308.7909 306.9714 302.1937 306.9932 309.0356 308.6979  64.2258
2015 4.8610474E-08 9.6106465E-09 4.1981907E-09 1.7859099E-08 2.2365803E-08 2.9988356E-09 2.4120084E-09 2.0023384E-08 1.3815805E-08 3.4749152E-09 3.9573749E-09 1.3221168E-08 1.8847635E-08 8.8438004E-09 1.0830361E-08 1.5673098E-08  295.4159 301.7671 307.9726 302.4653 300.3354 306.5418 308.9266 306.2889 303.3775 308.1805 309.1089 307.5810 301.8721 306.8438 309.1422 308.8286  98.2903
