STN,prec_1,prec_2,prec_3,prec_4,prec_5,prec_6,prec_7,prec_8,prec_9,prec_10,prec_11,prec_12,prec_13,prec_14,prec_15,prec_16,st_1,st_2,st_3,st_4,st_5,st_6,st_7,st_8,st_9,st_10,st_11,st_12,st_13,st_14,st_15,st_16,08.0
LAT,26.51077,26.51077,26.51077,26.51077,29.30136,29.30136,29.30136,29.30136,32.09194,32.09194,32.09194,32.09194,34.88252,34.88252,34.88252,34.88252,26.51077,26.51077,26.51077,26.51077,29.30136,29.30136,29.30136,29.30136,32.09194,32.09194,32.09194,32.09194,34.88252,34.88252,34.88252,34.88252,30.7512899
LON,-104.0625,-101.2500,-98.43750,-95.62500,-104.0625,-101.2500,-98.43750,-95.62500,-104.0625,-101.2500,-98.43750,-95.62500,-104.0625,-101.2500,-98.43750,-95.62500,-104.0625,-101.2500,-98.43750,-95.62500,-104.0625,-101.2500,-98.43750,-95.62500,-104.0625,-101.2500,-98.43750,-95.62500,-104.0625,-101.2500,-98.43750,-95.62500,-98.6697599
1958 9.9696358E-09 1.7817950E-08 1.4172679E-08 1.3816700E-08 1.4401877E-08 1.3898164E-08 1.3456698E-08 1.9212441E-08 1.0565205E-08 1.2154612E-08 1.8458035E-08 2.8995547E-08 1.0018191E-08 1.2695295E-08 1.9685869E-08 2.7656938E-08  283.7422 285.8774 290.8398 296.0973 281.4572 284.7262 287.7121 288.2420 279.9579 282.2455 282.7360 282.0536 275.5491 277.7765 277.8036 277.4019  181.355
1959 1.8509132E-08 2.4732612E-08 1.7277912E-08 1.6172317E-08 1.8639803E-08 1.7942392E-08 1.6696186E-08 1.9057305E-08 1.1277734E-08 1.3286055E-08 2.0762302E-08 3.0339351E-08 9.7958317E-09 1.1988151E-08 1.9099399E-08 2.9530515E-08  283.2841 285.4379 290.6984 296.0914 281.2833 284.7032 287.9158 288.7501 280.0679 282.6550 283.2498 282.7804 275.9086 278.3771 278.4760 278.2240  167.194
1960 1.1601096E-08 1.8637273E-08 1.5338854E-08 1.4733555E-08 1.3227839E-08 1.4178696E-08 1.5510997E-08 1.7978493E-08 1.0025128E-08 1.2329366E-08 2.0905871E-08 3.0392030E-08 1.0651488E-08 1.4713632E-08 2.2655918E-08 3.1018818E-08  283.6703 285.8484 290.8487 296.1754 281.7374 284.9779 287.7997 288.3544 280.3317 282.6196 282.9247 282.2715 275.9400 278.1232 278.0703 277.7092  1939.74
1961 1.4157473E-08 2.1353891E-08 1.6876337E-08 1.5194420E-08 1.4287378E-08 1.2868734E-08 1.2771402E-08 1.6735534E-08 9.7507149E-09 1.0809243E-08 1.6426441E-08 2.4621643E-08 9.0192582E-09 1.1769483E-08 1.8517710E-08 2.4605532E-08  283.5626 285.7537 290.9298 296.1130 281.6423 285.1183 288.2778 288.9839 280.5247 283.0778 283.7646 283.2482 276.2715 278.7717 279.0218 278.7600  251.613
1962 8.8017380E-09 1.4212829E-08 1.1374592E-08 9.5605053E-09 9.7838804E-09 8.9234629E-09 9.1195984E-09 1.1809095E-08 5.7943801E-09 6.2899881E-09 1.0373650E-08 2.0266905E-08 6.7728125E-09 9.6759631E-09 1.5076241E-08 2.1583787E-08  284.1242 286.6546 291.6781 296.1365 282.4767 286.1561 289.1255 289.2991 281.2409 283.9724 284.4353 283.6057 276.9254 279.4940 279.3897 278.9363  38.3226
1963 2.1534534E-08 2.8078848E-08 2.1760249E-08 1.6444218E-08 1.7828352E-08 1.8588718E-08 2.0726517E-08 2.2204581E-08 1.0514241E-08 1.3236622E-08 2.3876664E-08 3.7421039E-08 9.0033581E-09 1.3647811E-08 2.4150667E-08 3.5273779E-08  283.0407 285.2783 290.5411 296.1170 281.3462 284.8387 287.8181 288.5630 280.5329 282.9774 283.5242 282.9760 276.2915 278.7622 278.9926 278.7942  54.6774
1964 9.9016599E-09 1.8257074E-08 1.4187914E-08 1.2596444E-08 1.0851410E-08 1.2299284E-08 1.1388896E-08 1.3265583E-08 7.3293580E-09 8.1576479E-09 1.3324676E-08 2.2022057E-08 6.9091768E-09 8.3230738E-09 1.4038529E-08 2.0831154E-08  283.6964 285.7280 290.9668 296.2767 282.1523 285.4270 288.5245 288.8926 281.0437 283.4439 283.9366 282.9092 276.9019 279.0359 278.8344 278.1543  239.981
1965 2.1392101E-08 2.7213627E-08 2.2137863E-08 1.9432477E-08 1.9425395E-08 1.6917097E-08 1.7957230E-08 2.4470651E-08 1.3575171E-08 1.4086640E-08 2.0286684E-08 3.3076152E-08 1.1796841E-08 1.4944147E-08 2.1489514E-08 2.8986673E-08  283.0034 284.8491 289.8239 295.9995 281.0189 284.0874 286.9212 287.8462 279.8529 281.9742 282.2740 281.6827 275.5171 277.7665 277.7734 277.2829  63.9355
1966 1.4362354E-08 2.0715031E-08 1.3365577E-08 1.2692530E-08 1.5840758E-08 1.4761470E-08 1.1889579E-08 1.5534690E-08 1.1986660E-08 1.2918322E-08 1.6395299E-08 2.5398538E-08 1.0796855E-08 1.2880736E-08 1.8342348E-08 2.6086710E-08  282.9994 284.8548 289.9995 296.1906 281.2546 284.3979 287.3401 287.8246 280.1605 282.3922 282.6704 281.7800 275.8899 277.9477 277.7433 277.1947  213.935
1967 1.7801803E-08 2.3922970E-08 1.8352797E-08 1.6326320E-08 1.8191187E-08 1.6464201E-08 1.6267826E-08 2.0352806E-08 1.1473198E-08 1.3206861E-08 2.0831427E-08 3.3228737E-08 9.4235402E-09 1.2832009E-08 2.2045576E-08 3.2332974E-08  283.4587 285.5878 290.7434 296.2179 281.5737 284.8506 287.9424 288.6837 280.3282 282.6776 283.2655 282.6928 275.9718 278.4105 278.5097 278.1406  33.6774
1968 1.5779525E-08 2.0887448E-08 1.6467784E-08 1.4940223E-08 1.5812599E-08 1.5964710E-08 1.7425288E-08 2.1136147E-08 1.1828782E-08 1.4257096E-08 2.1706438E-08 3.2424623E-08 1.1691242E-08 1.3828390E-08 1.9688137E-08 2.7055362E-08  283.2480 285.6143 290.7142 296.0414 281.3189 284.6753 287.5861 288.2181 280.1273 282.2855 282.5614 281.9652 275.7632 277.7078 277.4544 277.0515  97.871
1969 1.3932963E-08 1.9492404E-08 1.6151878E-08 1.7157896E-08 1.2251269E-08 1.1349307E-08 1.1711574E-08 1.7916008E-08 7.7620674E-09 8.4386160E-09 1.4962781E-08 2.6833101E-08 7.4390751E-09 1.0664578E-08 1.8017843E-08 2.6395375E-08  283.4001 285.4803 290.4248 296.2505 281.9356 285.1160 287.9024 288.2384 280.6821 283.0798 283.3599 282.4619 276.2169 278.6456 278.6156 278.1376  159.452
1970 1.1062257E-08 1.8402368E-08 1.1548813E-08 1.0673448E-08 1.4266390E-08 1.4826198E-08 1.3062968E-08 1.4251857E-08 1.1109403E-08 1.3038493E-08 1.9131404E-08 2.5793465E-08 1.0448407E-08 1.3693561E-08 1.9348439E-08 2.7181688E-08  283.8175 286.0884 291.4531 296.1398 281.8098 285.3698 288.6644 289.2249 280.5284 283.0546 283.7336 283.1544 276.2269 278.6993 278.9294 278.5170  94.6129
1971 1.1954173E-08 1.7531823E-08 1.3595917E-08 1.4640756E-08 1.2418653E-08 1.2264568E-08 1.1397747E-08 1.4886271E-08 9.5601305E-09 1.0109903E-08 1.3948535E-08 2.0961915E-08 9.4724983E-09 1.1700371E-08 1.6027832E-08 2.0422515E-08  282.9614 285.2013 290.5196 296.1539 281.6509 285.1717 288.3057 288.6339 280.8334 283.3818 283.9491 283.0272 276.6288 279.0601 279.1946 278.7162  2020.71
1972 1.7671605E-08 2.5259784E-08 1.9118080E-08 1.8418781E-08 1.6649727E-08 1.4167088E-08 1.5347148E-08 2.1891335E-08 1.2496012E-08 1.1373846E-08 1.8699572E-08 3.3557875E-08 1.3114862E-08 1.5561390E-08 2.4475792E-08 3.4889652E-08  282.5123 284.4577 289.4647 296.0039 280.7191 283.8046 286.6237 287.3547 279.7208 281.9394 282.1843 281.4870 275.2100 277.4856 277.4450 277.0378  354.29
1973 9.3852224E-09 1.7210644E-08 1.1932705E-08 1.0721716E-08 1.2227305E-08 1.2473467E-08 9.8308659E-09 1.3356069E-08 8.5107867E-09 9.9583186E-09 1.3406838E-08 2.0434147E-08 7.6646005E-09 1.0084942E-08 1.5845153E-08 2.1908944E-08  284.2415 286.7177 291.9719 296.2796 282.6611 286.2372 289.4765 289.7218 281.2923 283.8970 284.6267 283.8175 276.8767 279.2712 279.4079 278.8833  508.871
1974 1.2277189E-08 1.5864604E-08 1.0774291E-08 1.0516104E-08 1.3300192E-08 1.2549245E-08 1.1923530E-08 1.4213076E-08 1.0874322E-08 1.2394845E-08 1.8589803E-08 2.6229147E-08 1.0585891E-08 1.3473855E-08 1.9700998E-08 2.6499869E-08  284.1873 286.8370 292.1902 296.2402 282.8275 286.4240 289.5832 289.9923 281.6223 284.1194 284.6603 284.0171 277.3327 279.6603 279.6219 279.3032  3605.1
1975 9.8921120E-09 1.4290587E-08 1.1099509E-08 1.0922105E-08 9.8825259E-09 9.3524708E-09 9.5924682E-09 1.4065631E-08 6.9997652E-09 8.2929050E-09 1.3865742E-08 2.2577051E-08 7.8829139E-09 1.1022762E-08 1.7057735E-08 2.3975399E-08  283.6764 286.3318 291.6215 296.2180 282.0232 285.7716 288.9629 289.2369 280.9297 283.5683 284.1680 283.3995 276.8345 279.1813 279.2004 278.7323  295.806
1976 1.1943164E-08 1.8515527E-08 1.6005831E-08 1.4410685E-08 1.1407920E-08 1.0870623E-08 1.1828070E-08 1.6798674E-08 8.7911580E-09 9.6285433E-09 1.4900674E-08 2.5319260E-08 8.8679757E-09 1.1382162E-08 1.8232283E-08 2.5133840E-08  283.0258 285.5869 290.8846 296.1804 281.4355 285.2196 288.2924 288.7358 280.3820 283.1473 283.6773 282.9104 276.0593 278.6671 278.8153 278.3936  144.613
1977 1.0726680E-08 1.6092159E-08 1.2287335E-08 1.1053526E-08 1.3898239E-08 1.2463072E-08 1.1629282E-08 1.2557122E-08 9.9035793E-09 1.0254048E-08 1.6820115E-08 2.4856877E-08 9.3572572E-09 1.1857988E-08 1.8495193E-08 2.6166873E-08  283.8187 285.9679 291.0258 296.1109 281.8788 285.1631 288.1010 288.5995 280.3677 282.6592 283.0855 282.4059 275.8730 278.0811 278.0894 277.6121  146.677
1978 1.0805593E-08 1.5115834E-08 1.1408886E-08 1.1816158E-08 1.3055518E-08 1.1575171E-08 1.0183821E-08 1.3794283E-08 1.0377581E-08 1.2783632E-08 1.9575690E-08 2.7797869E-08 1.0822768E-08 1.5826403E-08 2.5820102E-08 3.3248682E-08  284.0620 286.7137 292.0138 296.2405 282.1941 285.8612 289.1021 289.5386 280.6179 283.1220 283.7571 283.1762 276.0003 278.2714 278.3342 278.0870  2256
1979 1.6820330E-08 2.1318321E-08 1.5524472E-08 1.4553549E-08 1.6168038E-08 1.5201136E-08 1.5146556E-08 2.1380508E-08 1.2205320E-08 1.2564356E-08 1.7325769E-08 2.8861344E-08 1.1780883E-08 1.4354940E-08 2.0200547E-08 2.8731526E-08  283.4691 285.8205 290.9501 296.0884 281.6052 285.1154 288.0975 288.4851 280.3414 282.8198 283.2791 282.4711 276.0186 278.3145 278.4211 277.8972  302.355
1980 1.5464531E-08 2.3226542E-08 1.9831745E-08 1.7667686E-08 1.3384762E-08 1.2958367E-08 1.4367520E-08 1.9951552E-08 8.7537240E-09 9.7000097E-09 1.5893342E-08 2.7418285E-08 9.0921564E-09 1.1211633E-08 1.7586119E-08 2.5869536E-08  283.1733 284.9067 289.7945 296.1539 281.2368 284.2051 287.0397 287.9134 279.9622 282.1780 282.4850 281.8083 275.7101 277.8828 277.7250 277.1886  21.8387
1981 1.8758000E-08 2.4713485E-08 2.0459954E-08 1.7199703E-08 1.7830041E-08 1.5932438E-08 1.5916278E-08 1.9303387E-08 1.1704200E-08 1.3408108E-08 1.9212555E-08 2.8076879E-08 1.0157307E-08 1.4374313E-08 2.0970361E-08 2.7443344E-08  283.0220 285.1235 290.0945 296.0838 281.2028 284.4688 287.3505 287.9997 280.0541 282.3314 282.7653 282.1362 275.7089 277.8916 277.7908 277.5496  244.452
1982 1.9522869E-08 2.7653416E-08 2.2597010E-08 2.1868864E-08 1.8190613E-08 1.7284121E-08 2.1109910E-08 2.9988499E-08 1.4412384E-08 1.6027014E-08 2.6672529E-08 3.8871335E-08 1.4398531E-08 1.7346890E-08 2.4309308E-08 3.3281371E-08  282.1187 284.0012 289.2558 296.0772 280.3949 283.5675 286.5712 287.4735 279.3311 281.7391 282.2113 281.6542 275.2108 277.5785 277.8123 277.5458  123.323
1983 1.5988135E-08 2.3205407E-08 1.5742728E-08 1.5554754E-08 1.6514825E-08 1.4430652E-08 1.1957161E-08 1.4961890E-08 1.2094965E-08 1.2456487E-08 1.6146981E-08 2.3088141E-08 1.0375458E-08 1.3863485E-08 1.9877380E-08 2.5608454E-08  283.4850 285.3355 290.4995 296.5291 281.7400 284.8575 287.8432 288.5571 280.4247 282.8036 283.4964 282.9879 276.0692 278.5797 278.9608 278.7509  56.1613
1984 1.0593856E-08 1.3463801E-08 1.0567591E-08 9.3767634E-09 1.2157886E-08 1.2076875E-08 1.2576291E-08 1.1886588E-08 9.1165520E-09 1.1393698E-08 1.8389095E-08 2.3861601E-08 1.0016787E-08 1.2871663E-08 1.8754807E-08 2.5190367E-08  283.7969 286.3708 291.5801 296.0696 282.1533 285.9731 289.0929 289.4000 280.9694 283.6054 284.2763 283.6400 276.5896 278.9560 279.0078 278.7357  23.8065
1985 1.5275381E-08 2.0739126E-08 1.4000421E-08 1.2124758E-08 1.6066743E-08 1.4829844E-08 1.2881015E-08 1.5656036E-08 1.0823490E-08 1.2990895E-08 1.7007725E-08 2.4932083E-08 9.1618979E-09 1.2599012E-08 1.9200112E-08 2.6072106E-08  283.4932 285.8078 291.1368 296.2142 281.8225 285.4434 288.7343 289.1804 280.6232 283.2829 284.0394 283.3270 276.4617 278.8867 279.0975 278.6262  56.0323
1986 2.5745761E-08 3.4926028E-08 2.9055617E-08 2.4563176E-08 2.1150198E-08 2.0742132E-08 2.3014023E-08 2.9641543E-08 1.2453719E-08 1.3823484E-08 2.1786168E-08 3.5079427E-08 1.1070779E-08 1.3230668E-08 1.9527221E-08 2.7489415E-08  282.7101 284.5779 289.4635 296.3184 280.7580 283.7164 286.5710 287.5381 279.6664 281.9791 282.4597 281.8756 275.5063 278.0239 278.3442 277.9525  78.1613
1987 1.6959024E-08 2.2586493E-08 1.7881456E-08 1.7938085E-08 1.5607313E-08 1.3475662E-08 1.4707994E-08 1.9975712E-08 1.1268491E-08 1.1971812E-08 1.9881785E-08 3.0465522E-08 1.1278400E-08 1.4316468E-08 2.2317463E-08 3.2700186E-08  282.6881 284.8075 290.0891 296.3697 281.2192 284.4695 287.3739 287.9519 280.4242 282.6998 282.9735 282.2099 276.4238 278.6367 278.4901 278.0304  361.097
1988 1.1043189E-08 1.6210535E-08 1.1148295E-08 1.0613698E-08 1.0929753E-08 1.2049366E-08 9.7910737E-09 9.5518757E-09 7.9588673E-09 8.8702610E-09 1.3695081E-08 1.9099174E-08 7.8503293E-09 9.3111652E-09 1.5206496E-08 2.2037062E-08  284.2653 286.8000 292.1762 296.3549 283.0303 286.5972 289.7905 290.0567 281.9183 284.4676 285.1541 284.3920 277.7528 279.9492 279.8938 279.3816  214.516
1989 1.1747362E-08 1.7047968E-08 1.3121085E-08 1.2235263E-08 1.1426375E-08 1.1567991E-08 1.1487928E-08 1.6337246E-08 9.1770982E-09 1.1134259E-08 1.6263067E-08 2.5305738E-08 1.0241508E-08 1.3257584E-08 2.0337307E-08 2.6504628E-08  283.8958 286.5019 291.8613 296.3173 282.3721 285.9972 289.1157 289.4991 281.1829 283.6886 284.3130 283.5713 276.7988 279.2324 279.3443 279.0725  111.71
1990 1.8179605E-08 2.4473550E-08 2.0957541E-08 1.7239540E-08 1.6486547E-08 1.5505693E-08 1.6571480E-08 2.0631907E-08 1.0263601E-08 1.0178785E-08 1.8161881E-08 3.0482653E-08 9.6398249E-09 1.0400545E-08 1.7613759E-08 2.5850762E-08  283.0479 285.0639 290.1430 296.2242 281.0815 284.3048 287.2675 288.0529 280.0206 282.1857 282.5887 281.9808 275.7145 277.7578 277.7889 277.5130  294.29
1991 2.0203908E-08 2.6153490E-08 2.0248393E-08 1.7747409E-08 1.7549661E-08 1.6211569E-08 1.8013228E-08 2.3010394E-08 1.1383115E-08 1.2709307E-08 2.1392264E-08 3.5449872E-08 1.1316116E-08 1.4924618E-08 2.3992936E-08 3.3510140E-08  282.8365 285.3297 290.5724 296.3017 281.1595 284.5819 287.7130 288.4045 279.8843 282.4065 282.8819 282.3714 275.4333 277.7117 277.8122 277.7722  110.645
1992 2.7033694E-08 3.4015272E-08 2.7051453E-08 2.1821977E-08 2.9223918E-08 2.4476840E-08 2.3960954E-08 2.7811366E-08 1.7831022E-08 1.7579628E-08 2.6086589E-08 3.8682128E-08 1.4341610E-08 1.8009224E-08 2.5635041E-08 3.3675523E-08  282.2959 283.9877 289.0071 296.3392 279.9190 282.8297 285.7333 286.9614 278.7526 280.7822 281.1903 280.8170 274.5106 276.8416 277.0260 276.7088  233.548
1993 2.5814154E-08 3.0730718E-08 2.3138723E-08 2.2044059E-08 2.2940803E-08 2.1179394E-08 1.8615600E-08 2.2526649E-08 1.6420865E-08 1.6348391E-08 2.2390761E-08 3.0075181E-08 1.4624959E-08 1.7729485E-08 2.3904548E-08 2.7876789E-08  281.9923 283.9588 289.2419 296.1743 280.5332 283.6916 286.6022 287.4349 279.8446 282.1882 282.4282 281.7287 275.6735 278.0276 278.1208 277.6487  59
1994 1.8541817E-08 2.5956775E-08 2.1442329E-08 1.8502265E-08 1.8708526E-08 1.7579691E-08 1.6599717E-08 1.9685800E-08 1.2062306E-08 1.2484976E-08 1.9491990E-08 2.8114547E-08 1.0712918E-08 1.3701904E-08 2.0796790E-08 2.7217535E-08  283.1035 285.3616 290.4775 296.2350 281.4664 284.8366 287.7303 288.4152 280.3916 282.7677 283.1674 282.5753 276.0224 278.5198 278.7162 278.3429  119.807
1995 2.3993980E-08 2.8415636E-08 2.2033751E-08 1.8297840E-08 2.0203764E-08 1.7277300E-08 1.6636575E-08 2.0301680E-08 1.1579314E-08 1.1682631E-08 1.7378001E-08 2.9109948E-08 1.0802198E-08 1.2219930E-08 1.7612235E-08 2.4979954E-08  282.9071 284.7980 289.9597 296.3518 281.1887 284.3861 287.5661 288.2142 280.2052 282.5404 283.0952 282.4215 276.0905 278.3976 278.4390 277.9643  55.8387
1996 1.6785684E-08 2.3733598E-08 1.8736177E-08 1.4911212E-08 1.3364508E-08 1.3382012E-08 1.4010798E-08 1.7626357E-08 8.1525551E-09 8.4772580E-09 1.3581936E-08 2.5410250E-08 8.4748892E-09 9.2818286E-09 1.5205609E-08 2.4626546E-08  283.7921 286.2936 291.3855 296.3143 282.1469 285.7351 288.7620 289.1955 280.9413 283.3895 283.9350 283.2780 276.5767 279.0211 279.1212 278.7728  336.516
1997 2.0175410E-08 2.4650731E-08 1.8030297E-08 1.8813259E-08 1.7880154E-08 1.6890336E-08 1.5928828E-08 2.0753095E-08 1.5235390E-08 1.7402352E-08 2.2626709E-08 3.1763349E-08 1.6225259E-08 2.0389480E-08 2.6554728E-08 3.1666421E-08  282.4359 284.6756 289.6816 296.0791 281.1217 284.3487 287.0262 287.6364 280.2477 282.4428 282.7237 282.0071 275.8253 278.2096 278.4025 277.9985  238.516
1998 7.3785973E-09 1.2940375E-08 1.0738168E-08 9.1368486E-09 7.7019839E-09 7.7624165E-09 9.3699155E-09 1.1113854E-08 5.7065743E-09 6.3191368E-09 1.2116863E-08 1.9325526E-08 7.1790187E-09 8.7255723E-09 1.3992659E-08 2.2011816E-08  285.1005 287.7512 292.7267 296.0882 283.8539 287.4880 290.3802 290.3136 282.6455 285.1677 285.6078 284.7013 278.2944 280.4054 280.1729 279.6126  1099.77
1999 7.5016278E-09 1.2760669E-08 1.1953499E-08 1.1458134E-08 8.3684393E-09 8.9950491E-09 9.1334451E-09 1.1516371E-08 7.5313480E-09 9.1348316E-09 1.3223149E-08 1.8301677E-08 9.7989927E-09 1.2049970E-08 1.6725146E-08 2.0613681E-08  284.5955 287.2764 292.5783 296.3172 283.1792 286.9658 290.1828 290.3233 281.8178 284.5765 285.4948 284.8097 277.5800 279.9876 280.2467 280.0572  81.6774
2000 1.7255310E-08 2.5893064E-08 1.7497500E-08 1.3272889E-08 1.6591615E-08 1.6460749E-08 1.3299196E-08 1.4589127E-08 1.0525807E-08 1.0684395E-08 1.2840679E-08 2.1546626E-08 9.1894226E-09 1.0539104E-08 1.5152281E-08 2.1005494E-08  283.9977 285.9791 291.1654 296.4415 282.3598 285.5491 288.6089 289.2126 281.1985 283.5203 284.0363 283.2892 276.8739 279.0904 279.1143 278.4882  34.8065
2001 1.4104231E-08 2.1254872E-08 1.6883456E-08 1.5269029E-08 1.1227220E-08 1.2659523E-08 1.2946742E-08 1.7387181E-08 8.5883114E-09 1.0437020E-08 1.5714777E-08 2.3643503E-08 9.7648076E-09 1.2708136E-08 1.7829011E-08 2.3390948E-08  283.5395 285.4592 290.5084 296.3995 281.7072 284.8858 287.9142 288.4302 280.3792 282.7342 283.2907 282.5797 276.0594 278.2819 278.3544 277.9787  101.258
2002 1.6994038E-08 2.2314932E-08 1.8410589E-08 1.4668149E-08 1.6212260E-08 1.5479390E-08 1.5692841E-08 1.9307999E-08 1.0449389E-08 1.2066115E-08 1.9040096E-08 2.9944179E-08 1.0508479E-08 1.2597768E-08 1.8364400E-08 2.6313213E-08  282.8223 284.8900 289.9599 296.3073 280.8841 284.2703 287.3327 288.0291 279.6891 282.3182 282.9211 282.2839 275.5298 278.1472 278.4180 278.0926  98.871
2003 1.2583906E-08 1.8666659E-08 1.5116971E-08 1.3900797E-08 1.2743162E-08 1.3053202E-08 1.3304638E-08 1.6715298E-08 1.0777764E-08 1.0792659E-08 1.6478950E-08 2.8328603E-08 1.1368763E-08 1.4083314E-08 1.9726510E-08 2.8377071E-08  284.0657 286.5771 291.8919 296.5323 282.5493 286.0931 289.2184 289.6260 281.2850 283.7672 284.2769 283.5900 276.7634 278.9897 278.9806 278.6549  66.0968
2004 1.6639635E-08 2.3158403E-08 1.8033836E-08 1.6535889E-08 1.7775891E-08 1.6573843E-08 1.6297479E-08 2.0591138E-08 1.1560548E-08 1.3284192E-08 2.1373271E-08 3.2124298E-08 1.0273345E-08 1.4057707E-08 2.2073678E-08 3.1885179E-08  283.4500 285.7752 290.9470 296.1498 281.5191 284.9475 288.0356 288.6180 280.0910 282.5656 283.1893 282.5358 275.7308 278.1631 278.3588 278.0476  183.903
2005 1.9668978E-08 2.3959105E-08 1.5358847E-08 1.2562152E-08 1.9924064E-08 1.7652852E-08 1.4131488E-08 1.4267436E-08 1.4076672E-08 1.4671769E-08 2.1021631E-08 2.6096643E-08 1.2353827E-08 1.5704002E-08 2.2847702E-08 2.7768529E-08  283.4625 285.7286 290.9131 296.2166 281.8690 285.2034 288.2219 288.7472 280.7988 282.9637 283.4833 282.8863 276.6139 278.6775 278.7393 278.3928  157.935
2006 1.9271498E-08 2.2854866E-08 1.4619780E-08 1.4420129E-08 1.8371413E-08 1.7010434E-08 1.4546671E-08 1.5669302E-08 1.1414127E-08 1.2460522E-08 1.8833253E-08 2.5668918E-08 1.1482523E-08 1.2859582E-08 1.8374635E-08 2.5600512E-08  283.4212 285.3918 290.7611 296.3523 281.9514 285.1674 288.1609 288.6350 281.0388 283.2797 283.6435 282.8509 276.7336 278.8663 278.7984 278.2671  28.3871
2007 1.0366463E-08 1.5040323E-08 9.7928909E-09 1.0255169E-08 1.2381766E-08 1.0528999E-08 9.1170600E-09 1.1573539E-08 9.6582067E-09 9.3495229E-09 1.3719439E-08 2.0214580E-08 1.0539265E-08 1.2248217E-08 1.7558282E-08 2.2117284E-08  284.2413 286.5858 291.7882 296.4834 282.6396 286.0662 289.1866 289.4538 281.4032 283.7959 284.3673 283.6790 277.4314 279.4729 279.4059 278.9926  1258.87
2008 1.0027244E-08 1.4523788E-08 1.0976518E-08 8.6857073E-09 1.2017861E-08 1.1785520E-08 1.0376663E-08 1.0454996E-08 8.7667473E-09 1.0484563E-08 1.4139103E-08 2.1126553E-08 1.0425000E-08 1.2574545E-08 1.7229208E-08 2.2699009E-08  284.6623 287.3128 292.3677 295.9584 283.1157 286.8027 289.8044 289.8742 281.7265 284.2435 284.8455 283.9915 277.2278 279.4934 279.5031 279.1291  97.5484
2009 2.1980080E-08 2.7073494E-08 2.0535172E-08 1.8456840E-08 1.9032925E-08 1.6947487E-08 1.5516502E-08 1.8978174E-08 1.2312542E-08 1.4281462E-08 1.9018522E-08 2.7254712E-08 1.0297017E-08 1.4972320E-08 2.2320402E-08 2.7802734E-08  282.6714 284.7782 289.9953 296.1826 280.9400 284.3105 287.4279 288.1150 279.8232 282.3135 283.0740 282.5999 275.6287 278.0024 278.3225 278.1682  53.6452
2010 1.2448146E-08 1.8198961E-08 1.1623351E-08 1.0005971E-08 1.1317059E-08 1.2112212E-08 9.7312345E-09 1.1736953E-08 7.4314412E-09 8.7271150E-09 1.3686248E-08 2.0114541E-08 7.8171416E-09 1.0275323E-08 1.4909368E-08 2.0251765E-08  284.6711 286.8048 291.8347 296.5883 283.2207 286.3098 289.2535 289.5531 281.8715 284.0083 284.5050 283.7672 277.7863 279.6824 279.5641 279.0070  72.2258
2011 1.1941596E-08 1.6420245E-08 1.0685919E-08 1.0401976E-08 1.3392266E-08 1.2374917E-08 1.1519821E-08 1.3161599E-08 8.7933145E-09 9.1624646E-09 1.4208185E-08 2.2785992E-08 7.4017805E-09 8.9457775E-09 1.4832175E-08 2.1521171E-08  284.3082 287.0033 292.3466 296.0742 282.9404 286.7339 289.7927 289.9529 281.9276 284.5932 285.1944 284.3273 277.6815 280.2170 280.3465 279.9112  3.69032
2012 1.5799266E-08 2.2983160E-08 1.7975278E-08 1.4985782E-08 1.5468174E-08 1.4739576E-08 1.4601627E-08 1.6578433E-08 1.1751452E-08 1.4640420E-08 2.1663871E-08 2.9395846E-08 1.0687170E-08 1.5637607E-08 2.4074428E-08 2.9453409E-08  284.2370 286.4955 291.5442 296.1141 282.4436 285.9367 288.9368 289.4165 281.2079 283.6762 284.3443 283.8525 276.9513 279.3725 279.5306 279.3184  6.4871
2013 1.3592750E-08 2.0299154E-08 1.7515044E-08 1.5025833E-08 1.6184483E-08 1.5559632E-08 1.4597322E-08 1.6245416E-08 1.2559150E-08 1.3780109E-08 1.9474166E-08 2.5708108E-08 1.2219425E-08 1.5335353E-08 2.2261370E-08 2.8562635E-08  283.9621 286.2343 291.6541 296.3740 282.2462 285.8394 289.1540 289.7152 281.1565 283.7685 284.5255 283.9333 276.8623 279.3160 279.5643 279.3218  8.26129
2014 1.7943618E-08 2.4066249E-08 1.8608461E-08 1.6483588E-08 1.8225299E-08 1.8315092E-08 1.9847400E-08 2.3381519E-08 1.3000311E-08 1.5452247E-08 2.4059581E-08 3.4142751E-08 1.0907107E-08 1.4555011E-08 2.1428621E-08 2.9214346E-08  282.7047 285.1216 290.3283 296.1540 280.9431 284.5967 287.6263 288.1971 280.3129 282.7710 283.2478 282.5117 276.3995 278.8188 278.9731 278.4976  38.9516
2015 2.2855019E-08 3.0989593E-08 2.5248694E-08 2.3044539E-08 2.1970624E-08 2.3741684E-08 2.5607752E-08 2.7549287E-08 1.7008595E-08 2.1485768E-08 2.8159333E-08 3.5264872E-08 1.4451475E-08 1.9680220E-08 2.6610321E-08 3.2486177E-08  282.1021 284.4585 289.7391 296.0612 280.7952 284.2502 287.1205 287.7653 280.3601 282.6225 282.9336 282.2941 276.5746 278.8365 278.8690 278.6300  51.4516
