STN,prec_1,prec_2,prec_3,prec_4,prec_5,prec_6,prec_7,prec_8,prec_9,prec_10,prec_11,prec_12,prec_13,prec_14,prec_15,prec_16,st_1,st_2,st_3,st_4,st_5,st_6,st_7,st_8,st_9,st_10,st_11,st_12,st_13,st_14,st_15,st_16,09.0
LAT,26.51077,26.51077,26.51077,26.51077,29.30136,29.30136,29.30136,29.30136,32.09194,32.09194,32.09194,32.09194,34.88252,34.88252,34.88252,34.88252,26.51077,26.51077,26.51077,26.51077,29.30136,29.30136,29.30136,29.30136,32.09194,32.09194,32.09194,32.09194,34.88252,34.88252,34.88252,34.88252,30.7512899
LON,-104.0625,-101.2500,-98.43750,-95.62500,-104.0625,-101.2500,-98.43750,-95.62500,-104.0625,-101.2500,-98.43750,-95.62500,-104.0625,-101.2500,-98.43750,-95.62500,-104.0625,-101.2500,-98.43750,-95.62500,-104.0625,-101.2500,-98.43750,-95.62500,-104.0625,-101.2500,-98.43750,-95.62500,-104.0625,-101.2500,-98.43750,-95.62500,-98.6697599
1958 1.4746738E-08 2.4216922E-08 2.4175552E-08 1.5789562E-08 1.7378099E-08 2.0009546E-08 2.0701895E-08 2.4355010E-08 1.4220616E-08 1.7144410E-08 2.6218785E-08 3.7719502E-08 1.8774916E-08 2.4483846E-08 3.2250995E-08 3.8251823E-08  286.1972 289.1546 294.4029 294.1577 285.4629 289.3922 292.0480 291.7013 285.1287 287.6814 287.4557 286.1251 280.9444 283.3307 283.0187 282.4549  654.033
1959 1.1663117E-08 2.2019414E-08 2.1714889E-08 1.3877395E-08 1.3831556E-08 1.6914733E-08 1.5405103E-08 1.8693326E-08 1.3836997E-08 1.6540863E-08 2.4999801E-08 3.2567677E-08 1.7893944E-08 2.3228324E-08 2.9814103E-08 3.6001556E-08  286.8550 289.6516 294.8598 294.2432 286.3160 290.1875 292.9541 292.4098 285.8376 288.6494 288.4436 287.0653 281.5571 284.1512 283.9942 283.5127  93.6
1960 1.1117910E-08 2.3445175E-08 2.4124702E-08 1.5505000E-08 1.3102288E-08 1.7534532E-08 1.6667938E-08 2.1191692E-08 1.2462054E-08 1.4751712E-08 2.0453291E-08 2.9209115E-08 1.5293624E-08 1.9128912E-08 2.5000638E-08 3.1892998E-08  287.1722 290.0351 294.9674 294.1977 286.6205 290.5132 293.1086 292.6331 286.1477 289.0867 288.8507 287.4905 282.0482 284.7471 284.7309 284.0303  218
1961 9.6677262E-09 1.7837266E-08 2.1833067E-08 1.3549983E-08 1.0087087E-08 1.3758400E-08 1.6293662E-08 2.1044256E-08 9.5657846E-09 1.2704998E-08 2.3272721E-08 3.6098406E-08 1.2980760E-08 1.8788306E-08 2.7108147E-08 3.7081641E-08  287.5717 290.6642 295.5724 294.2160 286.9999 290.9894 293.4510 292.7210 286.2389 289.0913 288.6227 287.0195 281.5905 284.1067 283.8640 283.2567  175.633
1962 1.0542217E-08 2.0907725E-08 2.1969788E-08 1.6971246E-08 1.1931837E-08 1.6522266E-08 2.0610200E-08 2.7460931E-08 1.2508644E-08 1.6055564E-08 2.9992570E-08 4.4093497E-08 1.7447846E-08 2.2944967E-08 3.3229128E-08 4.2543675E-08  287.1440 290.0120 295.0972 294.3325 286.5203 290.2533 292.9282 292.4857 286.0546 288.5456 288.1938 286.9080 281.7816 283.9852 283.5959 282.9860  73.7667
1963 1.5202943E-08 2.5966305E-08 2.5087248E-08 1.8035664E-08 1.7146942E-08 2.1472697E-08 2.2218511E-08 2.8176601E-08 1.4806836E-08 1.7934569E-08 2.7069797E-08 3.9528320E-08 1.7185764E-08 2.2045173E-08 3.0429653E-08 3.7364138E-08  286.1076 288.9893 294.3154 294.2148 285.4398 289.3217 292.0174 291.6626 285.3869 287.9645 287.6108 286.2374 281.4631 283.8168 283.5699 282.9720  101.3
1964 1.5146547E-08 2.4913550E-08 2.5274364E-08 1.5129151E-08 1.5887053E-08 1.7243883E-08 1.6742913E-08 2.0567910E-08 1.2354443E-08 1.4627968E-08 2.3451838E-08 3.4061955E-08 1.6207329E-08 2.0524080E-08 2.7598949E-08 3.4899930E-08  286.5455 289.4647 294.7480 294.4142 285.8764 289.8560 292.8108 292.4286 285.5580 288.3164 288.1952 286.9054 281.3797 283.7227 283.5953 283.0277  2975.8
1965 1.5486579E-08 2.6476732E-08 2.6097325E-08 1.7138065E-08 1.7776841E-08 2.1122448E-08 2.2309910E-08 2.4918455E-08 1.7228674E-08 2.2423510E-08 3.2265035E-08 3.6479697E-08 2.2365537E-08 2.8655515E-08 3.3433952E-08 3.7471956E-08  285.0551 288.0780 293.4264 293.9408 284.6361 288.7550 291.4280 291.2684 284.7271 287.5558 287.4600 286.3261 280.8928 283.5550 283.7476 283.4721  97.3
1966 1.1154686E-08 1.9497554E-08 2.1157593E-08 1.6788766E-08 1.4625933E-08 1.6365545E-08 1.9133454E-08 2.3920252E-08 1.5868469E-08 1.8514097E-08 2.9718365E-08 3.8735870E-08 2.0627542E-08 2.7358551E-08 3.6993409E-08 4.3630362E-08  286.4675 289.7487 294.8837 294.0790 285.7956 289.9938 292.5899 292.0921 285.4329 288.2234 287.8407 286.4759 281.2663 283.6974 283.4620 282.9153  775.867
1967 8.6133607E-09 1.9538730E-08 2.3644324E-08 1.8137369E-08 1.3295718E-08 1.8205032E-08 2.1476117E-08 2.6379924E-08 1.4165829E-08 1.7242849E-08 2.7805992E-08 3.8532754E-08 1.8088514E-08 2.3460787E-08 3.1874929E-08 3.9121900E-08  286.4096 289.2797 294.3694 294.3251 285.4201 289.4000 291.9662 291.7347 284.9621 287.8802 287.4742 286.2059 280.6611 283.3136 283.0860 282.5446  80.4
1968 1.2495054E-08 2.4116531E-08 2.6676613E-08 1.6896974E-08 1.6765535E-08 2.1077337E-08 2.4596895E-08 3.0422527E-08 1.7347375E-08 2.1305404E-08 3.1549856E-08 4.2641901E-08 2.1696820E-08 2.6811897E-08 3.2778221E-08 4.0294459E-08  285.8038 288.7310 294.1044 294.2047 285.3030 289.2492 291.8000 291.3484 284.9272 287.6797 287.3495 285.9576 280.9412 283.4127 283.2419 282.7524  132.533
1969 1.1371200E-08 2.0999806E-08 2.3077963E-08 1.5581220E-08 1.2844088E-08 1.6513507E-08 1.7792475E-08 2.4456309E-08 1.1726923E-08 1.4742583E-08 2.4049008E-08 3.4755129E-08 1.6180289E-08 2.2738542E-08 3.1343493E-08 3.7498253E-08  286.4593 289.6774 294.9344 294.2180 286.1799 290.3687 292.9524 292.2995 286.0343 288.9807 288.5627 287.0588 282.0680 284.7077 284.4384 283.8434  305.333
1970 1.0754929E-08 2.0305732E-08 2.2533161E-08 1.5502582E-08 1.2830558E-08 1.6197880E-08 1.8184906E-08 2.0721801E-08 1.1040336E-08 1.2917344E-08 2.1564436E-08 3.0286074E-08 1.3521944E-08 1.6403293E-08 2.3644683E-08 3.0149327E-08  287.2840 290.1897 295.2563 294.4776 286.4110 290.3732 293.2057 292.7374 285.6159 288.6952 288.7624 287.4829 281.4819 284.2540 284.3533 283.8372  134.167
1971 9.9597770E-09 1.9459742E-08 2.4318865E-08 1.5532109E-08 1.1713359E-08 1.5219795E-08 1.7885487E-08 2.2934247E-08 1.2130729E-08 1.4068130E-08 2.2332777E-08 3.0886760E-08 1.6736434E-08 1.9116788E-08 2.5979068E-08 3.3607979E-08  286.8922 290.2671 295.6963 294.5562 286.4290 290.7631 293.6933 293.2263 286.1633 289.2895 289.1496 287.7826 281.9270 284.7051 284.5308 284.0122  453
1972 1.5269078E-08 2.9528602E-08 2.9623134E-08 1.9701945E-08 1.8707773E-08 2.4188765E-08 2.6702518E-08 3.0051734E-08 1.7157415E-08 2.2723974E-08 3.1799249E-08 3.9317818E-08 2.0774952E-08 2.7828639E-08 3.4720255E-08 3.7484956E-08  285.4800 288.4904 293.9314 293.9751 285.2174 289.2415 291.8707 291.6148 285.3804 288.0910 287.7211 286.4740 281.5619 284.1147 283.8923 283.4124  335.667
1973 1.0417851E-08 1.9137177E-08 1.8884398E-08 1.2657653E-08 1.1925040E-08 1.5754740E-08 1.4712484E-08 1.8630374E-08 1.0308256E-08 1.3572862E-08 2.2188846E-08 2.8309779E-08 1.3157059E-08 1.8494074E-08 2.8118055E-08 3.4799164E-08  288.1098 291.2681 296.2601 294.3914 287.5105 291.8387 294.7173 294.0323 286.9059 290.1129 290.1120 288.6955 282.6981 285.4243 285.3208 284.6338  111.633
1974 1.1148378E-08 2.0502124E-08 2.4108514E-08 1.8568176E-08 1.4529984E-08 1.7087455E-08 2.3656209E-08 3.0822321E-08 1.4816995E-08 1.9396554E-08 3.0993217E-08 4.2233776E-08 1.8982686E-08 2.4931767E-08 3.2513583E-08 3.9595811E-08  286.2794 289.4554 294.7676 294.6079 285.4969 289.4900 292.2144 291.8776 284.9628 287.7022 287.4168 286.3159 280.7120 283.2197 283.1513 282.7527  1712.23
1975 9.8745989E-09 1.8766642E-08 2.4443150E-08 1.3677417E-08 1.2957122E-08 1.7006908E-08 1.8397746E-08 2.3432539E-08 1.2069543E-08 1.5132784E-08 2.5280833E-08 3.8539063E-08 1.4286488E-08 1.7822043E-08 2.7945454E-08 3.9662922E-08  287.8865 291.2497 296.3694 294.5294 287.1037 291.3986 294.3123 293.8186 286.3524 289.3930 289.2351 288.0942 282.1690 284.7068 284.4440 283.8224  267.567
1976 9.8401518E-09 1.7805688E-08 1.9961707E-08 1.6380961E-08 1.2895816E-08 1.8497598E-08 2.2348001E-08 2.8910133E-08 1.2934966E-08 1.7720749E-08 3.1440475E-08 4.3072884E-08 1.8659151E-08 2.5011788E-08 3.4161328E-08 4.3419099E-08  286.1193 289.1379 294.4311 294.4516 285.4037 289.3587 291.9544 291.4649 284.8892 287.5236 287.1520 285.9101 280.6884 282.9497 282.6228 282.1304  626.333
1977 1.2560742E-08 2.4118163E-08 2.3279529E-08 1.1871233E-08 1.2712555E-08 1.8015141E-08 1.7686853E-08 2.0888425E-08 1.0814533E-08 1.4789743E-08 2.2772722E-08 3.5145632E-08 1.3780606E-08 1.8770459E-08 2.5771657E-08 3.5695983E-08  287.2883 290.1923 295.3784 294.1748 286.8814 290.8234 293.6789 293.0776 286.2281 289.1431 289.0488 287.6330 281.7627 284.5371 284.4639 283.7992  136.7
1978 1.4719937E-08 2.5418224E-08 2.7886662E-08 1.5651469E-08 1.6031247E-08 1.8683100E-08 1.8512841E-08 2.2721123E-08 1.4664694E-08 1.8119422E-08 2.6426124E-08 3.5760984E-08 1.6148666E-08 2.1360044E-08 2.8694805E-08 3.6258459E-08  286.4340 289.1534 294.3077 294.4205 286.0439 289.7929 292.4029 291.9902 286.0217 288.5133 287.9993 286.5566 282.1417 284.3321 283.6927 282.8327  374.133
1979 1.4744817E-08 2.6175654E-08 2.4887733E-08 1.5679841E-08 1.8003469E-08 2.2116758E-08 1.8699765E-08 2.1648798E-08 1.5280742E-08 1.8717838E-08 2.3641194E-08 3.1903582E-08 1.6959683E-08 2.1915875E-08 2.8507658E-08 3.4938527E-08  286.4525 289.4655 294.8296 294.1856 285.9955 290.1191 292.9940 292.5989 286.1141 288.7459 288.5541 287.2007 282.3445 284.6675 284.2861 283.6259  110.133
1980 1.0592491E-08 2.0031196E-08 2.0463554E-08 1.5376605E-08 1.1806336E-08 1.4055127E-08 1.6892326E-08 2.2650108E-08 1.1040799E-08 1.3724128E-08 2.4920945E-08 3.6746510E-08 1.6895948E-08 2.2128221E-08 3.2128444E-08 4.1461661E-08  286.3567 289.2382 294.4263 294.2583 285.8368 289.6942 292.2049 291.7353 285.4178 288.0367 287.5339 286.1336 281.0570 283.4323 283.0844 282.4481  3576
1981 1.2008962E-08 2.3078124E-08 2.5062906E-08 1.5781158E-08 1.5797996E-08 1.9040524E-08 2.0930788E-08 2.6021274E-08 1.3865887E-08 1.5931695E-08 2.3684869E-08 3.4865561E-08 1.6047034E-08 1.9533088E-08 2.6512623E-08 3.4497031E-08  286.5426 289.3652 294.4531 294.2515 285.7546 289.7325 292.2909 291.9322 285.4440 288.2471 287.9860 286.7371 281.4576 284.1445 283.9394 283.3092  264.667
1982 1.0771182E-08 2.1833584E-08 2.3298808E-08 1.4833664E-08 1.2761001E-08 1.7120087E-08 1.9514038E-08 2.6856982E-08 1.3858987E-08 1.8939527E-08 2.9766070E-08 4.3077574E-08 2.0180392E-08 2.7086198E-08 3.4852079E-08 4.2981156E-08  285.3658 288.5187 294.1900 294.1743 285.2018 289.1980 291.7888 291.2906 284.9375 287.6660 287.2868 285.9426 280.7409 283.2953 282.9706 282.5264  120.433
1983 1.1261917E-08 2.3524853E-08 2.4412083E-08 1.5413217E-08 1.3559207E-08 1.8310784E-08 1.9476673E-08 2.5482215E-08 1.4605384E-08 1.7922988E-08 2.7247278E-08 3.8042895E-08 1.6712963E-08 2.1382483E-08 2.9795485E-08 3.7750908E-08  286.7700 289.5529 294.6419 294.3028 286.2321 290.0434 292.5294 292.2034 285.7808 288.4597 288.1520 286.8934 281.6541 284.2552 284.0322 283.6925  43.6
1984 1.0207458E-08 1.9021865E-08 2.0107015E-08 1.1687284E-08 1.1650517E-08 1.4051908E-08 1.5195178E-08 1.7369297E-08 1.0344589E-08 1.2613258E-08 2.2008258E-08 2.9406852E-08 1.1479282E-08 1.5260408E-08 2.4368214E-08 3.3197576E-08  287.5969 290.9608 296.2761 294.3864 287.3226 291.8013 294.7334 293.9415 286.9833 290.2828 290.3085 288.8153 282.9834 285.8628 285.9588 285.2453  16.6667
1985 1.3950757E-08 2.3928763E-08 2.6542935E-08 1.6369512E-08 1.5447942E-08 2.0184798E-08 2.1871658E-08 2.6029531E-08 1.3769810E-08 1.9070798E-08 3.0178306E-08 4.2640984E-08 1.8284126E-08 2.2054575E-08 3.0548076E-08 3.9150581E-08  286.6274 289.8103 295.0940 294.4431 286.0315 290.2625 293.1440 292.7656 285.6942 288.6570 288.3917 287.1117 281.2888 283.9403 283.7723 283.3000  87.3333
1986 1.4926359E-08 2.8530764E-08 2.6504905E-08 1.7174857E-08 1.6446815E-08 2.2010195E-08 2.0579126E-08 2.4142690E-08 1.4632355E-08 1.8548439E-08 2.6492897E-08 3.5150826E-08 1.9586809E-08 2.3763230E-08 2.9781546E-08 3.3749384E-08  285.8752 288.4660 293.6555 294.4168 285.5350 289.1287 291.7686 291.2515 285.4858 287.9660 287.4592 285.9454 281.3553 283.7134 283.4630 282.8055  671
1987 1.1270070E-08 2.3931653E-08 2.8069133E-08 2.0437218E-08 1.4308706E-08 2.2129138E-08 2.7367850E-08 3.3573084E-08 1.6915095E-08 2.3937808E-08 3.5037644E-08 4.2414978E-08 1.9537305E-08 2.7178347E-08 3.5850011E-08 4.0457401E-08  285.6575 288.6093 293.8650 294.0369 285.2351 289.1758 291.5824 291.0817 284.8918 287.5089 287.0895 285.7881 280.9086 283.3606 283.1290 282.7472  725.833
1988 8.8370706E-09 1.8050226E-08 2.3082045E-08 1.2121924E-08 1.1286619E-08 1.5303733E-08 1.5767686E-08 1.9966707E-08 1.0035332E-08 1.2856215E-08 2.0829628E-08 3.0582733E-08 1.2334605E-08 1.4371803E-08 2.4176700E-08 3.5147277E-08  288.6664 291.9840 296.9728 294.3979 288.1976 292.4041 295.2216 294.3806 287.1634 290.0612 290.0232 288.5524 282.2674 284.8295 284.5131 283.8453  168.7
1989 1.1756986E-08 2.0562066E-08 2.4341320E-08 1.5657383E-08 1.3320384E-08 1.5072171E-08 1.6697300E-08 2.2276987E-08 9.0432515E-09 1.1528193E-08 2.1254333E-08 3.4053173E-08 1.1994608E-08 1.4924776E-08 2.3008473E-08 3.2775286E-08  287.4642 290.6584 295.8412 294.5278 286.8504 290.9495 293.9702 293.5593 286.4251 289.4586 289.3595 288.0641 282.4508 285.1248 284.9793 284.3555  127.967
1990 1.4231868E-08 2.6250481E-08 2.4021821E-08 1.5579973E-08 1.6999996E-08 1.9742521E-08 2.0376033E-08 2.5108591E-08 1.6847862E-08 1.9428779E-08 2.7840374E-08 3.4972135E-08 2.1120423E-08 2.6347966E-08 3.4138694E-08 3.8525588E-08  285.6911 288.5970 294.0403 294.3444 285.3570 289.4322 292.1723 291.8156 285.3642 288.1784 288.0486 286.6855 281.3948 284.0269 283.8805 283.3615  1007.87
1991 1.6168915E-08 2.7099238E-08 2.7617837E-08 2.1109116E-08 1.9419160E-08 2.3752587E-08 2.7233710E-08 3.3573635E-08 1.7868189E-08 2.2310802E-08 3.3697798E-08 4.4254964E-08 2.1248905E-08 2.6120620E-08 3.5092874E-08 4.1808288E-08  285.4330 288.3718 293.8739 294.4292 284.7045 288.6203 291.4007 291.1484 284.5813 287.0450 286.9365 285.8013 280.5244 282.9670 282.9253 282.5898  398.8
1992 1.7035386E-08 3.1615766E-08 3.0786261E-08 2.1619444E-08 2.0517442E-08 2.5570545E-08 2.6124860E-08 3.3200060E-08 1.7303162E-08 2.1313619E-08 3.1651805E-08 4.3491834E-08 2.0760242E-08 2.7198471E-08 3.4786773E-08 4.1157275E-08  284.7118 287.4468 292.9048 294.3936 283.8712 287.7328 290.6628 290.7071 284.0648 286.6256 286.6066 285.3868 280.2453 282.7847 282.6082 282.1379  452.067
1993 1.4262722E-08 2.4062654E-08 2.5189861E-08 1.8559629E-08 1.5668228E-08 2.0338296E-08 2.5068843E-08 3.0248202E-08 1.6224542E-08 2.3800490E-08 3.5978236E-08 4.3752870E-08 2.2981705E-08 3.1298995E-08 3.8681890E-08 4.3679655E-08  284.4788 287.6297 293.1933 294.1135 284.2636 288.4175 291.0332 290.7269 284.6330 287.0322 286.7324 285.5344 280.6133 282.9912 282.8888 282.6418  172.6
1994 1.4795819E-08 2.6132842E-08 2.5070356E-08 1.7454033E-08 1.7419191E-08 2.2162311E-08 2.1431861E-08 2.5914863E-08 1.6100280E-08 1.8866377E-08 2.6303958E-08 3.7782442E-08 2.0068065E-08 2.6011470E-08 3.2022101E-08 3.8964359E-08  285.2594 288.2099 293.6259 294.1829 284.6783 288.5819 291.3378 291.1268 284.4071 286.9960 286.7621 285.5016 280.2422 282.8041 282.6577 282.2295  298.933
1995 1.3359300E-08 2.2293539E-08 2.6268035E-08 1.7624732E-08 1.7324334E-08 2.0251875E-08 2.1890141E-08 2.8202932E-08 1.4547876E-08 1.5927707E-08 2.6081647E-08 3.9080366E-08 1.6974328E-08 1.9392456E-08 2.8531717E-08 3.8811827E-08  286.9258 289.9412 295.1219 294.4439 285.9637 289.9847 292.6917 292.4764 285.4654 288.2306 288.0042 286.7689 281.2807 283.8394 283.5856 283.0817  313.1
1996 1.3355812E-08 2.5253721E-08 2.7448261E-08 1.7426983E-08 1.5245350E-08 2.0808976E-08 2.2921327E-08 2.9234471E-08 1.4065686E-08 1.7433443E-08 2.8172702E-08 3.9194727E-08 1.7324565E-08 2.2706251E-08 3.0970870E-08 3.9649613E-08  286.5510 289.6084 294.8934 294.4887 286.2592 290.2992 293.0522 292.5414 286.0415 288.9094 288.7947 287.4370 282.1797 284.8590 284.8477 284.2186  506.967
1997 1.1033353E-08 2.1743336E-08 2.0705988E-08 1.6221938E-08 1.5016534E-08 1.7895877E-08 2.0400648E-08 2.7821715E-08 1.6652450E-08 2.3727027E-08 3.3795672E-08 4.3763958E-08 2.4037339E-08 3.3648337E-08 4.0307256E-08 4.5493284E-08  285.5499 288.6400 293.9354 293.9905 284.9818 288.9622 291.3339 290.8421 284.5866 287.0326 286.7356 285.4561 280.4897 282.7839 282.8145 282.5666  256.3
1998 8.7724521E-09 1.7887531E-08 1.8303973E-08 1.0697370E-08 9.4292441E-09 1.4676076E-08 1.4060372E-08 1.7583320E-08 9.1848635E-09 1.1908808E-08 2.0913760E-08 3.0610526E-08 1.1463687E-08 1.5952304E-08 2.5680311E-08 3.4389910E-08  288.8565 292.1460 297.0381 294.3097 288.3904 292.4944 295.1581 294.3198 287.4592 290.3220 290.2112 288.8795 283.0046 285.4130 285.2925 284.7060  445.367
1999 6.1430780E-09 1.3753246E-08 1.8614539E-08 1.0087868E-08 7.0627486E-09 1.1807709E-08 1.4032449E-08 1.9602107E-08 6.6915189E-09 1.0411202E-08 2.2786308E-08 3.2296679E-08 1.2322034E-08 1.7727345E-08 2.8687429E-08 3.8253187E-08  288.5982 292.0144 297.0547 294.6233 288.1457 292.3526 295.0450 294.2678 287.2999 290.2792 290.1016 288.6280 282.9403 285.5573 285.3272 284.7490  76.7
2000 1.5173601E-08 2.4945557E-08 2.7227792E-08 1.6531484E-08 1.5963236E-08 1.9623704E-08 1.9232402E-08 2.4963114E-08 1.4023804E-08 1.6408094E-08 2.3379728E-08 3.3983525E-08 1.6852118E-08 1.9595738E-08 2.6780034E-08 3.5289389E-08  286.9590 289.7498 294.8815 294.7555 286.2293 290.1801 293.0991 292.8992 285.8712 288.6183 288.5788 287.3484 281.8452 284.3115 284.1920 283.6338  110.5
2001 1.3278470E-08 2.3734581E-08 2.2947399E-08 1.4685426E-08 1.4883546E-08 1.8535122E-08 2.0126851E-08 2.5304494E-08 1.3614642E-08 1.7217898E-08 2.8197235E-08 3.9096467E-08 1.6709231E-08 2.0799799E-08 2.9521223E-08 3.7054591E-08  286.7015 289.7552 295.0863 294.6016 286.3399 290.3436 293.1011 292.7348 286.2843 288.8116 288.4660 287.2623 282.4438 284.7021 284.3477 283.8649  179.3
2002 1.3085545E-08 2.5210621E-08 2.4761125E-08 1.7109036E-08 1.6016219E-08 1.8221430E-08 2.0134760E-08 2.7049360E-08 1.5900650E-08 2.1036836E-08 3.0902257E-08 3.6435033E-08 2.0790331E-08 2.7014350E-08 3.3625824E-08 3.7564568E-08  285.6180 288.6557 294.3247 294.4906 285.5063 289.7435 292.4824 291.9269 285.7239 288.5852 288.2617 286.8362 281.8943 284.4114 284.2509 283.6355  105.133
2003 1.4876307E-08 2.4626992E-08 2.1416229E-08 1.4617454E-08 1.5780445E-08 1.7746244E-08 1.6581504E-08 2.2343203E-08 1.3337210E-08 1.5263330E-08 2.2065132E-08 3.4044231E-08 1.6418296E-08 2.0116095E-08 2.6380560E-08 3.4172313E-08  286.5823 289.6632 295.1435 294.4557 286.0744 290.1777 293.0787 292.7203 285.7401 288.6701 288.4003 287.1656 281.4989 284.1552 284.0136 283.5551  244.233
2004 1.4888306E-08 2.6782827E-08 2.8539748E-08 1.6697998E-08 1.6807913E-08 2.2942608E-08 2.4831452E-08 2.8356061E-08 1.9108205E-08 2.5403745E-08 3.4670997E-08 3.9939511E-08 2.5335577E-08 3.4293734E-08 3.9577852E-08 4.2129823E-08  286.0227 289.0890 294.5118 294.3251 285.8205 289.8277 292.2527 291.8227 285.6869 288.3008 287.7755 286.4974 281.6935 284.0458 283.7748 283.3919  144.033
2005 1.2705546E-08 2.3191383E-08 2.3689482E-08 1.6303227E-08 1.3929754E-08 1.7340312E-08 1.7022906E-08 2.1784629E-08 1.2892260E-08 1.5394987E-08 2.4275627E-08 3.2733752E-08 1.7973230E-08 2.2834261E-08 3.1227469E-08 3.6141952E-08  286.2056 289.1213 294.5283 294.2925 285.7729 289.7128 292.4193 292.1476 285.7284 288.4593 288.0633 286.6934 281.6218 284.0063 283.6786 283.2056  91.2333
2006 1.4660131E-08 2.6549600E-08 2.4735538E-08 1.5034022E-08 1.7182494E-08 1.9725292E-08 2.0030905E-08 2.3064903E-08 1.3972707E-08 1.5440701E-08 2.3677595E-08 3.5609190E-08 1.7242876E-08 2.2415728E-08 2.9119429E-08 3.3207591E-08  286.5463 289.3263 294.6835 294.5175 286.1839 290.1273 292.8732 292.5593 286.1436 288.9925 288.7441 287.3020 282.2584 284.7196 284.4610 283.7890  90.0333
2007 9.3252499E-09 1.7623158E-08 1.8338172E-08 1.1187229E-08 1.0388006E-08 1.3081666E-08 1.4109998E-08 1.9593982E-08 1.0094527E-08 1.1298624E-08 1.8804799E-08 3.0628932E-08 1.2690919E-08 1.5123137E-08 2.2214913E-08 3.0859251E-08  287.7995 290.7823 296.0285 294.6486 287.4067 291.4130 294.2760 293.5963 286.9331 289.8090 289.5005 287.8920 282.6393 285.0735 284.7120 283.8671  665.633
2008 9.4415107E-09 1.8406537E-08 1.9033321E-08 1.1692497E-08 1.2205457E-08 1.7465590E-08 1.6176413E-08 1.8776403E-08 1.0831513E-08 1.2510969E-08 2.1812346E-08 3.4292942E-08 1.4871413E-08 1.6420200E-08 2.6281150E-08 3.7806149E-08  287.5238 290.6882 295.8557 294.4743 286.8262 290.8604 293.7026 293.3340 286.3367 288.9792 288.7045 287.5502 282.0533 284.3730 283.9464 283.4027  100.533
2009 1.5286579E-08 2.7018981E-08 2.8056359E-08 2.0384849E-08 1.8053823E-08 2.4773327E-08 2.9135464E-08 3.4037257E-08 1.8981014E-08 2.5434735E-08 3.8251898E-08 4.7337512E-08 2.2978355E-08 3.0394439E-08 4.1085045E-08 4.8068067E-08  285.4502 288.3987 293.8942 294.3095 284.9953 288.8249 291.3401 291.0453 284.7442 287.2716 286.9846 285.8367 280.8900 283.2191 283.0364 282.7656  170.5
2010 7.8165812E-09 1.7010530E-08 1.8057039E-08 9.6815054E-09 9.3329975E-09 1.3071065E-08 1.2795644E-08 1.6083792E-08 7.8251938E-09 1.0561663E-08 1.9131383E-08 2.5850609E-08 9.8389288E-09 1.3602132E-08 2.3833129E-08 3.2996592E-08  288.9661 292.0466 296.9057 294.9171 288.4670 292.6252 295.3994 294.6315 287.8112 290.8852 290.8080 289.3682 283.5272 286.1276 285.8464 285.1059  109.8
2011 9.9638902E-09 1.8426746E-08 1.8962538E-08 1.0601120E-08 9.8516022E-09 1.3340935E-08 1.2198764E-08 1.5004758E-08 7.6368387E-09 8.9417913E-09 1.5824801E-08 2.2797524E-08 1.0687949E-08 1.5238719E-08 2.3166711E-08 2.9591634E-08  288.7006 292.0923 297.1750 294.6750 288.4186 292.7840 295.7337 294.8246 287.8041 291.0396 291.2051 289.6564 283.4969 286.2791 286.3308 285.6569  10.5433
2012 1.6022302E-08 2.9116240E-08 3.1623962E-08 1.9093227E-08 1.8906498E-08 2.4984351E-08 2.3935666E-08 2.5483239E-08 1.5175408E-08 1.8793324E-08 2.5604923E-08 3.6079058E-08 1.7847935E-08 2.2122812E-08 2.9006664E-08 3.4145582E-08  286.2721 289.2125 294.4832 294.2220 285.6891 289.5557 292.5023 292.3569 285.6325 288.2726 288.0963 287.0483 281.8256 284.2139 284.0836 283.6909  50.7467
2013 1.3291813E-08 2.3935131E-08 2.5665456E-08 1.7025407E-08 1.4344136E-08 1.9840655E-08 2.1099428E-08 2.5975202E-08 1.1936986E-08 1.6124950E-08 2.5338347E-08 3.6338847E-08 1.6029388E-08 2.0483744E-08 2.8590607E-08 3.7270141E-08  287.3047 290.1459 294.9884 294.4281 286.5866 290.2837 292.8785 292.5444 286.1609 288.7223 288.4119 287.1388 281.9096 284.2717 284.0285 283.4947  375.5
2014 1.6613200E-08 2.8878521E-08 2.8587117E-08 1.7904782E-08 1.9052807E-08 2.3764393E-08 2.3376582E-08 2.6383535E-08 1.5114045E-08 1.8789020E-08 2.7608051E-08 3.6672454E-08 1.7629663E-08 2.3743715E-08 3.3039036E-08 3.9232749E-08  285.8155 288.7918 294.2629 294.0952 285.5431 289.5420 292.2761 291.7437 285.6060 288.2100 287.8663 286.5190 281.7036 284.0733 283.8354 283.3145  54.5667
2015 9.8459356E-09 2.2299291E-08 2.5370236E-08 1.8345666E-08 1.3805215E-08 2.0310186E-08 2.5737004E-08 2.9878947E-08 1.5405501E-08 2.1907859E-08 3.2123822E-08 4.0127542E-08 1.9266782E-08 2.9929481E-08 3.7740648E-08 4.2141149E-08  285.7691 288.7553 293.7155 293.7122 285.2495 288.9683 291.1440 290.4879 284.7282 287.2487 286.7905 285.5644 280.9689 283.4126 283.0861 282.6609  46.1333
