STN,prec_1,prec_2,prec_3,prec_4,prec_5,prec_6,prec_7,prec_8,prec_9,prec_10,prec_11,prec_12,prec_13,prec_14,prec_15,prec_16,st_1,st_2,st_3,st_4,st_5,st_6,st_7,st_8,st_9,st_10,st_11,st_12,st_13,st_14,st_15,st_16,01.0
LAT,26.51077,26.51077,26.51077,26.51077,29.30136,29.30136,29.30136,29.30136,32.09194,32.09194,32.09194,32.09194,34.88252,34.88252,34.88252,34.88252,26.51077,26.51077,26.51077,26.51077,29.30136,29.30136,29.30136,29.30136,32.09194,32.09194,32.09194,32.09194,34.88252,34.88252,34.88252,34.88252,30.7512899
LON,-104.0625,-101.2500,-98.43750,-95.62500,-104.0625,-101.2500,-98.43750,-95.62500,-104.0625,-101.2500,-98.43750,-95.62500,-104.0625,-101.2500,-98.43750,-95.62500,-104.0625,-101.2500,-98.43750,-95.62500,-104.0625,-101.2500,-98.43750,-95.62500,-104.0625,-101.2500,-98.43750,-95.62500,-104.0625,-101.2500,-98.43750,-95.62500,-98.6697599
1958 2.8524594E-08 4.1469562E-08 2.3185841E-08 7.3581643E-09 2.9704243E-08 2.9491595E-08 1.0972379E-08 1.7168786E-08 2.2878501E-08 2.4393303E-08 1.6965863E-08 2.3495334E-08 2.2839421E-08 3.0794229E-08 3.3685243E-08 3.2277356E-08  295.0400 296.9262 301.7283 298.3309 296.1338 299.2960 301.9674 300.9097 297.1112 299.5051 299.1671 297.6009 293.9632 296.2339 296.1805 295.5728  463
1959 2.4312834E-08 3.6042294E-08 1.9722552E-08 7.3507840E-09 2.6165448E-08 2.6714250E-08 1.1519946E-08 2.1358993E-08 2.2642332E-08 2.3373579E-08 1.7703357E-08 2.4903471E-08 2.1095060E-08 2.9976100E-08 3.3178821E-08 3.0856746E-08  295.1061 297.1511 301.9388 298.1853 296.2343 299.5274 302.2307 301.1019 296.7012 299.5916 299.3906 297.7982 293.6068 296.1250 296.2644 295.6323  198.806
1960 2.6165996E-08 3.6561215E-08 2.1430600E-08 8.4730933E-09 2.8176345E-08 2.7141743E-08 1.0541497E-08 1.9893925E-08 2.1700524E-08 2.4336686E-08 1.7149368E-08 2.3685885E-08 2.2369218E-08 3.0912172E-08 3.1951860E-08 3.2633743E-08  295.2892 297.3801 302.2767 298.4160 296.5474 299.9344 302.8277 301.7725 297.2589 299.9675 300.0287 298.3240 294.0089 296.4293 296.6001 295.9362  446.968
1961 2.5030250E-08 2.9872655E-08 1.3392170E-08 7.1111561E-09 2.4216639E-08 2.2385183E-08 6.8220820E-09 1.1647866E-08 1.7934402E-08 1.8865956E-08 1.2364296E-08 1.8350958E-08 1.7690132E-08 2.4504063E-08 2.2993943E-08 2.6309472E-08  296.1972 298.4981 303.3726 298.4476 297.8272 301.3062 304.0804 302.6299 298.8342 301.6077 301.5146 299.4777 295.7735 298.1115 298.1332 296.9797  615.452
1962 3.1791153E-08 3.2763793E-08 1.4305052E-08 7.4037581E-09 2.9017016E-08 1.9686318E-08 5.9290781E-09 1.7165966E-08 2.0348500E-08 1.6976594E-08 1.1161611E-08 1.9175571E-08 1.9263014E-08 2.6185276E-08 2.5397082E-08 2.6889206E-08  295.5736 298.0300 303.1896 298.5489 297.2119 301.2023 304.1157 302.8970 298.6038 301.6771 301.8080 299.8897 295.7670 298.2534 298.3523 297.3105  181.161
1963 2.6393295E-08 3.1465134E-08 1.6145194E-08 7.2444433E-09 2.8591247E-08 2.6248367E-08 9.4448449E-09 1.3777488E-08 2.2088624E-08 2.2804938E-08 1.7001863E-08 2.1857602E-08 2.0093271E-08 2.8130735E-08 3.0129375E-08 2.9589071E-08  295.3282 297.8086 302.8627 298.5314 296.6060 300.3950 303.2426 302.0409 297.7372 300.6071 300.5937 298.4978 294.9010 297.3756 297.3813 296.2843  96.4516
1964 2.7492442E-08 3.5118511E-08 2.1643542E-08 7.8499509E-09 2.8408113E-08 2.9180431E-08 1.0097218E-08 1.8916662E-08 2.2727573E-08 2.4390230E-08 2.0631745E-08 2.9459295E-08 2.4482532E-08 3.4718362E-08 3.5654864E-08 3.5767126E-08  295.4041 297.7388 302.7399 298.4953 296.6185 300.0207 302.9664 301.6011 297.3544 299.8587 299.4084 297.7166 293.9299 296.0223 295.9391 295.4404  98.4516
1965 3.3248657E-08 3.2397814E-08 1.4723867E-08 7.9786799E-09 3.1171044E-08 2.4243111E-08 8.3440419E-09 1.5276772E-08 2.2556234E-08 2.1800162E-08 1.5868421E-08 2.1722400E-08 2.3845352E-08 2.8791968E-08 2.8733696E-08 3.0853151E-08  295.0974 297.7258 303.0311 298.3226 296.5690 300.4251 303.2949 302.1664 297.7414 300.6077 300.6741 298.8997 294.6628 297.0783 297.1565 296.1953  180.742
1966 2.2365027E-08 3.9859227E-08 1.9628072E-08 6.7873240E-09 3.0013435E-08 3.3394468E-08 1.1567741E-08 2.0699842E-08 2.3665459E-08 2.6754321E-08 2.2956106E-08 3.4442767E-08 2.4817595E-08 3.4518607E-08 3.7905497E-08 3.9265757E-08  295.4509 297.3901 302.2484 298.1473 296.2064 299.4400 302.2208 301.0032 296.6051 299.2092 298.8723 297.3937 293.1203 295.7005 295.9020 295.2975  113.419
1967 3.0155121E-08 3.4653912E-08 2.1839842E-08 8.3233704E-09 2.9427824E-08 2.7041617E-08 8.8651069E-09 1.5746513E-08 2.0524395E-08 2.1844883E-08 1.6628341E-08 2.6087593E-08 1.8041183E-08 2.5214648E-08 2.6262134E-08 2.9286607E-08  295.4022 297.8092 302.8608 298.4235 296.8553 300.5375 303.4875 302.1046 297.8798 300.7478 300.7765 298.6722 295.1245 297.5148 297.3822 296.3168  111.29
1968 2.8320651E-08 3.7001911E-08 2.2257534E-08 8.2590077E-09 3.2910748E-08 3.1221241E-08 1.4072481E-08 2.0559197E-08 2.7678874E-08 2.8899828E-08 2.2847871E-08 3.0983980E-08 2.7009188E-08 3.6656402E-08 3.6269633E-08 3.4473093E-08  294.6435 296.8315 301.9167 298.5963 295.6346 299.2235 302.3675 301.3294 296.4806 299.3890 299.5068 297.7296 293.4372 295.9342 296.1645 295.3877  2483.03
1969 2.4880757E-08 4.1749523E-08 2.9595382E-08 9.5403694E-09 2.7636274E-08 3.4097141E-08 1.4061905E-08 2.0326681E-08 2.2612918E-08 2.9051686E-08 2.5626138E-08 3.1596009E-08 2.5502622E-08 3.9428834E-08 4.3309914E-08 4.2169670E-08  295.1995 297.3237 302.1574 298.6707 296.2352 299.5788 302.5005 301.6358 296.9739 299.4373 299.2176 297.8641 293.7383 295.9596 295.8757 295.5225  120.774
1970 2.3619068E-08 3.2337486E-08 2.0601817E-08 9.6417123E-09 2.7567593E-08 2.5988701E-08 9.6623758E-09 1.8249354E-08 2.1296580E-08 2.3360760E-08 1.7414742E-08 2.5275632E-08 2.1439423E-08 3.2158052E-08 3.1065774E-08 3.1581333E-08  295.3887 297.5279 302.1180 298.2887 296.6533 300.0793 302.7605 301.4060 297.5397 300.2107 299.8098 298.0850 294.3377 296.7048 296.7919 296.0494  408.581
1971 2.3837652E-08 3.4720689E-08 1.8456520E-08 9.0714520E-09 2.6324260E-08 2.8418627E-08 7.6036271E-09 1.8065712E-08 1.9946306E-08 2.2021849E-08 1.2990718E-08 2.2535016E-08 2.0275554E-08 2.7067049E-08 2.6839663E-08 2.8930049E-08  295.5995 298.0208 303.1374 298.6122 297.1411 300.8559 303.8364 302.4873 298.2562 301.1647 301.4587 299.4095 295.2052 297.7125 297.9017 296.9404  123.097
1972 2.0787315E-08 3.2182722E-08 1.9159804E-08 7.0933961E-09 2.7778121E-08 2.8102347E-08 9.5966008E-09 1.3505025E-08 2.3560920E-08 2.7240068E-08 2.0289846E-08 2.4724010E-08 2.2393547E-08 3.4080330E-08 3.2565062E-08 3.2565538E-08  295.3688 297.6663 302.5112 298.4488 296.4807 300.1681 302.9432 301.9410 297.5061 300.2240 299.9651 298.2971 294.4615 296.8308 296.8403 296.1151  320.387
1973 2.5016796E-08 3.8035285E-08 2.2578789E-08 8.2938891E-09 2.8570362E-08 3.0092309E-08 1.1145495E-08 1.8752271E-08 2.0844261E-08 2.3295510E-08 1.7419811E-08 2.5219574E-08 2.2023080E-08 3.0943621E-08 2.9533798E-08 3.3475128E-08  295.4703 297.4638 302.1025 298.3715 296.3994 299.6039 302.1613 300.7320 297.0897 299.5142 298.9321 297.3154 293.7078 295.9160 296.0375 295.3199  181.548
1974 3.4608838E-08 3.2391338E-08 1.5631002E-08 7.3374071E-09 3.1550741E-08 2.3207908E-08 7.2747763E-09 1.9207073E-08 2.3679993E-08 1.8276140E-08 1.2838371E-08 2.2878883E-08 2.3805759E-08 2.5315201E-08 2.3989283E-08 2.7977912E-08  294.7849 297.4359 303.1024 298.5241 296.6111 300.7628 304.0869 302.7101 298.1458 301.4422 302.2481 300.3199 295.4750 298.2294 298.7277 297.4482  245.355
1975 2.8246600E-08 3.8871089E-08 2.4664462E-08 9.5730508E-09 3.1724479E-08 3.2026939E-08 1.2847392E-08 2.5297467E-08 2.4542558E-08 2.5166363E-08 1.9189283E-08 2.8967866E-08 2.2320611E-08 3.1235434E-08 3.1712595E-08 3.2160191E-08  294.8470 297.2782 302.2917 298.5814 296.0729 299.7584 302.7521 301.6744 297.1986 299.9792 299.8715 298.2428 294.3025 296.7238 296.8691 296.2413  414.613
1976 3.3907611E-08 3.4694306E-08 1.6788260E-08 7.1811836E-09 2.8331877E-08 2.0826535E-08 6.4302705E-09 2.1114005E-08 2.0905484E-08 1.9881126E-08 1.2604839E-08 2.4413184E-08 1.9545416E-08 2.5790184E-08 2.6617444E-08 2.8706443E-08  295.2098 297.5595 303.0320 298.6007 297.0389 300.7721 303.9314 302.6772 298.6054 301.5006 301.8675 299.9273 295.8975 298.4517 298.5461 297.4715  225.097
1977 2.1068129E-08 4.1552745E-08 2.8841733E-08 9.3077652E-09 2.6942846E-08 3.4711388E-08 1.3860004E-08 2.0786844E-08 2.4690500E-08 2.9509030E-08 2.1342119E-08 3.1895659E-08 2.5227983E-08 3.7280152E-08 3.7065902E-08 4.0191090E-08  295.1371 297.2071 301.8298 298.2113 295.9759 299.2998 302.0628 301.0507 296.3343 298.9123 298.8017 297.4820 292.8983 295.2924 295.6122 295.1736  296.387
1978 2.6091634E-08 4.4180549E-08 2.4690307E-08 8.8709733E-09 3.0943163E-08 3.4122614E-08 1.3910417E-08 2.6093533E-08 2.4733861E-08 2.7161359E-08 2.0429731E-08 3.3708513E-08 2.3904247E-08 3.5566682E-08 3.6290945E-08 3.7461380E-08  295.0558 296.8127 301.8995 298.5409 296.2597 299.5854 302.6822 301.3788 297.1320 299.9604 300.0707 297.9995 293.9560 296.4147 296.6464 295.7517  178.419
1979 2.8459120E-08 3.9968359E-08 2.3155797E-08 7.4704358E-09 2.9558709E-08 2.9427254E-08 1.2008478E-08 1.7341204E-08 2.2053037E-08 2.4603203E-08 1.9491106E-08 2.6667831E-08 2.1276730E-08 3.0863134E-08 3.1247364E-08 3.0855585E-08  294.9035 297.0234 302.2720 298.4207 296.2658 299.7596 302.7469 301.5524 297.3054 300.0491 299.9282 297.9585 294.2817 296.6129 296.6917 295.8415  180.355
1980 2.5586353E-08 3.4998397E-08 2.4248962E-08 6.9589943E-09 2.7812190E-08 3.0528685E-08 1.1657769E-08 2.1519254E-08 2.0451452E-08 2.2446924E-08 1.6450240E-08 2.8690279E-08 2.0319082E-08 2.9595226E-08 2.8756773E-08 3.3368575E-08  295.6755 297.8340 302.7483 298.5260 297.0576 300.5161 303.5344 302.2267 298.0670 300.7583 300.7378 298.6895 294.9205 297.2363 297.2547 296.2746  155.677
1981 2.3440217E-08 3.4662953E-08 2.1418986E-08 8.0579516E-09 2.4966043E-08 2.8640125E-08 1.1541494E-08 1.9645471E-08 2.1212076E-08 2.5535210E-08 1.9909610E-08 2.5424168E-08 2.3541460E-08 3.6510858E-08 3.3911348E-08 3.4095333E-08  295.5568 297.7079 302.5209 298.3791 296.8277 300.2227 302.9395 301.8704 297.6100 300.2708 300.1094 298.5521 294.2631 296.5424 296.7335 296.0866  177.613
1982 2.4651884E-08 3.4633779E-08 1.9972731E-08 7.6236431E-09 2.6167868E-08 2.7549929E-08 9.3292352E-09 1.6481815E-08 2.0433394E-08 2.2688088E-08 1.7390585E-08 2.3855028E-08 2.1269317E-08 3.1061898E-08 2.8453259E-08 2.8762823E-08  295.6533 297.6705 302.3299 298.4433 296.8073 300.1924 302.9962 301.8629 297.6784 300.3173 300.3757 298.5552 294.4902 296.9210 297.1322 296.2903  221.419
1983 2.3279160E-08 4.8626625E-08 3.3545891E-08 8.7692564E-09 3.1041296E-08 3.9810555E-08 1.6459392E-08 2.3334406E-08 2.9499763E-08 3.9123787E-08 2.7045649E-08 3.6427632E-08 3.1715707E-08 4.7699253E-08 4.5095863E-08 4.3188887E-08  294.9059 296.7053 301.3848 298.2943 295.4958 298.5647 301.1572 300.4310 295.8000 297.9876 297.7742 296.6885 292.3312 294.5665 294.9722 294.7032  136.258
1984 2.8769584E-08 3.2581269E-08 1.4760064E-08 6.4778507E-09 2.8590707E-08 2.3398078E-08 5.3293094E-09 1.5031272E-08 2.1647933E-08 2.1155559E-08 1.1467418E-08 2.2073257E-08 2.1943173E-08 2.8481642E-08 2.6852842E-08 3.0482649E-08  295.1635 297.5274 302.8648 298.2294 296.8781 300.5471 303.8040 302.4771 298.0947 301.1010 301.6912 299.6077 295.2670 297.8216 298.2133 297.0586  104.806
1985 3.2689815E-08 3.3943046E-08 1.6364247E-08 8.3471745E-09 2.9037700E-08 2.1861423E-08 6.0776113E-09 2.0569978E-08 1.9123053E-08 1.8118604E-08 1.1908188E-08 2.2855657E-08 2.0148281E-08 2.4971653E-08 2.5084663E-08 2.8223729E-08  295.1710 297.7096 302.9233 298.2787 297.0643 301.0068 304.0595 302.5828 298.4932 301.5048 302.0931 300.0288 295.5254 298.1821 298.6337 297.4192  1506.45
1986 2.3604850E-08 3.5213773E-08 2.1113522E-08 8.1869143E-09 2.7693556E-08 2.8768701E-08 1.0766067E-08 2.0124407E-08 2.2814010E-08 2.8021194E-08 1.7863526E-08 2.6801754E-08 2.2710831E-08 3.5205307E-08 3.2909526E-08 3.3583749E-08  295.3078 297.4273 302.3822 298.4153 296.5126 300.0348 302.9412 301.6248 297.3661 300.1085 300.3211 298.3221 294.1596 296.5682 296.8947 296.0970  143.419
1987 2.2252916E-08 4.6978904E-08 3.5180808E-08 8.5818463E-09 3.0365356E-08 4.3306990E-08 1.8976881E-08 2.2153486E-08 2.6995298E-08 3.6686426E-08 3.0699713E-08 3.5740786E-08 2.8958670E-08 4.2290310E-08 4.3054520E-08 4.5805930E-08  294.9938 296.7694 301.3210 298.3089 295.7255 298.6805 301.6394 300.8534 295.9609 298.3364 298.3901 297.1811 292.6143 295.0358 295.4199 294.8916  538.161
1988 2.1520385E-08 4.3120252E-08 2.5316449E-08 8.2940552E-09 2.6102278E-08 3.1441349E-08 9.8803321E-09 1.8153548E-08 2.0494808E-08 2.6440137E-08 1.8007265E-08 2.9003756E-08 2.4026917E-08 3.6528892E-08 3.3799630E-08 3.7161012E-08  296.1368 297.8785 302.4448 298.0806 297.1617 300.3749 303.0439 301.7251 297.7153 300.2015 299.7839 298.3045 294.2173 296.2675 296.3198 295.8278  272.129
1989 3.0285889E-08 3.4290959E-08 1.8229079E-08 8.3867979E-09 3.3205286E-08 2.6440514E-08 7.7353102E-09 2.6556473E-08 2.3211879E-08 2.1061524E-08 1.4727213E-08 3.0426353E-08 2.3317485E-08 2.8910376E-08 2.8748941E-08 3.3624890E-08  294.9283 297.6159 303.0330 298.4932 296.4744 300.5529 303.8544 302.2260 297.8492 300.8250 301.4059 299.2584 295.1097 297.4967 297.7653 296.6762  225.774
1990 2.5802738E-08 4.0052459E-08 2.8809140E-08 9.0168824E-09 3.0599637E-08 3.3842110E-08 1.6661389E-08 2.2913671E-08 2.6567159E-08 2.8979667E-08 2.1912983E-08 3.3252398E-08 2.8301177E-08 3.7351040E-08 3.4921253E-08 3.6782854E-08  294.7768 296.9415 301.8076 298.6681 295.7389 299.1624 302.2081 301.4054 296.4960 299.1714 299.1308 297.7617 293.3958 295.8831 296.1624 295.5878  156.935
1991 2.4754018E-08 3.9392948E-08 2.3776799E-08 8.3753458E-09 2.7081830E-08 2.9113961E-08 1.0620095E-08 1.8102352E-08 2.1069607E-08 2.5585079E-08 1.9814758E-08 2.4547775E-08 2.2205461E-08 3.3497130E-08 3.3413560E-08 3.3668705E-08  295.3273 297.2259 301.9734 298.5073 296.4381 299.7593 302.4265 301.2547 297.1939 299.7770 299.4748 297.7203 293.9047 296.2535 296.3187 295.5824  223.387
1992 2.3210095E-08 4.4442995E-08 2.9351193E-08 7.1039716E-09 3.5225817E-08 4.1742560E-08 1.6666563E-08 2.1161622E-08 3.0754322E-08 3.7057813E-08 2.7320343E-08 3.1664616E-08 2.9894100E-08 4.4987662E-08 4.1286494E-08 3.8042323E-08  294.9705 296.9128 301.3194 298.2767 295.5230 298.6704 301.2621 300.5090 295.9075 298.1936 297.9257 297.0929 292.7101 295.0128 295.4615 295.2096  842.774
1993 2.8234453E-08 4.8995144E-08 3.6477843E-08 1.0071572E-08 3.7162792E-08 4.0592351E-08 2.0590763E-08 2.9584516E-08 2.7603219E-08 3.1649371E-08 2.7910041E-08 4.1343696E-08 2.6574332E-08 3.7135809E-08 4.0173017E-08 4.1976985E-08  294.5997 296.5366 301.2978 298.4713 295.2576 298.5586 301.6964 300.7526 295.7610 298.3453 298.5050 297.0218 292.5081 295.1328 295.4715 294.8994  326.871
1994 2.5218577E-08 4.5374179E-08 2.9713245E-08 9.0315595E-09 3.2829078E-08 3.8904147E-08 1.4839276E-08 2.3518131E-08 2.8214163E-08 3.2640521E-08 2.7195483E-08 3.5958386E-08 2.8975313E-08 4.1339202E-08 3.8349231E-08 4.1002743E-08  294.7046 296.5864 301.5617 298.2166 295.5313 298.7606 301.9850 301.0602 296.0229 298.6325 298.8348 297.3560 292.9048 295.3613 295.7592 295.2824  171.419
1995 1.8547960E-08 4.0061980E-08 3.3251041E-08 9.9439346E-09 2.5737959E-08 3.8122923E-08 1.9376913E-08 2.5467598E-08 2.3225668E-08 3.4667753E-08 3.0581582E-08 4.2126718E-08 2.6729124E-08 4.2886533E-08 4.3440895E-08 4.6317503E-08  295.1696 297.2615 301.5287 298.4121 295.9019 299.0872 301.7896 300.7799 296.3032 298.6559 298.6182 297.3322 292.7065 295.3616 295.6613 295.1530  253.613
1996 2.5383850E-08 3.9350279E-08 2.1788880E-08 8.8312193E-09 2.8881210E-08 3.0882692E-08 9.9787831E-09 1.7041520E-08 2.2641631E-08 2.6932716E-08 1.7961508E-08 2.5394892E-08 2.5234289E-08 3.3898161E-08 3.1741298E-08 3.3507618E-08  295.5769 297.5214 302.4907 298.4499 296.7621 300.1142 303.0546 301.9941 297.6753 300.3117 300.4069 298.6836 294.5632 296.9259 297.0407 296.2986  127.29
1997 2.3876712E-08 4.3331926E-08 2.5994376E-08 7.6038278E-09 2.9094615E-08 3.5572008E-08 1.3317860E-08 2.0155284E-08 2.4380691E-08 2.9008024E-08 2.1795993E-08 3.4065604E-08 2.4297107E-08 3.5090512E-08 3.6646359E-08 3.9276266E-08  295.4102 297.2891 302.1927 298.6273 296.4023 299.6996 302.6476 301.6442 297.1191 299.6840 299.4629 297.7782 294.0500 296.2823 296.2427 295.5168  147.29
1998 2.1541506E-08 4.2032518E-08 3.0023450E-08 8.7655536E-09 3.0647342E-08 3.6827540E-08 1.5171304E-08 2.1442334E-08 2.7247394E-08 3.4817191E-08 2.6507609E-08 3.4420619E-08 2.8171000E-08 4.3551573E-08 4.4742439E-08 4.3968129E-08  295.5588 297.5043 302.1947 298.1359 296.0804 299.2669 301.8749 300.7268 296.4734 298.5468 298.1980 296.9608 292.9341 294.9893 295.0913 294.6705  262.548
1999 2.4047944E-08 2.9984392E-08 1.4756401E-08 6.8822890E-09 2.6209891E-08 2.0585905E-08 6.4298757E-09 1.7042211E-08 1.8696920E-08 1.7676783E-08 1.2273538E-08 2.3058201E-08 2.0260893E-08 2.7145120E-08 2.6989632E-08 2.9205141E-08  295.5737 298.2156 303.4427 298.1504 297.1984 301.3448 304.2093 302.8649 298.6954 301.8669 302.3135 300.2983 295.8712 298.5464 298.7935 297.6695  228.452
2000 3.2840070E-08 3.2816750E-08 1.5121936E-08 8.0470617E-09 2.9063109E-08 2.2811154E-08 5.4376219E-09 1.2161113E-08 1.8088157E-08 1.7899621E-08 1.1313021E-08 1.8295870E-08 1.5888165E-08 2.2707047E-08 2.2711410E-08 2.5304178E-08  295.0838 297.8756 303.3481 298.8555 297.1380 301.2416 304.3192 303.2380 299.0625 302.2533 302.7389 300.9169 296.6035 299.3259 299.5949 298.4794  143.129
2001 2.9211977E-08 3.4564152E-08 1.8230446E-08 9.0591792E-09 2.6795933E-08 2.3684711E-08 8.1329201E-09 1.6388356E-08 1.9457213E-08 2.1172644E-08 1.5739227E-08 2.5097400E-08 1.9386167E-08 2.6743786E-08 2.7791529E-08 3.4053805E-08  295.3221 297.7422 302.8314 298.6663 297.0979 300.8604 303.6730 302.5237 298.6862 301.5316 301.5390 299.3139 295.9150 298.3948 298.3855 297.1445  524.032
2002 2.9087794E-08 3.9396735E-08 2.3139604E-08 9.9308641E-09 3.2227646E-08 3.0777198E-08 1.1533565E-08 2.1555488E-08 2.2868694E-08 2.4594408E-08 1.8758582E-08 2.6393732E-08 2.2770346E-08 3.1427433E-08 3.2945803E-08 3.4662612E-08  294.9629 297.2128 302.3753 298.6871 296.2505 300.0325 303.2574 301.8875 297.3925 300.4989 300.8031 298.8017 294.6084 297.1876 297.4454 296.5784  235.258
2003 2.4694726E-08 4.5149179E-08 3.2254263E-08 9.1574863E-09 3.4525691E-08 4.0427349E-08 1.9130358E-08 2.3559192E-08 2.8402273E-08 3.5929499E-08 3.0800528E-08 3.9358909E-08 2.7851703E-08 4.2573227E-08 4.5652172E-08 4.7839119E-08  294.7884 296.9614 301.5721 297.7677 295.4657 298.8344 301.5124 300.5126 295.9211 298.3134 298.1725 297.0148 292.7291 295.1573 295.3897 294.9824  180.839
2004 2.1748804E-08 3.7813471E-08 2.2333627E-08 8.3263068E-09 2.5640356E-08 2.9300580E-08 8.0897244E-09 1.9556596E-08 1.9717390E-08 2.5894309E-08 1.8034745E-08 2.7269872E-08 2.0457088E-08 3.3014306E-08 3.1288980E-08 3.5411553E-08  295.9550 297.9872 302.7246 298.3043 297.1374 300.6331 303.6736 302.2261 297.8208 300.6362 300.8249 299.0447 294.7737 297.2384 297.5212 296.6527  171.452
2005 2.1902551E-08 3.7408288E-08 2.1392060E-08 8.6361114E-09 2.8665413E-08 2.9009444E-08 1.1008432E-08 1.6222868E-08 2.0318947E-08 2.4940830E-08 2.0001156E-08 2.2503142E-08 2.1267374E-08 3.2696658E-08 3.3414427E-08 3.4077303E-08  295.8365 297.6707 302.1066 298.4556 296.6985 299.8310 302.4501 301.3983 297.1917 299.6234 299.3316 298.0503 293.7951 296.2059 296.3163 295.6884  312.839
2006 2.8257572E-08 3.9389136E-08 1.9034188E-08 7.8391897E-09 3.1287868E-08 3.0846397E-08 1.0263115E-08 1.4546038E-08 2.3399744E-08 2.8077226E-08 1.8870450E-08 2.1844519E-08 2.4055961E-08 3.6084895E-08 3.5155452E-08 3.4595420E-08  295.4324 297.7048 302.6829 298.4182 296.3727 299.9565 302.9482 301.9205 297.4023 300.0101 300.1000 298.6943 294.4566 296.7857 296.8816 296.3063  130.935
2007 2.7602047E-08 3.6282671E-08 1.8906668E-08 7.6896933E-09 2.7742692E-08 2.9541180E-08 9.4693764E-09 1.1257516E-08 2.0559797E-08 2.3009626E-08 1.6527595E-08 2.2062780E-08 1.6837779E-08 3.0035725E-08 2.8676043E-08 3.2349764E-08  295.8459 298.0487 302.6574 298.2996 297.1426 300.2985 302.8885 301.7664 297.8374 300.2471 299.7435 298.3040 294.9175 297.0080 296.8578 296.1097  138.613
2008 3.2490064E-08 3.8710585E-08 2.0222563E-08 8.6753298E-09 2.9494995E-08 2.8550529E-08 1.1242164E-08 1.9167619E-08 2.1023517E-08 1.8766698E-08 1.6814921E-08 2.6026878E-08 1.9624805E-08 2.3435010E-08 2.4130840E-08 2.8712893E-08  294.6849 297.3360 302.9143 298.6804 296.3942 300.3758 303.6913 302.8313 297.9188 301.0684 301.4805 300.0063 295.3517 298.1318 298.4388 297.4990  207.548
2009 2.5223244E-08 3.4250647E-08 1.5414333E-08 8.0790148E-09 2.7245180E-08 2.4233223E-08 8.5168272E-09 2.4276025E-08 2.0532443E-08 2.2320704E-08 1.4440754E-08 3.0427984E-08 1.9208153E-08 2.8955863E-08 2.7053067E-08 3.1934942E-08  295.5730 297.5443 302.6023 298.5790 296.9577 300.4867 303.3186 302.0240 298.3167 300.9515 301.0923 298.8205 295.5963 297.8002 297.8834 296.7646  104.71
2010 2.4218314E-08 3.5531254E-08 1.9080565E-08 6.7601507E-09 2.8424298E-08 2.9578150E-08 9.8299395E-09 1.5028215E-08 2.2090077E-08 2.6826536E-08 1.8837827E-08 2.3828987E-08 2.1213538E-08 3.2064708E-08 3.3139631E-08 3.5443847E-08  0.0000000E+00 0.0000000E+00 0.0000000E+00 0.0000000E+00 0.0000000E+00 0.0000000E+00 0.0000000E+00 0.0000000E+00 0.0000000E+00 0.0000000E+00 0.0000000E+00 0.0000000E+00 0.0000000E+00 0.0000000E+00 0.0000000E+00 0.0000000E+00  523.548
2011 2.3450925E-08 2.8085976E-08 1.1972934E-08 7.9658404E-09 2.2112141E-08 1.7365156E-08 4.5161226E-09 1.4049540E-08 1.5491187E-08 1.6542710E-08 9.9545527E-09 1.8832251E-08 1.5325476E-08 2.0553635E-08 2.0730688E-08 2.5760542E-08  296.2116 298.6420 303.9583 298.6429 298.1210 302.0049 304.7579 303.3052 299.6812 302.6290 303.1161 301.1694 296.8731 299.3826 299.7287 298.5845  122.71
2012 2.7302278E-08 3.2036674E-08 1.7470681E-08 7.6909386E-09 2.6105409E-08 2.3127603E-08 7.9268965E-09 1.9407922E-08 1.8550349E-08 2.0653415E-08 1.6512770E-08 2.6687376E-08 2.0539058E-08 2.6688166E-08 3.0625785E-08 3.3859294E-08  295.5005 298.0319 303.1613 298.6391 297.2196 300.9261 303.7254 302.3150 298.4110 301.1583 300.9313 298.9306 295.3017 297.6785 297.4696 296.3945  124.29
2013 2.3354882E-08 3.8182939E-08 2.2978547E-08 9.3547214E-09 2.5878354E-08 3.0356372E-08 1.1452308E-08 2.1295284E-08 2.0309216E-08 2.4266672E-08 1.7142357E-08 2.4381658E-08 2.0335372E-08 3.2523786E-08 3.0081711E-08 2.9586349E-08  295.6378 297.5062 302.3174 298.5534 296.8545 300.0854 302.8196 301.7033 297.8780 300.4091 300.1993 298.3649 294.8881 297.1132 297.1305 296.2539  91.871
2014 2.5538837E-08 3.9369109E-08 2.0141075E-08 7.5372650E-09 2.7698944E-08 2.9127923E-08 1.0320027E-08 1.9140172E-08 2.3271214E-08 2.6746315E-08 1.8425778E-08 2.6361734E-08 2.1518540E-08 3.3069856E-08 3.0881829E-08 3.0870794E-08  295.2946 297.2953 302.1252 298.5652 296.6065 299.9809 302.8639 301.7889 297.4842 300.2871 300.3075 298.6862 294.7448 297.1776 297.4729 296.7872  91.0323
2015 2.7701038E-08 3.8689922E-08 1.9694802E-08 7.5970794E-09 2.9268023E-08 3.0567712E-08 1.2312050E-08 1.5921080E-08 2.1629146E-08 2.7681804E-08 2.1924565E-08 2.7919487E-08 2.2614822E-08 3.3337159E-08 3.4379468E-08 3.5578847E-08  295.3558 297.1247 301.9797 297.9516 296.3646 299.4645 302.3363 301.4761 297.0272 299.4510 299.3966 298.0268 293.9246 296.3629 296.5587 296.0727  82.9032
