STN,prec_1,prec_2,prec_3,prec_4,prec_5,prec_6,prec_7,prec_8,prec_9,prec_10,prec_11,prec_12,prec_13,prec_14,prec_15,prec_16,st_1,st_2,st_3,st_4,st_5,st_6,st_7,st_8,st_9,st_10,st_11,st_12,st_13,st_14,st_15,st_16,02.0
LAT,26.51077,26.51077,26.51077,26.51077,29.30136,29.30136,29.30136,29.30136,32.09194,32.09194,32.09194,32.09194,34.88252,34.88252,34.88252,34.88252,26.51077,26.51077,26.51077,26.51077,29.30136,29.30136,29.30136,29.30136,32.09194,32.09194,32.09194,32.09194,34.88252,34.88252,34.88252,34.88252,30.7512899
LON,-104.0625,-101.2500,-98.43750,-95.62500,-104.0625,-101.2500,-98.43750,-95.62500,-104.0625,-101.2500,-98.43750,-95.62500,-104.0625,-101.2500,-98.43750,-95.62500,-104.0625,-101.2500,-98.43750,-95.62500,-104.0625,-101.2500,-98.43750,-95.62500,-104.0625,-101.2500,-98.43750,-95.62500,-104.0625,-101.2500,-98.43750,-95.62500,-98.6697599
1958 4.2633204E-08 1.9366349E-08 9.6125508E-09 1.1212211E-08 2.9370518E-08 8.2749683E-09 3.3529204E-09 3.1828591E-08 1.7066602E-08 7.5682314E-09 7.5453475E-09 3.0399207E-08 1.8844013E-08 1.6669759E-08 1.7652519E-08 2.4219975E-08  297.1731 300.4952 305.8018 300.9426 300.0455 304.3403 307.1642 304.4847 302.4482 305.4075 305.5177 302.7003 300.7891 302.9436 303.3102 301.6550  1679.86
1959 4.5706486E-08 1.8458316E-08 5.8407617E-09 9.7912816E-09 2.8317970E-08 6.5141443E-09 1.2783593E-09 2.0565503E-08 1.8473262E-08 5.8350467E-09 5.1092832E-09 2.3313120E-08 1.5823789E-08 1.2038084E-08 1.2638291E-08 2.1391871E-08  296.5615 300.5424 306.2729 300.8475 299.9690 304.8214 307.7783 305.4584 302.5631 306.1199 306.5573 304.0375 301.2847 304.0893 304.6296 302.8972  206.321
1960 5.2437422E-08 1.4162246E-08 5.3662257E-09 1.1111843E-08 2.9467671E-08 5.0029967E-09 2.0068702E-09 2.1184752E-08 1.6831210E-08 5.2830909E-09 3.4711374E-09 1.8332264E-08 1.6934063E-08 1.2474322E-08 1.1582880E-08 1.8466631E-08  296.1677 300.8550 306.6840 300.9138 300.0334 305.2446 308.0282 305.5747 302.9456 306.5771 307.0951 304.4102 301.5632 304.3945 305.1748 303.3396  499.621
1961 5.1319290E-08 2.2034477E-08 5.8034346E-09 1.0224320E-08 3.1547863E-08 8.6183736E-09 3.2623497E-09 2.7354949E-08 1.8824892E-08 6.0712853E-09 6.1794845E-09 2.4554316E-08 2.0069356E-08 1.3356932E-08 1.3241990E-08 2.3149923E-08  296.3178 300.4495 306.4893 300.9497 299.8221 304.6954 307.7316 305.5551 302.6310 306.1212 306.8419 304.2906 301.2995 304.2010 304.7832 303.0881  865.25
1962 5.4669290E-08 1.9716042E-08 4.6829274E-09 1.0315383E-08 3.4641392E-08 8.5305629E-09 3.4068162E-09 2.5163450E-08 2.0944562E-08 7.3129369E-09 9.0607948E-09 2.8456741E-08 2.1228567E-08 1.5467332E-08 1.9121739E-08 2.7702058E-08  296.0389 300.7184 306.7394 300.9450 299.4828 304.9814 307.9187 305.4724 302.3697 306.3636 306.9172 304.0697 300.9881 304.1097 304.7755 302.8212  157.75
1963 5.7193741E-08 2.1205794E-08 7.6044202E-09 1.2213206E-08 3.6052271E-08 8.4039629E-09 4.1712984E-09 2.5034883E-08 1.8746878E-08 7.0527739E-09 5.8944134E-09 2.5105837E-08 2.1273349E-08 1.6927901E-08 1.7278982E-08 2.6353918E-08  295.8178 300.2504 306.4375 300.9432 299.3813 304.6635 307.7954 305.7384 302.4703 306.3658 307.2749 304.8395 300.9674 304.0828 305.2000 303.4946  105.214
1964 4.1044832E-08 1.3380909E-08 4.9925188E-09 9.4505852E-09 2.6221349E-08 4.0315675E-09 1.2867084E-09 3.1744374E-08 1.7069919E-08 4.6242365E-09 5.1286673E-09 2.6446445E-08 2.0671120E-08 1.4726132E-08 1.6076433E-08 2.3784281E-08  297.2621 301.0002 306.5144 300.9467 300.4871 305.1248 307.9265 305.2746 302.9852 306.2787 306.7208 303.6045 301.3516 303.8144 304.2817 302.3972  161.517
1965 5.2419377E-08 1.8390169E-08 5.7483254E-09 1.0002184E-08 3.2366092E-08 6.9557826E-09 2.7123062E-09 2.6200487E-08 1.9000707E-08 7.7234974E-09 7.5219333E-09 3.2640077E-08 2.0572047E-08 1.7277046E-08 1.8799357E-08 2.9293510E-08  296.1356 300.5211 306.4343 300.7933 299.8134 304.7368 307.7387 305.3702 302.7704 306.1048 306.5110 303.4523 300.9775 303.6682 304.1445 302.1605  786.786
1966 4.8388596E-08 1.8472265E-08 4.7734217E-09 9.4275920E-09 3.2674365E-08 7.7631137E-09 2.2391662E-09 2.2437389E-08 2.0400741E-08 7.0756876E-09 6.4477477E-09 2.5557766E-08 2.0495351E-08 1.5422028E-08 1.6009265E-08 2.5782127E-08  296.3471 300.3081 305.8639 300.7922 299.7028 304.3893 307.3805 304.9319 302.0828 305.4857 305.9209 303.4066 300.3573 303.0526 303.7480 302.1056  111.893
1967 5.2876029E-08 1.9186050E-08 5.4605791E-09 1.1012236E-08 3.3528217E-08 8.8660492E-09 4.2500647E-09 3.2718702E-08 2.2031845E-08 7.9443856E-09 1.0697087E-08 3.2321580E-08 2.4026868E-08 1.9413575E-08 2.2522199E-08 2.9407770E-08  296.2417 300.6025 306.4897 300.8938 299.5993 304.7944 307.7087 304.9805 302.3031 305.9828 306.3795 303.5442 300.5851 303.3321 303.9752 302.3185  103.393
1968 5.5103040E-08 2.1831820E-08 8.3089189E-09 1.2097019E-08 3.7109956E-08 8.9584198E-09 2.7967533E-09 2.5262494E-08 2.2425727E-08 7.0907324E-09 6.8686061E-09 2.8442519E-08 2.2942846E-08 1.6307062E-08 1.8024814E-08 2.7717199E-08  295.6013 299.9280 305.9079 300.9930 298.8775 304.2567 307.6259 305.3796 301.7589 305.6725 306.5241 303.8974 300.3465 303.3651 303.9459 302.4062  500.034
1969 4.1336460E-08 1.5010318E-08 4.1681569E-09 9.9415907E-09 2.8756325E-08 7.3029631E-09 3.4157208E-09 3.3978839E-08 1.8757266E-08 7.2207182E-09 8.6780396E-09 2.9673345E-08 1.9459064E-08 1.6249283E-08 1.5944565E-08 2.1669042E-08  297.0800 300.8586 306.2483 301.2036 299.8847 304.4906 307.4293 304.9591 302.2299 305.3280 305.4669 303.1375 300.5823 302.9254 303.3113 301.9752  135.107
1970 5.1498958E-08 1.8271216E-08 6.5464838E-09 1.1180504E-08 3.2287545E-08 7.9614706E-09 3.5987815E-09 2.8814428E-08 1.9179616E-08 5.8059526E-09 5.8391154E-09 2.5266099E-08 1.8972253E-08 1.5270187E-08 1.4131759E-08 2.2090141E-08  296.2253 300.3362 306.0035 300.8378 299.5205 304.2693 307.3861 305.0651 302.1084 305.4930 305.9071 303.5108 300.6261 303.1073 303.6608 302.0821  534.143
1971 4.7052662E-08 1.5848498E-08 6.0015140E-09 1.4762437E-08 2.6235423E-08 5.0999138E-09 3.7958352E-09 3.3467657E-08 1.7441716E-08 5.3310494E-09 9.1536023E-09 3.3439040E-08 1.9950255E-08 1.6401899E-08 1.8259209E-08 2.8976391E-08  296.2610 300.5572 306.4677 301.0349 299.8967 305.0203 307.7811 305.1214 302.7731 306.4992 306.9720 304.0372 301.1121 304.1714 304.9731 303.1845  134.571
1972 4.8237361E-08 1.9791678E-08 6.8212560E-09 1.2875883E-08 2.9528842E-08 7.5925470E-09 2.4626912E-09 2.7215604E-08 1.8402535E-08 7.3085888E-09 6.0308820E-09 2.6917979E-08 2.0110797E-08 1.5919053E-08 1.6752518E-08 2.4427703E-08  295.9020 300.0678 305.8785 300.8649 299.5242 304.3534 307.4096 305.1661 302.3406 305.6900 306.1830 303.5878 300.6847 303.4808 304.0962 302.5804  254.31
1973 4.4857980E-08 1.9479689E-08 6.0720713E-09 1.1702543E-08 2.8990355E-08 9.0215124E-09 3.9896246E-09 3.0195952E-08 1.7591821E-08 6.2695742E-09 7.8480307E-09 2.9016718E-08 1.8957094E-08 1.4325242E-08 1.4123294E-08 2.4622141E-08  296.5851 300.3208 305.7144 300.9258 299.5661 303.9851 306.9745 304.4401 302.2216 305.3139 305.5322 302.8581 300.6177 302.9796 303.4599 301.7939  307.714
1974 5.9733630E-08 1.7945062E-08 4.5370077E-09 1.2734428E-08 3.7870567E-08 8.2992351E-09 2.3286026E-09 2.2110029E-08 2.5104898E-08 7.5767455E-09 7.2709394E-09 2.5622695E-08 2.4897640E-08 1.5874171E-08 1.7539284E-08 2.9179066E-08  295.0835 300.3541 306.8247 300.9369 298.8843 304.8934 308.0194 305.4799 301.9837 306.4710 307.4621 304.9302 300.5556 304.3770 305.8703 304.3104  185.357
1975 4.9435396E-08 2.1012797E-08 5.6281744E-09 1.1445473E-08 3.0041921E-08 1.0325483E-08 4.4719637E-09 2.6456986E-08 1.8203362E-08 8.4650207E-09 8.6007672E-09 2.8860180E-08 1.9496861E-08 1.5918205E-08 1.7571523E-08 2.4788140E-08  295.9602 300.2353 306.2702 301.0038 299.4423 304.5271 307.6404 305.4392 302.2805 305.8466 306.5687 303.9507 300.6818 303.5642 304.0864 302.5504  984.643
1976 5.4664124E-08 1.9044995E-08 4.3366919E-09 1.2379138E-08 3.1660026E-08 8.6781835E-09 2.8493639E-09 2.5676048E-08 2.1642155E-08 7.4760536E-09 6.8753652E-09 2.3822579E-08 2.0603483E-08 1.5793299E-08 1.5574258E-08 2.4415957E-08  295.2655 300.2174 306.6419 300.9328 299.3111 304.9136 307.9536 305.6075 302.3935 306.4886 307.3806 305.0884 300.8477 304.3081 305.3445 303.6996  204.31
1977 4.6805880E-08 2.2953316E-08 8.7512841E-09 1.0637246E-08 3.0902978E-08 8.0954985E-09 2.6424298E-09 2.9016233E-08 1.9769510E-08 7.0897381E-09 6.7410975E-09 3.3211258E-08 2.0612161E-08 1.6740433E-08 1.8543769E-08 2.9092226E-08  296.5079 300.0889 305.4940 300.7803 299.5027 303.8849 306.9363 304.5759 301.7643 304.9908 304.8069 302.4065 300.0667 302.4870 302.6700 301.2570  327.964
1978 5.0527152E-08 1.9537433E-08 5.7199774E-09 1.0675071E-08 3.2670780E-08 8.1607210E-09 2.7735554E-09 2.7633726E-08 2.3439783E-08 7.7339806E-09 7.5303710E-09 3.3381262E-08 2.3620675E-08 1.9452685E-08 2.0741311E-08 2.9577954E-08  296.0225 300.5048 306.1437 300.9337 299.2460 304.5555 307.7719 304.9984 301.6277 305.4930 306.1641 302.8842 300.0059 302.6618 303.1126 301.5335  187.75
1979 4.5254783E-08 1.7839149E-08 5.6950737E-09 8.7510177E-09 2.7575574E-08 6.2471508E-09 2.0097242E-09 1.9247743E-08 1.7121183E-08 5.4722551E-09 6.2061436E-09 2.1354079E-08 1.7344316E-08 1.2381657E-08 1.3337938E-08 2.1437803E-08  296.8308 300.9087 306.3618 300.9259 300.3025 305.0954 307.8102 305.5830 302.9363 306.4115 306.6202 304.0124 301.3933 304.2415 304.7168 302.7371  322.929
1980 5.9239593E-08 1.7625425E-08 4.6065884E-09 1.0064856E-08 3.5848700E-08 6.7979529E-09 2.0708488E-09 2.3509402E-08 2.0661696E-08 5.8486886E-09 4.8945874E-09 2.4497643E-08 2.0372287E-08 1.5812244E-08 1.4407334E-08 2.4078583E-08  295.7455 300.2899 306.2942 300.9780 299.3575 304.5404 307.7937 305.3131 302.3515 306.0674 306.8333 304.0808 301.1545 303.9423 304.8155 303.0158  137.966
1981 4.9744521E-08 1.6185675E-08 5.2359583E-09 1.0765081E-08 3.1355750E-08 5.6294849E-09 3.7520689E-09 3.0327435E-08 1.7915699E-08 5.1199494E-09 7.2451769E-09 3.0691144E-08 2.0740115E-08 1.4777854E-08 1.6087402E-08 2.9068776E-08  296.3593 300.7183 306.3440 300.8667 299.9246 304.9058 307.7558 305.2666 302.7161 306.2077 306.9156 304.1631 301.3262 304.1274 304.9604 303.0857  166.679
1982 5.3636391E-08 1.7783560E-08 9.5283745E-09 1.2382472E-08 3.5267039E-08 6.4293708E-09 3.8855195E-09 3.0861766E-08 2.1169015E-08 5.9561258E-09 7.5630275E-09 2.8859951E-08 1.8501645E-08 1.4388650E-08 1.5069354E-08 2.2706859E-08  295.8399 300.3041 305.9011 300.9053 299.2541 304.6536 307.6223 305.2297 302.2859 305.9800 306.4394 303.8296 301.1837 303.9734 304.5599 303.0688  223.357
1983 3.9297852E-08 2.0584952E-08 6.9475115E-09 1.0142731E-08 3.0731933E-08 9.4744008E-09 3.2476932E-09 2.6181533E-08 2.2240704E-08 1.0490772E-08 6.7781980E-09 3.1677363E-08 2.3065015E-08 2.0719838E-08 1.9832042E-08 2.9182591E-08  297.1373 300.2621 305.3583 300.8547 299.5003 303.7855 306.6120 304.3389 301.4451 304.3206 303.9086 301.6505 299.3047 301.5629 301.7332 300.4229  239.607
1984 5.3707328E-08 1.9537717E-08 5.4859797E-09 1.1008479E-08 3.3928586E-08 8.6568201E-09 2.5802327E-09 2.8730655E-08 2.1929534E-08 7.0656250E-09 6.2061596E-09 3.3394095E-08 2.1721476E-08 1.5635869E-08 1.5663625E-08 2.6824551E-08  295.2836 299.9143 306.0427 300.7050 299.0487 304.4839 307.5849 304.8118 301.9350 305.8810 306.5216 303.2561 300.6437 303.7293 304.4450 302.8223  95.0345
1985 6.0478150E-08 2.3383734E-08 5.6266281E-09 9.5205905E-09 3.5507473E-08 7.9017690E-09 2.8796650E-09 2.6835867E-08 2.1175310E-08 6.2625518E-09 4.5384669E-09 2.5841006E-08 2.0949381E-08 1.4449711E-08 1.4822782E-08 2.3751019E-08  295.3210 299.8914 306.4070 300.8251 299.1160 304.6947 307.8376 305.3232 302.4187 306.4343 307.4179 304.6758 300.9504 304.3994 305.5037 303.6698  422.75
1986 5.3998292E-08 1.9821096E-08 5.5326370E-09 1.0515404E-08 3.4623380E-08 7.2356818E-09 2.2324176E-09 2.4390962E-08 1.8844442E-08 7.0300565E-09 6.4847594E-09 2.5742136E-08 1.9132157E-08 1.5589212E-08 1.5603215E-08 2.3537186E-08  295.9361 300.0838 305.8831 300.8973 299.2899 304.3759 307.5708 305.2929 302.2892 305.8817 306.6489 304.0624 301.0268 304.0792 305.0307 303.4970  479.536
1987 4.1623956E-08 1.7046398E-08 6.5637731E-09 8.3228962E-09 3.3612796E-08 1.0760613E-08 4.0569690E-09 2.9046449E-08 2.1906690E-08 8.8270697E-09 9.2971550E-09 2.8261466E-08 2.0387883E-08 1.7432944E-08 1.6401060E-08 2.5050538E-08  296.6674 300.3215 305.6963 300.8917 299.0930 303.6864 306.9816 304.6978 301.2582 304.7389 305.0200 302.7280 299.8631 302.4285 302.9608 301.5160  504.214
1988 4.5116199E-08 1.4988695E-08 4.1114618E-09 9.0668077E-09 3.3006085E-08 7.3638065E-09 1.3397844E-09 2.0765004E-08 2.1799325E-08 8.6171195E-09 5.2412634E-09 2.4988745E-08 2.1508605E-08 1.8660183E-08 1.7404968E-08 2.7444896E-08  296.5426 300.8226 306.1497 300.7138 299.5829 304.6875 307.5910 305.3976 302.0959 305.6627 306.2357 303.7499 300.5579 303.1596 303.8767 302.2756  257.517
1989 5.7172620E-08 2.1849914E-08 8.4313081E-09 1.2556566E-08 3.5478099E-08 8.8809529E-09 2.6542415E-09 2.6232415E-08 2.1280750E-08 7.0759896E-09 7.0589543E-09 2.7578869E-08 1.9988121E-08 1.4611259E-08 1.6075257E-08 2.6476400E-08  295.1225 299.9509 306.2190 300.8892 298.8692 304.6666 307.7124 305.2490 302.2131 306.4605 307.2170 304.7899 300.8752 304.6602 306.0471 304.5834  338.857
1990 4.5375494E-08 1.9385123E-08 5.7003544E-09 9.7469091E-09 3.1085406E-08 9.4066053E-09 1.9187758E-09 2.2900268E-08 2.0448338E-08 9.0279286E-09 7.3618183E-09 2.6930959E-08 2.0175314E-08 1.7796470E-08 1.9058001E-08 2.8366783E-08  296.5417 300.4935 306.1242 301.0370 299.6750 304.5336 307.8069 305.5692 302.2339 305.6301 306.4373 303.9492 300.5269 303.2555 303.9397 302.6291  214.179
1991 4.6815970E-08 2.0474406E-08 6.8367041E-09 1.1054734E-08 3.0679484E-08 9.6773665E-09 2.9931968E-09 2.7262850E-08 1.9362185E-08 9.5434842E-09 7.7983806E-09 2.6108092E-08 2.2428582E-08 1.8212297E-08 1.7295248E-08 2.6192028E-08  296.4542 300.1083 305.5582 301.0072 299.5989 304.0294 307.2401 304.7464 302.1195 305.2377 305.8037 303.0546 300.4615 302.9589 303.4955 302.0361  188.929
1992 4.3379231E-08 1.8265649E-08 6.1709340E-09 1.0014538E-08 3.0559114E-08 8.6448004E-09 3.3601621E-09 2.2197559E-08 1.9645796E-08 8.5509022E-09 7.4643767E-09 2.6012085E-08 2.1691580E-08 2.0783277E-08 2.1133406E-08 2.9119843E-08  296.7023 300.4906 305.6221 300.7935 299.7272 304.2738 307.0793 304.5430 301.8587 305.1715 305.0266 302.5357 299.7776 302.1457 302.4395 301.0591  3753.69
1993 4.7192362E-08 2.2650690E-08 7.1957249E-09 1.2377248E-08 3.2578654E-08 9.6237471E-09 3.7586667E-09 2.6830170E-08 2.1470912E-08 7.5146795E-09 5.8185243E-09 2.6818400E-08 2.1807249E-08 1.7124169E-08 1.8048103E-08 2.7008321E-08  296.2849 300.1621 305.5417 300.8930 299.4321 304.1092 306.9473 304.4337 301.7722 305.2737 305.4804 302.8378 300.2010 303.0534 303.7047 302.1158  437.679
1994 4.8008570E-08 2.0701293E-08 5.8968874E-09 1.0923444E-08 3.2148176E-08 8.6112824E-09 2.3957785E-09 2.8941455E-08 2.0147422E-08 8.2554772E-09 7.5745312E-09 2.9003189E-08 2.1477339E-08 1.6523407E-08 1.7935339E-08 2.8124800E-08  296.0428 300.0978 305.7870 300.7139 299.3195 304.1862 307.3077 304.6679 301.7400 305.2186 305.6938 302.7295 300.1292 302.8031 303.1549 301.3571  193.071
1995 4.3843247E-08 1.7919668E-08 4.9788258E-09 1.0153304E-08 3.0117977E-08 8.0073219E-09 2.2547335E-09 2.6948733E-08 2.0599250E-08 7.9447817E-09 6.3289711E-09 2.8928531E-08 2.2190783E-08 1.8100453E-08 1.8670038E-08 2.6719938E-08  296.4503 300.2029 305.6409 301.0054 299.4225 304.0350 307.1057 304.5345 301.6726 305.0365 305.3697 302.5282 299.9098 302.4770 302.9030 301.4122  189.071
1996 4.6013458E-08 1.6259632E-08 6.9618520E-09 1.2623650E-08 2.9355116E-08 7.0635346E-09 2.8741181E-09 2.9230641E-08 1.9620684E-08 6.8242225E-09 5.8011618E-09 2.7249426E-08 1.9013680E-08 1.3404099E-08 1.3145002E-08 2.2249658E-08  296.4535 300.4532 306.1053 301.0347 299.8290 304.5802 307.5690 305.2011 302.6144 306.0084 306.6188 303.7276 301.2943 304.2538 304.9476 303.0683  107.414
1997 4.7256574E-08 1.7700682E-08 5.4677169E-09 1.0685601E-08 3.0384928E-08 7.8438616E-09 3.1882248E-09 2.5961771E-08 2.0341876E-08 8.5719849E-09 8.1309945E-09 2.8933147E-08 2.2182384E-08 1.7461307E-08 1.7828384E-08 2.7840283E-08  296.0865 300.0897 305.7217 301.0819 299.4633 304.2835 307.2976 305.0690 302.1461 305.5525 305.9896 303.3013 300.4949 303.1028 303.5987 301.9563  2349.25
1998 4.2199968E-08 1.7843407E-08 4.5362332E-09 8.0058546E-09 3.0810536E-08 8.1580831E-09 1.4118361E-09 1.7780522E-08 1.7801627E-08 7.0227237E-09 4.0275476E-09 1.8067404E-08 1.7636278E-08 1.5909407E-08 1.3975005E-08 1.9373399E-08  297.3661 300.8217 306.0919 300.7458 300.0563 304.4094 307.3457 304.9601 302.4249 305.3361 305.2941 303.0433 300.8584 303.0614 303.1747 301.7264  316.25
1999 6.0808979E-08 1.9184395E-08 4.2152535E-09 9.9354773E-09 3.5497557E-08 7.0740178E-09 1.4622215E-09 2.1237387E-08 1.9622616E-08 6.3435031E-09 4.1720010E-09 2.2704125E-08 2.3871815E-08 1.6492026E-08 1.6281595E-08 2.5311431E-08  295.6367 300.4153 306.8170 300.6447 299.3041 304.9903 307.9626 305.6136 302.6090 306.7018 307.6308 305.2458 300.8967 304.5345 305.9369 304.6276  190.607
2000 4.9442768E-08 2.3799604E-08 6.9988588E-09 1.1722853E-08 3.2279228E-08 9.7326263E-09 3.8274370E-09 2.2190850E-08 2.0053523E-08 5.6264966E-09 4.9952802E-09 1.9975790E-08 2.2504596E-08 1.5463632E-08 1.6490890E-08 2.3666663E-08  296.0628 300.3097 306.3614 301.1435 299.7948 304.9362 307.7405 305.7905 302.9240 306.7985 307.4412 305.5535 301.3698 304.8384 305.9025 304.9009  132.138
2001 5.2093494E-08 2.4739213E-08 8.3025720E-09 1.3209974E-08 3.6084309E-08 1.1085299E-08 4.2229411E-09 3.3047659E-08 2.3558963E-08 9.6290895E-09 1.1502518E-08 4.2051084E-08 2.3289221E-08 2.0600780E-08 2.3097313E-08 3.7682010E-08  295.9128 300.2754 306.2857 301.1418 299.3209 304.6893 307.8285 305.1522 302.1575 306.0322 306.6299 303.3766 300.5228 303.4193 304.0856 302.2660  634.464
2002 5.4238463E-08 2.7589245E-08 9.6525152E-09 1.3969886E-08 3.2433842E-08 1.0900192E-08 2.5314875E-09 2.9468167E-08 2.0055239E-08 7.0984476E-09 5.4015494E-09 2.7626161E-08 1.8936307E-08 1.4377058E-08 1.4951986E-08 2.2178142E-08  295.4892 299.6116 305.7943 301.0500 299.4306 304.3216 307.5977 305.0927 302.5026 306.0635 306.8717 304.2360 301.2370 304.4040 305.2102 303.5341  278.071
2003 4.2790468E-08 1.8995905E-08 6.3593411E-09 8.2475218E-09 3.2195185E-08 8.4371505E-09 1.5739532E-09 2.6773417E-08 2.1406507E-08 8.2832390E-09 5.6766725E-09 2.8141510E-08 2.3894252E-08 2.0822077E-08 1.8589317E-08 2.7160986E-08  296.8215 300.4297 305.7048 300.7045 299.6018 304.1630 307.2582 304.8034 301.8283 305.1503 305.5722 302.7085 300.1689 302.6580 303.1953 301.6523  223.893
2004 5.7318914E-08 2.3603329E-08 8.5875840E-09 1.3401597E-08 3.5480053E-08 7.8756832E-09 4.0293067E-09 3.2714116E-08 2.0600783E-08 6.1275629E-09 7.6872091E-09 2.8869625E-08 1.8350338E-08 1.4572820E-08 1.5064417E-08 2.6839523E-08  296.3212 300.3934 306.0662 300.9637 299.8689 304.6810 307.4627 304.9065 302.6849 306.0413 306.3826 303.5874 301.5938 304.1243 304.6236 302.6178  147.034
2005 4.1250889E-08 1.6276040E-08 5.8032268E-09 1.2337978E-08 2.8658148E-08 6.0153575E-09 2.9430069E-09 3.5794894E-08 1.9646095E-08 7.4424449E-09 7.1797692E-09 3.7035662E-08 2.0417795E-08 1.7520962E-08 1.7893695E-08 2.5371271E-08  297.1647 300.7423 306.1029 301.2358 300.2169 304.5502 307.3728 304.6736 302.3789 305.5405 305.6346 302.8685 300.7430 303.1087 303.6289 302.0840  447.107
2006 5.2535320E-08 1.9386267E-08 4.0663855E-09 1.0449243E-08 3.5520969E-08 9.9994510E-09 2.9943081E-09 2.3425915E-08 1.9971212E-08 6.9994948E-09 5.7805467E-09 2.3223068E-08 1.9946663E-08 1.5353555E-08 1.5447618E-08 2.4977043E-08  296.1802 300.5628 306.4000 301.1048 299.4775 304.5261 307.5303 305.3082 302.2470 305.7066 306.2657 303.7852 300.7551 303.3419 304.1129 302.4901  129
2007 4.4052882E-08 2.0120959E-08 7.2962774E-09 1.1122819E-08 3.1637715E-08 7.9794455E-09 1.8636550E-09 2.5073703E-08 1.9056548E-08 7.3862401E-09 4.2532520E-09 2.1948098E-08 1.9209752E-08 1.4962081E-08 1.4394029E-08 2.4340654E-08  297.0135 300.6392 305.9434 300.9766 299.9736 304.3877 307.2929 304.8772 302.3568 305.5564 305.8173 303.1527 300.8486 303.3999 303.9282 302.0377  103.679
2008 5.6729455E-08 2.2000011E-08 4.7516377E-09 1.1135040E-08 3.5429164E-08 1.0172903E-08 2.6636420E-09 1.9561522E-08 1.9508651E-08 7.2232860E-09 4.7086797E-09 1.9828372E-08 1.6674816E-08 1.4689220E-08 1.1951054E-08 1.9357064E-08  295.3325 300.1349 306.3914 300.9002 299.1462 304.6636 307.7883 305.6735 302.4885 306.3444 307.4445 305.2964 301.3152 304.5938 305.9267 304.4474  197.793
2009 5.7313532E-08 2.2596527E-08 6.2319043E-09 1.0922155E-08 3.9288707E-08 9.8375157E-09 1.9467159E-09 2.9036419E-08 2.3107525E-08 8.4742782E-09 6.6111348E-09 3.1675771E-08 2.1273555E-08 1.7475438E-08 1.6536813E-08 2.5064464E-08  296.0768 300.3846 306.7656 301.0327 299.3275 304.7155 307.9490 305.4637 302.3531 306.1466 306.8312 304.0112 301.0343 304.0149 304.8462 303.0868  100.607
2010 5.0251813E-08 2.1829287E-08 7.8897084E-09 1.1431225E-08 3.6959804E-08 8.9815195E-09 3.9595940E-09 3.0049016E-08 2.2651751E-08 7.4898354E-09 8.6877465E-09 3.0367090E-08 2.2719510E-08 1.7906315E-08 1.8296580E-08 2.6820281E-08  0.0000000E+00 0.0000000E+00 0.0000000E+00 0.0000000E+00 0.0000000E+00 0.0000000E+00 0.0000000E+00 0.0000000E+00 0.0000000E+00 0.0000000E+00 0.0000000E+00 0.0000000E+00 0.0000000E+00 0.0000000E+00 0.0000000E+00 0.0000000E+00  1082.57
2011 5.2368939E-08 1.8873983E-08 4.5021413E-09 1.2293855E-08 3.1991043E-08 8.0250047E-09 2.4634266E-09 2.3572857E-08 1.8061193E-08 6.3016676E-09 4.8738928E-09 2.1172779E-08 1.8120396E-08 1.3359572E-08 1.1126968E-08 1.7332750E-08  296.1706 300.6565 306.9222 300.9159 299.8485 305.1936 307.9096 305.6892 302.9578 306.9533 307.7980 305.7780 301.5706 305.3387 306.9127 305.6113  114
2012 4.8889607E-08 2.0192040E-08 6.5061960E-09 1.2125323E-08 2.9266525E-08 7.8151094E-09 2.4994253E-09 2.7852519E-08 1.9809645E-08 7.5988025E-09 4.9189026E-09 2.6051723E-08 2.1692601E-08 1.6063046E-08 1.6632814E-08 2.4705164E-08  296.0221 300.2892 306.2772 300.9705 299.8380 304.8667 307.5284 305.2286 302.8087 306.2654 306.7330 304.1559 301.1527 303.9952 304.7292 303.1687  293.207
2013 5.0841848E-08 2.1887631E-08 5.5246741E-09 1.0010609E-08 3.3435313E-08 9.3130694E-09 1.6177896E-09 1.7456646E-08 1.9230948E-08 7.3872526E-09 4.6277919E-09 2.0068045E-08 1.8490104E-08 1.5632535E-08 1.5809889E-08 2.4342896E-08  296.0974 300.2250 306.0462 301.0550 299.4939 304.7010 307.9348 305.7390 302.4317 306.1527 307.0976 304.6544 301.1925 304.1841 305.1429 303.4648  65.4643
2014 4.5255643E-08 1.6407459E-08 6.5816965E-09 1.1507494E-08 2.8767316E-08 6.9402533E-09 1.6908311E-09 2.4818519E-08 1.7592171E-08 6.2591861E-09 5.4366738E-09 2.2789614E-08 1.7619342E-08 1.3713688E-08 1.3474343E-08 2.1851660E-08  296.5786 300.6457 306.1723 301.1828 300.0569 304.8420 307.9015 305.4072 302.7638 306.2001 306.9907 304.3136 301.3952 304.2863 305.0424 303.3209  80.5714
2015 4.2183967E-08 1.2692308E-08 2.6994147E-09 8.6477883E-09 2.8012881E-08 5.1617719E-09 2.0907582E-09 2.5091017E-08 1.8144288E-08 6.4987704E-09 7.6615247E-09 2.8587317E-08 2.2307002E-08 1.6949800E-08 1.6413349E-08 2.6228062E-08  297.1158 300.9460 306.0722 300.8202 300.0790 304.5936 307.4222 305.1239 302.1364 305.6036 305.7396 303.4479 300.3886 303.2946 303.9452 302.5836  75.25
