STN,prec_1,prec_2,prec_3,prec_4,prec_5,prec_6,prec_7,prec_8,prec_9,prec_10,prec_11,prec_12,prec_13,prec_14,prec_15,prec_16,st_1,st_2,st_3,st_4,st_5,st_6,st_7,st_8,st_9,st_10,st_11,st_12,st_13,st_14,st_15,st_16,07.0
LAT,26.51077,26.51077,26.51077,26.51077,29.30136,29.30136,29.30136,29.30136,32.09194,32.09194,32.09194,32.09194,34.88252,34.88252,34.88252,34.88252,26.51077,26.51077,26.51077,26.51077,29.30136,29.30136,29.30136,29.30136,32.09194,32.09194,32.09194,32.09194,34.88252,34.88252,34.88252,34.88252,30.7512899
LON,-104.0625,-101.2500,-98.43750,-95.62500,-104.0625,-101.2500,-98.43750,-95.62500,-104.0625,-101.2500,-98.43750,-95.62500,-104.0625,-101.2500,-98.43750,-95.62500,-104.0625,-101.2500,-98.43750,-95.62500,-104.0625,-101.2500,-98.43750,-95.62500,-104.0625,-101.2500,-98.43750,-95.62500,-104.0625,-101.2500,-98.43750,-95.62500,-98.6697599
1958 2.5359599E-08 2.3284267E-08 1.1562038E-08 1.2459275E-08 2.0974239E-08 1.9530271E-08 7.1859025E-09 1.1037951E-08 1.6016614E-08 1.9320233E-08 1.2417789E-08 1.6343817E-08 1.5079111E-08 2.2958005E-08 2.3368287E-08 2.0977888E-08  291.0698 294.7686 301.6330 300.3679 293.1253 297.5892 301.2858 300.0865 294.2252 297.4922 298.6039 297.2657 291.3083 294.2736 295.1596 294.8438  222.387
1959 1.6426384E-08 1.4448847E-08 9.3090700E-09 9.4562802E-09 1.1651879E-08 9.6750270E-09 6.3178009E-09 8.3663121E-09 7.1600610E-09 7.1823578E-09 8.1633145E-09 1.0357734E-08 7.7167588E-09 9.6834798E-09 1.3631278E-08 1.3636379E-08  291.4617 295.3370 301.8977 300.3716 293.4342 298.1883 301.6206 300.3120 294.4723 298.2658 299.2551 297.6490 291.6668 295.1001 296.0586 295.5433  388.613
1960 2.3408345E-08 1.9702865E-08 1.0580917E-08 1.2140947E-08 1.8012983E-08 1.3856533E-08 6.3671912E-09 8.8615986E-09 1.1977916E-08 1.1892531E-08 8.8329699E-09 1.1598460E-08 1.2359545E-08 1.5928693E-08 1.4555968E-08 1.5821261E-08  291.2281 294.8775 301.6762 300.4293 293.1916 297.8273 301.4738 300.6148 294.3843 297.9701 299.2367 298.1438 291.6123 294.7633 295.9422 295.7312  235.774
1961 2.2718094E-08 2.1281133E-08 1.0994235E-08 1.1156100E-08 1.6694214E-08 1.6054392E-08 7.4399478E-09 1.1007981E-08 1.0510435E-08 1.2449468E-08 1.0710322E-08 1.2611330E-08 1.0243684E-08 1.4495476E-08 1.6860474E-08 1.6583430E-08  291.0405 294.7065 301.5692 300.3241 293.0991 297.6002 301.2711 299.8946 294.2328 297.7369 298.7701 297.1181 291.5136 294.7554 295.7191 295.2272  551.774
1962 1.7853584E-08 1.4516551E-08 8.5432932E-09 1.1627150E-08 1.3677594E-08 9.6800665E-09 5.6107865E-09 1.0211692E-08 1.0166444E-08 6.7239485E-09 7.9797999E-09 1.0504660E-08 1.2783491E-08 1.2045512E-08 1.3588707E-08 1.4338290E-08  290.8885 294.7670 301.4305 300.2949 292.8793 297.7413 301.2569 299.8867 293.9774 297.8796 298.9715 297.3179 291.1666 294.5841 295.5768 295.0408  59.0645
1963 2.8595885E-08 2.1890830E-08 1.0621926E-08 1.3860464E-08 2.3391770E-08 1.8994616E-08 9.3216359E-09 1.4480318E-08 1.4252340E-08 1.5067620E-08 1.3085214E-08 1.6926776E-08 1.2349480E-08 1.6869301E-08 1.9961371E-08 2.1613731E-08  290.5366 294.7682 301.6939 300.3752 292.4832 297.3483 301.1862 299.9148 294.0886 297.6050 298.6806 297.1481 291.6395 294.6978 295.4605 294.8898  30.5484
1964 2.0345754E-08 1.4086214E-08 6.9799042E-09 1.0620482E-08 1.8675740E-08 1.3697020E-08 6.8005357E-09 1.1362408E-08 1.2564576E-08 1.2113588E-08 1.2948559E-08 1.7148425E-08 1.2315958E-08 1.5975798E-08 1.9599433E-08 2.1044935E-08  291.2666 295.3972 302.1269 300.3418 293.1867 298.0887 301.6615 300.1105 294.0631 297.8319 298.7464 296.9460 291.1898 294.3802 295.2694 294.7044  2.61935
1965 2.6347351E-08 2.2215488E-08 1.1078607E-08 1.1671390E-08 2.4390099E-08 1.8897973E-08 9.0170946E-09 1.1401276E-08 1.8833996E-08 2.0442576E-08 1.6100286E-08 1.5009293E-08 1.7703870E-08 2.5253694E-08 2.6981372E-08 2.2798496E-08  290.7167 294.7171 301.7242 300.2720 292.5244 297.4688 301.4172 300.0858 293.6226 297.3665 298.7632 297.4511 291.1976 294.4895 295.6093 295.1255  102.548
1966 2.4645978E-08 1.9843235E-08 1.0017322E-08 1.2165809E-08 1.8092491E-08 1.4224924E-08 7.2674835E-09 1.2564404E-08 1.1351938E-08 1.0572569E-08 9.8410080E-09 1.5423131E-08 1.0889964E-08 1.5464250E-08 1.6520532E-08 1.8696531E-08  290.5342 294.3730 301.3680 300.1816 292.5451 297.3221 301.0288 299.6516 293.8835 297.3900 298.4806 296.8776 291.2531 294.3391 295.2110 294.6785  53.0968
1967 1.9920936E-08 1.5963820E-08 8.5971026E-09 1.4235979E-08 1.6621524E-08 1.2705640E-08 5.9919993E-09 8.0943066E-09 1.1319581E-08 1.0772053E-08 8.2722043E-09 1.0247778E-08 1.1048536E-08 1.2797895E-08 1.3769037E-08 1.2697395E-08  290.8394 294.6138 301.4663 300.2444 293.0271 297.7277 301.3204 299.9786 294.3360 297.9394 298.9679 297.3112 291.4916 294.7152 295.6216 295.1235  295.971
1968 1.9299989E-08 1.4220800E-08 9.7996544E-09 1.2586151E-08 1.6271450E-08 9.3595185E-09 4.2933084E-09 7.1554216E-09 1.2090930E-08 9.2214298E-09 8.6627985E-09 1.1142623E-08 1.4187183E-08 1.5375948E-08 1.6881987E-08 1.6288389E-08  291.0733 295.1635 301.7437 300.2105 292.9279 298.0096 301.6180 300.1875 293.8337 297.7509 298.9533 297.3506 290.9815 294.4182 295.4509 295.0678  182.903
1969 2.4639681E-08 2.3017787E-08 1.0726787E-08 1.3890489E-08 2.4785574E-08 2.0728656E-08 9.3884420E-09 1.3695285E-08 1.6493262E-08 2.1420600E-08 1.9310647E-08 1.9378255E-08 1.5328526E-08 2.6843647E-08 2.8611101E-08 2.4917098E-08  291.0382 294.9065 301.8709 300.3857 292.8612 297.6810 301.5355 300.1770 294.0625 297.6893 298.9190 297.5541 291.2837 294.5071 295.7603 295.5758  93.4194
1970 2.5031490E-08 2.0302656E-08 9.1054764E-09 1.0223745E-08 1.8179033E-08 1.4832803E-08 6.9830195E-09 1.1545678E-08 1.2148634E-08 1.1447259E-08 9.9946034E-09 1.2434140E-08 1.0802977E-08 1.4595527E-08 1.4890297E-08 1.5969530E-08  290.0429 294.1588 301.1879 300.2239 292.4773 297.2512 300.9668 299.5972 293.8044 297.4377 298.5029 296.9320 291.1327 294.2562 295.2095 294.6376  154.355
1971 2.3346351E-08 2.0688775E-08 1.0164136E-08 1.3559045E-08 1.8355843E-08 1.5419889E-08 8.3980582E-09 1.1532657E-08 1.0647214E-08 1.1049880E-08 1.1462261E-08 1.4522892E-08 1.1012138E-08 1.4990960E-08 1.5605792E-08 1.6422161E-08  290.7333 294.3564 301.2584 300.1831 292.5970 297.3379 301.0029 299.8479 293.8195 297.4866 298.5848 297.1096 291.0363 294.2307 295.2991 294.9334  329.968
1972 2.0627478E-08 1.8643332E-08 9.6523722E-09 1.3460865E-08 1.7961829E-08 1.3600487E-08 7.3906543E-09 1.1713766E-08 1.4020925E-08 1.4339702E-08 1.4414226E-08 1.5932235E-08 1.3883829E-08 1.9436380E-08 2.4128763E-08 2.1951525E-08  291.1569 294.8364 301.5794 300.2266 292.7534 297.5621 301.2756 299.9333 293.4842 297.2489 298.5857 297.2526 290.6129 293.9735 295.1216 294.8492  78.1613
1973 1.9994168E-08 1.5331958E-08 9.3026831E-09 1.2408866E-08 1.6108801E-08 1.2677837E-08 6.6265251E-09 9.3534878E-09 1.2070784E-08 9.8071178E-09 8.5298240E-09 1.1113605E-08 1.0300805E-08 1.3204560E-08 1.2944086E-08 1.3001928E-08  290.9579 294.9561 301.7037 300.3349 292.8435 297.6724 301.3654 300.1025 293.8233 297.5502 298.8038 297.3919 291.0695 294.4397 295.6195 295.3191  167.903
1974 2.5859309E-08 2.1029868E-08 1.0883885E-08 1.3785852E-08 1.8974657E-08 1.6262351E-08 8.0118818E-09 1.1949003E-08 1.1585956E-08 1.2090036E-08 1.1581836E-08 1.3308422E-08 1.0985560E-08 1.5636902E-08 1.9316650E-08 1.9103819E-08  290.4494 294.5741 301.6240 300.2847 292.5838 297.5194 301.4739 300.3296 293.8137 297.7047 298.9968 297.7561 291.1211 294.4644 295.5515 295.3001  46.9355
1975 1.9725320E-08 1.4756913E-08 8.1680112E-09 1.2154035E-08 1.5800941E-08 1.1448866E-08 5.9202465E-09 1.1525972E-08 1.0031276E-08 8.9324841E-09 7.4802520E-09 1.1537455E-08 9.0417682E-09 1.1403957E-08 1.2284675E-08 1.3159505E-08  290.9777 294.7996 301.6615 300.3003 292.9948 297.7214 301.4271 300.0101 294.1090 297.7481 298.9511 297.3465 291.3526 294.6063 295.6820 295.3087  387.516
1976 2.0183020E-08 1.8082611E-08 1.0356845E-08 1.4914345E-08 1.8064531E-08 1.5039891E-08 7.7331066E-09 1.2398430E-08 1.2565605E-08 1.2578429E-08 1.3395980E-08 1.7149983E-08 1.2471841E-08 1.7336410E-08 2.0917149E-08 2.1599167E-08  290.8643 294.6665 301.2082 300.2443 292.7689 297.3988 300.8916 299.7057 293.7581 297.3282 298.3315 296.9885 290.8297 294.0057 295.0479 294.8224  957.581
1977 2.7484068E-08 2.1961412E-08 9.5538955E-09 1.1541235E-08 2.3061464E-08 1.8710276E-08 7.5042648E-09 1.0867390E-08 1.6426966E-08 1.3849406E-08 1.2627106E-08 1.5016292E-08 1.7741286E-08 1.8881646E-08 1.7799735E-08 1.7624652E-08  290.7971 294.6517 301.5647 300.2416 292.5362 297.3321 301.2390 300.0721 293.6157 297.2752 298.6042 297.3418 290.9169 294.1828 295.3817 295.1039  196.903
1978 2.2561094E-08 1.8883114E-08 1.0469020E-08 1.2111461E-08 1.8905851E-08 1.3672583E-08 7.7076123E-09 1.3583385E-08 1.3072316E-08 1.0915251E-08 9.3052233E-09 1.4696634E-08 1.1409675E-08 1.4362493E-08 1.5622271E-08 1.6378394E-08  290.6273 294.7359 301.5076 300.2318 292.8289 297.7199 301.3008 299.7972 294.0168 297.8490 298.8954 297.2055 291.2610 294.6835 295.6635 295.1688  53.6129
1979 2.2188468E-08 1.7194285E-08 8.5385912E-09 1.2224554E-08 1.6851425E-08 1.2286488E-08 5.3217701E-09 1.0249151E-08 1.0939274E-08 1.0528336E-08 8.6616012E-09 1.1042129E-08 1.2691525E-08 1.5575845E-08 1.4665474E-08 1.3652453E-08  291.2107 295.1460 302.0362 300.3313 293.4519 298.1588 301.9115 300.4507 294.6742 298.3739 299.6674 298.1420 291.9537 295.4164 296.6018 296.1794  151.548
1980 2.4280491E-08 1.9230717E-08 9.8877972E-09 1.3155139E-08 1.8400014E-08 1.3940799E-08 7.1109993E-09 1.2081038E-08 1.1875420E-08 1.2622103E-08 1.2161880E-08 1.4260459E-08 1.1453781E-08 1.6843194E-08 1.6612555E-08 1.5930752E-08  290.9620 295.0506 301.7743 300.3362 293.0303 297.8451 301.3503 299.7036 294.1317 297.7566 298.7665 297.0831 291.4077 294.6768 295.7552 295.2456  13.4419
1981 2.1212069E-08 1.9530578E-08 1.2463311E-08 1.5072352E-08 1.9293790E-08 1.6924099E-08 7.3034934E-09 1.4739153E-08 1.3614518E-08 1.5118935E-08 1.4114923E-08 1.9259529E-08 1.2521276E-08 1.9569285E-08 2.1731477E-08 2.2994850E-08  291.3097 294.9919 301.6323 300.2206 293.0859 297.5216 301.2065 299.9649 293.8270 297.2218 298.2111 296.8693 290.8510 293.9398 294.8336 294.6088  341.839
1982 2.6420921E-08 2.4387479E-08 1.3947293E-08 1.6993789E-08 2.3365265E-08 2.0735570E-08 9.9174811E-09 1.2926561E-08 1.6633868E-08 1.8983549E-08 1.6287357E-08 1.6387565E-08 1.5113576E-08 2.1027606E-08 2.3225995E-08 2.1794726E-08  290.6120 294.5056 301.2956 300.2616 292.4773 297.2726 301.1409 299.7698 293.5472 297.2898 298.5642 297.0312 291.0794 294.3858 295.4948 294.9743  116.613
1983 2.5881267E-08 2.5627545E-08 1.3876842E-08 1.4892980E-08 2.0025402E-08 1.8906885E-08 1.0721033E-08 1.5222186E-08 1.1656023E-08 1.1451802E-08 1.3082689E-08 1.7695839E-08 1.1023626E-08 1.2452033E-08 1.7013726E-08 1.9561265E-08  290.8274 294.4709 301.2122 300.5131 292.5213 297.1522 300.7404 299.4929 293.8360 297.3823 298.4998 297.0666 291.5134 294.9306 296.0490 295.4258  68.0968
1984 1.4809175E-08 1.5185902E-08 7.7369418E-09 9.6573771E-09 1.2216694E-08 1.1734326E-08 4.7842330E-09 9.3900088E-09 7.7532381E-09 9.5410781E-09 8.4542640E-09 1.1867606E-08 1.0016972E-08 1.4672326E-08 1.5570768E-08 1.6474223E-08  291.6234 295.2453 301.7525 300.3057 293.4154 298.1014 301.5756 300.2789 294.3346 297.9062 299.0092 297.4816 291.1923 294.3798 295.3241 294.9039  58.8581
1985 1.4611937E-08 1.3508899E-08 7.2740032E-09 1.2639025E-08 1.4631111E-08 1.2396188E-08 5.7490062E-09 9.4081241E-09 1.0678995E-08 1.2658607E-08 9.8959001E-09 9.8527853E-09 1.0188367E-08 1.3823388E-08 1.4711793E-08 1.4311166E-08  291.5914 295.1259 301.7859 300.3291 293.3806 297.9118 301.5365 300.4217 294.2645 297.8022 299.0227 297.8769 291.6198 294.8029 295.8518 295.5497  132.129
1986 2.5535867E-08 2.0864460E-08 1.0493612E-08 1.3131364E-08 2.0697060E-08 1.5127430E-08 7.5084339E-09 1.1740736E-08 1.1791461E-08 1.0768035E-08 1.1365985E-08 1.5256372E-08 1.2330449E-08 1.6241161E-08 1.6552596E-08 1.9315285E-08  290.8873 294.9320 301.6918 300.4296 292.7012 297.6577 301.2711 300.0205 293.7222 297.4223 298.5028 297.1351 290.9080 294.1151 295.0905 294.6889  70.129
1987 2.0562085E-08 1.9250470E-08 9.5456070E-09 1.2771174E-08 1.5593670E-08 1.6949260E-08 7.4038531E-09 1.1388895E-08 1.1386198E-08 1.3356834E-08 1.3725961E-08 1.4148777E-08 1.2563801E-08 1.7906194E-08 2.1344688E-08 2.0639815E-08  291.2979 294.6680 301.3562 300.5676 292.8817 297.2219 300.9013 299.7664 293.5248 296.8154 298.0670 296.9856 290.6240 293.6024 294.6398 294.4881  560.258
1988 2.0689194E-08 1.3849143E-08 6.0049925E-09 9.6190629E-09 1.6049624E-08 1.0543848E-08 3.7401970E-09 7.2407111E-09 1.1458836E-08 8.9100389E-09 7.0331496E-09 8.3873477E-09 1.1081621E-08 1.3380492E-08 1.2930857E-08 1.2039715E-08  291.0047 295.2664 302.0931 300.2255 293.3881 298.5039 302.1482 300.6589 294.9218 298.7740 300.0556 298.6771 292.2472 295.6408 296.8570 296.6015  1795.55
1989 2.2668353E-08 2.0423622E-08 1.2156735E-08 1.5285456E-08 1.9290351E-08 1.4888425E-08 8.3029992E-09 1.4901419E-08 1.1359462E-08 1.2713244E-08 1.3389714E-08 1.7250503E-08 1.2534160E-08 1.7131013E-08 1.9102446E-08 1.9232532E-08  290.9597 294.8760 301.5824 300.3026 292.8043 297.7178 301.3477 300.0172 294.0762 297.7188 298.7157 297.1761 291.4662 294.6555 295.5771 295.1332  101.774
1990 2.2292229E-08 2.1558982E-08 1.0717380E-08 1.2401521E-08 1.8122732E-08 1.6347382E-08 8.6084633E-09 1.1107711E-08 1.3152862E-08 1.3744873E-08 1.4112296E-08 1.4798561E-08 1.1356514E-08 1.4925021E-08 1.7509329E-08 1.7190059E-08  291.1022 294.8433 301.5165 300.4337 292.9927 297.6303 301.2528 299.9892 293.8418 297.4396 298.6837 297.5934 291.1457 294.3237 295.4508 295.2153  629.258
1991 2.7553314E-08 2.0576412E-08 1.0123105E-08 9.8596127E-09 2.3174760E-08 1.7142781E-08 9.3358645E-09 1.1710513E-08 1.2530505E-08 1.3747714E-08 1.3045194E-08 1.7186357E-08 1.1848803E-08 1.6618197E-08 1.9917231E-08 1.9015111E-08  290.8045 294.7219 301.5170 300.4798 292.6080 297.3570 301.0359 299.7618 293.8094 297.3168 298.4401 296.9654 291.1414 294.1901 295.1290 294.8509  166.452
1992 2.9075396E-08 2.4627258E-08 1.4347798E-08 1.3696889E-08 2.3438973E-08 2.0707921E-08 1.1354026E-08 1.7079204E-08 1.5991697E-08 1.6345661E-08 1.6530109E-08 2.1430058E-08 1.5361010E-08 1.9958614E-08 2.4777911E-08 2.5122025E-08  290.5840 294.5562 301.3618 300.3852 292.2647 297.0981 300.8990 299.4848 293.1482 296.8823 298.1650 296.6597 290.3341 293.6135 294.6490 294.2456  407.613
1993 3.2020218E-08 3.1122656E-08 1.8956040E-08 1.6081030E-08 2.4355483E-08 2.3885535E-08 1.4545992E-08 1.7906027E-08 1.6498804E-08 1.8467539E-08 2.0271598E-08 2.5304862E-08 1.4873835E-08 2.0917248E-08 2.7355068E-08 3.1983799E-08  289.8457 293.8636 300.7798 300.3698 291.4606 296.3747 300.4214 299.5940 292.5273 296.2831 297.6546 296.6232 289.9857 293.3240 294.3364 294.1400  82.6129
1994 2.5304136E-08 2.4462556E-08 1.3210933E-08 1.5398257E-08 2.2095207E-08 2.0094999E-08 1.1148257E-08 1.6411416E-08 1.4996070E-08 1.4951487E-08 1.6015264E-08 2.0083110E-08 1.3865815E-08 1.7108832E-08 1.9637897E-08 2.1790740E-08  290.4062 294.4341 301.4391 300.3037 291.9951 297.1227 301.1954 300.0496 292.8910 296.8594 298.4001 297.1937 290.4525 293.8218 294.9850 294.7944  75.0484
1995 2.1143896E-08 1.7980492E-08 9.9034514E-09 1.1678300E-08 1.7368706E-08 1.4314385E-08 6.0685754E-09 9.4450829E-09 1.3208374E-08 1.3236395E-08 1.0202008E-08 1.0481286E-08 1.3155011E-08 1.7040712E-08 1.6699786E-08 1.2299378E-08  290.5227 294.5501 301.5295 300.5469 292.7313 297.4702 301.3203 299.9606 294.0262 297.6808 298.8690 297.5842 291.5193 294.8307 295.8451 295.6255  132.194
1996 1.8098739E-08 1.9869821E-08 1.0059330E-08 1.2050570E-08 1.6325355E-08 1.3784820E-08 7.2949242E-09 1.5027103E-08 1.3923940E-08 1.4483137E-08 1.2766071E-08 1.6049741E-08 1.6206362E-08 2.2993165E-08 2.3384944E-08 2.1462528E-08  291.5859 295.2864 301.9254 300.4068 293.3799 297.9920 301.5550 300.2882 293.9714 297.5460 298.7111 297.4152 290.8629 293.7975 294.9075 294.7830  151.032
1997 3.3997551E-08 3.3962046E-08 1.8277969E-08 1.5369197E-08 3.1706055E-08 2.8589422E-08 1.5728391E-08 1.8183526E-08 2.3620524E-08 2.6267495E-08 2.6268866E-08 2.8506921E-08 2.2217810E-08 2.8747868E-08 3.3513782E-08 3.4329769E-08  289.6652 293.8836 301.1061 300.5193 291.1411 296.2483 300.5807 299.8260 292.1725 295.9045 297.4706 296.6129 289.7342 292.9139 293.9892 294.0476  551.258
1998 1.7213008E-08 1.2807410E-08 4.0826342E-09 9.7399422E-09 1.2811688E-08 1.0400901E-08 4.2693138E-09 8.4035081E-09 7.6120816E-09 7.3613569E-09 6.7866774E-09 1.0522354E-08 8.3804066E-09 1.1113487E-08 1.1829356E-08 1.2713802E-08  291.6554 295.4163 301.9893 300.3922 293.7942 298.3521 301.6749 300.0320 294.8842 298.4703 299.3735 297.6202 292.0660 295.3477 296.2299 295.5544  78.8387
1999 1.7373702E-08 1.2180301E-08 6.9796027E-09 1.3653540E-08 1.4752368E-08 9.2009982E-09 3.6475230E-09 1.2054274E-08 8.6313658E-09 7.4070052E-09 7.3972721E-09 1.1260487E-08 8.8279029E-09 1.2422154E-08 1.3697001E-08 1.5705977E-08  291.7086 295.7995 302.5592 300.4021 294.0536 298.8812 302.4055 300.8145 295.1655 298.8853 299.9109 298.3329 292.1629 295.4385 296.5120 296.1913  151.613
2000 1.8030653E-08 1.6018303E-08 9.6305373E-09 1.1169019E-08 1.4423208E-08 1.1996293E-08 5.6910467E-09 1.0101043E-08 1.1233291E-08 1.2258761E-08 1.1056201E-08 1.1116866E-08 1.1513734E-08 1.5858955E-08 1.7107839E-08 1.5175020E-08  291.7628 295.4053 302.0197 300.4792 293.7992 298.3284 301.8714 300.5771 294.5220 298.2085 299.3068 297.9240 291.5620 294.8981 295.9668 295.6802  43.1935
2001 1.7965938E-08 1.1764635E-08 4.9369917E-09 8.5397254E-09 1.4489013E-08 9.2194528E-09 4.2823478E-09 7.6140996E-09 8.8087697E-09 6.8593522E-09 5.8840719E-09 8.5013285E-09 8.1965155E-09 9.1414654E-09 9.8961346E-09 1.1036617E-08  291.4382 295.3130 302.0927 300.5886 293.5941 298.5115 301.9640 300.4354 294.7614 298.5572 299.5737 297.9258 292.0982 295.4280 296.4454 295.8606  118.452
2002 1.3996393E-08 1.0906879E-08 6.0231442E-09 1.0005627E-08 1.2193436E-08 9.9330268E-09 4.2226111E-09 1.0035497E-08 1.0073759E-08 9.7763300E-09 8.2221101E-09 1.1125062E-08 1.0351676E-08 1.4218581E-08 1.4915678E-08 1.3282737E-08  292.2423 295.7349 302.1472 300.4413 294.4298 298.8286 302.0391 300.1343 295.1149 298.5999 299.5516 297.8298 292.3273 295.5055 296.5372 296.0980  1068.9
2003 2.1961226E-08 1.9945986E-08 8.4812948E-09 1.4067980E-08 1.8131278E-08 1.4788664E-08 6.2879368E-09 1.0631866E-08 1.0600831E-08 9.6470956E-09 8.5113019E-09 1.4307785E-08 9.8548281E-09 1.2484188E-08 1.5154697E-08 1.6592008E-08  291.1491 294.7827 301.5149 300.4367 293.2085 297.6557 301.2184 299.7634 294.1986 297.7348 298.6710 296.8481 291.3759 294.5085 295.3723 294.7744  87.2258
2004 2.2312072E-08 1.8798916E-08 9.5024779E-09 1.2179678E-08 1.8594960E-08 1.4936823E-08 8.0197511E-09 1.2359419E-08 1.3259937E-08 1.3401621E-08 1.3150188E-08 1.5080014E-08 1.2153262E-08 1.6965586E-08 1.9865887E-08 2.1203904E-08  291.0748 295.0855 301.8870 300.4053 292.9660 297.8588 301.4666 299.8051 294.1351 297.7878 298.8423 297.0681 291.5046 294.5612 295.3888 294.8381  194
2005 2.0006027E-08 1.9082346E-08 1.0031715E-08 1.3768354E-08 1.5648205E-08 1.3231755E-08 5.6642966E-09 1.2866805E-08 1.0974867E-08 1.2159719E-08 1.0305285E-08 1.4829830E-08 1.2053728E-08 1.7557605E-08 1.8090891E-08 2.0580817E-08  291.3732 295.1629 301.8662 300.6328 293.4258 298.0174 301.4500 299.8897 294.5971 297.9904 298.8438 297.3322 291.9919 295.0101 295.7858 295.2823  138.968
2006 1.7060028E-08 1.5939461E-08 7.8545783E-09 1.0005054E-08 1.3769508E-08 1.2687309E-08 6.6689925E-09 7.9487723E-09 9.8628146E-09 9.9448769E-09 1.0217982E-08 1.1322271E-08 1.1551878E-08 1.2896543E-08 1.3415982E-08 1.3697870E-08  291.9636 295.5474 302.0477 300.5965 294.0686 298.4831 301.7765 300.2060 295.0323 298.6048 299.5811 297.9686 292.2920 295.6667 296.7664 296.3034  53.6452
2007 1.5725092E-08 1.3408657E-08 6.4701156E-09 1.1991031E-08 1.2403913E-08 9.3489199E-09 4.0501078E-09 1.0077846E-08 8.8665963E-09 9.5274562E-09 7.2135919E-09 1.0798300E-08 8.4176470E-09 1.2112156E-08 1.2095336E-08 9.8776107E-09  291.5280 295.2548 301.9723 300.6529 293.6776 298.2614 301.6988 300.0612 294.7515 298.2343 299.3916 297.7856 292.2926 295.5148 296.5293 296.1577  1747.61
2008 1.6931686E-08 1.5718502E-08 7.6894908E-09 1.3385676E-08 1.3460029E-08 1.2449563E-08 4.9526152E-09 1.3686216E-08 7.8531341E-09 1.1612815E-08 8.7694110E-09 1.2608343E-08 9.3461461E-09 1.4197524E-08 1.4515389E-08 1.4561206E-08  292.2365 295.7971 302.3566 300.4462 294.2921 298.7034 302.1072 300.5027 295.1911 298.6557 299.5655 297.8940 292.2594 295.4174 296.3048 295.7616  76.5484
2009 3.0189813E-08 2.3641343E-08 1.1216060E-08 1.2872071E-08 2.6215201E-08 1.9383252E-08 8.0513951E-09 1.1842799E-08 1.8102165E-08 1.5911086E-08 1.3043036E-08 1.3981114E-08 1.7770004E-08 2.1047072E-08 2.1742075E-08 2.0424547E-08  0.0000000E+00 0.0000000E+00 0.0000000E+00 0.0000000E+00 0.0000000E+00 0.0000000E+00 0.0000000E+00 0.0000000E+00 0.0000000E+00 0.0000000E+00 0.0000000E+00 0.0000000E+00 0.0000000E+00 0.0000000E+00 0.0000000E+00 0.0000000E+00  61.4839
2010 1.7164593E-08 1.4329320E-08 5.5936473E-09 1.1909195E-08 1.2364182E-08 1.1974296E-08 4.7872288E-09 1.2563939E-08 8.7024787E-09 1.0508793E-08 9.3802743E-09 1.4354630E-08 9.3394750E-09 1.5542069E-08 1.7868812E-08 1.9091727E-08  292.0239 295.9803 302.7054 300.9410 294.3718 298.8141 302.2051 300.5859 295.0539 298.4756 299.4232 297.7846 291.7532 294.7970 295.8548 295.5225  364
2011 2.0612102E-08 1.3738454E-08 5.7579057E-09 7.8374782E-09 1.5464288E-08 1.1800136E-08 4.8760374E-09 8.4471683E-09 9.4285140E-09 9.9887965E-09 9.2614885E-09 1.1726116E-08 1.0703752E-08 1.5632972E-08 1.3131538E-08 1.4700008E-08  291.8053 295.8351 302.4948 300.4559 293.9234 298.7320 302.1060 300.5712 294.8999 298.5932 299.5879 298.0241 292.0447 295.2603 296.3682 295.9518  6.15484
2012 1.8164100E-08 1.4788334E-08 7.3993243E-09 1.1316963E-08 1.6443222E-08 1.2431170E-08 5.6570384E-09 1.3717906E-08 1.1461472E-08 1.1887996E-08 1.0795860E-08 1.4791496E-08 1.1732744E-08 1.6506611E-08 1.9034607E-08 1.9764565E-08  291.6642 295.3462 301.9643 300.3427 293.4764 298.0021 301.4210 299.6750 294.3903 297.8217 298.7363 297.0792 291.5019 294.5026 295.3628 295.0241  56.8387
2013 2.6153366E-08 2.0921053E-08 9.3930934E-09 1.3034431E-08 1.8485331E-08 1.3710319E-08 6.8976180E-09 1.4954120E-08 1.1855396E-08 1.0667106E-08 1.1277687E-08 1.6169649E-08 1.1583114E-08 1.3848816E-08 1.8026542E-08 1.9579467E-08  290.7757 295.0488 302.1173 300.6827 293.0135 297.9136 301.5865 299.9974 294.4546 298.0695 298.8807 297.2466 291.8397 294.9735 295.6414 295.1693  29.6774
2014 2.1124015E-08 2.2610465E-08 1.3291013E-08 1.6553521E-08 1.7551635E-08 1.7506142E-08 8.9234122E-09 1.4352431E-08 1.3391240E-08 1.4719703E-08 1.4824922E-08 1.8159206E-08 1.2378833E-08 1.6354686E-08 1.9885768E-08 2.2131811E-08  291.2808 294.7776 301.5482 300.7963 292.9676 297.5293 301.2702 300.1269 293.8245 297.4711 298.6274 297.2059 291.1587 294.3889 295.3706 294.8835  38.6129
2015 3.1630474E-08 3.0724760E-08 1.7741774E-08 1.4245050E-08 2.6532726E-08 2.4161913E-08 1.4091206E-08 1.5923844E-08 1.7686586E-08 1.8745045E-08 1.9223005E-08 1.9485217E-08 1.7299609E-08 2.0941163E-08 2.5242523E-08 2.6273273E-08  290.6878 294.6711 301.6445 300.7667 292.3314 297.2360 301.1825 300.1389 293.1301 296.9206 298.2795 297.0794 290.7355 293.9588 295.0596 294.7627  108.774
