STN,prec_1,prec_2,prec_3,prec_4,prec_5,prec_6,prec_7,prec_8,prec_9,prec_10,prec_11,prec_12,prec_13,prec_14,prec_15,prec_16,st_1,st_2,st_3,st_4,st_5,st_6,st_7,st_8,st_9,st_10,st_11,st_12,st_13,st_14,st_15,st_16,03.0
LAT,26.51077,26.51077,26.51077,26.51077,29.30136,29.30136,29.30136,29.30136,32.09194,32.09194,32.09194,32.09194,34.88252,34.88252,34.88252,34.88252,26.51077,26.51077,26.51077,26.51077,29.30136,29.30136,29.30136,29.30136,32.09194,32.09194,32.09194,32.09194,34.88252,34.88252,34.88252,34.88252,30.7512899
LON,-104.0625,-101.2500,-98.43750,-95.62500,-104.0625,-101.2500,-98.43750,-95.62500,-104.0625,-101.2500,-98.43750,-95.62500,-104.0625,-101.2500,-98.43750,-95.62500,-104.0625,-101.2500,-98.43750,-95.62500,-104.0625,-101.2500,-98.43750,-95.62500,-104.0625,-101.2500,-98.43750,-95.62500,-104.0625,-101.2500,-98.43750,-95.62500,-98.6697599
1958 4.8036483E-08 9.0153112E-09 3.2019527E-09 1.1031579E-08 2.0194557E-08 2.5401146E-09 8.6824681E-10 2.0539249E-08 1.4530202E-08 3.0558764E-09 3.4546577E-09 2.0600664E-08 2.1461464E-08 1.2427996E-08 1.2389108E-08 1.9312283E-08  296.4869 302.2791 307.7679 302.1576 301.3557 306.9098 308.9991 305.6342 304.1421 308.1391 308.5380 305.2964 302.5639 306.2253 307.7773 305.9127  850.742
1959 5.2732240E-08 9.0003196E-09 3.3217749E-09 1.4132267E-08 2.3980686E-08 2.5948923E-09 1.1492921E-09 1.9144219E-08 1.5461119E-08 4.1571737E-09 3.5941579E-09 1.7009839E-08 2.0361924E-08 9.4564871E-09 1.0252445E-08 1.5815223E-08  296.1661 302.2617 308.0947 302.1139 300.9440 306.9362 309.1804 306.2064 303.8644 308.2703 309.1396 306.5470 302.5931 307.0042 308.9138 307.4553  147.065
1960 4.5948589E-08 1.0092011E-08 3.4860264E-09 1.4254207E-08 1.9278216E-08 2.3993867E-09 9.6123054E-10 1.5371675E-08 1.3183201E-08 3.2490099E-09 3.5174825E-09 1.4136512E-08 2.0858590E-08 1.1097074E-08 1.1870113E-08 1.8184021E-08  296.5551 302.2635 308.2051 302.0804 301.4044 307.1976 309.3445 306.9265 304.4334 308.9076 309.5241 307.5225 302.8477 307.3839 309.2932 308.1610  253.065
1961 5.5454080E-08 8.2918179E-09 1.9770079E-09 1.2938869E-08 2.1828809E-08 1.6082659E-09 5.8354738E-10 1.4129669E-08 1.3475922E-08 2.9138121E-09 3.3519743E-09 1.4123134E-08 2.1502460E-08 1.1093698E-08 1.2640464E-08 1.8490747E-08  295.8207 302.3462 308.4928 302.0888 301.0671 307.3085 309.4429 306.7621 304.3919 308.8879 309.5436 307.3629 302.7535 307.1631 309.0079 308.0192  388.774
1962 4.9193009E-08 8.9764249E-09 1.9608482E-09 1.5003947E-08 2.0208047E-08 2.0372208E-09 9.2844510E-10 1.6255690E-08 1.3657641E-08 2.5446600E-09 2.8618408E-09 1.2404207E-08 2.0902554E-08 9.1519006E-09 9.7639523E-09 1.3961738E-08  295.8143 302.0552 308.1715 302.0923 300.8776 306.9807 309.0844 306.3763 304.1003 308.6111 309.1844 307.3573 302.4946 307.2961 309.3459 308.5166  143.226
1963 5.0980674E-08 9.2247259E-09 3.4627603E-09 1.4396448E-08 2.0770122E-08 1.9282200E-09 1.2735463E-09 1.8499115E-08 1.5413432E-08 3.1957406E-09 4.3863091E-09 1.4740170E-08 2.1111441E-08 1.0803482E-08 1.3297445E-08 1.9245235E-08  295.7880 302.0182 308.0033 302.0724 300.8992 306.9426 309.0627 306.3243 304.2276 308.6730 309.1952 307.1284 302.6178 307.2529 309.0874 307.9584  99.6452
1964 5.9529793E-08 1.0621097E-08 4.3337685E-09 1.3506484E-08 2.3083198E-08 1.8837703E-09 7.4839995E-10 2.0060625E-08 1.4871478E-08 2.9619815E-09 4.1187085E-09 1.8674713E-08 2.3464498E-08 1.2106645E-08 1.2786764E-08 1.9542126E-08  295.9354 302.2475 308.2223 302.1333 301.0232 307.1281 309.3072 306.4321 304.3148 308.6991 309.3838 307.1153 302.6479 307.1218 309.1755 307.9462  180.258
1965 4.9734691E-08 9.0112904E-09 3.4302758E-09 1.5185581E-08 2.1415698E-08 1.3548908E-09 8.6508173E-10 2.2448582E-08 1.5543598E-08 1.7292140E-09 2.3202351E-09 1.4947377E-08 2.1471015E-08 9.3003143E-09 7.9398301E-09 1.6632947E-08  295.7634 301.5547 307.5157 301.9647 300.6905 306.5197 308.7407 305.8776 303.7372 308.2242 308.8992 306.4177 302.1452 306.6622 308.5896 306.9678  227.097
1966 4.9755403E-08 1.0031915E-08 2.9185883E-09 1.3226845E-08 2.2701380E-08 2.9417917E-09 1.4453467E-09 1.8766091E-08 1.5189633E-08 2.9216156E-09 2.9129028E-09 1.5021914E-08 2.1909484E-08 1.0679235E-08 1.1808780E-08 1.8186293E-08  295.7258 301.6411 307.4547 302.0456 300.5084 306.3671 308.6864 305.7158 303.4677 307.8433 308.5372 306.1463 301.9952 306.3158 308.0552 306.7283  95.6774
1967 5.3415086E-08 9.1909804E-09 3.0052669E-09 1.3986799E-08 2.1086855E-08 2.1527704E-09 7.0539702E-10 1.5142820E-08 1.4415739E-08 3.0588128E-09 2.7172318E-09 1.0701447E-08 1.9746762E-08 1.0025706E-08 8.8400629E-09 1.3203387E-08  295.7645 301.9283 307.9242 302.0379 300.8321 306.8134 308.9662 306.5014 304.1581 308.5476 309.2137 307.4728 302.5891 307.0999 309.3162 308.4405  94.3871
1968 4.8965358E-08 9.6991393E-09 2.1460151E-09 1.6345128E-08 1.9929779E-08 1.6804788E-09 1.0843663E-09 1.8278158E-08 1.4221875E-08 3.0904093E-09 3.0417420E-09 1.4973015E-08 2.2689468E-08 1.0513951E-08 1.2439441E-08 1.9876314E-08  296.1281 302.0807 307.6761 302.0950 301.1527 306.9841 308.8992 305.9173 304.0646 308.3579 308.8521 306.2471 302.4364 306.6893 308.1730 306.5806  1024.87
1969 4.6314291E-08 9.0292591E-09 2.1539985E-09 1.2525114E-08 2.2717241E-08 2.8197376E-09 1.2957923E-09 1.9495650E-08 1.5538788E-08 3.0661704E-09 4.1663735E-09 1.9525997E-08 1.9633307E-08 9.2384145E-09 1.0852706E-08 1.7667855E-08  297.0752 302.5686 308.1046 302.3242 301.4466 307.1068 309.2950 306.5872 304.1980 308.4479 309.1984 306.9805 302.8065 306.9914 308.8799 307.5836  116.645
1970 5.0428568E-08 9.4213464E-09 2.3893778E-09 1.5109196E-08 2.0812402E-08 2.8208229E-09 1.2662171E-09 2.0995959E-08 1.2106637E-08 1.9558593E-09 3.1678122E-09 1.7857708E-08 2.1813189E-08 9.6338137E-09 9.2724832E-09 1.4155622E-08  296.1909 302.0728 307.9234 302.0169 301.2086 306.8708 308.8744 305.8836 304.5123 308.6546 309.0066 306.5630 302.7306 307.0311 309.0342 307.9273  1539.26
1971 4.4703395E-08 7.3722699E-09 1.9877169E-09 1.3071022E-08 1.8307283E-08 1.5385397E-09 6.6478517E-10 1.7210905E-08 1.4116522E-08 2.6699445E-09 3.6138890E-09 1.3938944E-08 2.1315229E-08 9.4768922E-09 1.0990487E-08 1.6673781E-08  296.2151 302.4783 308.3081 302.0844 301.3319 307.2849 309.1144 306.2798 304.5354 309.0335 309.3282 307.2910 302.7708 307.5310 309.3228 308.3655  134.097
1972 4.5966502E-08 8.4814751E-09 2.9336849E-09 1.5225549E-08 1.9140586E-08 1.4427064E-09 1.2511515E-09 1.9809679E-08 1.3712709E-08 2.1864583E-09 2.3570519E-09 1.4552423E-08 2.0342776E-08 9.5812931E-09 8.6579597E-09 1.4316759E-08  296.0609 301.7645 307.4748 302.0127 300.8596 306.6213 308.7357 305.8862 303.9360 308.2408 308.7889 306.2893 302.2901 306.7381 308.5811 307.2148  162.677
1973 5.1562534E-08 1.1273888E-08 4.2086161E-09 1.6834264E-08 2.0434690E-08 2.1623410E-09 2.2037692E-09 1.7773372E-08 1.3967400E-08 3.3001240E-09 3.7973686E-09 1.2218131E-08 2.1752031E-08 1.2204575E-08 1.2095162E-08 1.8106130E-08  296.0577 301.8026 307.4021 302.1057 301.0986 306.6247 308.6290 305.5339 304.0326 308.0490 308.4721 305.7809 302.3879 306.3019 307.9530 306.1643  245.065
1974 5.0988959E-08 8.3807237E-09 2.0636721E-09 1.2676134E-08 2.2161217E-08 3.0136065E-09 1.0000047E-09 1.2031530E-08 1.6959945E-08 4.3524353E-09 3.3851093E-09 9.9865369E-09 2.2955401E-08 1.0974341E-08 1.0647096E-08 1.5197031E-08  295.3586 301.9403 307.8749 301.9685 300.5053 306.8792 308.7967 306.0311 303.7944 308.5535 308.9845 306.9813 302.1218 306.9830 309.0476 308.0452  146.355
1975 4.4479815E-08 7.2611583E-09 2.3369005E-09 1.2923557E-08 1.7914584E-08 1.2316123E-09 7.2747380E-10 1.5061824E-08 1.3520159E-08 2.3028264E-09 2.6553650E-09 1.1556444E-08 2.0423709E-08 8.8334771E-09 8.8692458E-09 1.6588221E-08  296.1841 302.2847 308.0713 302.1110 301.2480 307.2602 309.2171 306.5015 304.3503 308.8331 309.3376 307.2855 302.8185 307.3819 309.2999 308.2070  344.968
1976 5.0277567E-08 7.3868738E-09 2.3526057E-09 1.3630204E-08 2.1487233E-08 1.9350059E-09 7.8558243E-10 1.2055728E-08 1.6767739E-08 2.7861065E-09 2.5220799E-09 9.7448130E-09 2.3795875E-08 1.1506541E-08 1.0787125E-08 1.6129079E-08  295.3688 301.9370 307.9049 301.9646 300.5777 306.9234 308.9250 306.2191 303.7277 308.6620 309.1720 307.2508 301.8659 306.7930 309.0031 308.1137  193.258
1977 5.5792444E-08 9.1374073E-09 2.1543487E-09 1.1920662E-08 2.6616192E-08 2.8034359E-09 9.5811004E-10 1.7958957E-08 1.6826503E-08 3.3961998E-09 3.5928318E-09 1.8273552E-08 2.2326990E-08 1.1731593E-08 1.1541912E-08 2.0457298E-08  295.9454 302.2808 307.9223 302.0376 300.6840 306.8220 309.1067 305.8827 303.6212 307.8994 308.7054 305.8445 302.3148 306.1094 308.0968 306.3597  333.387
1978 5.6122033E-08 1.2349047E-08 4.4223434E-09 1.3551333E-08 2.4835865E-08 3.0633940E-09 2.1715696E-09 1.8652912E-08 1.5536497E-08 2.8717986E-09 3.8830636E-09 1.4091341E-08 2.1639741E-08 1.0725481E-08 8.9421972E-09 1.5968727E-08  295.5417 301.7447 307.8347 302.1050 300.6049 306.7429 308.9189 306.0370 303.9003 308.3109 308.9774 306.7068 302.4490 306.8882 308.9845 307.5530  166.258
1979 4.9093469E-08 8.3445340E-09 2.3984483E-09 1.3495967E-08 2.1420549E-08 1.7667761E-09 1.2187931E-09 2.0038440E-08 1.5100433E-08 3.3692287E-09 4.2368535E-09 1.9982386E-08 2.2553674E-08 1.2582293E-08 1.2397811E-08 2.0407340E-08  296.1966 302.0099 307.7992 302.1286 301.1420 306.9096 309.0308 306.0200 304.2489 308.4842 308.9103 305.8128 302.4443 306.6006 308.1591 306.1782  271.839
1980 5.5886478E-08 1.0007508E-08 3.6972878E-09 1.4287878E-08 2.6213264E-08 2.8927560E-09 1.6430451E-09 1.9964448E-08 1.5481875E-08 3.2810341E-09 4.4771911E-09 1.4503369E-08 2.2886130E-08 1.1271529E-08 1.1272804E-08 1.7332912E-08  295.9115 302.1859 307.9485 302.1368 300.8039 307.0714 309.2533 306.0620 303.9096 308.4001 309.1942 306.7969 302.5758 306.8827 308.8824 307.4305  112.194
1981 4.6213319E-08 7.0266672E-09 1.7589243E-09 1.2708867E-08 2.0756289E-08 1.7461673E-09 7.8393536E-10 1.3922937E-08 1.7249954E-08 3.0819904E-09 3.2902385E-09 1.2600655E-08 2.3780780E-08 1.1777374E-08 1.0909034E-08 1.4255022E-08  296.1823 302.2279 308.0627 302.0531 301.2428 307.1964 309.1611 306.4570 304.1060 308.7263 309.3088 307.1711 302.2157 306.9489 309.1430 308.0296  400.71
1982 4.8479922E-08 8.8016270E-09 2.5116169E-09 1.2385700E-08 2.0473532E-08 1.9370421E-09 6.9977651E-10 2.1655719E-08 1.4980667E-08 3.2528360E-09 3.3481156E-09 1.5881779E-08 2.0070901E-08 9.5170787E-09 1.0977515E-08 1.8001819E-08  296.3731 301.9443 307.8743 302.1527 301.2999 306.8473 308.9706 306.1649 304.2498 308.5536 309.2717 307.1543 302.6698 307.2647 309.2466 307.9359  208.516
1983 5.1660237E-08 1.2262973E-08 3.8031409E-09 1.4240664E-08 2.2357815E-08 2.9133469E-09 1.7267052E-09 2.5327433E-08 1.4566202E-08 2.7202078E-09 4.7153903E-09 2.2075371E-08 2.1695248E-08 9.4648795E-09 1.0110158E-08 1.9207418E-08  296.5756 301.9290 307.4959 302.1898 301.1309 306.4972 308.7137 305.1641 303.6832 307.6917 307.9947 304.8026 302.3867 306.1188 307.5163 305.4288  286.774
1984 5.6818582E-08 1.0593145E-08 2.0453936E-09 1.1670569E-08 2.6376137E-08 4.3658432E-09 1.7253206E-09 1.3032378E-08 1.7992349E-08 3.5099259E-09 3.7955532E-09 1.1944929E-08 2.3220515E-08 1.1200147E-08 1.2152702E-08 1.8761790E-08  294.7126 301.7010 308.0691 301.9281 300.0352 306.7312 309.0863 306.2615 303.4232 308.3545 309.0896 307.0288 302.0126 306.7552 308.9130 308.0395  73.6129
1985 5.5982635E-08 1.3506799E-08 4.1951189E-09 1.4400793E-08 2.4513193E-08 3.7539873E-09 1.1165596E-09 1.6557154E-08 1.5708236E-08 3.6062249E-09 3.0972176E-09 1.4517919E-08 2.1998520E-08 9.9848432E-09 1.0916609E-08 1.8248818E-08  295.0317 301.4935 307.7754 301.9804 300.3439 306.6024 308.9364 306.3484 303.7680 308.5329 309.2121 307.2278 302.2479 307.2949 309.2921 308.3544  438.581
1986 5.1960022E-08 9.8748076E-09 2.3257021E-09 1.6312235E-08 2.6562924E-08 3.9061017E-09 1.8348169E-09 2.0736973E-08 1.6556090E-08 3.7018102E-09 4.9803313E-09 1.8280792E-08 2.4002777E-08 1.0952071E-08 1.0972011E-08 1.7824728E-08  295.6192 301.7970 307.6701 302.1724 300.5078 306.5773 308.8961 305.8688 303.5377 308.1776 308.9220 306.3071 301.9141 306.5725 308.6933 307.2859  144.194
1987 5.2753531E-08 1.3245530E-08 4.3546207E-09 1.5257339E-08 2.7135853E-08 4.0761803E-09 1.5919873E-09 2.1185931E-08 1.9114372E-08 3.7581263E-09 3.2099259E-09 2.0969447E-08 2.3982761E-08 1.2959088E-08 1.2304119E-08 2.1117103E-08  296.2136 301.8683 307.3013 302.1976 300.6009 306.4796 308.7611 305.4112 303.2523 307.6491 308.3806 305.3000 302.0043 305.8264 307.5774 305.5974  511
1988 5.5276832E-08 1.1212195E-08 2.3443407E-09 1.3048800E-08 2.6289621E-08 3.8015155E-09 9.7682462E-10 1.5911260E-08 1.9802144E-08 4.0016168E-09 3.7870374E-09 1.5782110E-08 2.3914652E-08 1.1949604E-08 1.2964238E-08 2.0852816E-08  295.0370 301.4491 307.6465 302.0045 299.9790 306.4989 308.9689 306.0699 303.1119 307.9209 308.7817 306.3102 301.6222 306.0787 308.0358 306.5850  225.774
1989 5.1421704E-08 1.0012791E-08 2.8260476E-09 1.5115026E-08 2.4174538E-08 2.8076228E-09 1.4623948E-09 1.5289348E-08 1.7361575E-08 4.5576596E-09 4.2195962E-09 1.1872934E-08 2.5236798E-08 1.2644809E-08 1.5117424E-08 2.0776929E-08  295.2031 301.4836 307.7159 302.0300 300.4261 306.8209 308.9259 306.2766 303.5499 308.5177 309.0278 307.1803 301.5987 306.4885 308.5233 307.7621  241.161
1990 4.8259174E-08 8.9193986E-09 2.9636533E-09 1.4124538E-08 2.1147610E-08 2.2064057E-09 1.2393251E-09 1.4524227E-08 1.5518324E-08 2.6476410E-09 2.4846547E-09 1.4018599E-08 2.0634154E-08 8.9816403E-09 9.8543698E-09 1.6342410E-08  296.3898 302.4213 307.9249 302.3052 301.3236 307.1967 309.1786 306.5067 304.3475 308.6809 309.3463 306.9811 302.9288 307.3905 309.3374 307.7561  582.677
1991 5.2453849E-08 1.0709977E-08 3.2325091E-09 1.2542428E-08 2.3760894E-08 2.7780318E-09 1.6294723E-09 1.8960339E-08 1.6744467E-08 3.0124228E-09 4.3712136E-09 1.7163449E-08 2.0450736E-08 1.0940728E-08 1.1375575E-08 1.8728020E-08  296.0932 301.8705 307.7606 302.2863 300.8596 306.8086 309.3281 306.5167 303.7840 308.3289 309.2954 306.9135 302.6653 306.8468 309.0198 307.4167  156.839
1992 4.8630937E-08 8.4962366E-09 2.8076372E-09 1.3317011E-08 2.3394998E-08 2.1667199E-09 1.1576461E-09 1.8942034E-08 1.6716376E-08 2.4939486E-09 3.0586742E-09 1.6710702E-08 2.0970207E-08 1.0376196E-08 9.8460049E-09 1.7671679E-08  296.4170 302.2244 307.5731 302.1698 300.8940 306.7456 308.8629 305.4332 303.5438 307.8544 308.2715 305.1265 302.2769 306.1739 307.7674 305.6556  1227.19
1993 4.9152902E-08 8.8890433E-09 2.0944995E-09 1.3894158E-08 2.3460828E-08 2.4643907E-09 1.3306970E-09 1.8207462E-08 1.7584153E-08 3.1647112E-09 3.2981404E-09 1.7509231E-08 2.1743618E-08 1.1063852E-08 1.1632737E-08 1.8278907E-08  296.0619 301.8464 307.4008 302.0933 300.8134 306.5854 308.6823 305.5331 303.5537 307.9135 308.5131 305.6441 302.3179 306.4034 308.0483 306.2961  376.71
1994 5.1960480E-08 8.6960172E-09 2.1915763E-09 1.3889570E-08 2.4013891E-08 1.6570065E-09 1.2538279E-09 1.5710512E-08 1.9115859E-08 3.3936378E-09 3.0224858E-09 1.3246940E-08 2.4713140E-08 1.2420310E-08 1.1857457E-08 1.8835919E-08  295.4180 301.8415 307.6732 301.9641 300.3808 306.8104 309.0182 305.8436 303.2782 308.0094 308.8614 305.9687 301.8590 306.2334 308.2366 306.4497  174
1995 5.4978265E-08 9.7326227E-09 2.7757494E-09 1.3373836E-08 2.2346264E-08 2.1793300E-09 1.6160819E-09 1.9264478E-08 1.6134258E-08 2.3162465E-09 2.7802631E-09 1.6802474E-08 2.3355740E-08 1.0656186E-08 1.1036461E-08 1.9242547E-08  296.0404 302.2007 307.7203 302.2274 301.0744 306.9634 308.9513 305.6375 304.0389 308.3031 308.8123 305.8177 302.5288 306.4965 308.1425 306.2594  384.645
1996 5.2307612E-08 1.0567123E-08 3.6257803E-09 1.5630425E-08 2.5326402E-08 3.0279101E-09 1.6143985E-09 1.8063842E-08 1.8212367E-08 3.4503838E-09 4.3544852E-09 1.5520431E-08 2.4529710E-08 1.1320331E-08 1.2662206E-08 1.7385702E-08  295.5425 301.6047 307.7155 302.1902 300.4662 306.6589 308.9012 306.2906 303.5005 308.4126 309.0773 307.0198 301.8480 306.5804 308.6342 307.6215  113.516
1997 4.4744716E-08 9.8587432E-09 3.1008800E-09 1.4293514E-08 2.2672227E-08 2.5286218E-09 1.3841533E-09 2.3177090E-08 1.7212017E-08 2.9805738E-09 3.9925623E-09 1.8845581E-08 2.2131019E-08 1.0837248E-08 1.1655457E-08 1.9531591E-08  296.4677 301.9908 307.6958 302.2448 301.0292 306.8921 309.1196 306.3579 303.8353 308.2604 309.1004 306.8461 302.3589 306.8055 308.7146 307.3870  2798.13
1998 4.8541370E-08 1.1862454E-08 5.8691265E-09 1.7738778E-08 2.2831323E-08 2.9539395E-09 2.8229075E-09 2.4312639E-08 1.4324708E-08 2.7784217E-09 5.2807119E-09 2.0479897E-08 2.0452960E-08 9.7267421E-09 1.1634957E-08 1.8004686E-08  296.8042 301.9748 307.7437 302.1346 301.1349 306.7073 308.9482 305.9757 303.9801 308.0109 308.6241 306.1319 302.6578 306.4012 307.9219 306.4170  567.968
1999 5.4386245E-08 1.1772073E-08 3.4559136E-09 1.2204481E-08 2.4121412E-08 2.8771998E-09 1.0911525E-09 1.1701961E-08 1.6865764E-08 3.7735144E-09 3.2977847E-09 1.0124308E-08 2.2466132E-08 1.0286843E-08 1.1489060E-08 1.5067720E-08  295.4859 301.7836 308.0451 301.9584 300.7560 306.9059 308.9787 306.5148 304.0331 308.7047 309.2129 307.5985 302.4786 307.4186 309.5651 308.9777  613.839
2000 5.0737295E-08 1.1158900E-08 3.7910830E-09 1.4732282E-08 2.5587195E-08 4.1130046E-09 1.8663044E-09 1.3345720E-08 1.9871065E-08 4.7069961E-09 4.2260249E-09 1.3052954E-08 2.3821455E-08 1.2140084E-08 1.0811095E-08 1.6462176E-08  295.4946 301.8607 308.0457 302.2414 300.4971 306.8242 309.0946 306.5868 303.7228 308.6078 309.1659 307.4467 302.3089 307.2615 309.6664 308.9601  105.484
2001 5.1553293E-08 1.0961313E-08 3.8700301E-09 1.5908821E-08 2.4869399E-08 3.4254000E-09 2.3591324E-09 1.5301687E-08 1.7460037E-08 4.0357837E-09 4.5768620E-09 1.4895365E-08 2.2254580E-08 1.0516528E-08 1.1605811E-08 1.7922069E-08  295.2364 301.5592 307.5688 302.2445 300.4053 306.6271 308.9750 306.3088 303.5807 308.1400 308.8958 306.6631 302.1492 306.7661 308.7263 307.5303  750.032
2002 5.3793560E-08 1.3051761E-08 4.2050305E-09 1.4489589E-08 2.4691115E-08 3.6669570E-09 1.9573689E-09 1.9089191E-08 1.9342490E-08 3.6038528E-09 4.1450599E-09 1.5499323E-08 2.4738798E-08 1.0466593E-08 1.0725471E-08 1.7538712E-08  295.4155 301.6964 307.8618 302.2088 300.5238 306.9136 309.2900 306.1720 303.5871 308.4929 309.2920 306.7603 302.1415 307.0190 309.2108 307.8953  201.387
2003 5.6474235E-08 9.1481551E-09 2.5698728E-09 1.3274973E-08 2.3193474E-08 2.0101287E-09 7.6448098E-10 1.4917221E-08 1.8402742E-08 2.9381173E-09 2.6979863E-09 1.3581596E-08 2.6107482E-08 1.2140923E-08 1.0645438E-08 1.9204091E-08  295.5359 301.6990 307.5694 302.0898 300.6874 306.7246 309.1005 306.1773 303.2943 307.9165 308.9116 306.5285 301.4179 305.8251 308.1784 306.7613  198.355
2004 5.2764168E-08 1.1116288E-08 4.0489119E-09 1.4176711E-08 2.4333346E-08 3.6877070E-09 1.9332442E-09 1.5635187E-08 1.6331395E-08 3.6602190E-09 3.2281009E-09 1.1223126E-08 2.0920947E-08 1.0737352E-08 1.1005953E-08 1.6005979E-08  295.8611 302.0421 307.9980 302.2407 300.8905 306.8923 309.1750 306.5316 304.0729 308.4811 309.2874 307.3941 302.7213 307.2502 309.2463 308.3097  225.903
2005 5.4368240E-08 1.1098521E-08 2.6765055E-09 1.2679278E-08 2.3914160E-08 2.5784863E-09 1.0801392E-09 1.5637148E-08 1.7078984E-08 2.3956728E-09 2.7606162E-09 1.3522290E-08 2.3713751E-08 1.0013503E-08 9.8216173E-09 1.7631672E-08  295.7582 302.0501 307.8636 302.3726 300.9973 307.0391 309.3013 306.1973 304.0356 308.5346 309.3102 306.6467 302.5061 306.9181 309.0930 307.1942  487.258
2006 5.0232615E-08 1.2203925E-08 3.2551413E-09 1.3810460E-08 2.6356021E-08 3.8620174E-09 1.3530550E-09 2.0383858E-08 1.7817912E-08 3.7127650E-09 4.5184816E-09 1.7902511E-08 2.1619377E-08 1.1186192E-08 1.1853349E-08 1.8822108E-08  296.4551 302.1882 308.1889 302.3064 300.9902 306.9934 309.2932 306.5158 304.0518 308.7005 309.5056 307.2837 302.6636 307.4662 309.3103 308.0226  127.548
2007 5.3071460E-08 1.1910433E-08 3.4222996E-09 1.3594976E-08 2.2458499E-08 2.3976829E-09 1.3910689E-09 2.0935930E-08 1.3564448E-08 1.6186367E-09 2.5529701E-09 1.5162227E-08 1.9187278E-08 8.9234051E-09 8.9575680E-09 1.4979063E-08  296.4501 302.1196 308.0447 302.2976 301.1991 307.1029 309.3373 306.5889 304.4167 308.7004 309.5167 307.3610 303.0266 307.3398 309.4788 308.2307  852.065
2008 5.0345008E-08 9.5028883E-09 1.9379309E-09 1.1763068E-08 2.3360784E-08 2.3156570E-09 8.9815333E-10 1.1084039E-08 1.7708713E-08 3.4798531E-09 2.9822198E-09 1.1523428E-08 2.2576762E-08 1.0725604E-08 1.0270679E-08 1.6378873E-08  295.4824 302.0541 308.3424 302.1632 300.6947 307.2189 309.3855 306.7817 304.0243 309.0041 309.5661 307.5536 302.3978 307.4383 309.5093 308.3632  195.452
2009 5.0104731E-08 1.0292642E-08 3.2308274E-09 1.6582202E-08 2.2475957E-08 2.6302076E-09 1.5886630E-09 1.7594035E-08 1.5764149E-08 3.3472181E-09 4.2298076E-09 1.4859326E-08 2.2785375E-08 1.1061870E-08 1.3217332E-08 1.9959863E-08  296.0673 301.9932 307.9760 302.2497 300.9463 306.9346 309.1579 306.4790 304.0511 308.7180 309.1842 307.0389 302.3333 306.9355 308.8606 307.8221  154.484
2010 5.4293288E-08 1.1666462E-08 2.8250580E-09 1.3784762E-08 2.1231227E-08 2.3124587E-09 1.9609547E-09 1.7151535E-08 1.3857103E-08 2.4788065E-09 3.7231973E-09 1.2764320E-08 1.9719401E-08 8.6184579E-09 8.7061052E-09 1.5599676E-08  0.0000000E+00 0.0000000E+00 0.0000000E+00 0.0000000E+00 0.0000000E+00 0.0000000E+00 0.0000000E+00 0.0000000E+00 0.0000000E+00 0.0000000E+00 0.0000000E+00 0.0000000E+00 0.0000000E+00 0.0000000E+00 0.0000000E+00 0.0000000E+00  451.806
2011 5.2421509E-08 1.1104041E-08 3.1785210E-09 1.3561900E-08 2.4322393E-08 2.5368296E-09 1.4953294E-09 1.7187034E-08 1.6416823E-08 2.5848406E-09 3.7344270E-09 1.4766559E-08 2.1096250E-08 8.5222398E-09 9.4797850E-09 1.5664241E-08  295.8811 301.8711 308.1446 302.1313 300.7581 306.8318 308.9911 306.5799 304.0128 308.7697 309.1662 307.3525 302.5541 307.4557 309.4334 308.5308  81.9355
2012 4.8952302E-08 1.4115495E-08 6.5053336E-09 1.8457262E-08 2.0015825E-08 2.5249891E-09 2.6474711E-09 2.2511612E-08 1.1778540E-08 2.5243065E-09 4.0677954E-09 1.6668345E-08 1.8656015E-08 8.0487075E-09 7.5513507E-09 1.3942161E-08  296.0682 301.4044 307.6362 302.0888 300.8813 306.5031 308.7259 306.4854 304.2726 308.4813 309.0496 307.2844 302.8001 307.4174 309.5218 308.4728  379.71
2013 5.3664202E-08 9.6460102E-09 3.0929557E-09 1.4195282E-08 2.2804429E-08 2.2141744E-09 1.3550405E-09 1.7028317E-08 1.4989309E-08 2.7964904E-09 4.3244999E-09 1.6468659E-08 2.2616696E-08 1.1752704E-08 1.2696784E-08 1.9937898E-08  295.5455 302.0443 307.9327 302.1323 300.8491 306.9999 309.0712 306.2244 304.1085 308.6405 309.1870 306.7926 302.3214 306.9011 308.8250 307.2859  70.2258
2014 4.4859409E-08 7.9127487E-09 2.8914007E-09 1.5199735E-08 1.8224465E-08 2.6251783E-09 1.4328033E-09 1.9882815E-08 1.3891767E-08 2.5843174E-09 3.0526506E-09 1.3407150E-08 2.2117769E-08 9.4235615E-09 7.6803248E-09 1.1166755E-08  296.4369 302.2693 307.9682 302.2392 301.5251 307.0497 309.0872 306.3018 304.3456 308.6449 309.2857 307.0833 302.6247 307.3211 309.5307 308.4574  64.2258
2015 5.1335597E-08 8.5061185E-09 4.3488328E-09 1.4254107E-08 2.1323540E-08 1.3445475E-09 7.8205875E-10 1.8860870E-08 1.5804176E-08 1.8624938E-09 2.6688758E-09 1.3877823E-08 1.9561687E-08 8.8516598E-09 6.5050880E-09 1.4291434E-08  296.2971 302.1703 307.6293 302.1772 300.9524 306.8902 309.0613 306.0610 303.8385 308.5683 309.3132 306.6668 302.6851 307.1527 309.3723 307.6335  98.2903
