STN,prec_1,prec_2,prec_3,prec_4,prec_5,prec_6,prec_7,prec_8,prec_9,prec_10,prec_11,prec_12,prec_13,prec_14,prec_15,prec_16,st_1,st_2,st_3,st_4,st_5,st_6,st_7,st_8,st_9,st_10,st_11,st_12,st_13,st_14,st_15,st_16,03.0
LAT,26.51077,26.51077,26.51077,26.51077,29.30136,29.30136,29.30136,29.30136,32.09194,32.09194,32.09194,32.09194,34.88252,34.88252,34.88252,34.88252,26.51077,26.51077,26.51077,26.51077,29.30136,29.30136,29.30136,29.30136,32.09194,32.09194,32.09194,32.09194,34.88252,34.88252,34.88252,34.88252,30.7512899
LON,-104.0625,-101.2500,-98.43750,-95.62500,-104.0625,-101.2500,-98.43750,-95.62500,-104.0625,-101.2500,-98.43750,-95.62500,-104.0625,-101.2500,-98.43750,-95.62500,-104.0625,-101.2500,-98.43750,-95.62500,-104.0625,-101.2500,-98.43750,-95.62500,-104.0625,-101.2500,-98.43750,-95.62500,-104.0625,-101.2500,-98.43750,-95.62500,-98.6697599
1958 1.3735304E-08 2.5771200E-08 2.7523445E-08 1.9885954E-08 1.7126720E-08 2.5079911E-08 3.0476698E-08 3.8654765E-08 2.0395946E-08 2.8437569E-08 3.9561204E-08 5.2814421E-08 2.5716703E-08 3.2807684E-08 3.9799289E-08 4.5367226E-08  285.6423 288.8009 294.0685 293.9989 285.3438 289.2269 291.4885 290.9347 285.1128 287.4148 287.0414 285.6367 280.9161 283.1800 282.9775 282.6837  850.742
1959 1.5345771E-08 2.7061182E-08 2.8166893E-08 2.0821455E-08 1.7581261E-08 2.0506874E-08 2.1983187E-08 3.0752386E-08 1.6330867E-08 2.0240760E-08 3.0637704E-08 4.3103750E-08 1.9950885E-08 2.6856760E-08 3.3838379E-08 4.0635697E-08  285.4156 288.4625 294.1172 295.0983 284.7735 288.9813 291.9108 291.7938 284.7936 287.5738 287.4341 286.3140 280.8319 283.3922 283.4677 283.1623  147.065
1960 9.5543271E-09 2.0326414E-08 2.1037655E-08 1.3837473E-08 1.1688479E-08 1.4167796E-08 1.6092025E-08 1.7571832E-08 1.0795357E-08 1.2734841E-08 2.2818288E-08 3.4352727E-08 1.4139059E-08 1.8344995E-08 2.8674489E-08 3.8415052E-08  287.5727 290.3489 295.3403 294.1151 286.7236 290.5434 293.3546 292.8419 285.7699 288.6764 288.6741 287.4384 281.3403 284.0745 284.2009 283.8292  253.065
1961 7.2919222E-09 1.4710885E-08 1.5858028E-08 9.9366275E-09 9.5212513E-09 1.2433452E-08 1.4885204E-08 1.9336257E-08 9.7108632E-09 1.1761096E-08 2.1180815E-08 3.1718034E-08 1.3100622E-08 1.6943348E-08 2.6263811E-08 3.4626542E-08  287.9349 291.2619 296.2978 294.6577 287.2723 291.3607 293.9331 293.3129 286.4088 289.1904 288.7403 287.5399 281.6911 284.1532 283.8818 283.5067  388.774
1962 9.1135135E-09 1.8372361E-08 2.2223645E-08 1.3011531E-08 9.7528305E-09 1.4109224E-08 1.4477989E-08 1.8202899E-08 9.5020480E-09 1.2278731E-08 2.1293978E-08 2.8733400E-08 1.2537485E-08 1.7877285E-08 2.8430657E-08 3.4886135E-08  288.5807 291.8140 296.8435 295.3349 287.9210 292.2891 295.2392 294.5740 287.1433 290.3785 290.4737 289.1699 282.7158 285.7669 285.7524 285.3088  143.226
1963 1.3617548E-08 2.4973204E-08 2.6465768E-08 1.6137701E-08 1.6995049E-08 1.9750717E-08 1.9690349E-08 2.1095619E-08 1.4447690E-08 1.8704398E-08 2.4569308E-08 3.3277455E-08 1.6625616E-08 2.0650994E-08 2.7032959E-08 3.4488206E-08  287.3232 290.1565 295.2161 294.0431 286.4520 290.5062 293.2883 292.8076 286.0826 288.9794 288.9777 287.5475 282.0397 284.7360 284.5295 283.7163  99.6452
1964 1.0878438E-08 1.9494603E-08 2.1024913E-08 1.5109345E-08 1.2271255E-08 1.6326513E-08 1.7711759E-08 2.2565196E-08 1.3255482E-08 1.6764311E-08 2.7113400E-08 3.5888533E-08 1.7335481E-08 2.3715723E-08 3.2710560E-08 3.8392088E-08  286.6392 289.7756 294.9554 293.7696 286.2131 290.2705 292.9202 292.3217 285.9311 288.7159 288.4124 287.0432 281.8365 284.3499 284.2119 283.6942  180.258
1965 1.3090905E-08 2.6079849E-08 2.8736059E-08 1.4750719E-08 1.6824593E-08 2.4459014E-08 2.3948781E-08 2.7977329E-08 1.4784891E-08 2.1727805E-08 3.2459351E-08 4.2674628E-08 1.7014580E-08 2.5944445E-08 3.5771112E-08 4.4416776E-08  286.9711 290.3321 295.8079 294.3592 286.6002 290.9521 293.9550 293.5525 286.3654 289.2975 289.3190 288.2065 282.4741 284.9221 284.8090 284.4406  227.097
1966 1.2392383E-08 2.2919773E-08 2.5189319E-08 1.6385711E-08 1.5678713E-08 2.2650417E-08 2.5932183E-08 2.8377272E-08 1.6664135E-08 2.4317004E-08 3.8276163E-08 4.5030159E-08 2.0708306E-08 3.0880443E-08 4.2384418E-08 4.7464333E-08  285.7572 288.9118 294.2905 293.6286 285.4657 289.5088 292.0714 291.5692 285.3277 288.0065 287.6271 286.2589 281.3705 283.7753 283.4699 283.0319  95.6774
1967 1.0259464E-08 2.0026931E-08 2.2466333E-08 1.3363617E-08 1.1993484E-08 1.5789142E-08 1.6686664E-08 1.9226741E-08 1.0649627E-08 1.2549204E-08 2.0361789E-08 2.9969016E-08 1.3038200E-08 1.8199231E-08 2.6303500E-08 3.3354276E-08  287.4555 290.4352 295.3806 294.1380 286.7572 290.6992 293.3370 292.8166 286.1442 288.9539 288.6526 287.2376 281.6854 284.2618 283.9380 283.4554  94.3871
1968 1.8074829E-08 2.7880080E-08 3.1357615E-08 1.6460229E-08 2.1594390E-08 2.5264663E-08 2.5588676E-08 2.5831650E-08 1.9052598E-08 2.3803413E-08 3.1698622E-08 3.4503135E-08 2.2377646E-08 2.7877968E-08 3.3884319E-08 3.7292377E-08  286.2128 289.4162 294.8965 294.3552 285.8160 290.1432 292.9816 292.6880 285.7036 288.5114 288.3902 287.2876 281.5814 284.1538 284.0871 283.6794  1024.87
1969 1.7101597E-08 2.8178468E-08 2.8346715E-08 1.7885410E-08 1.8149800E-08 2.2941514E-08 2.4865775E-08 2.7603519E-08 1.7045151E-08 2.2657852E-08 3.4446938E-08 4.0604821E-08 2.0325562E-08 2.7427737E-08 3.6188627E-08 3.8103689E-08  285.3602 288.7087 294.3399 294.3279 285.2568 289.5131 292.2234 291.8526 285.3801 288.2779 288.1224 286.8832 281.7966 284.5542 284.4720 284.0655  116.645
1970 1.5273967E-08 2.6724255E-08 2.9157594E-08 1.9390598E-08 1.7461218E-08 2.2079101E-08 2.4029220E-08 2.6983509E-08 1.4175515E-08 1.8414509E-08 2.9180573E-08 3.6840081E-08 1.7773797E-08 2.5154621E-08 3.2116990E-08 3.9406256E-08  285.8278 288.6730 293.8825 293.7576 285.4171 289.2738 291.8312 291.5435 285.5281 288.0800 287.5774 286.3904 281.6241 283.9818 283.6992 283.1389  1539.26
1971 1.0278218E-08 1.8651757E-08 2.4182480E-08 1.3862329E-08 1.0990741E-08 1.4316081E-08 1.5305110E-08 2.1229653E-08 9.0151531E-09 1.1525898E-08 2.0000043E-08 3.0614252E-08 1.0427877E-08 1.4061850E-08 2.1730056E-08 3.2221934E-08  288.3209 291.6953 296.6505 294.7299 287.7545 292.1494 295.1547 294.5616 287.0366 290.2132 290.4279 289.2480 282.7234 285.4030 285.4138 284.9718  134.097
1972 1.1746865E-08 2.0380769E-08 2.3361709E-08 1.5835703E-08 1.3626376E-08 1.7530878E-08 1.8532216E-08 2.3581503E-08 1.1865724E-08 1.4923913E-08 2.2875172E-08 3.2056757E-08 1.4147542E-08 1.8681146E-08 2.6479873E-08 3.2155114E-08  287.3938 290.8522 296.1562 294.5815 286.9088 291.2741 294.2824 293.8507 286.6376 289.6355 289.7508 288.4155 282.6871 285.3038 285.1758 284.4685  162.677
1973 1.4742381E-08 2.4186042E-08 2.6306974E-08 2.0057561E-08 1.7222140E-08 2.2414669E-08 2.8676363E-08 3.4145604E-08 1.7543547E-08 2.2944235E-08 3.8360579E-08 4.9670167E-08 1.9573307E-08 2.7778560E-08 4.0307512E-08 4.7724942E-08  285.2275 288.4986 293.9012 293.9341 285.0813 289.1279 291.5105 290.9185 285.2202 287.6232 287.0089 285.6693 281.1802 283.2675 282.8786 282.3700  245.065
1974 6.2686656E-09 1.5677685E-08 1.9376966E-08 1.2200688E-08 8.1968494E-09 1.2730850E-08 1.5305760E-08 1.8489050E-08 9.0107202E-09 1.1626510E-08 2.2869472E-08 3.0960891E-08 1.0817115E-08 1.5689752E-08 2.7171447E-08 3.5066122E-08  288.5764 291.8719 296.9878 295.3452 287.8248 292.1989 295.1611 294.6371 286.7765 289.9404 290.0678 288.9712 282.1481 284.9313 284.9015 284.4768  146.355
1975 1.0848246E-08 2.1379149E-08 2.4169081E-08 1.4801404E-08 1.4262969E-08 2.0590011E-08 2.0316019E-08 2.2436293E-08 1.3158893E-08 1.6092624E-08 2.4029132E-08 3.1651020E-08 1.4776496E-08 1.9058207E-08 2.7272728E-08 3.2952897E-08  286.9436 290.1851 295.6426 294.9871 286.3851 290.7470 293.8769 293.5786 285.9323 289.3096 289.6595 288.4291 281.6828 284.8519 285.1670 284.6014  344.968
1976 1.0300207E-08 1.7785634E-08 2.2502510E-08 1.3741666E-08 1.1760139E-08 1.7133178E-08 1.6843060E-08 2.1856287E-08 1.1106132E-08 1.4663615E-08 2.1972765E-08 3.3934050E-08 1.3342681E-08 1.6090963E-08 2.3626409E-08 3.1559793E-08  287.4555 291.0220 296.3046 294.0215 287.0621 291.5287 294.4625 293.7594 286.4182 289.7748 289.8322 288.3163 282.1993 285.1857 285.1666 284.3702  193.258
1977 1.5321429E-08 2.3084969E-08 2.5178135E-08 1.6184464E-08 2.1436660E-08 2.3623929E-08 2.8148799E-08 3.5431860E-08 2.2248052E-08 2.9007554E-08 4.2832848E-08 5.2034274E-08 2.6568788E-08 3.5803946E-08 4.4715012E-08 5.0247071E-08  284.6528 288.2130 294.1044 294.0032 284.1407 288.5698 291.5672 291.3367 284.1824 286.8808 286.7760 285.7959 280.0660 282.3473 282.3710 282.2609  333.387
1978 1.5413942E-08 2.5196256E-08 2.4711969E-08 1.4996031E-08 1.7135553E-08 2.2001084E-08 2.1409370E-08 2.3673040E-08 1.6557275E-08 1.9522462E-08 2.8489033E-08 3.5609517E-08 1.9019495E-08 2.4869308E-08 3.1507774E-08 3.6214043E-08  285.9264 289.1195 294.4955 293.7209 285.5820 289.7122 292.3697 291.8282 285.6643 288.4032 287.8855 286.4781 281.7619 284.1226 283.7317 283.0306  166.258
1979 1.2373047E-08 2.1835930E-08 2.0713127E-08 1.2632711E-08 1.3045344E-08 1.4698634E-08 1.4676939E-08 1.6973543E-08 1.0803387E-08 1.3511980E-08 2.2387102E-08 3.1795238E-08 1.3746873E-08 1.8577666E-08 2.6867358E-08 3.3166206E-08  286.3747 289.7157 295.3156 294.0294 286.0575 290.4469 293.4342 292.8873 285.9243 289.0972 288.8829 287.4276 281.7611 284.6045 284.4425 283.8019  271.839
1980 2.1201780E-08 3.1396670E-08 2.9502758E-08 1.6579325E-08 2.2979181E-08 2.6518475E-08 2.5167740E-08 2.6414309E-08 2.1399455E-08 2.7462390E-08 3.5243854E-08 4.0313637E-08 2.4490395E-08 2.8700983E-08 3.2233935E-08 3.5925865E-08  284.8419 288.1474 293.8851 294.4063 284.8007 289.1756 292.0273 291.8257 285.1918 287.8951 287.8180 286.7075 281.4357 284.0260 283.9739 283.4444  112.194
1981 1.1192699E-08 2.1179240E-08 2.2153712E-08 1.3843249E-08 1.2503324E-08 1.6465828E-08 1.7909127E-08 2.1919362E-08 1.1654430E-08 1.4237391E-08 2.4471266E-08 3.5748744E-08 1.6543153E-08 2.0924647E-08 3.0072236E-08 3.8237651E-08  286.9946 289.7370 294.6488 293.9835 286.1339 289.8294 292.5226 292.1859 285.3897 288.0006 287.8478 286.6717 280.8427 283.2216 283.1905 282.8289  400.71
1982 1.1797969E-08 2.3883921E-08 2.4190751E-08 1.6261877E-08 1.6300746E-08 2.1035866E-08 2.0558463E-08 2.3088647E-08 1.4340021E-08 1.7742501E-08 2.5682505E-08 3.0517164E-08 1.6600305E-08 2.1071285E-08 2.7986385E-08 3.1594190E-08  286.9975 289.6753 294.8416 294.7366 286.1983 289.9285 292.5706 292.4808 285.9353 288.3911 288.1197 287.1108 281.8540 284.2776 284.1242 283.6771  208.516
1983 6.5758239E-09 1.7314195E-08 1.9191651E-08 1.8748796E-08 1.0467244E-08 1.5832290E-08 2.2569036E-08 3.4838422E-08 1.3857540E-08 1.8615149E-08 3.3393547E-08 5.1094229E-08 2.0212847E-08 2.7716808E-08 4.0193225E-08 5.2198075E-08  285.8123 288.7453 293.8877 294.9681 285.0220 288.5862 290.5418 289.9846 284.1588 286.4712 285.6270 284.1151 279.5332 281.7827 281.2129 280.5359  286.774
1984 1.3798903E-08 2.3119391E-08 2.2465713E-08 1.3702961E-08 1.5900740E-08 1.9075767E-08 2.0083514E-08 2.1980904E-08 1.4545074E-08 1.8060939E-08 2.8715402E-08 3.5752375E-08 1.7838035E-08 2.3282389E-08 3.3902214E-08 3.9202504E-08  287.2179 290.3067 295.6771 294.2538 286.7859 290.9536 293.8427 293.4670 286.6002 289.4171 289.3574 288.1919 282.5905 284.9551 284.8456 284.4034  73.6129
1985 1.2264115E-08 2.2314609E-08 2.6731227E-08 1.4589715E-08 1.4684817E-08 1.9209299E-08 2.1185832E-08 2.1514586E-08 1.2137266E-08 1.5252498E-08 2.5585686E-08 3.4210238E-08 1.2509623E-08 1.6895152E-08 2.5831621E-08 3.4224616E-08  287.6029 290.8778 295.8042 292.8445 287.2790 291.6425 294.4050 293.7090 286.8460 290.0607 289.9654 288.6321 282.7457 285.5572 285.5140 284.9595  438.581
1986 1.3195671E-08 2.3298956E-08 2.5503967E-08 1.5631048E-08 1.7139000E-08 2.1186954E-08 2.2223675E-08 2.7591202E-08 1.5745075E-08 1.9782931E-08 2.8929760E-08 3.9243478E-08 1.9865556E-08 2.5457769E-08 3.2568320E-08 3.9710862E-08  286.0376 288.7889 294.1627 295.3319 285.5058 289.2899 291.9944 291.7866 285.3903 287.9090 287.4958 286.2412 281.2372 283.3797 282.9775 282.4260  144.194
1987 9.3959782E-09 2.0324961E-08 2.5099757E-08 1.7492571E-08 1.2899800E-08 2.0556755E-08 2.8394130E-08 3.7846963E-08 1.7377678E-08 2.7231119E-08 4.2646921E-08 5.2286470E-08 2.5557592E-08 3.6956251E-08 4.6352852E-08 4.8336723E-08  285.4537 288.6644 294.1319 294.1243 285.1367 289.0770 291.4652 291.0489 284.7321 287.2440 287.0242 285.9263 280.6517 283.1422 283.1443 282.9334  511
1988 1.3731411E-08 2.4604624E-08 2.2387262E-08 1.5644902E-08 1.5636560E-08 1.8780581E-08 1.8774626E-08 2.2942777E-08 1.3699301E-08 1.8053644E-08 2.6593458E-08 3.5676212E-08 1.7664426E-08 2.3467882E-08 3.1856271E-08 3.6906549E-08  286.7254 289.2896 294.3694 293.4273 286.3831 290.0503 292.6952 292.1631 286.0659 288.7541 288.5986 287.2869 281.9644 284.5262 284.6396 284.1758  225.774
1989 7.4632620E-09 1.6394253E-08 1.5899671E-08 1.0540198E-08 7.8922335E-09 1.3470352E-08 1.1369209E-08 1.4329701E-08 6.3123640E-09 9.3659231E-09 1.8658218E-08 2.5311090E-08 6.6156969E-09 1.0634151E-08 2.0028095E-08 2.9997338E-08  289.9141 293.3546 298.3461 295.1202 289.7794 294.2021 297.1734 296.2807 288.9955 292.4214 292.5504 291.1842 284.7670 287.7604 287.7278 287.0021  241.161
1990 1.3786672E-08 2.5132948E-08 2.5190404E-08 1.6398563E-08 1.5764899E-08 2.1244210E-08 1.8801479E-08 2.3668481E-08 1.5719625E-08 2.0489304E-08 2.7719652E-08 3.3092043E-08 1.9010498E-08 2.4010795E-08 3.2202415E-08 3.6445030E-08  286.0923 288.8778 294.2096 294.1001 285.5493 289.4613 292.2494 292.0048 285.5291 288.3577 288.1885 286.9006 281.6877 284.3333 284.2325 283.6989  582.677
1991 1.6233439E-08 2.8350270E-08 2.5857126E-08 1.6005105E-08 1.8014372E-08 2.2090768E-08 1.8423805E-08 2.4333859E-08 1.5140975E-08 1.8592823E-08 2.4029546E-08 3.3752713E-08 1.9519430E-08 2.4980013E-08 3.0394173E-08 3.6301646E-08  285.6925 288.3119 293.8647 294.3651 285.4181 289.1879 292.1062 291.8803 285.6944 288.3805 288.1528 286.7951 281.8520 284.4614 284.1961 283.5669  156.839
1992 1.3153486E-08 2.3796112E-08 2.5662263E-08 2.0896300E-08 1.7645744E-08 2.4920615E-08 3.0605662E-08 3.6993999E-08 1.9628938E-08 2.8270570E-08 4.2117630E-08 5.2519329E-08 2.5703061E-08 3.4465636E-08 4.2517907E-08 4.7673709E-08  284.7280 287.7842 293.1271 293.7930 284.3350 288.3175 290.7679 290.4908 284.2134 286.6570 286.3694 285.3241 280.2198 282.6418 282.7128 282.5638  1227.19
1993 1.7901737E-08 2.8210561E-08 2.3559142E-08 1.6609469E-08 1.8409786E-08 2.0460098E-08 2.0153946E-08 2.5545376E-08 1.8209741E-08 2.1010331E-08 2.8510643E-08 3.7576683E-08 2.0686656E-08 2.2775554E-08 2.8230591E-08 3.5312372E-08  285.2839 288.0395 293.5784 294.5891 284.8364 288.9124 291.8588 291.4547 284.9019 287.7797 287.8250 286.4590 281.0088 283.8839 284.0302 283.4417  376.71
1994 1.5580026E-08 2.5143677E-08 2.3739576E-08 1.4731753E-08 1.6298008E-08 1.9345158E-08 1.7936934E-08 2.2765455E-08 1.3663149E-08 1.7398142E-08 2.4744581E-08 3.3015095E-08 1.5998733E-08 1.9883661E-08 2.6685944E-08 3.0814260E-08  286.0330 288.9570 294.3482 294.4773 285.6711 289.6933 292.5918 292.1427 285.7505 288.6216 288.4113 287.0496 281.8317 284.5107 284.4035 283.8146  174
1995 1.9454493E-08 3.0761818E-08 2.6367994E-08 1.6385030E-08 2.0231369E-08 2.3154559E-08 2.3672936E-08 2.5417922E-08 1.8081202E-08 2.2587056E-08 3.0435892E-08 3.6358390E-08 2.2165151E-08 2.8121761E-08 3.3498441E-08 3.7170771E-08  285.1336 287.7777 293.3456 294.5770 284.9606 288.8531 291.5176 291.2691 285.3505 287.9758 287.7682 286.5135 281.6672 284.1986 284.1386 283.6924  384.645
1996 1.4141013E-08 2.3609596E-08 2.2582727E-08 1.2496409E-08 1.5729698E-08 1.9841863E-08 1.8498220E-08 1.8099477E-08 1.2701344E-08 1.5109975E-08 2.2368681E-08 2.9922468E-08 1.3711658E-08 1.6551807E-08 2.4689372E-08 3.1944918E-08  287.7044 290.8297 295.8001 293.8624 287.1723 291.3755 294.2281 293.5016 286.8676 289.9975 289.9162 288.4175 282.8414 285.5384 285.3008 284.6563  113.516
1997 1.0988096E-08 2.1993225E-08 2.0132727E-08 1.0715792E-08 1.3625587E-08 1.7419731E-08 1.4110093E-08 1.8180929E-08 1.1033464E-08 1.3506201E-08 1.9911292E-08 2.9794716E-08 1.3811588E-08 1.7115712E-08 2.4611886E-08 3.2694032E-08  287.6831 290.3542 295.2359 293.7122 287.0299 290.7581 293.3976 292.9734 286.6595 289.2973 288.8583 287.5309 282.4974 284.8605 284.5191 283.7291  2798.13
1998 7.1848150E-09 1.7301662E-08 1.8388706E-08 1.6403341E-08 1.1011580E-08 1.4731319E-08 1.9704208E-08 2.7557100E-08 1.1763034E-08 1.5254001E-08 2.8584280E-08 4.3288953E-08 1.6792324E-08 2.4461144E-08 3.8855752E-08 4.8863107E-08  286.4124 289.3195 294.2948 294.6315 285.5854 289.1153 291.0977 290.1613 284.7315 287.0254 285.9750 284.3476 280.1147 282.2180 281.3446 280.7620  567.968
1999 9.6207504E-09 2.1472468E-08 2.3090447E-08 1.0920543E-08 1.0438660E-08 1.7894779E-08 1.6302419E-08 1.8488979E-08 8.7506020E-09 1.3564356E-08 2.2661299E-08 2.5095829E-08 9.8672697E-09 1.6955742E-08 2.6562715E-08 3.0630652E-08  289.7458 293.2324 298.3327 295.0478 289.7274 294.2027 297.2521 296.3367 289.1730 292.4897 292.8440 291.5757 284.9862 287.9399 287.9827 287.5145  613.839
2000 9.7477111E-09 1.9332054E-08 1.9245556E-08 1.1710856E-08 1.0661122E-08 1.6228723E-08 1.5126432E-08 1.7347325E-08 8.7560217E-09 1.2733374E-08 2.2003759E-08 2.9200093E-08 1.1069581E-08 1.4960248E-08 2.3050584E-08 3.1337041E-08  289.3605 292.4446 297.3625 295.3029 289.2149 293.3284 296.0508 295.1462 288.5456 291.5233 291.6335 290.2103 284.3307 286.8653 286.7159 286.0159  105.484
2001 1.4318651E-08 2.6069948E-08 2.6188031E-08 1.4938951E-08 1.6364698E-08 2.3164977E-08 2.1849175E-08 2.2641078E-08 1.4234846E-08 2.0220464E-08 2.7923550E-08 3.3075334E-08 1.6311075E-08 2.2540673E-08 3.2254217E-08 3.5833821E-08  287.3542 290.5199 295.8989 294.6649 287.1602 291.3671 294.3748 294.0594 287.0154 289.9591 290.1040 288.9888 283.0343 285.6321 285.7200 285.4412  750.032
2002 1.5571661E-08 2.6818674E-08 2.3437435E-08 1.3912954E-08 1.6986238E-08 1.9263515E-08 1.5835431E-08 2.0461831E-08 1.2825241E-08 1.5082195E-08 2.0099867E-08 2.7015345E-08 1.5965353E-08 1.9599268E-08 2.3854625E-08 2.8704040E-08  286.1381 288.9370 294.6017 294.5547 285.9486 289.9544 292.9806 292.5487 286.1781 289.0000 288.7858 287.3558 282.2640 284.7874 284.6385 283.8558  201.387
2003 1.7101724E-08 2.9673259E-08 2.7979558E-08 1.6283273E-08 2.0178861E-08 2.4768902E-08 2.3122880E-08 2.5367379E-08 1.7983151E-08 2.2523398E-08 3.0708673E-08 3.9103057E-08 2.0220483E-08 2.5345443E-08 2.9246138E-08 3.5212096E-08  285.8163 288.5587 293.7286 293.4255 285.3344 289.1626 291.7758 291.3205 285.3977 288.0670 287.8761 286.6674 281.9033 284.5851 284.4825 283.9515  198.355
2004 1.1097710E-08 2.0798376E-08 2.0017685E-08 1.2184880E-08 1.3366651E-08 1.7658611E-08 1.4741057E-08 1.7019289E-08 1.2149902E-08 1.4164566E-08 1.9553072E-08 2.8155982E-08 1.5785682E-08 1.9795925E-08 2.5246154E-08 3.0817883E-08  287.2634 290.2235 295.4534 293.6912 286.8064 290.7704 293.6273 293.0280 286.5749 289.4906 289.3804 287.9268 282.5439 285.2058 285.1747 284.5132  225.903
2005 1.6190054E-08 3.1136608E-08 2.9205395E-08 1.7923247E-08 1.8462847E-08 2.4402961E-08 2.4765420E-08 2.9820669E-08 1.8148260E-08 2.2928868E-08 3.1515000E-08 3.8726135E-08 2.2599151E-08 2.7029206E-08 3.2430673E-08 3.6368458E-08  286.2082 288.8401 294.1813 294.7485 285.8713 289.5441 292.2845 292.1033 285.7719 288.2408 288.2118 287.1858 281.8938 284.5065 284.6224 284.2669  487.258
2006 8.4480618E-09 1.6563877E-08 1.7851342E-08 9.9355271E-09 1.0565806E-08 1.2840338E-08 1.3938450E-08 1.7623773E-08 9.8581712E-09 1.0413321E-08 1.8783055E-08 3.1574636E-08 1.3208371E-08 1.4193891E-08 2.4753927E-08 3.7037111E-08  287.9100 291.2368 296.5669 295.2097 287.2227 291.5031 294.5579 294.0326 286.5152 289.5109 289.3947 288.2335 282.2317 284.6070 284.2570 283.9055  127.548
2007 1.3136466E-08 2.5191735E-08 1.9864110E-08 1.1594142E-08 1.6391370E-08 2.1242094E-08 1.8663794E-08 1.9559884E-08 1.5715838E-08 2.0492756E-08 2.8160102E-08 3.3299770E-08 1.9174079E-08 2.5239869E-08 3.1887257E-08 3.5460587E-08  286.1890 289.0151 294.4309 293.8120 286.1269 290.0609 292.7593 292.2203 286.2081 288.9482 288.6451 287.2824 282.3072 284.7376 284.5436 284.2130  852.065
2008 6.9213204E-09 1.6034701E-08 1.4275908E-08 9.7262554E-09 6.9162529E-09 9.7489634E-09 9.1721226E-09 1.3102939E-08 5.7938236E-09 7.7157827E-09 1.3982236E-08 2.3268305E-08 7.7657987E-09 1.0531005E-08 1.8421796E-08 2.8741180E-08  289.8679 292.9037 297.6979 294.5230 289.3521 293.3037 295.9975 295.0799 288.4145 291.2905 291.0768 289.5522 283.7988 286.2971 286.0239 285.2567  195.452
2009 1.0477921E-08 2.0305084E-08 1.9122503E-08 1.0432679E-08 1.1337189E-08 1.4424604E-08 1.4053787E-08 1.5195424E-08 9.0956673E-09 1.2405910E-08 2.0126567E-08 2.8067621E-08 1.0954079E-08 1.5231867E-08 2.3033168E-08 3.1676073E-08  288.4945 291.4804 296.4899 294.8619 287.9435 292.1151 294.8855 294.2113 287.6214 290.5383 290.1809 288.7378 283.5358 286.0988 285.6615 284.9185  154.484
2010 1.2078517E-08 2.0605956E-08 2.0271100E-08 1.4832574E-08 1.3258991E-08 1.8693610E-08 2.0848399E-08 2.4909809E-08 1.4301426E-08 2.1359137E-08 3.2251855E-08 3.9247396E-08 1.9772177E-08 2.8895398E-08 3.8043961E-08 4.0211138E-08  0.0000000E+00 0.0000000E+00 0.0000000E+00 0.0000000E+00 0.0000000E+00 0.0000000E+00 0.0000000E+00 0.0000000E+00 0.0000000E+00 0.0000000E+00 0.0000000E+00 0.0000000E+00 0.0000000E+00 0.0000000E+00 0.0000000E+00 0.0000000E+00  451.806
2011 4.1534354E-09 1.0725781E-08 1.1502054E-08 7.9599296E-09 5.7996470E-09 8.5480520E-09 8.4853777E-09 8.6019005E-09 6.8085688E-09 9.4937267E-09 1.4918504E-08 2.1291457E-08 9.5542356E-09 1.3866677E-08 2.3737787E-08 3.0382346E-08  290.3971 294.0597 298.4196 293.4878 289.6877 294.1712 296.6652 295.2176 288.3836 291.7435 291.6656 290.0729 283.6189 286.4122 286.2955 285.7560  81.9355
2012 1.2299412E-08 2.3948719E-08 2.5395689E-08 1.4029692E-08 1.4020927E-08 1.9426093E-08 1.7893164E-08 1.9821648E-08 9.6433590E-09 1.3886315E-08 2.1822824E-08 2.8603431E-08 1.0499416E-08 1.6247135E-08 2.5441137E-08 3.1130636E-08  288.9362 292.2086 297.0852 293.9652 288.4986 292.7926 295.5403 294.9067 288.0436 291.2377 291.1167 289.8656 284.0218 286.7515 286.6614 286.1084  379.71
2013 1.3731825E-08 2.3041069E-08 2.1501844E-08 1.1883830E-08 1.6080193E-08 1.9216058E-08 1.5846370E-08 1.6651233E-08 1.3891848E-08 1.7046261E-08 2.4474643E-08 3.0943678E-08 1.4532489E-08 1.8456330E-08 2.7660759E-08 3.6120550E-08  287.7589 290.7102 295.8644 294.6761 287.3556 291.3572 294.2307 293.7239 287.1124 289.8054 289.4820 288.2657 283.1831 285.4852 285.0892 284.5628  70.2258
2014 1.5337958E-08 2.8009799E-08 2.4365869E-08 1.5611183E-08 1.7663625E-08 2.0473291E-08 1.7882396E-08 1.9953919E-08 1.4512382E-08 1.5125524E-08 1.9651962E-08 2.7519285E-08 1.7079707E-08 1.8539970E-08 2.4634694E-08 3.0796713E-08  286.6860 289.0373 294.1500 294.1328 285.9758 289.7493 292.6005 292.2986 286.1884 288.7922 288.4340 287.1202 282.2669 284.5141 284.2292 283.6523  64.2258
2015 2.2387528E-08 3.4074201E-08 2.8302274E-08 1.5761371E-08 2.5025738E-08 2.8733643E-08 2.4730673E-08 2.5359910E-08 2.2805910E-08 2.6512938E-08 3.0440962E-08 3.5436312E-08 2.6189776E-08 2.7949888E-08 3.0476563E-08 3.3189647E-08  285.3583 288.2635 293.6878 294.0952 285.1424 289.0636 291.7599 291.6748 285.6299 288.1697 287.9449 286.7841 282.1387 284.5438 284.5646 284.1041  98.2903
