STN,00.0
LAT,
LON,
1958 362.129
1959 239.419
1960 247.548
1961 533.065
1962 200.968
1963 111.065
1964 94.2903
1965 189.29
1966 129.452
1967 115.839
1968 110.484
1969 163.097
1970 504.742
1971 144.645
1972 418.097
1973 163.194
1974 290.935
1975 541.419
1976 234.258
1977 301.419
1978 178.29
1979 169.742
1980 140.226
1981 222.484
1982 258.548
1983 167.29
1984 77.8387
1985 1634.42
1986 138.871
1987 830.516
1988 306.097
1989 188.258
1990 191.419
1991 197.194
1992 3178.9
1993 370.677
1994 158.226
1995 303.548
1996 136.226
1997 359.677
1998 280.097
1999 270.452
2000 141.871
2001 549.161
2002 313.613
2003 230.097
2004 157.774
2005 429.677
2006 132.355
2007 99.5806
2008 227.323
2009 103.516
2010 184.484
2011 107.613
2012 128.355
2013 55
2014 121.129
2015 63.129
