STN,01.0
LAT,
LON,
1958 463
1959 198.806
1960 446.968
1961 615.452
1962 181.161
1963 96.4516
1964 98.4516
1965 180.742
1966 113.419
1967 111.29
1968 2483.03
1969 120.774
1970 408.581
1971 123.097
1972 320.387
1973 181.548
1974 245.355
1975 414.613
1976 225.097
1977 296.387
1978 178.419
1979 180.355
1980 155.677
1981 177.613
1982 221.419
1983 136.258
1984 104.806
1985 1506.45
1986 143.419
1987 538.161
1988 272.129
1989 225.774
1990 156.935
1991 223.387
1992 842.774
1993 326.871
1994 171.419
1995 253.613
1996 127.29
1997 147.29
1998 262.548
1999 228.452
2000 143.129
2001 524.032
2002 235.258
2003 180.839
2004 171.452
2005 312.839
2006 130.935
2007 138.613
2008 207.548
2009 104.71
2010 523.548
2011 122.71
2012 124.29
2013 91.871
2014 91.0323
2015 82.9032
