STN,02.0
LAT,
LON,
1958 1679.86
1959 206.321
1960 499.621
1961 865.25
1962 157.75
1963 105.214
1964 161.517
1965 786.786
1966 111.893
1967 103.393
1968 500.034
1969 135.107
1970 534.143
1971 134.571
1972 254.31
1973 307.714
1974 185.357
1975 984.643
1976 204.31
1977 327.964
1978 187.75
1979 322.929
1980 137.966
1981 166.679
1982 223.357
1983 239.607
1984 95.0345
1985 422.75
1986 479.536
1987 504.214
1988 257.517
1989 338.857
1990 214.179
1991 188.929
1992 3753.69
1993 437.679
1994 193.071
1995 189.071
1996 107.414
1997 2349.25
1998 316.25
1999 190.607
2000 132.138
2001 634.464
2002 278.071
2003 223.893
2004 147.034
2005 447.107
2006 129
2007 103.679
2008 197.793
2009 100.607
2010 1082.57
2011 114
2012 293.207
2013 65.4643
2014 80.5714
2015 75.25
