STN,03.0
LAT,
LON,
1958 850.742
1959 147.065
1960 253.065
1961 388.774
1962 143.226
1963 99.6452
1964 180.258
1965 227.097
1966 95.6774
1967 94.3871
1968 1024.87
1969 116.645
1970 1539.26
1971 134.097
1972 162.677
1973 245.065
1974 146.355
1975 344.968
1976 193.258
1977 333.387
1978 166.258
1979 271.839
1980 112.194
1981 400.71
1982 208.516
1983 286.774
1984 73.6129
1985 438.581
1986 144.194
1987 511
1988 225.774
1989 241.161
1990 582.677
1991 156.839
1992 1227.19
1993 376.71
1994 174
1995 384.645
1996 113.516
1997 2798.13
1998 567.968
1999 613.839
2000 105.484
2001 750.032
2002 201.387
2003 198.355
2004 225.903
2005 487.258
2006 127.548
2007 852.065
2008 195.452
2009 154.484
2010 451.806
2011 81.9355
2012 379.71
2013 70.2258
2014 64.2258
2015 98.2903
