STN,04.0
LAT,
LON,
1958 381.467
1959 209.7
1960 299.467
1961 226.067
1962 189.5
1963 82.1667
1964 112.867
1965 164.433
1966 594.033
1967 81.9
1968 1220.67
1969 337.433
1970 549.833
1971 115.633
1972 118
1973 246.167
1974 112.1
1975 487.033
1976 275.533
1977 3114.97
1978 146.667
1979 415
1980 81
1981 837.9
1982 187.367
1983 147.067
1984 51.7
1985 213.067
1986 105.8
1987 346.433
1988 190.3
1989 188.1
1990 278.433
1991 181.5
1992 700.333
1993 376.2
1994 110.333
1995 230.833
1996 109.8
1997 858.367
1998 212.933
1999 219.633
2000 98.3333
2001 476.9
2002 179.433
2003 108.433
2004 662.967
2005 254.033
2006 118.467
2007 318.733
2008 233.933
2009 413.933
2010 871.233
2011 57.6667
2012 129.967
2013 78.5333
2014 48.3
2015 99.3
