STN,05.0
LAT,
LON,
1958 615.29
1959 143.774
1960 142.129
1961 165.226
1962 98.2903
1963 176.065
1964 113.226
1965 1394.52
1966 520.161
1967 347.258
1968 1222.84
1969 324.161
1970 1035.32
1971 106.161
1972 560.065
1973 147.903
1974 929.419
1975 2034.77
1976 221.71
1977 1300.48
1978 149.677
1979 372.484
1980 418.742
1981 488.452
1982 273.774
1983 235.355
1984 41
1985 340.806
1986 156.613
1987 539.258
1988 261.484
1989 412.806
1990 1983
1991 228.581
1992 674.806
1993 255.645
1994 556.161
1995 435.371
1996 50.3226
1997 308.903
1998 122.258
1999 369.774
2000 130.935
2001 379.129
2002 105.548
2003 100.484
2004 238.355
2005 331.226
2006 412.194
2007 2108.19
2008 233.839
2009 230.839
2010 638.355
2011 65.4194
2012 395
2013 124.871
2014 279.484
2015 1703.57
