STN,06.0
LAT,
LON,
1958 931.9
1959 1231.13
1960 70.2
1961 3230.77
1962 196.2
1963 77.6333
1964 30.45
1965 345.4
1966 91.4333
1967 33.4233
1968 411.467
1969 173.933
1970 403.533
1971 55.6333
1972 139.533
1973 242.633
1974 108.867
1975 865.5
1976 208.1
1977 364.833
1978 310.933
1979 1013.1
1980 136.467
1981 2285.47
1982 222.233
1983 381.333
1984 35.0133
1985 116.033
1986 699.9
1987 2891.93
1988 246.167
1989 222.2
1990 158.5
1991 225.1
1992 1363
1993 203.833
1994 191.267
1995 330.033
1996 193.5
1997 4619.77
1998 105.567
1999 194.433
2000 154.767
2001 181.633
2002 85.6
2003 336.967
2004 1295.63
2005 393.167
2006 80.1
2007 2609.67
2008 78.1
2009 91
2010 188.867
2011 9.25667
2012 70.9
2013 53.0333
2014 87.6667
2015 392.1
