STN,11.0
LAT,
LON,
1958 283
1959 180.5
1960 285.733
1961 196.533
1962 95.6667
1963 150.333
1964 397.9
1965 96.5667
1966 121.033
1967 185.267
1968 111.133
1969 769.667
1970 148.467
1971 394.933
1972 169.9
1973 347.767
1974 1004.73
1975 252.733
1976 412.567
1977 192.4
1978 197.467
1979 106.667
1980 198.033
1981 327.6
1982 160.667
1983 95.2667
1984 134.233
1985 183.7
1986 494.033
1987 343.467
1988 173.133
1989 176.367
1990 242.167
1991 228.233
1992 385.4
1993 142.533
1994 255.767
1995 145.133
1996 551.167
1997 260.5
1998 324.933
1999 111.4
2000 7149.07
2001 1945.67
2002 231.033
2003 191.333
2004 2745.43
2005 128.8
2006 82.8667
2007 240.933
2008 96.2667
2009 268.7
2010 88.1333
2011 74.4667
2012 47.7667
2013 119.733
2014 76.5333
2015 203.267
