STN,12.0
LAT,
LON,
1958 239.419
1959 247.548
1960 533.065
1961 200.968
1962 111.065
1963 94.2903
1964 189.29
1965 129.452
1966 115.839
1967 110.484
1968 163.097
1969 504.742
1970 144.645
1971 418.097
1972 163.194
1973 290.935
1974 541.419
1975 234.258
1976 301.419
1977 178.29
1978 169.742
1979 140.226
1980 222.484
1981 258.548
1982 167.29
1983 77.8387
1984 1634.42
1985 138.871
1986 830.516
1987 306.097
1988 188.258
1989 191.419
1990 197.194
1991 3178.9
1992 370.677
1993 158.226
1994 303.548
1995 136.226
1996 359.677
1997 280.097
1998 270.452
1999 141.871
2000 549.161
2001 313.613
2002 230.097
2003 157.774
2004 429.677
2005 132.355
2006 99.5806
2007 227.323
2008 103.516
2009 184.484
2010 107.613
2011 128.355
2012 55
2013 121.129
2014 63.129
2015 214.839
