STN,prec_1,prec_2,prec_3,prec_4,prec_5,prec_6,prec_7,prec_8,prec_9,prec_10,prec_11,prec_12,prec_13,prec_14,prec_15,st_1,st_2,st_3,st_4,st_5,st_6,st_7,st_8,st_9,st_10,st_11,st_12,st_13,st_14,st_15,08.0
LAT,23.72017,23.72017,23.72017,26.51077,26.51077,26.51077,29.30136,29.30136,29.30136,32.09194,32.09194,32.09194,34.88252,34.88252,34.88252,23.72017,23.72017,23.72017,26.51077,26.51077,26.51077,29.30136,29.30136,29.30136,32.09194,32.09194,32.09194,34.88252,34.88252,34.88252,28.30888906
LON,-101.2500,-98.43750,-95.62500,-101.2500,-98.43750,-95.62500,-101.2500,-98.43750,-95.62500,-101.2500,-98.43750,-95.62500,-101.2500,-98.43750,-95.62500,-101.2500,-98.43750,-95.62500,-101.2500,-98.43750,-95.62500,-101.2500,-98.43750,-95.62500,-101.2500,-98.43750,-95.62500,-101.2500,-98.43750,-95.62500,-98.5572384
1958 1.9577733E-08 2.4397158E-08 2.2353984E-08 2.2251854E-08 1.4169853E-08 1.4996338E-08 1.8616007E-08 1.2794262E-08 1.8535381E-08 1.7303600E-08 1.9083924E-08 2.8242004E-08 2.1898872E-08 2.7537965E-08 3.1959722E-08	288.0090 292.7302 299.1634 289.9502 295.7612 298.1679 290.5842 294.0589 293.7195 288.8026 289.7542 288.9062 284.3519 284.9193 284.7667	2.15806
1959 2.0489061E-08 2.4175629E-08 1.9428914E-08 2.1319511E-08 1.5107462E-08 1.1740394E-08 1.5390304E-08 1.1154725E-08 1.3099500E-08 1.6642140E-08 2.0829507E-08 2.4458952E-08 2.2075847E-08 3.2859226E-08 3.5875207E-08	288.2454 292.9162 299.1212 289.9135 295.9047 298.1407 290.4220 294.0791 293.8476 288.6464 289.5817 288.8835 284.5198 284.8469 284.6975	128.097
1960 1.6769084E-08 1.9606844E-08 1.7625268E-08 1.9040861E-08 1.0623062E-08 9.6236050E-09 1.8345872E-08 1.0370647E-08 1.1466462E-08 1.8470329E-08 2.0118115E-08 2.3671150E-08 1.8788862E-08 2.8350776E-08 3.3895372E-08	288.3120 292.8750 299.2778 290.2480 296.1655 298.2540 291.0686 294.5710 294.3399 289.3635 290.5279 289.7476 285.2191 285.8842 285.7741	392.235
1961 2.1651406E-08 2.1348050E-08 1.4038949E-08 2.5933206E-08 1.6257260E-08 9.4991854E-09 2.0363000E-08 1.4441280E-08 1.2255525E-08 1.5896639E-08 2.0012664E-08 2.2867585E-08 1.4663102E-08 2.4111669E-08 2.9525241E-08	288.8048 293.6739 299.0986 290.8889 296.7628 298.1311 291.7372 295.1454 294.8282 290.0577 291.0705 290.2615 285.8767 286.4480 286.2178	456.935
1962 1.8042412E-08 1.9599453E-08 1.4596184E-08 2.1287152E-08 1.3411274E-08 1.0183481E-08 1.7167867E-08 1.1220595E-08 1.2956161E-08 1.5191047E-08 1.9252250E-08 2.2878416E-08 1.9636852E-08 3.0019269E-08 3.1887300E-08	289.1825 293.9641 299.0859 291.3233 297.2402 298.1202 292.2088 295.7054 295.2431 290.3888 291.5125 290.8398 286.1502 286.8639 286.9314	0
1963 2.4056956E-08 2.6981020E-08 2.1346231E-08 2.8762907E-08 2.0470512E-08 1.4274625E-08 2.2039927E-08 1.6111963E-08 1.8279312E-08 1.9262904E-08 2.2306244E-08 2.9126253E-08 2.0261115E-08 2.6856803E-08 2.9554533E-08	288.3049 292.8975 299.1458 290.0198 295.8150 298.1586 290.7089 294.0996 293.7134 289.3086 290.2572 289.2107 285.5266 286.0924 285.6837	0
1964 1.8590395E-08 2.1028407E-08 1.7697241E-08 2.1490147E-08 1.3608990E-08 1.1112022E-08 1.6259451E-08 1.1430596E-08 1.3291979E-08 1.2118299E-08 1.4569896E-08 2.0042695E-08 1.6408318E-08 2.0938232E-08 2.1557637E-08	288.7904 293.4185 299.2393 290.7723 296.6840 298.2309 291.6575 295.0669 294.6737 290.0846 291.0434 290.0492 285.8275 286.3271 286.0019	202.506
1965 3.1461159E-08 3.6557516E-08 2.2866139E-08 3.1588147E-08 2.5842818E-08 1.8118005E-08 2.1841370E-08 1.9493392E-08 2.3135739E-08 1.9613728E-08 2.3728473E-08 3.3733286E-08 2.2596865E-08 2.7579922E-08 3.2870659E-08	288.0917 292.5254 298.9599 289.5141 295.1797 298.0234 289.9972 293.4348 293.4386 288.5525 289.4411 288.7795 284.6809 285.2356 285.0729	1.2871
1966 2.6114424E-08 2.5451820E-08 1.9622519E-08 2.7872352E-08 2.0497257E-08 1.4791852E-08 1.8312244E-08 1.6053193E-08 2.0171068E-08 1.4721499E-08 1.9235486E-08 2.6191632E-08 2.0111401E-08 2.7391581E-08 3.0252892E-08	287.5567 292.3683 299.0699 289.1754 295.1064 298.1127 289.8868 293.2674 293.2094 288.4725 289.3172 288.4731 284.6436 285.0632 284.7949	146.677
1967 2.1104359E-08 2.2709703E-08 1.7381868E-08 2.1690148E-08 1.4385786E-08 1.0125516E-08 1.6388578E-08 1.3605928E-08 1.2297646E-08 1.1119694E-08 1.9745233E-08 2.5648099E-08 1.2024201E-08 2.1089223E-08 2.9751574E-08	288.4460 293.0952 299.0753 290.3260 296.0594 298.1124 291.0533 294.2683 293.9497 289.4556 290.1668 289.2139 285.3369 285.6402 285.3649	425.249
1968 1.9517872E-08 2.3299760E-08 1.8057424E-08 1.9344904E-08 1.2180698E-08 1.0690733E-08 1.5056095E-08 8.5655394E-09 1.1705043E-08 1.3243136E-08 1.5130107E-08 2.2047168E-08 1.5858671E-08 2.1448040E-08 2.6010401E-08	288.4128 293.0136 299.0014 290.3965 296.3173 298.0544 291.2177 294.7854 294.1693 289.5714 290.6665 289.6551 285.4592 286.0782 285.7614	0.252258
1969 2.6412161E-08 3.0638549E-08 2.0406965E-08 2.4008115E-08 2.2630424E-08 1.4704455E-08 1.7437323E-08 1.7797259E-08 2.0037305E-08 1.8145668E-08 2.7363415E-08 3.5057198E-08 2.2028649E-08 3.3356759E-08 4.1298350E-08	288.1911 292.7625 299.2213 289.6848 295.3643 298.2184 290.2222 293.5525 293.4568 288.4144 289.2749 288.7286 284.2909 284.8476 284.8241	20.8065
1970 1.3509029E-08 1.5537331E-08 1.6037429E-08 1.4817084E-08 9.8167634E-09 9.4125427E-09 1.3960006E-08 8.8548555E-09 1.0335155E-08 1.3113338E-08 1.5709743E-08 1.8925855E-08 1.5757683E-08 2.1761318E-08 2.4065766E-08	288.3861 293.3336 299.0138 290.6414 296.7016 298.0711 291.6781 295.3341 294.7866 290.1401 291.2863 290.4508 285.8662 286.5811 286.4943	205.84
1971 2.0619531E-08 2.5559293E-08 2.0783228E-08 2.1938755E-08 1.4947991E-08 1.3504547E-08 1.5155670E-08 1.2980961E-08 1.7137198E-08 1.1654414E-08 1.6502790E-08 2.2143977E-08 1.6398161E-08 2.3448074E-08 2.5871682E-08	287.7927 292.5008 299.0094 289.6438 295.6484 298.0726 290.5290 294.0283 293.6056 288.9527 289.8663 288.8789 284.6471 285.2159 285.0550	7196.61
1972 2.8102457E-08 3.4816306E-08 2.4459039E-08 3.0418924E-08 1.9273330E-08 1.4200878E-08 2.4751380E-08 1.5892271E-08 1.7609622E-08 2.0379870E-08 2.5976339E-08 3.1152197E-08 2.1529566E-08 3.0975020E-08 3.5781120E-08	287.6995 292.3430 298.9642 289.0836 295.0583 298.0302 289.5609 293.1967 293.2807 288.0400 288.8753 288.1341 284.0668 284.4641 284.1869	315.119
1973 1.5590784E-08 1.7902874E-08 1.5517788E-08 1.5550519E-08 1.0582028E-08 8.0327069E-09 1.2297142E-08 8.4471692E-09 1.0818189E-08 1.0869941E-08 1.3585935E-08 1.7244865E-08 1.1832999E-08 1.7629796E-08 2.1830287E-08	287.8780 292.8518 299.2221 290.2983 296.3185 298.2241 291.6215 295.1057 294.4358 290.3293 291.3818 290.1659 286.2023 286.8264 286.3767	67.9677
1974 2.0151418E-08 2.4298984E-08 1.6844334E-08 2.0078353E-08 1.6000998E-08 1.3090303E-08 1.3632164E-08 1.0823850E-08 1.4830144E-08 1.1503057E-08 1.7049715E-08 2.2721883E-08 1.3137065E-08 2.2322356E-08 2.8092373E-08	287.7580 292.6787 299.1623 289.9229 295.7834 298.1845 290.7924 294.2980 293.8751 289.1494 289.9853 289.0222 285.0114 285.3644 285.0090	1121.11
1975 1.2904722E-08 1.6266142E-08 1.5555319E-08 1.5554770E-08 8.5065741E-09 1.0435259E-08 1.1948202E-08 8.1507920E-09 9.4472430E-09 1.1606077E-08 1.3489077E-08 1.6996946E-08 1.2989310E-08 1.7861874E-08 2.1516041E-08	288.1775 292.7847 299.2129 290.1243 296.0068 298.2189 291.0279 294.3675 293.8665 289.5574 290.4869 289.4798 285.5233 286.0856 285.7683	220.161
1976 2.3210063E-08 2.4550562E-08 2.0085491E-08 2.5950058E-08 1.5798584E-08 1.3450579E-08 2.1089134E-08 1.5909837E-08 1.6669279E-08 1.7563053E-08 2.0527368E-08 2.3286246E-08 1.9051972E-08 2.4798890E-08 2.7350733E-08	287.9843 292.7496 299.1134 289.6974 295.7622 298.1451 290.3381 294.0403 293.9614 288.6954 289.8091 289.0676 284.6656 285.2571 285.1206	886.871
1977 2.2780780E-08 2.9011845E-08 2.3320220E-08 2.1803173E-08 1.5569558E-08 1.2988867E-08 1.3255581E-08 1.1021327E-08 1.4785233E-08 1.3036364E-08 1.6337381E-08 2.3198622E-08 1.6163289E-08 2.2684441E-08 2.7524285E-08	287.8930 292.5731 299.0469 289.8821 295.6519 298.0956 290.6894 294.0836 293.6187 288.8868 289.7710 288.7940 284.6539 285.0511 284.7672	10.6232
1978 2.2828756E-08 2.5158396E-08 2.0919073E-08 2.2408921E-08 1.5602531E-08 1.3303871E-08 1.8108068E-08 1.2714970E-08 1.5611171E-08 1.9029187E-08 2.2001901E-08 2.5902006E-08 2.2086349E-08 3.0332018E-08 3.2542992E-08	288.0750 292.8912 299.1003 290.2178 296.0710 298.1307 290.9973 294.3798 294.0333 289.0533 290.0007 289.2101 284.7232 285.1941 285.1451	79.2071
1979 2.4360034E-08 2.6257386E-08 1.7727286E-08 2.5615886E-08 1.6766087E-08 1.2663274E-08 1.9903185E-08 1.4240542E-08 1.6399078E-08 1.6687906E-08 1.9796945E-08 2.5773968E-08 2.0693884E-08 2.8047715E-08 3.0701401E-08	288.1128 292.8903 299.0864 290.0433 295.9528 298.1184 290.6776 294.1610 294.0079 289.1248 290.0065 289.2836 285.1225 285.5541 285.3981	1.27581
1980 2.8073156E-08 3.0862445E-08 2.0665622E-08 2.7387383E-08 2.4037151E-08 1.6590404E-08 2.1152903E-08 1.9386334E-08 1.9759446E-08 2.1255508E-08 2.8591668E-08 3.5060975E-08 2.4458281E-08 3.5398948E-08 4.4128498E-08	288.7039 293.2919 299.1185 290.3908 296.0530 298.1391 290.7413 294.1528 294.1405 288.8431 289.7311 289.0763 284.7461 285.2282 285.0803	1602.61
1981 1.7373033E-08 1.8631223E-08 1.6193292E-08 2.1353600E-08 1.3695580E-08 1.1866359E-08 1.8344398E-08 1.4847410E-08 1.4403107E-08 1.8611072E-08 2.4072193E-08 2.2780325E-08 2.3604839E-08 3.1050117E-08 2.6042757E-08	288.0307 292.8784 299.0500 289.8405 295.8389 298.0969 290.7525 294.1482 293.9823 289.4422 290.4236 289.5729 285.5404 286.1743 286.0230	89.9387
1982 3.5197505E-08 3.9212271E-08 2.7015231E-08 3.1599718E-08 2.3570204E-08 1.7204739E-08 2.0184617E-08 1.7564567E-08 1.9396671E-08 1.7533525E-08 2.5997345E-08 3.3358624E-08 1.7809626E-08 2.9715482E-08 3.5831221E-08	287.4668 292.2503 299.0032 289.0466 294.9941 298.0623 289.6930 293.3081 293.2519 288.2351 289.0421 288.1564 284.3500 284.6832 284.2884	0.55871
1983 2.7807493E-08 3.2339230E-08 2.6037561E-08 2.9029637E-08 2.1693308E-08 1.7422153E-08 2.5834709E-08 2.0228052E-08 1.9817559E-08 2.3339345E-08 2.7243445E-08 3.4126195E-08 2.0020108E-08 2.9325648E-08 3.4752087E-08	287.8415 292.5427 299.4478 289.3596 295.1414 298.3943 289.6541 292.9100 293.0095 287.9430 288.6053 287.8698 284.1859 284.5044 284.1985	1.06903
1984 2.0428402E-08 2.2709171E-08 1.7396767E-08 1.8396934E-08 1.2197751E-08 1.0016852E-08 1.5201554E-08 1.0188969E-08 1.0519003E-08 1.2710356E-08 1.6572598E-08 2.1796563E-08 1.2752217E-08 1.9469855E-08 2.6303681E-08	288.4289 293.0434 298.9544 290.6733 296.3993 298.0286 291.4804 294.8024 294.3687 289.5997 290.5553 289.6300 285.1917 285.7103 285.5265	0
1985 2.0647061E-08 2.3346642E-08 1.8987819E-08 2.2054131E-08 1.5197074E-08 1.1579029E-08 1.5343954E-08 1.0521942E-08 1.4444756E-08 1.1250158E-08 1.5136818E-08 2.2091378E-08 1.1781911E-08 1.7528741E-08 2.3437417E-08	287.9480 292.7926 299.1251 289.9170 295.8989 298.1567 290.8334 294.3541 293.9740 289.5093 290.3365 289.1286 285.5346 285.8361 285.3611	0.311613
1986 2.4978728E-08 2.9491405E-08 1.9467384E-08 2.6302512E-08 1.7925867E-08 1.2635825E-08 1.9810752E-08 1.5984057E-08 1.5529393E-08 1.6276744E-08 2.0925834E-08 2.4452570E-08 2.2474630E-08 2.7240366E-08 2.8157384E-08	287.9625 292.7185 299.3832 289.5954 295.6064 298.3394 290.3969 293.9100 293.9623 288.9538 290.0488 289.5505 284.9741 285.6480 285.6911	0.00580645
1987 2.8787161E-08 3.1596112E-08 2.3806102E-08 2.8489211E-08 2.1750781E-08 1.5531912E-08 2.0878495E-08 1.9821604E-08 2.2963643E-08 1.5490516E-08 2.4197321E-08 3.4537649E-08 1.7302582E-08 2.5847472E-08 3.5534111E-08	287.7129 292.6288 299.5662 289.1266 294.9805 298.4732 289.3011 292.5441 292.4951 287.5237 287.9933 287.1790 283.7164 283.7626 283.3589	231.129
1988 1.6835672E-08 1.8589526E-08 1.4082703E-08 1.5278431E-08 1.2125165E-08 9.2320720E-09 1.1176492E-08 8.6558227E-09 1.1771428E-08 9.6173132E-09 1.2463529E-08 1.7284048E-08 1.2001547E-08 1.5756802E-08 2.1376772E-08	288.3635 293.2305 299.2393 290.7307 296.6542 298.2386 291.7860 295.2061 294.6643 290.1201 291.0634 290.0276 285.8533 286.2930 285.9215	8.50839
1989 1.9749079E-08 2.0269008E-08 1.3592859E-08 2.2309592E-08 1.3010423E-08 9.5684696E-09 1.6266279E-08 1.2281186E-08 1.3842262E-08 1.1871838E-08 1.9357854E-08 2.3678803E-08 1.5350974E-08 2.5404114E-08 3.1042550E-08	288.1915 292.8333 299.2169 290.1271 295.9926 298.2192 290.7599 294.2534 294.1160 289.1003 290.0092 289.2787 284.9478 285.3777 285.1799	10.2581
1990 2.7639544E-08 3.1387156E-08 2.3962476E-08 3.0397690E-08 2.1726644E-08 1.6222412E-08 2.1169933E-08 1.8055626E-08 1.8253267E-08 1.8005352E-08 2.2932488E-08 2.8267911E-08 2.1808074E-08 2.8662411E-08 3.1229405E-08	287.7196 292.6863 299.1978 289.5652 295.5488 298.1992 290.3745 293.9088 293.7990 288.9546 289.9012 289.0888 285.2600 285.7698 285.5408	1503.29
1991 3.2050764E-08 3.3592929E-08 2.2733323E-08 3.0907763E-08 2.1437266E-08 1.7347768E-08 2.2735128E-08 1.6826323E-08 1.8952621E-08 1.9532866E-08 2.5280926E-08 3.1874041E-08 1.9954273E-08 2.8683189E-08 3.6040504E-08	287.6483 292.2980 299.2491 289.1253 294.9798 298.2480 289.6015 293.1668 293.2969 288.1615 289.0801 288.3910 284.4048 284.8940 284.6351	66.1055
1992 3.1675466E-08 3.6610789E-08 2.3728274E-08 2.7688531E-08 2.1216641E-08 1.5451938E-08 2.1266821E-08 1.8468445E-08 1.9986185E-08 1.5247421E-08 2.2444782E-08 3.0238287E-08 1.7341346E-08 2.4255584E-08 3.0512798E-08	287.6444 292.2740 299.3146 289.1817 295.0862 298.2786 289.6919 293.2427 293.2267 288.0777 289.1052 288.3292 284.2904 284.9373 284.6252	367.29
1993 3.1338040E-08 3.5253567E-08 2.2510985E-08 2.6402194E-08 2.4230721E-08 1.8709658E-08 2.0333339E-08 1.9288136E-08 2.3052634E-08 1.7003538E-08 2.4981423E-08 3.2935958E-08 2.0914262E-08 2.8892657E-08 3.4175887E-08	287.6882 292.5355 299.1381 289.3248 295.1660 298.1609 289.8216 293.3649 293.2555 288.3757 289.2472 288.4787 284.5201 284.8943 284.7301	0
1994 3.1466186E-08 3.3970363E-08 2.1797701E-08 2.8792373E-08 2.1062929E-08 1.7609588E-08 2.1068054E-08 1.9555348E-08 2.3910763E-08 1.7416820E-08 2.5743747E-08 3.5582939E-08 2.1912188E-08 2.8982486E-08 3.5358941E-08	287.5067 292.2451 299.1294 289.1324 294.9395 298.1630 289.6714 293.1354 292.9721 288.1218 288.8934 287.9952 284.2309 284.6935 284.4505	4.86194
1995 2.1668020E-08 2.5933176E-08 1.9032241E-08 2.0750033E-08 1.5102906E-08 1.3280072E-08 1.7179124E-08 1.3122576E-08 1.7206039E-08 1.6758774E-08 2.0251852E-08 2.6565520E-08 1.9651369E-08 2.6622711E-08 2.9756102E-08	288.3785 293.0937 299.3904 290.2635 296.1015 298.3483 290.8109 294.2233 293.7531 289.0018 289.7279 288.6868 284.9477 285.1403 284.6572	0.01
1996 1.9434097E-08 2.5621064E-08 2.0407574E-08 2.3454652E-08 1.5260936E-08 1.4741484E-08 2.0550923E-08 1.3368865E-08 1.7116641E-08 1.7899206E-08 2.1137842E-08 2.5436036E-08 1.7476555E-08 2.5947816E-08 3.1462463E-08	288.2965 293.0408 299.2655 290.2173 296.0685 298.2597 290.9150 294.3089 293.9859 289.2654 290.1357 289.2731 285.1998 285.5946 285.3688	13.3997
1997 3.8449169E-08 4.2726082E-08 2.9984470E-08 3.5063710E-08 3.1100601E-08 2.1938336E-08 2.5922995E-08 2.6256497E-08 3.0156205E-08 2.3816490E-08 3.0350385E-08 3.9217607E-08 2.6581009E-08 3.1678301E-08 3.6119431E-08	286.6423 291.4378 299.2262 288.2033 293.9715 298.2160 288.8326 292.3089 292.6076 287.5121 288.4120 287.8939 283.8572 284.3904 284.3623	117.258
1998 1.5533415E-08 1.8907556E-08 1.5577749E-08 1.4232653E-08 9.8668593E-09 1.0105214E-08 1.1605755E-08 8.3896641E-09 1.1929521E-08 8.1823028E-09 1.2120601E-08 1.8261153E-08 9.7124015E-09 1.5435274E-08 1.9054227E-08	288.9880 293.5509 299.1547 291.3668 296.9826 298.1757 292.3997 295.5135 294.7404 290.8972 291.7370 290.6684 286.5328 287.0248 286.8350	555.516
1999 9.4165369E-09 1.2159289E-08 9.4764365E-09 1.1472424E-08 6.6833645E-09 5.6724212E-09 9.2529602E-09 6.7364079E-09 7.5377686E-09 8.9880183E-09 1.0333358E-08 1.1834889E-08 1.0390631E-08 1.4106315E-08 1.5503607E-08	288.9186 293.6537 299.3000 291.3072 297.1052 298.2911 292.4264 295.7367 294.8895 290.7602 291.8659 290.6974 286.5885 287.2320 286.9140	232.061
2000 1.4610936E-08 1.7527013E-08 1.2079171E-08 1.6062756E-08 9.3717256E-09 7.9500433E-09 1.3432659E-08 9.1700363E-09 1.0400707E-08 1.4013562E-08 1.6860829E-08 2.1478037E-08 1.8245329E-08 2.3831007E-08 2.7211536E-08	289.1217 293.6758 299.3022 291.2195 296.9446 298.2845 291.9665 295.3040 294.8391 290.0254 291.0118 290.1897 285.6707 286.3054 286.1777	0
2001 1.7705606E-08 2.0045810E-08 1.3918746E-08 1.9107945E-08 1.1610077E-08 1.0254467E-08 1.6577586E-08 9.8975717E-09 1.3552746E-08 1.5222952E-08 1.7257575E-08 2.2441197E-08 1.7353152E-08 2.4605106E-08 2.9330248E-08	288.8558 293.6913 299.4586 290.9612 296.9471 298.4037 291.7742 295.4438 294.8066 290.0554 291.2482 290.4058 285.9326 286.5044 286.4865	14.1935
2002 2.5940066E-08 3.0070815E-08 1.8712534E-08 2.9040608E-08 2.1787697E-08 1.3056291E-08 2.2664747E-08 1.6927110E-08 1.6191340E-08 1.7890279E-08 2.2480476E-08 2.6750127E-08 1.7938886E-08 2.6837307E-08 3.0882770E-08	287.8242 292.7147 299.2701 289.6963 295.5300 298.2599 290.3435 293.7151 293.6540 288.6607 289.6162 288.8739 284.6620 285.2013 285.0987	137.161
2003 2.1063963E-08 2.3519741E-08 1.6170949E-08 1.8461238E-08 1.4819468E-08 1.2389472E-08 1.3758642E-08 1.1979873E-08 1.5972628E-08 9.8660839E-09 1.4512771E-08 2.3629029E-08 1.1217529E-08 1.9620719E-08 2.7255178E-08	288.4266 293.1420 299.5302 290.5624 296.3279 298.4539 291.3819 294.8045 294.3022 289.6819 290.7401 289.8304 285.6953 286.2518 286.0922	11.7923
2004 1.9964256E-08 2.4349811E-08 1.8557124E-08 1.8668151E-08 1.2477927E-08 1.1696883E-08 1.5084352E-08 1.1237801E-08 1.3722181E-08 1.3456994E-08 1.7849509E-08 2.4499979E-08 1.3664727E-08 2.2635684E-08 2.8313416E-08	288.6409 293.3304 299.2534 290.8035 296.6355 298.2402 291.6923 294.9128 294.3224 290.0350 290.7864 289.5969 285.9639 286.3593 285.8483	283.742
2005 2.1704720E-08 2.6692479E-08 1.8088219E-08 2.4218048E-08 1.6391702E-08 1.2171983E-08 2.1084686E-08 1.4772893E-08 1.5542746E-08 1.8348739E-08 2.1831235E-08 2.6692632E-08 1.7816919E-08 2.7867344E-08 3.4015795E-08	288.2216 293.0262 299.3147 290.0212 295.8724 298.2888 290.5454 293.9895 293.6964 288.6057 289.5652 288.8722 284.6573 285.0754 284.8411	11.1248
2006 2.7962097E-08 2.5775719E-08 2.0956392E-08 2.7808463E-08 1.9361771E-08 1.4862752E-08 1.9353269E-08 1.5692748E-08 1.7176957E-08 1.3922311E-08 2.1515737E-08 2.7322036E-08 1.4037915E-08 2.3149639E-08 3.1638677E-08	288.6708 293.5128 299.4435 290.4417 296.4497 298.3976 291.1656 294.6287 294.3819 289.7671 290.5008 289.7717 285.8853 286.1856 285.8870	0
2007 1.7268597E-08 1.8902234E-08 1.5046119E-08 1.7087947E-08 1.0146169E-08 8.3980671E-09 1.5527482E-08 9.3834345E-09 1.2162889E-08 1.3063594E-08 1.4121054E-08 1.9214092E-08 1.1223654E-08 1.6902534E-08 2.2249813E-08	288.4827 293.1488 299.6332 290.7137 296.5601 298.5347 291.6701 295.0969 294.5194 290.0682 291.0428 290.0828 286.0600 286.4568 286.1855	2816.77
2008 1.7140593E-08 1.9768443E-08 1.4251567E-08 1.4426081E-08 1.1063692E-08 9.6299075E-09 1.0176064E-08 9.4370005E-09 1.1070122E-08 1.1159363E-08 1.5644247E-08 1.8310775E-08 1.6012589E-08 2.3769289E-08 2.5589689E-08	288.8249 293.4598 299.0608 291.0063 296.8578 298.0955 292.1082 295.4786 294.8385 290.5037 291.6675 290.8057 286.2898 287.0137 286.9579	19.3652
2009 2.9082743E-08 3.0229433E-08 2.2516298E-08 2.8012531E-08 1.9908219E-08 1.5036454E-08 1.9115394E-08 1.5534013E-08 1.5353272E-08 1.5379815E-08 1.8695079E-08 2.5242215E-08 1.9048530E-08 2.4834414E-08 3.0550968E-08	287.9012 292.6296 299.4706 289.5589 295.3888 298.4081 290.3279 293.7089 293.4936 288.9594 289.8384 288.9347 284.9155 285.4283 285.2674	0
2010 1.2733397E-08 1.4839409E-08 1.2392127E-08 1.2085113E-08 9.4150439E-09 7.4184596E-09 8.6200656E-09 7.6747693E-09 9.7895150E-09 7.7028535E-09 1.0879196E-08 1.6661508E-08 1.0339094E-08 1.4030849E-08 1.8974841E-08	288.6880 293.3985 299.6645 291.1403 296.9708 298.5690 292.4940 295.6937 294.9617 290.9314 291.8754 290.7815 286.7340 287.2798 286.9702	13.6452
2011 1.4519262E-08 1.8485004E-08 1.2412984E-08 1.6901419E-08 1.1601070E-08 9.2045962E-09 1.1933068E-08 9.9157749E-09 1.3350547E-08 1.1362732E-08 1.6188270E-08 2.1362270E-08 1.4087044E-08 2.0751477E-08 2.4597830E-08	288.8276 293.3761 299.0815 291.0015 296.7230 298.1270 291.9477 295.2883 294.5047 290.3088 291.3392 290.1986 286.1379 286.7817 286.5536	0
2012 2.0560506E-08 2.2238202E-08 1.8664897E-08 1.8673246E-08 1.2647309E-08 1.1802690E-08 1.0948958E-08 8.6640615E-09 1.1323142E-08 1.1238383E-08 1.5244339E-08 1.8928942E-08 1.7344080E-08 2.5565750E-08 2.6351824E-08	287.9660 292.5944 299.1855 289.9351 295.8126 298.1938 291.0041 294.4372 293.9489 289.5082 290.4272 289.4246 285.2614 285.5908 285.3264	0
2013 2.0434880E-08 2.2445221E-08 1.6648437E-08 2.4776417E-08 1.6346654E-08 1.1364268E-08 1.8261105E-08 1.3400106E-08 1.3625129E-08 1.6998497E-08 1.8788544E-08 2.2873438E-08 1.8346535E-08 2.3660213E-08 2.8225690E-08	288.5707 293.2132 299.5931 290.3487 296.1318 298.5136 290.9709 294.4116 294.3257 289.1756 290.2502 289.6334 285.0777 285.6422 285.5162	1.11871
2014 2.5810259E-08 3.0724074E-08 1.9960675E-08 2.4549506E-08 1.8663716E-08 1.3331992E-08 1.7028334E-08 1.4260536E-08 1.6307096E-08 1.3675849E-08 1.9585672E-08 2.5922953E-08 1.5582000E-08 2.3807686E-08 2.8900015E-08	288.2118 292.8633 299.3807 289.9276 295.7866 298.3463 290.6034 294.0569 293.8961 289.0403 289.9218 289.1347 285.2359 285.7105 285.4990	0.0135484
2015 3.2448753E-08 3.3973041E-08 2.2933003E-08 3.2034531E-08 2.3864750E-08 1.7614981E-08 2.4516400E-08 1.9923354E-08 2.1364620E-08 2.0769972E-08 2.7477009E-08 3.4447620E-08 2.0631161E-08 2.8097947E-08 3.4050018E-08  287.5875 292.1083 299.3132 288.7449 294.4123 298.2841 289.1559 292.5718 292.9128 287.7834 288.6491 288.1126 284.1802 284.7174 284.6127  0.0606452
