STN,prec_1,prec_2,prec_3,prec_4,prec_5,prec_6,prec_7,prec_8,prec_9,prec_10,prec_11,prec_12,prec_13,prec_14,prec_15,st_1,st_2,st_3,st_4,st_5,st_6,st_7,st_8,st_9,st_10,st_11,st_12,st_13,st_14,st_15,05.0
LAT,23.72017,23.72017,23.72017,26.51077,26.51077,26.51077,29.30136,29.30136,29.30136,32.09194,32.09194,32.09194,34.88252,34.88252,34.88252,23.72017,23.72017,23.72017,26.51077,26.51077,26.51077,29.30136,29.30136,29.30136,32.09194,32.09194,32.09194,34.88252,34.88252,34.88252,28.30888906
LON,-101.2500,-98.43750,-95.62500,-101.2500,-98.43750,-95.62500,-101.2500,-98.43750,-95.62500,-101.2500,-98.43750,-95.62500,-101.2500,-98.43750,-95.62500,-101.2500,-98.43750,-95.62500,-101.2500,-98.43750,-95.62500,-101.2500,-98.43750,-95.62500,-101.2500,-98.43750,-95.62500,-101.2500,-98.43750,-95.62500,-98.5572384
1958 2.2362656E-08 1.9813333E-08 2.7957622E-08 2.1284588E-08 1.2574775E-08 1.3602842E-08 1.3934781E-08 7.5803221E-09 1.4369766E-08 1.1859005E-08 1.1245287E-08 1.4667501E-08 1.6825854E-08 1.8242968E-08 1.7778307E-08	290.8367 296.2596 301.0449 294.1750 301.1753 300.4016 297.2642 300.9185 299.6942 297.4090 298.3413 296.7715 294.0052 294.7337 294.2017	150.21
1959 2.0255047E-08 1.6989823E-08 2.0336866E-08 1.9434037E-08 1.2547077E-08 1.4286715E-08 1.5250020E-08 1.0538935E-08 1.3963030E-08 1.2199933E-08 1.4382657E-08 1.8143856E-08 1.3543247E-08 1.8350445E-08 2.0226356E-08	291.2920 296.5892 301.0252 294.7695 301.5010 300.3888 297.7181 301.2362 299.7736 297.8591 298.8243 297.1802 294.7599 295.6404 295.2477	96.6516
1960 1.9621320E-08 1.6810333E-08 2.2859995E-08 1.8843092E-08 9.6064072E-09 1.1186780E-08 1.5781168E-08 7.0853781E-09 1.0833947E-08 1.0240194E-08 1.0613171E-08 1.3984006E-08 1.2463834E-08 1.4509143E-08 1.5300730E-08	291.1534 296.5592 301.0257 294.7301 301.5478 300.3891 297.6601 301.4152 300.2162 297.8539 299.0144 297.5399 294.7944 295.7739 295.3522	24.9129
1961 2.1422805E-08 1.7393221E-08 2.0347240E-08 2.0620684E-08 1.0757509E-08 1.1934747E-08 1.6858476E-08 9.8162660E-09 1.4671699E-08 1.4965211E-08 1.6346569E-08 1.7801057E-08 1.8464638E-08 2.3236865E-08 2.6075371E-08	291.6087 296.7852 300.9221 294.9497 301.8017 300.3154 297.6171 301.3051 300.2090 297.4897 298.5135 297.3554 294.0261 294.9968 294.8427	2.26774
1962 1.4487433E-08 1.2836618E-08 1.8940229E-08 1.4440261E-08 6.2670078E-09 1.1404406E-08 1.2000084E-08 6.1110077E-09 7.5889153E-09 1.0842427E-08 9.3847827E-09 1.0699664E-08 1.3578753E-08 1.7435010E-08 1.7070773E-08	291.7426 296.7152 300.8628 295.2809 301.7729 300.2723 298.1015 301.3926 300.2060 298.0067 298.9566 297.5782 294.4136 295.4431 295.2600	0.00322581
1963 2.2792122E-08 1.7913710E-08 2.2494856E-08 1.9568562E-08 1.0543487E-08 1.2747625E-08 1.5289173E-08 8.0254328E-09 1.2328931E-08 1.3426293E-08 1.2034228E-08 1.6047105E-08 1.7644847E-08 1.8841709E-08 1.9136188E-08	291.5434 296.8911 300.9629 295.0720 301.9011 300.3422 297.9851 301.4766 300.0423 297.9639 298.9205 297.2746 294.6887 295.5831 295.0970	159.19
1964 1.8156914E-08 1.5160071E-08 2.1023890E-08 1.8619577E-08 1.1254882E-08 1.3617312E-08 1.3978478E-08 7.0461477E-09 1.3087162E-08 1.0461591E-08 8.6973770E-09 1.3218618E-08 1.4221518E-08 1.3830873E-08 1.4363146E-08	291.7610 296.8976 300.9855 295.3085 301.8557 300.3593 298.3375 301.7550 300.1984 298.4439 299.5008 297.8378 294.9895 296.0842 295.5939	62.0613
1965 2.1146716E-08 1.7928626E-08 2.3241848E-08 1.8176467E-08 1.1258230E-08 1.4669720E-08 1.4218759E-08 7.1022730E-09 1.1954493E-08 1.2765268E-08 1.0540182E-08 1.3644510E-08 1.8195085E-08 1.6547403E-08 1.5676527E-08	291.3057 296.5071 300.8588 294.6776 301.4368 300.2657 297.5091 301.0902 299.6995 297.6003 298.6297 297.0586 294.5020 295.3752 294.7981	2153.25
1966 2.3044951E-08 1.6965242E-08 1.9895472E-08 2.1968898E-08 1.0477463E-08 1.2559443E-08 1.6095321E-08 8.0425453E-09 1.3050093E-08 1.2873721E-08 1.0308118E-08 1.7181460E-08 1.7579170E-08 1.7596856E-08 2.0268798E-08	290.9153 296.2923 300.6855 294.4268 301.4341 300.1484 297.3205 301.1676 299.9036 297.3723 298.7208 297.3570 294.1163 295.2526 295.0724	2859
1967 2.2834740E-08 1.4220595E-08 1.7582309E-08 2.1974905E-08 9.1725241E-09 1.0214450E-08 1.7233896E-08 7.2695689E-09 1.1032614E-08 1.4224567E-08 1.4006162E-08 1.7135433E-08 1.5853944E-08 2.2137520E-08 2.3411333E-08	291.6823 297.1320 300.8267 295.1600 302.1991 300.2472 298.0536 301.9089 300.6284 298.0770 299.2321 297.7813 294.8170 295.7128 295.3796	34.8919
1968 2.4221226E-08 2.3278794E-08 2.3632111E-08 1.7705423E-08 1.3889268E-08 1.7336752E-08 1.3140469E-08 8.5990832E-09 1.5927293E-08 1.1855903E-08 1.3775417E-08 1.9242087E-08 1.8023323E-08 2.3128006E-08 2.3611280E-08	291.1950 296.4240 300.7108 294.7588 301.3688 300.1638 297.5784 301.2297 299.9733 297.3658 298.5477 297.1033 294.1334 295.1241 294.8559	979.968
1969 1.7455648E-08 1.4022783E-08 1.6071208E-08 1.6734466E-08 6.5529151E-09 8.8223970E-09 1.3755593E-08 5.8871055E-09 7.6193167E-09 1.3825733E-08 1.1782567E-08 1.3218219E-08 1.9775040E-08 1.9875042E-08 1.8761702E-08	291.9365 297.0277 301.0428 295.3371 302.0919 300.3963 298.0505 301.7288 300.3791 297.7748 299.0809 297.7436 294.3543 295.5366 295.3740	82.3239
1970 2.0541872E-08 1.8610136E-08 2.3696328E-08 1.7668743E-08 8.8280601E-09 1.2580796E-08 1.1251054E-08 6.4729817E-09 1.2937942E-08 8.0572500E-09 7.4685103E-09 1.0523370E-08 1.3852256E-08 1.1686227E-08 1.2035316E-08	291.1019 296.2736 300.7691 294.6344 301.4445 300.2031 297.7339 301.4160 299.8800 298.0158 299.2939 297.7071 294.8495 296.0638 295.7545	312.516
1971 2.3889580E-08 1.8957474E-08 1.8766650E-08 2.0107784E-08 1.1043933E-08 1.1963429E-08 1.3686753E-08 8.0369542E-09 1.1112872E-08 1.2550519E-08 1.1216309E-08 1.4524317E-08 1.8432290E-08 2.0390212E-08 1.8708215E-08	291.1839 296.4507 300.7617 294.5814 301.4175 300.2031 297.5930 301.2310 299.9370 297.6866 298.6371 297.0245 294.3377 295.2586 294.6517	0
1972 2.3494088E-08 1.8749502E-08 1.6497113E-08 2.1484958E-08 1.0764679E-08 1.1827887E-08 1.7830448E-08 8.3950109E-09 1.2155279E-08 1.4587813E-08 1.2558247E-08 1.5892521E-08 1.6819374E-08 1.8304625E-08 1.8720243E-08	290.7405 296.1901 300.8212 293.9571 301.0168 300.2395 296.7029 300.7044 299.5891 296.8531 298.1481 296.8214 293.9228 294.9803 294.4824	1375.03
1973 2.0117536E-08 1.5940259E-08 1.8867647E-08 1.9089169E-08 9.4195975E-09 1.0486799E-08 1.3588219E-08 5.2946585E-09 1.0611032E-08 1.1472464E-08 9.8225472E-09 1.3255070E-08 1.5785304E-08 1.7738486E-08 1.6871793E-08	291.5841 296.9055 300.9500 295.1720 301.9630 300.3357 297.9879 301.7151 300.1411 297.6699 298.9231 297.4143 294.2206 295.1030 294.8748	3.58484
1974 1.8151697E-08 1.4295474E-08 1.7496747E-08 1.5694374E-08 7.1587567E-09 1.1553121E-08 1.1566317E-08 4.9079025E-09 1.0280687E-08 9.3839656E-09 8.6717105E-09 1.2927321E-08 1.2152483E-08 1.6027357E-08 1.6002879E-08	291.4570 296.6624 300.8250 294.9801 301.7866 300.2528 297.8856 301.5084 300.2312 297.8402 298.9875 297.6253 294.5452 295.6059 295.2902	191.026
1975 1.5372430E-08 1.2354124E-08 2.1766541E-08 1.5036740E-08 7.2965580E-09 1.1926215E-08 1.0656811E-08 4.4723181E-09 9.2014822E-09 1.1546463E-08 9.7170361E-09 1.1665447E-08 1.7503888E-08 1.6515715E-08 1.4630893E-08	291.6624 296.8127 300.8941 295.1568 301.8230 300.2955 298.2696 301.7685 300.2089 298.3346 299.3910 297.6219 295.0058 296.0742 295.6796	422.271
1976 2.2024629E-08 1.7903753E-08 2.1984254E-08 2.2897742E-08 1.3593906E-08 1.3383067E-08 1.8335475E-08 1.1956383E-08 1.4241553E-08 1.4547707E-08 1.5431606E-08 1.9355889E-08 1.6448936E-08 1.8819794E-08 2.0266134E-08	291.3229 296.5739 300.8252 294.4746 301.3115 300.2500 297.2352 300.8927 299.8145 297.2844 298.3355 296.9758 294.1093 295.0129 294.6991	87.8242
1977 2.0574410E-08 1.5238273E-08 1.6950073E-08 1.8424915E-08 9.3090327E-09 9.5104609E-09 1.3117289E-08 7.0494393E-09 9.6402042E-09 1.1130547E-08 1.1044881E-08 1.3276383E-08 1.5701197E-08 1.7267849E-08 1.6843751E-08	291.5990 296.8760 300.8639 295.0763 301.7756 300.2724 298.0522 301.4360 299.9434 298.0084 298.9449 297.4074 294.6879 295.5127 295.0856	837.194
1978 2.5426077E-08 2.0127171E-08 2.3947685E-08 2.2074451E-08 1.0985780E-08 1.5698511E-08 1.6207560E-08 7.5154940E-09 1.2200761E-08 1.2473174E-08 1.0960359E-08 1.4256211E-08 1.7146771E-08 1.7817696E-08 1.8282506E-08	291.4058 296.8882 300.8063 294.9657 301.9935 300.2304 297.9159 301.7358 300.3377 297.9223 299.0732 297.6772 294.6880 295.6921 295.2918	116.997
1979 2.0892163E-08 1.6249343E-08 1.9314911E-08 2.1043807E-08 9.7219859E-09 1.0841372E-08 1.4725569E-08 6.6805956E-09 1.2975048E-08 1.3885540E-08 1.1597637E-08 1.4180079E-08 1.9990596E-08 2.0285396E-08 2.0456216E-08	291.1117 296.5063 300.9340 294.3614 301.4709 300.3216 297.0797 300.9578 299.7386 297.0501 298.2341 296.8196 293.8880 294.8138 294.4264	139.548
1980 1.7420570E-08 1.5687776E-08 2.0291807E-08 1.3272903E-08 7.8036013E-09 1.0734733E-08 9.9932818E-09 4.6348276E-09 8.8305168E-09 9.4478549E-09 8.2006046E-09 1.0289004E-08 1.3137972E-08 1.5181250E-08 1.5414154E-08	291.5752 296.7329 300.9460 295.0375 301.7261 300.3286 297.9375 301.5303 300.0633 297.8524 299.0045 297.5294 294.5113 295.4244 294.9486	512.387
1981 1.7752553E-08 1.5339804E-08 1.6665705E-08 1.4312260E-08 8.1078326E-09 8.4467624E-09 1.3923589E-08 5.7741456E-09 8.2464107E-09 1.2700307E-08 1.1355152E-08 1.1427787E-08 1.7844908E-08 1.7094585E-08 1.5501588E-08	291.6385 296.6219 300.7580 295.0541 301.7994 300.1991 297.7431 301.4264 300.2445 297.5143 298.6321 297.3276 294.1854 295.1926 294.9589	2194
1982 2.3887649E-08 1.8644167E-08 1.8660581E-08 2.3243764E-08 1.2787843E-08 1.4693058E-08 2.0770536E-08 8.5822727E-09 1.2557079E-08 1.8033846E-08 1.3236969E-08 1.6382813E-08 2.1935936E-08 2.1231903E-08 1.9900201E-08	291.2444 296.7585 300.9362 294.8587 301.7850 300.3267 297.7403 301.6172 300.2214 297.6279 298.9201 297.4147 294.5354 295.5453 295.2012	1523.95
1983 1.9486391E-08 1.7371596E-08 2.1433229E-08 2.0113186E-08 8.7086569E-09 1.1375255E-08 1.5525888E-08 6.1217369E-09 8.7965590E-09 1.3173866E-08 1.0384536E-08 1.1918805E-08 1.4363933E-08 1.6502849E-08 1.5031302E-08	291.7403 296.7374 301.2303 294.9768 301.8469 300.5439 297.5992 301.5083 300.2822 297.4853 298.8434 297.5678 294.6029 295.5824 295.2625	0.016129
1984 1.8135594E-08 1.5021861E-08 1.5653082E-08 1.6858190E-08 8.8662926E-09 8.7510008E-09 1.3061126E-08 7.8627416E-09 1.1839733E-08 1.0414415E-08 1.2265906E-08 1.7077671E-08 1.4132713E-08 1.6877005E-08 1.7338690E-08	291.5315 296.8736 300.9976 295.1178 301.6292 300.3777 297.9386 301.2253 299.9670 297.6551 298.5437 296.9515 294.1308 295.0733 294.6760	5.87065
1985 2.0944650E-08 1.4448257E-08 1.6476880E-08 1.7665087E-08 8.8058032E-09 9.3875014E-09 1.0868342E-08 5.6322706E-09 1.0112299E-08 9.2733146E-09 8.7472483E-09 1.1707715E-08 1.4128235E-08 1.4334831E-08 1.4448680E-08	291.1873 296.4879 300.8579 294.7888 301.4966 300.2759 297.8139 301.2800 299.8939 297.7267 298.7243 297.1259 294.3442 295.2709 294.7568	1725
1986 2.7128600E-08 2.2462050E-08 1.5422540E-08 2.6473435E-08 1.4228640E-08 1.1099228E-08 2.1943290E-08 1.0356538E-08 1.2364819E-08 1.9739110E-08 1.7333825E-08 2.1079204E-08 2.5869864E-08 2.7213479E-08 2.5730042E-08	291.6326 296.9764 301.1479 294.9040 301.8434 300.4852 297.3574 301.3870 300.2182 297.0101 298.3167 297.0680 293.6131 294.4168 294.2246	3.40516
1987 2.6446758E-08 2.2414877E-08 2.3171706E-08 2.3047868E-08 1.4215756E-08 1.7191825E-08 1.6426366E-08 8.7634193E-09 1.5680847E-08 1.2706911E-08 1.1248894E-08 1.6320550E-08 1.5541076E-08 1.7156324E-08 1.8509253E-08	291.4084 296.6740 301.1195 294.7910 301.6411 300.4546 297.6822 301.5671 300.2521 297.6875 299.0444 297.6495 294.7003 295.8202 295.4028	297.968
1988 1.4863945E-08 9.8572803E-09 1.3963001E-08 1.1954122E-08 5.2793503E-09 8.6210026E-09 7.8904234E-09 2.8910057E-09 8.5176914E-09 8.3469249E-09 5.6472818E-09 8.4726439E-09 1.3222976E-08 1.2479145E-08 1.1270465E-08	291.8397 296.9626 300.7403 295.5648 302.1302 300.1830 298.6730 302.0165 300.3241 298.7164 299.7584 298.2234 295.5415 296.6331 296.2577	18.5668
1989 1.5034013E-08 1.5985480E-08 2.3229559E-08 1.2402413E-08 8.4631955E-09 1.3628096E-08 7.9193665E-09 4.4911070E-09 1.0099199E-08 7.7304456E-09 6.7640773E-09 1.0439464E-08 1.0638613E-08 9.8265076E-09 1.1923286E-08	291.3300 296.2670 300.9165 294.9331 301.3666 300.3145 297.9888 301.3972 299.9503 297.9501 299.0438 297.3856 294.7239 295.8603 295.2388	29.7471
1990 2.4090365E-08 1.8479932E-08 1.7471557E-08 2.2800485E-08 1.3319985E-08 1.3813215E-08 1.7217269E-08 1.0268346E-08 1.4325937E-08 1.6524330E-08 1.5085334E-08 1.7321018E-08 2.1028910E-08 2.2317517E-08 2.3102171E-08	291.4473 296.7099 301.2034 294.6849 301.6539 300.5220 297.3484 301.1631 300.0571 297.0332 298.5446 297.3618 293.7673 295.1879 295.0863	798.097
1991 2.2883814E-08 2.1129505E-08 2.2059464E-08 2.2045771E-08 1.3484306E-08 1.6238797E-08 1.6091015E-08 9.1138794E-09 1.3639519E-08 1.0903811E-08 1.1337383E-08 1.5681573E-08 1.5095777E-08 1.6350958E-08 1.6607995E-08	291.4236 296.7079 301.1344 294.6578 301.4682 300.4736 297.5392 301.2328 299.8555 297.5692 298.6545 297.1183 294.3792 295.3643 295.0140	228.477
1992 2.1911038E-08 1.6707039E-08 2.0693419E-08 1.8454827E-08 1.0212541E-08 1.3623812E-08 1.2771643E-08 6.3949415E-09 9.9303756E-09 1.4389453E-08 1.1812630E-08 1.1439061E-08 1.8742833E-08 1.9392571E-08 1.7234731E-08	291.6116 296.7809 301.0157 294.9131 301.7628 300.3826 297.7424 301.5433 300.1424 297.3940 298.7541 297.4659 293.9254 295.0233 294.6927	1051.77
1993 3.3069071E-08 2.7051136E-08 2.2640316E-08 2.9995931E-08 1.7093805E-08 1.7933804E-08 2.4423674E-08 1.2333292E-08 1.9277822E-08 2.2689106E-08 2.1408534E-08 2.3468377E-08 2.7189026E-08 3.1094274E-08 2.8934304E-08	290.6334 296.2068 301.0452 294.0490 301.1937 300.4085 296.5100 300.7365 299.6520 296.1891 297.6447 296.8538 293.3196 294.5205 294.5992	159.742
1994 1.9803789E-08 1.8465663E-08 2.2621901E-08 1.6710349E-08 8.4570990E-09 1.1051662E-08 1.2911956E-08 6.0186771E-09 1.2228531E-08 1.0955000E-08 9.2241903E-09 1.4029865E-08 1.5048427E-08 1.6346350E-08 1.6434955E-08	291.4313 296.4168 300.8806 294.9586 301.5097 300.2964 297.9229 301.4888 300.1041 297.7617 299.0919 297.5968 294.4483 295.5869 295.1381	85.0806
1995 1.8596550E-08 1.5489622E-08 2.0083668E-08 1.5101534E-08 8.8349408E-09 1.2693786E-08 1.2921086E-08 6.0520708E-09 1.1808702E-08 1.1959754E-08 1.0826668E-08 1.4136419E-08 1.5224758E-08 1.5621310E-08 1.6272429E-08	291.4899 296.8479 301.0899 295.2021 301.8788 300.4341 298.2605 301.8242 300.2842 298.3250 299.5639 298.0221 295.2155 296.4078 296.0326	0.532258
1996 2.1402291E-08 1.8376833E-08 2.1432708E-08 1.7381835E-08 9.4732888E-09 1.3710648E-08 1.1670671E-08 5.9372014E-09 9.0538181E-09 1.0536080E-08 8.1320994E-09 1.0612967E-08 1.4000700E-08 1.3339134E-08 1.2910270E-08	291.2147 296.4016 301.0644 294.6953 301.4439 300.4219 297.6458 301.3282 300.0709 297.7369 298.9658 297.4881 294.8140 295.8488 295.3884	0
1997 2.9025378E-08 2.5343828E-08 2.4220327E-08 2.7153671E-08 1.9675138E-08 1.8052663E-08 2.1275641E-08 1.5585595E-08 1.9103263E-08 2.0836419E-08 2.0085031E-08 2.1642379E-08 2.4107672E-08 2.7636403E-08 2.4972543E-08	290.7518 296.2040 301.1291 293.8571 300.7137 300.4723 296.4765 300.3087 299.4351 296.3234 297.5540 296.5116 293.4281 294.5463 294.4822	135.323
1998 2.0032129E-08 1.7286442E-08 2.0531347E-08 1.7151365E-08 9.8401012E-09 1.3029881E-08 9.6419903E-09 5.9822520E-09 1.1713443E-08 7.5590618E-09 9.1308623E-09 1.2452565E-08 8.8612619E-09 1.1453699E-08 1.3407552E-08	291.3746 296.5214 301.0332 294.9856 301.4553 300.3916 297.9050 301.2939 299.6779 298.2601 299.2290 297.4830 295.5023 296.3031 295.5861	0
1999 1.8206837E-08 1.3183398E-08 1.8710262E-08 1.4911341E-08 5.8936664E-09 1.0536311E-08 9.2223864E-09 4.3578794E-09 9.2392627E-09 7.1563564E-09 6.3107066E-09 1.1545315E-08 9.5556238E-09 1.1749477E-08 1.3566813E-08	291.4185 296.6590 300.9875 295.1288 301.8251 300.3718 298.2220 301.6245 300.2612 298.2693 299.2042 297.6207 295.0757 295.9149 295.4325	161.839
2000 1.9974379E-08 1.5372157E-08 1.7824833E-08 1.6111608E-08 7.8378282E-09 1.0512340E-08 1.1228260E-08 5.0071738E-09 9.9796420E-09 8.0258600E-09 7.4421651E-09 1.0731897E-08 1.0322539E-08 1.1453812E-08 1.2883777E-08	291.5553 296.8120 301.0842 295.3387 301.9301 300.4396 298.4713 301.8080 300.2243 298.4889 299.3403 297.7507 295.2474 296.1058 295.6976	0.546774
2001 2.4378359E-08 1.6873173E-08 1.6508380E-08 2.2037822E-08 9.1170316E-09 1.2694326E-08 1.8675246E-08 8.8078611E-09 1.1693875E-08 1.4052169E-08 1.0755111E-08 1.7215408E-08 1.8650407E-08 1.6860769E-08 1.7948885E-08	291.3624 296.8370 301.2174 294.8624 301.8994 300.5409 297.5125 301.4829 300.1756 297.2279 298.6734 297.3367 293.8805 295.1393 295.0009	103.297
2002 1.9172642E-08 1.6716886E-08 2.3927482E-08 1.6420433E-08 7.2193047E-09 1.4160862E-08 9.9456647E-09 6.0239906E-09 1.1740186E-08 8.0013249E-09 9.7279669E-09 1.4861716E-08 1.1887307E-08 1.4484899E-08 1.7259438E-08	291.2672 296.4440 300.9737 294.9192 301.5134 300.3533 297.9397 301.3071 299.8288 298.0376 298.8817 297.1001 294.9622 295.9081 295.2664	133.839
2003 2.3301956E-08 2.0280394E-08 2.5903210E-08 1.9084661E-08 1.2158634E-08 1.5847899E-08 1.3219085E-08 8.3742346E-09 1.2798390E-08 9.8007167E-09 1.0799400E-08 1.3958943E-08 1.2327018E-08 1.4371039E-08 1.7763016E-08	290.9674 296.3333 301.1606 294.6513 301.3631 300.4894 297.6439 301.1427 299.7551 297.6904 298.6517 297.0206 294.4848 295.3272 294.7421	2.50581
2004 2.2737506E-08 1.8837301E-08 1.7029203E-08 1.9391136E-08 1.2342930E-08 1.1561966E-08 1.6717824E-08 9.9419708E-09 1.4359825E-08 1.6515758E-08 1.5622106E-08 1.7282753E-08 2.2922240E-08 2.4379862E-08 2.1570584E-08	291.1692 296.5175 300.9236 294.7110 301.6771 300.3161 297.5885 301.4042 299.8278 297.4387 298.7477 297.3049 294.4066 295.5204 295.2726	1020.19
2005 1.9074394E-08 1.6014965E-08 1.6108862E-08 1.6576173E-08 9.9480237E-09 1.1194903E-08 1.3939784E-08 7.2860016E-09 1.2934747E-08 1.4988917E-08 1.3759713E-08 1.7189896E-08 1.8424984E-08 2.2803436E-08 2.3707672E-08	292.0385 297.2177 301.3549 295.6682 302.3053 300.6409 298.4365 302.1222 300.7169 297.9868 299.4043 297.9052 294.5077 295.8466 295.6079	69.0968
2006 1.7150004E-08 1.2159661E-08 1.5512565E-08 1.4865937E-08 8.1071745E-09 1.0717112E-08 1.1515891E-08 6.8664328E-09 1.0930529E-08 9.7796198E-09 9.2855501E-09 1.2481400E-08 1.4468221E-08 1.6070299E-08 1.7623135E-08	291.7942 297.1299 301.3152 295.3647 302.2141 300.6092 298.3902 301.9544 300.3379 298.4474 299.3423 297.6364 295.4008 296.1409 295.5517	22.5865
2007 1.7991557E-08 1.7376401E-08 2.3581961E-08 1.3322579E-08 6.8565007E-09 1.1448078E-08 8.8685752E-09 3.8033061E-09 8.6323908E-09 7.5731155E-09 5.2703668E-09 7.2630009E-09 1.0756710E-08 1.0853254E-08 1.0431957E-08	291.5863 296.7733 301.4692 295.3427 302.2826 300.7281 298.4847 302.2728 300.5878 298.5928 299.9466 298.4337 295.5647 296.7002 296.4346	327.013
2008 1.5141376E-08 1.0720365E-08 1.4679505E-08 1.2647177E-08 5.1382942E-09 9.2926351E-09 8.8256868E-09 4.1487089E-09 8.3260003E-09 8.1842808E-09 7.5342115E-09 1.1227411E-08 1.2168164E-08 1.3698366E-08 1.4354383E-08	291.9749 297.0180 301.2255 295.4325 302.0017 300.5426 298.4122 301.7599 300.2994 298.4863 299.5000 297.9477 295.3083 296.3218 295.9250	17.0516
2009 1.6072891E-08 1.6653036E-08 2.1279638E-08 1.6817587E-08 9.8622071E-09 1.4756666E-08 1.3863637E-08 6.9746431E-09 1.0744098E-08 1.2291386E-08 1.1153428E-08 1.3822046E-08 1.6097312E-08 1.7214932E-08 1.6147922E-08	291.9774 296.9965 301.3608 295.3891 301.8975 300.6480 298.0993 301.5375 300.0877 298.0806 299.0839 297.7014 294.9926 295.9516 295.6201	6.64097
2010 1.6474852E-08 1.2648871E-08 2.1874477E-08 1.0337343E-08 5.3052922E-09 1.1033428E-08 5.2040723E-09 2.3509779E-09 6.3313168E-09 6.0584777E-09 5.7285114E-09 6.9337380E-09 7.8207352E-09 9.3327364E-09 9.9473789E-09	0.0000000E+00 0.0000000E+00 0.0000000E+00 0.0000000E+00 0.0000000E+00 0.0000000E+00 0.0000000E+00 0.0000000E+00 0.0000000E+00 0.0000000E+00 0.0000000E+00 0.0000000E+00 0.0000000E+00 0.0000000E+00 0.0000000E+00  148.478
2011 1.2318150E-08 1.0171595E-08 1.6085485E-08 1.2232057E-08 5.6455236E-09 8.6373211E-09 1.0121102E-08 4.4755173E-09 6.2704157E-09 9.3731511E-09 7.6218116E-09 8.5721306E-09 1.5057608E-08 1.4594847E-08 1.3255061E-08	292.1086 297.3239 301.0379 295.7201 302.2973 300.4155 298.5794 301.9140 300.4351 298.5688 299.5877 297.9528 295.2536 296.3566 295.9922	0
2012 2.4016881E-08 2.1712045E-08 2.1670154E-08 2.0784460E-08 1.0248725E-08 1.2219346E-08 1.3693222E-08 5.5564255E-09 1.1397590E-08 1.2656575E-08 1.0151630E-08 1.4939291E-08 1.6843572E-08 1.9011887E-08 1.8866517E-08	290.7570 296.2244 300.9787 294.3364 301.4004 300.3601 297.4178 301.1956 299.7761 297.5016 298.4502 296.5923 294.4358 295.0949 294.4596	271.594
2013 1.6276227E-08 1.2972665E-08 1.9675467E-08 1.5468542E-08 6.8105059E-09 1.0302740E-08 1.1336942E-08 4.7465947E-09 1.1126801E-08 8.1088638E-09 8.5280547E-09 1.1698068E-08 9.8443529E-09 1.1458704E-08 1.2141900E-08	291.8257 297.1298 301.3128 295.3546 302.1193 300.6149 298.3062 301.7976 300.2551 298.5764 299.4432 297.6666 295.7012 296.5629 295.8890	1.76839
2014 1.9905219E-08 1.5767668E-08 1.7116410E-08 1.6862497E-08 8.1473948E-09 1.0560376E-08 1.2831044E-08 5.2012608E-09 9.2159498E-09 9.2081356E-09 8.4006215E-09 1.1430638E-08 1.0615720E-08 1.2910504E-08 1.5566862E-08	291.1205 296.5467 301.4014 294.6208 301.5427 300.6703 297.5445 301.2921 299.8807 297.7673 298.8097 297.1071 294.7766 295.5923 294.9689	15.5829
2015 2.8711042E-08 2.1828294E-08 2.0826727E-08 2.5465411E-08 1.3891981E-08 1.4804422E-08 1.9172345E-08 8.4451193E-09 1.2612574E-08 1.5409769E-08 1.3086289E-08 1.5405503E-08 1.6783476E-08 1.8753173E-08 1.9410784E-08  290.8781 296.3354 301.4854 294.0575 301.0119 300.7329 296.8392 300.7646 299.6223 296.7706 298.0911 296.6821 293.6440 294.7270 294.2951  2620.71
