STN,prec_1,prec_2,prec_3,prec_4,prec_5,prec_6,prec_7,prec_8,prec_9,prec_10,prec_11,prec_12,prec_13,prec_14,prec_15,st_1,st_2,st_3,st_4,st_5,st_6,st_7,st_8,st_9,st_10,st_11,st_12,st_13,st_14,st_15,02.0
LAT,23.72017,23.72017,23.72017,26.51077,26.51077,26.51077,29.30136,29.30136,29.30136,32.09194,32.09194,32.09194,34.88252,34.88252,34.88252,23.72017,23.72017,23.72017,26.51077,26.51077,26.51077,29.30136,29.30136,29.30136,32.09194,32.09194,32.09194,34.88252,34.88252,34.88252,28.30888906
LON,-101.2500,-98.43750,-95.62500,-101.2500,-98.43750,-95.62500,-101.2500,-98.43750,-95.62500,-101.2500,-98.43750,-95.62500,-101.2500,-98.43750,-95.62500,-101.2500,-98.43750,-95.62500,-101.2500,-98.43750,-95.62500,-101.2500,-98.43750,-95.62500,-101.2500,-98.43750,-95.62500,-101.2500,-98.43750,-95.62500,-98.5572384
1958 3.4175041E-08 4.7886793E-08 1.0566266E-08 3.7803687E-08 2.4506235E-08 9.2615311E-09 3.1250067E-08 1.3310625E-08 1.9328672E-08 2.8014908E-08 2.2784789E-08 2.8170446E-08 3.8076056E-08 3.6344716E-08 3.4871395E-08	294.7055 297.4496 299.2775 297.2622 301.9850 298.3629 299.5324 301.9694 300.7523 299.4391 298.8263 297.3079 295.9926 296.0441 295.4193	4793.46
1959 3.7095898E-08 3.3844643E-08 9.7775077E-09 3.6795143E-08 1.7822737E-08 7.7653137E-09 2.9005419E-08 1.0714088E-08 1.8173075E-08 2.2843981E-08 1.9865661E-08 2.6779766E-08 3.1981628E-08 3.6000646E-08 3.7983398E-08	294.5412 297.7391 299.1123 297.7116 302.7376 298.2415 300.3057 303.2140 301.7458 300.4833 300.3490 298.4705 296.7231 296.7933 295.8568	77.5357
1960 3.3587586E-08 2.9379670E-08 9.5770023E-09 3.1170089E-08 1.2633719E-08 6.8974888E-09 2.3495799E-08 6.3277730E-09 1.7715371E-08 2.3144556E-08 1.6639911E-08 2.7738455E-08 3.3820577E-08 3.1658452E-08 3.6213159E-08	294.6642 297.6041 299.2773 297.9342 302.9829 298.3668 300.5403 303.4536 302.0862 300.4245 300.3556 298.4085 296.7588 296.8425 295.9932	66.2759
1961 2.8473096E-08 3.0070993E-08 8.0502947E-09 2.8440853E-08 1.4719647E-08 7.5923241E-09 2.5272184E-08 1.0259031E-08 1.6192047E-08 2.5782612E-08 1.9724334E-08 2.6539311E-08 3.2819006E-08 3.3939454E-08 3.4070336E-08	295.3086 298.2291 299.3692 298.4222 303.2227 298.4304 300.9592 303.6513 302.4374 300.8703 300.7802 298.9998 297.3331 297.2530 296.3328	234.321
1962 3.4976786E-08 3.5389569E-08 1.1814683E-08 3.3489840E-08 1.7313724E-08 8.5527372E-09 2.5047122E-08 8.7016083E-09 1.7777820E-08 1.9586816E-08 1.5654088E-08 2.2641187E-08 2.6447932E-08 2.7629559E-08 2.9877885E-08	294.8028 297.7877 299.5070 297.8325 302.8597 298.5381 300.4495 303.3616 302.2064 300.6424 300.7428 298.7996 297.2572 297.3094 296.2835	0.128571
1963 4.1399492E-08 3.7243581E-08 9.5169224E-09 3.9554244E-08 1.9979906E-08 7.4860447E-09 2.7125699E-08 8.0550704E-09 1.7604149E-08 1.9693809E-08 1.4994111E-08 2.2554319E-08 2.7070021E-08 2.6847060E-08 2.9213821E-08	294.1482 297.6353 299.4550 297.5291 302.9005 298.4960 300.5074 303.8623 302.6092 301.0655 301.5044 299.3903 297.8457 297.7972 296.6297	19.5643
1964 3.6413091E-08 4.0109175E-08 8.4720071E-09 3.7577106E-08 1.8998659E-08 6.7291932E-09 2.9989966E-08 9.8247241E-09 1.7069437E-08 2.4473009E-08 1.7783353E-08 2.6463903E-08 3.0777340E-08 2.8422718E-08 2.9633650E-08	294.6137 297.4709 299.3437 297.6020 302.4978 298.4146 300.0404 302.9043 301.7902 300.0521 299.8605 298.0537 296.6383 296.7447 295.9904	0
1965 4.0253951E-08 4.2336779E-08 9.7262811E-09 3.6774200E-08 2.3078060E-08 7.6461486E-09 3.1241747E-08 1.1065385E-08 2.3391420E-08 2.9010213E-08 2.2075108E-08 3.2268265E-08 3.7493102E-08 3.3873292E-08 3.7663774E-08	293.9962 297.2045 299.2355 297.3671 302.4089 298.3468 299.9399 302.9740 301.7745 299.8911 299.9164 298.0750 296.5376 296.5988 295.7320	15.2786
1966 3.4446224E-08 3.9112717E-08 8.7583336E-09 3.8537518E-08 2.0088409E-08 6.7931478E-09 2.9555297E-08 9.4715444E-09 1.4165560E-08 2.7260658E-08 1.8231058E-08 2.2713397E-08 3.6262442E-08 3.2973769E-08 3.2619997E-08	294.6352 297.4315 299.0356 297.3445 301.9504 298.1968 299.5941 302.1307 300.9508 299.5472 299.2205 297.7758 296.0518 296.3932 295.6675	11.2179
1967 3.8292015E-08 3.7582506E-08 9.6031689E-09 3.5958017E-08 1.7774724E-08 7.1558803E-09 2.8355961E-08 8.1323313E-09 1.8269912E-08 2.4799908E-08 1.7509221E-08 2.8779750E-08 3.3224307E-08 3.2057137E-08 3.4539227E-08	294.0417 297.3049 299.3263 297.3695 302.4544 298.4086 300.0710 303.1156 302.0291 300.2081 300.3836 298.5866 296.7622 296.7923 295.9578	0.465
1968 3.9501646E-08 4.1806572E-08 1.1660426E-08 4.0066148E-08 2.2044079E-08 1.1178218E-08 3.1325243E-08 1.2432454E-08 1.8030045E-08 2.6782347E-08 1.9338735E-08 2.6325111E-08 3.5532693E-08 3.3142253E-08 3.3214526E-08	294.1492 297.2068 299.5873 297.1938 302.2728 298.6052 299.5828 302.7717 301.9835 299.7904 299.9009 298.5378 296.5661 296.6666 296.1718	178.828
1969 3.5018289E-08 4.7495391E-08 1.0751937E-08 4.1535269E-08 2.6714682E-08 8.3897733E-09 3.6276077E-08 1.4158520E-08 2.0485198E-08 3.1881754E-08 2.4754781E-08 2.9670410E-08 4.1129919E-08 3.8876561E-08 3.7865835E-08	294.7556 297.6948 299.7511 297.4388 302.3782 298.7087 299.3871 302.2951 301.5783 299.2858 299.2123 298.0427 296.1449 296.3235 295.9268	1.25857
1970 3.8418825E-08 4.2967919E-08 1.0732473E-08 4.2662428E-08 2.0473465E-08 7.9837497E-09 3.4365481E-08 1.0022401E-08 1.9728095E-08 2.8637588E-08 2.1171008E-08 2.8237311E-08 3.3434333E-08 3.3673047E-08 3.6497902E-08	294.3621 297.3270 299.2348 297.3234 302.3162 298.3336 299.8159 302.7525 301.6253 299.6273 299.5893 298.0704 296.0272 296.2383 295.6176	77.3929
1971 3.6865405E-08 4.1966675E-08 1.0660075E-08 3.5104556E-08 2.0491324E-08 8.3039815E-09 2.4896668E-08 8.7248555E-09 2.1530035E-08 2.0654161E-08 1.5906544E-08 2.8632499E-08 2.7449047E-08 2.7921418E-08 3.5519321E-08	294.1864 297.4801 299.6937 297.6003 302.9143 298.6725 300.5982 303.7930 302.5423 301.0286 301.4513 299.4445 297.6323 297.9249 296.8969	0.145714
1972 3.3864033E-08 4.8250012E-08 1.2467186E-08 3.5035079E-08 2.8166310E-08 9.0614654E-09 3.4295940E-08 1.2994152E-08 2.1864182E-08 2.8791201E-08 2.1242348E-08 2.9847275E-08 3.5441079E-08 3.3652753E-08 3.3833015E-08	293.8689 296.9926 299.4116 296.9751 302.0566 298.4744 299.4670 302.7544 301.6010 299.5816 299.8657 298.1488 296.3201 296.5557 295.8059	108.966
1973 3.4956944E-08 5.0097221E-08 9.9438848E-09 4.1178204E-08 2.6630252E-08 8.1921012E-09 3.6745298E-08 1.2137568E-08 1.5400849E-08 2.7330017E-08 1.7922602E-08 2.7708884E-08 3.7299678E-08 3.4277086E-08 3.6088739E-08	295.0090 297.6402 299.3492 297.4625 302.0062 298.4258 299.5682 302.1438 301.1825 299.5497 299.1318 297.7212 295.9649 296.0979 295.5208	70.2143
1974 4.3602274E-08 3.1714567E-08 9.5151877E-09 2.9082221E-08 1.0589787E-08 7.8360340E-09 1.7490152E-08 4.8737117E-09 2.1469246E-08 1.7176308E-08 1.1384696E-08 2.4436435E-08 2.4856504E-08 2.3876620E-08 2.7706676E-08	293.5893 297.7158 299.5508 297.9922 303.7715 298.5742 301.6812 304.8777 303.2855 302.2567 303.1332 301.1747 298.8649 299.4921 298.4637	78.8571
1975 3.7485147E-08 4.4733294E-08 9.9192778E-09 3.7577564E-08 2.2297817E-08 8.4832914E-09 2.9601059E-08 1.0907785E-08 2.0848262E-08 2.7242624E-08 1.9599920E-08 2.6954751E-08 3.5834105E-08 3.4699756E-08 3.5770270E-08	294.2603 297.5511 299.5953 297.2681 302.7163 298.6009 299.9219 303.1279 302.0798 300.1175 300.4205 298.8573 296.5419 296.7646 296.2556	78.0714
1976 4.3033076E-08 3.6731684E-08 1.0253657E-08 3.7306663E-08 1.7349885E-08 7.8373636E-09 2.5798013E-08 7.3030884E-09 1.5831700E-08 2.0963137E-08 1.3174647E-08 2.0972706E-08 2.7174970E-08 2.7620494E-08 2.9722630E-08	293.8767 297.6843 299.6150 297.5659 303.4004 298.6180 300.7646 304.2601 302.9915 301.2766 301.9644 300.1195 297.8363 298.0149 296.9640	0.923793
1977 3.5368792E-08 5.7409572E-08 1.0089725E-08 4.2349864E-08 3.1079615E-08 7.8676399E-09 3.7373407E-08 1.6415747E-08 1.8529800E-08 3.4535734E-08 3.1646508E-08 3.5212143E-08 4.3984674E-08 4.6279713E-08 4.4710461E-08	294.6740 297.3158 299.0678 297.1396 301.8235 298.2112 299.0956 301.8280 301.0400 298.6673 298.2341 297.1485 295.0897 295.2504 294.9820	313.679
1978 3.2428044E-08 4.6961425E-08 8.6106837E-09 3.7516877E-08 2.3741816E-08 7.3209181E-09 3.2351515E-08 1.2408567E-08 2.0263119E-08 2.7952385E-08 2.0662766E-08 2.9479715E-08 3.6215923E-08 3.5952983E-08 3.5195601E-08	294.5224 297.3925 299.4221 297.3864 302.1977 298.4701 299.7296 302.6597 301.5076 299.7005 299.5732 297.7859 295.9776 296.0426 295.3511	0.796429
1979 3.9229068E-08 3.9713548E-08 1.0135385E-08 3.7161644E-08 2.0693475E-08 8.4898080E-09 2.8332021E-08 1.1006347E-08 1.8972624E-08 2.4398489E-08 1.8806631E-08 2.6814451E-08 3.0872915E-08 3.2709696E-08 3.6888803E-08	294.4851 297.4927 299.3737 297.5783 302.3721 298.4387 300.0728 302.6325 301.5978 300.1458 299.8052 298.1171 296.7831 296.8319 296.0713	0.418214
1980 3.3425081E-08 3.8232503E-08 1.0289467E-08 3.5287393E-08 1.8197239E-08 8.1248785E-09 2.8445735E-08 9.7398702E-09 1.8783387E-08 2.2007722E-08 1.5710469E-08 2.3459704E-08 2.8467433E-08 2.8260391E-08 3.0012213E-08	294.6277 297.4574 299.4947 297.5341 302.3277 298.5194 299.9638 302.7681 301.4921 300.1762 299.9995 298.1187 296.8580 296.7958 295.8470	0.0506897
1981 3.6072283E-08 3.5977120E-08 8.3826244E-09 3.4080280E-08 1.9120145E-08 8.1391756E-09 2.5034318E-08 9.3563965E-09 1.5352072E-08 2.3089763E-08 1.6851486E-08 2.1781068E-08 2.9763925E-08 2.8578405E-08 3.0706971E-08	294.3225 297.4327 299.2805 297.6624 302.4499 298.3675 300.3940 303.2292 302.1117 300.5957 300.7655 298.9161 297.4871 297.5589 296.5458	0.209286
1982 3.8296420E-08 4.2628447E-08 8.6242045E-09 3.7853408E-08 2.3540762E-08 7.9976994E-09 2.6297373E-08 1.1483015E-08 1.6604961E-08 2.3716680E-08 2.1736316E-08 2.7782747E-08 3.1937528E-08 3.6951157E-08 3.5744122E-08	294.4440 297.6667 299.3052 297.6698 302.5961 298.3798 300.3693 303.2847 302.1929 300.4680 300.3435 298.7018 296.7994 296.7904 296.2482	46.3929
1983 3.4069721E-08 6.2656348E-08 9.2165413E-09 4.5787949E-08 3.7039552E-08 8.6078940E-09 4.4613540E-08 2.3601768E-08 2.5536826E-08 4.1345430E-08 3.9937692E-08 4.2099622E-08 4.8920995E-08 4.9432121E-08 4.5022006E-08	294.8252 297.3801 299.1378 296.9130 301.7163 298.2664 298.6354 301.2258 300.5655 297.7970 297.6661 296.7829 294.7194 295.0401 294.9797	1.17179
1984 4.7848964E-08 4.2636945E-08 1.0488115E-08 4.2003876E-08 2.3327257E-08 9.7935482E-09 2.8226067E-08 1.1078866E-08 2.7653638E-08 2.3696439E-08 1.7561172E-08 3.5198234E-08 3.1227451E-08 3.3378104E-08 3.8677157E-08	293.5122 297.1834 299.0985 297.1280 302.3961 298.2431 300.1695 303.3068 302.1083 300.6824 300.8422 299.0853 297.3788 297.5105 296.7816	0.191034
1985 3.9025625E-08 3.4745444E-08 9.9387130E-09 3.4680426E-08 1.7154351E-08 8.4426857E-09 2.2581730E-08 7.6670492E-09 2.1436431E-08 1.9250779E-08 1.2577410E-08 2.2844610E-08 2.6162828E-08 2.6515028E-08 2.8549326E-08	293.9503 297.4528 299.1584 297.6106 302.8557 298.2704 300.7487 303.7701 302.2823 301.2823 301.7034 299.5612 297.9016 298.0516 296.8449	72.25
1986 4.5654737E-08 4.6479624E-08 1.1337812E-08 4.3112177E-08 2.6727475E-08 9.6246184E-09 3.0698853E-08 1.1434497E-08 2.1151466E-08 2.5011829E-08 1.8056385E-08 2.8186244E-08 2.7822967E-08 2.9793203E-08 3.4881051E-08	293.7190 297.1202 299.2150 296.9471 301.9735 298.3312 299.6973 302.8768 301.7791 300.0902 300.4622 298.5261 296.9696 297.3123 296.4476	4.85357
1987 3.9309693E-08 5.6786472E-08 1.0769450E-08 4.5293298E-08 3.4983000E-08 9.9510951E-09 3.9517349E-08 1.7780698E-08 2.4224713E-08 3.5028734E-08 2.6643937E-08 3.4516454E-08 4.3555360E-08 3.9688260E-08 3.8653862E-08	293.9562 296.8652 299.1830 296.4909 301.1319 298.3040 298.4940 301.4286 300.6012 298.3173 298.3494 297.0536 295.1190 295.5627 295.1239	147.5
1988 3.4100417E-08 5.3571060E-08 1.2483569E-08 4.0232432E-08 2.8908193E-08 1.0064125E-08 3.6147568E-08 1.5598022E-08 2.2941443E-08 2.9284596E-08 2.4976520E-08 2.9010948E-08 3.3215123E-08 3.6689869E-08 3.7983718E-08	294.8658 297.6079 298.9588 297.6173 302.3772 298.1353 299.8017 302.8497 301.7756 299.6517 299.7477 298.3146 296.1638 296.3170 295.6042	66
1989 4.4212562E-08 4.0429232E-08 1.1182417E-08 3.6529279E-08 1.6811043E-08 7.6172082E-09 2.3569370E-08 7.5940738E-09 1.7397035E-08 1.8761069E-08 1.4236512E-08 2.4174470E-08 2.4421539E-08 2.5072783E-08 2.9762621E-08	293.3405 297.1616 299.4228 297.3000 302.9939 298.4813 300.7784 304.1722 302.9677 301.4596 302.2555 300.4514 298.3362 298.8243 297.7472	0.354286
1990 4.1272578E-08 5.4710625E-08 1.0662231E-08 4.0507320E-08 2.7507561E-08 8.6564613E-09 3.2984218E-08 1.2962928E-08 1.9339211E-08 3.0628478E-08 2.4014257E-08 2.8206703E-08 3.6897518E-08 3.7134612E-08 3.5574903E-08	294.3070 297.2221 299.5244 297.3904 302.1927 298.5451 299.8128 302.8737 301.8132 299.8154 299.9720 298.3514 296.4197 296.6761 296.1230	0
1991 3.9709352E-08 5.0294485E-08 1.1236643E-08 4.4087969E-08 2.8489588E-08 1.0278524E-08 3.4228286E-08 1.4730425E-08 2.1076671E-08 2.8529767E-08 2.0471028E-08 2.5935378E-08 3.7454019E-08 3.4770707E-08 3.6223977E-08	294.1791 297.1769 299.4270 296.8789 301.5627 298.4790 299.2630 302.1127 301.0340 299.4933 299.2094 297.4827 295.8838 295.9674 295.3476	62.7857
1992 3.5402117E-08 4.8642445E-08 1.1836159E-08 4.4409791E-08 2.5459478E-08 8.8187218E-09 3.5224804E-08 1.3386440E-08 1.9555541E-08 3.1053016E-08 2.1654996E-08 2.8579699E-08 4.0463831E-08 3.7238934E-08 3.7493308E-08	294.5229 297.0522 299.0421 296.8443 301.4250 298.1978 298.8021 301.5578 300.5639 298.2681 298.0942 296.9894 294.8660 295.2003 294.8860	912.759
1993 3.6653411E-08 4.7218467E-08 1.1450264E-08 3.8990539E-08 2.6261471E-08 8.9369578E-09 3.1026246E-08 1.5204179E-08 2.4241801E-08 2.6644800E-08 2.4847362E-08 3.3421333E-08 3.3217127E-08 3.6518234E-08 3.5962557E-08	294.1784 297.0499 299.3633 297.1219 301.5755 298.4355 299.4127 302.0238 300.9750 299.3496 299.1884 297.5257 296.2119 296.3591 295.6124	87.2857
1994 3.6881932E-08 4.8644459E-08 1.0567253E-08 4.4929550E-08 2.5758572E-08 8.3033314E-09 3.6461245E-08 1.3455565E-08 2.0850234E-08 3.1822186E-08 2.3246635E-08 3.0323317E-08 4.0784229E-08 3.9897454E-08 3.8776491E-08	294.3307 296.9472 298.9971 296.8747 301.8201 298.1752 299.1872 302.2870 301.1556 298.9662 299.1514 297.4550 295.5253 295.6336 295.1076	0
1995 3.9336090E-08 5.6221026E-08 9.1935393E-09 4.5050648E-08 3.0800859E-08 8.2888567E-09 3.9251610E-08 1.4937379E-08 2.0984375E-08 3.2586147E-08 2.5599579E-08 3.3407783E-08 3.8503028E-08 3.7278799E-08 3.8017699E-08	294.4873 297.2881 299.4545 297.1154 301.8705 298.5050 299.3307 302.1255 300.9480 299.1481 298.8973 297.3226 295.7114 296.0093 295.4547	2.72643
1996 3.9835253E-08 4.3441045E-08 1.1658134E-08 3.6569467E-08 2.3428258E-08 9.7311981E-09 2.7025061E-08 1.1895187E-08 2.4098529E-08 2.4857224E-08 1.8772081E-08 3.1373943E-08 2.9575551E-08 2.9598249E-08 3.5247840E-08	294.3968 297.4215 299.5128 297.4240 302.4382 298.5370 300.1405 303.1095 302.0489 300.4403 300.5882 298.6598 297.1457 297.3211 296.4229	0
1997 4.9430589E-08 6.4258757E-08 1.4317013E-08 5.3502092E-08 3.9224435E-08 1.1517823E-08 3.9831587E-08 2.0450265E-08 2.5687463E-08 2.9594968E-08 2.7374542E-08 3.6972544E-08 3.7157324E-08 4.1123737E-08 4.2157662E-08	293.4133 296.7877 299.6114 296.3894 301.3732 298.6187 299.0980 302.2457 301.4506 299.5395 299.8854 298.2696 296.3285 296.6288 295.9912	10.3786
1998 3.4547618E-08 5.6423762E-08 1.1214283E-08 4.4758213E-08 3.2632091E-08 9.1722629E-09 3.8882490E-08 1.7259692E-08 2.3498314E-08 3.4904019E-08 2.8095382E-08 3.3808313E-08 4.1238721E-08 4.2026656E-08 4.3851308E-08	295.1517 297.7809 298.9733 297.2706 302.2135 298.1391 299.1263 302.0033 300.7935 298.5029 298.2153 296.9644 294.9377 295.0134 294.6268	3.03893
1999 3.4644106E-08 3.7060694E-08 1.0004187E-08 2.9567165E-08 1.5155194E-08 8.7931005E-09 1.8892209E-08 6.2067378E-09 1.6505570E-08 1.8772901E-08 1.4307060E-08 2.0834609E-08 2.4532882E-08 2.6135050E-08 2.6209097E-08	294.7801 298.0088 298.9507 298.3564 303.5799 298.1234 301.5540 304.3229 302.8375 301.8098 302.0696 300.3341 298.4134 298.7722 297.8634	106.393
2000 4.0023139E-08 3.7866965E-08 1.0118979E-08 3.3971901E-08 1.9693074E-08 9.0506083E-09 2.7634819E-08 9.2072598E-09 2.0979090E-08 2.1881588E-08 1.6096934E-08 2.4134112E-08 2.5520654E-08 2.6700029E-08 2.6525516E-08	294.0541 297.7848 299.8481 297.9562 303.3425 298.7887 301.0914 304.1396 302.9820 301.8111 302.3136 300.7260 299.0171 299.5107 298.6064	2.77276
2001 4.1135994E-08 4.1659700E-08 8.7660421E-09 4.0340495E-08 1.8746205E-08 7.4959257E-09 3.3301468E-08 8.7371586E-09 1.4229783E-08 3.1604952E-08 1.7161851E-08 2.4125464E-08 3.5403929E-08 3.4154038E-08 3.4574995E-08	294.1375 297.4080 299.8630 297.4776 302.8171 298.8004 300.3649 303.6621 302.6371 300.6953 300.9891 299.2143 297.5689 297.6804 296.9018	89.8571
2002 4.3467104E-08 4.1219725E-08 1.0474608E-08 3.9746048E-08 2.1621220E-08 7.7881879E-09 2.8713478E-08 9.8843378E-09 1.9132834E-08 2.1693200E-08 1.7444149E-08 2.6225818E-08 2.5837574E-08 2.9841395E-08 3.2770103E-08	293.9269 297.4785 299.6693 297.4511 302.7915 298.6507 300.5355 303.7469 302.2529 301.1254 301.3794 299.1656 297.9716 298.0018 296.9471	56.3929
2003 3.2838553E-08 4.6367045E-08 1.0231540E-08 4.0520465E-08 2.5296643E-08 7.8492421E-09 3.7562131E-08 1.2910699E-08 2.0305729E-08 3.3798834E-08 2.2807935E-08 3.1643264E-08 3.8397793E-08 3.5207719E-08 3.7962074E-08	294.5556 297.0903 298.7368 297.0245 301.7381 297.8675 299.2094 302.0478 301.0823 299.2325 299.0815 297.6317 296.1299 296.3314 295.7324	80.8571
2004 2.9742464E-08 3.3640628E-08 9.4213428E-09 2.9053373E-08 1.5607251E-08 7.4947373E-09 2.2117357E-08 6.9002408E-09 1.4278124E-08 2.1337030E-08 1.4752562E-08 2.1495836E-08 2.8992996E-08 2.8184548E-08 2.9645276E-08	295.2015 297.8639 299.2499 298.1609 302.7157 298.3466 300.7198 303.2522 301.8952 300.8236 300.3517 298.3958 297.2719 297.2340 296.2959	88.4828
2005 3.4862730E-08 5.1160384E-08 1.1307106E-08 4.1579682E-08 2.7323106E-08 8.9620524E-09 3.3665057E-08 1.5213574E-08 2.0838691E-08 2.8555407E-08 2.4103157E-08 2.8423155E-08 3.6641694E-08 3.7425281E-08 3.9132114E-08	294.6956 297.4543 299.6077 297.3068 301.8576 298.6075 299.4462 302.2712 301.2852 299.4038 299.2478 297.9260 296.1529 296.4331 295.8918	232.25
2006 3.8372566E-08 4.1302741E-08 9.8913562E-09 4.0266428E-08 1.9869924E-08 7.9197626E-09 3.1172092E-08 1.0071029E-08 2.0012550E-08 2.7617656E-08 1.8238001E-08 2.9271522E-08 3.4990688E-08 3.2433608E-08 3.4249886E-08	294.7056 297.6984 299.4401 297.5870 302.5200 298.4837 300.0235 302.7678 301.9116 300.0224 299.8674 298.3283 296.8645 296.9252 296.1850	0.171429
2007 3.9199154E-08 4.9473840E-08 9.9106883E-09 4.0394646E-08 2.6129403E-08 8.2812495E-09 3.5941508E-08 1.4993839E-08 2.3382686E-08 2.8334252E-08 2.0056612E-08 3.3064328E-08 3.2633654E-08 3.1653769E-08 3.6012878E-08	294.8567 297.6031 299.3062 297.5003 302.0313 298.3831 299.5758 302.1083 301.0656 299.4814 299.1477 297.5975 296.2875 296.3982 295.5797	12.9589
2008 4.4582492E-08 4.1587320E-08 1.3332395E-08 3.7791779E-08 1.9402105E-08 9.9898481E-09 2.4315876E-08 5.8707226E-09 2.0947684E-08 2.1053527E-08 1.0512276E-08 1.9790757E-08 2.4706491E-08 2.3291573E-08 2.7841693E-08	293.6829 297.3160 299.4791 297.2997 302.8608 298.5280 300.6710 303.9666 302.4887 301.3422 301.9599 299.9259 298.2104 298.5193 297.4071	56
2009 3.4144545E-08 2.7998544E-08 9.7919113E-09 2.8909374E-08 9.9450004E-09 7.7989615E-09 2.1361199E-08 5.1628932E-09 1.4966936E-08 1.7835246E-08 1.1173247E-08 1.9980401E-08 2.3113341E-08 2.3016760E-08 2.6823162E-08	295.0725 298.2943 299.6915 298.4937 303.6764 298.6739 301.4922 304.2399 302.8554 301.9495 301.8224 299.6255 298.6382 298.3622 297.1427	0.0589286
2010 3.4552730E-08 4.7135831E-08 9.6740962E-09 3.8114162E-08 2.6079443E-08 8.0042604E-09 3.4761527E-08 1.2762305E-08 1.9515587E-08 3.2715423E-08 2.5564333E-08 3.1250849E-08 4.2172026E-08 4.0104730E-08 4.2207567E-08	0.0000000E+00 0.0000000E+00 0.0000000E+00 0.0000000E+00 0.0000000E+00 0.0000000E+00 0.0000000E+00 0.0000000E+00 0.0000000E+00 0.0000000E+00 0.0000000E+00 0.0000000E+00 0.0000000E+00 0.0000000E+00 0.0000000E+00  257.341
2011 3.1505493E-08 2.9582159E-08 8.9270360E-09 2.5766658E-08 1.2855804E-08 7.8857658E-09 1.7391399E-08 5.0094378E-09 1.6497886E-08 1.6727068E-08 1.0273687E-08 1.8317127E-08 2.1153710E-08 2.0456667E-08 2.4213950E-08	295.0235 298.3416 299.5413 298.6454 303.9462 298.5509 302.0323 304.8092 303.3241 302.4672 303.1161 301.1385 299.2506 299.6830 298.3894	0.838214
2012 3.7339657E-08 3.8874724E-08 8.7583700E-09 3.4300442E-08 1.8638588E-08 8.0884162E-09 2.5081151E-08 8.4018286E-09 1.8172278E-08 2.0539925E-08 1.6005611E-08 2.2514335E-08 2.7573188E-08 2.8710689E-08 2.9136714E-08	294.5098 297.7955 299.6539 297.9418 302.9499 298.6415 300.9510 303.7965 302.5924 301.3022 301.4528 299.5873 297.9438 298.1246 297.0999	0
2013 4.0663135E-08 4.2754351E-08 1.0341210E-08 3.6214274E-08 2.1989024E-08 9.6372466E-09 2.6009531E-08 9.6489998E-09 1.6730169E-08 2.0658121E-08 1.7189876E-08 2.4026470E-08 2.9646618E-08 2.8247726E-08 3.0918628E-08	294.0862 297.3825 299.7720 297.5881 302.2627 298.7332 300.5033 303.4757 302.1317 300.9405 300.9821 298.9946 297.5290 297.7218 296.6059	13.0236
2014 3.6545586E-08 3.4453677E-08 1.0689620E-08 3.8948269E-08 1.9683645E-08 8.8576675E-09 2.9851666E-08 1.0386339E-08 2.0683915E-08 2.3242535E-08 1.6977944E-08 2.5682711E-08 2.7401983E-08 2.8432028E-08 2.9626285E-08	294.4158 297.7352 299.8253 297.5850 302.7118 298.7801 300.1866 303.3894 302.1763 300.5079 300.6700 298.8938 297.4270 297.5222 296.7012	0.194643
2015 3.3470972E-08 4.2420627E-08 9.3553147E-09 3.7558291E-08 2.3149111E-08 6.9017729E-09 3.5282159E-08 1.4748993E-08 1.7151409E-08 3.1423184E-08 2.5675632E-08 2.7034281E-08 3.8900023E-08 3.8782471E-08 3.6183209E-08  294.3670 297.1198 298.9067 297.0414 301.6142 298.0844 299.0584 301.8012 301.1015 298.9278 298.8506 297.7410 295.8134 296.1632 295.9058  0
