STN,prec_1,prec_2,prec_3,prec_4,prec_5,prec_6,prec_7,prec_8,prec_9,prec_10,prec_11,prec_12,prec_13,prec_14,prec_15,st_1,st_2,st_3,st_4,st_5,st_6,st_7,st_8,st_9,st_10,st_11,st_12,st_13,st_14,st_15,03.0
LAT,23.72017,23.72017,23.72017,26.51077,26.51077,26.51077,29.30136,29.30136,29.30136,32.09194,32.09194,32.09194,34.88252,34.88252,34.88252,23.72017,23.72017,23.72017,26.51077,26.51077,26.51077,29.30136,29.30136,29.30136,32.09194,32.09194,32.09194,34.88252,34.88252,34.88252,28.30888906
LON,-101.2500,-98.43750,-95.62500,-101.2500,-98.43750,-95.62500,-101.2500,-98.43750,-95.62500,-101.2500,-98.43750,-95.62500,-101.2500,-98.43750,-95.62500,-101.2500,-98.43750,-95.62500,-101.2500,-98.43750,-95.62500,-101.2500,-98.43750,-95.62500,-101.2500,-98.43750,-95.62500,-101.2500,-98.43750,-95.62500,-98.5572384
1958 2.7267191E-08 1.7107549E-08 2.1438305E-08 1.6249619E-08 4.5022630E-09 1.8211979E-08 6.0320806E-09 3.6690080E-09 2.8501487E-08 5.7199281E-09 8.4753502E-09 2.6841246E-08 1.4898816E-08 1.6591247E-08 2.1767981E-08	295.8975 301.1042 302.5688 301.6331 308.0307 302.4795 306.3004 308.5940 305.4871 307.6253 308.2639 305.9052 305.8800 307.7738 306.9598	423.639
1959 2.3406013E-08 1.3144685E-08 1.6987185E-08 9.9837578E-09 2.6498368E-09 1.3268742E-08 3.2852048E-09 9.9103803E-10 2.0766956E-08 4.6062620E-09 5.7335749E-09 1.8819536E-08 1.1996142E-08 1.4354915E-08 2.0690612E-08	296.0731 301.3426 302.5701 301.9655 308.4286 302.4738 306.6133 309.1675 306.5089 308.0400 308.8929 307.1156 306.3835 308.3830 307.8435	32.829
1960 2.8802647E-08 2.0740606E-08 2.4235698E-08 1.3402847E-08 4.3676534E-09 1.9009336E-08 4.0443391E-09 2.1302664E-09 2.4686623E-08 3.4201859E-09 5.1664544E-09 1.6916902E-08 9.2911083E-09 1.1518847E-08 1.4998262E-08	295.3430 300.6805 302.4406 301.1917 308.0203 302.3892 306.0054 308.7451 306.2880 307.8154 308.6605 307.1962 306.6083 308.8067 308.6250	42.9677
1961 2.4322174E-08 1.6050976E-08 2.3591060E-08 8.5770804E-09 3.8400367E-09 1.8510239E-08 2.9927343E-09 2.0658655E-09 2.1792836E-08 3.6808505E-09 5.4366254E-09 1.8066562E-08 1.1273070E-08 1.3465394E-08 1.7428183E-08	295.8273 301.1503 302.4958 301.6312 308.2746 302.4230 306.4436 309.0004 306.4555 308.2059 308.9774 307.2507 306.5594 308.5981 308.2134	88.6774
1962 2.4125971E-08 1.5496644E-08 2.4719437E-08 1.1928749E-08 3.3719818E-09 1.7437017E-08 2.7304050E-09 1.6285057E-09 2.2273642E-08 2.7949894E-09 4.5023256E-09 1.6880321E-08 9.5991997E-09 1.1052364E-08 1.6604007E-08	295.4083 300.6384 302.4122 301.1200 307.7484 302.3675 306.0625 308.5661 306.2691 307.9758 308.5020 307.0465 306.5632 308.5211 308.2269	0.00322581
1963 2.3534433E-08 1.4879006E-08 2.1299019E-08 1.2501150E-08 4.1159192E-09 1.7973575E-08 4.8571671E-09 2.0630797E-09 2.0727443E-08 5.7506986E-09 6.6876189E-09 1.9436568E-08 1.2499948E-08 1.6129789E-08 2.1374952E-08	295.7571 301.0955 302.4105 301.5181 308.0198 302.3662 306.2729 308.6698 306.1197 307.9894 308.5319 306.7464 306.1905 308.1062 307.5978	0.016129
1964 2.4441368E-08 2.0027910E-08 2.7886289E-08 1.3003280E-08 6.1570731E-09 1.9949788E-08 3.9373460E-09 2.8217533E-09 2.5593589E-08 3.5034537E-09 7.6329911E-09 2.2031799E-08 1.0627860E-08 1.4185359E-08 2.1865665E-08	295.7066 300.9019 302.5450 301.5409 308.0857 302.4595 306.2538 308.7178 306.1454 307.8755 308.4253 306.6543 306.3356 308.1309 307.5910	12.3258
1965 1.6315589E-08 1.1524607E-08 1.8889732E-08 6.7269359E-09 3.9512638E-09 1.8747714E-08 1.4754963E-09 2.4363254E-09 2.1676872E-08 2.8679787E-09 5.0580544E-09 1.9093918E-08 1.1796661E-08 1.3524803E-08 1.8910976E-08	296.1499 300.9918 302.3040 301.9662 307.9007 302.2926 306.5696 308.5305 305.7787 308.1884 308.5815 306.6422 306.6016 308.4403 307.7304	0.432258
1966 2.1846860E-08 1.2766716E-08 1.8245339E-08 7.8328712E-09 3.1603355E-09 1.6339442E-08 2.8519092E-09 1.6628027E-09 2.3515371E-08 3.8029424E-09 5.6034342E-09 2.0458982E-08 1.3776948E-08 1.6343947E-08 2.3476908E-08	295.5508 300.8429 302.3277 301.5729 307.8934 302.3100 306.2263 308.5645 305.5945 307.5523 308.2173 306.1541 305.5846 307.5872 306.7243	1.02581
1967 2.8116480E-08 1.6235997E-08 1.9533863E-08 1.2747472E-08 2.9783345E-09 1.5567096E-08 3.0621825E-09 1.1100008E-09 1.7609832E-08 2.3337865E-09 3.2914180E-09 1.3637310E-08 1.0316608E-08 1.2804554E-08 1.6171914E-08	295.2945 300.8767 302.3668 301.1718 307.9358 302.3359 306.1924 308.8478 306.4791 308.1231 308.9704 307.4444 306.5444 308.7495 308.5974	0.0648387
1968 2.3840963E-08 1.5822007E-08 2.3297497E-08 9.9736388E-09 3.0493985E-09 1.8382377E-08 3.2812464E-09 1.7097943E-09 2.2322952E-08 3.2855172E-09 4.1414361E-09 1.3839646E-08 1.0797727E-08 1.1109975E-08 1.5415855E-08	295.4626 300.6804 302.4001 301.3742 307.9211 302.3683 306.1742 308.6560 305.9146 307.8312 308.6087 307.0638 306.4135 308.5695 308.1379	92.0645
1969 2.5892509E-08 1.9470223E-08 2.3427576E-08 1.3652297E-08 5.6580571E-09 1.8848615E-08 3.6320698E-09 2.8307074E-09 2.8737983E-08 4.2097192E-09 6.1277818E-09 2.2613447E-08 1.0799837E-08 1.3017720E-08 2.0835529E-08	296.1778 301.0723 302.6787 301.6706 307.9922 302.5571 306.4260 308.8520 306.2053 308.0865 308.8893 307.0730 306.6534 308.6756 308.0050	0.0254839
1970 2.5449236E-08 1.8230560E-08 2.4117865E-08 1.2641219E-08 5.6090843E-09 1.8953696E-08 4.1447792E-09 3.0109084E-09 2.3190118E-08 5.0833191E-09 7.1175159E-09 1.8706116E-08 1.1502720E-08 1.3323990E-08 1.8791010E-08	295.4128 300.6875 302.3676 301.1725 307.6880 302.3307 305.8664 308.3164 305.6459 307.4360 308.0567 306.4218 306.0271 308.1080 307.7091	81.8065
1971 2.5260720E-08 1.9585620E-08 2.5530273E-08 1.1404416E-08 4.5482929E-09 1.9005894E-08 2.4466784E-09 1.5573924E-09 2.1305182E-08 3.4934513E-09 5.1493680E-09 1.7781636E-08 1.0309263E-08 1.4539126E-08 2.0216371E-08	295.3695 300.5572 302.3870 301.4033 307.7852 302.3519 306.4335 308.7358 306.1806 308.1779 308.7457 307.1529 306.4514 308.3919 307.9375	0.0493548
1972 2.1466494E-08 1.4641908E-08 1.9685459E-08 9.8830091E-09 2.9359837E-09 1.8310839E-08 2.8548452E-09 1.6258974E-09 2.2766892E-08 2.9490972E-09 4.1004840E-09 1.6208606E-08 1.0270186E-08 1.1211683E-08 1.5638037E-08	295.5637 300.6218 302.3661 301.4964 307.7748 302.3367 306.2882 308.6095 305.8711 307.9979 308.6800 306.9231 306.5877 308.6556 308.1568	89.9677
1973 2.3340652E-08 1.6192956E-08 2.3786345E-08 1.2259640E-08 4.7322324E-09 2.1679671E-08 4.7563580E-09 3.8370289E-09 2.7347575E-08 5.5702469E-09 7.1978641E-09 2.4305994E-08 1.2855566E-08 1.4487982E-08 2.2116421E-08	295.7169 300.8442 302.4909 301.5038 307.7307 302.4197 306.0576 308.3883 305.2558 307.3656 308.1897 306.0496 305.7113 307.7197 306.8184	41.8129
1974 2.3734685E-08 1.3454296E-08 2.0371532E-08 1.2190731E-08 4.1514707E-09 1.9018870E-08 6.3614540E-09 2.8675198E-09 1.9062913E-08 5.0819589E-09 6.3558563E-09 1.5239127E-08 1.2270178E-08 1.5009199E-08 1.9718703E-08	295.3250 300.8202 302.1744 301.0381 307.6896 302.1982 305.8387 308.4826 306.0777 307.7067 308.3915 306.9093 305.9132 308.0495 307.6228	453.323
1975 2.6003601E-08 1.4500728E-08 1.9720838E-08 1.0725591E-08 4.7102735E-09 1.8798383E-08 3.8414250E-09 2.7730860E-09 2.3893055E-08 3.8828309E-09 5.5670033E-09 1.6937230E-08 9.4074206E-09 1.3149769E-08 1.7694246E-08	295.5698 300.8102 302.4556 301.4862 307.9542 302.3987 306.3910 308.7586 306.3880 308.2131 308.7704 307.4047 306.7653 308.6781 308.3206	36.7097
1976 2.1318847E-08 1.6025755E-08 2.4626669E-08 8.1720017E-09 3.5978638E-09 1.8386643E-08 4.0653898E-09 2.2421438E-09 1.9580677E-08 3.5441465E-09 4.7406923E-09 1.6304439E-08 1.1065630E-08 1.2854810E-08 1.6495985E-08	295.3686 300.5034 302.1954 301.1122 307.5133 302.2118 306.0215 308.3942 306.0007 307.9252 308.5638 306.9138 306.0691 308.1996 307.9146	0.555806
1977 2.3853206E-08 1.4332723E-08 2.0128516E-08 1.4881282E-08 4.6950341E-09 1.6590233E-08 5.9146781E-09 2.6837674E-09 2.4670642E-08 5.2717728E-09 8.6280139E-09 2.7990907E-08 1.3703383E-08 1.6404524E-08 2.4213692E-08	296.2453 301.4771 302.5119 301.7033 308.2270 302.4336 306.2794 308.9226 305.8132 307.5947 308.4504 305.9717 305.6531 307.6461 306.5733	210.129
1978 2.5714934E-08 1.4612897E-08 1.9485805E-08 1.3598120E-08 4.1886161E-09 1.5281270E-08 6.4307142E-09 2.7826406E-09 2.3657247E-08 5.0264353E-09 7.9959355E-09 2.1420037E-08 1.1826700E-08 1.5346298E-08 2.2537311E-08	295.6065 301.0657 302.4494 301.5220 308.0823 302.3946 306.1471 308.6000 305.6941 307.7661 308.3143 306.2819 306.0766 308.0472 307.2917	0.522258
1979 2.5406235E-08 1.9081948E-08 2.5593163E-08 1.2338440E-08 5.6199507E-09 2.0608210E-08 3.5293815E-09 2.7320162E-09 2.6486102E-08 3.2151075E-09 3.7190213E-09 1.5357433E-08 8.7480316E-09 9.0518002E-09 1.4101227E-08	295.3869 300.4434 302.5283 301.1599 307.5199 302.4506 306.0301 308.4596 305.9135 307.8511 308.6656 306.8952 306.6848 308.8445 308.0551	0.0558065
1980 2.5278108E-08 1.7294767E-08 2.1687928E-08 1.4184461E-08 5.6128018E-09 1.7738563E-08 3.6075087E-09 1.7709858E-09 2.3119302E-08 3.7266594E-09 4.4455075E-09 1.9341677E-08 1.0781472E-08 1.3499938E-08 1.9342925E-08	295.5490 300.9530 302.5192 301.4771 307.9393 302.4369 306.3293 308.8471 305.8484 307.8958 308.7695 306.8769 306.3010 308.3388 307.7668	0.033871
1981 2.5035597E-08 1.6304149E-08 2.0951155E-08 1.4921632E-08 5.4013163E-09 1.8233896E-08 5.5837761E-09 3.7947943E-09 2.2245368E-08 4.8141682E-09 6.8806258E-09 2.1780746E-08 1.3898600E-08 1.5775534E-08 2.1397563E-08	295.6951 301.0632 302.3595 301.2662 307.8704 302.3295 306.0380 308.4258 305.8387 307.7631 308.2411 306.4240 305.8978 307.8162 307.2803	37.0745
1982 2.5732723E-08 1.9303119E-08 2.6542743E-08 1.2167440E-08 4.2980663E-09 1.6689986E-08 2.9375813E-09 1.3563783E-09 2.0534992E-08 3.2202321E-09 4.4303508E-09 1.7296614E-08 1.0846408E-08 1.1936507E-08 1.7846942E-08	295.4837 300.6296 302.5791 301.4193 307.8257 302.4839 306.3329 308.7509 306.3144 308.0453 308.7756 307.2650 306.5263 308.6930 308.4317	92.129
1983 2.8911751E-08 2.0770717E-08 2.8049808E-08 1.4016315E-08 7.3132593E-09 2.2382570E-08 4.3963815E-09 3.7544692E-09 3.1362472E-08 4.7385478E-09 7.7296907E-09 2.4977625E-08 1.3034734E-08 1.3915226E-08 1.9841355E-08	295.4336 300.7342 302.6999 301.3716 307.6486 302.5703 306.1292 308.4720 304.8243 307.3058 308.1717 305.6453 305.6303 307.8638 306.8897	0.415806
1984 2.4927415E-08 1.4791349E-08 1.5861151E-08 1.1142264E-08 2.9791036E-09 1.4999216E-08 3.7498538E-09 1.5074624E-09 1.5704058E-08 4.5525717E-09 3.8370196E-09 1.3395752E-08 1.0864238E-08 1.2775434E-08 1.8745874E-08	295.1719 300.7564 302.3205 301.2841 308.0170 302.3058 306.3830 309.1159 306.6124 307.8570 308.8908 307.2503 306.0269 308.2818 307.8417	0.613871
1985 2.6414639E-08 1.6763616E-08 2.3667946E-08 1.4336321E-08 5.9073137E-09 2.1772738E-08 4.4054178E-09 2.8186948E-09 2.2395289E-08 3.7367522E-09 5.9157097E-09 1.6748244E-08 9.9065121E-09 1.2331491E-08 1.8480732E-08	295.4327 300.7992 302.3058 301.1526 307.6974 302.2906 306.0759 308.5396 305.9785 307.8299 308.3878 306.8762 306.1169 308.2657 308.1032	316.065
1986 2.3052360E-08 1.6726997E-08 2.1957515E-08 1.1568836E-08 4.7340007E-09 1.8987594E-08 3.8243795E-09 2.9249940E-09 2.3365464E-08 4.1254005E-09 5.6960965E-09 1.8254076E-08 1.0317934E-08 1.2258919E-08 1.6243296E-08	295.6796 300.6458 302.6441 301.4006 307.6971 302.5362 306.0993 308.5068 305.9208 307.6646 308.3688 306.7636 306.3048 308.4946 308.1049	1.98548
1987 2.5683303E-08 1.3646130E-08 2.0336449E-08 1.2804597E-08 3.6294283E-09 1.6831205E-08 3.3340541E-09 1.6101170E-09 2.1605137E-08 4.0591863E-09 4.4367829E-09 1.6595179E-08 1.1506925E-08 1.2704841E-08 1.7947810E-08	295.5410 300.8046 302.6194 301.4669 307.7599 302.5282 306.2954 308.7133 305.4051 307.5014 308.5046 306.4160 305.7863 308.0544 307.2134	139.581
1988 2.7294879E-08 1.7503362E-08 2.3875469E-08 1.2150863E-08 4.4554231E-09 1.8834717E-08 4.2549542E-09 2.0777053E-09 2.3603087E-08 4.6744426E-09 6.5921575E-09 2.1903343E-08 1.0598427E-08 1.1551752E-08 1.7395884E-08	295.1101 300.4443 302.4143 300.9468 307.6493 302.3629 305.7906 308.6416 306.0284 307.2910 308.2856 306.5429 305.8190 308.0522 307.5988	35.5806
1989 2.5119219E-08 1.4653137E-08 2.1649187E-08 1.1119462E-08 3.7414645E-09 1.8088686E-08 5.9670615E-09 4.3931432E-09 2.6789339E-08 5.2678710E-09 8.5569871E-09 2.3117096E-08 9.8115072E-09 1.3863390E-08 2.1381108E-08	295.2924 300.5998 302.3850 301.1984 307.9247 302.3493 306.0085 308.6501 306.0848 307.5880 308.2225 306.5186 305.9697 307.9152 307.4866	2.7129
1990 2.7205466E-08 1.6265172E-08 2.1298767E-08 1.4154425E-08 4.3606097E-09 1.9949679E-08 5.8323701E-09 3.0628646E-09 2.4722350E-08 4.8683719E-09 6.1540062E-09 2.1828111E-08 1.2190796E-08 1.4540308E-08 2.2217735E-08	295.6893 300.8351 302.8058 301.4384 307.8052 302.6581 306.2318 308.6362 305.9628 307.7336 308.4610 306.4908 306.2417 308.2122 307.5177	221.613
1991 2.2124173E-08 1.2625272E-08 1.8462122E-08 1.0439190E-08 3.2436112E-09 1.4284947E-08 4.1020156E-09 2.0069213E-09 2.2242139E-08 4.5007020E-09 4.9266680E-09 1.8649226E-08 1.1683767E-08 1.2750641E-08 1.6829643E-08	296.0786 301.2390 302.7323 301.8485 308.2141 302.5996 306.4543 308.9585 306.1949 308.0563 308.8463 307.0823 306.5597 308.7959 308.3710	3.53903
1992 2.5887818E-08 1.6648478E-08 1.9237682E-08 1.3451813E-08 4.2379877E-09 1.6519504E-08 3.7903791E-09 1.7043761E-09 2.0478454E-08 4.9027258E-09 5.2721578E-09 1.4682357E-08 1.1822602E-08 1.2365618E-08 1.7068768E-08	295.5890 300.7780 302.6212 301.3816 307.6949 302.5262 306.2698 308.6782 305.5415 307.5472 308.5749 306.5799 305.9406 308.2951 307.4367	912.581
1993 2.3944210E-08 1.5721973E-08 2.1987653E-08 1.1743826E-08 3.4131156E-09 1.6897223E-08 3.5785266E-09 2.6294893E-09 2.2538710E-08 3.5844347E-09 5.3595444E-09 1.8156500E-08 1.0427703E-08 1.2158803E-08 1.6748697E-08	295.5217 300.5310 302.4768 301.3454 307.5965 302.4250 306.1616 308.4438 305.4785 307.6309 308.2803 306.3314 306.0511 308.1971 307.5143	111.581
1994 2.5435556E-08 1.4941476E-08 2.1205143E-08 1.2521269E-08 4.4656874E-09 1.7177999E-08 4.6591064E-09 2.7153375E-09 2.5343272E-08 5.8412328E-09 7.8299296E-09 2.2080748E-08 1.2916746E-08 1.8574198E-08 2.5906051E-08	295.1808 300.4152 302.3098 301.1155 307.6217 302.3015 305.9646 308.5043 305.5674 307.1871 307.9716 305.9619 305.5484 307.2516 306.3217	19.4184
1995 2.6241366E-08 1.6217896E-08 1.9947189E-08 1.4769811E-08 5.0842957E-09 2.0681544E-08 4.9895519E-09 4.1426351E-09 3.0921058E-08 3.3685001E-09 6.4178995E-09 2.3081224E-08 1.2397302E-08 1.3808725E-08 1.8542744E-08	295.7642 300.9782 302.6873 301.3746 307.8437 302.5707 306.1462 308.5667 305.5027 307.6756 308.3874 306.1875 306.0497 308.1153 307.2189	10.0787
1996 2.7234998E-08 2.0538007E-08 2.7173469E-08 1.4690992E-08 5.4159734E-09 2.2719195E-08 5.6675575E-09 3.0773419E-09 2.6984564E-08 4.7861595E-09 6.4960282E-09 2.1300307E-08 1.1528747E-08 1.4194599E-08 2.2416982E-08	295.5108 300.6294 302.5516 301.1449 307.5540 302.4802 305.8257 308.3486 305.5915 307.6525 308.2548 306.3372 305.9870 307.8887 307.3895	0
1997 2.4989491E-08 1.8089160E-08 2.9008403E-08 1.1373220E-08 4.8465232E-09 2.2584016E-08 3.4417120E-09 2.8131302E-09 1.9583904E-08 3.3975127E-09 3.4689289E-09 1.2619312E-08 9.3277412E-09 1.1240948E-08 1.6409849E-08	295.4307 300.4012 302.7064 301.3789 307.6143 302.5923 306.3520 308.6961 306.2839 308.0975 308.8260 307.3076 306.6613 308.7347 308.2473	80.9484
1998 2.5194241E-08 1.3018097E-08 2.0392136E-08 1.1019930E-08 3.3468250E-09 1.6063245E-08 3.5381071E-09 2.3737325E-09 2.6859066E-08 3.6098935E-09 5.8858469E-09 2.0841624E-08 1.0851440E-08 1.3480794E-08 1.7968619E-08	295.8374 301.0488 302.6350 301.5775 308.0665 302.5235 306.3329 308.7975 305.8369 307.7013 308.5215 306.5631 306.2356 308.1927 307.6634	26.0826
1999 2.5434149E-08 1.4672461E-08 1.5399630E-08 1.3390784E-08 4.1523434E-09 1.4426238E-08 4.0313579E-09 2.4726079E-09 1.8967718E-08 3.7704750E-09 5.9740732E-09 1.7170473E-08 1.0787807E-08 1.2723287E-08 1.7661058E-08	295.6379 301.0198 302.3711 301.3574 308.0912 302.3365 306.3884 309.0032 306.6959 308.0376 308.7517 307.3013 306.2705 308.5126 308.4549	263.613
2000 2.6949788E-08 2.0304828E-08 2.7110392E-08 1.5239142E-08 5.6964531E-09 1.9641897E-08 4.5468611E-09 2.9677640E-09 2.5049980E-08 4.4154169E-09 5.9336638E-09 2.1738623E-08 1.1593789E-08 1.5127744E-08 2.1908065E-08	295.3049 300.4645 302.6859 301.0582 307.6435 302.5633 306.0186 308.5777 306.0235 307.6459 308.2516 306.5024 305.9051 308.0011 307.7061	35.8581
2001 2.3754307E-08 1.5298122E-08 2.2508308E-08 1.1558448E-08 3.3642473E-09 1.9925293E-08 4.2532733E-09 2.4527447E-09 2.4606811E-08 3.9312664E-09 4.8497961E-09 2.0910635E-08 1.0600292E-08 1.4053342E-08 1.7052438E-08	295.4037 300.6470 302.6703 301.3474 307.8552 302.5594 306.3438 308.8105 306.0736 307.9440 308.6636 306.6728 306.1766 308.2273 307.8767	93.2903
2002 2.5277282E-08 1.4314508E-08 2.1647548E-08 1.3147973E-08 4.6828807E-09 2.0618879E-08 5.8840213E-09 3.5753189E-09 2.7648206E-08 4.3311501E-09 7.7439930E-09 2.4814648E-08 1.1395687E-08 1.4981090E-08 2.3741064E-08	295.3588 300.8932 302.6230 301.1529 307.8795 302.5233 306.0819 308.7104 305.7012 307.7386 308.4014 306.2508 305.8645 307.9836 307.3277	9.5329
2003 2.5323455E-08 1.4634077E-08 2.1187882E-08 1.1873582E-08 3.7468610E-09 1.8301332E-08 4.5273842E-09 3.1446481E-09 2.4546331E-08 4.5154569E-09 7.3126367E-09 1.9933019E-08 1.2511375E-08 1.6178607E-08 2.2775502E-08	295.5188 300.9765 302.6289 301.4089 307.9462 302.5612 306.3562 308.9137 305.8518 307.7124 308.6420 306.5041 305.7422 307.8692 307.0719	63.4839
2004 2.6440485E-08 1.6211427E-08 2.4729502E-08 1.1059593E-08 4.6010142E-09 2.2282469E-08 4.6566693E-09 3.9665338E-09 2.6568895E-08 4.8264450E-09 6.3070309E-09 2.1915822E-08 1.1210674E-08 1.4631368E-08 2.2773714E-08	295.7728 301.0287 302.8503 301.5615 308.0551 302.7002 306.2835 308.8800 306.3386 307.8062 308.5995 306.9449 306.2343 308.2649 307.7598	299.065
2005 2.6900368E-08 1.8136570E-08 2.8455647E-08 1.3899250E-08 5.2299178E-09 2.1256808E-08 4.2959054E-09 3.2974032E-09 2.8769197E-08 2.7916416E-09 5.0886295E-09 2.1757193E-08 1.0262747E-08 1.2963517E-08 2.1147070E-08	295.6208 300.7556 302.9972 301.4248 307.7654 302.8136 306.3991 308.7914 305.9557 308.0563 308.8266 306.8092 306.5387 308.5921 307.7383	469.129
2006 2.8081695E-08 2.3210358E-08 3.6446107E-08 1.4627362E-08 9.3001509E-09 2.6091008E-08 6.2451475E-09 6.1270402E-09 3.2257990E-08 5.7309757E-09 7.1810216E-09 2.0484523E-08 9.7448671E-09 1.2072548E-08 1.6609533E-08	295.5426 300.4907 302.8349 301.1697 307.5629 302.6874 305.8730 308.3796 305.7898 307.7065 308.3066 306.7502 306.5890 308.5294 308.2223	0.131613
2007 2.6952382E-08 1.8209636E-08 2.7676762E-08 1.4059358E-08 5.0759694E-09 2.0580215E-08 4.1933692E-09 2.4586662E-09 2.1506152E-08 3.2566574E-09 5.2714655E-09 1.7165350E-08 8.5954923E-09 1.0319934E-08 1.5263142E-08	295.8128 300.9968 302.9008 301.4494 308.0453 302.7264 306.3763 308.9676 306.4915 308.1487 309.0052 307.5316 306.9920 309.2467 308.9819	5.33548
2008 2.6598812E-08 1.6521733E-08 2.0056406E-08 1.1690892E-08 3.3830878E-09 1.8132923E-08 4.6514783E-09 2.5630691E-09 2.4377247E-08 4.7067457E-09 7.3236444E-09 1.8762320E-08 9.7202095E-09 1.1109272E-08 1.5437895E-08	295.6400 301.0757 302.5927 301.3287 308.1862 302.5009 306.2039 308.8766 306.2086 308.0118 308.6966 307.0769 306.5663 308.8458 308.4934	17.5839
2009 2.0738382E-08 1.5621264E-08 2.4644994E-08 1.1141291E-08 4.1038053E-09 1.8664888E-08 3.9653560E-09 2.8610798E-09 2.6249907E-08 3.6078358E-09 7.1159652E-09 2.4528426E-08 1.0637712E-08 1.3831140E-08 2.0563116E-08	296.0213 300.9030 302.7261 301.5220 307.8898 302.5989 306.2288 308.6877 305.9260 308.0238 308.4706 306.3178 306.4006 308.3134 307.4264	0.000322581
2010 2.2480124E-08 1.6143872E-08 2.6030651E-08 1.1257798E-08 5.5035385E-09 2.1034708E-08 3.3692069E-09 2.4956006E-09 2.1782997E-08 4.3043618E-09 5.1938254E-09 1.5501847E-08 9.5731485E-09 1.0441491E-08 1.4007948E-08	0.0000000E+00 0.0000000E+00 0.0000000E+00 0.0000000E+00 0.0000000E+00 0.0000000E+00 0.0000000E+00 0.0000000E+00 0.0000000E+00 0.0000000E+00 0.0000000E+00 0.0000000E+00 0.0000000E+00 0.0000000E+00 0.0000000E+00  10.2723
2011 2.2848498E-08 1.3538328E-08 1.9368528E-08 1.3307097E-08 3.8250141E-09 1.8233367E-08 5.4895675E-09 2.5149365E-09 2.0759090E-08 4.7856754E-09 6.1855556E-09 1.9627434E-08 9.9507833E-09 1.1716286E-08 1.7510336E-08	295.8549 301.0819 302.5900 301.5378 308.0421 302.5006 306.3126 308.6659 306.1562 308.1586 308.5903 306.9148 306.7825 308.9470 308.5736	0.163226
2012 2.4290342E-08 1.9214234E-08 2.6546433E-08 1.3166560E-08 7.0710602E-09 2.6125788E-08 4.1794097E-09 4.8500923E-09 3.0582694E-08 3.3944634E-09 6.4807293E-09 2.3125731E-08 1.0012062E-08 1.1639015E-08 1.6483991E-08	295.4767 300.4503 302.4871 301.0445 307.4290 302.4237 305.7897 308.2026 305.5124 307.6371 308.0020 306.1133 306.4099 308.3778 307.9346	49.2581
2013 2.6843773E-08 1.7476090E-08 2.2110839E-08 1.4477222E-08 6.2999064E-09 2.0853067E-08 5.6156555E-09 4.8716697E-09 2.8151739E-08 3.7473100E-09 6.5250894E-09 2.0265500E-08 9.6902841E-09 1.1644442E-08 1.6893615E-08	295.6889 301.0558 302.6130 301.2296 307.8384 302.5192 306.0317 308.5566 305.8792 307.8470 308.4628 306.6378 306.5114 308.5380 307.9558	0
2014 2.4224523E-08 1.7352253E-08 2.6229285E-08 1.3750872E-08 4.8430864E-09 2.0728347E-08 3.4667209E-09 2.4748470E-09 2.6191517E-08 3.0924097E-09 5.2367137E-09 2.2358801E-08 9.0666354E-09 1.0826267E-08 1.5669611E-08	295.8560 300.8880 302.6469 301.3804 307.9245 302.5331 306.2614 308.7112 305.9606 308.1492 308.7909 306.9714 306.9932 309.0356 308.6979	0.15
2015 2.2430761E-08 1.6812001E-08 2.1410116E-08 9.6106465E-09 4.1981907E-09 1.7859099E-08 2.9988356E-09 2.4120084E-09 2.0023384E-08 3.4749152E-09 3.9573749E-09 1.3221168E-08 8.8438004E-09 1.0830361E-08 1.5673098E-08  295.9272 300.8439 302.5555 301.7671 307.9726 302.4653 306.5418 308.9266 306.2889 308.1805 309.1089 307.5810 306.8438 309.1422 308.8286  42.3548
