STN,prec_1,prec_2,prec_3,prec_4,prec_5,prec_6,prec_7,prec_8,prec_9,prec_10,prec_11,prec_12,prec_13,prec_14,prec_15,st_1,st_2,st_3,st_4,st_5,st_6,st_7,st_8,st_9,st_10,st_11,st_12,st_13,st_14,st_15,02.0
LAT,23.72017,23.72017,23.72017,26.51077,26.51077,26.51077,29.30136,29.30136,29.30136,32.09194,32.09194,32.09194,34.88252,34.88252,34.88252,23.72017,23.72017,23.72017,26.51077,26.51077,26.51077,29.30136,29.30136,29.30136,32.09194,32.09194,32.09194,34.88252,34.88252,34.88252,28.30888906
LON,-101.2500,-98.43750,-95.62500,-101.2500,-98.43750,-95.62500,-101.2500,-98.43750,-95.62500,-101.2500,-98.43750,-95.62500,-101.2500,-98.43750,-95.62500,-101.2500,-98.43750,-95.62500,-101.2500,-98.43750,-95.62500,-101.2500,-98.43750,-95.62500,-101.2500,-98.43750,-95.62500,-101.2500,-98.43750,-95.62500,-98.5572384
1958 2.9860974E-08 3.8444089E-08 2.5331669E-08 3.1383717E-08 2.8350387E-08 2.5873410E-08 2.4459935E-08 2.8359366E-08 3.7125389E-08 2.0430658E-08 3.0977269E-08 4.2874760E-08 2.0755342E-08 2.8587273E-08 3.6858552E-08	284.9490 288.9424 295.5487 284.8867 289.9865 293.6296 284.5928 286.9405 287.0939 282.7323 282.5099 281.4190 278.4734 278.0998 277.5329	4793.46
1959 2.7972543E-08 3.4693134E-08 2.3688148E-08 2.7338315E-08 2.0688107E-08 1.7236024E-08 2.0819375E-08 2.0949788E-08 2.5217579E-08 1.9389327E-08 3.1363129E-08 4.5226670E-08 2.0700014E-08 3.1877104E-08 4.2565819E-08	285.5530 289.8447 295.9478 285.6905 291.0846 293.9877 285.4701 288.3687 288.7076 283.7274 283.6536 282.6665 279.3372 278.8518 278.1188	77.5357
1960 1.7579517E-08 2.7857899E-08 1.6287736E-08 1.8899932E-08 1.5364334E-08 1.3497639E-08 1.3097271E-08 1.3213243E-08 1.6936340E-08 1.1619735E-08 1.8111788E-08 2.9172108E-08 1.4210555E-08 2.0581624E-08 2.9613696E-08	286.6282 290.3347 296.1055 286.7895 292.0589 294.2251 286.7660 289.6693 289.5841 284.9545 285.0351 283.8322 280.4465 280.2963 279.7144	66.2759
1961 2.1070356E-08 3.3433338E-08 1.8248219E-08 2.3363745E-08 1.9930747E-08 1.4989274E-08 1.6643867E-08 1.6966288E-08 1.9351642E-08 1.2863004E-08 2.0847480E-08 2.8766841E-08 1.5331580E-08 2.0920956E-08 2.7408609E-08	286.5018 290.0193 295.7172 286.5330 291.5080 293.9722 286.2486 288.8447 288.9310 284.1669 283.8901 282.7711 279.5116 279.0020 278.2234	234.321
1962 1.4536599E-08 3.0119040E-08 1.6271965E-08 1.6036381E-08 1.6195981E-08 1.4977621E-08 1.3065106E-08 1.3074592E-08 1.6412294E-08 1.2956470E-08 2.1047029E-08 2.7108010E-08 1.7222797E-08 2.7257407E-08 3.2083268E-08	288.0688 291.3782 296.0292 288.2648 293.1495 294.2576 287.7878 290.6693 290.6729 285.3810 285.4986 284.6450 280.5284 280.2989 279.8255	0.128571
1963 1.9295095E-08 3.4905881E-08 1.7693470E-08 2.1377801E-08 1.9733504E-08 1.3898218E-08 1.6591450E-08 1.6698412E-08 1.8533742E-08 1.2561089E-08 2.0877520E-08 3.1989305E-08 1.4938246E-08 2.1736088E-08 3.0951309E-08	287.7287 291.0065 296.2708 287.4526 292.4596 294.3423 286.7491 289.5606 289.7578 284.2671 284.3628 283.4313 279.5857 279.3299 278.7842	19.5643
1964 2.6037959E-08 3.1619816E-08 1.9364618E-08 2.6014909E-08 2.2014111E-08 1.7822185E-08 1.9493349E-08 2.1573015E-08 2.5902557E-08 2.0048253E-08 3.1550446E-08 4.0943263E-08 2.3047164E-08 3.1921829E-08 3.9136545E-08	285.7613 289.5075 295.2009 285.7158 290.9375 293.4335 285.4778 288.3727 288.5940 283.5812 283.7279 282.8482 279.0646 278.9616 278.7535	0
1965 1.9235157E-08 3.2270123E-08 1.6856148E-08 2.2137096E-08 2.0162735E-08 1.3019610E-08 1.8378071E-08 1.8189013E-08 1.9734042E-08 1.5810805E-08 2.4859506E-08 3.3600571E-08 1.6257378E-08 2.4909152E-08 3.4114752E-08	286.9394 290.7660 295.7780 287.3499 292.6165 294.2145 287.2038 290.1247 290.2425 285.0710 285.1921 284.2796 280.5606 280.2940 279.6766	15.2786
1966 2.7209296E-08 3.5406941E-08 2.3069035E-08 2.7007509E-08 2.3236725E-08 2.2366919E-08 1.8675012E-08 2.3645830E-08 3.6172842E-08 1.6851315E-08 2.8903065E-08 4.4993218E-08 1.8592212E-08 2.6757677E-08 3.5656182E-08	284.9699 289.2787 295.8065 284.7768 290.1612 293.9332 284.4686 286.9264 287.0380 282.6920 282.2017 280.8681 278.3784 277.7666 276.8518	11.2179
1967 1.3921386E-08 2.5438123E-08 1.5721167E-08 1.5493248E-08 1.5750519E-08 1.3677851E-08 1.3217001E-08 1.4826854E-08 1.8210530E-08 1.2926608E-08 2.0917501E-08 2.8422390E-08 1.4852000E-08 2.2750271E-08 2.9374718E-08	286.8646 290.3933 295.3074 286.9763 291.7949 293.6452 286.5986 289.0590 288.8631 284.4366 284.1513 282.8574 279.6764 279.2395 278.4380	0.465
1968 2.1313673E-08 3.2348485E-08 1.9466166E-08 2.4129669E-08 2.1289294E-08 1.6632267E-08 1.8798699E-08 1.7688565E-08 2.0955373E-08 1.5822938E-08 2.1572710E-08 3.1227721E-08 1.7023915E-08 2.2117494E-08 2.9660699E-08	285.9430 289.8021 295.8663 286.3974 291.5430 294.0572 286.3507 289.2182 289.4780 284.5501 284.5281 283.6577 280.2129 279.9262 279.3012	178.828
1969 3.0194695E-08 3.7269221E-08 2.4290266E-08 2.9669723E-08 2.7721404E-08 2.2249678E-08 2.5978860E-08 2.8995125E-08 3.1233238E-08 2.4181967E-08 3.3087236E-08 3.9282835E-08 2.1462412E-08 2.7119604E-08 3.1568923E-08	284.8915 289.3025 295.5392 285.4838 290.8401 293.5980 285.6536 288.2359 288.2402 284.1401 283.9965 282.8582 280.3923 279.9286 279.2771	1.25857
1970 2.2182066E-08 3.2973652E-08 1.9976195E-08 2.4850596E-08 2.0345771E-08 1.6030731E-08 1.9757053E-08 1.9907310E-08 2.2636618E-08 1.8350251E-08 2.7753808E-08 3.7199364E-08 1.9127009E-08 2.9869661E-08 3.8188219E-08	285.7158 289.3400 295.4490 285.4064 290.5966 293.6051 285.1337 287.9038 288.1403 283.4417 283.3865 282.4671 279.0057 278.8341 278.4791	77.3929
1971 1.4918760E-08 2.9948765E-08 1.3628973E-08 1.5920797E-08 1.7622600E-08 1.2884001E-08 1.1238534E-08 1.4422031E-08 1.8630962E-08 8.8221519E-09 1.6660838E-08 2.6643210E-08 1.1395954E-08 1.7152415E-08 2.5218565E-08	287.9675 291.6562 296.3028 288.7254 293.7829 294.4685 288.6367 291.5501 291.2304 286.2613 286.4189 285.2628 281.2999 280.9864 280.3362	0.145714
1972 1.5226437E-08 3.0076965E-08 1.5525874E-08 1.6420469E-08 1.5921193E-08 1.2776045E-08 1.1223212E-08 1.4837354E-08 1.8556413E-08 1.0440607E-08 1.9999307E-08 3.0628463E-08 1.3002257E-08 2.1952857E-08 3.1255670E-08	287.3412 291.0371 296.7635 287.6082 292.9631 294.8990 287.5196 290.4806 290.6435 285.3837 285.4274 284.3722 280.7845 280.3236 279.6953	108.966
1973 2.8158793E-08 3.6671690E-08 2.7456533E-08 3.0159583E-08 3.1429479E-08 2.9704346E-08 2.1630120E-08 2.7627076E-08 3.5836148E-08 1.8868045E-08 2.7749033E-08 3.9647187E-08 2.0167150E-08 2.6146060E-08 3.1999214E-08	284.7677 288.8949 295.9614 284.6158 289.7290 294.0952 284.4915 286.9349 286.9738 282.7746 282.3619 280.9697 278.3296 277.6746 276.9182	70.2143
1974 1.4389998E-08 2.8647127E-08 1.3092090E-08 1.4310473E-08 1.5962927E-08 1.1468461E-08 1.0509694E-08 1.4068886E-08 1.7075145E-08 9.6060404E-09 1.8428761E-08 2.9854803E-08 1.2355384E-08 2.0206366E-08 2.8982287E-08	288.1726 292.0577 296.5406 288.8911 294.1059 294.9479 288.6013 291.6407 291.7077 285.9996 286.2702 285.3071 280.7914 280.5050 279.9770	78.8571
1975 1.6578921E-08 2.8640882E-08 1.6908132E-08 1.6559756E-08 1.8052971E-08 1.5368606E-08 1.3223333E-08 1.6780609E-08 2.1242506E-08 1.1904797E-08 1.9627061E-08 2.8231296E-08 1.4842384E-08 2.3114174E-08 2.7993929E-08	286.8309 290.6381 296.1236 287.3822 292.4133 294.2692 287.3999 290.0763 289.8422 285.3357 285.3435 284.0998 280.5634 280.2665 279.6110	78.0714
1976 1.4220218E-08 2.5766401E-08 1.1856665E-08 1.4327047E-08 1.4395821E-08 1.0075396E-08 1.1966863E-08 1.2170042E-08 1.4292081E-08 1.1229724E-08 1.9149455E-08 2.9691142E-08 1.3656191E-08 2.2206354E-08 3.1433284E-08	287.9268 291.6090 295.4156 288.6671 293.5240 293.6530 288.2288 290.7972 290.4684 285.4446 285.3007 284.1240 280.2547 279.5968 278.9010	0.923793
1977 3.7128544E-08 4.5181832E-08 3.0244703E-08 3.8181867E-08 3.2317864E-08 2.6639226E-08 2.9253098E-08 3.1152815E-08 3.5800394E-08 2.5422253E-08 3.3367201E-08 3.9434347E-08 2.4455391E-08 2.9745504E-08 3.2684380E-08	284.2549 288.2242 295.4862 284.2589 289.4427 293.6709 284.1004 286.6133 286.9572 282.4785 282.1366 281.1183 278.6100 278.1453 277.4510	313.679
1978 2.8216009E-08 3.4959978E-08 2.2141535E-08 2.9062406E-08 2.2558350E-08 1.8351017E-08 2.1580844E-08 2.1585821E-08 2.6618862E-08 1.8494026E-08 2.6868952E-08 3.6290171E-08 2.1768001E-08 2.9829053E-08 3.7527929E-08	285.2162 289.2966 295.6756 285.2584 290.5839 293.8912 285.1994 287.7891 287.7979 283.4086 282.8545 281.5126 278.8542 278.0247 276.8809	0.796429
1979 2.7923994E-08 3.6430844E-08 2.3269523E-08 2.6998391E-08 2.4338156E-08 2.0659348E-08 1.8722249E-08 2.0950406E-08 2.6507134E-08 1.6205073E-08 2.5051332E-08 3.5278294E-08 1.8462854E-08 2.5703971E-08 3.2417116E-08	285.3981 289.3051 295.4602 285.3956 290.6798 293.6580 285.2119 287.9270 288.2781 283.3249 282.9644 282.0083 278.6830 278.0581 277.4067	0.418214
1980 3.2672848E-08 4.5574630E-08 2.9906094E-08 3.2370913E-08 2.7964283E-08 2.2385372E-08 2.2796023E-08 2.2665562E-08 2.8249394E-08 2.0380586E-08 2.8042939E-08 3.5786361E-08 2.3086526E-08 2.9770934E-08 3.4209307E-08	284.5608 288.8744 295.8929 285.0165 290.3166 294.2393 285.2751 287.7591 287.9345 283.7169 283.4307 282.2323 279.4951 278.9449 278.1319	0.0506897
1981 2.1126480E-08 3.0948332E-08 1.9892246E-08 1.9703171E-08 1.8153091E-08 1.6513605E-08 1.3981996E-08 1.5433182E-08 2.0274008E-08 1.4206332E-08 2.0162586E-08 2.9877278E-08 1.8379723E-08 2.4434893E-08 3.2126142E-08	286.6051 290.2347 295.3446 286.7864 291.7892 293.5992 286.4704 289.1159 288.9996 284.3509 284.1423 283.0477 279.6145 279.0800 278.3856	0.209286
1982 2.2607487E-08 3.5685112E-08 2.1473891E-08 2.6420244E-08 2.5897148E-08 1.9534461E-08 2.1028423E-08 2.2980371E-08 2.6184473E-08 1.7002128E-08 2.5053467E-08 3.4435320E-08 1.7512630E-08 2.3384914E-08 3.0976878E-08	286.4580 290.2690 295.9802 286.3134 291.2592 294.1368 285.7180 288.1260 288.5568 283.4999 283.0602 282.0414 279.0368 278.2995 277.5621	46.3929
1983 1.4132148E-08 3.0127286E-08 2.4507745E-08 1.9962384E-08 2.4300727E-08 2.6854620E-08 1.8188640E-08 2.4681849E-08 3.2709565E-08 1.7103087E-08 2.4573035E-08 3.3936150E-08 1.8639199E-08 2.2859766E-08 2.9176721E-08	285.2288 289.1439 296.2668 284.6602 289.7023 294.6925 284.2391 286.0884 285.7206 282.0535 280.9613 279.1799 277.3522 275.9373 274.6555	1.17179
1984 2.3623475E-08 3.1131567E-08 1.8012255E-08 2.4651557E-08 2.0353138E-08 1.4317532E-08 1.9605784E-08 1.8316303E-08 1.9851514E-08 1.6228725E-08 2.4071234E-08 3.2009112E-08 1.8264743E-08 2.5367953E-08 3.2975432E-08	286.2722 290.0280 296.0671 286.5252 291.6071 294.3637 286.2462 288.8778 289.1852 284.1757 284.0685 283.0654 279.5782 279.1320 278.4395	0.191034
1985 1.7520859E-08 2.9491085E-08 1.6299788E-08 1.6890450E-08 1.5756561E-08 1.2327692E-08 1.2630863E-08 1.4430395E-08 1.7666334E-08 1.0982458E-08 1.9152086E-08 2.9935066E-08 1.3988068E-08 2.1584912E-08 2.9507682E-08	286.9935 290.5953 295.5381 287.5597 292.4863 293.6271 287.2555 289.9955 289.9814 284.7986 284.7564 283.8004 279.9483 279.6820 279.1243	72.25
1986 2.9325644E-08 4.0404441E-08 2.6030317E-08 2.8053179E-08 2.4104414E-08 1.9564835E-08 1.9073138E-08 1.8789391E-08 2.2325310E-08 1.5379101E-08 2.1298296E-08 2.9256839E-08 1.5529196E-08 1.9733616E-08 2.4658952E-08	284.5207 288.6722 296.3200 284.6638 289.9827 295.0682 284.7418 287.4260 287.8204 283.3568 283.1221 281.9619 279.1509 278.5302 277.4608	4.85357
1987 3.2203371E-08 3.9676117E-08 2.4711206E-08 3.2510108E-08 2.5830429E-08 2.1448511E-08 2.4300091E-08 2.3674589E-08 2.9095872E-08 2.0479225E-08 2.7962235E-08 3.7325115E-08 2.1982732E-08 2.7913357E-08 3.3928664E-08	284.3894 288.5435 295.7694 284.4836 289.7934 294.2769 284.4744 287.0420 287.3682 282.8456 282.5302 281.3881 278.6840 278.0640 277.3454	147.5
1988 2.6197482E-08 3.4953839E-08 2.0992793E-08 2.2791648E-08 1.8186071E-08 1.5021719E-08 1.4210682E-08 1.5003360E-08 1.8988196E-08 1.4425062E-08 2.3128464E-08 3.2890423E-08 1.7069562E-08 2.5276290E-08 3.2567645E-08	285.4944 289.3372 295.8734 286.0856 291.1636 293.6963 286.2117 288.7621 288.4907 284.2351 284.0693 282.7572 279.7912 279.4264 278.7190	66
1989 1.6762828E-08 2.5522407E-08 1.2907710E-08 1.6383650E-08 1.2337103E-08 9.3337809E-09 1.2945840E-08 1.1353133E-08 1.2827209E-08 1.1938300E-08 2.0353603E-08 2.6340418E-08 1.4177130E-08 2.3307074E-08 3.0390954E-08	287.9221 291.5040 296.8548 288.8549 294.0811 295.0987 289.0213 292.0265 291.8251 286.7186 287.0121 286.0187 281.8214 281.6940 281.2405	0.354286
1990 2.2121847E-08 3.0758002E-08 1.7489747E-08 2.4760249E-08 1.7431852E-08 1.1273220E-08 1.7626972E-08 1.4910940E-08 1.5893781E-08 1.1918835E-08 1.7136591E-08 2.6138332E-08 1.2167424E-08 1.8247725E-08 2.5401912E-08	285.7989 289.5886 295.7553 286.0190 291.2226 293.1781 286.0152 288.6374 288.6902 284.4832 284.1258 282.7941 280.4041 279.6046 278.6060	0
1991 2.9881434E-08 3.8259337E-08 2.3937124E-08 3.0511163E-08 2.7151483E-08 2.1893030E-08 2.1682526E-08 2.2524702E-08 2.5682853E-08 1.6957486E-08 2.5243173E-08 3.4569261E-08 1.8303437E-08 2.4842958E-08 3.0914975E-08	285.2915 289.4205 296.0480 285.1831 290.3742 293.9465 285.1232 287.7595 288.1531 283.4956 283.0992 281.9302 279.1229 278.3919 277.5782	62.7857
1992 3.1766010E-08 4.6269445E-08 3.0841260E-08 3.1524809E-08 3.0341958E-08 3.0113153E-08 2.2734922E-08 2.9158620E-08 4.0450086E-08 1.9051329E-08 3.1202536E-08 4.5722427E-08 2.2169344E-08 3.1877263E-08 4.0282750E-08	283.9726 288.3224 295.5949 283.9537 289.4669 293.7623 284.1774 286.8258 287.2467 282.7430 282.5923 281.6736 278.5662 278.2767 277.9177	912.759
1993 3.7887780E-08 4.5160466E-08 2.9971538E-08 3.3946101E-08 2.7537251E-08 2.3089925E-08 2.2084599E-08 2.0084846E-08 2.8408294E-08 1.6369851E-08 2.1638291E-08 3.3341092E-08 1.8576324E-08 2.3642825E-08 2.9658748E-08	283.8642 288.3722 296.4707 284.2026 289.7488 294.6541 284.8340 287.6980 287.8127 283.6780 283.5093 282.1859 279.4585 278.9877 278.1003	87.2857
1994 3.0286067E-08 3.6080078E-08 2.0567173E-08 2.8941757E-08 2.1387851E-08 1.6521708E-08 2.0530674E-08 2.0021833E-08 2.4469992E-08 1.6313534E-08 2.3564453E-08 3.3959001E-08 1.7803730E-08 2.3918954E-08 3.0568518E-08	285.0220 288.9378 296.0608 284.7972 290.2071 294.1869 284.8408 287.6629 287.9598 283.3941 283.1713 282.1333 279.3117 278.8277 278.2392	0
1995 3.0185152E-08 4.0000444E-08 2.7514282E-08 3.0811083E-08 2.6812211E-08 2.5233421E-08 2.0731916E-08 2.4709818E-08 3.4173329E-08 1.8632806E-08 2.7572863E-08 3.8756180E-08 2.0901004E-08 2.5529729E-08 2.9857002E-08	284.5115 288.9283 296.1061 284.4641 290.0857 293.7240 284.5945 287.2492 287.3256 283.1980 282.8426 281.6203 279.1006 278.4380 277.6788	2.72643
1996 1.8031146E-08 2.9103120E-08 1.7652900E-08 2.0533012E-08 1.8499774E-08 1.4482137E-08 1.8205746E-08 1.9006887E-08 2.0471560E-08 1.6274077E-08 2.4481896E-08 3.4994081E-08 1.9722158E-08 2.6978633E-08 3.2835995E-08	286.9529 290.1255 294.9448 286.6530 291.2594 293.4126 285.9871 288.3036 288.3299 283.5394 283.1016 281.9418 278.5024 277.7477 277.0268	0
1997 2.6910051E-08 3.7000319E-08 2.4580018E-08 2.6900649E-08 2.2331349E-08 1.6956767E-08 1.6965126E-08 1.5570150E-08 1.8702877E-08 1.3352365E-08 1.9534601E-08 2.9381020E-08 1.7151210E-08 2.2407654E-08 2.9998724E-08	285.6319 289.2049 295.9948 285.2837 290.1155 294.0813 284.8201 287.2317 287.5342 282.8516 282.3320 281.1055 278.2449 277.4865 276.5467	10.3786
1998 1.2429984E-08 1.9002481E-08 1.5330791E-08 1.4098208E-08 1.4845173E-08 1.7915701E-08 1.4389462E-08 2.1894591E-08 3.1311085E-08 1.7580192E-08 3.2449261E-08 4.7428024E-08 2.1616405E-08 3.4116521E-08 4.5906624E-08	286.0830 289.9076 295.2595 285.6631 290.6490 293.6588 285.1755 287.0859 286.3141 282.6960 281.6975 279.9176 277.6284 276.2417 275.3407	3.03893
1999 1.3463847E-08 2.1523810E-08 1.0304587E-08 1.2538439E-08 1.2624101E-08 9.0340464E-09 1.0604541E-08 1.2077040E-08 1.4009962E-08 1.2110435E-08 2.1938957E-08 2.8086749E-08 1.7000779E-08 2.7812691E-08 3.3830130E-08	288.3119 291.8306 296.2464 289.3491 294.4014 294.5547 289.5383 292.3430 291.8914 287.0692 287.1124 285.9994 281.9343 281.4234 280.9054	106.393
2000 1.4040255E-08 2.3711253E-08 1.0219426E-08 1.3662460E-08 1.1253035E-08 8.7631191E-09 9.1502619E-09 7.8647826E-09 8.9954799E-09 7.9835640E-09 1.4313093E-08 2.0839490E-08 1.0859840E-08 1.8600021E-08 2.5825999E-08	288.5348 292.2661 295.9484 289.7932 294.7040 294.3907 290.1327 292.8269 292.2151 287.6709 287.6419 286.3650 282.2143 281.6452 281.0218	2.77276
2001 2.2704553E-08 2.8356371E-08 1.7950571E-08 2.2453756E-08 1.8079630E-08 1.4871421E-08 1.7152306E-08 1.6675830E-08 1.8067114E-08 1.3529940E-08 2.1446528E-08 2.7669914E-08 1.5325567E-08 2.2304233E-08 2.9816157E-08	286.1168 289.8473 295.3245 286.6570 291.7696 293.7474 286.8112 289.5294 289.5932 284.9893 284.9867 283.8509 280.3438 280.0869 279.4290	89.8571
2002 2.9002225E-08 3.4264382E-08 2.0101536E-08 2.8418931E-08 2.0996030E-08 1.4518196E-08 1.7483107E-08 1.6596921E-08 2.0143226E-08 1.2593325E-08 1.8641238E-08 2.8578228E-08 1.4157778E-08 1.9438598E-08 2.5123208E-08	284.9284 288.9516 296.1333 284.8674 290.2436 293.9580 285.1155 287.8110 288.3061 283.6367 283.3208 282.1926 279.2759 278.7560 277.9987	56.3929
2003 2.4902079E-08 3.3231924E-08 2.2208935E-08 2.5467795E-08 2.2911516E-08 1.8509120E-08 2.1928846E-08 2.4887475E-08 2.7147482E-08 2.0541078E-08 3.1297947E-08 3.9933116E-08 2.1603459E-08 3.1075970E-08 3.6751327E-08	285.3443 289.2816 295.6341 285.5802 290.6242 293.3137 285.6212 288.0210 287.7754 283.9741 283.7421 282.4807 279.8441 279.5724 279.0321	80.8571
2004 2.3483537E-08 3.3248547E-08 1.9722970E-08 2.4904683E-08 2.0808477E-08 1.7150811E-08 1.9623295E-08 2.0786338E-08 2.2969152E-08 1.6443822E-08 2.4690598E-08 3.2076226E-08 1.8799767E-08 2.5965413E-08 3.2169599E-08	285.9905 289.5432 295.4032 285.7827 290.7828 293.2991 285.6618 288.1807 288.3209 284.1603 283.7971 282.6786 279.9476 279.2937 278.4633	88.4828
2005 3.3782911E-08 4.9704841E-08 3.0654892E-08 3.5965936E-08 3.4268588E-08 2.4473271E-08 2.6971236E-08 2.7559844E-08 3.0053904E-08 2.2059323E-08 2.9988183E-08 3.8891375E-08 2.1428374E-08 2.7788891E-08 3.5532011E-08	285.1066 289.4463 296.3391 285.1530 290.6999 294.3864 285.2803 288.1359 288.6634 284.0271 284.0074 283.0833 280.4193 280.1051 279.5127	232.25
2006 2.1440203E-08 3.4239640E-08 2.1592324E-08 2.2817957E-08 1.9730614E-08 1.5071482E-08 2.0195895E-08 2.0247537E-08 2.0196039E-08 1.8274875E-08 2.8423219E-08 3.5775553E-08 1.8619387E-08 2.5976222E-08 3.4594457E-08	286.5092 290.1797 296.2144 286.8183 291.8706 294.7777 286.4281 289.2280 289.4275 284.3725 284.4044 283.4722 280.1369 279.7717 279.1756	0.171429
2007 2.8378841E-08 4.0707956E-08 2.7035451E-08 2.7859016E-08 2.7294462E-08 2.4510214E-08 2.0599288E-08 2.3922780E-08 2.9249811E-08 1.7954189E-08 2.8396581E-08 3.7468276E-08 2.1230315E-08 3.2489275E-08 3.9484625E-08	285.0760 289.4038 295.5815 285.7927 291.2664 293.8037 286.2337 289.0806 289.0901 284.7485 284.8233 283.8462 280.9435 280.6768 280.2671	12.9589
2008 1.3529803E-08 2.4744192E-08 1.3194304E-08 1.4917861E-08 1.5323932E-08 1.1273007E-08 1.0354808E-08 1.1868424E-08 1.4580654E-08 8.9994012E-09 1.5466929E-08 2.3110088E-08 1.1577206E-08 1.7997115E-08 2.3556979E-08	287.7188 291.0406 296.0737 288.1863 292.9319 293.7957 288.2217 290.8264 290.6548 286.0322 286.2061 285.1814 281.3235 281.2796 280.7949	56
2009 1.6485551E-08 3.1438979E-08 1.6736365E-08 1.9689345E-08 1.9442336E-08 1.3904685E-08 1.7009830E-08 1.8120238E-08 1.9203391E-08 1.4066005E-08 2.2203377E-08 3.2283509E-08 1.5271029E-08 2.4335430E-08 3.2839733E-08	287.5499 291.0340 296.2435 287.7342 292.6270 294.1857 287.4273 289.8987 289.8971 285.2930 284.8988 283.7618 280.6120 279.9641 279.3382	0.0589286
2010 2.7213524E-08 3.6839264E-08 2.4513746E-08 2.7049884E-08 2.5795636E-08 2.2175325E-08 2.2265077E-08 2.6210833E-08 3.1619351E-08 2.2898027E-08 3.3768849E-08 4.2607134E-08 2.5011285E-08 3.5954773E-08 4.1331347E-08	0.0000000E+00 0.0000000E+00 0.0000000E+00 0.0000000E+00 0.0000000E+00 0.0000000E+00 0.0000000E+00 0.0000000E+00 0.0000000E+00 0.0000000E+00 0.0000000E+00 0.0000000E+00 0.0000000E+00 0.0000000E+00 0.0000000E+00  257.341
2011 7.2621305E-09 2.1184256E-08 1.1354079E-08 1.0379350E-08 1.1858902E-08 9.3584580E-09 8.9038288E-09 1.0387978E-08 1.3747476E-08 6.5747581E-09 1.3106874E-08 2.4527324E-08 9.6760280E-09 1.7121527E-08 2.4946747E-08	289.0080 292.1812 295.1148 289.1431 293.7425 293.4000 288.6149 291.0236 290.3957 286.0981 285.7359 284.2376 280.8540 280.3351 279.3812	0.838214
2012 1.4932853E-08 2.7817734E-08 1.4043026E-08 1.7511656E-08 1.6412109E-08 1.1453056E-08 1.4486668E-08 1.4834980E-08 1.5531997E-08 1.3806901E-08 2.0599115E-08 3.0031259E-08 1.4820793E-08 2.1817144E-08 3.0003498E-08	287.9613 291.2686 295.9382 288.3642 293.1844 293.9349 288.1082 290.6194 290.5977 285.6227 285.4178 284.4399 280.7767 280.2733 279.7982	0
2013 2.5548919E-08 3.4178150E-08 2.0685897E-08 2.5735771E-08 2.0947796E-08 1.3545609E-08 1.6611470E-08 1.4664862E-08 1.8308649E-08 1.2582215E-08 1.9680641E-08 2.9661194E-08 1.6437602E-08 2.2928473E-08 3.1466541E-08	285.9892 289.9842 296.1838 286.6189 291.7357 293.8569 286.8501 289.3660 289.2708 285.2469 284.6390 283.2805 280.7971 280.0240 278.9708	13.0236
2014 2.6509905E-08 3.1357938E-08 1.9835310E-08 2.6552827E-08 2.1924718E-08 1.5439271E-08 2.3260725E-08 2.3450117E-08 2.2896494E-08 1.9597659E-08 2.9027317E-08 3.6150553E-08 1.9164100E-08 2.7416018E-08 3.2746915E-08	285.5967 289.5745 295.4099 286.3650 291.5964 293.8282 286.5535 289.2396 289.1515 285.0043 284.6265 283.3442 280.7266 279.9804 279.1914	0.194643
2015 3.3015066E-08 3.9652601E-08 2.6223276E-08 3.2586662E-08 2.8963589E-08 2.1645549E-08 2.4102782E-08 2.4552035E-08 2.7801528E-08 2.0695797E-08 2.9280073E-08 3.5644298E-08 2.2282832E-08 2.8575895E-08 3.2694913E-08  284.9219 289.2561 295.1894 285.4783 290.9121 293.5107 285.9648 288.7071 288.9724 284.8573 284.7510 283.6328 281.2374 280.8567 280.0054  0
