STN,prec_1,prec_2,prec_3,prec_4,prec_5,prec_6,prec_7,prec_8,prec_9,prec_10,prec_11,prec_12,prec_13,prec_14,prec_15,st_1,st_2,st_3,st_4,st_5,st_6,st_7,st_8,st_9,st_10,st_11,st_12,st_13,st_14,st_15,12.0
LAT,23.72017,23.72017,23.72017,26.51077,26.51077,26.51077,29.30136,29.30136,29.30136,32.09194,32.09194,32.09194,34.88252,34.88252,34.88252,23.72017,23.72017,23.72017,26.51077,26.51077,26.51077,29.30136,29.30136,29.30136,32.09194,32.09194,32.09194,34.88252,34.88252,34.88252,28.30888906
LON,-101.2500,-98.43750,-95.62500,-101.2500,-98.43750,-95.62500,-101.2500,-98.43750,-95.62500,-101.2500,-98.43750,-95.62500,-101.2500,-98.43750,-95.62500,-101.2500,-98.43750,-95.62500,-101.2500,-98.43750,-95.62500,-101.2500,-98.43750,-95.62500,-101.2500,-98.43750,-95.62500,-101.2500,-98.43750,-95.62500,-98.5572384
1958 2.4113298E-08 3.0230883E-08 2.3266082E-08 2.5894417E-08 2.1007503E-08 1.6980906E-08 1.8310002E-08 1.9671692E-08 2.2898933E-08 1.4462389E-08 2.1227420E-08 3.1534356E-08 1.7699650E-08 2.3340231E-08 2.9625578E-08	284.4124 288.3647 296.5061 284.1926 289.1208 294.9313 283.3768 286.0305 286.7570 281.0751 281.1231 280.4535 276.4630 276.2258 275.7555	221.71
1959 1.9358756E-08 2.3901704E-08 2.2527182E-08 1.8485371E-08 1.5180174E-08 1.6491347E-08 1.5452905E-08 1.5518342E-08 1.9921556E-08 1.6918786E-08 2.0609908E-08 2.9283706E-08 1.8145508E-08 2.3286416E-08 2.9270927E-08	283.6757 287.9258 296.4617 283.7897 289.0921 294.9269 283.5405 286.5866 286.9901 281.1739 281.8644 280.9401 276.2401 276.4724 276.1155	76.9677
1960 1.7605812E-08 2.2891077E-08 1.9740718E-08 1.7836909E-08 1.3665363E-08 1.4041574E-08 1.3751760E-08 1.4839158E-08 1.9682572E-08 1.3639343E-08 2.0864713E-08 2.9770041E-08 1.4428081E-08 2.1623681E-08 2.9396519E-08	284.6710 288.8577 296.5861 284.7284 289.7219 295.0505 284.0446 286.6078 287.0718 281.4848 281.1987 280.0914 276.6387 275.8608 274.9983	390.419
1961 2.2219758E-08 2.8416327E-08 2.2419115E-08 2.2427452E-08 1.7642655E-08 1.6024817E-08 1.6509960E-08 1.6226300E-08 2.0843101E-08 1.3480700E-08 2.1128846E-08 3.3277054E-08 1.3443854E-08 2.0663704E-08 2.9611559E-08	285.1705 288.7304 296.1909 284.3318 289.1078 294.7007 283.0631 285.8925 286.9437 280.5207 280.8953 280.3995 275.7080 275.7254 275.5201	10.1484
1962 2.7152637E-08 2.8526200E-08 2.1130285E-08 2.5898355E-08 1.9550576E-08 1.5838763E-08 1.6553916E-08 1.7408871E-08 1.9763293E-08 1.3129893E-08 2.0467875E-08 3.0022704E-08 1.3568449E-08 2.0731278E-08 2.8394179E-08	284.7784 288.7687 296.2679 284.7838 289.7859 294.6197 284.4413 287.2979 287.7243 282.3668 282.6175 281.6084 277.7068 277.4058 276.6621	0.2
1963 2.8895496E-08 3.3029618E-08 2.8117901E-08 3.0396066E-08 2.4009042E-08 2.2311582E-08 2.2305926E-08 2.7319256E-08 3.5037502E-08 1.8042169E-08 3.0048600E-08 4.8557268E-08 1.7542531E-08 2.5934421E-08 3.8264520E-08	284.0652 287.8277 296.2020 283.3952 288.1427 294.6737 282.1339 284.6031 285.5491 279.5226 279.5919 278.9961 274.7779 274.6750 274.3723	3.42903
1964 1.7234806E-08 2.3758590E-08 1.6998488E-08 1.7647384E-08 1.3904107E-08 1.0538998E-08 1.3789209E-08 1.3180373E-08 1.5686384E-08 1.1610877E-08 1.7022058E-08 2.5818254E-08 1.2435363E-08 1.7686729E-08 2.3825764E-08	284.8928 288.8897 296.1841 285.3037 290.3246 294.6730 284.7252 287.4841 287.7435 282.0896 282.2132 281.1889 277.2905 276.9132 276.2189	0.564516
1965 3.5976875E-08 4.1003258E-08 3.2120209E-08 3.2567453E-08 2.7831533E-08 2.8005990E-08 2.0833751E-08 2.4656416E-08 3.3402870E-08 1.7016411E-08 2.4261020E-08 3.6176548E-08 1.7572962E-08 2.2711763E-08 2.8485227E-08	283.1123 287.4554 296.1767 282.9889 287.9813 294.7249 282.5428 285.1868 285.9044 280.6973 280.6862 279.8582 276.3146 276.2029 275.6948	17.2226
1966 2.5856137E-08 3.1041985E-08 2.6454678E-08 2.5330788E-08 2.0866635E-08 1.8650081E-08 1.8604918E-08 2.0532955E-08 2.2508903E-08 1.6574724E-08 2.4763169E-08 3.5779312E-08 1.5964385E-08 2.2858995E-08 3.0935261E-08	284.4605 288.0908 296.0413 283.7641 288.5637 294.3915 282.5765 285.3694 286.2098 279.8911 280.2973 279.7598 275.0027 275.0515 274.7264	0.0429032
1967 2.4840922E-08 2.8629893E-08 2.1480904E-08 2.3404642E-08 1.7064433E-08 1.3885878E-08 1.4799224E-08 1.4775320E-08 1.7768716E-08 1.1349605E-08 1.8737021E-08 2.8902567E-08 1.3283583E-08 2.0730488E-08 3.0513789E-08	284.0772 288.1098 296.0608 284.1323 289.1374 294.4068 283.7406 286.6242 287.2624 281.5406 281.9279 281.1819 276.9633 276.8622 276.3180	17.8094
1968 2.5180746E-08 2.8440205E-08 2.2908567E-08 2.5125077E-08 1.8833166E-08 1.7251896E-08 1.7468677E-08 1.7729294E-08 2.0843439E-08 1.3614063E-08 1.9274337E-08 2.8197556E-08 1.4776411E-08 1.9201433E-08 2.5408568E-08	284.5558 288.3909 296.1057 284.1444 288.9556 294.5660 283.3149 285.8336 286.4322 281.0244 280.8795 279.7697 276.4813 275.8177 274.9399	0.232903
1969 3.1272844E-08 3.1321083E-08 2.6226822E-08 2.9545097E-08 2.2310454E-08 2.0204629E-08 1.9520851E-08 2.0277069E-08 2.3157135E-08 1.3940751E-08 1.8116276E-08 2.7186575E-08 1.1757392E-08 1.4602993E-08 2.0696595E-08	283.5489 287.4190 296.1963 283.0101 287.8200 294.5729 282.3720 284.9681 285.6452 280.4026 280.5560 279.5936 276.4459 276.0867 275.2126	512.097
1970 2.0544308E-08 2.6202601E-08 1.9537877E-08 1.9612617E-08 1.7592638E-08 1.5546364E-08 1.4141549E-08 1.6098868E-08 1.9945981E-08 1.2676260E-08 1.8669457E-08 2.8110986E-08 1.2858241E-08 1.8202417E-08 2.5185379E-08	285.2383 289.0726 296.1890 285.1713 290.0262 294.6021 284.2324 287.0225 287.4469 281.5953 281.6432 280.7950 276.5751 275.9754 275.3120	0.260968
1971 2.7956801E-08 3.1905326E-08 2.4995851E-08 2.6005919E-08 1.9695342E-08 1.5946986E-08 1.6716562E-08 1.7564378E-08 2.0266736E-08 1.1555026E-08 1.9137149E-08 2.9178242E-08 1.1149431E-08 1.7828372E-08 2.7329177E-08	284.4308 288.4883 296.5897 284.2867 289.2734 294.9912 283.4396 286.1578 287.1294 281.0013 280.8677 280.1352 276.3224 275.5464 274.8487	287.419
1972 3.0038773E-08 3.4950791E-08 3.2926849E-08 2.7354105E-08 2.6970394E-08 3.1745458E-08 2.0049384E-08 2.6965079E-08 3.9154795E-08 2.0370074E-08 3.2105284E-08 4.7706425E-08 2.0014005E-08 2.9671892E-08 3.9328683E-08	282.9569 287.5920 296.5332 282.5771 287.9027 295.0653 281.8869 284.6335 285.3271 279.4684 279.6380 278.8923 274.8484 274.6615 274.3663	0.884839
1973 1.3415716E-08 2.2458265E-08 1.7033489E-08 1.3504090E-08 1.1238600E-08 1.0792848E-08 1.0316382E-08 1.1895984E-08 1.4976184E-08 1.1151606E-08 1.8780947E-08 2.4830474E-08 1.1930526E-08 1.9025867E-08 2.6811586E-08	285.3531 289.1222 296.9889 285.4479 290.4169 295.3373 284.7686 287.7867 288.2175 282.1542 282.7795 282.1407 277.1915 277.3316 277.1169	216.581
1974 1.7430473E-08 2.3231625E-08 1.7622328E-08 1.7153141E-08 1.5092660E-08 1.3467288E-08 1.1843153E-08 1.3192329E-08 1.6993386E-08 9.6940154E-09 1.4097597E-08 2.3040023E-08 1.1736992E-08 1.5634029E-08 2.0993539E-08	284.6508 288.5380 296.5442 284.9897 289.9004 294.9056 284.5305 287.2527 287.4658 282.1652 282.3245 281.1361 277.5516 277.2522 276.3822	89.7419
1975 1.3502073E-08 2.1502226E-08 1.5396475E-08 1.5617481E-08 1.1909563E-08 1.1910906E-08 9.9416093E-09 1.1453643E-08 1.4660184E-08 9.1651184E-09 1.5998923E-08 2.4282762E-08 1.1439963E-08 1.8535065E-08 2.5576167E-08	285.4769 289.3844 296.3856 285.5038 290.6543 294.9390 284.7413 287.7260 288.0088 281.8670 282.0340 281.2283 276.8577 276.3409 275.8365	3.44516
1976 2.9035085E-08 3.2038560E-08 2.6076151E-08 2.8040468E-08 2.4154444E-08 2.4652490E-08 2.0968061E-08 2.1979700E-08 2.7305926E-08 1.6977618E-08 2.3280377E-08 3.3646231E-08 1.5221685E-08 2.1759840E-08 2.8503448E-08	283.5752 287.2700 295.9566 283.1064 287.7765 294.3696 282.2228 284.6737 285.2817 279.9529 279.6250 278.6388 275.4313 274.6518 273.8549	1275.03
1977 3.1962223E-08 3.2683133E-08 2.6369770E-08 2.8861676E-08 1.9833019E-08 1.8819517E-08 1.9526338E-08 1.7442101E-08 2.2024338E-08 1.6061357E-08 2.0761943E-08 2.9458226E-08 1.4404932E-08 1.9123139E-08 2.5194282E-08	283.3061 287.5040 296.2055 283.1803 288.2562 294.7051 282.7598 285.4767 286.2991 280.7890 280.8430 279.9744 276.4941 276.2218 275.4115	24.7935
1978 1.9415241E-08 2.3527546E-08 2.0645064E-08 1.8460268E-08 1.3832441E-08 1.4314482E-08 1.2796058E-08 1.3083179E-08 1.7897984E-08 1.1479505E-08 1.8812761E-08 2.7806474E-08 1.2480774E-08 1.8968759E-08 2.6801940E-08	284.4306 288.5835 296.5709 284.4593 289.5112 294.9234 283.7564 286.6556 287.2122 281.2348 281.4504 280.6515 276.4167 276.1293 275.5039	0.336452
1979 2.2068789E-08 2.6757297E-08 2.3629905E-08 2.1178874E-08 1.5385789E-08 1.6769112E-08 1.3989535E-08 1.2400748E-08 1.6388332E-08 1.1267377E-08 1.4900713E-08 2.3359220E-08 1.3285200E-08 1.7672383E-08 2.3792721E-08	284.2147 287.9977 295.8572 283.9180 288.5314 294.3656 283.0326 285.2663 285.8805 280.6077 280.2743 279.2851 275.8581 275.3223 274.5128	0.0648387
1980 2.6391625E-08 2.9083264E-08 2.2018568E-08 2.4466097E-08 1.8608745E-08 1.6030697E-08 1.7628494E-08 1.8497838E-08 2.1123771E-08 1.5411620E-08 2.2595559E-08 3.3306801E-08 1.3569502E-08 2.0209642E-08 2.8333595E-08	284.0941 288.1024 296.0933 284.1233 289.1256 294.4752 283.5451 286.4290 287.0643 281.2034 281.5672 280.8235 276.5844 276.5205 276.0352	0.269677
1981 2.1489187E-08 2.4663294E-08 1.7855525E-08 2.2738181E-08 1.7128787E-08 1.3678095E-08 1.6479328E-08 1.6485636E-08 1.8221252E-08 1.3374621E-08 2.0918023E-08 3.0925158E-08 1.2532447E-08 2.0533738E-08 2.9762594E-08	284.9148 289.0168 296.1241 284.8287 289.8078 294.5413 283.8934 286.7118 287.4554 281.5717 281.6961 281.0789 277.0986 276.8387 276.3490	129.194
1982 1.9373605E-08 2.6889575E-08 2.8369392E-08 1.7948979E-08 1.9380671E-08 2.4794439E-08 1.4118805E-08 2.2076820E-08 3.2422914E-08 1.6274100E-08 2.8597418E-08 3.9735376E-08 1.8237559E-08 2.8208021E-08 3.6111121E-08	283.2635 287.8904 296.3354 283.2059 288.3646 294.9336 282.6210 284.8035 285.1157 279.9971 279.4373 278.2672 275.0741 274.1142 273.4522	0.896774
1983 2.1342858E-08 2.4996885E-08 1.8673250E-08 1.7807382E-08 1.4038562E-08 1.2696961E-08 1.1289445E-08 1.2213033E-08 1.4564070E-08 1.0681428E-08 1.5625773E-08 2.1743389E-08 1.2530251E-08 1.8622730E-08 2.4604210E-08	284.6498 288.4752 296.2068 285.2010 290.1257 294.5398 284.9047 287.7653 288.0675 282.6354 283.0648 282.2246 277.9990 278.0616 277.6315	0.491613
1984 1.4669562E-08 2.2748553E-08 1.4851426E-08 1.6618369E-08 1.3395948E-08 1.1100529E-08 1.2365643E-08 1.3083097E-08 1.4082411E-08 9.3386854E-09 1.5583455E-08 2.4008495E-08 9.5707469E-09 1.4689781E-08 2.1812991E-08	285.5055 289.3647 296.2665 285.9176 290.7650 294.7498 285.5506 288.2659 288.5380 283.1887 283.3008 282.2578 278.4540 278.0773 277.2726	1.4829
1985 2.8661463E-08 3.2870172E-08 2.4924775E-08 2.7548843E-08 2.2780219E-08 1.9639970E-08 1.7867476E-08 1.5790746E-08 1.9221353E-08 1.1982936E-08 1.4823130E-08 2.2109646E-08 1.1131450E-08 1.4455170E-08 1.9812392E-08	284.0820 288.3760 296.2259 284.4868 289.5457 294.6794 284.1660 286.8028 287.0969 282.2057 282.0007 280.5765 277.7977 277.0689 275.9516	114.777
1986 4.1846445E-08 4.2895319E-08 3.5493066E-08 3.9070994E-08 3.0200290E-08 2.6214149E-08 2.6357972E-08 2.6699919E-08 3.1635576E-08 1.8909695E-08 2.6151532E-08 3.8369478E-08 1.5791221E-08 2.2061021E-08 2.9048218E-08	282.7292 286.7568 296.4504 281.9946 287.0301 294.9308 281.2784 284.0944 285.3157 279.4572 279.6682 279.0459 275.5446 275.2020 274.7282	336.065
1987 2.9765868E-08 3.1304022E-08 2.4368150E-08 2.5105228E-08 2.0136753E-08 1.9621007E-08 1.6894294E-08 1.7516037E-08 2.1312363E-08 1.3966545E-08 1.8226897E-08 2.5341141E-08 1.2854031E-08 1.6033075E-08 2.2440405E-08	283.7940 287.8045 295.8184 283.9107 288.8465 294.2723 283.6244 286.2142 286.4385 281.6868 281.7292 280.6381 277.2368 277.0761 276.4292	122.484
1988 1.9620307E-08 2.4825626E-08 1.4950482E-08 1.9101105E-08 1.6065778E-08 1.1820491E-08 1.3403120E-08 1.4590254E-08 1.5742220E-08 1.0813344E-08 2.0985242E-08 3.1768511E-08 1.2636776E-08 2.4148910E-08 3.4938878E-08	286.1657 290.0956 296.2899 286.6696 291.5941 294.9456 285.9424 288.9171 289.3445 283.0355 283.4932 282.7861 277.9872 277.7049 277.2404	0.0406452
1989 2.1806464E-08 2.7928630E-08 2.6652096E-08 2.3402514E-08 1.7800758E-08 1.8345494E-08 1.8197383E-08 1.8069088E-08 2.2713069E-08 1.5025000E-08 2.2009999E-08 3.3870307E-08 1.4337288E-08 1.9711170E-08 2.8444129E-08	284.8164 288.5349 296.3993 284.3439 289.1160 294.6975 283.1032 285.8087 286.6072 280.5165 280.4300 279.7524 275.8121 275.2420 274.7099	0.00193548
1990 2.6176188E-08 2.9920333E-08 2.5127346E-08 2.0574062E-08 1.5581730E-08 1.6883716E-08 1.2283503E-08 1.1609861E-08 1.7148258E-08 1.1915962E-08 1.5966624E-08 2.4097282E-08 1.4521345E-08 2.1636048E-08 2.6394670E-08	283.5473 287.7579 296.3467 283.5423 288.5957 294.7146 283.3811 285.9466 286.4521 281.5050 281.3314 280.0991 276.9016 276.2942 275.4430	9.20968
1991 3.3456089E-08 3.8016548E-08 3.0081278E-08 3.0091616E-08 2.3865725E-08 2.3058726E-08 2.0889942E-08 2.0844766E-08 2.7283637E-08 1.5799623E-08 2.1676010E-08 3.1486660E-08 1.2965350E-08 1.8335463E-08 2.4822034E-08	282.6331 287.1510 296.0264 282.9543 288.1964 294.4293 282.8033 285.5718 286.0584 280.9969 281.2347 280.3332 277.2170 277.1454 276.4715	382.839
1992 3.2932331E-08 3.7141564E-08 3.1012885E-08 2.9781775E-08 2.2539924E-08 2.0186304E-08 2.0257607E-08 1.9431138E-08 2.1751394E-08 1.3107655E-08 1.8976989E-08 2.8000292E-08 1.1950946E-08 1.7137694E-08 2.4114994E-08	282.4988 286.8369 296.0821 282.4648 287.4788 294.4724 282.1099 284.8305 285.6418 280.4152 280.5089 279.5557 276.3637 275.9524 275.0969	48.871
1993 3.1777617E-08 3.3944133E-08 2.7597769E-08 2.9159354E-08 2.1106917E-08 1.9385656E-08 2.0269148E-08 1.9985478E-08 2.3958320E-08 1.8846805E-08 2.5951367E-08 3.3759587E-08 1.6272420E-08 2.3967676E-08 3.0681356E-08	283.4380 287.5215 296.0699 283.0991 288.2118 294.3639 282.6002 285.5006 286.2105 280.4124 280.7873 280.1424 276.0242 275.9285 275.6473	0
1994 3.5876685E-08 3.8583973E-08 3.4139692E-08 3.0256267E-08 2.2199874E-08 2.1423284E-08 1.7756227E-08 1.8120303E-08 2.4371829E-08 1.3922628E-08 1.9656827E-08 2.9905962E-08 1.4865383E-08 1.9485087E-08 2.5536863E-08	282.5871 287.1083 296.8214 282.5838 287.9309 295.0258 282.5924 285.2864 286.0265 280.9608 280.7197 279.6718 276.6498 276.1273 275.2220	26.8135
1995 1.5074937E-08 2.3242464E-08 1.5872681E-08 1.5619227E-08 1.2943025E-08 1.0995781E-08 1.2953753E-08 1.2516523E-08 1.5108890E-08 1.1669742E-08 1.8229523E-08 2.7581248E-08 1.3437323E-08 2.0460961E-08 2.7906584E-08	285.5819 289.3251 296.0855 285.6539 290.4250 294.3914 284.7822 287.4332 287.6992 282.1777 282.0719 281.0832 277.3237 276.6420 275.9334	2.06806
1996 2.5398835E-08 2.9683029E-08 2.7974227E-08 2.3522567E-08 1.8018824E-08 1.9415372E-08 1.9268290E-08 1.9297607E-08 2.3199682E-08 1.7030777E-08 2.5751214E-08 3.6075345E-08 1.4795982E-08 2.3183688E-08 3.4172416E-08	283.8570 288.2724 296.1671 284.1125 289.3251 294.4361 283.5018 286.3066 286.9633 281.3628 281.1857 280.5048 276.9711 276.2544 275.6419	99.1935
1997 1.4171461E-08 2.1605821E-08 1.9037747E-08 1.4926210E-08 1.6340655E-08 1.9779158E-08 1.3109291E-08 2.2053573E-08 3.2028165E-08 1.5011938E-08 2.9677128E-08 4.4758842E-08 1.8591017E-08 3.1773489E-08 4.1450619E-08	284.3588 288.4848 295.7781 283.9350 288.9012 294.1336 283.1474 285.3660 285.2310 280.4534 279.9464 278.7038 275.3993 274.5981 274.0162	9.38065
1998 1.7514795E-08 2.3235561E-08 1.7358630E-08 1.5619509E-08 1.3212407E-08 1.1894574E-08 1.1778112E-08 1.2184864E-08 1.2503144E-08 1.1603665E-08 1.8289446E-08 2.4731385E-08 1.4986384E-08 2.4195831E-08 3.1354787E-08	286.1351 289.7473 296.4070 286.5770 291.3252 294.8664 285.9481 288.7654 288.8454 283.2068 283.5091 282.6679 278.2383 277.8308 277.3282	304.774
1999 1.9948882E-08 2.8328055E-08 2.0339314E-08 1.8397191E-08 1.4937740E-08 1.3212961E-08 1.2982541E-08 1.3609587E-08 1.4239736E-08 1.0833662E-08 1.7318229E-08 2.5213923E-08 1.1638679E-08 1.7155577E-08 2.4009660E-08	285.4958 289.3228 296.1367 285.9453 290.8758 294.5802 285.5544 288.3622 288.5470 283.1416 283.5104 282.6115 278.3935 278.3321 277.9016	1.92194
2000 2.5974666E-08 2.9361994E-08 2.5719078E-08 2.3792753E-08 1.6798701E-08 1.7262616E-08 1.4733518E-08 1.3700429E-08 1.7810306E-08 1.2054143E-08 1.8101538E-08 2.7860908E-08 1.3274501E-08 1.9666379E-08 2.6276920E-08	284.4679 288.5806 296.3901 284.9120 289.9193 294.7445 284.6065 287.4790 288.0568 282.3724 282.5938 281.7461 277.7674 277.4978 276.9991	234.645
2001 3.2711355E-08 3.5516624E-08 2.4224407E-08 3.1766312E-08 2.2651982E-08 1.9089507E-08 2.0646404E-08 1.8421026E-08 2.2512598E-08 1.6115195E-08 2.1826857E-08 2.9613865E-08 1.6400673E-08 2.1568669E-08 2.6540835E-08	283.8239 288.0562 296.3654 283.8209 288.9256 294.6585 283.3907 286.0729 286.7668 281.3282 281.1789 280.2373 276.7656 276.2572 275.5669	536.645
2002 2.4327159E-08 3.0734672E-08 2.6039034E-08 2.3365034E-08 2.1203769E-08 2.1512928E-08 1.8505386E-08 1.9708525E-08 2.4098114E-08 1.5153656E-08 2.0442144E-08 2.8662260E-08 1.3858052E-08 1.8008787E-08 2.3190905E-08	283.7194 287.8685 296.5660 283.7102 288.5456 294.6506 282.9918 285.2301 285.6209 280.6171 280.2490 279.2665 276.3164 275.6763 274.9529	142.581
2003 2.9987927E-08 3.4935290E-08 2.6814879E-08 2.7218363E-08 2.4924560E-08 2.1821970E-08 1.6720980E-08 1.9001673E-08 2.4626669E-08 1.3207822E-08 2.0416435E-08 3.0225262E-08 1.3557243E-08 1.9441240E-08 2.6017728E-08	284.0801 288.3468 296.6430 284.1427 289.0629 295.0006 283.7517 286.3387 286.9350 281.8106 281.5694 280.5524 277.4312 276.7545 276.0220	63.4194
2004 2.6648697E-08 3.0086721E-08 2.7827543E-08 2.3669266E-08 1.8614399E-08 1.7172258E-08 1.6284135E-08 1.6039149E-08 1.9670299E-08 1.3994415E-08 1.9873259E-08 2.6051294E-08 1.5132347E-08 2.1061611E-08 2.4917483E-08	283.4321 287.8924 296.8655 283.9124 289.1399 295.2820 283.9957 286.6217 286.8807 282.1115 282.1613 281.0274 278.0381 277.7033 276.7962	950.419
2005 2.5838707E-08 3.4370089E-08 2.4283191E-08 2.5994959E-08 2.2236444E-08 1.8812820E-08 1.7624290E-08 1.7938010E-08 2.1845212E-08 1.3388266E-08 1.9604343E-08 2.9321290E-08 1.3686695E-08 1.9791928E-08 2.6853865E-08	284.8391 289.0384 296.6853 284.9653 289.9944 295.1623 284.2733 287.0170 287.5736 282.2057 282.3411 281.5890 278.0247 277.9228 277.3478	0.127419
2006 3.1473583E-08 3.5304804E-08 2.7586404E-08 2.9257516E-08 2.2855094E-08 2.0260632E-08 1.9207027E-08 1.8600280E-08 2.3084818E-08 1.3142216E-08 1.9983180E-08 2.8902910E-08 1.2507495E-08 1.8642304E-08 2.6017441E-08	283.2593 287.7856 296.5878 283.4999 288.7792 294.8067 283.4982 286.2178 286.7685 281.8669 281.9009 280.9961 277.9081 277.5545 276.8288	3.52129
2007 2.2759538E-08 2.7288262E-08 1.7402364E-08 2.4134721E-08 1.8035664E-08 1.2504523E-08 1.7343986E-08 1.5432455E-08 1.4995216E-08 1.4187918E-08 2.1379970E-08 2.8611685E-08 1.4822982E-08 2.2758245E-08 3.0030002E-08	285.1259 289.0241 296.2831 285.1778 290.1430 294.6872 284.5348 287.4725 288.1607 282.3558 282.7154 282.1530 277.6753 277.6740 277.4562	111.452
2008 1.5287998E-08 2.1739401E-08 1.5784758E-08 1.6370620E-08 1.2479946E-08 1.0322518E-08 1.2956788E-08 1.1458889E-08 1.2600603E-08 8.4335605E-09 1.3853231E-08 2.2595973E-08 1.1625729E-08 1.7293349E-08 2.5104562E-08	285.7148 289.3846 296.4146 285.6761 290.5640 294.7346 285.2225 287.9234 288.1632 282.6514 282.8716 281.9676 277.5898 277.4315 276.9538	0.142258
2009 3.2084273E-08 3.2489993E-08 2.6631621E-08 2.7852730E-08 2.1768919E-08 1.9549471E-08 1.8757012E-08 1.8337559E-08 2.2473563E-08 1.5694146E-08 2.1332664E-08 3.0141884E-08 1.6790926E-08 2.2280087E-08 2.8484047E-08	283.1487 287.6214 296.2028 283.2352 288.6808 294.5593 283.2668 286.0745 286.3671 281.7677 281.6951 280.4233 277.6982 277.0177 276.0038	0.609355
2010 1.5119660E-08 2.2516916E-08 1.5106476E-08 1.5817299E-08 1.2794411E-08 1.1359865E-08 1.0166012E-08 1.0410968E-08 1.3252308E-08 7.8932798E-09 1.3937345E-08 2.2890990E-08 9.1426084E-09 1.5334537E-08 2.4840526E-08	286.3379 289.9286 296.3834 286.4476 291.3045 294.8335 285.7689 288.4896 288.8062 282.9763 283.1249 282.2724 277.9057 277.4165 276.7721	0
2011 2.2071180E-08 2.8266502E-08 2.3688514E-08 2.0074898E-08 1.6499621E-08 1.4985204E-08 1.3138542E-08 1.2218958E-08 1.5358181E-08 9.7369277E-09 1.4365372E-08 2.2034868E-08 9.8456603E-09 1.6080442E-08 2.1690092E-08	284.5646 288.4141 296.5044 284.7311 289.6606 294.9394 284.3309 287.1868 287.6436 282.0937 282.4419 281.5913 277.4542 277.4062 276.8781	0
2012 2.9186980E-08 3.2938807E-08 2.5999920E-08 3.1381287E-08 2.3159052E-08 1.8709901E-08 2.1499435E-08 2.1284478E-08 2.4564290E-08 1.5902364E-08 2.2727516E-08 3.4751057E-08 1.5603078E-08 2.1333458E-08 2.9454668E-08	284.1608 288.1816 296.5900 283.8589 288.7091 294.8522 283.0117 285.5642 286.3424 280.8325 280.7000 279.8460 276.4057 276.0111 275.3437	0.0222581
2013 3.3372579E-08 3.6266258E-08 2.7943662E-08 3.0201807E-08 2.1009120E-08 1.6488077E-08 1.8133933E-08 1.8112116E-08 1.8918479E-08 1.2528107E-08 1.8212209E-08 2.7804246E-08 1.2624912E-08 1.7949828E-08 2.5346054E-08	283.3941 287.6912 296.4268 283.5382 288.7463 294.9031 283.3247 286.0563 286.5993 281.5574 281.3515 280.2452 277.5492 276.7426 275.5431	0.411613
2014 2.7392273E-08 3.0178967E-08 2.2216444E-08 2.6875686E-08 1.8914273E-08 1.6235647E-08 1.7855154E-08 1.7241295E-08 2.1136564E-08 1.4984940E-08 2.0160948E-08 2.9244964E-08 1.6413766E-08 2.1658028E-08 2.6703290E-08	283.8681 288.0218 296.1599 283.8833 288.9152 294.5435 283.5219 286.0395 286.5602 281.7177 281.5464 280.5760 277.5648 277.1152 276.3904	0
2015 2.7252325E-08 3.3317118E-08 3.2322706E-08 2.3810781E-08 2.1337826E-08 2.5931227E-08 1.7951427E-08 2.3921737E-08 3.1528160E-08 1.6644083E-08 2.6046946E-08 3.6122067E-08 1.6479298E-08 2.5325855E-08 3.2531911E-08  283.3345 287.9622 296.7913 283.3529 288.6828 295.0330 282.9583 285.6145 285.9680 280.9451 280.9647 280.0692 276.7914 276.4633 276.0336  18.3087
