STN,prec_1,prec_2,prec_3,prec_4,prec_5,prec_6,prec_7,prec_8,prec_9,prec_10,prec_11,prec_12,prec_13,prec_14,prec_15,st_1,st_2,st_3,st_4,st_5,st_6,st_7,st_8,st_9,st_10,st_11,st_12,st_13,st_14,st_15,01.0
LAT,23.72017,23.72017,23.72017,26.51077,26.51077,26.51077,29.30136,29.30136,29.30136,32.09194,32.09194,32.09194,34.88252,34.88252,34.88252,23.72017,23.72017,23.72017,26.51077,26.51077,26.51077,29.30136,29.30136,29.30136,32.09194,32.09194,32.09194,34.88252,34.88252,34.88252,28.30888906
LON,-101.2500,-98.43750,-95.62500,-101.2500,-98.43750,-95.62500,-101.2500,-98.43750,-95.62500,-101.2500,-98.43750,-95.62500,-101.2500,-98.43750,-95.62500,-101.2500,-98.43750,-95.62500,-101.2500,-98.43750,-95.62500,-101.2500,-98.43750,-95.62500,-101.2500,-98.43750,-95.62500,-101.2500,-98.43750,-95.62500,-98.5572384
1958 3.4530807E-08 1.7365396E-08 1.6637953E-08 1.5943398E-08 5.2569815E-09 1.3777212E-08 4.2336801E-09 2.2359214E-09 2.2406255E-08 3.2722995E-09 5.0250222E-09 2.3384343E-08 1.2850839E-08 1.4488094E-08 2.3621338E-08	295.4190 300.8161 302.1272 301.6043 307.8207 302.1386 306.4950 309.0041 305.7969 308.0519 308.9367 306.1902 306.4253 308.3499 306.7324	1912.32
1959 2.5808047E-08 1.5866664E-08 1.5585433E-08 1.0051811E-08 3.4149181E-09 1.4169896E-08 2.0198720E-09 1.5235370E-09 1.8473635E-08 2.3686522E-09 3.2600713E-09 1.4768809E-08 9.1618002E-09 9.7640598E-09 1.6815807E-08	295.8722 300.8572 302.0580 302.0791 307.9532 302.0829 306.8978 309.1091 306.1574 308.5127 309.2158 307.0522 307.2214 309.2185 307.8570	169.613
1960 2.2309653E-08 1.1897450E-08 1.3266790E-08 7.8940436E-09 2.4941207E-09 1.2390316E-08 2.8215557E-09 1.1679148E-09 1.4905108E-08 4.0428936E-09 4.6076232E-09 1.5301081E-08 1.2297317E-08 1.2984025E-08 1.8410569E-08	295.9898 301.1105 302.0654 302.3243 308.2992 302.0944 307.0641 309.1794 306.1076 308.4081 309.0555 306.4276 306.6564 308.6222 307.1363	86
1961 2.6613208E-08 1.6805766E-08 1.5918060E-08 1.0259987E-08 3.8709338E-09 1.4127076E-08 1.2511688E-09 1.4611291E-09 1.8265517E-08 2.3625135E-09 3.7612158E-09 1.5922410E-08 8.0394837E-09 8.3151406E-09 1.5317069E-08	296.0689 301.0077 302.1014 302.3209 308.2973 302.1190 307.2498 309.2789 306.7242 308.9325 309.4281 307.4790 307.8510 309.9762 308.9631	282.29
1962 2.5264129E-08 1.6235088E-08 1.5464879E-08 1.0767708E-08 3.8560577E-09 1.4193970E-08 3.0413625E-09 1.1843463E-09 1.5924572E-08 3.3840510E-09 3.6047219E-09 1.2131633E-08 1.0598725E-08 1.1341361E-08 1.5983604E-08	295.6927 300.8172 302.0438 301.9912 308.0569 302.0817 307.0385 309.2289 306.4030 308.7442 309.4129 307.2959 307.0932 309.2148 308.1396	6.19677
1963 2.0170146E-08 1.0052322E-08 1.5967343E-08 7.4155002E-09 2.1923450E-09 1.4937665E-08 1.2663520E-09 6.3316258E-10 1.5717553E-08 2.8000064E-09 3.3040057E-09 1.3479994E-08 1.1729868E-08 1.3291249E-08 1.9076802E-08	296.2264 301.1515 302.0583 302.3900 308.2354 302.0919 307.2996 309.1411 306.1838 308.8188 309.1529 306.7134 307.0085 308.8798 307.6160	0
1964 2.4657258E-08 1.4544778E-08 1.5552335E-08 7.6077340E-09 2.6836398E-09 1.3064333E-08 2.0969215E-09 2.3616908E-09 2.6740899E-08 2.4257720E-09 5.7374998E-09 2.4636423E-08 1.0588340E-08 1.1208181E-08 2.0967400E-08	296.2455 300.9474 302.1826 302.3858 308.0885 302.1795 307.0212 308.9743 305.8861 308.4967 308.8200 306.0957 306.8056 308.4864 306.9309	0.0129032
1965 2.4642093E-08 1.6556532E-08 1.8044309E-08 8.6471106E-09 3.1356220E-09 1.4300492E-08 2.0567335E-09 1.4843243E-09 1.8682401E-08 2.9813165E-09 4.3081783E-09 1.5212610E-08 1.1268520E-08 1.2135220E-08 1.8655740E-08	295.6884 300.5190 301.8564 301.8839 307.8110 301.9519 306.7412 308.7345 305.9690 308.4681 308.8017 306.4995 306.9583 308.6407 307.3482	0.174194
1966 2.4944963E-08 1.6341069E-08 1.8539909E-08 7.4653910E-09 2.6125817E-09 1.2631522E-08 1.5759266E-09 9.7369746E-10 1.7130610E-08 1.7129327E-09 3.3009659E-09 1.4891756E-08 1.0447866E-08 1.1047336E-08 1.6492212E-08	295.5628 300.4885 301.9380 301.9231 307.7221 302.0059 306.7689 308.8292 305.7909 308.3934 308.8232 306.1967 306.7431 308.4030 306.7716	1.95806
1967 2.5861716E-08 1.6305000E-08 1.8508540E-08 1.1133277E-08 3.2226051E-09 1.6821474E-08 2.6157767E-09 2.3887796E-09 2.0821082E-08 3.7737182E-09 6.0248637E-09 1.9202995E-08 1.2215371E-08 1.3438907E-08 2.1574001E-08	295.9309 300.8651 302.0180 301.9173 307.9955 302.0675 306.7675 308.8271 305.8579 308.4443 308.8311 306.3238 306.7313 308.5826 307.1692	0.253226
1968 2.5619185E-08 1.4045901E-08 1.4633311E-08 8.7952801E-09 2.9231744E-09 1.1937911E-08 2.7811387E-09 1.5877164E-09 1.6897811E-08 4.1012020E-09 4.8858757E-09 1.7091567E-08 1.2903939E-08 1.3881270E-08 2.1920007E-08	295.8917 300.9262 302.0718 302.1914 308.0364 302.1084 306.9545 309.0567 305.8253 308.2810 308.7445 305.7515 306.5804 308.1963 306.4665	231.943
1969 2.8702974E-08 1.4801049E-08 1.5143977E-08 9.6976143E-09 3.0767884E-09 1.2836161E-08 2.2199409E-09 1.2376605E-09 2.2140268E-08 2.3780413E-09 3.6071053E-09 2.0136151E-08 9.1305834E-09 9.7997095E-09 1.7154413E-08	296.0403 301.0438 302.3089 302.1344 308.1151 302.2744 307.0113 309.3709 306.3828 308.5653 309.3537 306.8287 307.0691 308.8700 307.3789	0.143226
1970 2.3179828E-08 1.4638354E-08 1.6103060E-08 1.1800628E-08 4.1284700E-09 1.2115669E-08 4.2804036E-09 2.3150664E-09 1.6786640E-08 3.6730805E-09 4.3718953E-09 1.5468132E-08 1.0073747E-08 9.7765458E-09 1.4224444E-08	295.9132 300.7725 301.9680 301.8373 307.7274 302.0211 306.5845 308.8411 306.1243 308.2563 308.9891 306.7188 306.9723 308.9709 307.7472	157.581
1971 2.0795611E-08 1.1128420E-08 1.4751298E-08 6.7623334E-09 2.2002455E-09 1.3190405E-08 2.6767597E-09 1.1908783E-09 1.5293569E-08 2.6665332E-09 3.7930898E-09 1.2606101E-08 1.0508145E-08 1.1874143E-08 1.7203504E-08	296.2498 301.0682 302.0528 302.5159 308.2845 302.0922 307.2282 309.0918 306.4064 308.9222 309.3685 307.4138 307.2504 309.2604 308.1768	0.164839
1972 2.4543283E-08 1.4564548E-08 1.5103250E-08 9.6792974E-09 2.2026789E-09 1.4315749E-08 2.7540275E-09 1.8196110E-09 1.5620005E-08 3.7439447E-09 4.1468446E-09 1.2915782E-08 1.1801920E-08 1.1646836E-08 1.6866334E-08	295.7838 300.6183 301.8932 301.9066 307.8104 301.9799 306.7179 308.7625 306.0842 308.2207 308.7689 306.6831 306.7346 308.6818 307.4076	158.226
1973 2.7724752E-08 1.7115314E-08 1.7071750E-08 9.4841477E-09 3.2393777E-09 1.4224462E-08 1.0452373E-09 1.0403052E-09 2.0798980E-08 2.6710238E-09 3.2537721E-09 1.6337708E-08 1.1416345E-08 1.0595758E-08 1.7283183E-08	295.7887 300.7461 302.0702 302.1052 307.9583 302.0942 307.0272 309.1202 305.7924 308.4683 309.2704 306.7518 306.8051 309.0085 307.5459	5.61516
1974 2.2939220E-08 1.1759392E-08 1.2917958E-08 7.9524414E-09 2.2909681E-09 1.1747967E-08 2.2103599E-09 7.0257500E-10 8.9062677E-09 4.4075965E-09 3.4535961E-09 8.1230525E-09 1.4629085E-08 1.6966625E-08 2.0741613E-08	295.3458 300.8940 301.8644 302.0296 308.0710 301.9521 307.1594 309.1477 306.3829 308.6578 309.2983 307.4185 306.4271 308.4387 307.4598	107.419
1975 2.7982498E-08 1.5624359E-08 1.5844035E-08 1.0461813E-08 2.9130955E-09 1.3579252E-08 2.9090084E-09 1.6505547E-09 2.0564823E-08 3.4633141E-09 4.7242277E-09 1.8554259E-08 1.2343802E-08 1.3806527E-08 2.2982848E-08	295.5479 300.6151 302.0801 301.7748 307.7918 302.1078 306.7050 308.9249 305.8171 308.3338 308.7622 306.0197 306.5428 308.2796 306.6128	86.5806
1976 2.4400242E-08 1.2385174E-08 1.5856783E-08 9.7955759E-09 2.7164051E-09 1.5648002E-08 2.2559397E-09 1.0663546E-09 1.5346298E-08 3.0523970E-09 3.5986918E-09 1.4664821E-08 1.1504142E-08 1.2133468E-08 1.8274728E-08	295.4807 300.8036 301.9222 301.9427 307.9756 301.9941 306.9811 308.9193 306.1004 308.6972 309.0819 307.0212 306.7694 308.9362 307.8402	1.78065
1977 3.0259439E-08 1.7167887E-08 1.5030006E-08 1.2954075E-08 4.1167496E-09 1.2916668E-08 3.4647785E-09 1.9062416E-09 1.9835337E-08 3.3448946E-09 4.2801149E-09 1.7466352E-08 1.2201203E-08 1.2216760E-08 1.8481114E-08	295.7357 300.7998 302.0154 301.8542 307.8297 302.0533 306.7449 309.1056 305.9636 308.1504 308.7581 305.9855 306.3546 308.1501 306.5341	441.226
1978 2.4206692E-08 1.3993353E-08 1.4049600E-08 8.7034460E-09 2.1563313E-09 1.2090831E-08 3.0989760E-09 1.0676904E-09 1.8926031E-08 4.6623603E-09 4.5941273E-09 1.5899483E-08 1.3024072E-08 1.3281896E-08 1.9351514E-08	295.8405 300.8332 302.0413 302.1649 307.9683 302.0819 307.0015 309.1797 305.8261 308.3663 309.0962 306.4077 306.5639 308.6009 307.1263	5.64032
1979 2.5803851E-08 1.2553622E-08 1.4100896E-08 8.3527683E-09 1.7393852E-09 1.1940143E-08 2.4991185E-09 9.8499786E-10 1.5930286E-08 3.8085242E-09 2.9291309E-09 1.3923569E-08 1.1713638E-08 1.0663227E-08 1.7276676E-08	295.7433 300.8199 302.0766 302.1343 308.0079 302.1053 307.0138 309.0966 306.1358 308.5666 309.1520 306.4488 306.7834 308.5290 306.8506	0.36129
1980 2.4272548E-08 1.6928725E-08 1.9252441E-08 1.0313111E-08 4.6488857E-09 1.4854581E-08 2.5027269E-09 1.4217238E-09 2.2301457E-08 2.6785716E-09 3.6688987E-09 1.7341192E-08 1.0012353E-08 1.0426785E-08 1.5902730E-08	295.7883 300.6518 302.1337 302.1060 307.8906 302.1386 306.9951 309.0383 306.1083 308.4847 309.0371 306.8368 307.1387 309.1000 308.0304	0.115161
1981 2.2298869E-08 1.5267100E-08 1.6888821E-08 9.6045518E-09 2.7556069E-09 1.2660901E-08 1.9056716E-09 1.0840268E-09 1.6986696E-08 1.8488333E-09 1.4259969E-09 1.1058384E-08 8.2033065E-09 6.7282100E-09 1.2200668E-08	295.8958 300.6543 302.0014 302.0658 307.8627 302.0509 306.9059 308.9547 306.2232 308.5944 309.3308 307.3613 307.1678 309.3906 308.0674	1.22645
1982 2.4137931E-08 1.6973797E-08 2.1101032E-08 8.4525906E-09 2.8602829E-09 1.4252891E-08 2.4782409E-09 1.6456797E-09 1.8581849E-08 2.9850509E-09 2.9914797E-09 1.4468320E-08 1.1622738E-08 1.0402534E-08 1.7814896E-08	295.8970 300.5758 302.0984 301.9851 307.7779 302.1185 306.8090 308.8794 306.1301 308.4091 308.9851 306.8650 306.7228 308.8185 307.4629	81.1613
1983 2.4999844E-08 1.2359586E-08 1.5450929E-08 7.3604389E-09 2.1471347E-09 1.2791627E-08 1.8518920E-09 9.3880426E-10 2.1013392E-08 3.2134722E-09 5.2249454E-09 2.2324048E-08 1.0931887E-08 1.2813770E-08 2.0473658E-08	296.2395 300.9834 302.2337 302.4933 307.9666 302.2153 307.0876 309.1736 305.5178 308.1007 308.4885 305.1420 306.1536 307.5285 305.6837	0.573548
1984 2.4014447E-08 1.2508740E-08 1.1117578E-08 8.9375680E-09 1.9031401E-09 1.1775395E-08 3.1656260E-09 9.5628983E-10 9.7819379E-09 3.5483787E-09 3.4404433E-09 1.1563074E-08 1.1479863E-08 1.2835671E-08 2.0029439E-08	295.3589 300.8441 301.8002 301.9836 308.1846 301.9055 307.0887 309.3505 306.5445 308.5100 309.4295 307.3232 306.7236 309.0552 307.9232	24.0758
1985 2.9293906E-08 1.5669647E-08 1.5571018E-08 1.2499555E-08 2.2029576E-09 1.3818377E-08 2.7323614E-09 1.1954564E-09 1.4116980E-08 3.5933547E-09 3.4326610E-09 1.1108905E-08 1.0841670E-08 1.1887636E-08 1.8096751E-08	294.8665 300.4755 301.9249 301.4306 307.7939 301.9931 306.7873 309.0403 306.3706 308.6426 309.3113 307.4864 307.0765 309.3135 308.3047	617.548
1986 2.2637156E-08 1.3829822E-08 1.4641218E-08 6.1265779E-09 1.7505004E-09 1.3421333E-08 1.4047153E-09 1.1454514E-09 1.7528768E-08 2.7590095E-09 4.1436476E-09 1.8873372E-08 1.1058825E-08 1.1588479E-08 1.8760215E-08	296.0443 300.8589 302.1412 302.3536 307.9954 302.1592 307.1278 309.0888 306.1678 308.5710 309.0408 306.4626 306.9354 308.7697 307.3188	5.91613
1987 2.4610971E-08 1.6231372E-08 1.7219694E-08 9.8805133E-09 3.2478293E-09 1.4983426E-08 3.1328575E-09 1.4993995E-09 1.7814958E-08 3.2214729E-09 3.8105754E-09 1.7495182E-08 1.0828527E-08 1.1135392E-08 1.7813631E-08	295.5799 300.2886 302.1297 301.8167 307.2532 302.1478 306.6084 308.7607 305.5756 308.0014 308.4863 305.4701 306.2905 307.9950 306.0569	241.258
1988 2.8793282E-08 1.8428608E-08 2.1054760E-08 1.2305514E-08 4.7266258E-09 1.5116875E-08 2.6959652E-09 1.4396353E-09 1.8409644E-08 3.4449896E-09 3.8691059E-09 1.5657829E-08 1.0950003E-08 1.0734965E-08 1.7182138E-08	295.1507 300.0237 301.9230 301.3196 307.2456 301.9879 306.3553 308.5891 305.8319 307.8452 308.6243 306.2296 306.2458 308.2849 306.8224	106.452
1989 2.2681954E-08 1.1687624E-08 1.2621789E-08 7.6879560E-09 2.3507560E-09 1.6061662E-08 2.4476892E-09 1.5960805E-09 1.2471117E-08 3.3666783E-09 3.2106082E-09 1.0957828E-08 1.2642903E-08 1.1927824E-08 1.7297328E-08	295.6567 300.7321 301.9255 302.0429 307.9276 302.0013 306.9505 308.8257 306.0852 308.4407 308.9251 306.8030 306.6131 308.8413 307.7299	0.08
1990 2.6442818E-08 1.7691722E-08 1.9775278E-08 1.1443146E-08 4.0759285E-09 1.6322726E-08 2.7869109E-09 1.3401913E-09 2.0198128E-08 2.2579350E-09 2.6049121E-09 1.4452537E-08 9.0878522E-09 8.5742649E-09 1.4413961E-08	295.7574 300.4374 302.3736 301.8789 307.4759 302.3255 306.8365 308.9341 306.0743 308.3731 309.1035 306.6545 306.9570 309.0650 307.5434	0
1991 2.9038654E-08 1.7783817E-08 1.6972910E-08 1.2036829E-08 3.6904495E-09 1.4489352E-08 3.5171652E-09 2.0872297E-09 2.1284249E-08 3.1389331E-09 3.6207293E-09 1.8356285E-08 1.0992063E-08 1.1646530E-08 1.9985176E-08	295.4840 300.5685 302.3108 301.7469 307.7168 302.2762 306.7285 309.0290 306.0431 308.2897 308.9843 306.3327 306.6531 308.5911 306.9441	5.72258
1992 2.5574519E-08 1.2940516E-08 1.4899623E-08 8.5550065E-09 1.7941053E-09 1.2555000E-08 2.4985849E-09 8.0295459E-10 1.9478051E-08 3.1700309E-09 2.6821989E-09 1.9630436E-08 1.0167778E-08 1.1208623E-08 1.8624352E-08	295.9152 300.7845 302.1451 302.0784 307.7922 302.1610 306.7758 309.0978 305.6779 308.0310 308.8827 305.8647 306.3875 308.3637 306.5069	917.871
1993 2.4397142E-08 1.6969592E-08 1.9399538E-08 9.7376107E-09 2.7642677E-09 1.4291370E-08 2.9758607E-09 1.5694162E-09 1.7503032E-08 3.4858978E-09 3.9062411E-09 1.5112503E-08 1.3317688E-08 1.3311411E-08 2.1084279E-08	295.4848 300.0974 302.0214 301.6747 307.1528 302.0760 306.3134 308.5044 305.3001 307.5564 307.9832 304.8931 305.9243 307.3447 305.3219	74.2903
1994 2.5680352E-08 1.7088196E-08 1.7925862E-08 1.2906470E-08 3.7282790E-09 1.3713559E-08 3.2710292E-09 1.9135555E-09 1.8792244E-08 3.2403824E-09 4.1659867E-09 1.6396244E-08 1.2392295E-08 1.1682181E-08 1.9644109E-08	295.1707 300.1441 301.8997 301.2652 307.2374 301.9848 306.2827 308.7577 305.7199 307.5794 308.5800 305.9869 305.6076 307.7250 306.0645	0
1995 2.6175957E-08 1.4712755E-08 1.8373646E-08 1.0962530E-08 2.8415434E-09 1.3894962E-08 2.8052856E-09 1.3738113E-09 2.1515074E-08 2.8768530E-09 4.3639328E-09 1.9053418E-08 1.0936948E-08 9.3000612E-09 1.6783700E-08	295.9223 300.5334 302.2378 301.8471 307.5209 302.2238 306.4997 308.8708 305.7014 308.0015 308.5660 305.7982 306.2369 308.0961 306.3004	23.5674
1996 2.6524571E-08 1.5376690E-08 1.7795021E-08 1.0290880E-08 3.0484810E-09 1.3758509E-08 3.0654210E-09 1.9230715E-09 1.6659875E-08 3.7459360E-09 4.1340278E-09 1.3262679E-08 9.6081978E-09 1.1198038E-08 1.9219142E-08	295.7387 300.6097 302.1990 302.0050 307.8194 302.1986 306.8805 308.9287 306.3956 308.4497 308.9416 307.0054 307.1317 308.9423 307.6878	0
1997 2.6728822E-08 1.3832127E-08 1.4080448E-08 9.5183852E-09 3.1615317E-09 1.3627407E-08 2.0889470E-09 1.2686607E-09 1.9567794E-08 2.1206483E-09 2.2743996E-09 1.4513093E-08 8.4644221E-09 9.0666399E-09 1.6535639E-08	295.7087 300.6074 302.3299 301.9886 307.6886 302.3010 306.9854 309.1360 306.2385 308.6418 309.3831 306.7759 307.2458 309.0534 307.1992	68.871
1998 2.6730534E-08 1.4570774E-08 1.6348416E-08 9.0993550E-09 2.6794100E-09 1.2506072E-08 1.4660710E-09 8.6279767E-10 2.1086544E-08 2.3117246E-09 2.4870426E-09 1.8483252E-08 9.1914956E-09 7.8692306E-09 1.7117539E-08	296.1299 300.8668 302.1062 302.3326 308.0077 302.1209 307.0467 309.1405 305.7432 308.2808 308.8628 305.7347 306.6646 308.3859 306.2235	19.3565
1999 2.5316570E-08 1.4099116E-08 1.3701919E-08 1.0907771E-08 2.3617543E-09 1.3442437E-08 2.8438487E-09 1.1207868E-09 1.1727813E-08 3.8370973E-09 3.0711433E-09 9.4202681E-09 9.7013553E-09 9.8124335E-09 1.3532098E-08	295.5813 300.7439 301.8065 301.5966 307.9722 301.9060 306.6178 308.8818 306.6787 308.6581 309.1929 307.6910 307.2614 309.4624 308.9597	203.968
2000 2.4974419E-08 1.3980923E-08 1.6319689E-08 7.1791377E-09 2.0012876E-09 1.3762544E-08 1.3624039E-09 5.7187333E-10 1.0639218E-08 2.3414610E-09 2.3459208E-09 9.9816786E-09 9.4849240E-09 1.0308098E-08 1.6091475E-08	295.6732 300.6724 302.3542 302.1822 307.9390 302.3124 307.3360 309.1313 306.8714 309.2642 309.5977 307.8347 307.5740 309.6599 308.8064	0.771613
2001 2.6973479E-08 1.6963540E-08 1.7542019E-08 1.0948516E-08 4.3835713E-09 1.6306750E-08 2.1547724E-09 1.9719613E-09 1.6776943E-08 2.8338121E-09 3.5675554E-09 1.2295247E-08 1.0294058E-08 1.0785778E-08 1.5461872E-08	295.6226 300.4914 302.1911 301.8232 307.6833 302.1904 306.8981 309.0014 306.3297 308.6691 309.2663 307.3243 307.3159 309.4499 308.4995	135.806
2002 2.8887287E-08 1.6024075E-08 1.7854527E-08 1.3163196E-08 3.8436987E-09 1.5604268E-08 3.9312620E-09 1.9411563E-09 1.9716628E-08 3.6051440E-09 3.1148228E-09 1.6909434E-08 1.0446430E-08 9.6585238E-09 1.7813408E-08	295.0106 300.3410 302.1763 301.3138 307.4810 302.1827 306.4069 308.7538 305.7594 308.1858 308.9623 306.7641 306.8781 309.0706 307.9877	111.774
2003 2.2641631E-08 1.2045718E-08 1.5324572E-08 8.3880920E-09 1.4105704E-09 1.2764546E-08 3.0123131E-09 1.2012195E-09 1.7261964E-08 2.9876168E-09 4.0802726E-09 1.6376509E-08 1.0589595E-08 1.0566865E-08 1.7680128E-08	296.3460 300.9835 302.1487 302.4614 307.8734 302.1405 306.9246 308.9291 305.6385 307.9856 308.4517 305.6136 306.1855 308.0090 306.0079	89.6774
2004 2.8145497E-08 1.4599147E-08 1.5868109E-08 1.2978608E-08 3.5087480E-09 1.3801789E-08 3.7348649E-09 1.3372231E-09 1.7780556E-08 3.1216567E-09 3.0653138E-09 1.6551791E-08 9.6730650E-09 1.0005322E-08 1.7244631E-08	295.6277 300.7837 302.1822 301.8432 307.8688 302.1864 306.9004 309.1492 306.1837 308.5552 309.2141 306.7243 307.0661 309.0159 307.7514	37.9032
2005 2.6905610E-08 1.5662144E-08 1.8219083E-08 1.0155923E-08 3.2894785E-09 1.5300470E-08 3.0466512E-09 1.5257154E-09 1.7323798E-08 1.7639128E-09 3.0313094E-09 1.5179575E-08 8.0753431E-09 9.3473762E-09 1.6969594E-08	295.9223 300.7140 302.3991 302.0876 307.6940 302.3504 306.9825 309.0667 306.3048 308.5719 309.1183 306.9142 307.1086 308.8918 307.4356	259.516
2006 2.5232913E-08 1.3730686E-08 1.5119895E-08 1.0296924E-08 2.0574549E-09 1.2769349E-08 3.1076111E-09 1.3703572E-09 1.8108430E-08 4.0523416E-09 4.1378683E-09 2.0321268E-08 1.2404034E-08 1.2607895E-08 2.1358881E-08	296.0123 300.9188 302.2761 302.0606 307.9888 302.2566 306.9123 309.1710 306.2634 308.2578 308.9954 306.3547 306.5495 308.3879 306.8655	0.157419
2007 3.0148133E-08 1.8741810E-08 2.2153214E-08 1.4440375E-08 5.4018350E-09 1.6430414E-08 3.6490206E-09 2.2767159E-09 2.4102091E-08 3.0978058E-09 5.0255786E-09 2.0315461E-08 9.9077999E-09 9.1031360E-09 1.4850612E-08	295.8790 300.7670 302.4742 301.9047 307.8876 302.4037 306.7397 309.0774 306.2772 308.2999 309.0700 306.7344 307.0134 309.0790 307.8600	84.0019
2008 2.6365635E-08 1.5958912E-08 1.4644352E-08 9.3718198E-09 1.6675766E-09 1.1505407E-08 2.1680722E-09 9.4789432E-10 1.4046117E-08 3.4868401E-09 3.5066574E-09 1.3652051E-08 1.0412709E-08 1.1722694E-08 1.8167610E-08	295.3910 300.6548 302.1581 301.7601 308.0989 302.1721 307.0989 309.4189 306.6269 308.8405 309.6671 307.4494 306.9442 309.2090 308.1951	80.0968
2009 2.5269951E-08 1.4767182E-08 1.7485966E-08 9.2450607E-09 2.8127729E-09 1.3490598E-08 1.2159510E-09 6.3841332E-10 1.5263289E-08 2.3191489E-09 2.4338611E-09 1.3311152E-08 1.0402077E-08 1.0950353E-08 1.5990812E-08	295.8371 300.8813 302.2777 302.2354 308.1629 302.2534 307.2977 309.2221 306.2514 309.0970 309.3711 306.8570 307.6546 309.4367 308.0698	0.120968
2010 2.9790856E-08 1.9455134E-08 2.2111482E-08 1.2307557E-08 3.7745491E-09 1.5951629E-08 3.5862566E-09 2.1686641E-09 2.1159405E-08 3.2953573E-09 3.0948699E-09 1.5852693E-08 8.3811171E-09 7.6031919E-09 1.4566442E-08	0.0000000E+00 0.0000000E+00 0.0000000E+00 0.0000000E+00 0.0000000E+00 0.0000000E+00 0.0000000E+00 0.0000000E+00 0.0000000E+00 0.0000000E+00 0.0000000E+00 0.0000000E+00 0.0000000E+00 0.0000000E+00 0.0000000E+00  194.116
2011 2.1733287E-08 1.2836272E-08 1.5254873E-08 9.3036716E-09 1.5623147E-09 1.3566811E-08 1.8428727E-09 1.0677133E-09 1.4470655E-08 1.7576215E-09 2.7839271E-09 1.0716772E-08 9.0373709E-09 7.6841475E-09 1.2126907E-08	295.8906 300.8826 302.1387 302.0833 308.2180 302.1476 307.0929 309.0231 306.5251 309.0074 309.2643 307.5004 307.5347 309.7741 309.1650	0.282903
2012 2.3411166E-08 1.2893516E-08 1.3560761E-08 9.1151078E-09 2.6247697E-09 1.2465590E-08 2.4941589E-09 9.1775532E-10 1.3403501E-08 2.8708078E-09 3.2779603E-09 1.2534627E-08 1.0502268E-08 1.0500192E-08 1.5519220E-08	295.9800 300.9938 302.1143 302.2551 308.1041 302.1323 307.1430 309.2041 306.5496 308.6916 309.2903 307.2350 307.4011 309.3381 308.1579	0
2013 2.7264328E-08 1.6632796E-08 1.5712544E-08 1.1629952E-08 3.7786356E-09 1.4279022E-08 2.0293471E-09 1.4811973E-09 1.8633859E-08 2.4427655E-09 3.0032150E-09 1.5947910E-08 1.2506692E-08 1.2292296E-08 1.8949894E-08	295.6638 300.8150 302.2230 302.0131 307.9649 302.2095 307.1506 309.2775 306.0402 308.7445 309.3216 306.6001 306.7773 308.7231 307.2734	0
2014 2.4561166E-08 1.3307360E-08 1.4464244E-08 8.3431564E-09 2.1363289E-09 1.1828892E-08 2.7860334E-09 1.0452975E-09 1.3899688E-08 2.7253833E-09 2.6956060E-09 1.1476017E-08 9.0118899E-09 9.3065271E-09 1.6145545E-08	296.1105 300.9423 302.2446 302.2674 308.0522 302.2238 307.0839 309.3348 306.4754 308.6383 309.5229 307.3516 307.3115 309.3955 308.1453	0.155484
2015 2.3216241E-08 1.2740386E-08 1.4661275E-08 7.5096036E-09 1.8936417E-09 1.3333406E-08 1.2415733E-09 1.0451440E-09 1.6726100E-08 2.4993889E-09 3.1471905E-09 1.4494758E-08 1.0795640E-08 1.1054452E-08 1.7641467E-08  296.0657 300.9785 302.1679 302.4261 308.1350 302.1675 307.2439 309.3939 306.5861 308.6210 309.5065 307.2809 307.1332 309.2271 308.0273  0
