STN,prec_1,prec_2,prec_3,prec_4,prec_5,prec_6,prec_7,prec_8,prec_9,prec_10,prec_11,prec_12,prec_13,prec_14,prec_15,st_1,st_2,st_3,st_4,st_5,st_6,st_7,st_8,st_9,st_10,st_11,st_12,st_13,st_14,st_15,08.0
LAT,23.72017,23.72017,23.72017,26.51077,26.51077,26.51077,29.30136,29.30136,29.30136,32.09194,32.09194,32.09194,34.88252,34.88252,34.88252,23.72017,23.72017,23.72017,26.51077,26.51077,26.51077,29.30136,29.30136,29.30136,32.09194,32.09194,32.09194,34.88252,34.88252,34.88252,28.30888906
LON,-101.2500,-98.43750,-95.62500,-101.2500,-98.43750,-95.62500,-101.2500,-98.43750,-95.62500,-101.2500,-98.43750,-95.62500,-101.2500,-98.43750,-95.62500,-101.2500,-98.43750,-95.62500,-101.2500,-98.43750,-95.62500,-101.2500,-98.43750,-95.62500,-101.2500,-98.43750,-95.62500,-101.2500,-98.43750,-95.62500,-98.5572384
1958 2.2533207E-08 3.1995022E-08 1.9198964E-08 2.2983741E-08 2.0299510E-08 1.6436267E-08 1.8948377E-08 1.9793529E-08 2.4803413E-08 1.8154752E-08 2.6088523E-08 3.6378385E-08 2.0424002E-08 2.7922587E-08 3.6270208E-08	286.3201 289.9769 295.4657 286.3990 291.4886 293.7840 286.0902 288.8292 288.7986 284.0039 283.9687 282.9660 279.4369 279.1096 278.5857	2.15806
1959 1.8807679E-08 2.9425157E-08 1.8005055E-08 2.4712106E-08 1.9519407E-08 1.5444913E-08 2.1294710E-08 2.3247086E-08 2.3525342E-08 1.7021867E-08 2.5905585E-08 3.6435722E-08 1.6049452E-08 2.2928523E-08 3.2491343E-08	286.4476 290.1434 295.5302 286.3098 291.4082 293.8302 285.6973 288.3901 288.5662 283.6700 283.4107 282.2627 279.2866 278.5292 277.4763	128.097
1960 2.3021295E-08 3.4091443E-08 2.1408749E-08 2.3970493E-08 2.2098714E-08 1.6911901E-08 1.7540280E-08 1.9204967E-08 2.2698098E-08 1.4086959E-08 2.1717748E-08 3.2303397E-08 1.5170784E-08 2.0983251E-08 2.8695773E-08	286.6659 290.1286 295.5440 286.4593 291.3245 293.8369 286.0367 288.5909 288.5889 283.9879 283.6467 282.3948 279.2966 278.6733 277.8779	392.235
1961 1.4427340E-08 2.6680361E-08 1.6751704E-08 1.7219060E-08 1.7505794E-08 1.5410832E-08 1.5145046E-08 1.7448270E-08 2.0962354E-08 1.3704533E-08 2.1453342E-08 3.0496917E-08 1.5469789E-08 2.1411223E-08 2.7923926E-08	286.5267 290.0891 295.5135 286.3329 291.2878 293.8249 285.6422 288.1807 288.4520 283.4400 283.0960 282.1541 278.9150 278.4837 277.8069	456.935
1962 1.6352663E-08 2.8395776E-08 1.6772370E-08 1.9718211E-08 1.7926318E-08 1.3674368E-08 1.6907446E-08 1.8175285E-08 2.0186183E-08 1.2507818E-08 1.9792598E-08 3.1690675E-08 1.3641146E-08 1.9588182E-08 2.9020033E-08	286.8821 290.3810 295.7109 286.7146 291.6571 293.9612 286.1702 288.8150 288.8297 284.0549 283.8681 282.6772 279.5948 279.1436 278.4082	0
1963 1.8107523E-08 2.7017478E-08 1.6467206E-08 2.0970976E-08 1.8465471E-08 1.5386094E-08 1.7751079E-08 2.0709999E-08 2.4595078E-08 1.6504133E-08 2.4238606E-08 3.5769862E-08 1.7839238E-08 2.3518755E-08 3.1101724E-08	285.8323 289.7142 295.6013 285.7445 290.9656 293.8908 285.6296 288.1358 288.1459 283.6846 283.3255 282.0075 278.9436 278.3501 277.5612	0
1964 1.6703632E-08 3.6044057E-08 1.6699044E-08 1.9036456E-08 1.9970743E-08 1.5091885E-08 1.2655007E-08 1.5845826E-08 2.1053980E-08 1.0977343E-08 2.0950891E-08 3.2376946E-08 1.6195244E-08 2.4211774E-08 3.0956802E-08	287.6504 290.9905 295.8148 287.6056 292.3636 294.0273 287.0628 289.5215 289.5157 284.7523 284.3271 283.1880 279.7218 278.8218 278.1135	202.506
1965 2.4124663E-08 3.2416754E-08 1.9133651E-08 2.3715851E-08 2.1251994E-08 1.6435770E-08 1.8171379E-08 1.9655705E-08 2.4036590E-08 1.5539262E-08 2.3942667E-08 3.2809396E-08 1.7453727E-08 2.3121963E-08 2.7200420E-08	285.0776 289.2314 295.2764 285.3976 290.6848 293.6580 285.6725 288.2472 288.1357 284.3548 283.9196 282.4740 280.1135 279.5181 278.5366	1.2871
1966 2.0261650E-08 3.0136714E-08 1.7829633E-08 1.9938799E-08 1.8806587E-08 1.4384680E-08 1.3777461E-08 1.6122931E-08 1.9907342E-08 1.3171093E-08 2.2106986E-08 3.2160415E-08 1.9314029E-08 2.5081940E-08 3.1275377E-08	286.0968 289.7670 295.5737 286.2628 291.1841 293.8762 286.1681 288.5715 288.4486 283.9872 283.4347 282.1815 278.7433 277.9978 277.2705	146.677
1967 2.4466523E-08 3.4793729E-08 2.1819853E-08 2.8019096E-08 2.5714611E-08 2.0703638E-08 2.3050667E-08 2.5174229E-08 2.9438443E-08 1.8662732E-08 2.8538420E-08 3.8942655E-08 1.7850574E-08 2.4744763E-08 3.1841008E-08	285.2869 289.2554 295.7863 285.0693 290.2340 294.0240 284.7973 287.2732 287.5247 282.9923 282.5094 281.2971 278.8620 278.0346 277.1561	425.249
1968 2.7698261E-08 3.5559410E-08 2.3902535E-08 2.6368337E-08 2.0652763E-08 1.8758039E-08 1.7866576E-08 1.7092612E-08 2.1484071E-08 1.6567760E-08 2.2945944E-08 3.0855816E-08 1.7546165E-08 2.2718456E-08 2.8542376E-08	285.3681 289.4176 295.5326 285.8191 291.0751 293.8366 285.8568 288.3916 288.2334 284.2226 283.7891 282.3052 279.8885 279.2160 278.1411	0.252258
1969 2.1617950E-08 3.3796336E-08 2.1484748E-08 2.4766694E-08 2.3780702E-08 1.9985062E-08 1.8868606E-08 2.3759581E-08 2.9335489E-08 1.7353697E-08 3.0382061E-08 4.2215500E-08 2.1380353E-08 3.2145731E-08 3.9789590E-08	285.5254 289.4676 295.7404 285.5000 290.6742 293.9961 285.2731 287.7958 287.8499 283.2818 283.1207 282.0633 278.6376 278.4487 277.9724	20.8065
1970 1.9817731E-08 3.2139297E-08 1.9897870E-08 1.7665958E-08 1.8113777E-08 1.5500435E-08 1.3980003E-08 1.5772004E-08 1.8816856E-08 1.3469778E-08 1.9259470E-08 2.9220118E-08 1.4908309E-08 1.9817275E-08 2.8062953E-08	286.8748 290.4097 295.8027 286.8746 291.7844 294.0286 286.4713 289.0598 288.9860 284.1947 283.9468 282.7570 279.4337 278.9596 278.2416	205.84
1971 1.7320421E-08 3.1101788E-08 1.7982297E-08 1.7908842E-08 1.8241733E-08 1.5263229E-08 1.4138625E-08 1.5663931E-08 2.0581680E-08 1.2666824E-08 2.1778996E-08 3.3175617E-08 1.5960060E-08 2.3419901E-08 3.2583447E-08	286.6673 290.5701 295.8923 286.9145 292.1048 294.0978 286.5540 289.2850 289.2433 284.2499 284.1177 283.1018 279.2621 278.8857 278.3278	7196.61
1972 2.8312387E-08 3.9760600E-08 2.5660052E-08 2.9236999E-08 2.6111007E-08 2.5034737E-08 2.0345221E-08 2.3602922E-08 3.0779002E-08 1.9190537E-08 2.8872682E-08 3.9485240E-08 2.2742904E-08 2.9466635E-08 3.5754272E-08	284.5808 288.6721 295.2882 284.3909 289.6227 293.6735 284.3401 286.9108 286.9868 282.9368 282.4523 281.1126 278.7167 277.9392 277.0713	315.119
1973 1.5208446E-08 2.6766907E-08 1.4963685E-08 1.4890237E-08 1.4321214E-08 1.3485066E-08 1.0899488E-08 1.2596216E-08 1.8319323E-08 9.9136370E-09 1.6429412E-08 2.7231520E-08 1.3106916E-08 2.0369466E-08 2.8127634E-08	287.3931 290.8685 295.8914 287.9392 292.9456 294.1053 287.9434 290.6616 290.2367 285.8067 285.7517 284.3821 281.0782 280.4952 279.5909	67.9677
1974 2.2097037E-08 3.4743451E-08 1.9878549E-08 2.1372013E-08 2.0402100E-08 1.7007636E-08 1.6153775E-08 1.8224453E-08 2.2198625E-08 1.6281263E-08 2.3057227E-08 3.0992044E-08 1.7351489E-08 2.2347274E-08 2.7486001E-08	286.2348 290.1563 296.0141 286.4405 291.6609 294.1952 286.2371 288.9796 289.0877 284.1720 284.0040 282.9834 279.6870 279.3853 278.6953	1121.11
1975 1.7833532E-08 2.7286537E-08 1.6570496E-08 1.9424938E-08 1.6990230E-08 1.3190571E-08 1.6094642E-08 1.6366721E-08 1.8125499E-08 1.3796670E-08 2.0824249E-08 2.9618009E-08 1.5885632E-08 2.2372445E-08 2.8601360E-08	286.8546 290.2397 295.8848 286.7630 291.6956 294.0853 286.1740 288.7641 288.6877 283.9320 283.5287 282.2595 279.2047 278.4013 277.5031	220.161
1976 2.3689505E-08 3.6578815E-08 2.2048180E-08 2.5528443E-08 2.1822308E-08 1.7611120E-08 1.7251814E-08 1.7375299E-08 2.2406770E-08 1.3220387E-08 2.0970409E-08 3.0618313E-08 1.6432473E-08 2.2376348E-08 2.8892718E-08	285.5092 289.1917 295.9012 285.5350 290.6210 294.1072 285.5204 288.1377 288.3861 283.6759 283.4665 282.4218 279.1402 278.6159 277.9570	886.871
1977 1.6534297E-08 2.9898775E-08 1.7694951E-08 1.4915754E-08 1.5078347E-08 1.3993612E-08 1.1573015E-08 1.2843545E-08 1.7366022E-08 1.2530486E-08 1.8829150E-08 2.9681370E-08 1.4416565E-08 2.0510592E-08 2.9872030E-08	286.7936 290.2352 295.6024 286.9953 291.9272 293.8994 286.7097 289.2701 288.9309 284.2747 283.9073 282.5424 279.1536 278.6131 277.7737	10.6232
1978 2.2954275E-08 3.5537763E-08 2.1867793E-08 2.5443995E-08 2.3287813E-08 1.7435264E-08 1.9452678E-08 2.0251390E-08 2.4105763E-08 1.8029020E-08 2.5941151E-08 3.6565066E-08 1.7922405E-08 2.4175613E-08 3.2960106E-08	286.3616 289.9520 295.9319 286.2964 291.1391 294.1343 285.6572 288.0980 288.2532 283.3611 282.9044 281.9075 278.8105 278.1292 277.3877	79.2071
1979 1.7289763E-08 2.9081441E-08 1.6846405E-08 1.9959096E-08 1.7914603E-08 1.4132780E-08 1.4243593E-08 1.6813528E-08 2.2302061E-08 1.4598178E-08 2.4595336E-08 3.5351583E-08 2.0085295E-08 2.8005525E-08 3.4438465E-08	286.3109 290.1654 295.5311 286.2738 291.3777 293.8464 285.8219 288.4531 288.4655 283.5834 283.3666 282.3328 278.5520 278.3595 277.7820	1.27581
1980 2.7236567E-08 4.0742488E-08 2.7017778E-08 2.7015695E-08 2.6780404E-08 2.3083539E-08 2.1101501E-08 2.3856073E-08 2.8792680E-08 1.7005917E-08 2.5348285E-08 3.5959317E-08 1.7621518E-08 2.5255252E-08 3.1542640E-08	285.6796 289.2986 295.6575 285.3008 290.2122 293.9382 284.7957 287.3649 287.6514 282.8423 282.7117 281.5716 278.6788 278.2289 277.4111	1602.61
1981 1.6386414E-08 2.6005811E-08 1.5514331E-08 1.9985862E-08 1.7184492E-08 1.3245949E-08 1.5861714E-08 1.7992640E-08 2.0519797E-08 1.2743240E-08 2.2431459E-08 3.2597832E-08 1.4385113E-08 2.3892435E-08 3.2903088E-08	286.8276 290.4872 295.6036 286.9498 291.9302 293.8987 286.6504 289.2118 289.1462 284.5692 284.2652 282.9973 279.9421 279.3581 278.5794	89.9387
1982 2.9760857E-08 4.5356050E-08 3.1314379E-08 3.0797541E-08 2.8097102E-08 2.6238915E-08 2.1727177E-08 2.6530534E-08 3.3514642E-08 1.9722213E-08 2.8815220E-08 3.8653436E-08 2.0940423E-08 2.6978041E-08 3.3449844E-08	284.5605 288.4706 295.5812 284.1572 289.3559 293.8903 283.9833 286.3217 286.7303 282.3549 281.8811 280.7632 278.1881 277.5760 276.6010	0.55871
1983 2.4588333E-08 3.4999349E-08 2.3672433E-08 2.6384944E-08 2.1768614E-08 1.7228347E-08 1.8295166E-08 1.9847951E-08 2.2270500E-08 1.5204444E-08 2.4431555E-08 3.6675015E-08 1.6998198E-08 2.5162013E-08 3.2079104E-08	285.2685 288.8814 295.9965 285.3589 290.4771 294.2035 285.3536 288.1461 288.3401 283.6856 283.8257 282.7552 279.4571 279.4206 279.0237	1.06903
1984 1.8899938E-08 3.2210075E-08 1.9349077E-08 1.7902019E-08 1.8756838E-08 1.5827331E-08 1.2975613E-08 1.5208183E-08 1.7012132E-08 1.1666378E-08 2.1887367E-08 3.0621560E-08 1.5517248E-08 2.4742906E-08 3.4166515E-08	287.0084 290.6673 295.8123 287.4252 292.4819 294.0541 287.2691 290.1210 290.1929 285.1969 285.2477 284.2948 280.3495 280.2020 279.7205	0
1985 2.2649974E-08 3.3302165E-08 1.7787565E-08 2.3445924E-08 2.0033822E-08 1.5466124E-08 1.9889439E-08 1.9474280E-08 2.1423530E-08 1.5262238E-08 2.3381421E-08 3.3347611E-08 1.5563256E-08 2.3448205E-08 3.1182715E-08	286.8247 290.3920 295.7925 286.6360 291.7000 294.0400 286.1931 288.8517 288.9636 284.1607 283.9293 282.8398 279.5426 279.2353 278.5386	0.311613
1986 3.1829185E-08 4.0151889E-08 2.3260192E-08 3.2582577E-08 2.6227839E-08 1.8540499E-08 2.1983400E-08 2.3497259E-08 2.5367394E-08 1.9025219E-08 2.8832277E-08 3.7640191E-08 1.9991937E-08 2.7504463E-08 3.3878301E-08	284.8479 288.9216 295.8475 284.8805 290.1501 294.0818 285.2127 287.8977 288.1716 283.9611 283.7497 282.4597 279.9229 279.6539 278.7871	0.00580645
1987 2.2666335E-08 3.3280184E-08 1.9803920E-08 2.7408165E-08 2.6105214E-08 2.2124167E-08 2.4623848E-08 2.8550721E-08 3.2986787E-08 2.2656488E-08 3.6946474E-08 4.7130008E-08 2.2481554E-08 3.2888913E-08 4.1784993E-08	285.6813 289.6851 295.5999 285.8993 291.1174 293.9336 285.7718 288.2531 288.2418 283.8303 283.4583 282.2215 279.6053 279.0329 278.2603	231.129
1988 1.6192439E-08 2.9017800E-08 1.5832734E-08 1.5263929E-08 1.5801543E-08 1.2031295E-08 1.2771528E-08 1.4001714E-08 1.7760872E-08 1.1407868E-08 1.8294035E-08 2.7985962E-08 1.3622089E-08 1.9340959E-08 2.7752117E-08	287.1068 291.0006 295.8104 287.7217 292.7861 294.0620 287.3550 290.1443 289.9634 284.9124 284.8402 283.7066 279.9421 279.5722 278.7430	8.50839
1989 2.6116771E-08 3.7618907E-08 2.4559260E-08 2.4925344E-08 2.1928592E-08 1.8451900E-08 1.7268505E-08 1.8931349E-08 2.2742606E-08 1.3905805E-08 2.1408155E-08 3.1971929E-08 1.4985307E-08 2.2891195E-08 3.2035306E-08	285.7897 289.4921 295.9096 286.0688 291.1244 294.1307 286.1701 288.8625 288.9039 284.3569 284.3245 283.2664 279.8621 279.5110 278.9235	10.2581
1990 2.6774279E-08 4.0115932E-08 2.5312362E-08 2.8205930E-08 2.4202272E-08 1.9216849E-08 2.0009038E-08 2.0331717E-08 2.5289218E-08 1.6840014E-08 2.5549230E-08 3.5339614E-08 1.7077529E-08 2.4585987E-08 3.4002952E-08	285.4662 289.2600 295.7517 285.2672 290.3709 294.0162 284.8695 287.5188 287.8844 282.8792 282.6306 281.7122 278.2190 277.6473 277.0524	1503.29
1991 2.1717728E-08 3.5334715E-08 2.1029967E-08 2.5285409E-08 2.2151356E-08 1.7797813E-08 1.8943034E-08 2.0038131E-08 2.6114325E-08 1.4840278E-08 2.2955515E-08 3.4705362E-08 1.4960444E-08 2.1696682E-08 3.0719736E-08	285.7906 289.4797 296.0565 285.6265 290.6870 294.2388 285.3046 287.8304 287.8858 283.3542 282.9716 281.7194 278.8631 278.3504 277.5936	66.1055
1992 3.6825988E-08 4.6972541E-08 3.2770501E-08 3.8100655E-08 3.4019799E-08 2.8049843E-08 2.8275064E-08 2.9642770E-08 3.4211794E-08 2.1051738E-08 2.8025749E-08 4.0698655E-08 1.9719593E-08 2.4293632E-08 3.1102484E-08	284.2843 288.4996 295.8533 284.1385 289.5076 294.0958 284.0190 286.7039 287.0236 282.5790 282.2438 280.9106 278.6925 277.9215 276.8057	367.29
1993 2.7164518E-08 4.0537611E-08 2.9035810E-08 3.0498050E-08 2.8425923E-08 2.5424834E-08 2.4268465E-08 2.7552410E-08 3.4377866E-08 1.9252468E-08 3.0180704E-08 4.1740300E-08 2.1748363E-08 3.0087019E-08 3.5556418E-08	284.5313 288.8532 295.4664 284.6483 289.9712 293.8288 284.5905 287.0155 287.0345 282.9614 282.2431 280.9478 278.7204 277.7155 276.9218	0
1994 2.6717780E-08 3.7535955E-08 2.1796492E-08 2.9767468E-08 2.5622684E-08 2.1103615E-08 2.3140645E-08 2.6778842E-08 3.0620257E-08 2.2715206E-08 3.2401996E-08 4.0512685E-08 2.3760025E-08 3.0091833E-08 3.4451293E-08	285.2129 289.1889 295.7702 284.9728 290.3217 294.0402 284.7852 287.4265 287.7986 283.0291 282.8481 281.7201 278.6762 278.2654 277.6669	4.86194
1995 2.6708861E-08 3.7511462E-08 2.0204707E-08 2.5744930E-08 2.1920735E-08 1.5019120E-08 1.5889349E-08 1.7484240E-08 2.0070376E-08 1.4264124E-08 2.1097520E-08 3.2712364E-08 1.7880277E-08 2.5173239E-08 3.4596347E-08	286.0080 289.8361 295.8759 286.0852 291.2218 294.1089 285.9327 288.6871 288.9169 283.9393 283.7807 282.8024 279.1954 278.7433 278.2965	0.01
1996 2.1963876E-08 3.1814558E-08 1.8584959E-08 2.2503057E-08 1.8542490E-08 1.5663046E-08 1.8469253E-08 1.7758847E-08 2.1220695E-08 1.5636671E-08 2.2124281E-08 3.0857713E-08 1.8195831E-08 2.2958096E-08 2.9340752E-08	285.7656 289.5165 295.8242 285.7153 290.8037 294.0681 285.5921 288.1949 288.2779 283.7658 283.4936 282.2135 279.2213 278.5775 277.6779	13.3997
1997 2.1574117E-08 3.5611485E-08 2.5384033E-08 2.4379942E-08 2.5840638E-08 2.3492463E-08 2.0237101E-08 2.3236597E-08 2.9033320E-08 1.8108476E-08 2.6850614E-08 3.7731095E-08 2.0861263E-08 2.8316546E-08 3.5479339E-08	284.7772 288.9544 295.3932 285.0234 290.1222 293.7700 285.0065 287.3070 287.3077 283.0613 282.7351 281.4814 278.8784 278.2361 277.6288	117.258
1998 1.6203506E-08 2.6763258E-08 1.2908744E-08 1.8338900E-08 1.5498511E-08 1.1530616E-08 1.6265611E-08 1.2560448E-08 1.3704941E-08 1.2789595E-08 1.7948823E-08 2.4965709E-08 1.2959613E-08 1.9051619E-08 2.6561850E-08	288.0736 291.6781 295.6685 289.1885 294.0921 293.9693 289.0301 291.7297 291.3276 286.4796 286.4057 285.1947 281.5485 280.9199 280.1107	555.516
1999 1.6431606E-08 2.5277648E-08 1.2342563E-08 1.7285318E-08 1.2262285E-08 9.4484083E-09 1.4333862E-08 1.3399735E-08 1.3505946E-08 1.1922086E-08 1.8819179E-08 2.7191899E-08 1.2618663E-08 1.8725745E-08 2.6325999E-08	287.2719 290.7727 296.0874 287.9216 292.9521 294.2546 287.8781 290.7018 290.5580 285.5824 285.8044 284.7969 280.8659 280.7474 280.2015	232.061
2000 2.4517320E-08 3.2390393E-08 2.1535879E-08 2.1957751E-08 1.7079097E-08 1.4728433E-08 1.3379825E-08 1.4924943E-08 2.0389006E-08 9.9947570E-09 1.7993123E-08 2.8456160E-08 1.3203851E-08 1.9592409E-08 2.6502075E-08	285.4291 289.5408 296.3057 286.2517 291.5037 294.4148 286.8314 289.4432 289.2873 285.2393 284.8444 283.3551 280.6938 279.9528 278.9776	0
2001 1.9641666E-08 2.8144422E-08 1.6094836E-08 1.9520275E-08 1.6098980E-08 1.3092242E-08 1.5025057E-08 1.4541556E-08 1.6804265E-08 1.3083331E-08 1.9934443E-08 2.9709053E-08 1.4410940E-08 2.0985107E-08 2.8647955E-08	286.6512 290.2877 296.1716 287.0692 292.0670 294.3243 286.9980 289.5648 289.4465 285.0140 284.7024 283.4609 280.5569 279.8270 278.9415	14.1935
2002 2.7925381E-08 3.7307061E-08 2.1110100E-08 3.0920820E-08 2.4074224E-08 1.9040780E-08 2.3787409E-08 2.2979030E-08 2.6878057E-08 1.9167102E-08 2.8344711E-08 3.6525719E-08 1.8176483E-08 2.4252744E-08 3.1350346E-08	285.3665 289.4611 296.0967 285.4581 290.9500 294.2702 285.6483 288.5432 288.8817 284.2687 284.2391 283.0744 280.1410 279.9099 279.0315	137.161
2003 2.1287308E-08 2.9771376E-08 1.7757548E-08 2.2301382E-08 1.7147762E-08 1.2824893E-08 1.5909359E-08 1.6833242E-08 2.0482775E-08 1.3861231E-08 2.1289582E-08 3.0173599E-08 1.5921469E-08 2.1042995E-08 2.7312927E-08	285.9130 289.5068 296.1938 285.8610 290.8864 294.3483 285.7125 288.0928 288.1963 283.8514 283.2595 281.8757 279.3350 278.5437 277.5438	11.7923
2004 3.5431480E-08 4.5773074E-08 2.9781910E-08 3.3413716E-08 3.0711163E-08 2.4934343E-08 2.3646821E-08 2.4819704E-08 2.9667898E-08 1.8504830E-08 2.6586241E-08 3.5731961E-08 1.9635186E-08 2.5628930E-08 3.3194915E-08	284.8548 288.9652 295.7585 285.0946 290.4496 294.0035 285.0931 287.8409 288.0940 283.3656 283.2747 282.2650 279.0369 278.8059 278.2128	283.742
2005 2.8420178E-08 3.6544638E-08 2.3927388E-08 2.7734075E-08 2.2922533E-08 1.9812703E-08 2.1002059E-08 2.0635467E-08 2.4374796E-08 1.8417238E-08 2.6412776E-08 3.5471050E-08 2.0093978E-08 2.6235950E-08 3.2795686E-08	285.8794 289.9307 295.7281 286.0376 291.3372 293.9988 285.9490 288.4823 288.5847 284.2432 283.6465 282.3575 279.9437 278.8553 277.8437	11.1248
2006 2.4994115E-08 3.6663852E-08 2.1034385E-08 2.4480450E-08 2.0829182E-08 1.6869910E-08 1.6984297E-08 1.8617373E-08 2.4807294E-08 1.5032382E-08 2.3860137E-08 3.6837889E-08 1.6722653E-08 2.3351715E-08 3.3167765E-08	285.8760 289.7957 295.9921 286.0626 291.2247 294.2156 286.0390 288.6518 288.9265 284.3659 284.1092 283.0615 280.1192 279.5009 278.8142	0
2007 2.2376950E-08 3.3160898E-08 1.9944466E-08 2.3945644E-08 1.8365105E-08 1.4411508E-08 1.4495494E-08 1.3610934E-08 1.6428313E-08 7.9555855E-09 1.2702595E-08 2.3270585E-08 1.0290807E-08 1.5162863E-08 2.2147074E-08	286.6141 289.9349 296.1032 286.4871 291.5245 294.2825 286.3665 289.1620 289.2599 284.5785 284.5575 283.3026 280.0345 279.6739 278.7801	2816.77
2008 1.5980824E-08 2.6999032E-08 1.3938431E-08 1.9033479E-08 1.9128189E-08 1.3439397E-08 1.5774148E-08 1.5987993E-08 1.7619513E-08 1.2002030E-08 1.9464832E-08 2.7045484E-08 1.2063376E-08 1.9258428E-08 2.8746181E-08	287.7701 291.0447 295.5426 288.1654 292.7975 293.8399 287.8957 290.3628 290.1690 285.5925 285.4286 284.2882 280.8768 280.4406 279.7486	19.3652
2009 2.0312605E-08 3.0504900E-08 1.9439506E-08 2.2107979E-08 1.9062391E-08 1.7051470E-08 1.8546825E-08 2.0788077E-08 2.7837569E-08 1.9063297E-08 3.0127524E-08 3.9837637E-08 2.3288925E-08 3.1929289E-08 3.8092672E-08	285.7585 289.6596 295.7180 285.8864 291.0547 294.0032 285.7390 288.1108 287.8775 283.8536 283.2543 281.8502 279.2320 278.4165 277.5234	0
2010 1.7247727E-08 2.8479784E-08 1.6165998E-08 1.7526272E-08 1.7358168E-08 1.3759284E-08 1.3122272E-08 1.2923932E-08 1.6080106E-08 9.7719965E-09 1.5779460E-08 2.4564466E-08 1.1387949E-08 1.5151770E-08 2.0967295E-08	287.4239 291.2644 296.5152 288.2495 293.4186 294.5786 288.1752 291.0217 290.8336 285.8988 285.8859 284.6770 281.0754 280.7666 280.0506	13.6452
2011 1.6180302E-08 3.0906033E-08 1.5898388E-08 2.0110429E-08 2.0188667E-08 1.5509558E-08 1.5750704E-08 1.7994301E-08 2.1667582E-08 1.2434928E-08 2.1676867E-08 3.3922952E-08 1.4354868E-08 2.4047996E-08 3.4339976E-08	287.9974 291.3975 295.8045 287.9108 292.9127 294.0375 287.3842 289.9745 289.8931 285.0602 284.6441 283.5286 280.1859 279.2929 278.6411	0
2012 2.0597396E-08 3.5994073E-08 2.0457477E-08 2.4403581E-08 2.5359350E-08 2.0886727E-08 2.0669168E-08 2.4688235E-08 2.6464328E-08 1.8155736E-08 3.0241868E-08 4.3068514E-08 1.8871775E-08 2.9797452E-08 4.2490253E-08	287.0327 290.7319 295.3715 287.1607 292.0727 293.7203 286.7065 289.2347 289.4590 284.4550 284.1971 283.3612 279.8649 279.3927 278.9047	0
2013 1.9856422E-08 3.0480010E-08 1.9134154E-08 2.0764677E-08 1.7260005E-08 1.5359166E-08 1.3971616E-08 1.3682919E-08 1.6473503E-08 1.2828876E-08 1.8847471E-08 2.5353776E-08 1.4073200E-08 2.1055605E-08 2.6578158E-08	286.7623 290.2872 295.7890 286.9243 291.7127 294.0214 286.7146 289.2448 289.3080 284.6988 284.4785 283.3551 280.1729 279.6562 278.9803	1.11871
2014 3.0712801E-08 3.9434948E-08 2.5162720E-08 2.9706010E-08 2.8240255E-08 2.3261800E-08 2.2561718E-08 2.7848822E-08 3.3372924E-08 2.1630756E-08 3.4202291E-08 4.5095067E-08 2.3733314E-08 3.2380342E-08 3.8998177E-08	284.9175 289.0152 295.5031 284.8225 290.2703 293.8226 284.8535 287.4624 287.6331 283.3726 282.9347 281.7727 279.3080 278.7096 277.8830	0.0135484
2015 1.8686029E-08 2.9863092E-08 2.2458321E-08 2.0166903E-08 2.2743652E-08 2.2732497E-08 1.6804963E-08 2.4102102E-08 3.3326138E-08 1.7645963E-08 3.2240610E-08 4.5082952E-08 2.3002681E-08 3.4124795E-08 4.1764839E-08  285.2830 289.5781 295.2543 285.2651 290.3606 293.6587 284.8346 286.9075 286.6175 282.6903 281.9925 280.5837 278.4169 277.4613 276.6288  0.0606452
