STN,prec_1,prec_2,prec_3,prec_4,prec_5,prec_6,prec_7,prec_8,prec_9,prec_10,prec_11,prec_12,prec_13,prec_14,prec_15,st_1,st_2,st_3,st_4,st_5,st_6,st_7,st_8,st_9,st_10,st_11,st_12,st_13,st_14,st_15,08.0
LAT,23.72017,23.72017,23.72017,26.51077,26.51077,26.51077,29.30136,29.30136,29.30136,32.09194,32.09194,32.09194,34.88252,34.88252,34.88252,23.72017,23.72017,23.72017,26.51077,26.51077,26.51077,29.30136,29.30136,29.30136,32.09194,32.09194,32.09194,34.88252,34.88252,34.88252,28.30888906
LON,-101.2500,-98.43750,-95.62500,-101.2500,-98.43750,-95.62500,-101.2500,-98.43750,-95.62500,-101.2500,-98.43750,-95.62500,-101.2500,-98.43750,-95.62500,-101.2500,-98.43750,-95.62500,-101.2500,-98.43750,-95.62500,-101.2500,-98.43750,-95.62500,-101.2500,-98.43750,-95.62500,-101.2500,-98.43750,-95.62500,-98.5572384
1958 2.5730962E-08 2.4590690E-08 3.3225085E-08 2.0022485E-08 1.3245307E-08 2.3573030E-08 1.0077950E-08 9.8570228E-09 3.1826087E-08 7.5232336E-09 1.1256789E-08 2.4774192E-08 1.6122774E-08 1.7265798E-08 2.0255698E-08	294.2572 299.4668 302.4784 298.8715 305.7955 301.9180 303.0203 306.2303 304.2804 304.4004 305.3629 303.8151 302.3596 303.8249 303.6088	2.15806
1959 2.9656464E-08 2.7652954E-08 4.4796007E-08 2.2921297E-08 1.3010230E-08 3.2233089E-08 1.2958786E-08 8.5534504E-09 3.0722727E-08 1.0529881E-08 1.2834384E-08 2.5664107E-08 1.7157136E-08 2.0775181E-08 2.2147731E-08	293.9592 299.2823 302.6355 298.4467 305.7296 302.0952 302.6688 306.3939 304.2735 303.9167 305.1430 303.4172 301.6718 303.1880 302.9631	128.097
1960 2.5816894E-08 2.1666828E-08 2.8339981E-08 1.4665196E-08 1.0306879E-08 2.0684466E-08 8.0588034E-09 6.0557732E-09 2.7610950E-08 8.0832541E-09 1.0623854E-08 2.5142565E-08 1.5867345E-08 1.7398492E-08 1.9119341E-08	295.2248 300.2636 302.5080 299.6685 306.7657 302.1138 303.8064 307.2553 304.7171 305.0694 305.9461 303.4972 302.6318 304.0000 303.2274	392.235
1961 3.2406266E-08 1.9765810E-08 2.5740679E-08 2.4225100E-08 1.1192395E-08 2.4816087E-08 9.8414237E-09 8.1288158E-09 3.2168003E-08 6.5810140E-09 1.1299777E-08 2.4495852E-08 1.3379403E-08 1.6532583E-08 1.8530105E-08	294.3192 300.0172 302.4153 298.6848 306.2227 301.9792 302.9368 306.6696 304.1976 304.5602 305.5026 303.4834 302.4910 303.8948 303.3953	456.935
1962 2.7421164E-08 2.1413801E-08 3.0468353E-08 2.0205391E-08 9.6564579E-09 2.3336581E-08 1.0791939E-08 8.0312139E-09 3.3084088E-08 8.8659640E-09 1.1118336E-08 2.6552797E-08 1.3530062E-08 1.5070512E-08 1.9245089E-08	295.1984 300.4649 302.5238 299.4965 306.7813 302.1685 303.5232 307.0611 304.5112 304.8334 305.8103 303.5542 302.6593 304.3335 303.6646	0
1963 2.9579569E-08 2.1930092E-08 2.9648820E-08 2.0277946E-08 1.1740911E-08 2.5893947E-08 1.0646811E-08 8.6016323E-09 3.1693101E-08 7.6158448E-09 1.1281307E-08 2.4425757E-08 1.1617704E-08 1.5138609E-08 1.8895701E-08	294.6293 300.0695 302.4497 299.2136 306.3670 302.1058 303.3550 306.8727 304.3586 304.9062 305.8451 303.7957 302.9742 304.3539 303.7220	0
1964 2.4632671E-08 2.1044848E-08 3.4048231E-08 1.7437555E-08 9.6296233E-09 2.4315494E-08 9.2267962E-09 7.8009643E-09 2.7738894E-08 7.0275408E-09 1.1065643E-08 2.4101141E-08 1.2898523E-08 1.6190109E-08 2.0409754E-08	294.4846 299.6929 302.4025 298.8510 305.8939 302.0782 302.9618 306.3535 304.1595 304.3359 305.1746 303.0620 302.0414 303.3572 302.6132	202.506
1965 2.7915762E-08 2.4478652E-08 3.1473981E-08 1.8148253E-08 1.3010720E-08 2.8671787E-08 7.8749665E-09 7.3633917E-09 2.8724271E-08 5.2820552E-09 8.6945748E-09 1.8713447E-08 1.0039452E-08 1.1435839E-08 1.3888524E-08	294.2316 299.1879 301.9738 298.7432 305.4747 301.6659 303.0430 306.3621 304.0007 304.4736 305.4318 303.6188 302.4558 304.0774 303.5873	1.2871
1966 3.3505419E-08 2.6743262E-08 3.6333383E-08 2.2994941E-08 1.1163407E-08 2.5254689E-08 1.2768791E-08 7.5021660E-09 2.8305486E-08 9.2833590E-09 1.1857307E-08 2.5268108E-08 1.4183516E-08 1.8522837E-08 2.4131202E-08	294.2009 299.4896 302.3348 298.5595 305.8567 301.9039 302.5898 306.3295 303.9893 303.8679 305.0132 302.8897 301.8520 303.2306 302.3492	146.677
1967 3.0047008E-08 2.3923079E-08 3.5007780E-08 2.1290498E-08 1.0804538E-08 3.1701621E-08 1.2745489E-08 9.1017220E-09 3.3752627E-08 9.9219593E-09 1.3273489E-08 2.7688616E-08 1.6187942E-08 1.9395785E-08 2.0322833E-08	293.9448 299.4735 302.4213 298.4760 305.7082 302.0845 302.6254 306.1260 303.5499 303.9984 304.8812 302.5717 301.6159 303.0414 302.4438	425.249
1968 2.8365925E-08 1.9414614E-08 2.2561787E-08 2.1178932E-08 9.7695434E-09 1.8390164E-08 1.2885965E-08 6.7068648E-09 3.2286366E-08 9.0419565E-09 1.1343364E-08 2.9143898E-08 1.4284629E-08 1.6918396E-08 2.3745232E-08	294.5757 300.0721 302.1878 299.0072 306.3207 301.8082 303.0523 306.5706 304.0974 304.3197 305.2358 302.9593 301.9391 303.3479 302.5537	0.252258
1969 2.1856325E-08 1.5886478E-08 2.5863679E-08 1.7797902E-08 1.0416075E-08 2.4176627E-08 1.1987036E-08 8.8986019E-09 3.7187846E-08 9.1077963E-09 1.3546777E-08 3.0698814E-08 1.4746798E-08 1.5599809E-08 2.1183160E-08	295.4300 300.5158 302.6266 299.6792 306.7478 302.1644 303.4401 306.8253 304.0018 304.6432 305.4355 303.0349 302.5265 303.8702 302.9779	20.8065
1970 2.9768062E-08 2.3926178E-08 3.7637243E-08 2.3427688E-08 1.3443710E-08 2.8869652E-08 1.3879517E-08 8.4347880E-09 3.3651784E-08 1.1066567E-08 1.4569585E-08 2.7273224E-08 1.5071889E-08 1.7948349E-08 2.1675026E-08	294.3281 299.5361 302.0755 298.5933 305.6839 301.7031 302.5826 306.1338 303.6046 303.9819 304.7756 302.9011 302.0676 303.3944 302.6749	205.84
1971 2.3784308E-08 1.6295601E-08 2.7213320E-08 1.7506135E-08 8.5363441E-09 2.6904363E-08 1.1126201E-08 8.2773886E-09 3.3022950E-08 8.9701286E-09 1.2174610E-08 3.0171798E-08 1.2169926E-08 1.4656406E-08 1.8546457E-08	294.5358 299.8763 302.1282 298.8855 306.0639 301.7808 303.0014 306.3936 303.9157 304.4227 305.1685 302.7902 302.1895 303.6305 302.7911	7196.61
1972 1.9937364E-08 1.7974077E-08 3.3718543E-08 1.4339274E-08 9.4180548E-09 2.5283530E-08 8.1740765E-09 8.1557259E-09 2.6601050E-08 6.5886887E-09 8.9036325E-09 2.0376573E-08 1.2742784E-08 1.5578765E-08 1.7245762E-08	294.7593 299.5033 302.1042 299.0678 305.7886 301.6882 302.9907 306.2344 304.1708 304.0977 305.1184 303.2237 301.8352 303.2206 302.7621	315.119
1973 2.4419975E-08 1.8780840E-08 3.2943461E-08 1.8845149E-08 9.9526405E-09 2.5659823E-08 1.2516255E-08 7.5562516E-09 3.2371023E-08 9.9719069E-09 1.4335725E-08 2.9161288E-08 1.6898666E-08 2.0654621E-08 2.5097338E-08	294.7647 299.8927 302.3693 299.0959 306.2108 301.9347 303.1256 306.7081 304.0572 304.3263 305.2254 302.8306 302.0883 303.4002 302.5333	67.9677
1974 2.7764715E-08 1.9390596E-08 2.8461535E-08 1.6639518E-08 8.2323126E-09 1.9685194E-08 1.1363243E-08 5.4184430E-09 2.3061521E-08 9.9359951E-09 9.6271018E-09 2.1689349E-08 1.5825119E-08 1.8405970E-08 1.9148288E-08	294.3127 299.5286 302.0724 298.8732 305.9138 301.7258 302.9135 306.4119 304.4620 304.0664 305.1883 303.5155 301.4761 303.1718 302.8668	1121.11
1975 2.3966280E-08 1.7483510E-08 2.4097943E-08 1.6773496E-08 8.9589358E-09 1.8061755E-08 1.0793419E-08 8.6532186E-09 3.4109178E-08 7.5196596E-09 1.3039850E-08 3.0665124E-08 1.4219067E-08 1.7162822E-08 2.0009455E-08	294.8413 300.0220 302.2488 299.1380 306.2914 301.8911 303.0620 306.5250 304.0020 304.3760 305.0849 302.5568 301.9596 303.3428 302.5898	220.161
1976 2.7553337E-08 2.3554536E-08 3.7344861E-08 1.6690310E-08 1.2186744E-08 2.8227538E-08 8.9846433E-09 7.7103017E-09 2.5234154E-08 7.3186892E-09 8.1887821E-09 2.2295133E-08 1.4254234E-08 1.5174239E-08 1.7840163E-08	293.9659 299.0090 302.1105 298.5916 305.5167 301.7979 302.7834 306.3254 304.3082 304.1671 305.3906 303.7186 301.8903 303.7108 303.4872	886.871
1977 2.8826422E-08 2.2554495E-08 3.0195327E-08 1.9609173E-08 1.0307243E-08 2.8583763E-08 1.0602690E-08 7.9543447E-09 3.5657685E-08 8.9174446E-09 1.2503000E-08 3.0145440E-08 1.4543805E-08 1.8760110E-08 2.1890074E-08	294.6678 299.9646 302.4153 299.1663 306.3840 302.0343 303.2742 306.6796 303.9663 304.3368 305.1812 302.8085 301.9218 303.2506 302.4930	10.6232
1978 2.5211907E-08 1.4198195E-08 2.2448763E-08 1.5554242E-08 5.2818416E-09 1.6611642E-08 8.0986036E-09 4.5247854E-09 3.1611474E-08 8.2658191E-09 1.1272694E-08 2.8238698E-08 1.4389081E-08 1.9569560E-08 2.4791692E-08	294.9243 300.4466 302.4300 299.4875 306.9821 301.9687 303.5851 307.1951 304.6102 304.5597 305.4629 303.4399 302.1341 303.5027 302.9996	79.2071
1979 3.1344722E-08 2.0059231E-08 2.5966223E-08 1.9748859E-08 9.6119939E-09 1.9499300E-08 1.1578449E-08 6.7979022E-09 2.4182508E-08 7.3628192E-09 1.0733941E-08 2.0842787E-08 1.3295840E-08 1.5652480E-08 1.7055406E-08	294.4882 299.9333 302.3788 299.1770 306.2772 301.9549 303.2750 306.6573 304.1216 304.5029 305.2962 303.2502 302.2632 303.5789 303.1498	1.27581
1980 2.8518626E-08 2.1407930E-08 3.1014878E-08 1.8697852E-08 9.6265644E-09 2.3805603E-08 9.4180779E-09 7.0653683E-09 3.1007310E-08 6.8975345E-09 1.0289516E-08 2.5557862E-08 1.2597921E-08 1.5061563E-08 1.8083336E-08	294.7305 300.0146 302.7345 299.2610 306.4418 302.2494 303.2566 306.7517 304.3007 304.4464 305.4724 303.5935 302.4632 304.0834 303.6544	1602.61
1981 3.3464314E-08 2.0054287E-08 2.6466603E-08 2.2779769E-08 1.0775568E-08 2.1421934E-08 1.1425616E-08 6.7992070E-09 3.1988247E-08 8.9125711E-09 9.9134843E-09 2.8457709E-08 1.4019780E-08 1.6641103E-08 2.0138529E-08	294.5053 300.2375 302.3691 299.0418 306.5031 301.9529 303.3215 306.9938 304.5016 304.6460 305.6046 303.2935 302.3043 303.7768 303.0703	89.9387
1982 3.1820715E-08 1.9655223E-08 2.2865096E-08 2.2832904E-08 1.0169839E-08 1.8808620E-08 1.4291953E-08 6.7732064E-09 2.5979146E-08 8.9050038E-09 1.0134680E-08 2.4101411E-08 1.4219575E-08 1.5639996E-08 1.9261588E-08	294.2334 299.8001 302.3437 298.9771 306.4206 302.0356 302.9828 306.7250 304.4452 304.2489 305.4180 303.5346 301.9684 303.7256 303.4195	0.55871
1983 2.5569674E-08 2.4100231E-08 3.5972548E-08 1.6594743E-08 1.0632824E-08 3.1697418E-08 8.1830764E-09 9.3253449E-09 3.5504527E-08 6.7314954E-09 9.3947774E-09 2.4304834E-08 1.2144160E-08 1.1290990E-08 1.5763721E-08	295.2412 299.9002 302.4677 299.5887 306.1098 302.0246 303.3680 306.4644 303.7750 304.5157 305.5050 303.6215 302.6170 304.2892 303.6817	1.06903
1984 2.5889220E-08 1.6487785E-08 2.3811124E-08 1.9150315E-08 9.1759222E-09 2.0949191E-08 8.4176737E-09 6.9396506E-09 2.4836668E-08 8.6298613E-09 1.1533611E-08 2.0803016E-08 1.4434486E-08 1.8668921E-08 1.8626217E-08	294.2236 299.6150 301.9303 298.9045 305.9321 301.7950 303.1779 306.5262 304.2528 304.3539 305.2467 303.4356 301.8919 303.4701 303.2499	0
1985 2.6923306E-08 1.9363371E-08 2.3929077E-08 2.0890109E-08 1.1176946E-08 2.0670083E-08 1.2873970E-08 8.0401970E-09 2.4618235E-08 9.9490149E-09 1.3668607E-08 2.6502187E-08 1.6734646E-08 1.8821954E-08 2.1188834E-08	294.2403 299.6792 301.9026 298.3967 305.7503 301.6461 302.3687 306.1632 304.2333 303.5854 304.6852 302.9206 301.1775 302.6380 302.2050	0.311613
1986 1.8593406E-08 1.2698228E-08 1.9219279E-08 1.1177732E-08 5.3613327E-09 1.8590283E-08 7.0916610E-09 4.9392992E-09 2.6352103E-08 6.4720740E-09 8.7522976E-09 2.0571845E-08 1.2823608E-08 1.4493004E-08 1.7385890E-08	295.0816 300.0214 302.1936 299.5305 306.4589 301.8810 303.5154 306.7845 304.3004 304.4420 305.4449 303.4474 302.0348 303.6508 303.1420	0.00580645
1987 2.5804869E-08 1.7770995E-08 2.2262105E-08 1.4994955E-08 6.9357031E-09 2.0590321E-08 9.3332666E-09 5.1725131E-09 3.0395906E-08 6.9973183E-09 1.1093985E-08 2.7673266E-08 1.3593996E-08 1.6807837E-08 2.1810314E-08	294.9031 300.0363 302.4730 299.6467 306.5177 302.2065 303.5626 306.8366 304.0724 304.5302 305.3923 303.1369 302.3412 303.7367 302.9875	231.129
1988 2.6515483E-08 2.0854836E-08 3.4277079E-08 1.8063796E-08 1.2198901E-08 2.7660056E-08 1.2034453E-08 1.0997194E-08 3.4035587E-08 8.6225462E-09 1.3520632E-08 2.5424320E-08 1.4034105E-08 1.7980334E-08 2.0354314E-08	294.1955 299.5659 302.1344 298.8138 305.8093 301.8897 302.9353 306.2812 303.9021 304.3076 305.1461 303.3460 302.2571 303.8194 303.5264	8.50839
1989 2.9638000E-08 2.1988926E-08 2.7962908E-08 2.1779867E-08 1.0541855E-08 2.2173507E-08 1.1348701E-08 5.2635869E-09 2.8177375E-08 7.6045978E-09 1.0595376E-08 2.4766869E-08 1.2985995E-08 1.6966588E-08 1.8959893E-08	294.0528 299.5440 302.2135 298.8130 306.0187 301.8073 303.0395 306.7145 304.3645 304.3943 305.3069 303.2841 302.2488 303.7508 303.3940	10.2581
1990 2.2527804E-08 1.6276898E-08 2.4878789E-08 1.8052571E-08 8.0111047E-09 2.2881220E-08 1.2758649E-08 7.1155410E-09 2.5589111E-08 1.2713520E-08 1.3848604E-08 2.3993300E-08 1.8758987E-08 2.0231148E-08 2.1776941E-08	294.9581 300.0152 302.3124 299.1322 306.2974 302.0163 302.9405 306.5670 304.2803 303.9677 304.9990 303.2387 301.7777 303.3378 302.9669	1503.29
1991 2.3766360E-08 1.1435553E-08 1.5709306E-08 1.6622522E-08 5.4673013E-09 1.4564968E-08 1.0799416E-08 3.4691596E-09 2.0840433E-08 9.0855767E-09 9.1126600E-09 2.0547620E-08 1.8375962E-08 1.8824917E-08 2.0335440E-08	294.8985 300.2879 302.2294 299.5971 306.8073 302.2021 303.6618 307.2137 304.6367 304.4010 305.5617 303.5884 301.7268 303.3016 302.8070	66.1055
1992 2.3000970E-08 1.5742410E-08 2.1962128E-08 1.6358189E-08 6.6042247E-09 1.9719115E-08 1.0275730E-08 4.9813029E-09 2.4981425E-08 9.7965813E-09 1.0274722E-08 2.1743659E-08 1.6103574E-08 1.7562925E-08 1.9758584E-08	294.3135 299.4294 302.2178 298.9785 306.1014 301.9286 302.7575 306.3821 303.6429 303.4404 304.7533 302.5604 301.0934 302.7631 301.9161	367.29
1993 2.9421008E-08 2.1285409E-08 2.6022931E-08 2.1437534E-08 9.8956026E-09 2.5044159E-08 1.1720201E-08 7.0827251E-09 2.9709998E-08 7.3747586E-09 1.0276305E-08 2.6757993E-08 1.4325168E-08 1.8429381E-08 2.2399396E-08	294.3588 299.5154 302.0552 298.8349 305.9340 301.8543 302.8871 306.4024 304.0068 304.0761 305.1789 303.2449 301.8025 303.3230 302.8373	0
1994 2.9102722E-08 2.2234126E-08 2.7138119E-08 2.2100027E-08 1.1036357E-08 2.4632756E-08 1.2174526E-08 8.2610034E-09 3.1504221E-08 1.1785188E-08 1.3572294E-08 2.8855892E-08 1.6757156E-08 1.9437245E-08 2.1928285E-08	294.0865 299.2116 302.3159 298.5601 305.5569 301.8624 302.4875 305.9130 303.2713 303.3451 304.3105 302.1182 301.2061 302.4868 301.8200	4.86194
1995 2.9548216E-08 2.1138188E-08 2.5884031E-08 1.6675378E-08 7.5748652E-09 1.8945041E-08 9.7213935E-09 4.6810991E-09 2.5426651E-08 9.0865750E-09 1.1327653E-08 2.3597286E-08 1.5360754E-08 1.6932413E-08 1.8967604E-08	294.3934 299.8636 302.5765 299.1770 306.5406 302.2156 303.2457 306.9617 304.4025 304.2124 305.3925 303.6085 302.0681 303.8128 303.3917	0.01
1996 2.6970547E-08 1.7776227E-08 2.4706575E-08 1.6443797E-08 7.6208906E-09 2.3568289E-08 8.2507015E-09 5.5590603E-09 3.0846881E-08 7.3546942E-09 9.9099573E-09 2.4331953E-08 1.3462865E-08 1.5001191E-08 1.8351241E-08	294.9780 300.5497 302.4777 299.7206 306.8500 302.1072 303.7079 306.9713 304.0171 304.7809 305.5160 303.0685 302.2115 303.8426 303.2296	13.3997
1997 2.4633655E-08 1.3488689E-08 1.9269192E-08 1.5894960E-08 6.5507368E-09 1.5909444E-08 1.1518012E-08 5.8615690E-09 2.3510507E-08 9.8378239E-09 1.1468454E-08 2.3261046E-08 1.8421877E-08 2.0174552E-08 2.4294303E-08	295.2483 300.5899 302.6083 299.7839 307.0468 302.2433 303.6658 307.4134 305.1266 304.6668 305.9550 304.1825 302.1146 303.8934 303.5413	117.258
1998 3.3751650E-08 2.6135407E-08 3.9273903E-08 2.0582815E-08 1.3980615E-08 2.7964022E-08 9.2439194E-09 7.0079671E-09 3.3137493E-08 7.4573325E-09 1.0158644E-08 2.3728649E-08 1.5733049E-08 1.5814480E-08 1.6871780E-08	295.0034 300.1138 302.6798 299.5727 306.5994 302.2291 303.8977 307.3894 304.7424 305.1867 306.2958 304.3587 302.9010 304.5250 304.1650	555.516
1999 2.9110730E-08 1.8006986E-08 2.4425431E-08 1.9190185E-08 8.2524458E-09 2.2459854E-08 1.1590666E-08 5.7978373E-09 3.1583326E-08 1.0489067E-08 1.1962313E-08 2.9537581E-08 1.5540012E-08 1.9405681E-08 2.5022796E-08	294.5603 300.0793 302.2562 298.9823 306.4030 302.0128 303.0739 306.8429 304.5189 304.3878 305.3973 303.3522 302.2614 303.7324 303.1650	232.061
2000 2.4364867E-08 1.5538005E-08 2.5679828E-08 1.5863561E-08 8.0679410E-09 1.7818021E-08 1.0174054E-08 6.6431824E-09 2.5679540E-08 7.8277083E-09 1.1742165E-08 2.5179501E-08 1.2822596E-08 1.5974997E-08 2.2845594E-08	294.9730 300.1536 302.3731 299.4813 306.5158 301.9591 303.6410 306.9647 304.6700 304.9474 305.7520 303.9242 302.4833 304.0717 303.6263	0
2001 2.9830680E-08 2.0977174E-08 1.9337540E-08 2.0898925E-08 8.4957641E-09 1.9335879E-08 1.1450549E-08 6.1378200E-09 3.1480837E-08 8.3319733E-09 9.7702006E-09 2.6597688E-08 1.4725905E-08 1.7776742E-08 2.1596351E-08	294.6990 300.0966 302.4077 299.4005 306.6336 302.0564 303.5408 306.9886 304.0076 304.6078 305.5358 302.9581 302.1405 303.6814 303.1283	14.1935
2002 2.7629101E-08 1.9392989E-08 2.3779190E-08 1.5473718E-08 8.4962801E-09 2.1866537E-08 8.6335570E-09 5.2026361E-09 3.1583241E-08 6.7193020E-09 8.6614849E-09 2.7513815E-08 1.3373597E-08 1.5354651E-08 2.0823341E-08	294.6997 299.8974 302.3605 299.5760 306.3956 302.0234 303.6989 306.9282 304.0294 304.8299 305.7337 303.2852 302.7479 304.3710 303.6446	137.161
2003 2.7863468E-08 2.1985347E-08 3.5323286E-08 1.7202479E-08 9.8596633E-09 2.6018775E-08 8.9180991E-09 7.7351654E-09 3.0177699E-08 6.1405059E-09 1.1024151E-08 2.3768216E-08 1.1246500E-08 1.5449459E-08 1.8296038E-08	294.7090 299.7347 302.6590 299.3893 306.2986 302.2524 303.5549 306.8980 304.4399 305.0079 305.8560 304.0352 303.2097 304.7198 304.2749	11.7923
2004 3.0403832E-08 2.0829583E-08 2.1441616E-08 2.0389978E-08 1.0997914E-08 1.9202405E-08 9.5624317E-09 7.6253990E-09 3.1903046E-08 7.5126243E-09 1.0581551E-08 2.5603814E-08 1.4416787E-08 1.6382044E-08 2.1098446E-08	294.7160 300.2040 302.7138 299.4102 306.6198 302.2945 303.6193 306.9993 304.2204 304.7636 305.6956 303.4681 302.2647 303.7693 303.1105	283.742
2005 3.5229842E-08 1.9944665E-08 2.7328259E-08 2.4449255E-08 1.1794453E-08 2.6987154E-08 1.2451924E-08 9.9840882E-09 3.9244238E-08 8.8353804E-09 1.0835032E-08 2.6250058E-08 1.5660824E-08 1.6280209E-08 2.0540027E-08	294.6895 300.4758 302.6931 299.3710 306.7107 302.4221 303.3946 306.8135 303.8591 304.7076 305.3698 303.0513 302.6607 303.9116 303.2836	11.1248
2006 2.8229909E-08 2.4999627E-08 4.2319371E-08 2.2610143E-08 1.5495086E-08 3.3642056E-08 1.3874186E-08 1.2851058E-08 3.7733376E-08 9.5516297E-09 1.6149466E-08 2.7482267E-08 1.4266872E-08 1.8008310E-08 2.2372035E-08	294.8181 299.8257 302.6174 298.9940 305.9834 302.2416 302.9024 306.2754 303.8067 304.4375 305.1919 303.2676 302.5309 303.9303 303.2534	0
2007 2.8023587E-08 2.5591929E-08 3.5939451E-08 2.1353932E-08 1.3401796E-08 2.7595986E-08 1.1276508E-08 7.2367321E-09 3.3043278E-08 6.5603207E-09 1.1684588E-08 2.6430707E-08 1.2311891E-08 1.7271807E-08 1.8945322E-08	295.0932 300.0377 302.4287 299.3979 306.2040 301.9417 303.4955 306.9135 304.2245 305.0083 305.9166 303.7855 302.9897 304.4663 303.9960	2816.77
2008 2.5731484E-08 1.3562787E-08 1.7244941E-08 1.5670306E-08 5.9959269E-09 1.5198493E-08 7.9418028E-09 4.0750510E-09 2.9372549E-08 7.4071136E-09 8.1189384E-09 2.3341711E-08 1.2791875E-08 1.5506570E-08 1.8785196E-08	295.1402 300.4842 302.0118 299.6644 306.7935 301.6970 303.8007 307.1615 304.6566 304.9715 305.7538 303.5719 302.6039 303.9394 303.4459	19.3652
2009 2.7968234E-08 2.3681043E-08 3.3129787E-08 2.2222805E-08 1.3923914E-08 2.8283539E-08 1.0960980E-08 9.4781445E-09 3.3358571E-08 7.6774525E-09 1.0658268E-08 2.7026514E-08 1.2972256E-08 1.6763417E-08 2.0982068E-08	294.9792 299.9621 302.7193 299.3765 306.1954 302.2541 303.5665 306.8050 304.2338 305.1067 305.8439 303.3943 303.0414 304.2532 303.3664	0
2010 2.7420183E-08 1.6407695E-08 2.2849715E-08 2.0351678E-08 8.7068148E-09 1.9570868E-08 1.0191859E-08 6.4475327E-09 2.8928739E-08 6.1737850E-09 8.0072828E-09 2.0418089E-08 1.3378318E-08 1.4827883E-08 1.7346045E-08	295.7022 300.9070 302.5034 300.1742 307.2201 302.3339 304.4188 307.7148 305.1576 305.7007 306.7318 304.6457 303.2290 304.8478 304.3726	13.6452
2011 2.5074543E-08 2.0420234E-08 2.2322903E-08 1.4141659E-08 9.5688675E-09 1.8642444E-08 7.0579720E-09 5.8765126E-09 2.7207401E-08 4.9306430E-09 6.7291412E-09 1.9408047E-08 1.0231532E-08 1.0896572E-08 1.4034655E-08	295.4065 300.4963 302.2223 300.0077 306.7592 301.9193 304.0647 307.3093 305.0592 305.4867 306.4580 304.7639 303.3331 305.1027 304.8526	0
2012 2.7654993E-08 2.0350116E-08 3.2317882E-08 2.1092768E-08 1.0581464E-08 2.6613005E-08 1.0868058E-08 1.1378158E-08 3.5938800E-08 8.0976958E-09 1.4482208E-08 2.7550440E-08 1.3552649E-08 1.7630640E-08 2.1190161E-08	295.1182 300.2506 302.5468 299.5468 306.4818 302.2176 303.5407 306.6864 304.1146 304.8389 305.4630 303.5160 302.8343 304.1806 303.7441	0
2013 3.0456970E-08 2.0410784E-08 2.8055593E-08 1.9671363E-08 8.6159018E-09 2.1688928E-08 1.2606787E-08 6.6776229E-09 3.0813140E-08 8.5455678E-09 1.1892124E-08 2.7592220E-08 1.2927723E-08 1.5530759E-08 2.1208727E-08	294.3998 299.8644 302.5100 298.9773 306.1922 302.0706 303.0283 306.4423 303.7363 304.4668 305.0635 302.6153 302.5056 303.7834 302.8969	1.11871
2014 2.8724591E-08 2.1683256E-08 2.6590490E-08 1.9779108E-08 1.1550717E-08 2.2045485E-08 1.2197800E-08 6.6265149E-09 2.6838569E-08 9.6956514E-09 1.1744945E-08 2.3871261E-08 1.5743169E-08 1.9660689E-08 2.0794452E-08	294.8586 299.9668 302.3817 299.3519 306.4522 302.0449 303.4231 307.0323 304.6075 304.4265 305.5082 303.8189 302.2137 303.7187 303.6708	0.0135484
2015 2.9030204E-08 2.0320321E-08 2.5511264E-08 2.0883002E-08 1.1651259E-08 2.3294557E-08 1.2920201E-08 7.8332913E-09 2.9032476E-08 1.1099290E-08 1.1942330E-08 2.4892278E-08 1.6260822E-08 1.6842304E-08 1.8971852E-08  294.9434 299.8987 302.6539 299.4902 306.2678 302.2734 303.5464 306.8834 304.6060 304.6174 305.8067 304.1032 302.6045 304.3175 303.9036  0.0606452
