STN,prec_1,prec_2,prec_3,prec_4,prec_5,prec_6,prec_7,prec_8,prec_9,prec_10,prec_11,prec_12,prec_13,prec_14,prec_15,st_1,st_2,st_3,st_4,st_5,st_6,st_7,st_8,st_9,st_10,st_11,st_12,st_13,st_14,st_15,12.0
LAT,23.72017,23.72017,23.72017,26.51077,26.51077,26.51077,29.30136,29.30136,29.30136,32.09194,32.09194,32.09194,34.88252,34.88252,34.88252,23.72017,23.72017,23.72017,26.51077,26.51077,26.51077,29.30136,29.30136,29.30136,32.09194,32.09194,32.09194,34.88252,34.88252,34.88252,28.30888906
LON,-101.2500,-98.43750,-95.62500,-101.2500,-98.43750,-95.62500,-101.2500,-98.43750,-95.62500,-101.2500,-98.43750,-95.62500,-101.2500,-98.43750,-95.62500,-101.2500,-98.43750,-95.62500,-101.2500,-98.43750,-95.62500,-101.2500,-98.43750,-95.62500,-101.2500,-98.43750,-95.62500,-101.2500,-98.43750,-95.62500,-98.5572384
1958 3.1762486E-08 1.6487078E-08 1.2528962E-08 1.8561289E-08 7.0958079E-09 1.0041026E-08 8.5440774E-09 3.7975920E-09 2.9636938E-08 5.6800999E-09 5.7517089E-09 3.0663418E-08 1.3421606E-08 1.4582079E-08 2.4661448E-08	296.1407 300.2209 301.0780 300.7795 306.3938 300.8141 304.7480 307.7969 305.4924 306.1817 306.8300 304.0897 303.9272 304.7207 302.9168	221.71
1959 3.1748318E-08 1.7419362E-08 1.5422250E-08 1.8096298E-08 5.6299441E-09 1.1405664E-08 8.0336635E-09 3.6211991E-09 3.3527538E-08 7.6857560E-09 7.6680635E-09 3.1672126E-08 1.4202147E-08 1.4685519E-08 2.4838844E-08	295.6188 300.0175 301.3157 300.6606 306.6087 300.9966 304.8965 307.8358 305.3305 306.2383 306.9522 304.0438 304.2883 304.9339 303.0394	76.9677
1960 3.2920823E-08 2.0062991E-08 1.5350620E-08 1.6864393E-08 6.2343100E-09 1.0745619E-08 7.1366264E-09 3.4371426E-09 2.9100871E-08 6.3103998E-09 7.2303816E-09 3.0142452E-08 1.4613747E-08 1.3972668E-08 2.3478872E-08	295.6221 299.9809 301.2996 300.7542 306.6529 300.9785 305.0300 307.8822 305.6230 306.4440 307.0704 304.5380 304.5046 305.5525 303.8372	390.419
1961 3.1686131E-08 1.8705732E-08 1.5168858E-08 1.6826359E-08 5.1956661E-09 1.0524097E-08 5.8453096E-09 1.2480340E-09 2.1321659E-08 4.3679353E-09 3.5062833E-09 2.3253856E-08 1.3406675E-08 1.2598944E-08 2.2195218E-08	295.4789 299.9163 301.2657 300.8055 306.7658 300.9610 305.2061 308.2433 305.8862 306.7576 307.6573 304.9491 304.8452 305.9539 304.1731	10.1484
1962 3.3544296E-08 2.0066327E-08 1.6383861E-08 1.7502137E-08 4.7398889E-09 1.0431932E-08 6.5659065E-09 2.2893500E-09 2.1827484E-08 6.2022831E-09 5.7386775E-09 2.4747473E-08 1.3816472E-08 1.6818696E-08 2.7661841E-08	295.1780 299.4814 301.2839 300.4673 306.3035 300.9750 304.7772 307.7690 305.7191 306.2651 306.9306 304.4005 304.1591 304.9428 303.1046	0.2
1963 3.1854462E-08 1.7109816E-08 1.2716846E-08 1.6343442E-08 4.7804485E-09 1.0272698E-08 6.5700774E-09 1.2230730E-09 2.6790850E-08 6.5212848E-09 6.7054775E-09 2.7662029E-08 1.5178289E-08 1.7548830E-08 2.6661013E-08	295.8513 299.9577 301.2864 300.7927 306.3467 300.9673 304.7532 307.6781 304.9800 306.0737 306.2693 303.2777 303.6640 304.0758 302.3189	3.42903
1964 3.3560354E-08 1.7833239E-08 1.7413138E-08 1.6599085E-08 4.3363104E-09 1.1543936E-08 5.6931824E-09 2.2128743E-09 2.1669720E-08 5.0600879E-09 5.2002291E-09 2.3837824E-08 1.2593898E-08 1.3310515E-08 2.2967615E-08	295.1640 299.6386 300.9450 300.3730 306.4344 300.7417 304.9337 307.7612 305.5688 306.5292 307.0961 304.4412 304.4850 305.2501 303.3411	0.564516
1965 3.4750997E-08 1.9194939E-08 1.3538042E-08 1.8739268E-08 5.7289751E-09 1.0063697E-08 7.2142785E-09 2.0173112E-09 2.2658909E-08 5.8448122E-09 6.9596480E-09 2.6790365E-08 1.6366625E-08 1.7071754E-08 2.6237833E-08	295.1206 299.5800 301.0207 300.1463 305.7493 300.7877 304.1722 307.1657 304.5934 305.4334 305.2711 302.7259 303.0004 303.3910 301.7838	17.2226
1966 3.7709636E-08 2.0151205E-08 1.6230224E-08 2.1167319E-08 6.6526891E-09 1.1198255E-08 7.9649736E-09 3.0972049E-09 2.7154226E-08 6.4780328E-09 4.9774576E-09 2.5289177E-08 1.5953482E-08 1.5553809E-08 2.4377357E-08	294.6244 299.4475 301.1165 300.1382 306.2259 300.8567 304.6835 307.8560 305.4917 306.1125 307.0183 304.3874 303.7969 304.6767 303.2069	0.0429032
1967 3.6559317E-08 2.1917431E-08 1.9325324E-08 1.7097088E-08 6.0376233E-09 1.2465757E-08 5.2143276E-09 3.1347855E-09 2.8957583E-08 5.6734155E-09 8.3771265E-09 2.8736968E-08 1.7646345E-08 1.9111118E-08 2.8548614E-08	295.1510 299.4420 301.3907 300.3591 305.9922 301.0596 304.7135 307.6644 305.0840 306.1270 306.4611 303.6048 303.6585 304.1618 302.3796	17.8094
1968 3.0886110E-08 1.7322984E-08 1.2480104E-08 1.4265100E-08 4.0567976E-09 8.4247578E-09 6.5864549E-09 1.7541902E-09 2.8597700E-08 7.6494162E-09 6.0054623E-09 2.9067909E-08 1.7671663E-08 1.6928452E-08 2.6905882E-08	295.9692 299.9892 301.5074 300.9925 306.4943 301.1288 304.8988 307.8269 305.4043 305.9060 306.3691 303.6382 303.4345 303.8870 302.1392	0.232903
1969 3.1473078E-08 1.8865322E-08 1.5728954E-08 1.7233958E-08 6.0551431E-09 1.1455295E-08 8.3134921E-09 2.4007183E-09 2.7542585E-08 6.4532268E-09 5.2512292E-09 2.4725104E-08 1.2568743E-08 1.3930671E-08 2.2597668E-08	295.7114 299.7719 301.0948 300.8205 306.2184 300.8351 305.0137 307.6863 305.2365 306.3671 306.8523 304.1513 304.1575 304.7276 302.9321	512.097
1970 3.2725112E-08 2.0666604E-08 1.4522932E-08 1.8762492E-08 7.6765110E-09 1.3935613E-08 7.0574053E-09 2.6169258E-09 2.4865868E-08 7.9873956E-09 5.6492309E-09 2.5217972E-08 1.8927057E-08 1.6931367E-08 2.4470886E-08	295.3607 299.8365 301.2737 300.5490 306.3661 300.9696 304.7859 307.7665 305.3600 305.9587 306.5931 303.9098 303.3964 304.1090 302.5364	0.260968
1971 3.6835303E-08 1.6896257E-08 1.1177256E-08 2.0942929E-08 5.1399645E-09 9.6646495E-09 8.8552481E-09 2.5790319E-09 2.7032341E-08 7.3487274E-09 7.6980768E-09 2.8467143E-08 1.8117493E-08 1.7073184E-08 2.3993040E-08	295.0349 299.5623 301.0945 299.9623 305.9720 300.8509 304.2288 307.3586 305.0590 305.6891 306.2731 303.5615 303.5388 304.1406 302.4958	287.419
1972 3.5773198E-08 2.0041185E-08 1.4651268E-08 1.7100700E-08 5.8077116E-09 1.1812102E-08 6.5558972E-09 1.9460353E-09 2.6830170E-08 4.7716529E-09 5.4410401E-09 2.3951804E-08 1.3999293E-08 1.4139248E-08 2.2379741E-08	295.4602 299.6017 301.1323 300.6255 306.0682 300.8609 304.7470 307.4759 304.6178 305.9248 306.0724 303.6677 303.6120 304.3618 302.7343	0.884839
1973 3.7032198E-08 1.9992822E-08 1.6488002E-08 2.0327468E-08 5.2939759E-09 1.2179317E-08 8.6576604E-09 2.4148039E-09 2.5359050E-08 6.5745387E-09 5.4975939E-09 2.4549792E-08 1.4565548E-08 1.3627739E-08 2.1968848E-08	294.6861 299.6018 301.0530 300.1118 306.6259 300.8144 304.7663 307.8512 305.3749 306.4282 307.5411 305.0814 304.4710 305.8905 304.3320	216.581
1974 2.7517595E-08 1.5842540E-08 1.2339970E-08 1.1647892E-08 3.5780954E-09 9.4955936E-09 6.0029008E-09 2.7710789E-09 2.5771211E-08 6.0661214E-09 5.6628351E-09 2.4144402E-08 1.3634669E-08 1.4038070E-08 2.2182503E-08	295.8831 299.9756 301.3626 300.9551 306.5760 301.0323 305.1263 307.8022 305.5720 306.5320 306.9144 304.4587 304.1069 304.7979 303.1562	89.7419
1975 3.1897621E-08 1.9035994E-08 1.8352965E-08 1.7095067E-08 6.1797536E-09 1.5265888E-08 8.5016030E-09 3.7827177E-09 3.0497439E-08 7.0206729E-09 6.9976824E-09 2.7836952E-08 1.5398605E-08 1.6196168E-08 2.4455494E-08	295.1654 299.6712 301.2243 300.3713 306.4056 300.9382 304.7491 307.6104 305.2313 306.4679 307.1257 304.3418 304.5418 305.4088 303.4016	3.44516
1976 3.1926525E-08 1.8458602E-08 1.1836119E-08 1.8134864E-08 5.9302696E-09 9.3709325E-09 8.1373877E-09 2.2671700E-09 3.1707401E-08 7.0727983E-09 9.4262580E-09 3.2725023E-08 1.6951077E-08 1.8727528E-08 3.1863046E-08	295.6236 299.5065 301.1031 300.2525 305.5960 300.8410 303.9450 306.8864 304.3727 305.0463 304.9382 302.2931 302.4973 302.6774 301.0652	1275.03
1977 3.1138555E-08 1.3594798E-08 1.0678928E-08 1.6907668E-08 3.1852214E-09 1.0100987E-08 8.2878309E-09 2.3053095E-09 2.7414300E-08 7.1248545E-09 6.6460699E-09 2.8452549E-08 1.4899653E-08 1.4522869E-08 2.1812300E-08	295.6603 300.0464 301.2365 300.7160 306.4425 300.9391 304.8535 307.7737 305.0699 306.2489 306.7231 303.6571 304.1915 304.8415 302.9167	24.7935
1978 3.0087502E-08 1.7577182E-08 1.3942097E-08 1.6406826E-08 5.8940581E-09 1.1004617E-08 8.2282172E-09 2.7328744E-09 2.6644727E-08 5.4256191E-09 6.3887535E-09 2.4362329E-08 1.3759313E-08 1.4473128E-08 2.2088880E-08	295.5547 299.5415 301.2282 300.4123 305.9982 300.9320 304.5656 307.5879 305.0106 306.0829 306.3725 303.1575 303.9392 304.2202 302.2108	0.336452
1979 3.2343983E-08 2.1015884E-08 1.6180932E-08 1.5473018E-08 7.0071051E-09 1.2998150E-08 7.0004553E-09 2.8654603E-09 2.4999210E-08 4.5682840E-09 4.1545674E-09 2.1353246E-08 1.2406084E-08 1.1860163E-08 1.9372836E-08	295.6603 299.8323 301.2808 300.8562 306.5315 300.9607 305.1620 308.0324 305.4899 306.7376 307.4229 304.5898 304.7986 305.6505 303.7185	0.0648387
1980 3.0642585E-08 1.9898126E-08 1.4940792E-08 1.7943043E-08 5.9597771E-09 1.1773935E-08 6.3796919E-09 2.0396713E-09 2.1621116E-08 4.8070037E-09 4.3572830E-09 1.9438316E-08 1.3705937E-08 1.3240724E-08 2.0996035E-08	295.6457 299.6801 301.1661 300.6739 306.0664 300.8909 304.8701 307.5752 305.2393 306.1812 306.6435 303.9226 303.8828 304.4688 302.7541	0.269677
1981 3.7875711E-08 2.2972117E-08 1.7296651E-08 1.7775408E-08 5.5734777E-09 1.0412886E-08 7.2236337E-09 2.6152569E-09 2.5842924E-08 6.9179005E-09 6.6971317E-09 2.7672833E-08 1.5259589E-08 1.3909511E-08 2.2539597E-08	295.4509 299.7054 301.2441 300.5699 306.2426 300.9369 304.9221 307.7029 305.2965 306.2685 306.7617 304.0095 304.0266 304.8584 302.9958	129.194
1982 2.9906460E-08 1.3925693E-08 1.1661614E-08 1.5404169E-08 4.4426862E-09 9.5601660E-09 6.2997607E-09 2.7540588E-09 2.8551128E-08 6.0853433E-09 6.5055992E-09 2.5437034E-08 1.5867334E-08 1.4194357E-08 2.1192809E-08	296.0634 299.8227 301.1630 300.8266 305.9781 300.8793 304.4122 307.0765 304.4706 305.2786 305.0565 302.8347 303.0037 303.4570 301.9477	0.896774
1983 3.3393654E-08 1.9192568E-08 1.4697335E-08 1.8302021E-08 5.1055848E-09 1.3775783E-08 5.5055938E-09 2.0555069E-09 2.3058554E-08 4.5843143E-09 4.6369699E-09 2.1913728E-08 1.1695658E-08 1.3340955E-08 2.0800583E-08	294.9974 299.5018 300.9373 300.3752 306.3636 300.7347 305.0057 307.6412 305.2919 306.6465 307.2065 304.9108 304.9503 305.9001 304.4603	0.491613
1984 3.8480650E-08 1.8263506E-08 1.3602724E-08 2.3107351E-08 4.9300284E-09 1.2011878E-08 8.1316083E-09 1.8906063E-09 2.5351422E-08 6.3914625E-09 4.4965689E-09 2.4555243E-08 1.3475213E-08 1.3112333E-08 2.3084533E-08	294.6599 299.7167 301.1409 300.0844 306.3927 300.8724 304.6161 307.7315 305.4390 306.3819 307.2097 304.7238 304.3659 305.5018 304.0371	1.4829
1985 3.5345867E-08 1.9437183E-08 1.5474354E-08 2.0396607E-08 5.2332854E-09 1.1607540E-08 9.0598542E-09 2.0507529E-09 2.2396449E-08 6.5234382E-09 3.9622376E-09 2.0853424E-08 1.3221934E-08 1.1661128E-08 2.0345277E-08	294.7397 299.2997 301.0820 299.9167 305.8186 300.8302 304.1244 307.4779 305.3242 305.6836 306.6988 304.4807 303.8723 304.9749 303.5911	114.777
1986 3.0807293E-08 1.7411798E-08 1.2464103E-08 1.8709708E-08 6.0055232E-09 9.3918304E-09 7.8086755E-09 2.9981748E-09 2.9502560E-08 7.2435999E-09 7.3767601E-09 3.0479260E-08 1.7459211E-08 1.8744561E-08 2.6211419E-08	295.8721 299.6755 301.2471 300.4686 305.5784 300.9469 304.0367 307.1308 304.9486 305.0204 305.2642 303.1684 302.6580 303.1825 302.2123	336.065
1987 3.4348545E-08 1.8614244E-08 1.0878991E-08 2.0096483E-08 5.3587281E-09 1.0157755E-08 8.8069205E-09 2.8755653E-09 2.2528052E-08 7.8208506E-09 5.5699645E-09 2.4077657E-08 1.5979625E-08 1.4874003E-08 2.1970754E-08	295.5690 299.6860 301.0337 300.3544 305.9069 300.7926 304.3739 307.3448 305.0807 305.4524 306.1958 303.6918 303.3234 304.1137 302.6127	122.484
1988 3.6971777E-08 2.5432024E-08 1.7972750E-08 2.1718590E-08 9.0229264E-09 1.4265576E-08 7.5235036E-09 3.2515544E-09 2.5109188E-08 5.8748748E-09 5.1042273E-09 2.4483871E-08 1.4576355E-08 1.3740062E-08 2.4350426E-08	294.6328 299.2678 301.2000 300.1023 306.3203 300.9217 304.8024 307.7001 305.4803 306.5194 307.2424 304.8703 304.6083 305.8167 304.0698	0.0406452
1989 3.6108574E-08 1.9528658E-08 1.3527623E-08 1.9933145E-08 5.2404845E-09 9.7713837E-09 7.8604421E-09 1.3832533E-09 2.2233618E-08 6.9613408E-09 5.7377605E-09 2.6933584E-08 1.7042543E-08 1.7046979E-08 2.6606141E-08	295.1635 299.7598 301.5810 300.3784 306.1714 301.1798 304.7636 307.8265 305.3638 306.1615 306.5080 303.6187 303.7836 304.3331 302.6305	0.00193548
1990 3.5231967E-08 2.1200346E-08 1.2660898E-08 2.1705208E-08 6.5232433E-09 9.2959596E-09 8.3818819E-09 2.7847518E-09 2.1633118E-08 5.9351661E-09 4.8655608E-09 2.2070049E-08 1.2714322E-08 1.3048852E-08 2.3266388E-08	295.4290 299.6447 301.2801 300.2276 305.8221 300.9626 304.3815 307.5489 305.5775 305.9474 306.8772 304.3833 304.0971 304.9367 303.2849	9.20968
1991 3.4457191E-08 1.9665581E-08 1.2460204E-08 2.0913642E-08 5.5011942E-09 1.1249329E-08 8.7001952E-09 2.5392375E-09 2.5282363E-08 6.2395467E-09 4.6529056E-09 2.5915369E-08 1.5241085E-08 1.4099171E-08 2.3557989E-08	295.4303 299.4761 301.0978 300.1881 305.6205 300.8354 304.0123 307.0537 304.3997 305.2104 305.5895 302.9736 302.8155 303.4324 302.0009	382.839
1992 3.5152688E-08 2.1869539E-08 1.5762582E-08 2.2241991E-08 9.5091020E-09 1.1090783E-08 9.5164694E-09 3.2209591E-09 2.8964573E-08 8.2020755E-09 5.8482956E-09 2.8766502E-08 1.7337102E-08 1.7381675E-08 2.7565246E-08	295.0744 299.1939 301.1300 299.8124 305.2418 300.8702 303.7305 306.9589 304.4340 304.9811 305.4081 302.4657 302.6042 303.0302 301.3792	48.871
1993 3.7097678E-08 2.2194232E-08 1.4480561E-08 2.2639325E-08 7.3733686E-09 1.0747081E-08 1.0671442E-08 3.6271302E-09 2.7474330E-08 8.6949594E-09 7.9042701E-09 3.2129361E-08 1.8714370E-08 1.9258000E-08 3.0086483E-08	294.9583 299.3538 300.8644 300.1270 305.5428 300.6765 304.1514 307.1987 304.6525 305.2885 305.4478 302.7117 302.7380 303.1443 301.6388	0
1994 3.6347256E-08 2.1942173E-08 1.3555923E-08 2.3665542E-08 8.1358751E-09 1.0914756E-08 1.0297907E-08 2.5175442E-09 2.6942574E-08 7.8047124E-09 6.9022534E-09 2.9594915E-08 1.6873708E-08 1.7278575E-08 2.7719823E-08	295.4514 299.3641 301.3094 300.0490 305.3994 300.9956 303.8395 306.9454 304.6066 305.0420 305.0340 302.5787 302.6733 303.1388 301.5608	26.8135
1995 3.6859511E-08 2.7753023E-08 1.9620517E-08 2.1228310E-08 1.0348360E-08 1.7650029E-08 9.8092912E-09 4.5394466E-09 3.8161726E-08 8.2774374E-09 9.7802797E-09 3.7286927E-08 1.7564611E-08 2.1060361E-08 3.2402621E-08	294.9149 299.1614 301.4085 299.9593 305.8596 301.0658 304.2303 307.5712 304.9094 305.6090 306.3172 303.3896 303.4797 303.8206 302.1930	2.06806
1996 3.2238859E-08 2.0229079E-08 1.6084648E-08 1.7380062E-08 6.8511787E-09 1.3081773E-08 8.1144078E-09 2.9174994E-09 2.5635773E-08 7.1081683E-09 7.3959776E-09 2.6600453E-08 1.4858714E-08 1.5115624E-08 2.3774406E-08	295.3471 299.3194 301.4784 300.2156 305.6220 301.1179 304.2119 307.1346 305.0702 305.4945 305.8918 303.5630 303.6454 304.1682 302.6294	99.1935
1997 3.1371329E-08 1.5196056E-08 1.0220931E-08 1.4830687E-08 3.7143879E-09 7.4895885E-09 7.2903452E-09 1.6060506E-09 2.4622089E-08 7.6421296E-09 6.5689667E-09 2.7241670E-08 1.8021565E-08 1.4945574E-08 2.3832627E-08	296.4496 300.1986 300.8987 301.1753 306.1971 300.6751 304.7966 307.4338 304.9066 305.4955 305.2457 303.0045 302.8909 303.3342 301.8777	9.38065
1998 3.3508119E-08 2.1336122E-08 1.7072496E-08 2.1639110E-08 5.6005591E-09 1.2894541E-08 9.3279153E-09 2.9184333E-09 2.9614460E-08 7.4903825E-09 6.7110975E-09 2.3824965E-08 1.6175038E-08 1.5776127E-08 2.2785816E-08	295.1394 299.5210 300.8404 300.2525 306.2263 300.6525 304.6113 307.4919 305.1519 306.2659 307.0148 304.6864 304.4711 305.4009 303.9629	304.774
1999 4.5811429E-08 2.8605553E-08 2.0070349E-08 2.6048083E-08 9.3021937E-09 1.3531674E-08 9.6238200E-09 3.3743994E-09 2.8526690E-08 7.2987665E-09 7.1460065E-09 2.7021175E-08 1.4320814E-08 1.5063712E-08 2.4220856E-08	294.2081 299.1067 301.5059 299.6862 306.2016 301.1283 304.2352 307.6081 305.3945 306.0083 306.8766 304.6183 304.5353 305.6010 304.3638	1.92194
2000 3.9103849E-08 2.8107381E-08 1.4495666E-08 2.1500874E-08 9.2587724E-09 1.3236487E-08 8.1494091E-09 4.0476649E-09 3.6425497E-08 6.1453256E-09 6.6227259E-09 2.7529039E-08 1.4755000E-08 1.2798298E-08 2.0123045E-08	294.7755 299.1167 301.4009 300.0988 305.7867 301.0539 304.3763 307.2883 304.6368 305.9149 306.2483 303.4406 304.1350 304.8642 303.2406	234.645
2001 4.3792433E-08 2.4964892E-08 1.5484364E-08 2.5213437E-08 9.8465662E-09 1.2309646E-08 9.4385317E-09 3.1521445E-09 2.9832890E-08 8.0864302E-09 6.7739578E-09 3.0547231E-08 1.7583043E-08 1.8008146E-08 2.9770074E-08	294.3795 299.1715 301.3550 299.8336 305.8477 301.0236 304.2868 307.5056 304.8477 305.5718 306.3553 303.3187 303.5106 304.1271 302.2865	536.645
2002 3.7185242E-08 1.9975740E-08 1.3498202E-08 1.9226921E-08 6.3372414E-09 9.0414947E-09 6.9904234E-09 1.4449080E-09 2.6783463E-08 6.1812995E-09 4.5492707E-09 2.7193913E-08 1.6377522E-08 1.6917221E-08 2.7772295E-08	295.1671 299.3805 301.1220 300.1965 305.7372 300.8528 304.4404 307.4628 304.8914 305.6019 306.0926 303.3726 303.1574 303.5683 301.9322	142.581
2003 3.6730931E-08 1.7383485E-08 1.4370783E-08 2.0684821E-08 5.6731473E-09 1.0913333E-08 8.8637648E-09 2.2258706E-09 2.1253053E-08 7.1479485E-09 5.1293321E-09 2.3125279E-08 1.5251279E-08 1.5601227E-08 2.3477597E-08	295.2280 299.6006 301.1870 300.4036 306.1209 300.8990 304.7005 307.7568 305.6636 306.1795 307.0311 304.4646 304.2367 305.1815 303.6946	63.4194
2004 3.3848593E-08 1.7849642E-08 1.3757933E-08 1.7013322E-08 5.2822560E-09 1.0557351E-08 6.3338876E-09 3.0903813E-09 3.1734505E-08 5.7448322E-09 7.9709421E-09 2.8342187E-08 1.5879975E-08 1.4850464E-08 2.2954760E-08	296.3477 300.0871 301.5310 301.0870 306.3691 301.1433 304.8662 307.7190 305.3762 305.9841 306.2711 303.8975 303.8887 304.5522 303.2415	950.419
2005 2.9502132E-08 1.6920438E-08 1.2872801E-08 1.5753496E-08 5.6404001E-09 9.7920410E-09 7.8690920E-09 1.8628841E-09 2.4651051E-08 6.2121881E-09 5.3133311E-09 2.5018212E-08 1.3781622E-08 1.3737608E-08 2.2995343E-08	295.6641 299.7753 301.3621 300.7112 306.2025 301.0312 304.7158 307.6562 305.2343 305.9702 306.5430 303.9781 303.8618 304.7302 303.1477	0.127419
2006 3.0913700E-08 1.7091411E-08 1.3933823E-08 1.4305738E-08 5.4748566E-09 9.8132729E-09 5.4945861E-09 2.4570137E-09 2.6791026E-08 4.8575681E-09 3.6771219E-09 2.4571845E-08 1.1450892E-08 1.0281017E-08 1.9206757E-08	296.5395 300.2846 301.3539 301.3754 306.5080 301.0111 305.2327 307.8912 305.6236 306.5634 306.9828 304.4636 304.6884 305.3999 303.4673	3.52129
2007 3.9239008E-08 2.2776502E-08 1.2581494E-08 2.0659311E-08 6.7189818E-09 1.2224269E-08 1.0411726E-08 3.6536230E-09 2.5902875E-08 7.9873104E-09 6.4963950E-09 2.3973771E-08 1.6660014E-08 1.7501415E-08 2.4348429E-08	294.2783 299.3463 301.3452 300.0899 306.4181 301.0223 304.6508 307.8955 305.4909 306.1178 307.0558 304.6341 304.1073 305.3830 303.8503	111.452
2008 3.7588681E-08 1.9759492E-08 1.5315830E-08 2.2565175E-08 6.3551084E-09 1.1664438E-08 9.1280086E-09 2.3081457E-09 2.3467939E-08 6.2694689E-09 4.5382964E-09 2.0600455E-08 1.3329556E-08 1.3382110E-08 2.2930037E-08	295.1223 299.7902 301.4215 300.3535 306.5132 301.0627 304.8385 307.9734 305.7513 306.6531 307.5599 305.3014 304.8463 305.7512 303.9833	0.142258
2009 3.7265284E-08 2.2341922E-08 1.2599004E-08 2.2155314E-08 8.0525986E-09 9.7481490E-09 1.0296780E-08 2.3896327E-09 2.9435359E-08 9.2332302E-09 7.3045987E-09 3.3832070E-08 1.9420419E-08 1.9548789E-08 2.8303390E-08	295.7292 299.8839 301.3345 300.6061 305.9478 300.9873 304.6050 307.5100 304.7726 305.7379 305.9068 302.8767 303.2915 303.6270 301.8235	0.609355
2010 3.4668897E-08 2.1553484E-08 1.9231969E-08 1.8525970E-08 5.6696496E-09 1.3184149E-08 6.4353016E-09 2.4679796E-09 2.0718605E-08 5.0996025E-09 3.5137022E-09 2.0876671E-08 1.3910963E-08 1.5180321E-08 2.3733392E-08	294.7746 299.5641 301.3037 300.2321 306.5365 300.9839 304.9457 307.7587 305.5992 306.7729 307.5219 305.3873 304.8150 306.2515 305.0281	0
2011 3.4526973E-08 2.3119611E-08 1.6857051E-08 1.6807528E-08 6.3465757E-09 1.1674963E-08 5.6195266E-09 2.1733830E-09 2.3870468E-08 5.8236052E-09 4.1539221E-09 2.3428861E-08 1.4389488E-08 1.4941142E-08 2.4062915E-08	295.3031 299.6673 301.3310 300.5893 306.3758 301.0027 305.1824 307.7683 305.5066 306.7868 307.4182 305.0157 304.6316 305.5907 303.7723	0
2012 3.8316237E-08 2.3555717E-08 1.3759379E-08 2.1083387E-08 5.8760059E-09 1.0398460E-08 7.7015532E-09 2.7984386E-09 2.8694251E-08 5.6842282E-09 5.6522897E-09 2.6060379E-08 1.4793411E-08 1.4202290E-08 2.2366939E-08	295.4197 299.6115 301.3067 300.4988 306.1670 300.9684 304.8209 307.7429 305.3130 306.2290 306.8092 304.0907 304.1964 304.9636 303.2047	0.0222581
2013 3.3243740E-08 2.0945867E-08 1.6621730E-08 1.7714736E-08 4.6626130E-09 1.1660549E-08 8.3238403E-09 3.3914045E-09 2.7984090E-08 7.3642359E-09 7.4650428E-09 2.8881457E-08 1.4722319E-08 1.3588875E-08 2.2567312E-08	295.6330 299.7101 301.2969 300.5415 306.3096 300.9700 304.6913 307.7465 305.4099 305.9948 306.5160 303.7970 303.9494 304.7245 303.0805	0.411613
2014 2.9883207E-08 1.6579291E-08 1.1164937E-08 2.1426313E-08 5.9372658E-09 9.4602530E-09 1.0186323E-08 3.3012033E-09 2.3384334E-08 8.7669534E-09 6.2414256E-09 2.3750744E-08 1.7334763E-08 1.5256882E-08 2.1189733E-08	296.1536 299.9061 301.0174 300.6010 305.8828 300.7610 304.2775 307.4357 305.5082 305.4240 306.0227 303.8391 303.1703 303.7214 302.4066	0
2015 2.7964578E-08 1.7262886E-08 1.1425050E-08 1.6931201E-08 5.6742571E-09 9.7336912E-09 7.8284144E-09 1.8471714E-09 2.3862041E-08 7.8458857E-09 5.1218771E-09 2.5686875E-08 1.6431304E-08 1.6510088E-08 2.5738727E-08  296.7659 300.1797 301.0352 301.1894 305.8985 300.7585 304.6279 307.2401 305.1058 305.4536 305.4857 303.4822 302.8961 303.3528 302.0579  18.3087
