STN,prec_1,prec_2,prec_3,prec_4,prec_5,prec_6,prec_7,prec_8,prec_9,prec_10,prec_11,prec_12,prec_13,prec_14,prec_15,st_1,st_2,st_3,st_4,st_5,st_6,st_7,st_8,st_9,st_10,st_11,st_12,st_13,st_14,st_15,07.0
LAT,23.72017,23.72017,23.72017,26.51077,26.51077,26.51077,29.30136,29.30136,29.30136,32.09194,32.09194,32.09194,34.88252,34.88252,34.88252,23.72017,23.72017,23.72017,26.51077,26.51077,26.51077,29.30136,29.30136,29.30136,32.09194,32.09194,32.09194,34.88252,34.88252,34.88252,28.30888906
LON,-101.2500,-98.43750,-95.62500,-101.2500,-98.43750,-95.62500,-101.2500,-98.43750,-95.62500,-101.2500,-98.43750,-95.62500,-101.2500,-98.43750,-95.62500,-101.2500,-98.43750,-95.62500,-101.2500,-98.43750,-95.62500,-101.2500,-98.43750,-95.62500,-101.2500,-98.43750,-95.62500,-101.2500,-98.43750,-95.62500,-98.5572384
1958 2.4612110E-08 2.1364755E-08 3.3721829E-08 1.5646824E-08 8.4496579E-09 2.3326098E-08 8.0994864E-09 5.7859397E-09 2.5658794E-08 6.1007537E-09 7.2496715E-09 1.7687221E-08 1.1243625E-08 1.4007063E-08 1.6306373E-08	294.5558 299.7197 302.2774 299.3262 306.3672 301.9808 303.4712 306.9128 304.7845 304.9151 306.0394 304.5294 302.9218 304.4785 304.2192	1629.52
1959 2.3286708E-08 1.8193280E-08 2.9515640E-08 1.6591423E-08 7.1749211E-09 2.1857293E-08 1.0892125E-08 7.4940028E-09 3.0994759E-08 8.8443732E-09 1.3487292E-08 3.0386353E-08 1.4043797E-08 1.8830027E-08 2.4769006E-08	294.7589 299.9546 302.2941 299.2537 306.3335 301.9998 303.2805 306.7478 304.5119 304.4987 305.4568 303.7386 302.3380 303.7614 303.3909	569.032
1960 2.2819773E-08 2.3997353E-08 3.7727446E-08 1.3204086E-08 1.0398190E-08 2.7539615E-08 7.1116601E-09 6.9129822E-09 2.2707177E-08 7.7187039E-09 9.8409334E-09 1.9125192E-08 1.7324711E-08 1.6327677E-08 2.0448779E-08	294.3756 299.3502 302.2930 298.9887 305.8549 302.0128 303.2719 306.6682 304.7571 304.5317 305.6941 304.2303 302.1007 303.8657 303.6038	169.658
1961 2.8360615E-08 2.1296001E-08 2.8618526E-08 1.8626068E-08 1.0956160E-08 2.3069893E-08 9.7929309E-09 7.7095148E-09 3.0410817E-08 7.2758324E-09 1.1335275E-08 2.6450337E-08 1.4906712E-08 1.8699589E-08 2.2196447E-08	294.5843 299.9761 302.2719 299.1684 306.3764 301.9899 303.2872 306.6903 304.1998 304.4210 305.2637 303.1911 302.0372 303.6069 303.0948	192.806
1962 2.3573914E-08 1.7083741E-08 2.2828919E-08 1.7380298E-08 9.5622061E-09 2.0226278E-08 9.5903809E-09 6.4999579E-09 2.7655382E-08 9.1010124E-09 1.0781512E-08 2.5171268E-08 1.7739826E-08 1.9500980E-08 2.2803190E-08	295.1683 300.4343 302.1943 299.7172 306.9215 301.9409 303.6236 307.1993 304.7802 304.6442 305.7325 303.6467 302.0563 303.6766 303.0505	3.00323
1963 2.7021171E-08 2.1450301E-08 3.0051478E-08 1.8489361E-08 9.6754267E-09 2.5943759E-08 9.1265457E-09 6.7865908E-09 3.3182314E-08 8.7909591E-09 1.2037575E-08 2.8879667E-08 1.3646457E-08 1.5681559E-08 2.1642785E-08	294.5694 299.8214 302.3320 299.1524 306.2034 302.0337 303.2153 306.4711 303.8016 304.4739 305.1118 302.8813 302.4127 303.6911 303.0991	17.0194
1964 2.6804067E-08 2.3909541E-08 3.0071558E-08 2.1252713E-08 1.2722685E-08 2.8115826E-08 1.1271627E-08 8.1298683E-09 3.3306623E-08 7.9617797E-09 1.4832445E-08 2.9936867E-08 1.6692525E-08 2.0516254E-08 2.2228633E-08	294.2530 299.5947 302.0819 298.4873 305.6859 301.8649 302.6451 306.2113 303.7943 304.1440 304.9089 302.6527 302.1441 303.3386 302.5977	0.56129
1965 3.4504669E-08 2.6558659E-08 3.0521246E-08 2.3385773E-08 1.3408479E-08 2.8449410E-08 1.2448008E-08 9.0613215E-09 3.5131837E-08 8.6459497E-09 1.2418493E-08 2.6261022E-08 1.3123826E-08 1.3868744E-08 1.9507771E-08	293.8036 299.2183 302.0737 298.2743 305.5226 301.8412 302.4046 306.0201 303.5914 303.7625 304.7883 302.7709 301.6434 303.1871 302.3306	187.935
1966 2.8399461E-08 2.1379776E-08 2.9216491E-08 2.1723313E-08 1.0740998E-08 2.7871941E-08 1.1764286E-08 7.5121136E-09 2.8291385E-08 1.0392017E-08 1.2209218E-08 2.6446529E-08 1.7813152E-08 2.1795481E-08 2.5521363E-08	294.0183 299.3403 301.9865 298.5897 305.6848 301.7762 302.6953 306.2519 303.7464 303.6852 304.8370 302.6414 301.1299 302.5850 301.8694	4.93871
1967 3.1418406E-08 1.8111379E-08 2.4536655E-08 2.2050109E-08 8.9617824E-09 2.3405470E-08 1.2059381E-08 6.0611316E-09 3.3805303E-08 8.2586986E-09 1.2803948E-08 3.0940601E-08 1.5662298E-08 2.0495825E-08 2.3349669E-08	294.1458 299.8674 302.1050 298.7159 306.2611 301.8831 302.9119 306.6237 303.9257 304.3751 305.0428 302.6187 302.0388 303.1499 302.3633	0
1968 2.7499787E-08 1.9954969E-08 2.4609713E-08 1.8041701E-08 8.3633536E-09 2.2100254E-08 1.1852996E-08 7.4762792E-09 3.1939884E-08 1.1974683E-08 1.3673491E-08 2.9473162E-08 1.5429285E-08 1.6338999E-08 1.9958913E-08	294.9286 300.1891 302.0677 299.4123 306.6444 301.8409 303.2950 306.8810 304.2216 304.2846 305.3688 303.0223 301.9735 303.5651 302.8908	5.52645
1969 3.2037722E-08 2.3177032E-08 2.7299873E-08 2.4451742E-08 1.2913168E-08 2.5709513E-08 1.4617278E-08 9.3097592E-09 3.2134288E-08 9.5543982E-09 1.0433956E-08 2.4994838E-08 1.4172115E-08 1.5702550E-08 1.8269894E-08	294.3541 299.8180 302.3766 298.9139 306.2420 302.0492 302.8724 306.6398 304.2310 304.3494 305.4713 303.5216 302.3907 303.9583 303.4636	9.28968
1970 3.1835125E-08 2.1644020E-08 2.8469621E-08 2.4627830E-08 1.2346226E-08 2.2401689E-08 1.1153265E-08 7.6890050E-09 3.3388059E-08 8.5007059E-09 1.1951311E-08 2.9258016E-08 1.6030912E-08 1.8056054E-08 2.1761096E-08	294.1883 299.7115 302.0687 298.7087 305.9771 301.8276 302.9702 306.5431 304.1954 304.4446 305.4601 303.4314 302.2484 303.8120 303.3036	5.55935
1971 3.0273888E-08 2.2645207E-08 3.4041125E-08 2.2341906E-08 1.0525233E-08 2.2769028E-08 1.2089611E-08 7.5576283E-09 3.0440265E-08 7.4680662E-09 1.0492534E-08 2.5556124E-08 1.3402315E-08 1.6987709E-08 1.9883061E-08	293.9635 299.3307 301.9641 298.3336 305.7395 301.7659 302.6052 306.2975 304.0347 304.0768 305.1324 303.2080 301.7130 303.1808 302.6627	6290.52
1972 2.4438256E-08 1.3325701E-08 1.5417445E-08 1.6899325E-08 7.0366473E-09 1.5386725E-08 9.9223074E-09 4.6240904E-09 2.5287768E-08 7.4549913E-09 7.1839894E-09 2.1161672E-08 1.5702602E-08 1.7792793E-08 2.0963061E-08	294.7357 300.1562 302.1053 299.2502 306.4677 301.8553 303.2428 306.8253 304.1355 304.3780 305.5393 303.2804 301.9545 303.3042 302.5478	3.76774
1973 2.5758000E-08 1.5563337E-08 2.3676549E-08 1.7087274E-08 7.2938882E-09 2.0337254E-08 1.1616484E-08 7.1058794E-09 2.8762173E-08 8.6729406E-09 1.0673301E-08 2.5093767E-08 1.2874483E-08 1.5005270E-08 1.7395859E-08	294.8385 300.2316 302.1772 299.1895 306.4494 301.9114 303.0461 306.6472 304.2551 304.3653 305.3773 303.3408 302.3222 303.8379 303.1795	148.59
1974 2.7590271E-08 1.6780097E-08 2.5059661E-08 1.9358344E-08 6.8718728E-09 1.9847109E-08 9.9171906E-09 4.5876325E-09 2.7891986E-08 6.7646626E-09 8.9069223E-09 2.6500189E-08 1.3967931E-08 1.6918985E-08 2.0463290E-08	294.4350 300.0941 302.0944 298.9833 306.4872 301.8642 303.1372 306.7567 304.1432 304.4022 305.3576 302.9902 302.0309 303.5340 302.9619	0.610323
1975 2.9585825E-08 2.1562551E-08 3.2612082E-08 1.9790461E-08 1.0199909E-08 2.5281267E-08 1.2815411E-08 7.6593984E-09 3.1796347E-08 1.0774226E-08 1.2965699E-08 2.7025672E-08 1.5475237E-08 1.7437543E-08 2.2148548E-08	294.3143 299.7455 302.0612 298.7810 306.2808 301.8412 302.9489 306.6012 304.1384 304.1941 305.0668 302.9756 301.8853 303.3693 302.8113	1368.19
1976 2.1127855E-08 1.8188823E-08 2.9075661E-08 1.1556437E-08 7.7977864E-09 2.1014413E-08 7.9590219E-09 5.8619238E-09 2.7252332E-08 8.7499235E-09 1.0325069E-08 2.3257620E-08 1.4749705E-08 1.5220682E-08 1.7447100E-08	294.4297 299.4848 302.0117 298.9655 305.9089 301.8072 302.8715 306.3503 304.1759 303.9032 304.9709 303.1795 301.6655 303.3860 303.0062	1562.92
1977 2.4690413E-08 1.8189567E-08 2.6261205E-08 1.7919227E-08 9.7168318E-09 2.3682430E-08 1.1626867E-08 7.3318067E-09 2.8898222E-08 9.7328252E-09 1.0686674E-08 2.4516501E-08 1.7341218E-08 1.8201103E-08 1.8691845E-08	294.3481 299.7483 302.0451 298.9539 306.1686 301.8153 302.9599 306.5095 303.9696 303.9782 305.1065 303.0673 301.5123 303.1078 302.8930	64.0323
1978 2.7964326E-08 2.0647363E-08 2.2311955E-08 2.0982437E-08 1.3214790E-08 2.3019146E-08 1.0547882E-08 8.4630543E-09 3.1192403E-08 8.3023544E-09 1.1293638E-08 2.5251406E-08 1.4588701E-08 1.6161199E-08 1.9173626E-08	294.4199 299.9154 302.0959 298.9008 306.0605 301.8601 303.1625 306.5249 304.1077 304.5645 305.5396 303.6001 302.2983 304.0267 303.5834	1.09129
1979 2.5521372E-08 1.8761925E-08 2.2633348E-08 1.4308775E-08 6.5994010E-09 1.8378735E-08 8.8206242E-09 5.1807918E-09 2.6268941E-08 7.8977154E-09 9.9821378E-09 2.3019906E-08 1.3971212E-08 1.7418371E-08 1.8496870E-08	294.8663 300.0338 302.2539 299.6704 306.7111 301.9625 303.7841 307.1075 304.5234 304.8881 305.8690 303.9949 302.6297 304.1515 303.9261	37.2968
1980 2.8844685E-08 1.9637568E-08 2.5839304E-08 2.0050212E-08 9.6383586E-09 2.2361245E-08 1.0368566E-08 6.7470980E-09 2.9860114E-08 8.7668894E-09 9.3556185E-09 2.2339428E-08 1.5533290E-08 1.4163189E-08 1.6605178E-08	294.5174 299.8226 302.2874 299.0538 306.1844 301.9893 302.9347 306.4073 303.7650 304.0566 305.0229 302.8111 301.9128 303.5703 302.8849	0.80129
1981 2.9768618E-08 1.6887771E-08 2.1075511E-08 2.3467386E-08 9.5117532E-09 2.3024191E-08 1.3410761E-08 7.1277038E-09 2.9605429E-08 1.0328037E-08 1.3803525E-08 2.8023667E-08 1.7020751E-08 1.9253893E-08 2.2066912E-08	294.5365 300.2152 302.0718 299.0309 306.5208 301.8381 302.9373 306.6780 304.3093 304.2229 305.2034 303.1982 301.9940 303.5618 302.9773	1208.29
1982 2.6303676E-08 1.9248841E-08 3.1357253E-08 1.7147734E-08 8.6903080E-09 2.9446104E-08 1.0091651E-08 5.1968425E-09 2.9843907E-08 7.5241635E-09 9.1046353E-09 2.6949161E-08 1.3256500E-08 1.5597482E-08 2.0023711E-08	294.5708 299.7416 302.2307 299.2396 306.3315 301.9736 303.3820 306.8116 304.0746 304.4907 305.4452 302.9892 302.1022 303.5236 302.6617	4.6
1983 2.7662233E-08 1.8476658E-08 2.5109404E-08 2.0104348E-08 1.0137307E-08 2.6062269E-08 1.1310102E-08 9.2377146E-09 3.6449524E-08 9.1597281E-09 1.1890466E-08 2.7340988E-08 1.4192255E-08 1.4084647E-08 2.0583544E-08	295.0141 300.1901 302.5015 299.3425 306.4150 302.1370 303.1585 306.5541 303.8490 304.3015 305.2567 303.0183 302.3960 303.8315 302.9982	3.79097
1984 2.6791433E-08 1.7651027E-08 2.5396956E-08 1.6481472E-08 9.8041317E-09 2.0726125E-08 9.0476053E-09 6.8374573E-09 2.6330271E-08 8.4955758E-09 1.1850357E-08 2.4903022E-08 1.4412284E-08 1.7399072E-08 1.9052630E-08	294.0274 299.6268 302.0440 298.7158 306.1327 301.8310 303.0174 306.7188 304.5331 304.0597 305.1114 303.1719 301.7892 303.2202 302.6898	0
1985 2.0885762E-08 1.3166522E-08 2.0677387E-08 1.5357973E-08 5.6543419E-09 1.7433820E-08 9.7579020E-09 4.4434647E-09 2.7676167E-08 8.8203347E-09 1.1370643E-08 2.2604461E-08 1.4999268E-08 1.7010214E-08 1.9849349E-08	294.7238 299.9847 302.1687 299.3298 306.3047 301.9353 303.3389 306.6681 304.2435 304.3452 305.1996 303.4008 301.7621 303.3949 302.9017	712.981
1986 2.5547450E-08 1.3997462E-08 2.1291719E-08 1.7748700E-08 5.8365917E-09 1.8067929E-08 9.0692209E-09 4.5440323E-09 2.8868467E-08 8.0281053E-09 1.0600488E-08 2.4749328E-08 1.5092608E-08 1.9269937E-08 2.1061936E-08	294.6706 300.1162 302.3230 299.2499 306.6254 302.0444 303.2521 306.8174 304.2664 304.1949 305.1854 303.2316 301.8194 303.1513 302.6919	2.5929
1987 2.6660180E-08 2.0432667E-08 2.4284388E-08 1.7453214E-08 8.5362073E-09 1.8968787E-08 9.1282075E-09 4.4807793E-09 2.5263835E-08 6.8697696E-09 7.4247750E-09 2.2743230E-08 1.1969637E-08 1.4280131E-08 1.9050296E-08	294.7033 299.7818 302.4623 299.2884 306.4185 302.1512 303.2506 306.8875 304.2746 304.2256 305.5060 303.1632 302.2746 303.8287 302.9833	1046.74
1988 2.7608632E-08 2.0334175E-08 2.5997339E-08 1.8977842E-08 1.1417347E-08 2.3370474E-08 1.0462553E-08 7.1822788E-09 2.9854057E-08 7.7131199E-09 1.0353562E-08 2.3673692E-08 1.2459391E-08 1.3905163E-08 1.7025952E-08	294.0529 299.5694 302.0099 298.6568 305.9305 301.7866 302.7893 306.5879 304.1624 304.2030 305.3419 303.4554 302.1712 303.9136 303.4870	53.0903
1989 2.6758638E-08 2.1658755E-08 2.8019960E-08 1.9669617E-08 1.1853986E-08 2.5009303E-08 1.4791175E-08 7.9853786E-09 3.2436851E-08 1.1225679E-08 1.3086670E-08 2.8153533E-08 1.6752018E-08 1.7423659E-08 2.1494586E-08	294.4301 299.6205 302.1514 298.7791 305.9673 301.9087 302.4464 306.2815 303.8566 303.5014 304.5592 302.6747 301.2950 302.7413 302.3217	0
1990 2.7248573E-08 2.1252964E-08 2.5062759E-08 1.4812171E-08 9.3333954E-09 2.3878735E-08 8.6515959E-09 6.0205609E-09 2.8254895E-08 8.1442355E-09 9.6950954E-09 2.0956209E-08 1.3034936E-08 1.4070172E-08 1.8461952E-08	294.9150 300.0888 302.4304 299.7027 306.4560 302.1399 303.8337 307.0804 304.4269 305.0778 305.9093 303.9335 302.8619 304.3134 303.6990	1580.06
1991 2.8170076E-08 2.2801483E-08 2.8923065E-08 2.0301966E-08 1.0438881E-08 2.7353613E-08 1.0278583E-08 6.5940342E-09 2.9277643E-08 7.3679707E-09 1.1085790E-08 2.6323828E-08 1.3933307E-08 1.7171701E-08 2.1812141E-08	294.3897 299.5135 302.4203 298.9894 305.9261 302.1200 303.1657 306.4027 303.6307 304.4937 305.0589 302.7202 302.2618 303.4794 302.6699	0.754839
1992 2.9112288E-08 1.9131495E-08 2.5225837E-08 2.0581414E-08 1.1608835E-08 2.4963095E-08 1.3399928E-08 8.3663609E-09 3.0630410E-08 1.0040844E-08 1.1295863E-08 2.5067168E-08 1.5695631E-08 1.7330636E-08 1.9880208E-08	294.4992 299.7133 302.3201 299.0385 305.8418 302.0384 302.7992 306.1924 303.4944 303.6656 304.7661 302.6125 301.4048 302.8611 302.1906	271.71
1993 2.9948009E-08 2.1151386E-08 2.7751680E-08 2.1512228E-08 9.5153005E-09 2.1485935E-08 1.2823063E-08 7.2962836E-09 2.6226108E-08 1.1413747E-08 1.3154509E-08 2.4675623E-08 1.8328540E-08 1.9002938E-08 1.9439712E-08	294.3588 299.4865 302.1867 298.9463 305.8761 301.9357 302.8259 306.2402 303.9155 303.4980 304.7222 303.0101 301.2936 303.0890 302.9133	89.5319
1994 2.3283489E-08 1.6553207E-08 2.2300275E-08 1.4837432E-08 6.8901760E-09 1.5988158E-08 1.0091216E-08 5.3394706E-09 2.5263551E-08 1.0998660E-08 1.0539472E-08 2.1485047E-08 1.7688791E-08 1.7558506E-08 1.8442460E-08	294.7142 299.8014 302.1677 299.3065 306.3902 301.9430 303.1511 306.8580 304.3199 303.9866 305.4279 303.5312 301.6984 303.4436 303.0220	0.202581
1995 3.1895109E-08 2.1018813E-08 2.2052784E-08 2.3580384E-08 1.1960442E-08 1.9701879E-08 1.3562199E-08 9.0118615E-09 3.2572558E-08 9.4816954E-09 1.2588412E-08 2.4453923E-08 1.4617715E-08 1.7550319E-08 1.8169693E-08	294.6839 300.1295 302.5306 299.1278 306.4162 302.1764 303.1378 306.7513 304.3738 304.4802 305.6827 303.9893 302.4672 304.3477 304.1759	157.802
1996 2.8919496E-08 2.1199961E-08 2.7742894E-08 2.0128759E-08 1.1101656E-08 2.2753328E-08 1.0904935E-08 6.1680421E-09 2.8151417E-08 7.7146103E-09 1.0890081E-08 2.4943626E-08 1.2795313E-08 1.5501882E-08 2.0047562E-08	294.7046 299.9569 302.3413 299.1375 306.2801 302.0525 303.2438 306.7283 304.4119 304.4814 305.4789 303.5048 302.4219 303.9473 303.3972	22.8955
1997 2.5673117E-08 1.7225076E-08 2.2744549E-08 1.8651134E-08 7.4534698E-09 1.8441826E-08 1.1179760E-08 4.2254378E-09 2.5424589E-08 9.7614548E-09 1.0828801E-08 2.1788161E-08 1.7521135E-08 2.0918820E-08 2.2459014E-08	294.5504 299.9012 302.5392 299.0891 306.6275 302.1827 303.1635 307.1267 304.5520 304.0992 305.5210 303.5918 301.5408 303.0601 302.6411	1810.45
1998 2.9102575E-08 2.1663469E-08 2.8534695E-08 2.1421599E-08 1.2378706E-08 2.3379325E-08 1.1581105E-08 8.2420604E-09 3.3260722E-08 8.7000291E-09 1.1533183E-08 2.3661960E-08 1.6534695E-08 1.7483556E-08 2.0089750E-08	295.1240 300.2220 302.4409 299.3234 306.1651 302.1071 303.2997 306.6303 304.1089 304.5992 305.5542 303.6573 302.4432 304.1016 303.6707	0
1999 3.5523662E-08 2.2691028E-08 2.5610804E-08 2.5579867E-08 1.0984254E-08 1.9996442E-08 1.4815302E-08 7.2574231E-09 2.9915846E-08 8.1990148E-09 1.1821852E-08 2.6091275E-08 1.4468547E-08 1.8361668E-08 2.0752358E-08	294.4721 300.0177 302.2156 298.8155 306.2953 301.9660 303.0905 306.6830 304.2795 304.7196 305.5232 303.4053 302.5160 304.0904 303.6423	410.032
2000 2.5091534E-08 1.7106247E-08 2.8297661E-08 1.3227351E-08 5.9248220E-09 1.8148768E-08 6.1554171E-09 3.9316870E-09 2.3404379E-08 5.8515748E-09 7.9471993E-09 2.0630951E-08 1.1977006E-08 1.5033256E-08 1.8423464E-08	294.7429 300.0748 302.4418 299.4266 306.5374 302.1300 303.7728 307.0879 304.8132 305.0237 305.7713 303.7341 302.2802 303.7305 303.2706	0
2001 3.4063977E-08 1.9971731E-08 2.2312237E-08 2.6297842E-08 1.0653790E-08 2.1433550E-08 1.1934345E-08 8.9455368E-09 3.3904065E-08 7.7842897E-09 1.1939000E-08 2.7807101E-08 1.3810499E-08 1.6102678E-08 1.9493726E-08	294.1790 299.8879 302.5450 298.9078 306.4282 302.1962 303.3020 306.8985 304.2497 304.6176 305.5192 303.2038 302.2894 303.8410 303.2704	19.9539
2002 3.0450789E-08 2.3328088E-08 2.7710806E-08 1.8868400E-08 1.1728416E-08 2.6419839E-08 9.1423962E-09 5.6885119E-09 3.9181668E-08 8.6935765E-09 1.1030354E-08 3.0044571E-08 1.4915317E-08 1.7204616E-08 2.3513662E-08	294.5996 299.8865 302.4292 299.3961 306.3135 302.1151 303.5271 306.8959 303.8214 304.6212 305.4574 303.1004 302.3163 303.7496 303.0990	10363.2
2003 2.4507720E-08 1.9793420E-08 3.2499088E-08 1.7742220E-08 1.0803255E-08 3.1127193E-08 1.0390264E-08 6.3959895E-09 2.9697651E-08 8.1851637E-09 9.7564170E-09 2.6001537E-08 1.4846880E-08 1.6172160E-08 2.0092163E-08	295.0238 300.1510 302.4084 299.3961 306.2851 302.1019 303.4789 306.7436 304.2641 304.7871 305.6781 303.4633 302.6541 304.0749 303.3293	361.887
2004 2.5462052E-08 1.6243996E-08 2.5072882E-08 1.9881677E-08 7.8854123E-09 2.3108862E-08 1.3574392E-08 7.1584947E-09 3.5400003E-08 9.0108863E-09 1.1605130E-08 3.0958510E-08 1.7512296E-08 1.8085172E-08 2.3369070E-08	295.0044 300.2201 302.5083 299.4180 306.5745 302.1696 303.1578 306.5034 303.7659 304.2363 304.9696 302.5869 301.8130 303.1718 302.5219	1948.03
2005 3.4302420E-08 2.4189081E-08 2.9155627E-08 2.2297005E-08 1.2704110E-08 3.2393832E-08 1.3829983E-08 1.0108652E-08 3.2742360E-08 1.1107877E-08 1.5186282E-08 2.6805983E-08 1.5601763E-08 1.7058866E-08 2.1335877E-08	294.4283 299.9081 302.7439 299.1118 306.2096 302.3490 303.0569 306.3811 303.9424 304.3299 304.9253 302.8622 302.3689 303.6290 302.9686	117.823
2006 2.7856382E-08 1.7352839E-08 2.4443461E-08 1.7731958E-08 8.2094047E-09 2.1833513E-08 7.9299012E-09 5.8273404E-09 3.6137497E-08 6.2214665E-09 1.0413816E-08 2.5985205E-08 9.8710133E-09 1.4734908E-08 1.9104597E-08	294.9510 300.3097 302.6095 299.6955 306.8010 302.2533 303.8042 307.0815 304.0908 305.0607 305.5740 303.3477 303.0683 304.3217 303.7724	36.1713
2007 3.0159562E-08 1.9421293E-08 2.1849129E-08 2.2148116E-08 1.2132682E-08 2.3323427E-08 1.2513549E-08 9.8091304E-09 3.4649979E-08 8.4035578E-09 1.2282595E-08 2.7983148E-08 1.5378205E-08 1.8840099E-08 2.2510058E-08	295.0147 300.3068 302.5802 299.3776 306.4882 302.2219 303.4046 306.8250 303.9156 304.6548 305.5251 303.0844 302.5811 303.8284 303.1013	5037.23
2008 2.4045473E-08 1.9752074E-08 2.5395188E-08 1.7763758E-08 1.0250462E-08 2.3970097E-08 9.9605488E-09 6.8158070E-09 2.9844710E-08 7.2248652E-09 1.1735906E-08 2.7297615E-08 1.2956241E-08 1.6088769E-08 2.1286858E-08	295.2263 300.2869 302.3827 299.4092 306.5725 302.0819 303.6013 307.0498 304.7687 305.0753 305.8429 303.7315 302.6877 303.9738 303.3812	0.533548
2009 2.6661562E-08 2.2017899E-08 3.1135158E-08 1.8564625E-08 1.1229297E-08 2.3319243E-08 9.6288915E-09 7.6494571E-09 2.7409886E-08 7.3715678E-09 1.1302198E-08 2.1270280E-08 1.4911636E-08 1.7026970E-08 1.9703405E-08	0.0000000E+00 0.0000000E+00 0.0000000E+00 0.0000000E+00 0.0000000E+00 0.0000000E+00 0.0000000E+00 0.0000000E+00 0.0000000E+00 0.0000000E+00 0.0000000E+00 0.0000000E+00 0.0000000E+00 0.0000000E+00 0.0000000E+00  0
2010 3.3986570E-08 2.2343423E-08 2.7505482E-08 2.1453172E-08 1.2220531E-08 2.6237547E-08 1.2552013E-08 8.1700637E-09 2.7008022E-08 9.3014938E-09 1.0115416E-08 2.3701732E-08 1.2947740E-08 1.2570132E-08 1.5667370E-08	294.9752 300.4661 302.8894 299.7001 306.8525 302.4471 303.7442 307.2922 305.0441 305.0401 306.1573 304.1061 302.8940 304.7288 304.1826	445.294
2011 2.1961986E-08 1.6259101E-08 2.4221606E-08 1.4162779E-08 8.5973788E-09 1.9733237E-08 7.0821407E-09 5.7120864E-09 2.9947817E-08 6.2281940E-09 9.0091348E-09 2.2181867E-08 1.2591846E-08 1.4806371E-08 1.7669576E-08	295.5250 300.5930 302.3914 300.0282 306.9684 302.0790 304.0472 307.2954 304.8344 305.2382 306.0423 304.2730 302.8881 304.5036 304.3416	8.63258
2012 3.3012487E-08 2.0549109E-08 2.7622905E-08 2.5055957E-08 1.2035360E-08 2.9453334E-08 1.4293330E-08 1.0131346E-08 3.6933894E-08 1.0665829E-08 1.5161900E-08 2.8939064E-08 1.7622266E-08 2.0424674E-08 2.2120529E-08	294.4620 299.8213 302.2970 298.9054 306.1477 302.0228 302.8707 306.4396 303.6221 303.9414 304.7412 302.6053 301.8775 303.1168 302.7148	0
2013 3.0026786E-08 2.4263121E-08 3.4845513E-08 2.5178013E-08 1.4419444E-08 3.3584051E-08 1.6124627E-08 1.4576130E-08 3.7081641E-08 1.0974167E-08 1.7011761E-08 2.8429117E-08 1.6379483E-08 1.9858071E-08 1.9148844E-08	294.5362 299.8632 302.5826 298.7104 306.0148 302.2459 302.6147 306.0992 303.4998 304.1927 304.7702 302.6255 302.3965 303.6578 303.1076	382.026
2014 2.7395608E-08 1.8348150E-08 2.3261515E-08 1.6903225E-08 7.1300312E-09 1.7828347E-08 9.3588541E-09 5.1994120E-09 2.7832817E-08 9.6309192E-09 9.7610000E-09 2.2662556E-08 1.4870258E-08 1.7141053E-08 2.0141838E-08	294.7018 300.0243 302.6886 299.3555 306.7091 302.2982 303.4303 307.3043 304.7518 304.3650 305.8996 304.1256 302.0264 303.8004 303.4823	79.5197
2015 3.0060111E-08 1.8233324E-08 2.1372182E-08 2.2271680E-08 8.3688922E-09 2.1690308E-08 1.3425511E-08 8.4432434E-09 3.5635122E-08 1.0577850E-08 1.3260145E-08 2.7548872E-08 1.5519062E-08 1.7938996E-08 2.3491893E-08  294.6773 299.8755 302.7355 299.1364 306.3508 302.3470 302.9677 306.5865 303.9716 303.8431 304.8981 302.8617 301.7715 303.1888 302.3893  77.2565
