STN,prec_1,prec_2,prec_3,prec_4,prec_5,prec_6,prec_7,prec_8,prec_9,prec_10,prec_11,prec_12,prec_13,prec_14,prec_15,st_1,st_2,st_3,st_4,st_5,st_6,st_7,st_8,st_9,st_10,st_11,st_12,st_13,st_14,st_15,10.0
LAT,23.72017,23.72017,23.72017,26.51077,26.51077,26.51077,29.30136,29.30136,29.30136,32.09194,32.09194,32.09194,34.88252,34.88252,34.88252,23.72017,23.72017,23.72017,26.51077,26.51077,26.51077,29.30136,29.30136,29.30136,32.09194,32.09194,32.09194,34.88252,34.88252,34.88252,28.30888906
LON,-101.2500,-98.43750,-95.62500,-101.2500,-98.43750,-95.62500,-101.2500,-98.43750,-95.62500,-101.2500,-98.43750,-95.62500,-101.2500,-98.43750,-95.62500,-101.2500,-98.43750,-95.62500,-101.2500,-98.43750,-95.62500,-101.2500,-98.43750,-95.62500,-101.2500,-98.43750,-95.62500,-101.2500,-98.43750,-95.62500,-98.5572384
1958 1.8255282E-08 4.2105764E-08 1.6307661E-08 2.1274037E-08 2.4112273E-08 1.4433555E-08 2.0621105E-08 2.2911205E-08 2.6852174E-08 2.0835735E-08 3.2569577E-08 4.2849045E-08 2.5804313E-08 3.5146940E-08 4.3561993E-08	289.4201 292.9259 295.8867 289.9717 295.3278 294.1787 290.1856 293.0997 292.6714 288.1535 288.1831 287.0879 283.4661 283.3661 283.1433	2479.42
1959 1.7846448E-08 3.9939977E-08 1.6468000E-08 2.1429482E-08 2.2212804E-08 1.5073539E-08 1.7593683E-08 1.8811871E-08 2.3355414E-08 1.7649500E-08 3.0045740E-08 4.1233370E-08 2.4232595E-08 3.4988037E-08 4.3551701E-08	289.4718 292.5567 295.9948 289.6816 294.7146 294.2546 289.8853 292.6167 292.1175 288.1042 287.9366 286.6078 283.5941 283.4851 283.0844	4213.03
1960 1.9603377E-08 4.3926377E-08 1.5889585E-08 2.0629427E-08 2.4321842E-08 1.4528705E-08 1.6853562E-08 1.9759183E-08 2.4810218E-08 1.6174997E-08 2.7420491E-08 3.7915957E-08 2.2234374E-08 3.0476649E-08 3.7640021E-08	289.3575 292.6200 295.9675 289.8588 294.9501 294.2333 290.2887 293.0222 292.5317 288.7222 288.4423 287.0594 284.2820 284.2682 283.6714	439.152
1961 2.1662487E-08 4.5152099E-08 1.9418772E-08 2.3902640E-08 2.6299762E-08 1.7981808E-08 1.7362684E-08 1.8452015E-08 2.5739123E-08 1.4778914E-08 2.3389239E-08 3.6145270E-08 2.0582366E-08 2.7235114E-08 3.3991654E-08	289.2436 292.5231 295.9594 289.5747 294.6661 294.2318 289.9041 292.4533 292.2021 288.2721 287.9048 286.5346 283.6176 283.2837 282.7377	0.3
1962 1.7224380E-08 3.6048391E-08 1.3708911E-08 1.9715776E-08 1.9071228E-08 1.0562675E-08 1.6769174E-08 1.7184723E-08 2.0339328E-08 1.6397221E-08 2.3990621E-08 3.2019809E-08 2.4242805E-08 2.9959757E-08 3.5553896E-08	289.1831 292.4890 296.0927 289.9143 295.1104 294.3261 290.4813 293.1203 292.4842 289.0992 288.7538 287.2047 284.7407 284.5744 283.8166	1.55806
1963 1.7574230E-08 3.5085613E-08 1.4136479E-08 2.2159991E-08 2.0598417E-08 1.3410236E-08 1.8598827E-08 1.7848711E-08 2.4720457E-08 1.8141314E-08 2.9692929E-08 3.8213500E-08 2.5116508E-08 3.3243701E-08 3.8778722E-08	288.8007 292.1400 295.8784 289.2101 294.5122 294.1717 289.8008 292.4568 291.9320 288.6494 288.3062 286.8004 284.5414 284.4206 283.8351	0.248387
1964 1.9994637E-08 4.2320831E-08 1.5418342E-08 2.1650028E-08 2.3001709E-08 1.4630602E-08 1.6828521E-08 1.9062867E-08 2.2202148E-08 1.5952880E-08 2.8022898E-08 3.6895489E-08 2.2186553E-08 3.1459592E-08 3.7407531E-08	289.2556 292.5872 296.1973 289.9766 295.0870 294.4069 290.4550 293.1720 292.7417 288.7200 288.5758 287.1707 284.0464 283.8794 283.2787	3627.81
1965 2.4504830E-08 4.4090150E-08 2.1432770E-08 2.6991993E-08 2.7668793E-08 1.8918692E-08 2.2174607E-08 2.2002737E-08 2.7237730E-08 2.0048068E-08 2.6853417E-08 3.4286053E-08 2.5059183E-08 2.8943637E-08 3.3034642E-08	287.4372 291.4159 295.5143 288.2845 293.6902 293.9086 288.9424 291.5444 291.1079 287.6994 287.2841 285.8662 283.7017 283.5842 282.9413	45.971
1966 1.8070386E-08 4.0648310E-08 1.6933617E-08 1.9175127E-08 2.0357684E-08 1.4352628E-08 1.3962198E-08 1.6864286E-08 2.1498760E-08 1.3874549E-08 2.2795362E-08 3.1953320E-08 2.0863844E-08 2.9396718E-08 3.5147472E-08	289.4570 292.7207 295.7299 289.9233 295.0519 294.0638 290.2786 293.0265 292.5516 288.5536 288.4882 287.2926 283.9228 284.0136 283.6479	15.2329
1967 1.4553073E-08 4.1849042E-08 1.8484638E-08 2.0111401E-08 2.3158805E-08 1.7545831E-08 1.8973530E-08 2.0969775E-08 2.9315627E-08 1.9302909E-08 2.9775553E-08 4.2398856E-08 2.9251762E-08 3.8084210E-08 4.5554525E-08	289.2890 292.6573 296.0932 289.5213 294.8196 294.3315 289.6806 292.4075 291.9281 287.9395 287.5284 286.1815 283.1888 282.8557 282.4249	1013.45
1968 1.8834665E-08 4.3073893E-08 2.2735540E-08 2.4214671E-08 2.6702816E-08 2.1268583E-08 1.9629718E-08 2.2249488E-08 2.6856727E-08 1.8678028E-08 3.0834812E-08 4.0035712E-08 2.3950184E-08 3.4965076E-08 4.2791765E-08	288.6635 292.2498 295.9494 289.0520 294.3746 294.2191 289.5105 292.1391 291.5534 287.9647 287.5356 286.0016 283.5201 283.1746 282.3069	179.455
1969 1.7396024E-08 3.5289315E-08 1.7623062E-08 1.8084643E-08 1.9958401E-08 1.4219692E-08 1.3336105E-08 1.6688897E-08 2.3845462E-08 1.5482954E-08 2.6616920E-08 4.0390372E-08 2.4015037E-08 3.2184694E-08 4.1461693E-08	289.0881 292.6087 295.9105 289.5206 294.7827 294.1976 290.0668 292.7433 292.1249 288.5279 288.2123 286.6507 283.8740 283.8052 283.2144	1210.26
1970 1.6593830E-08 4.1762750E-08 1.6743506E-08 1.8093033E-08 2.0924261E-08 1.5906435E-08 1.5380921E-08 1.6362707E-08 2.2146944E-08 1.3306922E-08 2.0873767E-08 3.2274212E-08 1.7353990E-08 2.5455765E-08 3.4586169E-08	289.9097 293.1245 296.3212 290.4622 295.5977 294.4941 290.6982 293.5120 292.8586 288.6941 288.5164 287.0991 283.9620 283.6789 282.9877	389.71
1971 1.5455747E-08 3.7596575E-08 1.3778979E-08 1.7327332E-08 2.0531319E-08 1.4050054E-08 1.4351010E-08 1.7602469E-08 2.5246560E-08 1.2639583E-08 2.3214277E-08 3.7102453E-08 1.8937547E-08 2.7479583E-08 3.5142303E-08	289.7509 293.1430 296.4242 290.3041 295.5173 294.5839 290.6179 293.4679 292.9270 289.0625 289.0111 287.4933 284.5775 284.6500 283.9196	11247.5
1972 2.0954088E-08 4.2949100E-08 2.1957671E-08 2.5058236E-08 2.8658015E-08 2.0666720E-08 2.3187308E-08 2.5125876E-08 3.0550162E-08 2.4593795E-08 3.6542602E-08 4.3584816E-08 3.0752652E-08 3.9582901E-08 4.3464592E-08	287.7909 291.5019 295.5829 288.3174 293.4280 293.9589 288.7470 291.1714 290.9240 287.1662 286.8336 285.7144 283.1486 282.9722 282.6687	86.029
1973 1.8552401E-08 4.3095195E-08 1.3683015E-08 2.0238751E-08 2.2689353E-08 1.2317362E-08 1.4747603E-08 1.5759285E-08 1.8666546E-08 1.2840291E-08 2.3641277E-08 3.2350602E-08 1.6349725E-08 2.7773170E-08 3.9063401E-08	290.2061 293.2416 296.1753 291.1563 296.0937 294.3942 291.5822 294.3316 293.7256 289.4558 289.2818 287.9681 284.5328 284.3936 283.8028	6132.58
1974 2.0138787E-08 4.3612140E-08 1.8847187E-08 2.7094993E-08 2.5542024E-08 1.6209695E-08 2.0655071E-08 1.9656202E-08 2.3312039E-08 1.7460282E-08 2.5752160E-08 3.4873242E-08 2.3054492E-08 2.9449927E-08 3.5200930E-08	288.4704 292.1330 296.4662 288.7892 294.2799 294.6159 289.5090 292.4159 292.0519 288.4436 288.2878 286.7804 284.2508 284.1122 283.3412	37.4194
1975 1.8982497E-08 4.4843116E-08 1.6177129E-08 2.0198833E-08 2.2356440E-08 1.4219688E-08 1.5798800E-08 1.6401779E-08 2.0784078E-08 1.3633342E-08 2.1909518E-08 3.1167740E-08 1.8182865E-08 2.5701441E-08 3.3821937E-08	289.8033 293.1308 296.4539 290.6155 295.9368 294.5961 290.9631 293.9799 293.4193 289.1112 288.8741 287.5675 284.2283 283.8625 283.1954	103.339
1976 1.5239385E-08 3.6497926E-08 1.6102030E-08 2.1542412E-08 2.3064644E-08 1.6671958E-08 1.9646633E-08 2.3497124E-08 2.9466902E-08 2.0567771E-08 3.1683118E-08 4.3556430E-08 2.7692321E-08 3.5421824E-08 4.2546077E-08	288.8690 292.3697 296.2497 289.3753 294.7271 294.4548 289.6388 292.3240 291.7226 287.9594 287.4789 286.0995 283.5201 283.0157 282.5300	1403.81
1977 1.9272690E-08 4.0069676E-08 1.7284810E-08 2.1061242E-08 2.3648562E-08 1.5695846E-08 1.5640261E-08 1.6887769E-08 2.2107026E-08 1.5368711E-08 2.5000213E-08 3.8931564E-08 2.1928489E-08 2.9417718E-08 3.7794706E-08	289.1825 292.7232 295.9100 289.8220 295.0804 294.1962 290.4208 293.3371 292.6930 288.8592 288.8237 287.4510 284.0968 284.2038 283.8199	33.3548
1978 2.4188164E-08 4.8397133E-08 2.1016538E-08 2.6219491E-08 3.0564816E-08 1.8129338E-08 2.1913138E-08 2.2078279E-08 2.6338997E-08 1.7622163E-08 2.2561089E-08 3.1565147E-08 1.8895831E-08 2.4820919E-08 3.2661831E-08	288.5515 292.1490 296.1772 289.5233 294.8675 294.4001 290.4189 293.2771 292.6882 289.1324 288.9524 287.4252 284.7999 284.4960 283.7105	13.5894
1979 1.8998259E-08 3.9351544E-08 1.4618764E-08 2.3488514E-08 2.0849253E-08 1.2859942E-08 1.9605640E-08 1.8316459E-08 1.9505796E-08 1.6252180E-08 2.2789662E-08 3.1325730E-08 2.0188882E-08 2.6638833E-08 3.3622602E-08	289.2438 292.6321 295.8765 289.9769 295.3357 294.1722 290.6362 293.5783 292.9917 289.4064 289.3225 287.9208 285.1827 285.0674 284.4991	0.0293548
1980 1.7909993E-08 3.9143710E-08 1.5590127E-08 2.1048177E-08 2.5061018E-08 1.6035369E-08 1.7613967E-08 2.1506331E-08 2.8185919E-08 1.6478680E-08 2.7468067E-08 4.0575124E-08 2.2598902E-08 3.3296352E-08 3.9161034E-08	289.5038 292.8573 295.9976 289.9779 294.9489 294.2623 290.1770 292.6881 292.1708 288.5244 288.0526 286.6274 284.1094 283.7082 283.0099	0.765161
1981 1.6875479E-08 3.7922263E-08 1.6125078E-08 1.9986768E-08 2.3045974E-08 1.6734742E-08 1.5523394E-08 2.0976859E-08 2.6000741E-08 1.5565693E-08 2.9511110E-08 4.3823530E-08 2.3035705E-08 3.4580502E-08 4.3114849E-08	289.6724 293.0244 295.9953 290.2941 295.4235 294.2629 290.5987 293.2757 292.6273 288.7812 288.4173 287.0076 284.2035 284.0162 283.5045	1142.42
1982 1.7360241E-08 3.9029548E-08 1.7977921E-08 2.5454298E-08 2.7538825E-08 1.7452697E-08 2.1711191E-08 2.2658154E-08 2.8637531E-08 2.1805917E-08 3.2127080E-08 4.2647606E-08 2.7814218E-08 3.5013898E-08 4.0328324E-08	287.9007 291.5582 295.8218 288.3972 293.6134 294.1484 288.7908 291.2496 290.9310 287.2583 286.9669 285.8149 283.2991 283.1920 282.8619	202.269
1983 1.8789828E-08 4.0871384E-08 1.6059229E-08 2.0832534E-08 2.3872046E-08 1.5137829E-08 1.7259177E-08 1.8423576E-08 2.1707880E-08 1.5608139E-08 2.7415776E-08 3.7309604E-08 2.1445755E-08 3.4253059E-08 4.2360710E-08	289.5345 292.6774 295.9847 290.4873 295.5790 294.2726 291.0139 293.8452 293.3554 289.3895 289.2957 288.1499 285.0921 284.9816 284.5542	82.1968
1984 1.8941048E-08 3.9384084E-08 1.5146437E-08 1.8961877E-08 2.0869905E-08 1.5443204E-08 1.5187497E-08 1.6180193E-08 2.1288129E-08 1.1278504E-08 1.7268480E-08 2.7792861E-08 1.5086487E-08 2.1057312E-08 2.9885975E-08	290.2041 293.4260 296.0464 291.0108 296.1242 294.3009 291.6379 294.5446 293.9183 289.8066 289.9261 288.6233 284.8662 285.0631 284.6191	902.806
1985 2.4926983E-08 4.4527848E-08 1.7645377E-08 2.7048383E-08 2.6817409E-08 1.5834944E-08 2.1313793E-08 1.8945300E-08 2.2069329E-08 1.6008507E-08 2.3146963E-08 3.2065433E-08 1.8001726E-08 2.5097147E-08 3.2026637E-08	288.5766 292.1182 296.2320 289.4208 294.7083 294.4478 290.3361 293.2568 292.8485 289.1849 289.0738 287.7646 285.0880 285.0690 284.4784	1483.51
1986 2.6328280E-08 4.2052065E-08 1.9507031E-08 2.9108062E-08 2.5804058E-08 1.5838776E-08 2.2380384E-08 2.1010599E-08 2.2173667E-08 1.8182275E-08 2.5966504E-08 3.1302072E-08 2.3422025E-08 2.8688071E-08 3.0679370E-08	287.2304 290.9905 296.2320 288.1776 293.5070 294.4491 289.2889 292.0131 291.6505 288.4695 288.2970 286.9996 284.6588 284.6513 284.2509	774.662
1987 1.8151782E-08 3.7779586E-08 1.8802814E-08 2.0754776E-08 2.6151856E-08 1.8644927E-08 2.0558653E-08 2.5947982E-08 3.2848124E-08 1.8955671E-08 3.4645971E-08 4.9213515E-08 2.4147754E-08 3.6490967E-08 4.8069047E-08	288.4432 292.1460 295.6143 289.2119 294.4898 294.0065 289.7474 292.2005 291.6635 288.2270 287.7865 286.3358 284.0235 283.6358 283.1171	247.387
1988 1.8617630E-08 3.9293116E-08 1.0711429E-08 2.0013296E-08 2.3300412E-08 1.2340852E-08 1.7147228E-08 1.6814269E-08 1.7619548E-08 1.3429895E-08 2.1655927E-08 2.8229389E-08 1.6009682E-08 2.5043569E-08 3.1386328E-08	290.5594 293.7760 296.1262 291.8076 296.8340 294.3688 292.4035 295.3604 294.6185 290.5071 290.7379 289.4648 285.6490 285.6328 285.2469	21.4023
1989 1.9646443E-08 4.5937419E-08 1.8911351E-08 2.3812321E-08 2.6869690E-08 1.6870858E-08 1.8618385E-08 1.8317571E-08 2.3769680E-08 1.6286782E-08 2.3470795E-08 3.5258765E-08 1.7990454E-08 2.4251710E-08 3.2085129E-08	289.8632 293.0143 296.4054 290.4671 295.5668 294.5832 290.7717 293.6942 293.3315 289.1930 289.1059 287.7965 284.9066 284.6613 283.9649	29.0677
1990 3.0345500E-08 5.0832298E-08 2.4289870E-08 3.2628787E-08 3.0009843E-08 1.9398430E-08 2.6104594E-08 2.7134517E-08 3.1399338E-08 2.4948827E-08 3.6262165E-08 4.3237538E-08 3.1483879E-08 3.8940147E-08 4.2187516E-08	287.1224 291.1495 296.0517 287.9043 293.4279 294.3176 288.6439 291.4002 291.2578 287.2494 287.1040 285.9765 283.3459 283.2216 282.7736	65.1935
1991 1.9847743E-08 4.4495803E-08 1.8970889E-08 2.3879435E-08 2.3697140E-08 1.7332390E-08 2.0783137E-08 2.2875353E-08 3.0734252E-08 2.2341277E-08 3.4810483E-08 4.7152117E-08 2.9938569E-08 4.0107118E-08 4.7166480E-08	288.4429 292.1236 296.2007 288.9509 294.4437 294.4395 289.1883 291.8594 291.3906 287.3610 286.9709 285.6829 282.8558 282.5539 282.1689	219.613
1992 2.1726748E-08 4.0775099E-08 2.1376112E-08 2.6386626E-08 2.4929561E-08 1.7218145E-08 2.4870650E-08 2.5765887E-08 2.7388296E-08 2.3368312E-08 3.3686579E-08 4.3774023E-08 2.7541127E-08 3.5158244E-08 4.2650093E-08	287.7388 291.3694 296.1058 288.0653 293.4341 294.3603 288.3259 291.1147 291.0178 286.7592 286.7075 285.6322 282.7554 282.6906 282.3280	36.3548
1993 1.8986082E-08 3.7616097E-08 1.6387764E-08 2.1714412E-08 2.1486899E-08 1.4621365E-08 2.0935161E-08 2.2412413E-08 2.7844056E-08 2.0382942E-08 3.2434574E-08 4.1358099E-08 2.9774366E-08 3.9796525E-08 4.3994085E-08	287.8237 291.6127 295.6531 288.4588 294.0235 294.0417 288.9779 291.6682 291.1136 287.5552 287.2686 285.8549 283.3075 283.0593 282.5530	0
1994 2.0975047E-08 4.3826464E-08 2.0503068E-08 2.7390222E-08 2.9193519E-08 2.1605205E-08 2.4344676E-08 2.6468495E-08 3.4647265E-08 2.1465375E-08 3.1943685E-08 4.2353154E-08 2.5281755E-08 3.5256331E-08 4.1347008E-08	287.8163 291.5276 295.9510 288.0317 293.5175 294.2415 288.5035 291.2578 290.9919 287.1555 287.0595 285.9487 283.2379 283.2445 282.8406	189.735
1995 1.9327542E-08 4.0741654E-08 1.6147640E-08 2.2477657E-08 2.2773698E-08 1.3967981E-08 1.7717024E-08 1.7059376E-08 2.1030553E-08 1.2868558E-08 2.1213877E-08 3.2127240E-08 1.9044119E-08 2.7409868E-08 3.3280998E-08	289.2960 292.4863 296.1736 289.8479 294.8605 294.3974 290.4241 293.0877 292.6059 289.1276 288.8639 287.3933 284.7242 284.4985 283.8479	4.91548
1996 1.6898516E-08 4.1720178E-08 1.5019342E-08 2.3447544E-08 2.4605917E-08 1.5326650E-08 1.8218820E-08 2.0314324E-08 2.5734785E-08 1.6288769E-08 2.5694986E-08 3.9369542E-08 2.2922357E-08 3.0091375E-08 3.8027235E-08	289.5680 293.1342 296.3146 289.8757 295.2793 294.5109 290.2532 293.0658 292.6864 288.7090 288.4689 287.1543 284.1256 284.1911 283.7118	175.976
1997 1.7982289E-08 3.6522575E-08 1.9906372E-08 1.8646180E-08 2.1393845E-08 1.7047975E-08 1.9523039E-08 2.2620995E-08 2.8517491E-08 2.5274034E-08 3.8230048E-08 4.6216655E-08 3.5353413E-08 4.6689330E-08 5.0745179E-08	288.4178 292.1644 295.5458 289.0894 294.2185 293.9416 289.4189 291.5785 291.0016 287.3875 286.9286 285.7255 283.0441 282.8100 282.6378	64.7097
1998 1.6400959E-08 3.9988016E-08 1.1727350E-08 1.8958074E-08 2.0952088E-08 1.1762050E-08 1.6697477E-08 1.4672374E-08 1.6734242E-08 1.3552206E-08 2.1395437E-08 2.8383353E-08 1.5742174E-08 2.5004674E-08 3.1473654E-08	291.0229 293.9342 296.1251 291.9736 296.8226 294.3736 292.2396 295.0547 294.3635 290.1057 290.2153 289.0568 285.4315 285.5537 285.0078	896.774
1999 1.7926629E-08 4.4463594E-08 1.3905723E-08 1.8865792E-08 2.1827724E-08 1.2889038E-08 1.5838992E-08 1.6635543E-08 2.0116161E-08 1.2939990E-08 2.1637854E-08 3.0736487E-08 1.5532297E-08 2.7011628E-08 3.6705426E-08	291.2949 294.3772 296.4815 292.5007 297.4971 294.6346 293.1382 295.9992 295.1565 291.4333 291.4970 290.1671 286.8267 286.6830 286.1166	17.9355
2000 1.6004167E-08 4.3605613E-08 1.6357731E-08 1.9158428E-08 2.2465519E-08 1.3663175E-08 1.9145963E-08 1.8670903E-08 2.5019130E-08 1.8708525E-08 2.9745815E-08 3.7810466E-08 2.4044901E-08 3.3567055E-08 3.7765524E-08	290.2576 293.5002 296.5505 291.0699 296.2949 294.6893 291.6205 294.4707 293.9343 289.8441 289.6885 288.4926 285.2189 285.0203 284.6375	18.1713
2001 2.0680693E-08 3.8248114E-08 1.6065767E-08 2.1903851E-08 2.1765077E-08 1.4269904E-08 1.6464622E-08 1.8024567E-08 2.3111896E-08 1.7404943E-08 2.5368648E-08 3.3859134E-08 2.2301251E-08 2.9632615E-08 3.5840589E-08	288.6824 292.3325 296.4178 289.3153 294.8182 294.5895 290.1012 293.0774 292.7014 288.8083 288.7742 287.5012 284.6076 284.6363 284.0515	0
2002 2.1643821E-08 4.5641116E-08 2.0461304E-08 2.7352602E-08 2.7611163E-08 1.7023345E-08 2.5451765E-08 2.5872897E-08 2.7267944E-08 2.1976135E-08 3.0489645E-08 4.1984215E-08 2.5199759E-08 3.2643946E-08 3.8965865E-08	288.3414 291.9252 296.1436 288.6289 294.0659 294.3822 288.9558 291.6729 291.5537 287.4854 287.3842 286.2056 283.5103 283.4946 283.0621	621.452
2003 1.9275637E-08 4.0351829E-08 1.6353832E-08 2.1565576E-08 2.0614062E-08 1.2590288E-08 1.5248629E-08 1.4097150E-08 1.8152775E-08 1.3698669E-08 2.1247670E-08 3.1396656E-08 2.0326555E-08 2.6757300E-08 3.3760251E-08	289.1150 292.1977 296.1717 289.4872 294.7554 294.3983 290.0885 292.8020 292.3585 288.8861 288.5172 287.1350 284.6862 284.4287 283.7246	4080.45
2004 2.3374151E-08 4.2590028E-08 1.9914971E-08 2.8484408E-08 2.7535686E-08 1.9493735E-08 2.3829850E-08 2.3462185E-08 2.8584157E-08 2.2729935E-08 3.1083733E-08 3.8549100E-08 2.6944665E-08 3.3211403E-08 3.9034944E-08	288.0022 291.7610 295.9886 288.6577 294.1670 294.2485 289.4435 292.2942 291.9623 288.2657 288.1176 286.8773 284.1881 283.9970 283.5475	108.71
2005 1.9337287E-08 4.0276337E-08 1.8149979E-08 2.1657685E-08 2.0865773E-08 1.5387487E-08 1.5289869E-08 1.5848373E-08 1.8868095E-08 1.5231455E-08 2.2278233E-08 3.0174050E-08 2.0462274E-08 2.7908518E-08 3.3441889E-08	289.2657 292.4528 296.0660 289.6566 294.8019 294.3173 290.1586 292.8916 292.4648 288.8957 288.5805 287.1961 284.7252 284.3877 283.7996	54.7065
2006 2.0339122E-08 4.1800700E-08 1.8111878E-08 2.6492454E-08 2.4942477E-08 1.7203252E-08 2.0720940E-08 2.0558366E-08 2.4989291E-08 1.7808640E-08 2.4258334E-08 3.3519036E-08 2.0851303E-08 2.7005559E-08 3.3686664E-08	289.0964 292.5466 296.3584 289.3257 294.7518 294.5562 289.7527 292.6101 292.4450 288.4183 288.2806 287.1473 284.2525 284.1418 283.6944	66.0777
2007 1.9135337E-08 4.0151910E-08 1.5931626E-08 2.0969157E-08 2.0579602E-08 1.3086656E-08 1.6816539E-08 1.4512767E-08 1.7280595E-08 1.3479787E-08 2.2108642E-08 3.1938743E-08 1.8944398E-08 2.6874694E-08 3.5760483E-08	289.9957 293.3497 296.3998 290.8915 296.1570 294.5922 291.3381 294.2345 293.7296 289.5603 289.3779 288.1566 284.8648 284.5739 284.0507	255.484
2008 1.7922401E-08 4.2860790E-08 1.4333118E-08 2.3761510E-08 2.6963876E-08 1.4697041E-08 2.0628224E-08 2.1789054E-08 2.2783007E-08 1.6782638E-08 2.6507832E-08 3.6191445E-08 1.8868700E-08 2.7410243E-08 3.5656548E-08	290.0776 293.3512 296.3079 290.7743 295.9738 294.4979 291.3300 293.9840 293.6074 289.6592 289.4463 288.1625 285.2601 284.9412 284.3375	0.291935
2009 2.1683281E-08 4.0844398E-08 1.9680844E-08 2.5156572E-08 2.6360004E-08 1.8316362E-08 2.5356051E-08 2.7363530E-08 3.3122415E-08 2.6582406E-08 4.0300392E-08 5.0689298E-08 3.4174402E-08 4.5315609E-08 5.2349030E-08	287.9048 291.9101 296.0007 288.7741 294.2562 294.2740 289.4922 291.8623 291.3633 287.9316 287.3331 285.9279 283.6003 283.0782 282.5062	4.06645
2010 2.0363329E-08 3.9608793E-08 1.4064637E-08 1.9513237E-08 2.0099273E-08 1.1375809E-08 1.3963953E-08 1.2628214E-08 1.6082650E-08 1.1002505E-08 1.8474289E-08 2.7248337E-08 1.3442220E-08 2.0743167E-08 2.8296371E-08	290.5571 293.6388 296.7610 291.8355 296.7522 294.8537 292.4247 295.2191 294.4324 290.7015 290.5353 289.0040 286.0504 285.7690 285.0468	0.330968
2011 1.7130262E-08 4.3190600E-08 1.2623556E-08 2.2024247E-08 2.5619904E-08 1.5101973E-08 2.0978121E-08 2.1481343E-08 2.3588344E-08 1.9457481E-08 2.9245172E-08 3.7378047E-08 2.2116355E-08 3.2703468E-08 4.1444430E-08	291.0771 294.2151 296.5389 291.9398 296.9009 294.6805 292.1671 294.9504 294.4971 290.0808 290.1585 289.0119 285.4233 285.3799 284.9749	101.392
2012 2.0013614E-08 4.0847681E-08 1.8124682E-08 2.5258673E-08 2.8219329E-08 1.5971578E-08 2.1882835E-08 2.2669662E-08 2.5196439E-08 1.8899007E-08 2.9656425E-08 3.7946183E-08 2.4519128E-08 3.2336420E-08 3.7916369E-08	288.9324 292.6057 296.0094 289.5942 295.0683 294.2781 290.0717 292.9407 292.5737 288.6804 288.2938 286.9916 284.2592 283.8690 283.3492	149.403
2013 2.1855033E-08 4.5785260E-08 1.9004450E-08 2.6842214E-08 2.6752785E-08 1.4205810E-08 2.0254308E-08 2.1503526E-08 2.1347011E-08 1.8090322E-08 2.6080452E-08 3.4679918E-08 2.2690081E-08 2.7709083E-08 3.2606458E-08	289.5930 292.7057 296.3275 289.9511 295.0446 294.5111 290.2668 292.9994 292.6352 288.7590 288.3993 287.0720 284.2396 283.9919 283.3505	5609.32
2014 2.1089143E-08 3.5822808E-08 2.0219181E-08 2.1715167E-08 2.0970255E-08 1.7420959E-08 1.9621279E-08 2.2891491E-08 2.9996148E-08 2.2980375E-08 3.6786989E-08 4.7550145E-08 3.1416473E-08 4.0691052E-08 4.7322583E-08	287.5505 291.5438 295.6828 288.1771 293.8145 294.0192 288.9294 291.5854 291.1050 287.5197 287.1466 285.6982 283.1756 282.9069 282.4839	21.5639
2015 1.8880346E-08 3.3476553E-08 1.7736784E-08 2.0088661E-08 1.9688024E-08 1.4210235E-08 1.6566114E-08 1.9822096E-08 2.5505580E-08 1.9360135E-08 3.1999662E-08 4.0836362E-08 2.8128779E-08 3.6316937E-08 4.0760288E-08  288.3489 291.7162 295.0529 288.7984 293.7473 293.5562 289.0635 290.9590 290.3555 287.2250 286.5494 285.2089 282.8251 282.4320 281.9874  281.941
