STN,prec_1,prec_2,prec_3,prec_4,prec_5,prec_6,prec_7,prec_8,prec_9,prec_10,prec_11,prec_12,prec_13,prec_14,prec_15,st_1,st_2,st_3,st_4,st_5,st_6,st_7,st_8,st_9,st_10,st_11,st_12,st_13,st_14,st_15,04.0
LAT,23.72017,23.72017,23.72017,26.51077,26.51077,26.51077,29.30136,29.30136,29.30136,32.09194,32.09194,32.09194,34.88252,34.88252,34.88252,23.72017,23.72017,23.72017,26.51077,26.51077,26.51077,29.30136,29.30136,29.30136,32.09194,32.09194,32.09194,34.88252,34.88252,34.88252,28.30888906
LON,-101.2500,-98.43750,-95.62500,-101.2500,-98.43750,-95.62500,-101.2500,-98.43750,-95.62500,-101.2500,-98.43750,-95.62500,-101.2500,-98.43750,-95.62500,-101.2500,-98.43750,-95.62500,-101.2500,-98.43750,-95.62500,-101.2500,-98.43750,-95.62500,-101.2500,-98.43750,-95.62500,-101.2500,-98.43750,-95.62500,-98.5572384
1958 2.3898174E-08 1.8038866E-08 2.9939589E-08 1.8063927E-08 7.7860056E-09 1.9517975E-08 1.2935701E-08 4.5749635E-09 2.4679933E-08 1.1222216E-08 1.2137667E-08 2.4696769E-08 1.9341096E-08 1.9299739E-08 2.2957428E-08	294.6774 299.9558 302.2843 299.4206 306.4778 302.0026 303.4018 307.0359 304.6041 304.4206 305.7640 303.9447 301.9818 303.7830 303.3944	1.68
1959 2.8460306E-08 2.4900418E-08 3.8088125E-08 1.9796857E-08 1.2218953E-08 2.8147078E-08 1.2576765E-08 1.0053953E-08 2.9664342E-08 1.0686798E-08 1.3142943E-08 2.5996790E-08 1.6213205E-08 1.8362920E-08 2.1601030E-08	294.6010 299.6920 302.3199 299.1255 306.0284 302.0255 303.2692 306.6321 304.4543 304.6456 305.6520 303.9058 302.3807 304.1158 303.7540	1.42
1960 3.1652110E-08 2.2631701E-08 2.9491083E-08 1.8867654E-08 1.1017897E-08 2.3836680E-08 1.0385651E-08 7.9099340E-09 3.0885889E-08 7.7889553E-09 1.0317748E-08 2.1551692E-08 1.4726733E-08 1.7078127E-08 2.0872356E-08	294.1704 299.5513 302.2365 298.9314 306.0153 301.9686 303.2270 306.6351 304.2600 304.7183 305.6482 303.6508 302.5308 303.9476 303.3828	15.9333
1961 3.5012697E-08 2.6009873E-08 3.2820417E-08 3.0073789E-08 1.6348901E-08 2.6440786E-08 1.7950383E-08 1.2580396E-08 3.5456015E-08 1.2144825E-08 1.7258836E-08 2.8255055E-08 1.9290390E-08 2.2576806E-08 2.4872044E-08	294.1360 299.5503 302.2168 298.5223 305.7402 301.9503 302.5765 306.1664 304.2434 304.0307 304.9691 303.5455 301.6586 303.1309 303.0449	60.1733
1962 2.5600709E-08 1.7013294E-08 2.4032119E-08 1.7856722E-08 8.0450979E-09 2.0779046E-08 1.2303119E-08 6.3755152E-09 3.2265589E-08 9.2375734E-09 1.1980013E-08 2.9887911E-08 1.6191079E-08 1.8721520E-08 2.1089370E-08	294.6285 300.1136 302.1804 299.2407 306.6077 301.9267 303.2947 306.9905 304.4265 304.7336 305.7528 303.8241 302.4951 304.1165 303.7977	5.62333
1963 3.4617692E-08 2.7929381E-08 3.4471370E-08 2.3782901E-08 1.6519053E-08 3.1637150E-08 1.1893437E-08 8.7117220E-09 3.5725161E-08 1.0502951E-08 1.4828620E-08 3.2273487E-08 1.7294845E-08 2.1020149E-08 2.3567342E-08	294.1360 299.4964 302.1750 298.6973 305.8712 301.9239 302.8510 306.3369 303.9179 304.1587 304.9570 302.7178 301.9796 303.1635 302.6647	28.0067
1964 2.8078455E-08 2.3994570E-08 2.8895460E-08 2.0335147E-08 1.2838686E-08 2.8050618E-08 9.1383328E-09 7.4675484E-09 3.1771933E-08 6.8532149E-09 1.2092452E-08 2.3253742E-08 1.3108854E-08 1.6856680E-08 1.9720579E-08	294.7241 299.9697 302.2490 299.1991 306.1394 301.9756 303.2905 306.7892 304.7152 304.7165 305.6739 304.1796 302.8302 304.3864 304.1239	5.86
1965 2.9658970E-08 2.4841729E-08 3.2353316E-08 2.2382375E-08 1.3826961E-08 2.5614467E-08 1.2444961E-08 7.2494766E-09 2.7835029E-08 8.5441370E-09 1.1000623E-08 2.4152540E-08 1.4548477E-08 1.7017840E-08 1.9218561E-08	294.0417 299.3378 302.1004 298.3488 305.4880 301.8744 302.4684 306.1502 303.9807 303.8989 304.9632 303.1467 301.7918 303.2632 302.8394	0.183333
1966 2.4358604E-08 1.8923311E-08 2.4612742E-08 1.9885199E-08 9.3789518E-09 2.3840958E-08 1.3036104E-08 7.8770244E-09 2.9492753E-08 1.0412970E-08 1.2394079E-08 2.6070735E-08 1.6043272E-08 2.0016772E-08 2.3810017E-08	294.5225 299.6730 301.9518 298.8517 305.9389 301.7673 302.7011 306.3150 303.8151 303.8712 305.0945 303.1218 301.6574 303.0790 302.5317	377.87
1967 2.3757767E-08 1.8435347E-08 2.7443361E-08 2.1570211E-08 8.2516856E-09 2.4923233E-08 1.3344158E-08 5.8457186E-09 2.8231801E-08 1.0403354E-08 1.1451387E-08 2.2188324E-08 1.4757662E-08 1.6740382E-08 1.8567372E-08	294.4708 299.7419 302.0611 298.6868 306.1800 301.8434 302.5015 306.3927 304.1961 303.9857 305.1709 303.5182 302.1613 303.7998 303.3984	137.4
1968 2.8365690E-08 1.8618007E-08 2.2284066E-08 1.9421060E-08 9.2192423E-09 1.8243616E-08 1.1566265E-08 5.7191607E-09 2.9181761E-08 1.0259485E-08 1.2259957E-08 2.6933082E-08 1.7074427E-08 2.0976820E-08 2.2900373E-08	294.3489 299.9303 302.0302 298.9356 306.3317 301.8239 302.8878 306.6497 304.0686 303.8743 304.9712 302.8510 301.4483 302.8539 302.3623	96.7667
1969 2.6151792E-08 2.0190072E-08 2.4841196E-08 1.6908995E-08 1.0793184E-08 2.3553008E-08 9.2533154E-09 6.9899020E-09 3.0414853E-08 7.8200051E-09 1.1148385E-08 2.4904645E-08 1.4831582E-08 1.7690340E-08 2.2592875E-08	294.6279 299.7258 302.2590 299.2710 306.1643 301.9816 303.2778 306.5867 303.9668 304.2973 305.2102 303.1219 301.8904 303.3601 302.8250	6.4
1970 2.6052295E-08 2.2324278E-08 2.7724655E-08 1.9276591E-08 1.0978939E-08 2.4335849E-08 8.7462269E-09 6.6377370E-09 2.6735830E-08 7.6465518E-09 1.0272256E-08 2.3102059E-08 1.1226128E-08 1.4293620E-08 1.9681897E-08	294.2632 299.4485 302.0773 298.7014 305.7189 301.8489 302.8545 306.1802 303.8717 304.4213 305.1788 303.2247 302.3344 303.8052 303.2450	38
1971 3.1954311E-08 2.3579332E-08 3.0649893E-08 2.2774648E-08 1.3778849E-08 2.6243315E-08 1.3619516E-08 7.7917282E-09 2.7666296E-08 1.0947380E-08 1.3785193E-08 2.5438283E-08 1.6600431E-08 1.9497548E-08 2.1382318E-08	294.1896 299.5078 302.1224 298.5933 305.8935 301.8855 302.7291 306.6381 304.4205 303.9441 305.2929 303.4224 301.4814 303.2914 302.9807	0
1972 3.5483559E-08 2.4508802E-08 3.1624776E-08 2.6305793E-08 1.2788994E-08 3.2349263E-08 1.7855882E-08 1.0954811E-08 3.5873498E-08 1.2365515E-08 1.6447441E-08 3.4398468E-08 1.9113115E-08 2.2873413E-08 2.6415547E-08	293.9867 299.3710 302.1215 298.3549 305.6470 301.8844 302.2506 305.9273 303.6797 303.3425 304.3036 302.4022 301.3056 302.4856 302.0327	6.69167
1973 2.8586074E-08 1.9317934E-08 2.7297684E-08 1.8460939E-08 9.6184243E-09 2.5638393E-08 8.1765963E-09 5.8061276E-09 3.0293727E-08 8.5079783E-09 1.0503904E-08 2.7027713E-08 1.8391964E-08 2.0866155E-08 2.4876964E-08	294.3833 299.8310 302.1703 298.8928 306.2266 301.9164 303.1163 306.8791 304.1237 304.1998 305.4789 303.1632 301.7030 303.2655 302.4959	11.255
1974 2.2448670E-08 1.6842206E-08 2.5419535E-08 1.5896699E-08 7.4938766E-09 1.9713756E-08 9.2683434E-09 4.9983608E-09 2.7150641E-08 8.6445286E-09 9.9089510E-09 2.3398007E-08 1.5245261E-08 1.6949903E-08 2.0984187E-08	294.5731 299.6958 301.8841 299.0152 306.0560 301.7170 303.0325 306.6017 304.3823 304.3116 305.3665 303.7187 302.1024 303.7339 303.4400	35.2133
1975 2.6361082E-08 1.9377593E-08 2.9019391E-08 1.6099515E-08 7.8848066E-09 2.2813644E-08 8.7490344E-09 4.6757069E-09 2.3851099E-08 8.6380538E-09 9.2537418E-09 2.2256589E-08 1.6599468E-08 1.7474859E-08 1.8216022E-08	294.7010 299.8731 302.1246 299.3083 306.3763 301.8860 303.4100 306.9381 304.6046 304.6719 305.7297 303.8336 302.2708 303.8198 303.5804	53.37
1976 2.3340455E-08 1.6760943E-08 2.1922903E-08 1.9108453E-08 8.4784757E-09 1.8263961E-08 1.1958305E-08 5.3140350E-09 2.9001759E-08 9.6582431E-09 1.0257737E-08 2.3603047E-08 1.5758685E-08 1.8170265E-08 1.8581925E-08	294.7641 299.9029 301.9153 298.9569 306.1357 301.7391 302.8221 306.4996 303.9738 304.0260 305.0667 302.9359 301.6037 303.0354 302.5695	60.5937
1977 2.6457883E-08 2.1874568E-08 3.2657631E-08 1.8132210E-08 1.2122095E-08 2.8436084E-08 1.0073225E-08 8.1358325E-09 3.6764728E-08 7.5961255E-09 1.1555895E-08 2.4809289E-08 1.3362317E-08 1.4875954E-08 1.9009443E-08	294.2076 299.3311 302.1607 298.8133 305.6890 301.9108 302.8748 306.2518 303.6293 304.2217 305.1847 303.4415 302.1979 303.7797 303.3327	400.567
1978 2.8325513E-08 2.1569287E-08 3.0744918E-08 2.0883325E-08 9.6300070E-09 2.3833442E-08 1.1422003E-08 5.4285598E-09 2.8316581E-08 8.4822611E-09 8.8805985E-09 2.1972818E-08 1.5249555E-08 1.5584671E-08 1.7405009E-08	294.1902 299.6224 302.1367 298.8659 306.1079 301.8961 302.9745 306.6649 304.2411 304.2107 305.4347 303.6096 301.8869 303.7168 303.4731	0.151667
1979 3.4926664E-08 2.3181762E-08 2.5479807E-08 2.5914172E-08 1.4352416E-08 2.2792184E-08 1.3690809E-08 7.4442301E-09 3.0258075E-08 9.8679589E-09 1.3080236E-08 2.8738775E-08 1.7308174E-08 1.8902160E-08 2.0306794E-08	294.3268 299.8823 302.3060 298.7933 306.2168 302.0186 303.0709 306.7501 304.2167 304.4311 305.3222 302.9733 302.0991 303.5523 302.9381	332.168
1980 2.7324260E-08 1.8831441E-08 2.1895618E-08 1.7631919E-08 7.8506561E-09 1.8068103E-08 7.5570785E-09 4.1670853E-09 2.7297483E-08 6.3979413E-09 8.1215408E-09 2.2247130E-08 1.5920277E-08 1.7010917E-08 2.0882888E-08	294.5803 300.1258 302.2051 299.4560 306.5914 301.9418 303.8221 307.1748 304.4505 305.0399 306.0656 303.8461 302.4237 304.0736 303.5014	0.00166667
1981 2.3815383E-08 1.7699790E-08 2.5595240E-08 1.6263265E-08 7.3321069E-09 2.2929203E-08 9.8131103E-09 5.8005507E-09 2.9525898E-08 1.0124825E-08 1.0987097E-08 2.5189500E-08 1.6334285E-08 1.9120774E-08 2.1466116E-08	294.5286 299.7011 302.0409 299.1208 306.1587 301.8278 302.9933 306.4500 304.0859 304.1344 305.1519 303.2515 301.9717 303.5444 303.2473	139.658
1982 2.7923559E-08 1.6434639E-08 2.1423544E-08 2.2321718E-08 8.0585556E-09 1.7385062E-08 1.1835759E-08 5.3724296E-09 2.3622048E-08 9.9595958E-09 1.1487014E-08 2.2117250E-08 1.6405853E-08 2.0264231E-08 2.1551523E-08	294.6019 300.0640 302.3055 299.2969 306.6219 302.0162 303.3626 306.9571 304.6575 304.2756 305.3007 303.5891 301.8953 303.3331 302.9768	30.7667
1983 2.7911709E-08 1.7322163E-08 2.2526335E-08 1.8580227E-08 7.3819995E-09 1.7398261E-08 1.2419558E-08 6.2338534E-09 2.7742674E-08 9.7022959E-09 1.2006969E-08 2.3466439E-08 1.5439300E-08 1.7903451E-08 2.0837176E-08	294.9073 300.1834 302.4648 299.5988 306.7410 302.1317 303.5332 307.0515 304.2635 304.5857 305.6479 303.5213 302.5484 304.1249 303.4405	0.0993333
1984 1.8918131E-08 1.5336123E-08 2.3831420E-08 1.0900907E-08 5.9560810E-09 1.8796314E-08 7.3547959E-09 5.0938689E-09 2.1972641E-08 7.1674409E-09 9.2719139E-09 1.9733584E-08 1.4090327E-08 1.5384087E-08 1.6271120E-08	295.0342 299.9866 302.1588 299.4507 306.3342 301.9182 303.3827 306.7967 304.5586 304.3957 305.4113 303.5995 302.0990 303.7537 303.5005	0.00766667
1985 2.7630032E-08 1.9288301E-08 2.9547977E-08 1.9565782E-08 1.0513546E-08 2.5138615E-08 9.6046406E-09 7.2975270E-09 3.2869718E-08 7.9688940E-09 1.0028269E-08 2.2360359E-08 1.2985296E-08 1.6064110E-08 1.9339833E-08	294.4325 299.8822 302.0577 299.0125 306.3904 301.8416 303.1928 306.8954 304.3196 304.5197 305.6092 303.4575 302.2416 303.6672 303.0081	506.5
1986 2.7365541E-08 1.8010091E-08 2.4097648E-08 1.5911679E-08 6.7493775E-09 2.1539021E-08 8.9272669E-09 7.8299083E-09 2.8612602E-08 9.5949781E-09 1.1264651E-08 2.1493793E-08 1.5549709E-08 1.8734923E-08 1.9351553E-08	294.3940 299.7208 302.4264 299.2263 306.3797 302.1099 303.3024 306.6564 304.0072 304.3034 305.1934 302.8942 301.9019 303.2495 302.5346	0.397667
1987 2.0779197E-08 1.6182405E-08 2.8536361E-08 1.2657837E-08 7.0092465E-09 2.3322754E-08 1.0416967E-08 3.4988459E-09 2.6677705E-08 9.8730881E-09 9.3388728E-09 2.4015439E-08 1.8708059E-08 2.0103284E-08 2.1872406E-08	294.9208 299.9040 302.4089 299.4304 306.3418 302.1011 303.2238 306.8730 304.1192 303.9042 305.2874 303.1527 301.2155 302.7538 302.1546	88.2333
1988 2.6843351E-08 1.6979916E-08 2.3179439E-08 1.7463654E-08 7.9109812E-09 2.2776090E-08 1.1779782E-08 7.9952249E-09 3.1018011E-08 9.3562864E-09 1.1911993E-08 2.6177471E-08 1.3700624E-08 1.5937749E-08 2.0003204E-08	294.4810 299.9816 302.1310 299.0753 306.3861 301.8899 303.0230 306.5347 304.0115 304.1714 305.0292 302.8036 302.0305 303.4615 302.8516	16.81
1989 3.0865159E-08 2.0535216E-08 2.3784285E-08 2.1902173E-08 1.1637295E-08 2.8153504E-08 1.2242594E-08 9.8163673E-09 3.7824950E-08 1.0258574E-08 1.4433875E-08 3.2015134E-08 1.5359372E-08 1.9019359E-08 2.2789960E-08	294.4516 299.7918 302.1770 298.8267 306.0695 301.9268 302.9531 306.4341 304.0155 304.2885 305.0891 302.9822 302.2271 303.5475 303.0245	1.07067
1990 2.8517036E-08 2.1215218E-08 2.9738130E-08 2.1539712E-08 1.0660653E-08 2.3744665E-08 1.0756286E-08 6.1880265E-09 2.9448689E-08 8.2831644E-09 1.0462188E-08 2.1951703E-08 1.4157860E-08 1.7401250E-08 1.9535582E-08	294.6017 299.8962 302.6272 299.0269 306.2470 302.2553 303.1028 306.8814 304.7483 304.3210 305.5914 304.0940 302.2730 303.8574 303.6741	642.867
1991 2.7538453E-08 2.1767278E-08 3.3427959E-08 1.6557012E-08 1.1184043E-08 2.6728346E-08 1.1485919E-08 1.0960689E-08 3.3712947E-08 1.0301473E-08 1.2538622E-08 2.6448610E-08 1.4586192E-08 1.9449503E-08 2.4374682E-08	294.5587 299.8369 302.4660 299.1779 306.1660 302.1369 303.0031 306.4329 303.9659 304.1426 305.1221 303.1945 302.2511 303.5307 302.8424	98.6457
1992 3.0271767E-08 1.9688041E-08 2.7293957E-08 2.1646134E-08 9.8119823E-09 2.3175886E-08 1.2586955E-08 6.2006373E-09 2.8927035E-08 1.2316595E-08 1.3328443E-08 2.7023548E-08 1.7835360E-08 1.8985514E-08 2.1261100E-08	294.3131 299.7310 302.3235 298.9605 306.1658 302.0353 302.9462 306.5773 304.0112 303.7287 304.8123 302.9144 301.4025 302.8979 302.4351	660.733
1993 2.8034588E-08 1.7210855E-08 2.0738323E-08 2.2470502E-08 8.0750482E-09 1.5812505E-08 1.5018744E-08 6.0856644E-09 2.4430024E-08 1.1769294E-08 1.1404136E-08 2.2406823E-08 1.5186085E-08 1.7885698E-08 1.7874866E-08	294.4169 299.7807 302.1762 298.8716 306.2695 301.9301 302.7257 306.6017 304.3178 303.7944 305.2882 303.8348 301.8017 303.4852 303.5105	30.59
1994 2.9238066E-08 2.1856875E-08 2.5728893E-08 1.7902575E-08 8.9719139E-09 2.1797741E-08 9.8113686E-09 6.1670415E-09 2.7842464E-08 7.4133215E-09 7.4656850E-09 2.1447558E-08 1.3894547E-08 1.3991713E-08 1.8334541E-08	294.1660 299.4828 301.9648 298.7743 305.9843 301.7817 303.0062 306.6347 304.1905 304.3711 305.7160 303.6150 302.0869 303.9734 303.4027	0.407
1995 2.6360013E-08 2.1924331E-08 3.6881080E-08 2.0585842E-08 9.2276364E-09 2.1671553E-08 1.0816133E-08 7.3460713E-09 3.0095499E-08 8.6328580E-09 1.1431767E-08 2.8152847E-08 1.3802008E-08 1.7504826E-08 2.0893376E-08	294.5605 299.7169 302.3882 298.8328 306.1476 302.0842 302.9146 306.5728 304.1903 304.2497 305.2763 303.2882 302.4697 303.7811 303.2422	62.9717
1996 1.9531463E-08 1.7938108E-08 2.6519045E-08 1.3773403E-08 9.0956336E-09 2.2711651E-08 7.3964617E-09 5.2979860E-09 2.5868083E-08 7.5198905E-09 8.7109093E-09 1.8194633E-08 1.3763545E-08 1.5569812E-08 1.6258172E-08	294.9413 299.8023 302.2888 299.4362 306.3002 302.0146 303.3912 306.8744 304.5545 304.6292 305.7070 304.1003 302.4175 304.0531 303.7374	0
1997 3.0062647E-08 1.6179817E-08 2.2926164E-08 1.8717364E-08 8.6601117E-09 2.1770225E-08 9.6477581E-09 5.6199041E-09 3.1405257E-08 1.0106596E-08 1.3636339E-08 2.8513998E-08 1.5784586E-08 1.9857575E-08 2.1984393E-08	294.4718 300.0443 302.5040 299.1661 306.4957 302.1682 303.1985 306.8260 304.3248 304.1877 305.1092 303.2202 301.8942 303.3051 302.9467	269.9
1998 2.9718175E-08 1.9323847E-08 2.5758805E-08 2.1370015E-08 9.5936530E-09 1.6498962E-08 1.2586582E-08 7.1632305E-09 2.9093943E-08 8.4690255E-09 1.0951526E-08 2.4654984E-08 1.3136279E-08 1.7236262E-08 2.1002073E-08	294.4072 299.8255 302.3509 298.9143 306.2541 302.0471 303.0786 306.7658 304.2343 304.3919 305.4435 303.2769 302.3500 303.7605 303.0940	1.902
1999 3.0922671E-08 1.8056737E-08 1.9882821E-08 2.0711024E-08 9.4577750E-09 2.1039833E-08 1.1391826E-08 6.3990369E-09 3.1591000E-08 8.9249630E-09 1.2134261E-08 2.6553128E-08 1.6440488E-08 2.0475433E-08 2.2092303E-08	294.7341 300.2371 302.2101 299.3597 306.6071 301.9509 303.7067 307.1601 304.5310 305.0460 305.8565 303.6641 302.3867 303.9535 303.5787	257.7
2000 3.5349739E-08 2.5678011E-08 3.0576263E-08 2.3826237E-08 1.4542629E-08 2.8771840E-08 1.3421910E-08 1.2334796E-08 3.7474624E-08 1.1186866E-08 1.4779384E-08 3.0707245E-08 1.4774190E-08 1.8246423E-08 1.9423995E-08	294.4183 299.9314 302.3975 298.8730 306.0515 302.0812 302.9582 306.4363 303.7971 304.3767 305.0931 302.8101 302.2564 303.6270 303.0875	7.28567
2001 3.1504744E-08 2.2604667E-08 2.7486454E-08 1.8370638E-08 1.1959374E-08 3.0274251E-08 1.0789666E-08 7.5752595E-09 3.2718308E-08 1.0041730E-08 1.1645778E-08 2.9476206E-08 1.8481924E-08 2.2243604E-08 2.6100068E-08	294.3783 299.8155 302.5298 299.0761 306.1401 302.1852 303.3159 306.7831 304.3077 304.3313 305.3994 303.2846 301.6375 303.0638 302.5618	53.4
2002 3.3118230E-08 2.0710090E-08 2.4239418E-08 2.4779744E-08 1.0541030E-08 2.3596170E-08 1.2171464E-08 7.0708128E-09 3.0599075E-08 9.1511323E-09 1.2320989E-08 2.8173485E-08 1.5233663E-08 1.6648448E-08 2.2514495E-08	294.2379 299.7799 302.4171 298.7747 306.0879 302.1006 303.0040 306.5998 303.9335 304.2126 305.1301 302.8397 301.7552 303.3293 302.7116	0.148333
2003 3.7952486E-08 2.7499448E-08 2.8203967E-08 2.9984800E-08 1.7040449E-08 2.9029069E-08 1.4914878E-08 9.4046841E-09 3.4782676E-08 1.0217972E-08 1.4063822E-08 2.8885760E-08 1.5095322E-08 2.0551052E-08 2.4000071E-08	293.9760 299.5288 302.4348 298.4045 305.8045 302.1102 302.5804 306.4286 304.0197 303.9289 305.0346 303.0601 301.8721 303.3194 302.8187	24.7367
2004 3.2269210E-08 1.7655264E-08 2.1565771E-08 2.5091845E-08 1.0223558E-08 1.8920339E-08 1.5368173E-08 7.7772535E-09 2.9376714E-08 1.1240532E-08 1.0859118E-08 2.3712907E-08 1.4192550E-08 1.6821026E-08 1.9531759E-08	294.6022 300.2188 302.3981 298.9610 306.5118 302.0872 302.9380 306.8334 304.4618 304.1370 305.4461 303.5152 301.8916 303.4998 303.1150	1865.5
2005 3.0497713E-08 1.7367556E-08 2.0289741E-08 2.5176226E-08 8.8399430E-09 1.7535028E-08 1.7285883E-08 6.8942105E-09 2.6469726E-08 1.2317973E-08 1.3541938E-08 2.6883139E-08 1.4518363E-08 1.6045075E-08 2.1472420E-08	294.7759 300.3880 302.6981 299.1587 306.6451 302.3199 303.0967 306.8436 304.4354 304.3174 305.2986 303.2022 302.0788 303.5274 302.7561	159.667
2006 3.6287727E-08 2.5840638E-08 2.9208406E-08 2.5864734E-08 1.4903062E-08 2.7277103E-08 1.3699301E-08 1.0602558E-08 3.0295091E-08 8.5742133E-09 1.4175562E-08 2.3134398E-08 1.3272094E-08 1.5721882E-08 1.8717522E-08	294.3960 299.9449 302.4406 298.9194 306.0886 302.1189 302.8721 306.4101 304.1025 304.3431 305.1010 303.0836 302.3372 303.9326 303.3499	0.046
2007 2.9811762E-08 2.2798838E-08 3.0981298E-08 1.8394321E-08 1.0235395E-08 2.1348630E-08 8.7414067E-09 5.8990048E-09 2.8072343E-08 7.3309856E-09 8.5010692E-09 2.1172795E-08 1.3861843E-08 1.5318994E-08 1.6293953E-08	294.6798 300.0971 302.7342 299.4688 306.5480 302.3356 303.7215 307.0632 304.4702 304.8983 305.9792 303.9232 302.6015 304.1819 303.7613	4.852
2008 2.6109333E-08 2.0285659E-08 2.8789891E-08 1.8380794E-08 1.1450475E-08 2.5102771E-08 9.8359401E-09 8.4616811E-09 3.5134072E-08 8.5104617E-09 1.1289750E-08 2.8882285E-08 1.2256037E-08 1.5473899E-08 1.9326755E-08	295.1705 300.3788 302.4806 299.4414 306.4742 302.1489 303.5934 306.8486 304.2758 305.0687 305.6505 303.4328 302.9240 304.3272 303.7676	4.06667
2009 2.8568035E-08 2.1413159E-08 3.1488646E-08 1.5836873E-08 7.9821483E-09 2.3227374E-08 8.0924476E-09 4.5262460E-09 2.9405612E-08 6.7580754E-09 8.7082430E-09 2.2389457E-08 1.2871336E-08 1.4941953E-08 1.7835886E-08	294.4742 299.8679 302.5422 299.1633 306.5555 302.2009 303.4015 307.0026 304.2444 304.8174 305.6268 303.4551 302.6390 303.9937 303.4660	0
2010 2.8823990E-08 2.1353014E-08 3.2060996E-08 1.9737440E-08 1.2304071E-08 2.8929284E-08 1.0371918E-08 8.0554923E-09 3.5052356E-08 7.1691439E-09 9.2799519E-09 2.4242103E-08 1.2412994E-08 1.4030809E-08 1.7676534E-08	0.0000000E+00 0.0000000E+00 0.0000000E+00 0.0000000E+00 0.0000000E+00 0.0000000E+00 0.0000000E+00 0.0000000E+00 0.0000000E+00 0.0000000E+00 0.0000000E+00 0.0000000E+00 0.0000000E+00 0.0000000E+00 0.0000000E+00  256.38
2011 2.8145109E-08 2.0461313E-08 2.6953364E-08 1.7846405E-08 9.1188159E-09 2.2838732E-08 1.0188078E-08 5.8796714E-09 3.0940427E-08 9.0928038E-09 1.0731568E-08 2.6720143E-08 1.4075137E-08 1.6508549E-08 1.9420229E-08	294.8761 300.2058 302.4672 299.5462 306.7303 302.1424 303.6501 307.1466 304.3241 304.9324 305.7661 303.4542 302.5320 304.1412 303.6578	0
2012 2.2919997E-08 1.7270917E-08 2.5123994E-08 1.8776946E-08 9.0031582E-09 2.3558222E-08 1.3593642E-08 1.0210767E-08 3.0492629E-08 1.1873794E-08 1.3893014E-08 2.4750531E-08 1.7288626E-08 1.8397749E-08 1.7884576E-08	294.9725 300.0250 302.1981 299.1494 306.2752 301.9477 302.9920 306.4931 304.1441 304.0678 305.1646 303.3456 301.8928 303.6157 303.5388	6.593
2013 3.1749906E-08 2.2001471E-08 2.7548758E-08 1.9430699E-08 1.2127311E-08 2.9613316E-08 1.1190362E-08 7.9572162E-09 3.2879402E-08 9.2543901E-09 1.2071960E-08 2.8395153E-08 1.4512086E-08 1.6099687E-08 2.2359760E-08	294.6686 300.1512 302.4035 299.2447 306.3959 302.0977 303.1757 306.7865 304.1127 304.3232 305.3399 303.0705 302.0543 303.6870 303.0154	0
2014 3.3856267E-08 2.3473286E-08 2.9247486E-08 2.6647790E-08 1.2839465E-08 2.5507150E-08 1.5046762E-08 8.9736805E-09 3.4600390E-08 1.0305959E-08 1.2357009E-08 2.9303521E-08 1.6372493E-08 1.9725253E-08 2.2395517E-08	294.6057 300.0374 302.5544 299.0103 306.2825 302.2010 303.0830 306.6823 304.2748 304.3196 305.3713 303.4100 301.9199 303.4917 303.1263	0.014
2015 2.9575112E-08 2.0886921E-08 2.7187864E-08 1.6824401E-08 1.0707463E-08 2.6793300E-08 8.6058307E-09 6.2808434E-09 3.3330782E-08 6.1725380E-09 1.0761603E-08 2.8115393E-08 1.3684889E-08 1.7878589E-08 2.1754655E-08  294.5521 299.8775 302.4893 299.2923 306.2831 302.1547 303.5218 306.9963 304.3488 304.7934 305.7634 303.5153 302.4732 303.7835 303.1210  163.317
