STN,prec_1,prec_2,prec_3,prec_4,prec_5,prec_6,prec_7,prec_8,prec_9,prec_10,prec_11,prec_12,prec_13,prec_14,prec_15,st_1,st_2,st_3,st_4,st_5,st_6,st_7,st_8,st_9,st_10,st_11,st_12,st_13,st_14,st_15,05.0
LAT,23.72017,23.72017,23.72017,26.51077,26.51077,26.51077,29.30136,29.30136,29.30136,32.09194,32.09194,32.09194,34.88252,34.88252,34.88252,23.72017,23.72017,23.72017,26.51077,26.51077,26.51077,29.30136,29.30136,29.30136,32.09194,32.09194,32.09194,34.88252,34.88252,34.88252,28.30888906
LON,-101.2500,-98.43750,-95.62500,-101.2500,-98.43750,-95.62500,-101.2500,-98.43750,-95.62500,-101.2500,-98.43750,-95.62500,-101.2500,-98.43750,-95.62500,-101.2500,-98.43750,-95.62500,-101.2500,-98.43750,-95.62500,-101.2500,-98.43750,-95.62500,-101.2500,-98.43750,-95.62500,-101.2500,-98.43750,-95.62500,-98.5572384
1958 3.0496750E-08 1.7142874E-08 1.2051617E-08 2.0117271E-08 5.3172808E-09 9.8318464E-09 8.3374889E-09 3.1691578E-09 2.3421471E-08 5.6985638E-09 5.4549933E-09 2.0928503E-08 1.3569699E-08 1.4201023E-08 2.1782956E-08	296.3010 300.1147 301.3411 300.6978 306.1184 301.0016 304.4626 307.1716 305.0182 305.7161 305.7269 303.4919 303.3106 303.7311 302.1835	150.21
1959 3.1711583E-08 1.6780945E-08 1.6507119E-08 1.5802335E-08 3.4307706E-09 1.1023320E-08 5.2397500E-09 2.1319631E-09 2.8176510E-08 5.0758659E-09 4.9105253E-09 2.3171845E-08 1.4059228E-08 1.5268247E-08 2.1998064E-08	295.3684 299.5788 301.3952 300.7559 306.4242 301.1228 305.0516 307.9691 305.2348 306.1597 306.7028 303.7507 303.8522 304.2499 302.5024	96.6516
1960 3.4853191E-08 2.2656673E-08 1.5672750E-08 2.0507139E-08 7.5451210E-09 1.1512015E-08 7.4053896E-09 2.3037063E-09 2.1556467E-08 5.6168417E-09 4.1291348E-09 2.1742135E-08 1.1309459E-08 1.1187276E-08 1.9820879E-08	295.4478 299.7676 301.0533 300.5658 306.4491 300.8992 304.8146 307.8961 305.8635 306.1562 307.2837 305.0710 304.4224 305.6578 304.2409	24.9129
1961 3.5756187E-08 1.9496731E-08 1.3644781E-08 2.2873760E-08 6.8601156E-09 1.3112872E-08 7.2523774E-09 2.5445168E-09 2.5814268E-08 4.9238049E-09 4.9330984E-09 2.3412642E-08 1.3861126E-08 1.4469357E-08 2.5092438E-08	295.2785 299.9290 301.3424 300.6443 306.3903 301.0930 305.1225 308.0045 305.7571 306.6191 307.3739 305.1068 304.3931 305.4596 303.8171	2.26774
1962 3.8987871E-08 2.2380588E-08 1.6227782E-08 1.9880359E-08 8.0101294E-09 1.0908986E-08 6.6635990E-09 3.1896814E-09 2.7431717E-08 6.4942278E-09 7.0533281E-09 2.7897277E-08 1.4633697E-08 1.7105465E-08 2.4718936E-08	295.2646 299.8967 301.4149 300.6496 306.6646 301.1879 305.2121 308.2494 306.2154 306.6638 307.5649 305.2297 304.6165 305.4377 303.8009	0.00322581
1963 3.3251492E-08 1.7074099E-08 1.3373360E-08 1.7251416E-08 3.8982941E-09 9.7792956E-09 5.3080234E-09 1.1741095E-09 2.6350836E-08 6.1184875E-09 5.0031845E-09 3.0244685E-08 1.4988496E-08 1.4948759E-08 2.8044330E-08	295.4276 299.8654 301.6337 300.7440 306.3987 301.4237 305.0834 307.9635 305.3645 306.4083 306.7818 303.7011 304.1161 304.5851 302.6587	159.19
1964 3.0508851E-08 1.5386822E-08 1.3292651E-08 1.6995930E-08 5.1205702E-09 1.0455927E-08 5.8510410E-09 2.1436708E-09 2.5906893E-08 5.5496634E-09 4.0440615E-09 2.3682764E-08 1.4079347E-08 1.4858751E-08 2.5123965E-08	295.5620 300.0626 301.2885 300.8693 306.6598 301.0679 305.2950 308.0395 305.4356 306.7487 307.6807 304.7138 304.4521 305.2902 303.0681	62.0613
1965 3.2880958E-08 1.7415893E-08 9.9087005E-09 1.7207519E-08 5.1682330E-09 9.9641326E-09 7.8608702E-09 2.1187057E-09 3.1606699E-08 9.7568007E-09 8.2353306E-09 3.4248167E-08 1.9305984E-08 2.1433575E-08 3.0874663E-08	295.4378 299.7987 301.3632 300.5623 306.2638 301.1349 304.5515 307.6676 305.1760 305.4186 305.7555 303.1368 302.8225 303.4073 301.8729	2153.25
1966 3.0709160E-08 1.7832880E-08 1.0257300E-08 1.6441662E-08 4.7951176E-09 9.2072190E-09 7.7568805E-09 2.0625575E-09 2.6546937E-08 8.2646094E-09 5.1178555E-09 2.7638409E-08 1.6658605E-08 1.6152660E-08 2.4930879E-08	295.6410 299.4059 300.8164 300.5542 305.5846 300.6285 304.2008 307.0912 304.4931 305.0714 305.4006 302.6644 302.5600 303.0952 301.7361	2859
1967 3.5550968E-08 2.0766834E-08 1.4201189E-08 1.7011750E-08 6.2175989E-09 1.0230500E-08 6.0804393E-09 1.3776302E-09 2.7117208E-08 6.6068804E-09 4.8829167E-09 2.6158563E-08 1.3888702E-08 1.4054541E-08 2.4717842E-08	295.0577 299.6279 301.6044 300.4390 306.4017 301.5207 304.8816 308.1101 305.7432 306.4262 307.3724 304.5945 304.4816 305.4754 303.3568	34.8919
1968 2.7544445E-08 1.5106181E-08 1.2241853E-08 1.3093234E-08 4.0877026E-09 1.1219186E-08 5.8916014E-09 1.8136399E-09 2.3380027E-08 6.1720247E-09 4.3259902E-09 2.2577616E-08 1.4497662E-08 1.4185973E-08 2.4321873E-08	295.2834 299.6696 301.2674 300.6367 306.3459 301.2256 304.8312 307.9065 305.5662 306.0694 307.1140 304.3075 303.9746 305.0887 303.2074	979.968
1969 3.0578686E-08 1.6599238E-08 1.1062268E-08 1.5804460E-08 5.5215619E-09 8.7160030E-09 7.6249149E-09 2.8787415E-09 2.3779608E-08 7.5035738E-09 5.1479550E-09 2.1056074E-08 1.4397197E-08 1.3694257E-08 2.0395369E-08	296.4146 300.1537 301.4940 301.0662 306.1448 301.0848 304.8067 307.5818 305.7615 305.9194 306.2021 304.2492 303.6124 304.1834 302.7163	82.3239
1970 3.1267437E-08 1.5630906E-08 1.1567342E-08 1.5640255E-08 3.4480423E-09 9.3588470E-09 6.3129746E-09 1.0138675E-09 2.1254015E-08 5.6399760E-09 4.5223580E-09 2.1324611E-08 1.4519340E-08 1.4818101E-08 2.2822389E-08	295.8320 299.9420 301.0165 300.9171 306.3381 300.8549 305.0653 307.7980 305.4337 306.3183 306.9226 304.3108 304.0238 304.7990 303.1300	312.516
1971 3.3004813E-08 1.8554394E-08 1.5862264E-08 1.8665627E-08 5.2286335E-09 1.1709851E-08 7.4998976E-09 1.5777161E-09 1.9669169E-08 5.5145679E-09 4.2486312E-09 2.2503913E-08 1.4158263E-08 1.2289072E-08 2.0379280E-08	294.8744 299.3907 300.8961 300.1528 306.2493 300.7423 304.7208 307.6776 305.5940 306.4099 307.2644 304.8963 304.4286 305.7235 304.2582	0
1972 3.7114617E-08 1.9586029E-08 1.3516550E-08 2.4214991E-08 7.3344109E-09 1.0868192E-08 1.0522859E-08 3.9224930E-09 3.0612448E-08 9.7914885E-09 1.1052951E-08 3.2909689E-08 2.2854371E-08 2.4312600E-08 3.2927282E-08	295.0699 299.5375 301.5171 299.8270 305.7391 301.2986 303.9511 307.1348 304.8916 305.1923 305.2033 302.6125 302.5032 302.6681 301.2003	1375.03
1973 3.3537177E-08 2.0558867E-08 1.3307114E-08 2.1167173E-08 7.5987820E-09 1.0648662E-08 7.8796099E-09 2.5722418E-09 2.6989094E-08 6.1777343E-09 5.8438556E-09 2.3748509E-08 1.5431516E-08 1.5176960E-08 2.1129834E-08	295.4083 299.4972 301.1141 300.3494 305.6747 300.8656 304.3971 307.3384 304.8473 305.5991 306.0973 303.5760 303.5606 304.3047 302.7911	3.58484
1974 3.1362404E-08 1.4819822E-08 1.3173474E-08 1.7380932E-08 5.4719065E-09 1.6293743E-08 6.4446746E-09 2.1383639E-09 2.3418247E-08 7.0780475E-09 7.0890946E-09 2.6370621E-08 1.8425929E-08 1.9857485E-08 2.8113730E-08	294.9345 299.7921 301.5435 300.4652 306.4135 301.3502 305.0661 307.8197 305.3395 306.4274 307.0320 304.5291 304.0884 304.8750 303.3249	191.026
1975 3.5814981E-08 1.7762648E-08 1.1327168E-08 1.8547963E-08 4.9589901E-09 1.1676108E-08 9.7296304E-09 2.5443756E-09 2.8313558E-08 8.7318313E-09 6.8828090E-09 2.9928533E-08 1.6051228E-08 1.7238831E-08 2.7509227E-08	295.3280 300.1060 301.5474 300.8206 306.8847 301.2764 305.1743 308.1807 305.3661 306.5337 307.2982 304.1674 304.2980 305.1154 303.1654	422.271
1976 3.9136477E-08 2.2312570E-08 1.7871745E-08 2.3790966E-08 9.1390921E-09 1.7051175E-08 1.0622070E-08 3.8980561E-09 3.1833952E-08 7.4420661E-09 6.0007728E-09 2.9185635E-08 1.7330827E-08 1.9105370E-08 2.7177624E-08	294.2365 299.3156 301.4801 299.5564 305.9859 301.3058 304.2008 307.5779 305.1400 305.9532 306.8373 304.2521 303.6578 304.5377 303.0199	87.8242
1977 3.0656278E-08 1.4938594E-08 1.0927351E-08 1.7992454E-08 4.1652073E-09 9.7127062E-09 8.9870902E-09 2.4075917E-09 2.3587555E-08 9.9763717E-09 6.4860828E-09 2.7025273E-08 2.0037948E-08 1.9518620E-08 2.8001987E-08	295.1268 299.9615 300.9713 300.3477 306.3094 300.8485 304.4164 307.7822 305.1753 305.4165 306.1107 303.4353 302.7678 303.7122 302.1990	837.194
1978 3.2973226E-08 1.7386016E-08 1.3616349E-08 1.6147562E-08 4.3597601E-09 9.6874855E-09 4.9754347E-09 2.5463436E-09 2.3560114E-08 3.9186676E-09 4.8717723E-09 2.1136540E-08 1.1448612E-08 1.1109909E-08 1.9383501E-08	295.5594 299.7773 301.1918 300.8004 306.3829 300.9588 305.1083 307.7619 305.5536 306.6268 307.0877 304.4388 304.7104 305.4255 303.5227	116.997
1979 3.2162433E-08 1.8999245E-08 1.1624779E-08 1.8956205E-08 5.4960720E-09 9.7331574E-09 8.9893817E-09 2.3672846E-09 2.4155923E-08 8.6433118E-09 5.8278653E-09 2.3291564E-08 1.6389320E-08 1.4498543E-08 2.1377028E-08	295.7099 299.6895 301.3830 300.5224 305.8123 301.1710 304.4399 307.3014 305.0530 305.5975 305.8900 303.1996 303.3430 303.6274 301.9727	139.548
1980 3.4103582E-08 2.2091756E-08 1.6277276E-08 2.0234133E-08 7.0291906E-09 1.1751752E-08 9.2114716E-09 2.3744373E-09 2.9244546E-08 8.0391844E-09 6.9813550E-09 3.0876361E-08 1.7798794E-08 1.7241707E-08 2.8127015E-08	295.0955 299.2673 301.2988 300.1748 305.7625 301.0157 304.1364 307.5084 304.9181 305.2887 305.7025 302.9326 302.8369 303.4187 301.9068	512.387
1981 3.5913537E-08 2.4786567E-08 1.7125517E-08 1.6941868E-08 7.1060002E-09 9.8268833E-09 6.6511325E-09 1.9883972E-09 3.1861799E-08 6.5561334E-09 7.1369963E-09 3.2801832E-08 1.5812214E-08 1.8031578E-08 2.7102587E-08	295.4198 299.7090 301.2883 300.6839 306.4642 301.1118 305.1230 307.9808 305.5581 306.5578 307.2592 304.5425 304.4082 305.3106 303.6535	2194
1982 3.1776722E-08 1.8335866E-08 1.3630272E-08 2.0376682E-08 6.5106782E-09 1.0808277E-08 9.7091384E-09 2.4881441E-09 2.4062221E-08 9.6276862E-09 7.0409345E-09 2.6338315E-08 1.8982401E-08 1.9308093E-08 2.8734231E-08	295.7804 300.1477 301.9985 300.7192 306.4344 301.3623 304.8593 307.9967 305.5050 305.9473 306.6208 303.9092 303.3986 303.9631 302.1471	1523.95
1983 2.8037952E-08 2.0122364E-08 1.0084997E-08 1.9370036E-08 8.2688079E-09 7.9326918E-09 1.2388646E-08 3.4594714E-09 2.0576381E-08 1.3028408E-08 9.7195363E-09 2.6998313E-08 2.1827917E-08 2.1169717E-08 2.8799898E-08	296.3973 299.6286 300.8433 300.4623 305.6448 300.1005 303.7924 306.8342 304.3665 304.2490 304.3490 301.8654 301.4411 301.8233 300.5324	0.016129
1984 3.4236177E-08 2.2520640E-08 1.3320603E-08 2.0448896E-08 4.7065014E-09 1.0579637E-08 7.6882936E-09 1.6266997E-09 2.4554165E-08 7.7470999E-09 5.5842713E-09 2.9794675E-08 1.9114937E-08 1.9848473E-08 3.0120784E-08	294.8476 299.4095 300.8112 300.2282 306.2757 300.8079 304.7797 307.7119 305.1049 305.9512 306.8085 303.9178 303.5313 304.3976 303.0500	5.87065
1985 3.9580122E-08 2.1562482E-08 1.3143927E-08 2.2497204E-08 7.0274422E-09 1.5393928E-08 1.0712087E-08 3.1562504E-09 2.9307511E-08 8.2860110E-09 6.9630395E-09 3.2067508E-08 1.7099767E-08 2.0277211E-08 3.0899152E-08	294.0120 299.0539 301.3773 299.6853 305.7035 301.0749 304.2501 307.5465 304.8757 305.6840 306.5134 303.4544 303.3658 304.1683 302.4828	1725
1986 3.7757289E-08 2.0778698E-08 1.4399739E-08 2.1665327E-08 7.7513933E-09 1.3484687E-08 1.0583739E-08 3.0555054E-09 2.4844837E-08 1.0400362E-08 8.8916519E-09 3.1788282E-08 2.3893344E-08 2.7023038E-08 3.4663252E-08	293.8788 299.0305 301.3588 299.4359 305.5046 301.3071 303.7646 307.2238 304.3677 304.8972 305.3824 302.3038 301.9279 302.4141 301.1569	3.40516
1987 3.6343337E-08 2.2748795E-08 9.9838022E-09 3.0768156E-08 9.1475458E-09 8.5810372E-09 1.7706276E-08 3.8699177E-09 1.7828171E-08 1.3029407E-08 1.1201879E-08 2.8553666E-08 2.3468283E-08 2.6495309E-08 3.2936409E-08	294.6883 298.6030 300.7144 298.8155 304.6948 300.5245 302.0614 305.9212 304.2979 303.0197 303.1132 301.5272 300.3696 300.8441 300.1037	297.968
1988 4.0904105E-08 2.4111531E-08 1.4547243E-08 2.8407960E-08 7.8148084E-09 1.1232829E-08 1.1743295E-08 4.1258899E-09 2.7083434E-08 8.2998222E-09 4.7868736E-09 2.6537835E-08 1.6452057E-08 1.5349872E-08 2.4330294E-08	294.5813 299.2986 300.6877 299.8557 305.9747 300.4787 304.3718 307.3958 304.8577 306.0148 306.9328 304.1196 303.9664 304.8741 303.3579	18.5668
1989 3.8988937E-08 2.4570737E-08 1.0926838E-08 2.1663531E-08 6.8892048E-09 1.0113827E-08 9.0244852E-09 2.6422733E-09 2.0072100E-08 8.1563130E-09 6.1033614E-09 2.2858746E-08 1.9149518E-08 2.0358197E-08 2.7820896E-08	294.2079 299.4824 301.1534 300.2663 306.5844 300.8869 305.1220 307.9751 305.6634 306.3914 307.3207 304.7296 303.9690 304.9940 303.8217	29.7471
1990 3.8825789E-08 2.0639032E-08 1.2293676E-08 2.3335122E-08 5.6341896E-09 1.1124348E-08 1.0598527E-08 3.1302596E-09 2.8221741E-08 8.6919707E-09 7.2433615E-09 3.0515093E-08 1.5778907E-08 1.7340531E-08 2.7600333E-08	295.0012 299.6368 301.5016 300.0150 306.1097 301.1061 304.3343 307.7737 305.2579 305.7905 306.5784 303.6729 303.6048 304.1721 302.5201	798.097
1991 3.9158341E-08 2.0021639E-08 1.0436450E-08 2.1152383E-08 6.8856996E-09 1.1663364E-08 1.1968624E-08 4.4050714E-09 3.5203030E-08 1.1228519E-08 1.0628935E-08 3.7451294E-08 1.8465720E-08 1.8940504E-08 2.9995540E-08	295.2837 299.6437 301.7045 300.2944 305.8790 301.4910 304.1096 307.3759 304.5178 305.0292 305.2714 301.9605 302.5438 302.6934 301.0475	228.477
1992 3.6568270E-08 2.1381309E-08 7.9470546E-09 2.9421718E-08 9.8032311E-09 7.8709652E-09 1.9327709E-08 5.5894356E-09 2.5851289E-08 1.6804984E-08 1.5491757E-08 3.8497323E-08 2.9539962E-08 2.9037441E-08 3.5458399E-08	294.9095 298.8736 301.2933 298.8159 304.5833 301.1494 301.7277 305.3629 303.7489 302.4509 302.3643 300.8688 299.9473 300.5385 299.8075	1051.77
1993 3.1133297E-08 1.7940733E-08 1.0662168E-08 2.0514427E-08 4.7104245E-09 1.0176387E-08 9.4067598E-09 2.8071667E-09 2.3016483E-08 8.8197671E-09 5.4569247E-09 2.6586267E-08 1.9554378E-08 1.7707359E-08 2.8205347E-08	295.3709 299.2157 300.8147 299.8881 305.1850 300.7486 303.6212 306.6738 304.3597 304.8147 305.0918 302.4115 302.2149 302.6599 301.3401	159.742
1994 4.6569546E-08 2.4716583E-08 1.4126762E-08 3.3645172E-08 1.0608813E-08 1.2124572E-08 1.3653056E-08 4.4728328E-09 3.0237089E-08 1.0612549E-08 1.1242751E-08 3.8032073E-08 2.2440666E-08 2.9095586E-08 3.8855781E-08	293.8631 298.9540 300.9893 298.9701 305.0794 300.7074 303.2595 306.7912 304.2078 304.6258 304.8473 301.8674 302.1365 302.3553 300.9008	85.0806
1995 3.6451599E-08 1.9994795E-08 1.1214181E-08 2.2665757E-08 5.2788223E-09 9.6232933E-09 9.8913242E-09 2.4301996E-09 2.7713517E-08 9.4205728E-09 7.7403888E-09 3.2739109E-08 2.0063187E-08 1.9160522E-08 2.8498729E-08	295.3491 299.6706 301.1736 300.2223 305.8766 300.9916 304.1501 307.4425 304.8318 305.3923 305.9833 303.0020 303.0124 303.7837 302.0657	0.532258
1996 3.9525116E-08 2.4820634E-08 1.7331063E-08 2.0315067E-08 6.0122813E-09 1.0833029E-08 7.6480262E-09 2.9487226E-09 2.4513080E-08 7.1147763E-09 4.3291957E-09 2.6996167E-08 1.3846264E-08 1.4497102E-08 2.2739433E-08	294.8503 299.4923 300.5915 300.1806 306.2018 300.2494 304.6058 307.5861 305.3203 306.1635 307.1337 304.4663 304.4554 305.5118 303.8571	0
1997 3.2329456E-08 2.0056408E-08 1.2137827E-08 2.0137511E-08 5.4542193E-09 9.2516244E-09 7.1061041E-09 2.5607245E-09 2.4739972E-08 7.0604358E-09 6.8945765E-09 2.6128662E-08 1.5159882E-08 1.6621605E-08 2.4061276E-08	295.9027 299.9477 301.3308 300.7038 306.2768 300.7973 304.7666 307.9435 305.6630 306.0104 306.7545 304.1542 303.6863 304.1086 302.3858	135.323
1998 2.7500841E-08 2.2808553E-08 1.3238957E-08 1.5525449E-08 5.9724026E-09 9.3207371E-09 9.1040819E-09 1.7054645E-09 2.2471879E-08 1.0881664E-08 6.5275092E-09 2.4724050E-08 2.2339195E-08 1.9760295E-08 2.5636210E-08	296.8182 299.8158 300.8425 301.1739 305.9345 300.6969 304.6366 307.2407 304.7685 305.0556 304.9028 302.6311 302.1199 302.3697 301.1305	0
1999 4.0390091E-08 2.3529500E-08 1.7676562E-08 2.2353159E-08 7.7142284E-09 1.5020097E-08 7.6599420E-09 3.1112017E-09 2.9383600E-08 6.6690018E-09 7.7750704E-09 2.7230476E-08 1.4024827E-08 1.5778809E-08 2.5734629E-08	294.9708 299.7687 301.4301 300.3735 306.7001 301.3341 305.0368 307.8331 305.5746 306.8087 307.5043 305.4600 305.0600 306.5248 305.4142	161.839
2000 4.1716010E-08 2.8378043E-08 2.0536127E-08 2.4634103E-08 7.7224644E-09 1.5560131E-08 8.7657863E-09 3.2425729E-09 2.6509779E-08 6.9116575E-09 4.6640007E-09 2.6398524E-08 1.3816227E-08 1.4021468E-08 2.4955874E-08	294.8242 299.4652 301.8045 300.0617 306.4060 301.6579 304.7111 307.7299 305.7823 306.5250 307.3633 305.3815 305.0969 306.4568 305.2626	0.546774
2001 4.3332847E-08 2.8678027E-08 1.4659708E-08 2.9020889E-08 9.5710853E-09 1.1926356E-08 1.3595548E-08 3.3637200E-09 2.0934161E-08 1.0734320E-08 8.5662126E-09 3.2285225E-08 1.9022302E-08 2.0159279E-08 3.1810924E-08	293.7201 298.9139 301.6458 299.5005 305.8363 301.4162 304.1905 307.7449 305.3323 305.4746 306.3592 303.1207 303.3580 303.9729 302.3021	103.297
2002 3.8290686E-08 2.4852431E-08 1.3264262E-08 2.4079561E-08 9.1838226E-09 1.2950252E-08 1.0096689E-08 3.5360463E-09 3.1956336E-08 8.3994491E-09 7.7033402E-09 3.0850369E-08 1.6327693E-08 1.7729713E-08 2.7097018E-08	295.1260 299.6756 301.7061 300.3008 305.9996 301.6180 304.3340 307.5942 305.3288 305.6484 306.0919 303.6160 303.5458 304.0295 302.6124	133.839
2003 4.2344055E-08 2.9826047E-08 1.5396516E-08 2.7375613E-08 1.0889351E-08 1.1507622E-08 1.1632720E-08 5.0872249E-09 3.5441577E-08 9.7371871E-09 1.0561971E-08 4.1871214E-08 2.0818803E-08 2.2350878E-08 3.4599740E-08	294.5948 298.9221 300.9240 299.3970 305.2384 300.4411 303.4104 306.8719 304.3971 304.5544 304.9799 302.4090 302.1107 302.8080 301.4313	2.50581
2004 4.2145814E-08 2.5508783E-08 1.4211317E-08 2.4494906E-08 8.7665386E-09 1.2106904E-08 8.8166487E-09 3.2700911E-09 2.7680468E-08 7.2068174E-09 5.2810760E-09 2.8198256E-08 1.3981811E-08 1.1621455E-08 2.2020471E-08	295.4534 299.6987 301.3184 300.5232 306.2049 301.1692 304.7667 307.7917 305.5634 306.1182 306.8608 304.3215 304.3693 305.2665 303.5432	1020.19
2005 2.2446006E-08 1.4234307E-08 1.2161393E-08 1.1970363E-08 1.5029814E-09 7.4283397E-09 4.9316746E-09 8.9644764E-10 1.5351603E-08 5.8443796E-09 3.6620786E-09 1.9237294E-08 1.2817351E-08 1.1039507E-08 2.0310571E-08	297.2447 300.2725 301.2985 301.6624 306.3649 301.1003 305.2354 307.9754 306.0515 306.2511 306.7788 304.6795 304.0575 304.8269 303.2732	69.0968
2006 3.1590318E-08 1.8901419E-08 1.3820331E-08 1.5589238E-08 4.5024389E-09 1.1147727E-08 7.4049988E-09 3.4942014E-09 2.5929902E-08 6.4358034E-09 4.8139306E-09 2.5206132E-08 1.3096191E-08 1.3023016E-08 2.3279657E-08	295.7375 300.1145 301.6394 301.0205 306.9733 301.4650 305.4859 308.3400 305.8465 306.9172 307.6034 304.6142 304.9309 305.5576 303.4536	22.5865
2007 3.7462343E-08 1.9916133E-08 1.1862803E-08 2.1421570E-08 6.7240826E-09 1.0041699E-08 9.1418615E-09 3.3497167E-09 3.1029760E-08 7.5389224E-09 5.9015801E-09 2.8021525E-08 1.6719850E-08 1.4888331E-08 2.3194199E-08	295.6841 300.0075 301.4279 300.6219 306.0975 300.9480 304.6284 307.5873 305.1481 305.9530 306.6502 304.3062 303.7377 304.7686 303.3794	327.013
2008 3.5855912E-08 2.1470987E-08 1.4133137E-08 1.7774580E-08 5.5002971E-09 1.0209203E-08 6.1869283E-09 3.4689205E-09 2.4344885E-08 4.7486006E-09 7.1736155E-09 2.4363885E-08 1.4384579E-08 1.5174978E-08 2.3750342E-08	295.5984 300.1074 301.3877 300.9227 307.0733 301.0262 305.4780 308.1715 306.0886 307.2414 307.7494 305.5952 305.3394 306.5627 304.8846	17.0516
2009 3.5972622E-08 2.3719162E-08 2.1190960E-08 1.9810791E-08 7.2913835E-09 1.5008581E-08 8.1048324E-09 3.3586547E-09 3.2273839E-08 6.4539090E-09 6.9882780E-09 3.0813048E-08 1.5071230E-08 1.5175987E-08 2.4947132E-08	294.9807 299.2544 301.4310 300.0690 305.9142 301.1107 304.3950 307.3481 304.8447 305.8048 306.1751 303.3444 303.6178 304.2956 302.5505	6.64097
2010 3.8855131E-08 2.3023029E-08 1.1112543E-08 2.5591156E-08 4.8732449E-09 8.8525418E-09 1.1575576E-08 3.0081890E-09 2.3380347E-08 9.7110462E-09 7.1407955E-09 2.8109810E-08 1.7132773E-08 1.6155338E-08 2.5049152E-08	0.0000000E+00 0.0000000E+00 0.0000000E+00 0.0000000E+00 0.0000000E+00 0.0000000E+00 0.0000000E+00 0.0000000E+00 0.0000000E+00 0.0000000E+00 0.0000000E+00 0.0000000E+00 0.0000000E+00 0.0000000E+00 0.0000000E+00  148.478
2011 3.6206604E-08 1.9041519E-08 1.2900152E-08 1.8518183E-08 5.1598250E-09 1.1660887E-08 8.3101339E-09 3.4458210E-09 2.7588717E-08 5.1437956E-09 6.0309215E-09 2.6112188E-08 1.3105430E-08 1.1867803E-08 2.1072946E-08	296.0403 300.5128 301.6503 301.1204 307.4238 301.3778 305.4046 308.3684 306.2961 307.1267 307.8321 305.4955 305.1258 306.3488 304.6469	0
2012 3.2524142E-08 1.6396383E-08 1.3815720E-08 1.6407920E-08 5.0595799E-09 1.2776152E-08 7.1030199E-09 3.2268208E-09 2.5563047E-08 6.6848820E-09 7.2618596E-09 2.9644944E-08 1.6074567E-08 1.6272601E-08 2.4263494E-08	295.9844 300.2706 301.6862 300.9637 306.8206 301.5137 305.0943 308.1336 305.8757 306.2922 306.6693 303.9687 303.8453 304.1381 302.5105	271.594
2013 4.0086022E-08 2.1108921E-08 1.3282704E-08 2.1603746E-08 7.8161069E-09 1.0827096E-08 7.2010420E-09 2.5780240E-09 1.8665228E-08 5.8668208E-09 3.8965262E-09 1.7695548E-08 1.3557533E-08 1.2001471E-08 1.7689095E-08	295.4472 299.7049 300.8795 300.6260 306.1942 300.4893 305.0590 307.8723 305.8781 306.3667 307.1163 304.9670 304.4362 305.3232 303.8899	1.76839
2014 3.8707139E-08 2.2579803E-08 1.4486261E-08 2.2165510E-08 7.1357706E-09 1.4329321E-08 8.1376808E-09 3.6294743E-09 3.3412288E-08 7.2504367E-09 7.2504611E-09 3.0608511E-08 1.7570006E-08 1.7879323E-08 2.8317450E-08	295.2915 299.7804 301.1483 300.4516 305.9442 300.5797 304.6577 307.4605 304.7016 305.8460 306.3254 303.2234 303.4855 303.9878 302.3018	15.5829
2015 3.4532739E-08 1.9622954E-08 1.2222235E-08 2.2527162E-08 8.1236173E-09 1.3235724E-08 1.0604712E-08 3.5006895E-09 2.9899578E-08 7.9598612E-09 7.2444499E-09 3.0237256E-08 1.9077991E-08 1.9437156E-08 2.7688522E-08  295.0981 299.5280 301.6936 300.1040 305.5323 301.3659 303.9999 307.4270 305.1022 305.1649 305.7325 303.1615 302.4675 303.0893 301.9236  2620.71
