STN,prec_1,prec_2,prec_3,prec_4,prec_5,prec_6,prec_7,prec_8,prec_9,prec_10,prec_11,prec_12,prec_13,prec_14,prec_15,st_1,st_2,st_3,st_4,st_5,st_6,st_7,st_8,st_9,st_10,st_11,st_12,st_13,st_14,st_15,10.0
LAT,23.72017,23.72017,23.72017,26.51077,26.51077,26.51077,29.30136,29.30136,29.30136,32.09194,32.09194,32.09194,34.88252,34.88252,34.88252,23.72017,23.72017,23.72017,26.51077,26.51077,26.51077,29.30136,29.30136,29.30136,32.09194,32.09194,32.09194,34.88252,34.88252,34.88252,28.30888906
LON,-101.2500,-98.43750,-95.62500,-101.2500,-98.43750,-95.62500,-101.2500,-98.43750,-95.62500,-101.2500,-98.43750,-95.62500,-101.2500,-98.43750,-95.62500,-101.2500,-98.43750,-95.62500,-101.2500,-98.43750,-95.62500,-101.2500,-98.43750,-95.62500,-101.2500,-98.43750,-95.62500,-101.2500,-98.43750,-95.62500,-98.5572384
1958 1.9756589E-08 2.4978103E-08 1.9001163E-08 1.9945507E-08 1.5022124E-08 1.3884847E-08 1.2927109E-08 1.4626066E-08 1.8965544E-08 1.1001412E-08 1.7654298E-08 2.7401255E-08 1.4278037E-08 2.0688455E-08 2.6851254E-08	284.7607 288.4057 296.0797 284.5145 289.1953 294.5482 283.6031 286.1465 286.6481 281.1830 281.1656 280.3793 276.2916 276.0124 275.7032	2479.42
1959 2.2479451E-08 2.9865006E-08 2.3143933E-08 2.1226416E-08 1.8641034E-08 1.7156628E-08 1.4444764E-08 1.6240774E-08 2.1349656E-08 1.2406594E-08 1.9100888E-08 3.1031266E-08 1.3120441E-08 1.9763483E-08 2.8181915E-08	284.1915 288.1082 296.0364 283.9585 288.7450 294.5162 283.1260 285.7772 286.5576 280.7332 280.7787 280.0995 276.0838 275.7060 275.3417	4213.03
1960 2.3040107E-08 2.6229856E-08 2.2130985E-08 2.0415934E-08 1.5864044E-08 1.5150139E-08 1.2285517E-08 1.2475311E-08 1.6872679E-08 1.1267969E-08 1.6921510E-08 2.6016396E-08 1.3395812E-08 1.9407313E-08 2.5565720E-08	284.7138 288.3868 296.0818 284.4741 289.0673 294.5474 283.5719 286.0840 286.6578 280.9800 281.0179 280.1889 276.0260 275.7118 275.2797	439.152
1961 2.0356318E-08 2.6263391E-08 2.0939753E-08 2.1268816E-08 1.5442872E-08 1.4661556E-08 1.4671234E-08 1.5108784E-08 1.8944997E-08 1.1611166E-08 1.7890443E-08 2.8093522E-08 1.3216496E-08 1.9264997E-08 2.6581521E-08	285.4493 288.9967 296.0343 284.7975 289.4862 294.5155 283.5180 286.0032 286.6967 281.0542 280.6833 279.6469 276.4321 275.6864 274.6738	0.3
1962 1.8859327E-08 2.7008872E-08 2.0303750E-08 1.8096307E-08 1.7374015E-08 1.6389459E-08 1.4170782E-08 1.6374170E-08 2.1508860E-08 1.1898935E-08 2.0349651E-08 3.2715608E-08 1.1882845E-08 1.8731035E-08 2.9217849E-08	285.0272 288.9998 296.0750 285.1057 289.9699 294.5431 284.4900 287.0335 287.3554 282.1368 282.0624 281.0606 277.3664 276.8418 276.1730	1.55806
1963 2.6819357E-08 2.7780962E-08 2.2015097E-08 2.3694893E-08 1.8282021E-08 1.7884330E-08 1.5525895E-08 1.7724382E-08 2.3399956E-08 1.3899138E-08 2.1773927E-08 3.3451403E-08 1.6066830E-08 2.1804579E-08 2.8525429E-08	283.2598 287.3081 295.9949 282.9070 287.8799 294.4883 282.4040 285.0769 285.8430 280.3821 280.4701 279.5820 275.9001 275.6352 275.0280	0.248387
1964 1.9829557E-08 2.3427631E-08 1.8424634E-08 1.8413505E-08 1.4104649E-08 1.2781923E-08 1.2236428E-08 1.2161593E-08 1.5135697E-08 8.5913427E-09 1.2829585E-08 2.1474278E-08 8.2243989E-09 1.1978041E-08 1.8051569E-08	284.7080 288.7468 296.3617 285.0844 289.9324 294.7560 284.3894 287.1230 287.6292 282.0704 282.1837 281.2267 277.5358 276.9091 275.9851	3627.81
1965 2.5061359E-08 2.8862809E-08 2.2746482E-08 2.2982766E-08 2.0069169E-08 1.9441627E-08 1.5347256E-08 1.8368143E-08 2.4859688E-08 1.4785041E-08 2.1932070E-08 2.9949000E-08 1.6251208E-08 2.1328985E-08 2.6207928E-08	283.5858 287.5281 295.7596 283.4760 288.1703 294.3127 282.8125 285.1630 285.8106 280.4834 280.3894 279.4263 276.1362 275.6292 274.9070	45.971
1966 2.2254865E-08 2.6857368E-08 2.2165420E-08 2.1334273E-08 1.6175880E-08 1.6091340E-08 1.4565114E-08 1.5157896E-08 1.7656497E-08 1.2365399E-08 1.8606936E-08 2.4936860E-08 1.2390673E-08 1.8456817E-08 2.3742443E-08	284.2047 288.1310 296.1482 284.1266 289.1147 294.6038 283.7230 286.5140 287.0331 281.5970 281.8320 280.9950 277.0762 276.8680 276.3200	15.2329
1967 2.2731314E-08 2.8502788E-08 2.3466608E-08 2.0950544E-08 1.5645362E-08 1.5506920E-08 1.4595564E-08 1.3185754E-08 1.7598353E-08 1.3362514E-08 1.9672928E-08 2.7458325E-08 1.4732588E-08 2.0820567E-08 2.6016492E-08	284.6071 288.3874 296.2379 284.3123 289.2718 294.6647 283.5471 286.1728 286.6803 281.0939 280.8451 279.9165 276.1535 275.6670 275.0088	1013.45
1968 2.5365560E-08 2.8739194E-08 2.4233300E-08 2.5539039E-08 2.0174687E-08 1.9070979E-08 1.6334770E-08 1.7912559E-08 2.4893568E-08 1.4726467E-08 2.3173511E-08 3.2379887E-08 1.6762495E-08 2.4755224E-08 2.9937407E-08	284.2675 288.0463 295.9904 283.8501 288.7031 294.4832 283.0193 285.7726 286.3462 280.7032 281.0215 280.2061 276.2910 276.1137 275.4690	179.455
1969 2.9911671E-08 3.3648703E-08 2.6713455E-08 2.7994052E-08 2.1774214E-08 2.0198243E-08 1.7968418E-08 1.8838723E-08 2.4050820E-08 1.5004666E-08 2.1420488E-08 3.2088838E-08 1.3907114E-08 2.0306587E-08 2.9065372E-08	283.7893 287.7350 296.2004 283.3707 288.3095 294.6456 282.4610 285.1967 286.0382 280.1706 280.2468 279.4928 275.6856 275.4662 274.8383	1210.26
1970 1.5489681E-08 2.2149127E-08 1.5548007E-08 1.5310722E-08 1.1129102E-08 1.0531815E-08 9.6864499E-09 8.6284251E-09 1.2223238E-08 9.6208588E-09 1.4109363E-08 2.3472868E-08 1.4048661E-08 1.9851983E-08 2.6330046E-08	285.7354 289.5969 296.3135 285.9133 290.7597 294.7262 285.0522 287.7719 287.9217 282.1336 282.2537 281.3102 277.0807 276.6550 275.9102	389.71
1971 2.3098918E-08 2.8133270E-08 2.1552864E-08 2.0267516E-08 1.6019833E-08 1.4098775E-08 1.3149347E-08 1.3756992E-08 1.7006844E-08 1.1477715E-08 1.7405911E-08 2.8920523E-08 1.1419466E-08 1.6227455E-08 2.4967003E-08	284.5006 288.3977 296.2548 284.4758 289.4469 294.6891 283.7441 286.5178 286.9861 281.2128 281.2140 280.3142 276.5429 275.9256 275.0747	11247.5
1972 2.5028662E-08 2.9147516E-08 2.4392207E-08 2.5236110E-08 2.2328523E-08 2.4893463E-08 2.1752177E-08 2.4164338E-08 3.0590268E-08 1.7678945E-08 2.5647925E-08 3.7388777E-08 1.5299952E-08 2.2138837E-08 3.1346481E-08	283.1650 287.2404 295.7009 282.8355 287.7245 294.2744 282.2377 284.8304 285.5303 280.1215 279.9816 279.1426 275.4967 275.0707 274.4409	86.029
1973 1.7855774E-08 2.3086775E-08 1.5215008E-08 1.5633944E-08 1.3424592E-08 1.0932701E-08 1.0989776E-08 1.2279987E-08 1.5170093E-08 9.0160182E-09 1.7671976E-08 2.9644303E-08 9.8653032E-09 1.7707123E-08 2.8967053E-08	285.6239 289.3643 296.3727 285.6683 290.5157 294.7725 284.8766 287.5983 288.0016 282.1339 282.1908 281.2068 276.9734 276.4826 275.7858	6132.58
1974 1.8279417E-08 2.4054469E-08 1.7879440E-08 1.8373115E-08 1.4298010E-08 1.4042028E-08 1.4314443E-08 1.5473928E-08 1.9834770E-08 1.3046941E-08 2.1265802E-08 3.2095752E-08 1.6288659E-08 2.4289351E-08 3.3174302E-08	285.1094 289.1124 296.2652 285.0957 290.1509 294.7017 284.3768 287.1057 287.3470 281.8492 281.7281 280.7723 276.8649 276.2902 275.7510	37.4194
1975 1.8951328E-08 2.6975208E-08 1.9740616E-08 1.7858518E-08 1.4375162E-08 1.2965480E-08 1.2405252E-08 1.1254602E-08 1.3792317E-08 1.0018952E-08 1.3487540E-08 2.0889409E-08 9.4581178E-09 1.3574785E-08 1.9415230E-08	284.3824 288.5208 296.2882 284.6302 289.6245 294.7061 284.0860 286.7961 287.0706 281.6128 281.4649 280.3244 276.8190 275.9886 275.1361	103.339
1976 2.1401062E-08 2.5612520E-08 2.2068173E-08 1.6725995E-08 1.4701299E-08 1.6923400E-08 1.1005262E-08 1.2869563E-08 2.0580044E-08 1.0550325E-08 1.8593472E-08 2.9166934E-08 1.2062141E-08 2.1186542E-08 3.0370735E-08	284.2200 288.3168 296.2294 284.2948 289.1805 294.6715 283.4878 286.0046 286.4575 280.8761 280.5686 279.6696 275.8723 275.0210 274.5959	1403.81
1977 2.0127239E-08 2.4500602E-08 1.7440483E-08 2.0474083E-08 1.4685098E-08 1.2828430E-08 1.4649108E-08 1.3506377E-08 1.6923558E-08 1.2516631E-08 1.6566993E-08 2.5101951E-08 1.4937177E-08 1.8776927E-08 2.4009330E-08	284.3429 288.4607 296.1024 284.3990 289.3996 294.5724 283.8657 286.5999 287.1059 281.6525 281.8399 281.0054 277.0653 276.9696 276.4380	33.3548
1978 2.6647625E-08 2.9809303E-08 2.3175543E-08 2.4635941E-08 1.9186235E-08 1.8933303E-08 1.4634585E-08 1.6381327E-08 2.2588081E-08 1.1500484E-08 1.6910073E-08 2.8055135E-08 1.2484480E-08 1.9049851E-08 2.6510481E-08	284.5280 288.2238 296.3697 284.0168 288.6440 294.7674 283.0024 285.7446 286.4064 280.8695 281.0222 280.1443 276.5992 276.3548 275.5743	13.5894
1979 2.5391133E-08 3.0267348E-08 2.3706862E-08 2.5597222E-08 1.8340943E-08 1.6708452E-08 1.8351507E-08 1.6544208E-08 2.1068178E-08 1.3340608E-08 2.0410571E-08 3.2498257E-08 1.2243002E-08 2.0561265E-08 2.8535508E-08	284.4418 288.4557 295.9573 284.3067 289.4735 294.4656 283.6921 286.5768 287.1845 281.6276 281.8143 281.1639 277.4065 277.2876 276.7362	0.0293548
1980 2.3493296E-08 2.9310192E-08 2.0791017E-08 2.1373451E-08 1.7914214E-08 1.5453153E-08 1.5177887E-08 1.7824327E-08 1.9644617E-08 1.3844225E-08 2.2575671E-08 3.3298793E-08 1.4513522E-08 2.1122309E-08 2.9963886E-08	284.4545 288.3085 296.2104 284.5065 289.3541 294.6547 283.9543 286.5728 287.1564 281.5898 281.6342 280.8009 277.0034 276.6764 276.0589	0.765161
1981 1.5499293E-08 2.3617648E-08 1.9474239E-08 1.5425746E-08 1.2271148E-08 1.2738595E-08 1.0013510E-08 1.0491132E-08 1.3290240E-08 1.1095743E-08 1.6125966E-08 2.3518282E-08 1.3170433E-08 1.9485848E-08 2.5219610E-08	285.1528 288.9306 296.1536 285.3463 290.1195 294.6109 284.7887 287.3678 287.4962 282.3199 282.1538 281.0441 277.4026 276.6674 275.8336	1142.42
1982 2.6566099E-08 3.1470236E-08 2.8929195E-08 2.3498936E-08 1.9860448E-08 2.1486910E-08 1.7454150E-08 1.9359128E-08 2.6772961E-08 1.4842171E-08 2.3125423E-08 3.3171141E-08 1.5827496E-08 2.3204889E-08 3.1143585E-08	283.2777 287.8180 296.1199 283.4491 288.5430 294.5972 283.0311 285.5421 285.9920 281.0394 280.7462 279.6501 276.8297 276.0104 275.0045	202.269
1983 1.8273845E-08 2.3434698E-08 2.0859790E-08 1.6266718E-08 1.3159186E-08 1.3693912E-08 1.3247247E-08 1.2455388E-08 1.6529512E-08 1.2367677E-08 1.9282631E-08 2.8208095E-08 1.2891936E-08 2.1222988E-08 2.9743187E-08	284.8380 288.7188 296.5683 284.8893 289.8795 294.9347 284.4041 287.1194 287.4558 282.1455 282.1945 281.1424 277.4711 277.1664 276.3826	82.1968
1984 1.2858325E-08 1.9417346E-08 1.4942822E-08 1.3546520E-08 1.1401831E-08 1.1257574E-08 1.1409590E-08 1.0335962E-08 1.4214648E-08 1.1489868E-08 1.5568411E-08 2.4435320E-08 1.3248407E-08 1.8130716E-08 2.5057355E-08	285.3426 289.1155 296.0692 285.4917 290.2596 294.5648 284.6097 287.2151 287.4786 281.8012 281.7506 280.8982 276.7922 276.4332 275.8653	902.806
1985 2.4760057E-08 3.0572078E-08 2.1605180E-08 2.3675314E-08 1.7560295E-08 1.5671645E-08 1.4828396E-08 1.4753044E-08 1.9261769E-08 1.2951423E-08 2.1146246E-08 3.0618871E-08 1.4389069E-08 2.2442510E-08 2.9928607E-08	284.3837 288.1806 296.3492 284.1302 289.0999 294.7649 283.3919 286.1929 286.8843 280.7140 280.9255 280.2874 275.7479 275.6371 275.2759	1483.51
1986 2.9716206E-08 3.3494150E-08 2.9166186E-08 2.5675266E-08 2.2094175E-08 2.1668798E-08 1.8937856E-08 1.8364050E-08 2.3396886E-08 1.5313283E-08 2.0429688E-08 2.8660287E-08 1.5762483E-08 2.1005274E-08 2.5534895E-08	282.9028 287.3061 296.5209 283.0000 288.1460 294.8919 282.8905 285.4730 285.9412 281.2294 281.0912 279.9665 276.9888 276.3609 275.5076	774.662
1987 2.2413932E-08 2.7111621E-08 2.4615986E-08 2.2370299E-08 1.7666087E-08 1.8050294E-08 1.7731038E-08 2.0053305E-08 2.6175343E-08 1.4609486E-08 2.4358318E-08 3.6273434E-08 1.4293448E-08 2.3246308E-08 3.2358493E-08	283.4085 287.2621 296.2132 282.8891 287.8302 294.6790 282.1417 284.8164 285.4676 279.9269 280.1716 279.4590 275.4401 275.2838 274.9540	247.387
1988 1.5989695E-08 2.3170962E-08 1.4620924E-08 1.5429524E-08 1.4066377E-08 1.1252292E-08 1.1701077E-08 1.2043037E-08 1.2612861E-08 1.0884641E-08 1.5956203E-08 2.1975886E-08 1.2717564E-08 1.7382945E-08 2.2617032E-08	286.1242 289.9441 296.2119 286.6859 291.5997 294.6639 286.2690 289.1660 289.3458 283.5511 283.9752 283.2829 278.4408 278.2982 278.1285	21.4023
1989 1.4559051E-08 2.2546816E-08 1.7991068E-08 1.6304286E-08 1.3819256E-08 1.3959339E-08 1.3777172E-08 1.4475930E-08 1.7346538E-08 1.5734740E-08 2.2657511E-08 2.9728787E-08 1.8157083E-08 2.6186330E-08 3.3284753E-08	285.6349 289.4546 296.3481 285.4841 290.4802 294.7626 284.4997 287.5082 288.1595 281.6388 282.1281 281.7649 276.6183 276.5246 276.4704	29.0677
1990 3.2089922E-08 3.6241289E-08 3.0862733E-08 3.0193050E-08 2.3354605E-08 2.2011374E-08 2.0932259E-08 2.1414237E-08 2.6107250E-08 1.8148429E-08 2.6309410E-08 3.5557427E-08 1.8731962E-08 2.6904186E-08 3.4354990E-08	283.8026 287.7675 296.2939 283.3849 288.3214 294.7183 282.5437 285.2614 286.3241 280.3038 280.3293 279.7182 275.7188 275.4860 275.0271	65.1935
1991 2.5584908E-08 2.8870085E-08 2.6392438E-08 2.2806997E-08 1.8645775E-08 1.8166997E-08 1.6573178E-08 1.8303904E-08 2.4473730E-08 1.5999001E-08 2.2395247E-08 3.2893777E-08 1.6110635E-08 2.1446091E-08 2.9139043E-08	283.9553 287.8479 296.3881 283.8201 288.7430 294.7909 283.1665 285.9474 286.3658 280.7255 280.9023 280.0363 276.3293 276.1098 275.5052	219.613
1992 4.0350361E-08 4.1351093E-08 3.1526270E-08 3.3502896E-08 2.5855961E-08 2.3992653E-08 2.0248194E-08 2.0278073E-08 2.7592952E-08 1.5566457E-08 2.1036419E-08 3.3263721E-08 1.5879635E-08 2.0471278E-08 2.7555977E-08	283.3652 287.4458 296.4331 283.0266 288.0262 294.8237 282.2369 285.0113 285.9003 280.1368 280.2400 279.5467 275.8993 275.5823 274.8335	36.3548
1993 3.7501501E-08 3.8141227E-08 2.9151881E-08 3.4525858E-08 2.4558284E-08 2.2400712E-08 2.2708068E-08 2.2108351E-08 2.6721430E-08 1.9099156E-08 2.5989133E-08 3.6837520E-08 1.9008390E-08 2.4105647E-08 3.1429931E-08	283.0164 287.1160 296.0707 282.6252 287.5138 294.5664 281.7731 284.4601 285.4568 279.6376 279.8293 279.2247 275.4081 275.4412 274.9267	0
1994 3.2028051E-08 3.2765655E-08 2.9009060E-08 2.8648133E-08 2.1813207E-08 2.0384235E-08 2.1480535E-08 2.2644599E-08 2.7332540E-08 1.6802691E-08 2.3989259E-08 3.5357466E-08 1.4940285E-08 2.1196069E-08 3.0295006E-08	283.0635 287.4111 296.3596 282.9078 288.1394 294.7810 282.4659 285.2810 286.0858 280.5495 280.8041 280.0591 276.2843 276.3022 275.8119	189.735
1995 2.7342821E-08 3.0120201E-08 2.1624864E-08 2.4685358E-08 2.0298909E-08 1.4868315E-08 1.6030098E-08 1.5840726E-08 1.6685698E-08 1.0936644E-08 1.5066654E-08 2.2287148E-08 1.2110782E-08 1.5514891E-08 1.9721401E-08	284.0382 287.9857 296.4054 284.1578 288.9928 294.8047 283.7693 286.4261 286.9448 281.6327 281.9273 281.1204 277.1654 277.2525 276.6545	4.91548
1996 2.0513312E-08 2.5764443E-08 2.0904128E-08 2.0660272E-08 1.6862407E-08 1.5187846E-08 1.5232812E-08 1.4794519E-08 1.7477806E-08 1.2771497E-08 1.8447357E-08 2.6238185E-08 1.2601294E-08 1.7895752E-08 2.5213811E-08	285.0454 288.8416 296.3861 285.0592 289.9374 294.7925 284.2773 286.9854 287.4431 281.7913 281.7980 280.9113 277.1114 276.7119 275.9805	175.976
1997 2.3914914E-08 2.8209580E-08 2.5204018E-08 2.4321727E-08 2.0983544E-08 2.2542515E-08 1.9048919E-08 2.5161027E-08 3.1045136E-08 1.8872671E-08 2.9907227E-08 3.9687368E-08 1.8646546E-08 2.8759732E-08 3.5789704E-08	283.4326 287.6931 295.9101 283.2595 288.2250 294.4451 282.6722 284.9857 285.3412 280.6608 280.2315 278.9913 276.6398 275.5570 274.6168	64.7097
1998 1.7505768E-08 2.3721828E-08 1.7583778E-08 1.7933834E-08 1.4943881E-08 1.3243310E-08 1.3405122E-08 1.3387949E-08 1.4936200E-08 1.1528076E-08 1.7356998E-08 2.6565765E-08 1.0400826E-08 1.6861394E-08 2.5696275E-08	286.4531 290.1023 296.2299 286.6439 291.4108 294.6800 285.7302 288.6077 288.9174 282.9293 283.2517 282.4982 278.2632 277.9824 277.3227	896.774
1999 1.5088753E-08 2.0924125E-08 1.4215559E-08 1.3279829E-08 1.1974229E-08 1.2145041E-08 9.6814192E-09 1.1338708E-08 1.4188241E-08 9.8836423E-09 1.5731807E-08 2.2102428E-08 1.2511766E-08 2.0712077E-08 2.5947138E-08	286.4416 290.0887 296.2889 286.9207 291.8185 294.7271 286.4581 289.2334 289.3816 283.8808 284.0792 283.2468 278.9820 278.6494 278.1353	17.9355
2000 2.3864951E-08 2.9778301E-08 2.2503317E-08 2.3999684E-08 1.8887349E-08 1.5403659E-08 1.5300646E-08 1.4681631E-08 1.9101464E-08 1.4158349E-08 1.8880426E-08 2.8117574E-08 1.5121193E-08 1.8932694E-08 2.4139915E-08	284.7427 288.6740 296.4672 284.7431 289.5670 294.8561 283.9846 286.6324 287.2146 281.5840 281.6058 280.7031 276.9396 276.5880 275.8271	18.1713
2001 3.8951899E-08 4.0939494E-08 3.1548844E-08 3.5177589E-08 2.7623599E-08 2.2947443E-08 2.0367992E-08 2.1087279E-08 2.5646687E-08 1.4066890E-08 2.0936863E-08 3.1689833E-08 1.3866924E-08 2.0080048E-08 2.8058745E-08	283.5324 287.8780 296.4835 283.4418 288.5581 294.8658 283.0841 285.9823 286.9153 281.1676 281.3501 280.6879 276.7068 276.5625 276.1972	0
2002 2.0109828E-08 2.6308978E-08 2.1740373E-08 2.0090527E-08 1.6351930E-08 1.6708341E-08 1.2792335E-08 1.5149753E-08 1.9830848E-08 1.0909329E-08 1.6637465E-08 2.7941406E-08 1.4198872E-08 1.9566766E-08 2.5081739E-08	284.1854 288.1349 296.2279 284.1049 289.1367 294.6799 283.6711 286.4036 286.8405 281.6033 281.6553 280.7882 277.1702 276.8986 276.2680	621.452
2003 2.3527360E-08 2.8738411E-08 2.3256995E-08 2.4189152E-08 1.9154227E-08 1.7657451E-08 1.6253782E-08 1.7980321E-08 2.3075540E-08 1.4699967E-08 2.1708527E-08 3.2563555E-08 1.5213521E-08 2.1443935E-08 2.9657153E-08	284.6897 288.3883 296.5292 284.1791 289.0650 294.9013 283.2227 285.9823 286.8366 280.7531 281.0301 280.3898 276.2495 275.9654 275.4267	4080.45
2004 2.9521713E-08 3.3536413E-08 2.5167301E-08 2.7946257E-08 2.1192903E-08 1.8723478E-08 1.8423313E-08 1.9290656E-08 2.4706866E-08 1.6654075E-08 2.5041885E-08 3.5666201E-08 1.5992356E-08 2.3466121E-08 3.0293062E-08	284.1131 288.0876 296.0486 283.8223 288.7810 294.5183 283.2087 286.0088 286.6767 281.0724 281.2620 280.5778 276.7257 276.5764 276.0792	108.71
2005 2.1963347E-08 2.6488660E-08 2.0004800E-08 2.5665132E-08 1.9286123E-08 1.5533931E-08 2.1655115E-08 1.9814454E-08 2.1268267E-08 1.7888265E-08 2.7067539E-08 3.4833853E-08 1.7697653E-08 2.6939750E-08 3.4667799E-08	285.4133 289.0964 296.1923 285.0772 289.8275 294.6425 284.0221 286.6183 287.3122 281.3790 281.2625 280.7098 276.4932 275.8784 275.5928	54.7065
2006 2.1120639E-08 2.4691307E-08 1.9702195E-08 2.2427697E-08 1.6245529E-08 1.2877802E-08 1.5694519E-08 1.5967677E-08 1.7716568E-08 1.1676279E-08 1.8461579E-08 2.8458906E-08 1.3373443E-08 2.0208347E-08 2.7657128E-08	284.6273 288.5713 296.4426 284.5034 289.3035 294.8446 283.8730 286.4602 287.1069 281.5217 281.5547 280.8939 276.8298 276.4549 276.0655	66.0777
2007 2.2155367E-08 2.8758341E-08 2.4083297E-08 2.2625965E-08 1.8535125E-08 1.6428125E-08 1.6096703E-08 1.7583011E-08 1.9685185E-08 1.4897173E-08 2.4170115E-08 3.1300395E-08 1.3820404E-08 2.1011680E-08 2.7972369E-08	285.5646 289.1995 296.5407 285.2446 289.9928 294.9143 283.9921 286.6728 287.4594 281.1433 281.3207 280.7870 276.4487 276.1092 275.7178	255.484
2008 1.5980151E-08 2.1724505E-08 1.6233908E-08 1.8984913E-08 1.3403485E-08 1.1718148E-08 1.1563075E-08 1.2710045E-08 1.7152823E-08 1.0425589E-08 1.7431645E-08 2.8298723E-08 1.2006013E-08 1.8424862E-08 2.7209278E-08	285.9854 289.4538 296.0707 285.5334 290.3262 294.5491 284.5709 287.2968 287.8383 282.0638 282.2500 281.3877 277.4310 277.1680 276.5002	0.291935
2009 2.8206495E-08 3.0410412E-08 2.6607504E-08 2.7613261E-08 1.9544160E-08 1.7868215E-08 1.7324059E-08 1.8476673E-08 2.1737153E-08 1.6444067E-08 2.6309271E-08 3.3433139E-08 2.0139332E-08 2.9185928E-08 3.5679307E-08	283.5742 287.6449 296.1469 283.5311 288.6264 294.6191 283.1572 285.9651 286.4925 281.2190 281.3034 280.4298 276.8071 276.4407 275.8326	4.06645
2010 1.7706691E-08 2.5020228E-08 1.6936273E-08 1.6799856E-08 1.6063758E-08 1.2963665E-08 1.3201211E-08 1.3725382E-08 1.6729732E-08 1.1441470E-08 1.8209363E-08 2.7485669E-08 1.2687867E-08 1.9349210E-08 2.6344162E-08	285.9984 289.9054 296.7889 286.6654 291.4065 295.0991 285.8242 288.5078 288.8420 282.9223 283.0804 282.3597 278.1310 277.8227 277.3995	0.330968
2011 1.9582139E-08 2.7765321E-08 1.8069912E-08 1.8866007E-08 1.8443236E-08 1.4576287E-08 1.3009429E-08 1.5743083E-08 1.8586659E-08 1.1893849E-08 1.8627581E-08 2.7554837E-08 1.3875248E-08 2.1768860E-08 2.7868152E-08	286.0664 289.6017 296.2675 286.0044 290.8110 294.6979 285.1428 287.8936 288.3040 282.2880 282.5371 281.8398 277.3864 277.1295 276.7252	101.392
2012 1.8293045E-08 2.4993087E-08 1.9425451E-08 1.8091313E-08 1.3606649E-08 1.4078661E-08 1.2258918E-08 1.1964768E-08 1.7101254E-08 1.1907573E-08 1.8714561E-08 2.8122187E-08 1.4551538E-08 2.2393428E-08 2.8864928E-08	285.0485 288.7999 295.9489 285.0466 289.7744 294.4488 284.2836 286.6668 287.1494 281.7503 281.5185 280.5278 276.8824 276.3541 275.7170	149.403
2013 2.5485241E-08 3.3328870E-08 2.1418479E-08 2.3370616E-08 2.0438327E-08 1.7661884E-08 1.4495668E-08 1.6033159E-08 2.1633321E-08 1.1708348E-08 1.9063556E-08 3.0018800E-08 1.2738891E-08 1.8784927E-08 2.6000572E-08	284.6246 288.6496 296.4756 284.5759 289.4869 294.8525 283.9228 286.7987 287.4603 281.6264 282.1311 281.4601 277.2717 277.3864 277.1415	5609.32
2014 2.7539569E-08 3.0961125E-08 2.5000238E-08 2.4305164E-08 2.0280297E-08 1.9543315E-08 1.5556481E-08 1.7156706E-08 2.3706470E-08 1.3363850E-08 1.9809081E-08 2.9657999E-08 1.4113025E-08 2.1675966E-08 2.6683528E-08	283.9662 288.0397 295.9910 284.0082 289.0854 294.4931 283.8682 286.6323 287.1145 282.0697 282.3219 281.3121 277.5334 277.6791 277.1996	21.5639
2015 2.3327908E-08 3.2100090E-08 2.6253518E-08 2.4091205E-08 2.4113334E-08 2.7602804E-08 1.9369679E-08 2.6376803E-08 3.7032088E-08 1.8013491E-08 2.8016522E-08 4.1857849E-08 2.0240856E-08 2.9929833E-08 3.9245588E-08  283.4726 287.8654 295.7772 283.1013 288.1201 294.3289 282.5114 284.7693 285.0769 280.3158 279.9355 278.8103 275.9247 275.1171 274.5673  281.941
