STN,prec_1,prec_2,prec_3,prec_4,prec_5,prec_6,prec_7,prec_8,prec_9,prec_10,prec_11,prec_12,prec_13,prec_14,prec_15,st_1,st_2,st_3,st_4,st_5,st_6,st_7,st_8,st_9,st_10,st_11,st_12,st_13,st_14,st_15,09.0
LAT,23.72017,23.72017,23.72017,26.51077,26.51077,26.51077,29.30136,29.30136,29.30136,32.09194,32.09194,32.09194,34.88252,34.88252,34.88252,23.72017,23.72017,23.72017,26.51077,26.51077,26.51077,29.30136,29.30136,29.30136,32.09194,32.09194,32.09194,34.88252,34.88252,34.88252,28.30888906
LON,-101.2500,-98.43750,-95.62500,-101.2500,-98.43750,-95.62500,-101.2500,-98.43750,-95.62500,-101.2500,-98.43750,-95.62500,-101.2500,-98.43750,-95.62500,-101.2500,-98.43750,-95.62500,-101.2500,-98.43750,-95.62500,-101.2500,-98.43750,-95.62500,-101.2500,-98.43750,-95.62500,-101.2500,-98.43750,-95.62500,-98.5572384
1958 2.4967834E-08 3.3350300E-08 1.9355724E-08 2.5964535E-08 2.0737907E-08 1.4430012E-08 1.9631187E-08 1.8917754E-08 2.1685672E-08 1.5318887E-08 2.2040206E-08 3.2699425E-08 1.6160621E-08 2.2344921E-08 3.0499645E-08	285.8088 289.2367 295.4721 285.4765 290.3299 293.7852 284.9586 287.6529 287.9666 283.0412 283.0459 282.0512 278.6927 278.4480 277.6919	562.48
1959 1.9644336E-08 3.2006952E-08 1.7281426E-08 2.3407681E-08 2.0320563E-08 1.5709944E-08 1.7218346E-08 1.7568007E-08 2.1994158E-08 1.3396035E-08 2.1082178E-08 3.0278521E-08 1.6388435E-08 2.3328996E-08 2.9856619E-08	286.7409 290.4086 295.5210 286.9430 292.0591 293.8230 286.7585 289.4088 289.2843 284.8137 284.4870 283.1862 280.1766 279.4867 278.6908	170.9
1960 1.7617097E-08 2.6234868E-08 1.4955051E-08 1.9695928E-08 1.8045744E-08 1.3979032E-08 1.6413308E-08 1.7150649E-08 1.9879577E-08 1.5017342E-08 2.2800082E-08 3.0462267E-08 1.7210642E-08 2.3735355E-08 2.9399214E-08	287.0475 290.7286 295.5330 287.1698 292.1163 293.8255 286.8118 289.3134 289.3453 284.7367 284.4227 283.2453 280.2025 279.6970 278.9402	151.7
1961 1.9289594E-08 2.9457460E-08 1.8223940E-08 2.1120464E-08 1.7288979E-08 1.5439239E-08 1.4663788E-08 1.5977911E-08 2.3622986E-08 1.2820754E-08 2.0341831E-08 3.3177312E-08 1.5898364E-08 2.2014865E-08 2.9360278E-08	286.6059 289.8960 295.5169 286.2129 291.1488 293.8228 285.6171 288.1190 288.1891 283.4514 283.1383 281.9302 278.7995 278.4256 277.6776	24.3833
1962 2.2374392E-08 3.2812313E-08 1.7410292E-08 2.4147333E-08 2.0452214E-08 1.6263348E-08 1.6579232E-08 1.8234790E-08 2.1949331E-08 1.2708185E-08 1.9741748E-08 3.1437594E-08 1.3278070E-08 2.0166899E-08 2.9408072E-08	286.4931 290.1078 295.6504 286.5092 291.5781 293.9186 286.3210 289.0808 289.1030 284.4701 284.4241 283.1430 280.1201 279.6043 278.7507	24.71
1963 2.3846662E-08 3.6183291E-08 2.2813177E-08 2.4186287E-08 2.0275897E-08 1.8456820E-08 1.7701579E-08 1.8652896E-08 2.4438814E-08 1.7191676E-08 2.6693320E-08 3.8561048E-08 2.0521940E-08 2.7514819E-08 3.6017134E-08	285.7195 289.2847 295.5385 285.5162 290.4906 293.8425 285.2300 287.8078 287.9168 283.2575 282.9621 281.7714 278.8853 278.2096 277.4321	22.94
1964 2.1477492E-08 3.3306669E-08 1.8505014E-08 2.2147159E-08 1.8997300E-08 1.5826593E-08 1.4555609E-08 1.5037999E-08 1.8480080E-08 1.2079766E-08 1.9109034E-08 2.7909751E-08 1.4719211E-08 2.0525528E-08 2.7977705E-08	286.9022 290.2855 295.8718 286.9358 291.8344 294.0775 286.3373 289.1053 289.1592 284.0851 284.0042 282.8728 279.2956 278.9093 278.1747	3858.73
1965 2.9621326E-08 3.8389938E-08 2.3323022E-08 2.9730741E-08 2.7004070E-08 2.1784205E-08 2.4020460E-08 2.6088580E-08 2.9614192E-08 2.0651532E-08 2.9397661E-08 3.7422314E-08 2.1351402E-08 2.7610822E-08 3.2669377E-08	284.5481 288.9123 295.2225 284.7801 290.1819 293.6027 284.9850 287.7409 287.9723 283.6309 283.5951 282.5524 279.7236 279.5465 278.9536	42.7333
1966 2.4429823E-08 3.5558916E-08 2.0430893E-08 2.6058686E-08 2.0939483E-08 1.6248954E-08 1.9438597E-08 1.8902332E-08 2.3243031E-08 1.5744014E-08 2.4431714E-08 3.4301120E-08 1.9625894E-08 2.5426726E-08 3.2041960E-08	285.9247 289.5081 295.5119 285.6552 290.7242 293.8217 285.2659 287.8521 288.0393 283.2314 283.0154 281.8777 278.5964 278.1664 277.4986	442.4
1967 2.1399758E-08 3.6946584E-08 2.0987397E-08 2.7506969E-08 2.4752502E-08 1.8341112E-08 2.1232335E-08 2.0089077E-08 2.3534042E-08 1.7853745E-08 2.5442411E-08 3.5101003E-08 1.8553498E-08 2.4240315E-08 2.9668728E-08	285.9006 289.7419 295.7448 285.5884 290.7286 293.9924 285.2140 287.9359 288.2778 283.5748 283.3592 282.3546 279.2709 279.0925 278.4939	10154.4
1968 2.4777339E-08 3.6981955E-08 2.2694108E-08 2.3432579E-08 1.9696271E-08 1.8403373E-08 1.6389267E-08 1.7116040E-08 2.0933646E-08 1.3464521E-08 1.9605444E-08 2.9162351E-08 1.6485879E-08 2.1705022E-08 2.8208566E-08	285.4778 289.7087 295.4761 285.7570 290.9842 293.7933 285.8097 288.3933 288.4423 284.1160 283.8592 282.6119 279.5936 279.1003 278.3637	119.631
1969 1.6745282E-08 2.9223518E-08 1.8512631E-08 2.0638861E-08 2.1875673E-08 1.9447311E-08 2.1083240E-08 2.5007173E-08 2.9599889E-08 2.0712317E-08 3.0161171E-08 3.9225231E-08 2.2071310E-08 2.7913190E-08 3.5241300E-08	286.2745 290.2623 295.7256 286.3730 291.5166 293.9821 286.1744 288.6670 288.6852 284.2683 283.8137 282.4754 279.9710 279.3044 278.3495	68.3637
1970 1.7437500E-08 2.8474954E-08 1.6581103E-08 1.7361625E-08 1.6975813E-08 1.4562287E-08 1.3794017E-08 1.5126295E-08 1.8103718E-08 1.2105136E-08 2.0127713E-08 3.0345763E-08 1.8149265E-08 2.7311982E-08 3.5585334E-08	287.4387 291.1638 295.9068 287.8220 292.8372 294.1126 287.4884 290.2308 290.0301 284.9758 284.6674 283.5751 279.8521 279.1190 278.5554	42.5387
1971 2.1935540E-08 3.1436947E-08 1.6449482E-08 2.3918568E-08 2.0565807E-08 1.5299324E-08 2.0513813E-08 2.0993044E-08 2.1788873E-08 1.5504019E-08 2.2463228E-08 3.0864435E-08 1.5989704E-08 2.1948841E-08 2.8823695E-08	286.2734 289.9840 295.9460 286.2857 291.4828 294.1481 286.1210 288.8906 288.9197 284.3134 284.1206 282.8900 279.8512 279.3516 278.5578	6623.4
1972 2.9896661E-08 4.0537508E-08 2.2813857E-08 3.1343347E-08 2.5315382E-08 2.1070843E-08 2.1647786E-08 2.2707457E-08 3.0056292E-08 1.9067777E-08 2.7038965E-08 3.6965094E-08 2.2180897E-08 2.7741999E-08 3.2480870E-08	284.7320 288.7630 295.2272 284.5910 289.8937 293.6139 284.6077 287.1301 287.4258 283.0454 282.7526 281.6585 278.8743 278.3964 277.8349	249.567
1973 1.9461130E-08 3.0446241E-08 1.7128915E-08 1.9764069E-08 1.9243716E-08 1.4208585E-08 1.2309322E-08 1.3129717E-08 1.7656170E-08 7.9979570E-09 1.5729116E-08 2.8012039E-08 1.0994730E-08 1.8057692E-08 2.7007728E-08	287.2036 290.8117 295.9441 287.5537 292.5312 294.1448 287.3549 290.0741 289.9067 285.2590 285.1342 283.9037 280.4402 280.0323 279.2244	720.163
1974 2.0544926E-08 3.0512947E-08 1.9682652E-08 2.0214053E-08 1.7678079E-08 1.6290299E-08 1.4583822E-08 1.6683778E-08 2.4175982E-08 1.4833700E-08 2.5024583E-08 3.5937823E-08 1.7631542E-08 2.6662223E-08 3.6199353E-08	286.0561 290.0585 296.0013 286.2690 291.5165 294.1972 285.9791 288.6831 288.7409 283.5238 283.1415 282.1723 278.2311 277.5344 276.9745	656.133
1975 1.5467975E-08 2.5764660E-08 1.3660056E-08 1.4257784E-08 1.3083497E-08 9.5966763E-09 1.1413831E-08 1.1879999E-08 1.5468387E-08 1.0959988E-08 1.8084819E-08 2.5837748E-08 1.5186522E-08 2.2539506E-08 2.8133673E-08	287.6529 291.5242 295.9469 288.3373 293.3613 294.1379 288.1020 290.6830 290.2814 285.6202 285.3069 283.9031 280.6001 279.7116 278.7353	176.233
1976 2.0753857E-08 3.1926920E-08 2.0469290E-08 2.1557433E-08 2.2884970E-08 1.9290386E-08 1.9042032E-08 2.3309818E-08 2.8889065E-08 1.7685732E-08 2.9102610E-08 4.0831239E-08 1.9575614E-08 3.0237732E-08 3.9768906E-08	286.1010 290.0585 295.8686 286.1772 291.2800 294.0905 285.5828 288.2166 288.3829 283.2083 282.8823 281.8529 278.3865 277.6520 276.9615	1179.97
1977 1.6060797E-08 2.4991548E-08 1.4838973E-08 1.6646569E-08 1.4090014E-08 1.3296098E-08 1.1807164E-08 1.3821175E-08 1.9596234E-08 1.2156915E-08 2.1301853E-08 3.5100001E-08 1.6360307E-08 2.4140043E-08 3.7223714E-08	286.8018 290.4163 295.5539 287.0171 291.9977 293.8569 286.6989 289.3965 289.2087 284.3975 284.3857 283.2804 279.4270 279.0508 278.3892	1.56867
1978 2.0401641E-08 3.3761907E-08 2.0633632E-08 2.3016444E-08 2.0820082E-08 1.5353720E-08 1.6184302E-08 1.6342554E-08 1.9123384E-08 1.5597255E-08 2.2401094E-08 3.2315121E-08 1.7671221E-08 2.4120844E-08 3.1527293E-08	286.3205 289.9181 295.9551 286.1662 290.9981 294.1540 285.6827 288.1325 288.2912 283.6450 283.2649 282.1129 279.0651 278.4777 277.6919	261.8
1979 2.5397764E-08 3.8602522E-08 2.3005722E-08 2.8981111E-08 2.5879119E-08 2.0239924E-08 2.1035000E-08 2.1018137E-08 2.5577732E-08 1.8085222E-08 2.7426671E-08 3.6715431E-08 1.9026608E-08 2.6691586E-08 3.5119381E-08	285.8187 289.5245 295.4741 285.6706 290.6168 293.7979 285.4962 288.1005 288.3055 283.8029 283.5696 282.3441 279.4985 279.1048 278.2512	2.42033
1980 2.3140947E-08 3.4270247E-08 2.0354513E-08 2.3985102E-08 2.0601961E-08 1.5919747E-08 2.1191081E-08 2.1270768E-08 2.4113357E-08 1.9295566E-08 2.7099894E-08 3.6101564E-08 1.7851939E-08 2.5092437E-08 3.2829711E-08	286.0728 289.8548 295.6748 286.1149 291.3593 293.9483 285.8808 288.5685 288.7603 283.8763 283.7228 282.6779 279.5067 279.0704 278.2616	49.2263
1981 2.2118636E-08 3.3148428E-08 1.8067061E-08 2.3825807E-08 2.3123041E-08 1.7205437E-08 2.0030177E-08 2.4073696E-08 2.6780583E-08 1.8592177E-08 2.8310621E-08 3.8608373E-08 1.8072393E-08 2.4809594E-08 3.2053492E-08	286.6082 290.2592 295.6289 286.4273 291.3861 293.9138 285.7583 288.3676 288.7279 283.3730 283.2080 282.3675 278.8856 278.3066 277.7653	925.667
1982 3.1292380E-08 4.0700307E-08 2.8955089E-08 2.9321372E-08 2.7637931E-08 2.7480381E-08 2.3292507E-08 2.8855260E-08 3.8518831E-08 2.2729498E-08 3.3580864E-08 4.5109466E-08 2.2843931E-08 3.1045850E-08 3.9384918E-08	283.9561 288.2192 295.5566 283.9699 289.2284 293.8683 283.9980 286.3966 286.6104 282.3014 281.9249 280.7318 278.1132 277.2784 276.6311	23.7087
1983 2.2807846E-08 3.2104431E-08 1.9118138E-08 2.4872103E-08 2.1694788E-08 1.8075513E-08 1.7936905E-08 2.0382274E-08 2.7804452E-08 1.5458527E-08 2.3754486E-08 3.6510190E-08 1.8628599E-08 2.5716453E-08 3.1703244E-08	285.7363 289.3456 295.9704 285.3643 290.3549 294.1839 284.9238 287.5145 287.9378 283.0930 283.0076 282.0663 278.6036 278.5202 278.0923	80.4293
1984 1.8687597E-08 3.0418363E-08 1.8942927E-08 2.0432623E-08 1.9009381E-08 1.6669322E-08 1.4969643E-08 1.6302078E-08 2.0860091E-08 1.2011096E-08 1.8350873E-08 2.7964596E-08 1.2635969E-08 1.7828096E-08 2.5683343E-08	286.3442 289.6964 295.7586 286.2209 291.0303 294.0205 286.0285 288.6154 288.8106 284.3012 284.1570 282.9053 279.9290 279.5543 278.5334	0
1985 2.2347592E-08 3.4980292E-08 1.8529251E-08 2.2910735E-08 2.0809797E-08 1.5482330E-08 1.7128240E-08 1.7495809E-08 2.2804260E-08 1.4629831E-08 2.4578950E-08 3.4965399E-08 1.6953029E-08 2.4258556E-08 3.3179582E-08	285.8306 289.8633 295.8758 286.0919 291.4029 294.1056 286.0432 288.9296 288.8874 284.0965 283.9263 282.7066 279.3578 278.8435 278.0719	84.052
1986 2.6437649E-08 3.5312159E-08 2.3468582E-08 2.6316952E-08 1.9030059E-08 1.7792710E-08 1.6477399E-08 1.6668773E-08 2.4742283E-08 1.5008640E-08 2.3666079E-08 3.4661571E-08 1.9765739E-08 2.5933183E-08 3.2151505E-08	284.8676 288.9809 295.9075 284.8768 290.1314 294.1284 284.8931 287.3650 287.4435 283.3609 282.7105 281.3467 278.7318 278.0364 277.1282	37.4467
1987 2.3399732E-08 3.4768497E-08 2.1483803E-08 2.5378881E-08 2.1684109E-08 1.8479318E-08 2.0464292E-08 2.3224784E-08 3.2349227E-08 1.9100565E-08 3.0132185E-08 4.6929156E-08 2.0813594E-08 2.8363674E-08 3.7997754E-08	285.7435 289.4504 295.5420 285.4330 290.5717 293.8775 284.8525 287.4039 287.5737 282.6185 282.3708 281.3195 277.9982 277.6549 277.1913	508.467
1988 1.2296911E-08 2.6753835E-08 1.3354589E-08 1.3252541E-08 1.3353228E-08 1.0673868E-08 9.5459978E-09 1.2020210E-08 1.5556919E-08 9.2514902E-09 1.5488524E-08 2.8236913E-08 1.2776120E-08 1.7420348E-08 2.5625429E-08	287.8037 291.0502 295.7624 288.0286 292.6386 294.0267 287.1339 289.5070 289.3677 284.0688 283.6500 282.5253 278.8289 277.9591 277.1124	53.2503
1989 1.9811745E-08 3.3044945E-08 1.6726394E-08 2.1914600E-08 2.0149171E-08 1.4098739E-08 1.6899074E-08 1.5865517E-08 1.7108796E-08 1.2896451E-08 1.9911541E-08 2.9550980E-08 1.2279789E-08 1.7390422E-08 2.6135542E-08	287.1606 290.6561 295.9333 287.4040 292.2538 294.1521 287.1339 289.8510 289.9873 284.9676 284.7230 283.7720 280.2310 279.6834 279.0261	2.14467
1990 3.1185930E-08 3.9631889E-08 2.3754122E-08 2.9865820E-08 2.6287399E-08 2.0725876E-08 2.0992045E-08 2.2595408E-08 2.6611126E-08 1.7526338E-08 2.4626512E-08 3.4402735E-08 1.9254509E-08 2.5370650E-08 3.1586591E-08	285.1685 289.3391 295.8165 285.2255 290.6322 294.0621 285.2458 287.8907 288.0820 283.6012 283.1388 281.8567 278.9624 278.2664 277.4118	151.1
1991 2.3650445E-08 3.6117971E-08 2.2697774E-08 2.8723743E-08 2.4379604E-08 2.0290024E-08 2.3658233E-08 2.6400464E-08 3.0798482E-08 1.9942929E-08 3.1830790E-08 4.3221611E-08 1.8838325E-08 2.7149534E-08 3.5576900E-08	285.8366 289.7654 295.9211 285.6241 290.7572 294.1423 284.9432 287.5222 287.8031 282.8302 282.4951 281.4634 278.4775 277.9748 277.2217	224.383
1992 3.5284419E-08 4.3296232E-08 2.6559306E-08 3.4425621E-08 2.7936677E-08 2.2949077E-08 2.3464441E-08 2.4557190E-08 3.0093098E-08 1.7963821E-08 2.5773874E-08 3.5912077E-08 1.9932578E-08 2.5209735E-08 3.1378189E-08	284.1774 288.2746 295.9331 283.7575 289.1177 294.1528 283.6420 286.3534 286.8208 282.2350 282.1356 281.0042 278.1748 277.7372 277.0147	97.4333
1993 4.0868851E-08 4.9312487E-08 3.6121548E-08 4.0980318E-08 3.5311430E-08 3.2059038E-08 3.1596123E-08 3.5027885E-08 4.1975859E-08 2.6334606E-08 3.7537131E-08 4.8800835E-08 2.6682077E-08 3.3555850E-08 3.9498342E-08	283.9107 288.2309 295.5323 283.6555 289.1029 293.8619 283.4946 286.3248 286.8751 281.8897 281.8700 281.1014 278.0442 277.8596 277.4202	2.119
1994 3.3143593E-08 4.3332175E-08 3.3038006E-08 2.8799255E-08 2.6324209E-08 2.2767628E-08 1.8685107E-08 2.2035104E-08 2.7944642E-08 1.7023813E-08 2.4678695E-08 3.5729819E-08 1.8177330E-08 2.3368738E-08 2.9831714E-08	284.3130 288.3187 295.7049 284.1968 289.6304 293.9862 284.1518 286.9414 287.2882 282.5589 282.5280 281.3353 278.3706 278.0929 277.2785	2.52467
1995 1.6961359E-08 2.8349570E-08 1.4869125E-08 2.1578638E-08 1.8022565E-08 1.4629424E-08 1.6225261E-08 1.8371594E-08 2.4197933E-08 1.3252415E-08 2.1306354E-08 3.6713590E-08 1.8380083E-08 2.5454286E-08 3.4149071E-08	286.5387 290.0485 295.9078 286.1165 291.0464 294.1319 285.5415 287.8586 288.0163 283.4845 282.9118 281.7071 278.9525 278.0242 277.3234	188.976
1996 2.0191585E-08 2.8372208E-08 1.7351649E-08 1.7845002E-08 1.5159767E-08 1.4428021E-08 1.2678795E-08 1.4311019E-08 2.0649978E-08 1.2359656E-08 1.8950146E-08 3.0330092E-08 1.5595424E-08 2.1476060E-08 2.8812554E-08	286.3892 290.0592 295.8360 286.8643 292.0454 294.0800 286.8331 289.5156 289.4373 284.8993 284.6837 283.5034 280.4376 280.1295 279.4124	488.987
1997 2.6077364E-08 3.5427739E-08 2.3604251E-08 2.6291316E-08 2.3316243E-08 2.1125366E-08 2.0179934E-08 2.4665844E-08 3.2208099E-08 2.2061014E-08 3.6863252E-08 4.7956213E-08 2.5438561E-08 3.6468837E-08 4.2157144E-08	284.8493 289.2032 295.3474 284.9904 290.5370 293.7231 284.9893 287.5509 287.5298 283.2322 282.9052 281.6217 279.0283 278.5076 277.8324	28.87
1998 1.8243624E-08 2.9445879E-08 1.4142802E-08 1.8714596E-08 1.5701792E-08 1.2786336E-08 1.3555523E-08 1.4062654E-08 1.8104290E-08 9.8836912E-09 1.7242389E-08 2.9832766E-08 1.1238796E-08 1.6797623E-08 2.5941585E-08	288.0056 291.4945 295.7202 288.7997 293.7951 294.0018 288.5319 291.3766 291.0500 285.9925 286.2277 285.1581 281.0832 280.7572 280.0458	2972.07
1999 1.8926180E-08 3.1625014E-08 1.6803213E-08 2.0135406E-08 1.7759776E-08 1.4871190E-08 1.4364342E-08 1.4918783E-08 1.9099618E-08 1.0845566E-08 1.6512734E-08 2.8166150E-08 1.1842188E-08 1.7226757E-08 2.5121318E-08	287.1232 290.5304 296.0138 287.7123 292.5928 294.2165 287.5433 290.0875 290.1269 285.1509 285.0126 283.8896 280.3952 279.8943 279.0918	1069.6
2000 2.6308646E-08 4.0034799E-08 2.1157593E-08 2.6691582E-08 2.4981443E-08 1.6682725E-08 2.0135255E-08 2.0164215E-08 2.1792896E-08 1.6344069E-08 2.4090212E-08 3.4632208E-08 1.6859023E-08 2.3036623E-08 3.0289311E-08	286.3578 290.0410 296.2562 286.4731 291.5370 294.3966 286.0869 288.8268 289.2860 284.0476 283.8224 282.8678 279.6314 278.9488 278.2146	5.02433
2001 2.2374165E-08 3.2435313E-08 1.8900254E-08 2.4958268E-08 2.0052902E-08 1.6763103E-08 1.8521995E-08 1.7311622E-08 2.0399598E-08 1.5023023E-08 2.2985549E-08 3.1106715E-08 1.6691580E-08 2.3588946E-08 2.9390550E-08	286.3503 290.0766 296.1144 286.3659 291.5266 294.2922 286.0940 288.7824 289.0377 284.1371 283.7252 282.7105 279.7003 279.0161 278.3962	1015.47
2002 2.7058036E-08 3.5945973E-08 2.0742627E-08 2.9825824E-08 2.3106121E-08 1.7996244E-08 2.0159248E-08 1.9983048E-08 2.6275218E-08 1.5673912E-08 2.2864953E-08 3.5964693E-08 2.0446944E-08 2.6390595E-08 3.3683818E-08	285.5765 289.4613 295.9671 285.3354 290.7128 294.1853 285.1343 287.8587 288.2674 283.1791 283.0780 282.1818 278.8363 278.6264 278.0463	7150.03
2003 2.1527365E-08 3.3394144E-08 2.1240176E-08 2.3472877E-08 2.1011481E-08 1.7700543E-08 1.8044533E-08 1.9348676E-08 2.4486976E-08 1.5919033E-08 2.4665782E-08 3.5139568E-08 1.6151541E-08 2.5232476E-08 3.4343621E-08	286.0652 289.5784 296.0568 285.7664 290.8052 294.2516 285.2131 287.7572 288.1729 283.1248 282.7253 281.7824 278.6734 278.1077 277.4753	175.151
2004 2.7081501E-08 4.0188400E-08 2.5502334E-08 2.5491410E-08 2.4859807E-08 2.2134856E-08 2.0531214E-08 2.6738043E-08 3.2538750E-08 2.2833087E-08 3.4797026E-08 4.6471481E-08 2.3650212E-08 3.2460214E-08 3.9871662E-08	285.3969 289.1507 295.7226 285.2828 290.4326 293.9876 285.0573 287.6362 287.8937 283.0945 282.7951 281.7687 278.5651 278.1779 277.6348	425.2
2005 2.7146609E-08 4.2044196E-08 2.3319101E-08 2.9555041E-08 2.5152064E-08 1.8526325E-08 2.1291699E-08 2.1005690E-08 2.3134165E-08 1.7676589E-08 2.4213440E-08 3.3948645E-08 1.8210676E-08 2.3971813E-08 2.9862036E-08	286.1191 290.0519 295.7451 285.9541 291.3387 294.0065 285.6201 288.3982 288.7017 283.9221 283.7566 282.6695 279.4974 279.0339 278.4594	0
2006 2.5372051E-08 3.3892750E-08 2.2829019E-08 2.4639450E-08 2.1852085E-08 1.8658634E-08 1.7000643E-08 1.8305437E-08 2.2655897E-08 1.5096173E-08 2.1361853E-08 3.2178679E-08 1.6153315E-08 2.3768811E-08 3.1490671E-08	285.8553 289.5316 296.0331 285.7966 290.8170 294.2520 285.7016 288.3028 288.5317 283.8863 283.7537 282.6075 279.4083 279.0339 278.3966	155.646
2007 1.5607457E-08 2.6580716E-08 1.5490977E-08 1.7935671E-08 1.6678904E-08 1.2416987E-08 1.3556644E-08 1.4397556E-08 1.7748690E-08 1.1481117E-08 1.7539312E-08 2.8176835E-08 1.3729353E-08 1.9517271E-08 2.7603965E-08	287.0716 290.5399 296.1658 287.1141 292.0526 294.3408 286.6786 289.1956 289.3160 284.4157 284.0077 282.8982 279.7003 279.0618 278.2290	645.9
2008 2.2858810E-08 3.0522170E-08 1.7379234E-08 2.3795319E-08 2.1429258E-08 1.6050651E-08 1.6572139E-08 1.7496237E-08 1.8983201E-08 1.5317074E-08 2.3086448E-08 2.8343532E-08 1.8768251E-08 2.4293291E-08 2.9074288E-08	286.3234 290.0160 295.7668 286.7622 291.7446 294.0198 286.6963 289.1752 289.1229 284.5244 284.1118 282.9231 279.8611 279.1100 278.2969	88.0033
2009 2.2217167E-08 3.2183141E-08 2.2293078E-08 2.3968312E-08 1.9899927E-08 1.7726208E-08 1.9332836E-08 2.1928361E-08 2.6585953E-08 1.7990368E-08 2.5837576E-08 3.5693880E-08 2.2283476E-08 2.8794664E-08 3.3943202E-08	285.0918 288.9611 295.7003 285.0743 290.3359 293.9919 285.2251 287.6693 287.6674 283.6238 283.1777 281.9534 279.3344 278.6356 277.7552	6.384
2010 1.7794987E-08 2.8905554E-08 1.4471826E-08 2.0110184E-08 1.6166004E-08 1.0911147E-08 1.3433901E-08 1.1866556E-08 1.1164539E-08 8.4970102E-09 1.2807610E-08 1.9517266E-08 1.0880520E-08 1.6366030E-08 2.3090740E-08	287.5570 291.0920 296.4823 288.2545 293.1922 294.5736 288.2313 290.9784 290.8182 286.0639 286.0190 284.7357 281.1699 280.7090 279.7599	0
2011 1.5072692E-08 2.4505495E-08 1.2622141E-08 1.5001767E-08 1.3980770E-08 1.0380885E-08 1.0922066E-08 1.2094258E-08 1.6233372E-08 1.0213616E-08 1.5636315E-08 2.6001505E-08 1.2937442E-08 1.7478644E-08 2.5252046E-08	287.6849 291.2761 295.8722 288.2094 293.0585 294.1057 287.9021 290.6060 290.4032 285.6669 285.5317 284.3180 280.9297 280.3972 279.5840	1.06667
2012 2.3321601E-08 3.3544982E-08 2.1389416E-08 2.4898707E-08 2.0867793E-08 1.6600548E-08 1.8861947E-08 1.8352683E-08 2.1694719E-08 1.5456413E-08 2.2498405E-08 3.2858267E-08 1.7479586E-08 2.3591788E-08 3.0340487E-08	286.1277 289.8122 295.3789 286.1176 291.2609 293.7201 285.8685 288.5898 288.6703 284.0277 283.8279 282.7494 279.7209 279.3346 278.6639	4.01167
2013 1.8301463E-08 2.9200049E-08 1.7663725E-08 1.9454538E-08 1.7288924E-08 1.5235795E-08 1.5456896E-08 1.7564105E-08 2.3217316E-08 1.2382917E-08 2.1667846E-08 3.6352951E-08 1.6045284E-08 2.4183510E-08 3.4028108E-08	286.6748 289.7961 295.8159 286.2268 290.8669 294.0452 285.6468 288.0835 288.3138 283.5583 283.2946 282.2521 278.7774 278.4580 277.9404	0
2014 3.1877160E-08 4.0927826E-08 2.6394909E-08 2.9052895E-08 2.3447479E-08 1.9588221E-08 2.0546770E-08 1.9891038E-08 2.4177792E-08 1.9121467E-08 2.6813080E-08 3.6416687E-08 2.0598369E-08 2.7906459E-08 3.5646288E-08	284.8478 288.8550 295.4301 285.1833 290.5240 293.7571 285.3804 288.1536 288.1375 283.8306 283.6968 282.5947 279.5664 279.2492 278.7103	26.5893
2015 1.8414941E-08 3.0336707E-08 2.2414572E-08 2.0279366E-08 2.0980124E-08 2.0499124E-08 1.8509350E-08 2.5203891E-08 3.1910190E-08 1.8148896E-08 3.0992041E-08 4.4329269E-08 1.9711880E-08 3.0980125E-08 4.0248661E-08  285.1702 289.4328 295.1165 285.2998 290.3972 293.5326 285.1942 287.4026 286.9731 283.3394 282.8172 281.3140 279.1869 278.3268 277.4246  
