STN,prec_1,prec_2,prec_3,prec_4,prec_5,prec_6,prec_7,prec_8,prec_9,prec_10,prec_11,prec_12,prec_13,prec_14,prec_15,st_1,st_2,st_3,st_4,st_5,st_6,st_7,st_8,st_9,st_10,st_11,st_12,st_13,st_14,st_15,04.0
LAT,23.72017,23.72017,23.72017,26.51077,26.51077,26.51077,29.30136,29.30136,29.30136,32.09194,32.09194,32.09194,34.88252,34.88252,34.88252,23.72017,23.72017,23.72017,26.51077,26.51077,26.51077,29.30136,29.30136,29.30136,32.09194,32.09194,32.09194,34.88252,34.88252,34.88252,28.30888906
LON,-101.2500,-98.43750,-95.62500,-101.2500,-98.43750,-95.62500,-101.2500,-98.43750,-95.62500,-101.2500,-98.43750,-95.62500,-101.2500,-98.43750,-95.62500,-101.2500,-98.43750,-95.62500,-101.2500,-98.43750,-95.62500,-101.2500,-98.43750,-95.62500,-101.2500,-98.43750,-95.62500,-101.2500,-98.43750,-95.62500,-98.5572384
1958 3.9033200E-08 5.9141140E-08 9.9552775E-09 4.7751392E-08 3.0688717E-08 8.3418827E-09 4.1186517E-08 1.5594209E-08 2.2927672E-08 3.4505472E-08 2.7527069E-08 3.3889606E-08 4.2267239E-08 3.9225974E-08 4.0243648E-08	294.8169 297.2010 299.3582 297.0432 301.7189 298.3604 298.7351 301.5048 300.7293 298.1032 297.9258 296.9570 294.7158 295.1221 294.8659	1.68
1959 3.2024001E-08 3.5106531E-08 9.5932551E-09 3.1708183E-08 2.1936176E-08 6.8811694E-09 2.5884983E-08 9.6048236E-09 1.7129089E-08 2.3799069E-08 1.8263991E-08 2.5088754E-08 3.5156244E-08 3.4255830E-08 3.4426773E-08	294.9312 297.6801 299.5450 297.9703 302.5609 298.5597 300.3225 303.1939 301.8127 300.1014 300.0054 298.0760 296.3817 296.4442 295.6069	1.42
1960 3.3179859E-08 2.7546028E-08 1.0390914E-08 3.3727215E-08 1.1656682E-08 7.4812103E-09 2.3278735E-08 5.1330211E-09 1.1036522E-08 2.2649209E-08 1.2699434E-08 1.7938680E-08 3.0299812E-08 2.6904342E-08 2.6265463E-08	294.9726 297.9144 299.0652 298.1023 303.1648 298.2293 300.7814 303.7402 302.6275 300.7788 301.1021 299.4850 297.4561 297.7895 296.9799	15.9333
1961 3.1132537E-08 2.6565420E-08 1.0589711E-08 2.8833096E-08 1.2063316E-08 6.7620318E-09 1.9418362E-08 6.1167160E-09 1.5246266E-08 1.7784005E-08 1.0526723E-08 1.6662858E-08 2.3166402E-08 2.3219291E-08 2.3879352E-08	294.9296 298.0305 299.6989 298.1228 303.3836 298.8783 301.1193 304.0530 302.8800 301.4441 301.7896 299.9821 298.2410 298.4874 297.3926	60.1733
1962 3.5237907E-08 3.3285687E-08 9.9947703E-09 3.2859027E-08 1.4504332E-08 6.7404455E-09 2.2623290E-08 7.2982846E-09 1.4772590E-08 1.9466153E-08 1.3525653E-08 2.0180932E-08 2.3357886E-08 2.1587722E-08 2.5939446E-08	294.8266 298.2231 299.9313 298.2756 303.6413 298.9409 301.1362 304.4028 303.1629 301.4323 301.9109 300.0363 298.0464 298.1972 297.1716	5.62333
1963 3.6039982E-08 4.6167617E-08 9.7774455E-09 4.0980090E-08 2.6502168E-08 6.9642256E-09 3.2847044E-08 1.2613579E-08 2.2502709E-08 2.9392396E-08 2.2093554E-08 3.2061756E-08 3.4991618E-08 3.4019447E-08 3.8280373E-08	294.5050 297.4743 299.6524 297.4195 302.3979 298.7197 299.8486 302.9033 301.9544 299.9252 299.9755 298.4508 296.6863 296.7910 296.1286	28.0067
1964 3.1218743E-08 3.0433522E-08 8.9373797E-09 3.2930121E-08 1.4299131E-08 7.2029858E-09 2.4892133E-08 6.4387069E-09 1.3357262E-08 2.1125924E-08 1.3235590E-08 1.9368020E-08 3.1017827E-08 2.6634227E-08 2.7205923E-08	295.0080 297.8952 299.3198 298.0420 302.9167 298.4244 300.5851 303.5613 302.2809 300.8483 301.0634 298.9982 297.4156 297.4864 296.4350	5.86
1965 3.9535394E-08 5.0738418E-08 1.2613419E-08 4.1083901E-08 2.8509993E-08 9.7950226E-09 3.5098051E-08 1.4247613E-08 2.4086875E-08 2.9149305E-08 2.0357774E-08 2.9096221E-08 3.5324671E-08 3.2387657E-08 3.4156162E-08	293.7764 296.9970 299.0496 296.6905 301.8409 298.2106 299.0746 302.2645 301.2917 299.2935 299.5759 298.1025 295.9684 296.4762 296.0274	0.183333
1966 3.7471210E-08 5.2424337E-08 1.0706224E-08 4.6446775E-08 3.0247257E-08 9.0499785E-09 4.4737270E-08 2.0007805E-08 2.3035483E-08 3.6969126E-08 2.8575453E-08 3.2385451E-08 4.2395033E-08 4.1795971E-08 4.1102702E-08	293.7755 296.7824 299.0489 296.2201 301.2093 298.1821 298.1435 301.2401 300.5071 298.1392 298.1444 297.0571 295.1501 295.5557 295.1255	377.87
1967 5.0267712E-08 4.3071346E-08 1.1016328E-08 4.1139675E-08 2.1144780E-08 8.8417140E-09 3.0900114E-08 8.8393541E-09 2.2141982E-08 2.4725786E-08 1.8611537E-08 2.9572819E-08 2.8288886E-08 3.0287225E-08 3.7702044E-08	293.3015 297.1554 299.4573 297.0598 302.5919 298.6595 300.1551 303.5418 302.1048 300.4767 300.8170 298.7726 297.1896 297.3525 296.2568	137.4
1968 3.8838440E-08 3.3848000E-08 1.0069320E-08 3.6172928E-08 1.7406116E-08 7.0442447E-09 2.7962990E-08 6.8511383E-09 1.3310609E-08 2.5440681E-08 1.6537383E-08 2.3310315E-08 3.2489922E-08 3.0803090E-08 3.4615795E-08	293.9154 297.2741 299.1044 297.2851 302.4023 298.3298 300.0322 303.2094 302.0252 300.1982 300.4918 298.6223 296.6561 296.8914 295.9808	96.7667
1969 3.9191054E-08 6.2069844E-08 1.1461753E-08 4.5424891E-08 3.4058495E-08 8.8398648E-09 4.0667079E-08 1.6280348E-08 2.1411434E-08 3.3838287E-08 2.7325118E-08 3.3777397E-08 3.8867455E-08 3.8828830E-08 4.0630667E-08	294.7715 297.5069 299.2571 297.2130 302.1143 298.2417 299.2259 302.4472 301.5681 299.0395 299.2008 298.1403 295.9504 296.3028 295.8761	6.4
1970 3.6017880E-08 4.1828436E-08 9.0378025E-09 3.7925439E-08 1.8274450E-08 7.5749851E-09 2.5288822E-08 6.7040973E-09 1.3526212E-08 2.1668917E-08 1.5327807E-08 2.0444251E-08 2.9809485E-08 3.1956660E-08 3.2911156E-08	294.5803 297.3012 298.7732 297.5584 302.3252 297.9793 300.1784 302.9155 301.6296 300.1436 299.7131 298.0035 296.4268 296.3805 295.6949	38
1971 3.8060417E-08 3.1593078E-08 1.1271255E-08 3.2168426E-08 1.2677720E-08 6.9484387E-09 2.2651658E-08 5.3181841E-09 1.5522598E-08 1.7235845E-08 1.1243073E-08 2.0090660E-08 2.2976463E-08 2.2445770E-08 2.6875004E-08	294.0300 297.5779 299.5274 297.7907 303.0954 298.5602 300.8994 303.9836 302.7181 301.4805 301.8070 299.9206 298.2430 298.4178 297.3723	0
1972 4.1316735E-08 5.5914075E-08 1.1451522E-08 4.4671225E-08 3.1921026E-08 9.9247695E-09 3.7960042E-08 1.9879185E-08 2.2675488E-08 3.4568505E-08 2.6919025E-08 2.8323750E-08 4.1994596E-08 4.0919147E-08 3.8246913E-08	293.8285 296.8827 299.6225 296.5179 301.5067 298.8181 298.9057 301.8211 301.2992 298.7897 298.7564 297.5150 295.2625 295.4496 295.0526	6.69167
1973 2.8137499E-08 4.6992774E-08 9.6072350E-09 3.6474464E-08 2.5450436E-08 7.6323614E-09 3.4294882E-08 1.3629254E-08 1.8647427E-08 2.8666518E-08 2.4540519E-08 2.7812158E-08 3.7033036E-08 3.8254846E-08 3.5265796E-08	295.2495 297.7310 299.5659 297.8377 302.4053 298.6664 299.8800 302.6104 301.3856 299.6182 299.2882 297.7774 296.1371 296.1288 295.6292	11.255
1974 4.7710465E-08 4.1208562E-08 1.1424012E-08 4.0068720E-08 2.0408748E-08 9.3199590E-09 2.7018149E-08 7.1573747E-09 2.2098043E-08 2.0711010E-08 1.3976570E-08 2.7841816E-08 2.7925307E-08 2.8614521E-08 3.2919569E-08	293.3013 297.2356 299.8492 297.2052 303.0040 299.0010 300.3452 304.0736 302.6864 300.7949 301.5531 299.6257 297.3189 297.7604 296.7411	35.2133
1975 4.1598391E-08 3.8850963E-08 1.1897860E-08 3.5302371E-08 2.1083071E-08 9.0553121E-09 2.3235197E-08 9.5095487E-09 1.7665782E-08 1.9822798E-08 1.5725934E-08 2.3545851E-08 2.5244363E-08 2.7574803E-08 3.0370135E-08	293.8259 297.3644 300.0130 297.4830 302.8729 299.0343 300.7781 303.9453 302.7982 301.1175 301.5230 299.8471 297.8891 298.1151 297.2923	53.37
1976 4.3366391E-08 4.6290744E-08 1.2382267E-08 3.8648118E-08 2.3100013E-08 9.3677537E-09 2.7054334E-08 1.0592614E-08 2.0119931E-08 2.2806061E-08 1.7303133E-08 2.4276186E-08 2.6658896E-08 2.8851101E-08 3.1392929E-08	293.5587 297.2505 299.6116 297.0245 302.6823 298.7554 300.1380 303.4608 302.3329 300.7836 301.2379 299.5174 297.7774 298.2141 297.2723	60.5937
1977 4.1532427E-08 5.6892951E-08 1.1021546E-08 4.3849365E-08 2.9959025E-08 9.0892884E-09 3.5838244E-08 1.4074708E-08 2.1681524E-08 3.1956585E-08 2.6828225E-08 3.2512613E-08 4.0993370E-08 3.9944734E-08 3.7882582E-08	294.0301 296.8787 299.1970 296.7657 301.4620 298.4044 298.8997 301.9971 301.2456 298.7279 298.7520 297.6761 295.1645 295.6867 295.4932	400.567
1978 3.7964547E-08 3.8343032E-08 1.0399128E-08 3.5656580E-08 1.7868155E-08 7.2722730E-09 2.2767084E-08 7.3708435E-09 1.3687775E-08 2.0158391E-08 1.2568560E-08 2.0476765E-08 2.9410156E-08 2.9893933E-08 3.0776043E-08	294.1228 297.1957 299.0733 297.3404 302.3199 298.1274 300.2456 303.0406 301.8742 300.4320 300.6184 298.5283 297.0432 297.2048 296.3527	0.151667
1979 4.1550138E-08 4.7964271E-08 1.1752825E-08 4.3351356E-08 2.3625727E-08 8.0417717E-09 3.4067863E-08 1.2066997E-08 1.8212912E-08 2.7877178E-08 2.0202346E-08 2.6243411E-08 3.1563467E-08 3.3114691E-08 3.3537965E-08	294.0892 296.8501 299.2106 296.9478 301.8418 298.3148 299.5090 302.4103 301.4709 299.6965 299.6943 298.1344 296.7960 296.9301 296.3157	332.168
1980 3.7741255E-08 4.3766651E-08 1.0624467E-08 3.8448842E-08 2.1880933E-08 7.3716797E-09 2.9283850E-08 1.1820924E-08 2.1121624E-08 2.5998876E-08 2.1772701E-08 3.1314464E-08 3.3504413E-08 3.5881740E-08 3.7427167E-08	294.2531 297.1523 299.4575 297.3857 302.2005 298.5510 299.8506 302.6696 301.4745 299.8747 299.6688 297.9611 296.4646 296.5362 295.9843	0.00166667
1981 3.3319598E-08 2.6835256E-08 8.9243626E-09 3.2453730E-08 1.1489924E-08 6.8320465E-09 2.3990156E-08 5.8374385E-09 1.4709997E-08 1.8534260E-08 1.0042990E-08 1.8450939E-08 2.5115790E-08 2.2470086E-08 2.6443423E-08	295.0296 297.7720 299.3514 297.9612 302.7007 298.4445 300.6234 303.2227 302.1586 301.1482 301.1649 299.1397 297.7303 297.6895 296.6139	139.658
1982 3.8190699E-08 3.9705522E-08 1.2112500E-08 3.7204678E-08 2.1818391E-08 9.9162589E-09 2.8625820E-08 1.2940811E-08 1.8667370E-08 2.2919815E-08 1.8005281E-08 2.7378434E-08 2.9540455E-08 3.2033572E-08 3.7533152E-08	294.9402 298.1205 299.8355 298.0101 302.8346 298.7423 300.6007 303.2900 302.2003 300.8459 300.7603 298.8708 297.2496 297.2338 296.2216	30.7667
1983 3.0871163E-08 7.2619393E-08 1.3198823E-08 4.5464233E-08 4.1202398E-08 1.2590062E-08 5.0265164E-08 2.6668364E-08 2.7614243E-08 4.5074700E-08 4.0814484E-08 4.1534246E-08 5.2635578E-08 5.1876533E-08 4.8586333E-08	294.7426 297.0912 299.2276 296.5045 301.4029 298.1165 298.0091 301.0860 300.1534 297.1980 297.3215 296.3491 294.0508 294.5740 294.4957	0.0993333
1984 3.6085300E-08 3.9595832E-08 9.1720374E-09 3.7335649E-08 1.8958316E-08 7.3751059E-09 3.0713604E-08 9.1406154E-09 1.4724778E-08 2.5766841E-08 1.8519270E-08 2.3758057E-08 3.2691826E-08 3.4951839E-08 3.2015787E-08	294.5345 297.3969 298.8508 297.5823 302.8556 298.1189 299.9666 303.5354 302.4744 300.0653 300.5185 299.0267 296.8282 297.2050 296.6268	0.00766667
1985 5.0816631E-08 4.4992639E-08 1.2362232E-08 4.1576051E-08 2.1016179E-08 9.3308659E-09 2.8884390E-08 8.9796810E-09 2.1508283E-08 2.3553115E-08 1.3869555E-08 2.5199778E-08 2.7277807E-08 2.6675485E-08 3.1349426E-08	292.5706 296.8543 299.4925 296.6199 302.4561 298.5357 300.1171 303.6635 302.3687 300.8672 301.5929 299.6177 297.9898 298.3427 297.2139	506.5
1986 4.6276590E-08 5.2223893E-08 1.2356047E-08 4.1590585E-08 3.0586175E-08 1.0328730E-08 3.6478536E-08 1.6043670E-08 2.2503723E-08 2.9463585E-08 2.3643096E-08 3.2160951E-08 3.4831913E-08 3.5371212E-08 3.6045680E-08	293.0523 296.5352 299.5094 296.3488 301.4430 298.8046 298.7237 302.0163 301.2509 298.8971 299.0813 297.6979 295.7602 295.9877 295.5525	0.397667
1987 3.0704140E-08 6.6247139E-08 1.1226678E-08 5.0963092E-08 4.2811223E-08 1.1033328E-08 5.5122158E-08 2.6647939E-08 2.4705875E-08 4.4927823E-08 3.5483030E-08 3.9544055E-08 5.1575025E-08 5.1940475E-08 4.6132396E-08	294.8639 297.1720 299.0497 296.6237 301.2245 298.1960 297.9702 301.1148 300.4752 297.0715 297.5887 296.6692 293.7682 294.4406 294.3867	88.2333
1988 3.3210352E-08 3.6731915E-08 9.0266017E-09 3.6186965E-08 1.4692843E-08 7.6813542E-09 2.3945981E-08 6.9797030E-09 1.5382131E-08 1.8921494E-08 1.4190970E-08 2.1704583E-08 2.6784376E-08 2.4236810E-08 2.5719629E-08	294.8838 297.6024 298.7005 297.8233 302.8945 297.8181 300.5950 303.4490 302.1196 300.8382 300.7516 299.0158 297.6156 297.6759 296.8096	16.81
1989 4.6739981E-08 3.7174399E-08 8.6705372E-09 3.6447634E-08 1.3168647E-08 8.2595148E-09 2.5022818E-08 5.5694076E-09 1.5722694E-08 1.8890374E-08 1.1196125E-08 2.1428475E-08 2.1422743E-08 2.1137218E-08 2.6895918E-08	292.7758 297.2398 299.3674 297.1020 303.3179 298.5554 300.7852 304.5071 303.1994 301.8614 302.9103 301.1057 299.4148 300.0234 299.1059	1.07067
1990 4.2240892E-08 5.8355582E-08 1.0747240E-08 4.5631086E-08 3.4171503E-08 9.6388577E-09 3.7473832E-08 1.6122767E-08 2.1706891E-08 3.2240418E-08 2.5947006E-08 3.3075530E-08 3.5324604E-08 4.0195467E-08 3.8624265E-08	293.9145 296.9887 299.7906 296.9009 301.8563 298.5994 299.2827 302.4745 301.6486 299.5119 299.5958 298.1067 296.3978 296.5126 296.0440	642.867
1991 4.2211028E-08 5.2971224E-08 1.1927781E-08 4.1004835E-08 2.7583718E-08 1.1884246E-08 3.6659525E-08 1.4878137E-08 2.5447097E-08 3.3066314E-08 2.2391969E-08 3.2760656E-08 3.8339284E-08 3.6917090E-08 3.9331983E-08	294.6699 297.7138 299.8031 297.7578 302.2945 298.6947 300.1490 302.9872 301.7552 300.0685 300.0539 298.3137 296.5436 296.7634 296.1485	98.6457
1992 4.4327965E-08 6.6416213E-08 1.1653734E-08 5.2053345E-08 4.3940339E-08 1.1696359E-08 4.9010907E-08 2.3587067E-08 3.0529364E-08 4.3108869E-08 3.3746364E-08 4.1553342E-08 5.3458056E-08 4.9628916E-08 4.5878981E-08	293.4758 296.2703 299.2104 295.7210 300.4332 298.3872 297.4689 300.5282 300.0791 296.9426 297.2090 296.4689 293.9107 294.6160 294.6527	660.733
1993 3.9974783E-08 5.0609753E-08 9.6924975E-09 4.8531891E-08 3.0979599E-08 8.1690326E-09 4.1653873E-08 1.7491823E-08 2.6102970E-08 3.5080010E-08 2.8425941E-08 3.6042874E-08 4.1715474E-08 4.1435591E-08 3.9000884E-08	293.3524 296.2223 299.2550 295.9973 300.9303 298.4578 298.1174 301.3895 300.6816 298.1467 298.4623 297.2350 295.2056 295.6885 295.4242	30.59
1994 4.5873701E-08 5.6020586E-08 1.3524436E-08 4.6917886E-08 2.9572577E-08 1.1426559E-08 3.7830631E-08 1.5714791E-08 3.2696654E-08 3.2935617E-08 2.7729453E-08 4.7754483E-08 3.9394102E-08 3.9657856E-08 4.7294833E-08	293.4655 296.6362 299.1627 296.4726 301.4420 298.2406 298.9117 302.0521 301.0846 299.1891 299.1507 297.4366 296.1696 296.2209 295.5003	0.407
1995 4.0051827E-08 5.4595212E-08 1.4437513E-08 4.4309555E-08 3.2840813E-08 1.1086247E-08 3.7997570E-08 1.8080597E-08 2.5830380E-08 3.3969375E-08 2.6911541E-08 3.4681204E-08 3.9864492E-08 3.8018740E-08 3.9513846E-08	293.7727 296.8182 299.5665 296.6802 301.2131 298.7867 298.7983 301.5802 300.5876 298.5889 298.4711 297.0520 295.3532 295.6343 295.1389	62.9717
1996 4.2332740E-08 3.8776189E-08 9.6296526E-09 3.8080895E-08 1.9460551E-08 7.9553351E-09 2.5652273E-08 8.1378220E-09 1.4932338E-08 1.8640593E-08 1.3918982E-08 2.0492026E-08 2.4728688E-08 2.4812556E-08 2.8003388E-08	294.0329 297.2880 299.1122 297.4644 302.5912 298.0061 300.4732 303.5819 302.3441 301.0845 301.4298 299.4916 297.7739 297.9132 296.9099	0
1997 4.1635538E-08 4.2836106E-08 1.0034973E-08 3.8795669E-08 2.2213600E-08 8.5841929E-09 3.1383006E-08 9.9810462E-09 1.4619538E-08 2.5394487E-08 1.6338451E-08 2.3366141E-08 2.8153231E-08 2.9438203E-08 3.2595111E-08	294.0757 297.5141 299.4939 297.3493 302.5547 298.4507 300.0570 303.4785 302.2734 300.3315 300.9066 298.8590 297.0249 297.3130 296.3610	269.9
1998 3.0165975E-08 5.5679561E-08 9.6003898E-09 4.2436518E-08 3.0964639E-08 8.7402166E-09 4.3480913E-08 1.8091526E-08 1.8880632E-08 3.9609720E-08 3.4164078E-08 3.2441363E-08 4.4514135E-08 4.9968300E-08 4.4675978E-08	295.4560 298.0447 298.9779 297.4901 302.6410 298.2091 299.1290 302.1686 300.8389 298.4933 298.2000 297.0948 295.1629 295.2156 294.9309	1.902
1999 2.6696275E-08 2.8461411E-08 7.4126332E-09 2.3241835E-08 1.1851760E-08 7.0982624E-09 1.6889777E-08 4.2296970E-09 1.4235345E-08 1.5452155E-08 1.2369529E-08 1.8309267E-08 2.1279696E-08 2.5620778E-08 2.6590508E-08	295.4298 298.5171 299.5503 299.1503 304.2019 298.6790 302.5233 305.1004 303.6029 302.9832 303.3535 301.7572 299.7600 300.0545 299.2850	257.7
2000 4.5605837E-08 3.4404351E-08 9.0661780E-09 3.6841087E-08 1.6846487E-08 8.7681231E-09 2.6257474E-08 7.2976420E-09 1.7676994E-08 1.7974891E-08 1.1998678E-08 2.4221620E-08 2.3936057E-08 2.4260141E-08 3.0192066E-08	293.5753 297.7827 300.0821 297.7622 303.5095 299.2722 301.4226 304.7873 303.4032 302.5714 303.2684 301.3115 299.7805 300.3707 299.3520	7.28567
2001 4.8465616E-08 5.5495413E-08 1.2373889E-08 4.5571390E-08 3.1584698E-08 1.0775171E-08 3.4303653E-08 1.1946944E-08 2.4515447E-08 2.7250161E-08 2.1088452E-08 3.2185064E-08 3.4656509E-08 3.5843680E-08 3.6596898E-08	293.3289 296.9715 299.6448 296.6277 302.2113 298.7401 299.6757 303.2804 302.2568 300.3599 300.6646 298.9778 297.3738 297.6171 296.9295	53.4
2002 3.6254804E-08 4.7028028E-08 9.4523278E-09 3.9171706E-08 2.6865603E-08 8.9575680E-09 3.0233572E-08 1.2833961E-08 2.0650296E-08 2.4346063E-08 1.9788223E-08 2.7195988E-08 3.1368838E-08 3.2439821E-08 3.6310333E-08	294.3489 297.3535 299.2348 297.2625 302.1607 298.3711 299.6510 302.9944 301.9259 299.8671 300.2049 298.6120 296.6461 297.0394 296.4075	0.148333
2003 3.4286849E-08 4.9263416E-08 8.6886978E-09 4.4670251E-08 2.7784640E-08 7.1679378E-09 3.7388173E-08 1.3425814E-08 1.6930123E-08 3.0460068E-08 2.3572717E-08 2.8551025E-08 3.4873583E-08 3.3467256E-08 3.7609954E-08	295.0351 297.5675 299.3862 297.4651 302.3217 298.2773 299.5983 302.7076 301.5473 299.4500 299.2930 297.8541 295.9831 296.2478 295.6169	24.7367
2004 3.8140112E-08 4.3442213E-08 8.9139558E-09 4.0318561E-08 2.2141611E-08 8.2770217E-09 3.2570114E-08 1.0989309E-08 2.3886459E-08 2.6913197E-08 2.0618522E-08 2.9658217E-08 3.2783134E-08 3.3737763E-08 3.5607247E-08	294.3446 297.6311 299.5759 297.5153 302.4341 298.6589 300.1566 303.2502 301.9732 300.3966 300.6537 298.8494 297.3157 297.5938 296.7297	1865.5
2005 3.0307486E-08 4.5469324E-08 9.8984154E-09 3.5231135E-08 2.3023684E-08 7.4706339E-09 3.1368767E-08 1.1119091E-08 1.5866521E-08 2.8438350E-08 1.9359559E-08 2.3993820E-08 3.5530398E-08 3.3158120E-08 3.3153000E-08	295.3463 297.6814 299.3144 297.8445 302.2384 298.3771 300.0464 302.8501 301.7779 300.1617 300.1886 298.7188 296.7697 297.1881 296.6368	159.667
2006 3.4789657E-08 3.1321541E-08 7.7936759E-09 3.6938072E-08 1.3482241E-08 6.4948864E-09 2.7711502E-08 7.0889561E-09 1.3210316E-08 2.2306647E-08 1.2946965E-08 2.1753081E-08 2.9940836E-08 2.8067813E-08 3.0653325E-08	294.8075 297.8688 299.5012 297.9164 302.9536 298.6970 300.7315 303.7643 302.5714 301.2817 301.6478 299.6025 297.8132 298.0815 297.1134	0.046
2007 2.7417318E-08 4.1111896E-08 9.2135677E-09 3.6309533E-08 2.2130260E-08 6.8864305E-09 3.3698051E-08 1.0474917E-08 1.7343492E-08 2.9779086E-08 2.0551635E-08 2.8305465E-08 3.8250242E-08 3.4241435E-08 3.5433853E-08	295.0738 297.5459 299.5946 297.7256 302.3291 298.5237 299.9522 302.8604 301.7947 299.9476 299.9316 298.5035 296.7311 296.8656 296.2816	4.852
2008 3.0006248E-08 2.8147072E-08 7.9589331E-09 2.9345355E-08 1.2093746E-08 6.2960757E-09 1.8576234E-08 5.7443699E-09 1.1596518E-08 1.7183224E-08 1.1271602E-08 1.8655630E-08 2.3052085E-08 2.2443013E-08 2.4984036E-08	295.8436 298.6746 299.4963 299.0364 304.2087 298.3698 302.0971 304.7260 303.6114 302.5390 303.0436 301.3198 299.2216 299.7480 298.7140	4.06667
2009 4.9703182E-08 4.5503857E-08 1.0207462E-08 4.1417437E-08 2.1613607E-08 8.2955447E-09 2.9337874E-08 9.2892467E-09 2.4041240E-08 2.2061077E-08 1.4954304E-08 2.8847250E-08 2.6563432E-08 2.6810085E-08 3.1691940E-08	293.3766 297.3520 299.6624 297.2645 302.8589 298.7221 300.4562 303.6472 302.2819 301.2363 301.2900 299.2680 298.1907 298.2262 297.1166	0
2010 3.2745376E-08 4.2174538E-08 8.1229805E-09 4.0377902E-08 2.0427006E-08 6.6328991E-09 3.4382616E-08 1.2207158E-08 1.3875797E-08 2.7786204E-08 2.2922142E-08 2.4888289E-08 3.2233579E-08 3.3069213E-08 3.4696967E-08	0.0000000E+00 0.0000000E+00 0.0000000E+00 0.0000000E+00 0.0000000E+00 0.0000000E+00 0.0000000E+00 0.0000000E+00 0.0000000E+00 0.0000000E+00 0.0000000E+00 0.0000000E+00 0.0000000E+00 0.0000000E+00 0.0000000E+00  256.38
2011 3.3090423E-08 2.9614533E-08 9.8675539E-09 2.8845696E-08 1.1688282E-08 7.4193602E-09 2.0108727E-08 5.8814322E-09 1.1000277E-08 1.6861824E-08 1.1396359E-08 1.5480525E-08 2.1415627E-08 2.0952923E-08 2.3224343E-08	295.1142 298.2321 299.2068 298.5474 303.8116 298.3004 301.8170 304.5555 303.3870 302.2638 302.8166 301.1574 299.1160 299.6450 298.2801	0
2012 3.4266293E-08 3.2829330E-08 1.0083256E-08 3.2865589E-08 1.7775941E-08 8.1362304E-09 2.7783072E-08 9.8081099E-09 1.4473234E-08 2.7530470E-08 1.7929853E-08 2.6144335E-08 3.2904840E-08 3.0064896E-08 3.2962873E-08	294.3808 297.4728 299.7239 297.4880 302.7549 298.7324 300.1911 303.3784 302.7394 300.5471 300.8776 299.3760 297.8478 298.1917 297.4106	6.593
2013 3.7502502E-08 4.7902219E-08 1.0295746E-08 3.9601389E-08 2.5143200E-08 8.1627913E-09 3.2085381E-08 1.2081085E-08 1.9080760E-08 2.6554826E-08 2.0484102E-08 2.8938606E-08 3.5542527E-08 3.5455816E-08 3.8737078E-08	294.8500 297.6058 299.5023 297.7085 302.4426 298.4206 300.1820 303.2497 302.1355 300.2328 300.3382 298.6704 296.6888 296.6454 295.8958	0
2014 4.4270422E-08 4.2679787E-08 1.1105147E-08 4.4070624E-08 2.1493168E-08 8.8827452E-09 3.0132501E-08 9.9902637E-09 1.7906961E-08 2.4021290E-08 1.8513518E-08 2.7622230E-08 2.9763855E-08 2.8847367E-08 3.2954905E-08	294.5280 297.6247 299.4386 297.5404 302.6830 298.2912 300.3075 303.4408 302.1554 300.6770 300.8595 298.7053 297.0792 297.1544 296.1559	0.014
2015 4.5190529E-08 5.6141026E-08 1.0957761E-08 4.6076003E-08 3.3859354E-08 1.0318658E-08 4.1433420E-08 1.9403538E-08 2.7230683E-08 3.7797221E-08 3.0002695E-08 3.8923840E-08 4.3666489E-08 4.2459675E-08 4.0958781E-08  293.6101 296.8954 298.9793 296.5869 301.5364 298.1704 298.8745 302.1349 301.3859 298.7696 299.1369 298.0724 295.6516 296.3881 296.2276  163.317
