STN,prec_1,prec_2,prec_3,prec_4,prec_5,prec_6,prec_7,prec_8,prec_9,prec_10,prec_11,prec_12,prec_13,prec_14,prec_15,st_1,st_2,st_3,st_4,st_5,st_6,st_7,st_8,st_9,st_10,st_11,st_12,st_13,st_14,st_15,07.0
LAT,23.72017,23.72017,23.72017,26.51077,26.51077,26.51077,29.30136,29.30136,29.30136,32.09194,32.09194,32.09194,34.88252,34.88252,34.88252,23.72017,23.72017,23.72017,26.51077,26.51077,26.51077,29.30136,29.30136,29.30136,32.09194,32.09194,32.09194,34.88252,34.88252,34.88252,28.30888906
LON,-101.2500,-98.43750,-95.62500,-101.2500,-98.43750,-95.62500,-101.2500,-98.43750,-95.62500,-101.2500,-98.43750,-95.62500,-101.2500,-98.43750,-95.62500,-101.2500,-98.43750,-95.62500,-101.2500,-98.43750,-95.62500,-101.2500,-98.43750,-95.62500,-101.2500,-98.43750,-95.62500,-101.2500,-98.43750,-95.62500,-98.5572384
1958 2.1522382E-08 2.0330408E-08 2.1929948E-08 9.5998747E-09 4.0935189E-09 1.6585748E-08 2.2416731E-09 2.4929769E-09 2.8009731E-08 2.9049687E-09 6.4266108E-09 1.9951948E-08 9.3116403E-09 1.1817613E-08 1.5696463E-08	296.1009 301.0787 302.5150 302.0752 308.4303 302.3003 306.7447 309.0890 306.5159 308.3867 309.0458 307.3559 307.1012 309.1395 308.7603	1629.52
1959 2.3207017E-08 2.0939032E-08 2.8131991E-08 1.1329119E-08 6.2741350E-09 2.0431308E-08 3.0520406E-09 2.3944668E-09 2.2510481E-08 2.7409175E-09 4.0062416E-09 1.3219302E-08 8.8363725E-09 1.0897464E-08 1.6526572E-08	295.5097 300.6268 302.6313 301.3037 307.6725 302.4289 306.1166 308.5383 306.0626 307.7945 308.5836 307.0286 306.5567 308.6247 307.9435	569.032
1960 2.3552467E-08 1.5561321E-08 2.0501396E-08 1.2761749E-08 5.8878307E-09 1.8144711E-08 4.2936508E-09 2.3629940E-09 2.1341336E-08 4.6988182E-09 6.4956058E-09 1.8976881E-08 1.2309181E-08 1.6527471E-08 2.2917307E-08	295.7747 301.1930 302.4471 301.4510 308.1624 302.3897 306.3043 308.9388 306.3686 307.8895 308.8205 307.1013 306.2847 308.1469 307.6611	169.658
1961 2.7079977E-08 1.6932894E-08 2.0608933E-08 1.4753649E-08 5.1325486E-09 1.6875948E-08 5.6321232E-09 3.0198948E-09 2.5278753E-08 4.7269295E-09 7.7916020E-09 2.1487274E-08 1.0095651E-08 1.1061467E-08 1.9611299E-08	295.5015 301.0106 302.6197 301.1626 308.0531 302.4606 305.8949 308.7541 306.1393 307.7023 308.4756 306.8518 306.2432 308.4845 307.9374	192.806
1962 2.5732996E-08 1.6439428E-08 2.3479657E-08 1.1091046E-08 3.5627565E-09 1.7338596E-08 2.8765967E-09 1.7141740E-09 2.2861483E-08 3.8157166E-09 5.0898352E-09 2.1537391E-08 1.0453032E-08 1.3497824E-08 2.1545159E-08	295.6921 301.1248 302.5603 301.7157 308.2570 302.4807 306.6129 309.0525 306.2921 308.3778 309.0826 306.8603 306.7473 308.6516 307.7584	3.00323
1963 2.7202432E-08 2.0024704E-08 2.5294034E-08 1.3320753E-08 6.8500601E-09 2.0873703E-08 4.9572986E-09 4.9656950E-09 3.0641644E-08 5.0734847E-09 8.5466487E-09 2.4840562E-08 1.1175619E-08 1.3232038E-08 1.7853322E-08	295.5536 301.0002 302.8132 301.2944 307.9360 302.6134 306.0677 308.6428 305.8803 307.8267 308.3802 306.4976 306.1790 308.2302 307.5579	17.0194
1964 2.7605557E-08 1.2599696E-08 1.7921721E-08 1.1241698E-08 3.6533445E-09 1.7380039E-08 3.5499521E-09 2.1933213E-09 2.5141730E-08 4.8631001E-09 7.5724591E-09 2.4849010E-08 1.3107855E-08 1.6251116E-08 2.4623693E-08	295.9221 301.4729 302.2906 301.8383 308.3956 302.3081 306.5618 308.9995 305.9683 307.9915 308.6995 306.6455 306.1584 308.0750 307.2773	0.56129
1965 2.5213930E-08 1.7542577E-08 2.4785829E-08 1.3602198E-08 6.5933512E-09 1.9815737E-08 3.8727967E-09 2.6448688E-09 2.7641351E-08 3.7231864E-09 6.5892567E-09 2.2915875E-08 1.2157857E-08 1.5825224E-08 2.5505983E-08	295.5139 300.4741 302.1917 301.1172 307.3200 302.1032 305.8600 308.2892 305.4444 307.4662 308.1404 305.7985 305.3880 307.1326 305.9554	187.935
1966 2.6393742E-08 2.0008507E-08 2.4001576E-08 1.1217322E-08 5.2989537E-09 1.7268230E-08 3.8426209E-09 2.8774085E-09 2.9571007E-08 3.6577295E-09 5.5527933E-09 2.5356155E-08 1.0656131E-08 1.3822540E-08 2.3333271E-08	295.4737 300.5435 302.4715 301.3691 307.6882 302.2763 306.0363 308.5133 305.5572 307.6047 308.4112 306.0436 306.0522 307.8155 306.6805	4.93871
1967 2.6169765E-08 1.4069062E-08 1.9356943E-08 1.3647213E-08 4.4782902E-09 2.0170026E-08 5.2178430E-09 2.9802647E-09 2.6855902E-08 6.0555969E-09 8.4110727E-09 2.6333062E-08 1.4333465E-08 1.9040279E-08 2.6453057E-08	295.5493 300.9433 302.5051 301.3111 307.8663 302.4648 306.0613 308.5244 305.7359 307.5887 308.1405 306.0059 305.4879 307.2499 306.4475	0
1968 2.3812404E-08 1.2052800E-08 1.5927695E-08 9.5346904E-09 2.9244045E-09 1.5232551E-08 3.8498609E-09 1.9353454E-09 2.4118918E-08 4.4949302E-09 5.4316596E-09 2.1370189E-08 1.0739283E-08 1.4244374E-08 2.0113553E-08	295.9190 301.2541 302.3671 301.6428 308.2309 302.2315 306.2707 308.8391 306.0345 307.7192 308.4990 306.5261 305.9951 308.0021 306.9008	5.52645
1969 2.7878583E-08 2.0024270E-08 2.7466722E-08 1.4477607E-08 5.5719380E-09 1.9121014E-08 5.2329376E-09 3.9461172E-09 3.5336939E-08 4.1051362E-09 7.0824053E-09 2.5897030E-08 1.0062602E-08 1.3056817E-08 1.9556392E-08	295.5566 300.5840 302.7243 301.3043 307.9088 302.4259 306.0208 308.7045 305.9802 307.7617 308.6083 306.8132 306.5552 308.6300 308.1861	9.28968
1970 3.2061767E-08 2.2755023E-08 2.4205859E-08 1.7216266E-08 7.1713431E-09 1.8067054E-08 6.5452017E-09 3.2341854E-09 2.4215211E-08 3.4782250E-09 4.5228665E-09 1.6798124E-08 8.7703427E-09 9.8109041E-09 1.5887638E-08	294.8701 300.2302 302.2508 300.6222 307.3496 302.0837 305.4815 308.3472 305.9446 307.4467 308.4828 306.9911 306.3506 308.6583 308.2522	5.55935
1971 2.1553657E-08 1.3052542E-08 1.5584083E-08 7.9772748E-09 2.0468529E-09 1.4291722E-08 3.6844547E-09 1.4465289E-09 2.1006951E-08 5.3447038E-09 5.7990608E-09 1.9768942E-08 1.2041993E-08 1.4550245E-08 2.2046590E-08	295.2388 300.6548 302.0903 301.2224 307.9451 302.0356 306.1371 308.8856 306.3339 307.6505 308.5198 306.7177 305.7028 307.7790 307.0953	6290.52
1972 2.7151875E-08 1.9806373E-08 2.5275636E-08 1.3982036E-08 5.8103868E-09 2.0892996E-08 4.6953610E-09 3.2686704E-09 3.0473895E-08 3.8814294E-09 4.6684931E-09 2.1232404E-08 9.3339478E-09 1.0613666E-08 1.8785796E-08	295.3237 300.0771 302.1512 300.9161 307.1557 302.0190 305.5534 307.9985 305.4187 307.2527 307.9577 305.9955 305.8713 307.9333 306.9412	3.76774
1973 2.4922883E-08 1.4959799E-08 1.8544528E-08 9.9087272E-09 3.9685575E-09 1.6463192E-08 4.2050123E-09 3.2571643E-09 2.5494643E-08 4.6374296E-09 8.3339486E-09 2.2627013E-08 1.2302545E-08 1.6630233E-08 2.2962217E-08	295.6721 301.0849 302.3402 301.4994 308.0345 302.1880 306.3394 308.9589 306.0932 307.9140 308.7537 306.7627 306.0603 308.0262 307.1822	148.59
1974 2.2524125E-08 1.4882658E-08 1.9864547E-08 1.1112204E-08 3.5481431E-09 1.9996376E-08 5.2096980E-09 2.6032061E-09 2.1534005E-08 5.4233693E-09 6.2515420E-09 1.8728615E-08 1.2933079E-08 1.4333925E-08 1.9503970E-08	295.3967 300.7265 302.2984 301.2748 307.7643 302.2338 306.1049 308.5558 305.9247 307.7076 308.3080 306.5287 305.7109 307.7930 307.1863	0.610323
1975 2.1221043E-08 1.0512121E-08 1.3170849E-08 7.4373685E-09 1.6496345E-09 1.3818957E-08 3.9988759E-09 1.5128727E-09 1.8651793E-08 6.6867765E-09 7.4367934E-09 1.7904906E-08 1.3899810E-08 1.5592004E-08 2.0660956E-08	295.7371 301.3707 302.4665 301.7666 308.4805 302.3740 306.6463 309.2985 306.6248 308.0513 308.8694 307.2622 305.9161 308.2602 307.8424	1368.19
1976 2.3967475E-08 2.0074769E-08 2.7740279E-08 1.4484431E-08 6.0624532E-09 2.2283711E-08 4.2287698E-09 3.5239660E-09 2.3155764E-08 2.1189730E-09 3.7146299E-09 1.8253623E-08 8.5228296E-09 1.0449509E-08 1.7613171E-08	295.0710 300.1744 302.4378 300.7285 307.2105 302.3769 305.6010 308.0063 305.5911 307.7539 308.2563 306.5122 306.3857 308.3342 307.7446	1562.92
1977 2.8981709E-08 1.7535594E-08 2.0448184E-08 1.6111338E-08 4.9985220E-09 1.8243043E-08 4.6374073E-09 2.9666338E-09 2.7009085E-08 4.4140989E-09 6.4289032E-09 2.2241387E-08 1.2153807E-08 1.4849702E-08 2.1797081E-08	295.3060 300.7815 302.2303 301.0887 307.7922 302.1042 305.9863 308.6201 305.6856 307.5822 308.4395 306.3516 305.9711 307.8753 307.0285	64.0323
1978 2.3607932E-08 1.3295640E-08 1.7500126E-08 1.1124762E-08 3.3411682E-09 1.5211498E-08 3.5321432E-09 2.0520028E-09 2.4881746E-08 4.8193534E-09 5.8429519E-09 1.9331296E-08 1.0935814E-08 1.2062908E-08 1.8728764E-08	295.8839 301.1740 302.4335 301.8015 308.2109 302.2803 306.5633 308.8715 305.9186 307.9633 308.6639 306.7847 306.1878 308.4135 307.7955	1.09129
1979 2.5568047E-08 1.7311457E-08 2.4300245E-08 9.0470467E-09 3.8127013E-09 1.7676946E-08 2.9861733E-09 2.5969991E-09 2.3702587E-08 2.9893732E-09 5.7642948E-09 1.8231427E-08 9.4976276E-09 1.2558292E-08 1.7014841E-08	295.6821 300.9201 302.4615 301.7533 308.0496 302.2443 306.5630 308.8010 305.8323 308.1769 308.8109 306.7288 306.7345 308.8152 308.0217	37.2968
1980 2.1046262E-08 1.5512398E-08 2.5429415E-08 1.0282648E-08 5.1126330E-09 2.0572029E-08 3.2393512E-09 2.1740185E-09 2.6226443E-08 4.1008166E-09 5.8019780E-09 2.6292634E-08 1.2588875E-08 1.4842960E-08 2.5212296E-08	296.2180 301.1493 302.6259 301.8609 308.0324 302.4016 306.4012 308.6539 305.4304 307.8296 308.2904 305.5923 306.0543 307.9152 306.7390	0.80129
1981 2.6708937E-08 1.2140918E-08 1.3735825E-08 8.9827470E-09 1.7083931E-09 1.2779550E-08 4.0465076E-09 1.5680073E-09 1.8046114E-08 4.5990629E-09 6.8006947E-09 1.7772624E-08 1.0473290E-08 1.3473732E-08 1.8650896E-08	295.7083 301.4132 302.3064 301.8441 308.5291 302.1696 306.7384 309.2081 306.5736 308.3581 309.0522 307.2518 306.5758 308.7056 308.0605	1208.29
1982 2.2146164E-08 1.4657255E-08 2.0911173E-08 8.9881356E-09 3.7216374E-09 1.6878083E-08 3.5026686E-09 2.1301325E-09 2.3095350E-08 3.1323282E-09 5.0464086E-09 2.0666151E-08 1.1630717E-08 1.3936919E-08 2.2509372E-08	295.8265 300.8736 302.7262 301.9039 308.0214 302.6430 306.6746 308.9441 306.0489 308.1787 308.8549 306.6401 306.3038 308.2944 307.2688	4.6
1983 2.4339601E-08 1.6302213E-08 2.1588498E-08 1.1258591E-08 5.0851923E-09 1.7488428E-08 3.8254822E-09 2.8679972E-09 2.9511019E-08 3.0158318E-09 5.2568421E-09 2.3394971E-08 9.7359445E-09 1.0769010E-08 1.7920028E-08	296.3522 300.9456 302.5207 301.6772 307.8141 302.2566 306.0679 308.5197 305.4871 307.5338 308.3742 306.0764 306.2887 308.2418 307.2407	3.79097
1984 2.8888403E-08 1.7616630E-08 1.8233020E-08 1.5839957E-08 5.5998539E-09 1.5730262E-08 7.8778886E-09 2.7782041E-09 1.8574056E-08 6.4276806E-09 7.4865678E-09 1.8386615E-08 1.4332128E-08 1.7789386E-08 2.3020304E-08	294.4882 300.2174 301.8149 300.5550 307.3999 301.9042 305.4678 308.3915 305.8919 306.7434 307.8163 306.1472 304.7698 306.8126 306.4000	0
1985 2.1216842E-08 1.4729215E-08 1.5224598E-08 7.3203346E-09 3.0058627E-09 1.3661521E-08 2.6903069E-09 1.4254394E-09 1.6162923E-08 2.8926510E-09 3.4144223E-09 1.2914541E-08 9.4377386E-09 1.0655400E-08 1.7104869E-08	295.4709 300.8403 302.5767 301.7902 308.1509 302.5510 306.8592 309.2074 306.6157 308.5422 309.2824 307.5344 306.6989 308.8229 307.9706	712.981
1986 2.1215099E-08 1.2602197E-08 1.3174337E-08 8.6276453E-09 2.3815538E-09 1.4277995E-08 4.2824930E-09 1.0170726E-09 1.7766100E-08 5.4924301E-09 5.9413985E-09 1.6427473E-08 1.2619036E-08 1.4323847E-08 2.0627951E-08	295.6578 300.8874 302.5429 301.7421 308.1636 302.5365 306.4562 309.0708 306.1431 307.4802 308.5342 306.4634 305.5402 307.6448 306.6517	2.5929
1987 2.9526820E-08 1.6591081E-08 1.8899026E-08 1.4723768E-08 4.5042601E-09 1.5337173E-08 4.1576897E-09 2.2153266E-09 3.0222918E-08 3.9748040E-09 5.4638125E-09 2.4004796E-08 1.0271584E-08 1.0384160E-08 1.9279476E-08	295.8993 300.8762 302.3657 301.5011 307.8361 302.4775 306.2310 308.8589 305.7369 307.5894 308.5085 305.8171 306.1621 308.2616 306.8271	1046.74
1988 3.5124412E-08 2.0352653E-08 2.1773154E-08 1.8273154E-08 7.3616513E-09 1.8851484E-08 6.4223644E-09 4.1797343E-09 2.8626904E-08 4.2960946E-09 7.0189392E-09 2.1448921E-08 1.1867271E-08 1.5047556E-08 2.1943571E-08	294.6049 300.4742 302.2000 300.5009 307.5037 302.0839 305.6099 308.4771 305.8010 307.3495 308.1886 306.5164 305.6155 307.6450 307.3322	53.0903
1989 2.2618643E-08 1.3873787E-08 1.8098918E-08 1.1104495E-08 4.1244710E-09 1.6995584E-08 6.2688614E-09 2.8211184E-09 2.1403256E-08 6.0418253E-09 7.6710025E-09 1.7689519E-08 1.3022174E-08 1.7222764E-08 2.1798082E-08	295.1871 300.4848 302.3102 301.0917 307.7224 302.2688 305.9470 308.5905 306.1174 307.5629 308.2539 306.6830 305.6160 307.5756 307.3325	0
1990 2.3543443E-08 1.7959181E-08 2.4252893E-08 1.4652155E-08 7.7670643E-09 2.4548006E-08 4.5675512E-09 4.2656376E-09 2.9580725E-08 3.8303027E-09 6.6136372E-09 2.1065985E-08 1.2328081E-08 1.4706933E-08 2.3071097E-08	295.9642 300.8967 302.8137 301.4592 307.6298 302.8850 306.2321 308.4908 305.5484 307.7738 308.3782 306.4235 306.0121 307.9951 307.1897	1580.06
1991 1.9998877E-08 1.3100296E-08 2.4361649E-08 1.0397464E-08 3.9898684E-09 2.1725658E-08 4.1414330E-09 3.0425003E-09 3.1163186E-08 4.5345403E-09 6.5862404E-09 2.6163391E-08 1.2741381E-08 1.3954020E-08 2.1777842E-08	296.0334 300.9765 303.0771 301.6753 307.8945 302.9676 306.4110 308.7360 305.3012 307.7979 308.3380 305.5203 306.1106 307.9428 306.3946	0.754839
1992 1.9594772E-08 1.5346624E-08 2.2232138E-08 9.3858858E-09 3.6082994E-09 1.8570841E-08 4.2680681E-09 2.4690430E-09 2.1844363E-08 4.2179797E-09 5.4150737E-09 1.6312079E-08 1.1804132E-08 1.1644729E-08 1.6035962E-08	295.8026 300.3318 302.6320 301.3483 307.1812 302.5606 305.7995 308.1997 305.0454 306.8550 307.7717 305.5443 305.2369 307.3272 306.2705	271.71
1993 2.5525726E-08 2.3506372E-08 3.2616036E-08 1.5070954E-08 6.8266250E-09 2.3789124E-08 4.1831694E-09 3.6467145E-09 2.6422761E-08 3.4124406E-09 5.3959011E-09 1.8995850E-08 8.1818179E-09 8.5115142E-09 1.5616953E-08	295.3073 299.7579 302.2052 300.7054 306.8292 302.1598 305.5149 308.0114 305.7627 307.2589 308.1770 306.5654 306.3898 308.6473 308.1010	89.5319
1994 2.2707036E-08 1.2986431E-08 1.6382090E-08 9.9693702E-09 2.2536859E-09 1.5824321E-08 5.1826299E-09 1.4156690E-09 1.9828025E-08 4.8037334E-09 5.7236216E-09 1.6058845E-08 1.1998908E-08 1.2900460E-08 1.9230482E-08	295.5541 300.6603 302.6328 301.5757 307.7836 302.6104 306.2559 308.7677 305.9118 307.4997 308.4443 306.6016 305.8380 308.0224 307.1403	0.202581
1995 2.3781835E-08 1.7726528E-08 2.5996627E-08 1.0193459E-08 4.3441593E-09 1.8798687E-08 3.8134602E-09 2.7312699E-09 2.2599192E-08 3.4966356E-09 4.5922071E-09 1.6382691E-08 9.0621164E-09 1.0289192E-08 1.3730724E-08	295.8724 300.8439 302.7988 301.5982 307.9539 302.5540 306.3269 308.7975 305.9923 307.8402 308.7378 307.0168 306.6163 308.8656 308.5355	157.802
1996 1.9944217E-08 1.2079845E-08 1.7155148E-08 9.9046389E-09 2.2385827E-09 1.5248649E-08 4.6503645E-09 2.5526943E-09 2.0765741E-08 5.1989377E-09 5.3102083E-09 1.7404837E-08 1.0638801E-08 1.2832069E-08 1.7732287E-08	296.0379 301.2953 302.5342 301.9625 308.3793 302.4701 306.6354 308.9936 306.3677 308.1686 308.8725 307.1492 306.4780 308.6510 308.3387	22.8955
1997 2.6049651E-08 1.9156094E-08 2.5787182E-08 1.6006764E-08 6.3050476E-09 2.0631607E-08 4.3755191E-09 2.2860809E-09 2.8233812E-08 4.5037476E-09 5.2495568E-09 2.1187848E-08 1.2370414E-08 1.4048091E-08 2.1727764E-08	295.6176 300.8207 302.7731 301.3537 307.8224 302.5165 306.1380 308.6853 305.7503 307.7589 308.5496 306.5440 306.2010 308.2136 307.3708	1810.45
1998 2.1864679E-08 1.3541826E-08 1.7810267E-08 1.0604189E-08 3.9750829E-09 1.8421797E-08 2.9764495E-09 2.1271920E-09 2.5834082E-08 3.1169072E-09 5.2704139E-09 2.2047104E-08 1.1159977E-08 1.1378073E-08 1.8311592E-08	296.9571 301.7810 302.8279 302.3106 308.3607 302.6159 306.9556 309.0156 306.1401 308.5656 309.1349 307.0476 306.9067 308.9698 308.0889	0
1999 2.1699512E-08 1.4129107E-08 1.9567189E-08 1.0924779E-08 3.3935252E-09 1.7989567E-08 4.5328674E-09 3.2463734E-09 2.4463057E-08 4.6338355E-09 7.7026732E-09 2.0858973E-08 1.0077489E-08 1.2068664E-08 1.8336777E-08	296.0747 301.3293 302.6426 301.8381 308.4531 302.6114 306.6798 309.0953 306.3426 308.3214 308.8139 306.9628 306.6866 308.8399 308.4138	410.032
2000 2.3783230E-08 1.4575336E-08 1.8160041E-08 1.1092515E-08 3.4776426E-09 1.5704073E-08 5.2499316E-09 2.8043559E-09 2.2129051E-08 5.8479177E-09 7.2871109E-09 1.9254072E-08 1.3758595E-08 1.6519817E-08 2.1040874E-08	295.6066 300.7735 302.6037 301.2314 307.8094 302.5466 306.0957 308.6467 306.0518 307.6969 308.3731 306.6862 305.7152 307.7806 307.5403	0
2001 2.7572289E-08 1.7951896E-08 1.7094955E-08 1.1576309E-08 3.5472725E-09 1.5020522E-08 3.5533723E-09 1.3583830E-09 2.5286459E-08 3.5586860E-09 4.4164383E-09 1.9833093E-08 1.1084887E-08 1.3745235E-08 1.9750363E-08	295.3287 300.4685 302.8050 301.3727 307.9888 302.6168 306.5368 309.1712 306.1592 308.1105 308.9929 306.8546 306.4389 308.5928 307.9335	19.9539
2002 2.7996679E-08 2.1964841E-08 3.2191362E-08 1.4447782E-08 6.2254712E-09 2.5829607E-08 5.0014166E-09 3.5300285E-09 3.2413155E-08 4.1715262E-09 5.8856884E-09 2.2382340E-08 1.1603039E-08 1.2550358E-08 1.8764844E-08	295.1077 300.0212 302.6942 300.7671 307.1732 302.6034 305.6029 308.1458 305.2255 307.1756 307.8257 305.8199 305.8408 307.8042 307.0611	10363.2
2003 2.3406697E-08 1.7908226E-08 2.6897979E-08 1.1197493E-08 5.0030033E-09 2.0958620E-08 2.6657023E-09 2.0391879E-09 2.4610619E-08 3.1366305E-09 4.7054787E-09 1.9757824E-08 1.0815671E-08 1.2888769E-08 2.1190912E-08	295.9631 300.8707 303.0172 301.7366 308.0217 302.8187 306.6914 309.0897 306.1926 308.2197 309.0247 307.1145 306.8386 308.9324 308.2724	361.887
2004 2.1324393E-08 1.6639779E-08 2.3442968E-08 1.1136786E-08 5.3887526E-09 1.8829446E-08 2.8412162E-09 2.0623876E-09 2.7512471E-08 3.9192654E-09 5.4513718E-09 2.0731605E-08 1.2862809E-08 1.4087901E-08 1.8179387E-08	296.1745 300.9373 302.6996 301.6842 307.8091 302.5571 306.3714 308.6613 305.8853 307.7959 308.5298 306.8035 306.3259 308.4220 308.1154	1948.03
2005 3.0951011E-08 1.8875957E-08 2.6061040E-08 1.9282732E-08 6.9934782E-09 2.0426304E-08 8.6576426E-09 5.1995874E-09 3.3456438E-08 6.2927126E-09 1.0061855E-08 2.7230854E-08 1.0514167E-08 1.3074703E-08 1.9482892E-08	295.9973 301.1814 302.8263 301.4789 308.1783 302.6404 305.9895 308.9077 306.3853 307.5666 308.4607 307.0041 306.5701 308.6796 308.4256	117.823
2006 2.7547934E-08 2.0656936E-08 2.8510341E-08 1.3044178E-08 7.1913742E-09 2.4585054E-08 4.2600665E-09 3.4108503E-09 3.2077757E-08 3.7566523E-09 7.1754118E-09 2.4388802E-08 1.1534988E-08 1.2950150E-08 1.9970280E-08	295.9536 301.0959 302.7529 301.7350 308.1260 302.6121 306.6075 308.9798 306.1937 308.2940 308.7697 306.9051 306.5687 308.6693 308.2653	36.1713
2007 2.9568607E-08 2.2800013E-08 3.3354397E-08 1.6897177E-08 8.4511314E-09 2.4752982E-08 4.9908073E-09 4.0894932E-09 3.4647702E-08 3.8527679E-09 8.6310212E-09 3.0062264E-08 9.8031148E-09 1.3291475E-08 2.2560355E-08	295.7234 300.6537 302.8187 301.2109 307.4958 302.6490 306.0698 308.6088 305.4923 307.7302 308.3589 306.1723 306.5357 308.4083 307.7687	5037.23
2008 2.1030726E-08 1.4491443E-08 2.2438714E-08 1.0863825E-08 3.1857357E-09 1.8909859E-08 3.7884034E-09 2.3380158E-09 2.2521784E-08 3.9281911E-09 6.5075203E-09 1.8827679E-08 1.1549476E-08 1.3426212E-08 1.7268681E-08	296.1375 301.2043 302.5729 301.6065 308.0737 302.5572 306.3551 308.8271 306.5053 308.2401 308.7323 307.2001 306.3943 308.4486 308.2592	0.533548
2009 2.2996629E-08 2.2732156E-08 3.1604735E-08 1.0370528E-08 6.3547509E-09 2.3210145E-08 4.0171160E-09 4.6196189E-09 2.7600851E-08 4.5874828E-09 8.2314697E-09 2.3860416E-08 1.0311111E-08 1.4477007E-08 2.0811759E-08	0.0000000E+00 0.0000000E+00 0.0000000E+00 0.0000000E+00 0.0000000E+00 0.0000000E+00 0.0000000E+00 0.0000000E+00 0.0000000E+00 0.0000000E+00 0.0000000E+00 0.0000000E+00 0.0000000E+00 0.0000000E+00 0.0000000E+00  0
2010 3.2305827E-08 1.9021099E-08 1.9553505E-08 1.3114754E-08 4.6870441E-09 1.3456224E-08 3.9089492E-09 2.3007387E-09 2.7079716E-08 3.2608145E-09 4.7058450E-09 2.6377750E-08 9.2037657E-09 1.1279162E-08 1.9889193E-08	296.5469 301.7012 302.9167 302.2715 308.9254 302.7186 307.0579 309.8423 307.1902 308.7622 309.7124 307.6180 307.5291 309.6426 308.9821	445.294
2011 2.3032744E-08 1.6553852E-08 2.2604194E-08 1.2297535E-08 4.5465187E-09 1.6249675E-08 3.8699457E-09 4.0079748E-09 2.4268351E-08 3.6130809E-09 6.0682050E-09 2.0039524E-08 8.9845251E-09 9.6813677E-09 1.4050602E-08	296.4937 301.3227 302.4269 301.7653 308.2126 302.2966 306.4404 308.9000 306.6106 308.2450 308.9194 307.5403 306.9128 309.2411 309.2259	8.63258
2012 2.5900931E-08 2.0793070E-08 2.8978992E-08 1.3253977E-08 6.4032215E-09 2.2278126E-08 5.5429283E-09 4.2296073E-09 3.4879417E-08 4.8970143E-09 8.3516598E-09 2.5320141E-08 9.5430295E-09 1.1106273E-08 1.7014841E-08	295.8467 300.6431 302.6946 301.3972 307.8059 302.6038 306.0851 308.6340 305.8037 307.7047 308.3187 306.4373 306.4019 308.4958 308.0737	0
2013 2.5533483E-08 2.0484089E-08 2.8107998E-08 1.5312446E-08 5.9175731E-09 2.4091225E-08 4.8598583E-09 4.9207949E-09 3.1931251E-08 4.0124379E-09 8.3961886E-09 2.6520578E-08 1.1077685E-08 1.4427667E-08 2.2005908E-08	295.7883 300.8110 302.7159 301.0493 307.6302 302.6296 305.7762 308.3391 305.2390 307.5543 308.0175 305.8802 305.9544 307.8857 307.1426	382.026
2014 2.3642533E-08 2.1764810E-08 2.6392975E-08 1.0522616E-08 3.5978454E-09 1.7399881E-08 3.9000798E-09 1.4614784E-09 1.8597015E-08 3.6531023E-09 3.4124765E-09 1.2771789E-08 8.0423668E-09 8.7704999E-09 1.3099183E-08	295.5164 300.1066 302.4152 301.2207 307.3947 302.2531 305.9655 308.4945 305.9780 307.5031 308.4897 307.1872 306.5576 308.8631 308.8106	79.5197
2015 1.8441586E-08 1.4567616E-08 1.9184760E-08 8.2065865E-09 3.0990694E-09 1.5046915E-08 4.5771302E-09 2.1843463E-09 2.0770758E-08 4.1847756E-09 3.7075152E-09 1.7111129E-08 1.0419016E-08 1.0872398E-08 1.7012530E-08  296.3475 300.6832 302.8575 302.0966 307.7861 302.8165 306.6712 308.9764 306.1094 307.7764 308.7432 306.6877 306.0284 308.1809 307.1103  77.2565
