STN,prec_1,prec_2,prec_3,prec_4,prec_5,prec_6,prec_7,prec_8,prec_9,prec_10,prec_11,prec_12,prec_13,prec_14,prec_15,st_1,st_2,st_3,st_4,st_5,st_6,st_7,st_8,st_9,st_10,st_11,st_12,st_13,st_14,st_15,06.0
LAT,23.72017,23.72017,23.72017,26.51077,26.51077,26.51077,29.30136,29.30136,29.30136,32.09194,32.09194,32.09194,34.88252,34.88252,34.88252,23.72017,23.72017,23.72017,26.51077,26.51077,26.51077,29.30136,29.30136,29.30136,32.09194,32.09194,32.09194,34.88252,34.88252,34.88252,28.30888906
LON,-101.2500,-98.43750,-95.62500,-101.2500,-98.43750,-95.62500,-101.2500,-98.43750,-95.62500,-101.2500,-98.43750,-95.62500,-101.2500,-98.43750,-95.62500,-101.2500,-98.43750,-95.62500,-101.2500,-98.43750,-95.62500,-101.2500,-98.43750,-95.62500,-101.2500,-98.43750,-95.62500,-101.2500,-98.43750,-95.62500,-98.5572384
1958 2.8991627E-08 2.1097529E-08 2.6487488E-08 1.8873370E-08 9.9418305E-09 2.4180027E-08 1.1986607E-08 7.5447009E-09 3.2599377E-08 1.1868339E-08 1.4955958E-08 2.7650151E-08 1.7457491E-08 2.1148558E-08 2.1648150E-08	294.4649 299.8772 302.3109 299.1411 306.3526 302.0206 303.1456 306.6141 303.9749 304.1582 304.9689 302.9997 302.0878 303.3073 302.8719	251.447
1959 2.6314050E-08 2.3815186E-08 3.1893084E-08 1.7331452E-08 1.0506724E-08 1.9437358E-08 9.1585051E-09 6.4750232E-09 2.6217695E-08 6.5944059E-09 1.0169354E-08 2.3454394E-08 1.2121536E-08 1.3580223E-08 1.7753443E-08	294.8419 299.9461 302.3037 299.3807 306.2889 302.0157 303.4893 306.8559 304.6577 304.9259 305.9714 304.0365 302.8982 304.6420 303.9086	68.1533
1960 2.7492852E-08 2.1410392E-08 2.7342956E-08 1.9872340E-08 9.6589190E-09 2.0620824E-08 1.1429963E-08 7.2937474E-09 2.6905671E-08 7.6301623E-09 9.7926209E-09 2.4615531E-08 1.3448670E-08 1.6623074E-08 2.0646763E-08	294.7021 300.1640 302.2708 299.1582 306.5915 301.9937 303.3380 307.0655 304.8204 304.8248 305.8350 303.7179 302.4806 303.9953 303.4434	241.087
1961 3.3572253E-08 2.6548687E-08 3.0104530E-08 2.4794156E-08 1.6660323E-08 2.8684530E-08 1.4330120E-08 1.0625967E-08 3.1215055E-08 9.7132489E-09 1.2270020E-08 2.3246429E-08 1.4776020E-08 1.6530569E-08 1.9043776E-08	294.3825 299.9297 302.2577 298.7122 306.0308 301.9833 302.7414 306.4390 304.2112 304.1665 305.1987 303.2086 302.0588 303.4946 303.1441	280.347
1962 2.6028394E-08 2.2558687E-08 2.9719148E-08 1.8777447E-08 1.2136811E-08 2.5513444E-08 9.9581481E-09 8.1098372E-09 2.7555217E-08 8.3570120E-09 1.1056406E-08 2.1855733E-08 1.5525877E-08 1.7922410E-08 2.0982901E-08	294.4852 299.5946 302.1607 298.9204 305.7673 301.9127 302.9985 306.4070 304.2566 304.4105 305.3611 303.6257 302.2892 303.7446 303.3667	128.193
1963 3.8514028E-08 2.8998478E-08 3.1195231E-08 2.8477084E-08 1.5803348E-08 2.4339030E-08 1.5485817E-08 9.0341725E-09 3.5675313E-08 1.3247210E-08 1.4535176E-08 3.0129957E-08 2.0564368E-08 2.2103205E-08 2.5647815E-08	293.8565 299.3103 302.2677 298.4517 305.8075 301.9905 302.6095 306.2307 303.7599 303.8132 304.7649 302.7925 301.4299 302.8527 302.4664	1567.1
1964 3.0869664E-08 2.8873970E-08 3.4812320E-08 2.1776707E-08 1.2296338E-08 2.8085585E-08 1.0367521E-08 7.6829796E-09 2.7296563E-08 7.2000561E-09 9.0649888E-09 2.0768113E-08 1.2043119E-08 1.5410098E-08 1.7286101E-08	294.1713 299.4391 302.1120 298.5074 305.6774 301.8789 302.7809 306.3927 304.2899 304.4352 305.6246 303.8660 302.3180 303.9997 303.6167	15.5767
1965 3.3745366E-08 2.1261851E-08 2.3169019E-08 2.6782931E-08 1.3696595E-08 2.5221562E-08 1.5511038E-08 8.6381693E-09 3.1412554E-08 1.0916914E-08 1.2155503E-08 2.6562581E-08 1.6222094E-08 1.7607187E-08 1.9327640E-08	294.1719 299.7213 302.0950 298.6492 305.8635 301.8670 302.5246 306.1955 303.7028 303.5861 304.7187 302.6331 301.4476 302.9632 302.5955	248.01
1966 2.9272028E-08 2.3882082E-08 3.4850888E-08 2.2602528E-08 1.4556807E-08 2.9614554E-08 1.5380625E-08 1.0210526E-08 3.1420051E-08 1.1004359E-08 1.2941394E-08 2.8274917E-08 1.7562952E-08 2.0980639E-08 2.4846045E-08	294.1684 299.3554 301.9257 298.3802 305.4371 301.7463 302.1716 305.8490 303.5977 303.4481 304.7124 302.9332 301.3383 302.9225 302.4256	421.393
1967 2.6237705E-08 1.7759582E-08 2.5832826E-08 1.7131908E-08 7.5665740E-09 2.2093182E-08 1.1210103E-08 7.3725861E-09 3.3049876E-08 7.9082865E-09 1.1706722E-08 2.5746896E-08 1.4435626E-08 1.5756649E-08 2.0917730E-08	294.4847 299.7840 302.0910 299.1852 306.3369 301.8664 303.2086 306.5861 303.7971 304.4183 305.1945 303.0213 302.2678 303.6312 302.9510	0.00733333
1968 3.0735283E-08 2.5626838E-08 3.1272982E-08 2.2586912E-08 1.2562158E-08 2.5511586E-08 1.3544474E-08 9.0877101E-09 3.0271558E-08 1.1270169E-08 1.4485006E-08 2.9767103E-08 1.7823497E-08 2.1266086E-08 2.1009832E-08	294.2314 299.5680 302.0119 298.6194 305.9143 301.8110 302.5524 306.2191 304.2095 303.7614 304.6848 302.9261 301.5675 302.9407 302.7089	73.1333
1969 2.7578558E-08 2.0338380E-08 2.2924413E-08 2.0462943E-08 1.0752879E-08 2.0507333E-08 1.2035974E-08 6.9640365E-09 2.9331632E-08 7.6613418E-09 9.0028944E-09 2.4082716E-08 1.2392043E-08 1.5221190E-08 1.8955861E-08	294.8774 300.0845 302.3919 299.4546 306.4173 302.0790 303.4272 306.8419 304.3355 304.8378 305.8394 303.5470 302.8260 304.3132 303.7813	63.4097
1970 3.2376132E-08 2.4327552E-08 2.7418771E-08 2.7587607E-08 1.3527605E-08 2.2019133E-08 1.4586647E-08 8.7203800E-09 2.8820935E-08 8.7200194E-09 1.0859152E-08 2.5237307E-08 1.4645662E-08 1.6535072E-08 1.9176740E-08	294.1197 299.7266 302.1172 298.5136 305.9864 301.8799 302.6859 306.4225 304.1605 304.2850 305.3729 303.4147 302.2046 303.8405 303.3413	847.763
1971 2.4667898E-08 1.9963618E-08 2.9175006E-08 2.0718932E-08 9.9549489E-09 2.3918160E-08 1.1838759E-08 6.8351653E-09 2.7610556E-08 8.9568797E-09 1.0936851E-08 2.5219903E-08 1.4752924E-08 1.8508343E-08 2.3646102E-08	294.6348 299.6975 302.0010 298.8018 305.9295 301.8006 302.6560 306.5095 304.3956 303.9320 305.1857 303.3621 301.6924 303.1864 302.7444	155.75
1972 2.8016483E-08 2.1799210E-08 2.6356469E-08 2.1032122E-08 1.0567769E-08 2.0336934E-08 1.1751898E-08 7.6165438E-09 3.1192855E-08 8.6809742E-09 1.0402291E-08 2.6061111E-08 1.4721921E-08 1.6387119E-08 2.1009622E-08	294.4441 299.4515 302.1336 298.8570 305.8481 301.8944 302.7792 306.2074 303.8299 304.0843 305.1365 303.2134 301.9149 303.4438 302.9727	138.767
1973 3.0487183E-08 2.1718884E-08 2.6155483E-08 2.1911697E-08 1.2766866E-08 2.8019841E-08 1.4462109E-08 1.0862469E-08 3.3234492E-08 1.1758348E-08 1.3335584E-08 2.9623562E-08 1.7237543E-08 1.8830756E-08 2.1425393E-08	294.3957 299.8401 302.1874 298.9006 305.9801 301.9314 302.8060 306.2852 303.9761 303.9880 304.9815 302.8241 301.7850 303.3839 302.7640	89.337
1974 2.7257016E-08 1.8232937E-08 2.1291036E-08 1.9582355E-08 9.2155599E-09 2.1202032E-08 1.0924690E-08 8.1967144E-09 3.1321331E-08 8.4975609E-09 1.1113750E-08 2.6892280E-08 1.5265645E-08 2.0170905E-08 2.1676845E-08	294.1833 299.6145 302.0614 298.8751 306.0661 301.8445 303.1909 306.5826 304.2201 304.4771 305.3763 303.4593 302.1129 303.5294 303.1883	20.8333
1975 2.4653945E-08 2.0645192E-08 2.9815101E-08 2.1447214E-08 1.0702485E-08 2.4708541E-08 1.1963663E-08 6.7903563E-09 2.8979739E-08 8.8188523E-09 1.4174799E-08 2.6793815E-08 1.3754525E-08 1.8616637E-08 2.2441130E-08	294.7084 299.8394 302.0527 298.8914 306.0537 301.8337 303.0557 306.7186 304.4420 304.4825 305.3297 303.5455 302.2545 303.6593 303.2390	1873.97
1976 2.5115657E-08 1.9537513E-08 2.9960130E-08 1.9717817E-08 1.0062404E-08 2.3106885E-08 1.1588922E-08 5.7694427E-09 2.1591401E-08 8.2938767E-09 8.0075697E-09 1.7700794E-08 1.4538706E-08 1.5063593E-08 1.7896264E-08	294.2190 299.4930 301.9939 298.5786 305.8935 301.7922 302.6414 306.5778 304.6247 303.9971 305.3921 304.0234 301.4008 303.2494 303.1365	41.1033
1977 3.5412217E-08 2.1920693E-08 2.7399919E-08 2.6349939E-08 1.2247963E-08 2.1614538E-08 1.3855833E-08 7.6911535E-09 3.1261553E-08 9.5742978E-09 9.4015489E-09 2.5376016E-08 1.4744189E-08 1.5054630E-08 1.7833479E-08	293.8800 299.6027 302.0790 298.4861 305.8938 301.8513 302.8806 306.5575 304.0036 304.3061 305.3613 303.2792 302.1041 303.6429 303.1191	350.567
1978 2.8764918E-08 2.0747548E-08 2.9035968E-08 2.0001918E-08 1.1226614E-08 2.4054833E-08 8.5397591E-09 4.3017550E-09 2.3744247E-08 6.8438979E-09 7.5174009E-09 2.0335014E-08 1.5377013E-08 1.5573400E-08 1.8559193E-08	294.5938 299.9865 302.1113 299.0338 306.2132 301.8774 303.3100 307.0825 304.8761 304.5947 305.9650 304.2058 302.0156 303.8159 303.5788	443.647
1979 2.8715357E-08 2.2119632E-08 3.0729716E-08 2.1946692E-08 1.1675844E-08 2.6665585E-08 1.2667067E-08 6.5869199E-09 2.8283008E-08 8.9698666E-09 1.0192033E-08 2.2255499E-08 1.4014468E-08 1.7935907E-08 2.0342686E-08	294.3731 299.6457 302.2556 298.8216 306.1256 301.9799 302.9497 306.7938 304.4185 304.2639 305.5524 303.7798 301.8463 303.4699 303.1456	2274.7
1980 3.0847144E-08 1.9315404E-08 2.2113669E-08 2.3749614E-08 8.0860003E-09 2.0291614E-08 1.3040799E-08 6.3737242E-09 3.0460150E-08 1.1131437E-08 1.3460506E-08 3.2383006E-08 2.0582760E-08 2.2302595E-08 2.5385368E-08	294.3036 299.8870 302.2778 298.8593 306.3624 301.9935 302.7714 306.5150 303.8036 303.7016 304.7257 302.4470 301.0932 302.3298 301.7610	508.833
1981 2.6945392E-08 1.7300255E-08 2.0211676E-08 1.9493662E-08 7.4401201E-09 2.0343563E-08 1.1167275E-08 6.9404056E-09 2.9425308E-08 9.7939648E-09 1.1868454E-08 2.4900352E-08 1.5390929E-08 1.7781543E-08 2.1426585E-08	294.3753 299.9659 302.0576 299.0583 306.5496 301.8374 303.2063 306.8628 304.1354 304.4323 305.3133 303.1933 302.2129 303.6991 303.0878	5178.67
1982 3.6368576E-08 2.3547555E-08 2.8622310E-08 2.7742452E-08 1.2166153E-08 2.3048383E-08 1.5254949E-08 8.4357019E-09 3.4411851E-08 1.1319232E-08 1.4985815E-08 3.5073025E-08 1.9642732E-08 2.2481373E-08 2.8395590E-08	294.1587 299.7153 302.2216 298.5555 306.0213 301.9580 302.6017 306.4291 303.7960 303.8954 304.9032 302.6080 301.6096 302.9653 302.2755	102.8
1983 3.2143731E-08 2.5973574E-08 3.2529314E-08 2.2640533E-08 1.1315939E-08 2.6020071E-08 1.2645484E-08 7.6034485E-09 3.0451634E-08 1.0044853E-08 1.1369026E-08 2.7542148E-08 1.5564138E-08 1.9351633E-08 2.3204660E-08	294.1609 299.5610 302.5359 298.8177 306.0154 302.1868 302.7967 306.2834 303.5596 303.8709 304.7865 302.3994 301.5993 302.7488 301.9350	23.082
1984 2.5582644E-08 1.8222174E-08 2.7749246E-08 1.8812260E-08 9.1439931E-09 2.4669129E-08 1.0067772E-08 5.0773856E-09 3.0607151E-08 8.3438678E-09 9.0399705E-09 2.4503587E-08 1.2401144E-08 1.4268392E-08 1.7831425E-08	294.6506 299.8866 302.1507 298.9427 306.2243 301.9123 303.0840 306.9033 304.4644 304.3075 305.4755 303.4086 302.1213 303.7865 303.1993	0.003
1985 2.8206928E-08 1.8093953E-08 2.5701473E-08 2.1390697E-08 1.0203375E-08 2.3722833E-08 1.4354634E-08 7.1788566E-09 2.8983768E-08 9.7192352E-09 1.2413972E-08 2.8882177E-08 1.4862917E-08 1.9242208E-08 2.3103325E-08	294.3004 299.6849 302.1435 298.6588 305.9521 301.9072 302.6407 306.2920 304.0515 304.0348 304.9619 302.8706 301.8597 303.0920 302.4825	705.733
1986 2.2466415E-08 1.3453453E-08 2.2813014E-08 1.6926592E-08 7.1039516E-09 2.4217830E-08 1.0041832E-08 6.3122920E-09 3.1751480E-08 9.1347321E-09 1.0651208E-08 2.3665649E-08 1.6381261E-08 1.6984966E-08 1.8825094E-08	294.9342 300.2511 302.3435 299.4516 306.5563 302.0495 303.3555 306.6861 303.9370 304.2116 305.3026 303.1158 301.7219 303.2999 302.7005	878.22
1987 2.5516789E-08 1.8445565E-08 2.4482540E-08 1.6804748E-08 8.1730294E-09 1.8814420E-08 9.7820072E-09 5.4216835E-09 2.4803889E-08 8.4076452E-09 8.3827016E-09 1.7510544E-08 1.3272748E-08 1.4121749E-08 1.6988228E-08	294.5415 299.6924 302.4299 299.2762 306.1927 302.1107 303.2550 306.6915 304.2072 304.1148 305.5237 303.7826 301.8976 303.8600 303.5507	5403.67
1988 2.3476042E-08 1.7809064E-08 2.4569989E-08 1.5397367E-08 7.6084934E-09 1.8069647E-08 1.0433809E-08 6.6268013E-09 2.5524701E-08 7.7163298E-09 1.1452493E-08 2.1817552E-08 1.4282033E-08 1.7017138E-08 2.1622682E-08	294.5822 299.8120 302.0204 299.1759 306.2943 301.8071 303.1284 306.6829 304.2613 304.1793 305.0937 303.1207 301.6786 303.2039 302.5924	3.34567
1989 3.2421536E-08 2.1721789E-08 2.7282461E-08 2.2151610E-08 9.0608667E-09 2.3865965E-08 1.1462505E-08 6.1313954E-09 3.1038045E-08 1.0972290E-08 1.2391704E-08 2.8551607E-08 1.7343719E-08 2.0001309E-08 2.3750633E-08	294.1866 299.6314 302.1493 298.6528 306.0486 301.9077 302.8221 306.6774 304.2596 304.0039 305.1825 303.2383 301.7838 303.3324 302.9693	7.38767
1990 2.9854860E-08 2.4083231E-08 3.3720735E-08 2.3794509E-08 1.3035539E-08 2.8897743E-08 1.6472390E-08 9.8008082E-09 3.4505707E-08 1.3936964E-08 1.4399555E-08 2.8438306E-08 1.9374445E-08 2.2545491E-08 2.5754773E-08	294.3528 299.7029 302.4547 298.7680 306.0002 302.1305 302.7609 306.4160 304.1163 304.0542 305.1524 303.2324 301.8893 303.4083 302.9641	70.0273
1991 2.4128729E-08 1.7060762E-08 2.2207615E-08 1.5747379E-08 9.0691703E-09 2.4315108E-08 9.3244852E-09 7.4263848E-09 3.4363293E-08 8.1513241E-09 1.1083787E-08 2.6383853E-08 1.2697466E-08 1.4869353E-08 1.7271500E-08	294.7654 300.0143 302.3863 299.2898 306.3447 302.0819 303.3506 306.7278 303.9425 304.5231 305.5793 303.4180 302.5513 304.0851 303.4479	28.133
1992 2.4659846E-08 1.6580461E-08 2.2233085E-08 1.8350068E-08 6.9240658E-09 1.9505682E-08 1.0716818E-08 4.6360289E-09 2.7978384E-08 1.0875436E-08 1.2023539E-08 2.5348662E-08 1.6185535E-08 2.0937145E-08 2.3224558E-08	294.7151 299.9616 302.3531 299.3004 306.3842 302.0580 303.2676 306.8022 303.8231 304.0574 305.2309 302.9875 301.5732 303.0458 302.3560	903.8
1993 2.6739780E-08 1.7928828E-08 2.5664031E-08 2.2513305E-08 8.5104599E-09 2.0764675E-08 1.4100944E-08 5.7137712E-09 2.4765875E-08 1.1409592E-08 1.2377371E-08 2.3737657E-08 1.7683536E-08 2.0492392E-08 2.3534216E-08	294.5946 299.8155 302.2420 299.0569 306.2148 301.9823 302.8570 306.5313 304.0650 303.7897 304.9572 303.1234 301.5205 302.9998 302.7470	136.743
1994 2.5086974E-08 1.4538222E-08 2.1858128E-08 1.7918818E-08 1.0341802E-08 2.2568337E-08 1.4147965E-08 8.0262144E-09 2.7936053E-08 9.7296926E-09 1.2643700E-08 2.4455455E-08 1.4033903E-08 1.8652365E-08 2.2902698E-08	294.4183 299.7147 302.1246 298.9004 306.0081 301.8987 302.8683 306.5383 304.3304 303.9168 305.2097 303.4414 301.6746 303.1375 302.4276	102.919
1995 2.8124026E-08 2.0069393E-08 2.9100535E-08 1.9032029E-08 9.5669419E-09 2.3416426E-08 1.1005422E-08 6.9552146E-09 3.0136061E-08 7.3831283E-09 9.6575965E-09 2.3444615E-08 1.2075077E-08 1.4305284E-08 1.7768254E-08	294.6325 300.0253 302.5003 299.1270 306.4324 302.1639 303.2683 306.9796 304.6344 304.5605 305.8383 303.9579 302.6044 304.2070 303.8359	108.852
1996 3.2739933E-08 2.0301616E-08 2.5299638E-08 2.5673408E-08 1.2728730E-08 2.3951703E-08 1.5379596E-08 8.9297139E-09 3.1001100E-08 1.0070257E-08 1.0419570E-08 2.2297238E-08 1.2547273E-08 1.4048777E-08 1.8100755E-08	294.6917 300.1046 302.3574 298.8572 306.0983 302.0609 302.7183 306.4762 304.3713 304.2484 305.4026 303.6898 302.2422 303.8768 303.4319	3.10033
1997 3.7682941E-08 2.4475206E-08 2.8131421E-08 2.5295483E-08 1.4114979E-08 2.5683294E-08 1.3548532E-08 7.0810096E-09 3.0717864E-08 1.2310017E-08 1.2756439E-08 2.9438821E-08 1.6760760E-08 1.7996184E-08 2.2519117E-08	293.8933 299.7168 302.4883 298.7476 306.1164 302.1614 302.8654 306.5057 303.7902 303.8493 304.9057 302.6572 301.5575 303.0404 302.5441	1329.13
1998 2.6696508E-08 2.2647217E-08 3.1502935E-08 1.8301124E-08 1.0927111E-08 2.4871470E-08 9.4893080E-09 6.9289907E-09 2.8493931E-08 7.6034690E-09 1.1750488E-08 2.3969474E-08 1.4012127E-08 1.5816124E-08 1.8522266E-08	294.7347 299.8119 302.4107 299.1529 306.0782 302.0879 303.1752 306.5799 304.0227 304.5052 305.4653 303.5095 302.3825 304.1584 303.5991	0
1999 2.6544901E-08 1.6800632E-08 2.7913384E-08 1.5065824E-08 7.6280777E-09 2.2257039E-08 8.3274587E-09 4.7251474E-09 2.8384180E-08 5.9237655E-09 8.1660962E-09 2.2109869E-08 1.0567979E-08 1.4207679E-08 1.7063376E-08	294.7703 300.1591 302.1595 299.3866 306.4854 301.9127 303.6267 307.0849 304.7564 305.2610 306.1663 304.2461 303.2263 304.7775 304.4045	241.5
2000 3.0657414E-08 2.1807072E-08 2.9853819E-08 2.1415341E-08 1.2050919E-08 2.9265316E-08 1.0913168E-08 7.4925692E-09 3.4725915E-08 7.2797892E-09 1.1430431E-08 2.9582905E-08 1.2741290E-08 1.7088402E-08 2.1786454E-08	294.6047 300.0957 302.4485 299.1469 306.3113 302.1268 303.3244 306.7313 304.0565 304.6949 305.3009 302.9345 302.2473 303.4709 302.8836	103.398
2001 2.7090717E-08 1.5672367E-08 2.1436488E-08 1.8229434E-08 8.9863290E-09 2.0572971E-08 1.0985755E-08 6.3362502E-09 2.7146898E-08 9.7131680E-09 1.0033268E-08 2.0411596E-08 1.5116836E-08 1.8702980E-08 1.8709843E-08	294.6934 300.1760 302.5228 299.4432 306.5459 302.1832 303.5433 306.9428 304.2440 304.4717 305.5047 303.3678 302.0027 303.4752 303.0753	6.314
2002 3.4107330E-08 2.1051468E-08 2.1140330E-08 2.4483017E-08 1.1077672E-08 2.0584833E-08 1.3503885E-08 8.4107281E-09 3.2672862E-08 1.0710579E-08 1.3253675E-08 3.0207673E-08 1.4892603E-08 1.7333834E-08 2.1505089E-08	294.5287 300.1225 302.4200 299.0209 306.4073 302.1040 303.2506 306.7695 304.0898 304.4085 305.3258 302.9935 302.2801 303.6930 303.0261	3.90333
2003 3.1379731E-08 2.0667144E-08 2.5769978E-08 2.4053927E-08 1.0576525E-08 2.5227289E-08 1.3206822E-08 8.2100060E-09 3.4432585E-08 9.4987058E-09 1.2925697E-08 3.0506971E-08 1.4983103E-08 1.9512063E-08 2.4328592E-08	294.4819 299.9994 302.4305 298.8279 306.2309 302.0923 302.9256 306.6311 303.9900 304.1759 305.2301 303.2003 302.0249 303.5696 303.2034	38.8147
2004 3.2967300E-08 1.9164361E-08 2.4003954E-08 2.2097955E-08 9.7537800E-09 2.2558369E-08 1.1897860E-08 7.7695645E-09 3.5098967E-08 1.0018631E-08 1.1476961E-08 2.9466214E-08 1.6079213E-08 2.0473541E-08 2.6739242E-08	294.4645 299.9792 302.4192 299.1385 306.4348 302.1026 303.1410 306.6791 303.8122 304.1835 305.0890 302.7966 301.8170 303.0667 302.2807	327.867
2005 2.9971300E-08 2.1859869E-08 2.7911959E-08 1.8029152E-08 1.2994366E-08 2.7658924E-08 9.6968922E-09 7.9101596E-09 2.9998482E-08 7.0909465E-09 8.4127318E-09 2.4161951E-08 1.2310076E-08 1.4892715E-08 1.8806327E-08	294.6492 299.9381 302.7624 299.3048 306.2825 302.3651 303.4455 306.8952 304.3961 304.8651 305.9655 303.8014 302.8319 304.4263 303.7992	48.4667
2006 2.5337744E-08 1.5203689E-08 2.1586473E-08 1.6962503E-08 7.1758084E-09 1.9817884E-08 1.0069257E-08 4.9894004E-09 2.7017171E-08 9.3183576E-09 9.8683541E-09 2.1651603E-08 1.7564538E-08 1.8342522E-08 1.6891608E-08	294.9191 300.3951 302.5328 299.5388 306.7885 302.1889 303.6852 307.2162 304.6922 304.7801 305.7614 304.0110 302.2952 303.9513 303.8506	0.780333
2007 2.8906383E-08 2.0068208E-08 2.7043562E-08 1.6910285E-08 9.8756727E-09 2.2980847E-08 9.0268744E-09 6.9563941E-09 3.0995778E-08 8.8738457E-09 1.1811962E-08 2.9895208E-08 1.4213000E-08 1.7711367E-08 2.2637769E-08	294.8069 300.1950 302.6395 299.4630 306.4917 302.2661 303.5493 306.9359 304.3252 304.7287 305.5783 303.3241 302.6360 303.9079 303.2604	1401.67
2008 2.2686267E-08 1.7599113E-08 2.6174481E-08 1.4774871E-08 8.1930676E-09 2.2759183E-08 6.7408914E-09 7.4042270E-09 3.1094540E-08 4.7627058E-09 8.9759054E-09 2.3812513E-08 1.1767177E-08 1.2937407E-08 1.5666187E-08	295.3153 300.3466 302.3926 299.6180 306.6068 302.0811 303.7345 306.9780 304.2764 305.1845 305.8293 303.4445 302.9651 304.4493 303.6964	3.03033
2009 2.4202182E-08 1.9978593E-08 3.5777187E-08 1.6798817E-08 9.7147979E-09 2.7554714E-08 9.7710249E-09 7.2102697E-09 2.9860562E-08 8.8345873E-09 1.1392132E-08 2.3357124E-08 1.4217321E-08 1.7892186E-08 1.8710750E-08	294.9539 300.0978 302.5719 299.4471 306.4349 302.2207 303.5394 306.9629 304.4725 304.7854 305.6810 303.6613 302.3904 303.7311 303.3921	0.273333
2010 2.5957370E-08 2.0203608E-08 2.7290501E-08 2.0092553E-08 9.5058992E-09 2.3436375E-08 1.0496970E-08 6.8627894E-09 2.5560546E-08 7.9450801E-09 1.0179298E-08 2.0629098E-08 1.2769594E-08 1.2731743E-08 1.6165108E-08	295.1557 300.5009 302.8259 299.6323 306.8313 302.4017 303.6909 307.1065 304.5841 304.9123 305.8291 303.7709 302.7676 304.3264 303.7518	28.1077
2011 2.8177846E-08 2.0632962E-08 2.6842040E-08 1.6823135E-08 8.2772234E-09 2.2526262E-08 8.9370795E-09 5.8120642E-09 3.2575617E-08 7.6317290E-09 1.0081628E-08 2.4068374E-08 1.2574903E-08 1.6051338E-08 1.9316008E-08	294.6860 299.9109 302.3903 299.3365 306.4576 302.0876 303.6014 307.0382 304.4983 305.0226 305.8558 303.8300 302.7984 304.3065 303.8835	0
2012 3.5322110E-08 2.0061799E-08 2.3557533E-08 2.7331245E-08 1.0786417E-08 2.0194529E-08 1.6055878E-08 8.5532506E-09 3.1099059E-08 9.0235721E-09 9.5218189E-09 2.5321452E-08 1.3552459E-08 1.5833448E-08 1.8648763E-08	294.0749 299.6824 302.2491 298.6542 306.0618 301.9833 302.7778 306.4344 303.9846 304.1471 305.1689 303.1691 301.9913 303.5424 303.2094	4.11467
2013 2.8385262E-08 1.8400556E-08 2.7818439E-08 1.9784482E-08 8.4514955E-09 1.9802664E-08 1.0296611E-08 6.2727765E-09 3.0001615E-08 7.6094420E-09 1.0148657E-08 2.4054188E-08 1.3672114E-08 1.4657313E-08 1.7089873E-08	294.6054 300.1748 302.5129 299.2822 306.6274 302.1854 303.3406 306.8998 304.1324 304.5711 305.4423 303.1726 302.3335 303.8717 303.4236	374.233
2014 3.6834081E-08 2.3191191E-08 3.0431035E-08 2.7704022E-08 1.2378482E-08 2.5355543E-08 1.6117562E-08 8.5593408E-09 3.0836880E-08 9.3157837E-09 1.2261228E-08 2.5664459E-08 1.3304127E-08 2.0016337E-08 2.2075913E-08	294.4083 299.7971 302.6421 298.8488 306.1124 302.2722 303.0491 306.7180 304.2848 304.4544 305.4740 303.6358 302.2368 303.6231 303.3101	2.87233
2015 3.2479385E-08 2.2248187E-08 2.7844772E-08 2.3202144E-08 1.2258167E-08 2.5600688E-08 1.3451553E-08 6.6330093E-09 3.3314933E-08 1.1370101E-08 1.0915832E-08 2.7577027E-08 1.7980572E-08 1.8250033E-08 2.1728043E-08  294.6045 299.8316 302.6432 299.1623 306.2532 302.2699 303.1437 306.8029 304.0428 303.9051 305.2512 303.0852 301.5103 303.2147 302.8005  3272.57
