STN,prec_1,prec_2,prec_3,prec_4,prec_5,prec_6,prec_7,prec_8,prec_9,prec_10,prec_11,prec_12,prec_13,prec_14,prec_15,st_1,st_2,st_3,st_4,st_5,st_6,st_7,st_8,st_9,st_10,st_11,st_12,st_13,st_14,st_15,08.0
LAT,23.72017,23.72017,23.72017,26.51077,26.51077,26.51077,29.30136,29.30136,29.30136,32.09194,32.09194,32.09194,34.88252,34.88252,34.88252,23.72017,23.72017,23.72017,26.51077,26.51077,26.51077,29.30136,29.30136,29.30136,32.09194,32.09194,32.09194,34.88252,34.88252,34.88252,28.30888906
LON,-101.2500,-98.43750,-95.62500,-101.2500,-98.43750,-95.62500,-101.2500,-98.43750,-95.62500,-101.2500,-98.43750,-95.62500,-101.2500,-98.43750,-95.62500,-101.2500,-98.43750,-95.62500,-101.2500,-98.43750,-95.62500,-101.2500,-98.43750,-95.62500,-101.2500,-98.43750,-95.62500,-101.2500,-98.43750,-95.62500,-98.5572384
1958 2.8075242E-08 2.8883690E-08 4.1532164E-08 1.4346065E-08 8.6022203E-09 2.4232776E-08 4.3196540E-09 5.8187939E-09 2.9305317E-08 4.1864268E-09 7.7583229E-09 2.0586276E-08 8.7441032E-09 1.3059744E-08 1.7051830E-08	295.3878 300.5741 302.8965 301.3118 307.7636 302.2049 306.1487 308.6360 306.2417 307.9513 308.8340 307.4772 306.9282 308.8806 308.6738	2.15806
1959 2.3418496E-08 1.8796893E-08 3.3343611E-08 1.2161658E-08 6.1351288E-09 2.0839311E-08 4.9103948E-09 3.2744063E-09 2.2855444E-08 5.2234341E-09 6.5444299E-09 2.1072038E-08 1.3496513E-08 1.7052033E-08 2.3155295E-08	295.5520 300.8965 303.2162 301.3434 307.6732 302.5203 306.0119 308.3860 305.7344 307.3517 308.0953 306.0669 305.4332 307.4066 306.6367	128.097
1960 1.6946233E-08 9.6507407E-09 1.5626368E-08 7.8009483E-09 3.6913841E-09 1.6746217E-08 4.8154796E-09 3.5192507E-09 2.2624956E-08 6.1803900E-09 9.3175974E-09 2.1034444E-08 1.2406207E-08 1.6773912E-08 2.1431520E-08	296.9928 302.1892 302.9291 302.5628 308.9092 302.4938 306.8351 309.3926 306.5177 308.1323 308.9793 307.1391 306.1977 308.2133 307.7012	392.235
1961 2.1768081E-08 1.2784985E-08 2.3732127E-08 8.2068610E-09 2.6493323E-09 1.7726864E-08 3.5718108E-09 1.6729595E-09 2.4618663E-08 5.9161493E-09 6.7406956E-09 2.0584524E-08 1.3307594E-08 1.5414944E-08 1.9944483E-08	295.7717 301.2075 302.8260 301.6181 308.1758 302.3361 306.3459 308.8143 306.0253 307.7079 308.4741 306.6211 305.8662 307.9157 307.4259	456.935
1962 2.3339519E-08 1.4575157E-08 2.4177250E-08 1.1006881E-08 3.2295797E-09 1.7758508E-08 4.2123696E-09 1.7846263E-09 2.3300924E-08 3.9905346E-09 5.5212981E-09 1.9496184E-08 1.0949837E-08 1.2871108E-08 2.1096623E-08	296.1397 301.6479 303.0790 301.9315 308.7372 302.7138 306.7775 309.4219 306.6871 308.5596 309.3266 307.3679 306.8457 309.0161 308.3752	0
1963 2.6930557E-08 1.7393896E-08 2.4627120E-08 1.3457226E-08 5.3725655E-09 1.9396211E-08 5.9476046E-09 3.7517802E-09 2.6599803E-08 4.5379980E-09 6.2210872E-09 2.0854545E-08 1.2967785E-08 1.4856055E-08 1.9717280E-08	295.6529 301.0623 302.8341 301.3414 308.0461 302.5926 306.2034 308.8259 306.1115 308.0147 308.7875 306.9550 306.0826 308.1223 307.5649	0
1964 2.5747751E-08 1.8233209E-08 2.5774359E-08 1.3504009E-08 5.6407705E-09 1.8443544E-08 4.0447730E-09 3.5135639E-09 2.4638164E-08 4.7915596E-09 6.9850281E-09 2.2870561E-08 1.0600139E-08 1.3339461E-08 2.0374644E-08	295.6136 300.9733 302.9444 301.2884 307.9997 302.5901 306.1047 308.7231 306.2630 307.8347 308.5586 306.7527 306.3656 308.3970 307.7520	202.506
1965 2.5779489E-08 1.7398676E-08 2.1878574E-08 1.1994488E-08 4.7391469E-09 1.8170152E-08 3.5632568E-09 2.3024700E-09 2.7405823E-08 3.1543630E-09 5.9118337E-09 2.2988537E-08 1.0145918E-08 1.3474441E-08 2.2831340E-08	295.3871 300.3410 302.1678 301.1386 307.3411 301.8603 305.9992 308.2790 305.5159 307.6741 308.2484 306.0932 306.0441 307.8263 306.8282	1.2871
1966 3.0025610E-08 2.2086539E-08 3.1844294E-08 1.6180087E-08 8.1000264E-09 2.1599529E-08 4.9900146E-09 3.9302348E-09 3.2027426E-08 4.2464183E-09 6.3727028E-09 2.7173757E-08 9.3149790E-09 1.1532920E-08 2.0827157E-08	295.4172 300.6056 302.8913 301.0264 307.4710 302.3372 305.8208 308.4661 305.4190 307.4090 308.3524 305.8869 305.9631 307.8975 306.6127	146.677
1967 2.4106310E-08 1.2593103E-08 2.0694198E-08 1.1255053E-08 3.5667584E-09 2.1247159E-08 5.5477285E-09 3.3271663E-09 2.8436283E-08 4.4336863E-09 5.9069705E-09 2.1557989E-08 1.0995493E-08 1.2301556E-08 1.7914187E-08	295.5799 300.9645 302.9720 301.3626 308.0504 302.6270 305.9845 308.6537 305.7906 307.7643 308.5463 306.5582 306.2438 308.4744 307.8268	425.249
1968 2.3625775E-08 1.3541802E-08 1.7390812E-08 1.0073806E-08 3.0876213E-09 1.4529870E-08 4.7446824E-09 2.5676681E-09 2.1769864E-08 4.6615587E-09 5.9555734E-09 1.6838383E-08 1.0696473E-08 1.3361115E-08 1.8997932E-08	295.7573 301.1554 302.5343 301.6927 308.3362 302.1324 306.5089 309.0707 306.4089 308.1285 309.0127 307.2860 306.3501 308.3400 307.3607	0.252258
1969 2.7542468E-08 1.8890487E-08 2.8769922E-08 1.3225841E-08 6.9903576E-09 2.6284196E-08 5.2030362E-09 4.2726187E-09 3.7547199E-08 5.0871187E-09 9.3982324E-09 2.8139974E-08 1.2856431E-08 1.7523456E-08 2.5763260E-08	296.1149 301.2002 303.1366 301.6783 308.1398 302.6194 306.3364 308.9174 305.8093 307.8345 308.5789 306.4847 306.3621 308.1938 307.6628	20.8065
1970 2.9182589E-08 2.2183077E-08 3.0082411E-08 1.5127698E-08 6.6600276E-09 2.0065444E-08 4.5806554E-09 3.9247947E-09 3.0200816E-08 4.3418811E-09 8.0721430E-09 2.2780942E-08 1.0111865E-08 1.2975673E-08 2.1153395E-08	295.0623 300.2933 302.3973 300.6529 307.3766 301.8983 305.5232 308.2602 305.4504 307.3107 308.0562 306.1099 305.9201 307.8940 307.1193	205.84
1971 2.5469889E-08 1.5326110E-08 2.1772074E-08 9.7960227E-09 3.0344887E-09 1.6492402E-08 3.5160197E-09 2.2256774E-09 2.0358318E-08 3.4962457E-09 6.4550871E-09 1.8640129E-08 1.2358592E-08 1.6362195E-08 2.3892259E-08	294.9730 300.5097 302.5219 301.0757 307.6583 302.0648 306.0891 308.5286 306.0186 307.6360 308.2217 306.4224 305.2450 307.2890 306.6584	7196.61
1972 2.0354792E-08 1.9432205E-08 3.0257251E-08 9.5784882E-09 6.0446155E-09 1.9143126E-08 3.5839247E-09 2.9072600E-09 2.2112765E-08 3.5558978E-09 5.8852585E-09 1.6587583E-08 1.1973623E-08 1.3611390E-08 2.0318495E-08	295.5107 299.9453 302.3102 301.0050 306.9486 301.8858 305.7213 308.0439 305.8515 307.2475 307.9941 306.5405 305.3097 307.3400 306.6277	315.119
1973 2.8606308E-08 1.7765551E-08 2.2395822E-08 1.1411292E-08 4.3408677E-09 1.7935463E-08 3.8677279E-09 3.4279479E-09 2.7088806E-08 5.6387943E-09 8.8509422E-09 2.4850596E-08 1.2150624E-08 1.5616502E-08 2.2567390E-08	295.1983 300.7519 302.7689 301.0298 307.6796 302.2525 305.9445 308.6562 305.9444 307.4379 308.4049 306.3688 305.8153 307.9870 307.1034	67.9677
1974 2.8318757E-08 1.5904089E-08 1.9800696E-08 1.2715439E-08 3.9245180E-09 1.5907347E-08 4.7786033E-09 1.7868120E-09 1.9641849E-08 4.7513273E-09 4.9389088E-09 1.7857893E-08 1.3537814E-08 1.5196219E-08 2.1854033E-08	295.0469 300.5806 302.2878 300.9974 307.7352 301.9120 306.0307 308.6955 306.0621 307.6432 308.5053 306.5575 305.4525 307.5310 306.8862	1121.11
1975 3.0921001E-08 1.8533667E-08 2.1660572E-08 1.3683602E-08 5.3643316E-09 1.8832337E-08 2.9078988E-09 2.7806690E-09 2.5261603E-08 3.8459502E-09 5.9835092E-09 2.3188706E-08 1.1932143E-08 1.6596831E-08 2.2457771E-08	295.0311 300.7454 302.6980 301.2382 307.8792 302.2433 306.4028 308.8254 305.9763 307.9135 308.4498 306.4382 305.9167 307.8261 307.3866	220.161
1976 2.3543381E-08 1.7912205E-08 2.8068065E-08 1.1286648E-08 4.7814122E-09 1.9719003E-08 3.6990857E-09 1.5042083E-09 1.4699905E-08 2.6793274E-09 2.4432816E-09 8.3357587E-09 8.5862206E-09 8.6482439E-09 1.1942366E-08	294.6949 299.9410 302.4550 300.5592 307.1454 302.1346 305.5652 308.1185 305.9250 307.6540 308.3719 307.0824 306.3838 308.6165 308.3915	886.871
1977 2.1641021E-08 1.2850365E-08 2.0264364E-08 1.2253208E-08 3.2027434E-09 1.8555721E-08 5.1584461E-09 3.6959844E-09 2.5217362E-08 5.6731300E-09 7.4411055E-09 2.1355140E-08 1.1491734E-08 1.4588347E-08 2.3716998E-08	295.9821 301.3173 303.0110 301.6899 308.2764 302.5182 306.2188 308.6661 305.5269 307.6242 308.2595 306.0703 305.9452 307.7818 306.6731	10.6232
1978 2.1979861E-08 1.4449259E-08 2.3627132E-08 1.0114874E-08 3.0516674E-09 1.8584347E-08 5.2592402E-09 2.1854594E-09 2.2015708E-08 4.6461159E-09 4.9806728E-09 1.4898100E-08 9.7329753E-09 1.0635800E-08 1.5255200E-08	295.9312 301.2163 302.9843 301.7198 308.2499 302.3037 306.4473 309.0392 306.2527 308.0374 308.9778 307.3399 306.5234 308.7655 308.3643	79.2071
1979 2.5265187E-08 1.7248970E-08 2.7517256E-08 1.1568168E-08 4.7597912E-09 2.0292633E-08 5.1173137E-09 4.7481001E-09 2.8250925E-08 5.6767910E-09 9.0722310E-09 2.4826242E-08 1.2828058E-08 1.4404016E-08 1.9168146E-08	296.0526 301.0092 302.7433 301.6286 307.9808 302.2466 306.1876 308.6180 305.6686 307.6624 308.3364 306.3544 306.0576 308.1592 307.6191	1.27581
1980 2.8250508E-08 1.8441483E-08 3.2835434E-08 1.3298530E-08 5.0336664E-09 2.3228042E-08 4.1418389E-09 3.7020418E-09 2.9237290E-08 4.7192690E-09 7.6123481E-09 2.2158046E-08 1.1246343E-08 1.3179831E-08 1.9318044E-08	295.6251 301.0831 303.3929 301.5020 308.1709 302.8053 306.2561 308.8538 305.7491 307.7056 308.4879 306.3569 306.2107 308.2745 307.4629	1602.61
1981 2.7980844E-08 1.9539797E-08 2.5197981E-08 1.2890820E-08 6.0212386E-09 1.8776298E-08 3.8748684E-09 3.3013783E-09 2.3334154E-08 4.0939403E-09 6.1133600E-09 1.9501949E-08 1.1846127E-08 1.3977692E-08 2.0652733E-08	295.8881 301.2919 302.8828 301.6530 308.2650 302.3088 306.6090 309.2038 306.4496 308.2441 309.0675 307.1505 306.3466 308.4451 307.6493	89.9387
1982 2.1416932E-08 1.0318114E-08 1.5748647E-08 1.0621409E-08 2.2219850E-09 1.4908448E-08 5.5108940E-09 1.6620992E-09 1.9870679E-08 4.6999200E-09 5.0242503E-09 1.7446327E-08 1.2849613E-08 1.3809920E-08 1.8091136E-08	295.7935 301.0604 302.7661 301.9334 308.3076 302.5596 306.6009 309.1400 306.0758 307.9283 308.7496 306.6398 306.0538 308.1556 307.4487	0.55871
1983 1.8147578E-08 1.8321677E-08 3.4777106E-08 9.7462785E-09 5.8820824E-09 2.5780860E-08 2.7909504E-09 3.1125140E-09 3.2039942E-08 2.7122344E-09 5.7502807E-09 2.0938870E-08 8.4570599E-09 1.0172458E-08 1.4838951E-08	296.1267 300.3837 302.6901 301.3122 307.2567 302.3699 305.8009 308.1248 305.2532 307.3540 308.0421 306.1429 306.2153 308.0122 307.3378	1.06903
1984 2.8017814E-08 1.9059167E-08 1.9460213E-08 1.3499499E-08 5.6194764E-09 1.8753337E-08 5.9378267E-09 3.9032395E-09 2.4006722E-08 5.7839853E-09 8.7000602E-09 2.2517360E-08 1.2551300E-08 1.6227444E-08 2.1655932E-08	294.5275 300.2076 302.0652 300.5505 307.4261 302.1026 305.6373 308.2915 305.5610 307.1969 307.8028 305.8071 305.1770 307.1620 306.5722	0
1985 2.9475832E-08 1.7729672E-08 1.6804858E-08 1.0597667E-08 3.4023593E-09 1.5721987E-08 4.9053712E-09 2.4040390E-09 1.8673036E-08 5.8892140E-09 6.2871286E-09 1.7788667E-08 1.3537997E-08 1.6633711E-08 2.1717762E-08	295.1025 300.6983 302.0047 301.4057 307.9527 301.8400 306.3822 308.9613 306.3406 307.8048 308.6795 306.8102 305.7633 307.7582 306.9150	0.311613
1986 2.0916936E-08 1.3090381E-08 1.4431364E-08 7.6574125E-09 1.5359455E-09 1.2785980E-08 5.1462044E-09 1.2304944E-09 1.7059270E-08 5.7568172E-09 6.1437664E-09 1.8015944E-08 1.2243068E-08 1.5131361E-08 2.1864331E-08	295.7015 300.7614 302.3073 301.7505 308.0601 302.1254 306.3788 309.0009 306.1444 307.3637 308.3910 306.2210 305.5094 307.4076 306.1681	0.00580645
1987 2.3352145E-08 1.3780845E-08 1.8650335E-08 8.9123358E-09 3.0013685E-09 1.5660090E-08 3.1649050E-09 1.6794035E-09 2.4181739E-08 4.2567816E-09 3.7969463E-09 1.9769413E-08 1.0504240E-08 1.0648191E-08 1.9587466E-08	295.9806 301.0062 302.6078 301.9256 308.0941 302.6712 306.5248 309.0876 305.8755 307.6492 308.7440 306.0942 306.1182 308.2877 306.8502	231.129
1988 3.1333709E-08 2.0986336E-08 2.9903170E-08 1.4350926E-08 8.2111233E-09 2.3494026E-08 5.0349294E-09 4.5408082E-09 2.7873446E-08 5.6784346E-09 7.6048661E-09 2.0084915E-08 1.0611626E-08 1.3042652E-08 1.9026073E-08	294.9843 300.5461 302.4476 301.0175 307.7347 302.3280 306.0033 308.7350 306.0811 307.5431 308.3714 306.7559 305.9952 308.0357 307.7363	8.50839
1989 3.1666758E-08 2.2396080E-08 2.4927356E-08 1.5075882E-08 6.1438650E-09 1.6830960E-08 7.2755779E-09 3.6957959E-09 2.1380890E-08 5.5138352E-09 6.9072033E-09 1.7379680E-08 1.1241380E-08 1.4755976E-08 1.9815271E-08	294.8699 300.1311 302.4696 300.8984 307.5240 302.1055 305.8306 308.4600 306.2815 307.5365 308.2330 306.8543 306.2639 308.1087 307.8399	10.2581
1990 2.2255975E-08 1.6652596E-08 2.1748292E-08 1.0174477E-08 3.8270684E-09 1.7844712E-08 3.8001193E-09 2.5223525E-09 2.3216689E-08 3.4891880E-09 6.2823551E-09 2.0400362E-08 1.0916846E-08 1.2837251E-08 1.8800238E-08	295.8997 300.6930 302.5221 301.5723 307.8067 302.3829 306.2587 308.5621 305.8474 307.7944 308.4143 306.6401 306.3917 308.5245 308.0856	1503.29
1991 2.2333266E-08 1.3262560E-08 1.4257416E-08 8.1589739E-09 2.8151959E-09 1.5628370E-08 2.6327205E-09 1.2479507E-09 2.4156085E-08 3.7887142E-09 3.1833007E-09 1.8591038E-08 1.0978740E-08 1.2992075E-08 2.1747475E-08	295.9128 300.9529 302.4233 302.0099 308.0822 302.8260 306.8598 309.1112 305.8322 308.1661 308.8656 306.2445 306.3889 308.3274 306.7488	66.1055
1992 1.9295554E-08 1.2757399E-08 1.3236648E-08 6.3702754E-09 1.6963481E-09 1.5458838E-08 3.0023015E-09 1.7354247E-09 2.3977258E-08 5.7031602E-09 6.6018475E-09 2.2224574E-08 1.6706903E-08 1.6884568E-08 2.4609998E-08	295.6452 300.6557 302.4024 302.0242 307.9340 302.2390 306.6194 308.8918 304.9847 307.1535 307.9748 304.8182 304.7183 306.6046 304.9131	367.29
1993 2.0845652E-08 1.3328043E-08 1.6164909E-08 9.9534248E-09 2.8399647E-09 1.4636433E-08 3.9109929E-09 2.1401403E-09 2.0494364E-08 4.1981232E-09 3.9599102E-09 1.3942281E-08 9.7486295E-09 9.0461487E-09 1.4047719E-08	295.7202 300.5060 302.1784 301.5112 307.6299 302.1219 306.2483 308.5864 305.8870 307.4777 308.4575 306.6366 306.2971 308.6099 308.0208	0
1994 2.2007042E-08 2.0006240E-08 3.1592641E-08 1.1896891E-08 5.3723186E-09 2.2273632E-08 4.4808601E-09 3.2012331E-09 2.9732412E-08 5.1978022E-09 7.8114555E-09 2.3442668E-08 1.3253661E-08 1.3786707E-08 1.9665586E-08	295.1230 299.8430 302.7312 300.7335 306.8169 302.1575 305.4594 307.8243 304.9027 306.7426 307.3818 305.3602 305.1385 307.1127 306.3327	4.86194
1995 2.5791890E-08 1.2898299E-08 1.9197422E-08 9.6666906E-09 2.5345959E-09 1.4003417E-08 4.4438142E-09 1.1149961E-09 2.5494138E-08 4.8468407E-09 4.7383035E-09 2.0351070E-08 1.2455248E-08 1.3783215E-08 2.2946548E-08	295.8653 301.3255 302.8637 301.8489 308.5124 302.6976 306.7956 309.3191 306.0481 308.1601 309.0151 306.5469 306.2196 308.3199 307.2467	0.01
1996 2.6293760E-08 1.8909269E-08 2.6493920E-08 1.1804384E-08 4.3083088E-09 2.0619218E-08 3.1642056E-09 3.1875629E-09 2.7221830E-08 3.3569030E-09 6.0862133E-09 2.2020442E-08 1.0802148E-08 1.0831879E-08 1.7762252E-08	295.4620 300.6910 302.8427 301.2431 307.9240 302.4832 306.2230 308.7197 305.9392 308.0418 308.6460 306.7082 306.3492 308.5335 307.9915	13.3997
1997 1.7605897E-08 1.2928187E-08 1.7989430E-08 6.7674231E-09 3.0698533E-09 1.7790699E-08 2.5628588E-09 1.8452448E-09 2.3923663E-08 3.4914964E-09 5.1219056E-09 1.9371489E-08 1.1532149E-08 1.2681142E-08 1.6419726E-08	296.7676 301.5461 302.9401 302.6194 308.6121 302.7020 307.2780 309.3145 306.2165 308.5490 309.0499 306.9473 306.8353 308.8576 308.2902	117.258
1998 2.7357023E-08 1.8258541E-08 2.7964013E-08 1.3746333E-08 5.8081704E-09 1.8191267E-08 3.1748579E-09 3.1400693E-09 3.2858374E-08 4.2090749E-09 7.3570594E-09 2.3531095E-08 1.0370163E-08 1.3086725E-08 1.8536742E-08	296.4792 301.4884 303.1691 301.9191 308.3623 302.7554 306.6683 309.2020 306.2451 308.2795 309.0949 307.0949 306.8692 308.9483 308.1931	555.516
1999 2.5994710E-08 1.4656663E-08 2.0296465E-08 1.1583459E-08 4.0540820E-09 1.8274156E-08 4.2181290E-09 2.9711893E-09 2.4466575E-08 3.9916417E-09 6.4563488E-09 2.0062254E-08 1.1013398E-08 1.3904248E-08 1.9926107E-08	295.8648 301.0290 302.5081 301.6377 308.0215 302.4236 306.4557 308.7706 306.2766 308.1388 308.6045 306.9450 306.4116 308.4402 308.2334	232.061
2000 2.4365601E-08 1.6990546E-08 2.2711797E-08 1.1143412E-08 4.9015081E-09 1.7993903E-08 4.7792437E-09 3.0053025E-09 2.4284168E-08 3.7255155E-09 5.2732125E-09 1.7716900E-08 1.1432629E-08 1.4163981E-08 1.9473861E-08	295.7473 300.9552 302.6244 301.5526 307.9905 302.2368 306.5026 309.0066 306.3935 308.3492 308.9922 307.2166 306.4649 308.6595 308.3575	0
2001 2.4706152E-08 1.6093388E-08 2.0757129E-08 1.1412002E-08 5.0711915E-09 1.8473914E-08 4.9434115E-09 3.4203991E-09 3.0662836E-08 5.2223768E-09 7.9376923E-09 2.8415990E-08 1.2709929E-08 1.5041254E-08 2.2888869E-08	295.8806 300.9798 302.6200 301.5823 308.0122 302.3464 306.2951 308.8170 305.7130 307.5419 308.1718 305.7079 305.7688 307.7338 306.8544	14.1935
2002 2.5059764E-08 1.8526809E-08 2.6855480E-08 1.3264462E-08 4.2105190E-09 1.9431516E-08 4.5198578E-09 2.8164397E-09 2.5935066E-08 3.8333279E-09 5.0378932E-09 2.0422968E-08 1.0875280E-08 1.2929677E-08 1.8285057E-08	295.5107 300.4753 302.6133 301.4270 307.6659 302.3601 306.2262 308.6386 305.6942 307.6717 308.4006 306.2522 306.1355 308.1727 307.4361	137.161
2003 2.5478609E-08 2.0687251E-08 3.0731119E-08 1.2354904E-08 5.4542686E-09 2.0579730E-08 3.1552891E-09 3.2032170E-09 2.8382022E-08 2.8410077E-09 5.6935430E-09 1.7738147E-08 8.2602467E-09 1.0164419E-08 1.6277282E-08	295.6069 300.4193 303.0741 301.2070 307.4318 302.6886 306.1468 308.3727 305.5852 307.9059 308.5002 306.7599 306.6426 308.5926 307.9985	11.7923
2004 2.0605043E-08 1.1740800E-08 1.9105272E-08 8.5941929E-09 2.2081539E-09 1.7790715E-08 3.1776066E-09 1.2299807E-09 2.1262233E-08 4.8020841E-09 5.8731842E-09 1.7943583E-08 1.2958952E-08 1.4678848E-08 2.1017165E-08	296.4403 301.6919 303.1060 302.4772 308.7067 302.7122 307.2347 309.5915 306.4209 308.3663 309.2512 307.1914 306.3225 308.5682 307.8266	283.742
2005 3.4960433E-08 2.3254486E-08 3.2960301E-08 1.5969478E-08 7.0829116E-09 2.1582357E-08 5.0391908E-09 3.4903032E-09 3.2159861E-08 4.8112212E-09 7.7944158E-09 2.6384907E-08 1.1707498E-08 1.4708014E-08 2.1302771E-08	295.8394 301.0094 302.9567 301.8023 308.3538 303.0315 306.6602 309.2338 306.2576 308.3050 308.9341 306.7915 306.8774 308.8513 308.3614	11.1248
2006 2.4897693E-08 2.2890283E-08 3.7566576E-08 1.6144028E-08 8.5523109E-09 2.8606040E-08 6.2304690E-09 5.5036646E-09 3.3010213E-08 5.0800901E-09 6.2472583E-09 1.9659051E-08 9.9041459E-09 1.1778178E-08 1.7827867E-08	295.6220 300.3828 302.8759 301.0397 307.4530 302.6189 305.7151 308.2712 305.6488 307.7205 308.3297 306.8542 306.7500 308.7066 308.4600	0
2007 2.2352964E-08 1.9204620E-08 2.9574045E-08 1.2221269E-08 5.7709437E-09 1.8702861E-08 3.5968841E-09 2.3236402E-09 2.4979997E-08 3.8946979E-09 6.4893038E-09 1.8766183E-08 9.6013206E-09 1.1284336E-08 1.5875173E-08	295.9685 300.7394 302.5695 301.4731 307.6847 301.9888 306.3287 308.7054 305.9765 307.9307 308.5949 307.0287 306.8662 308.8922 308.6159	2816.77
2008 2.4993405E-08 2.0281131E-08 2.3603333E-08 1.1910291E-08 5.2740319E-09 1.7036617E-08 3.1335183E-09 3.0466518E-09 2.3948440E-08 2.7538034E-09 6.4671362E-09 2.0056341E-08 8.6340588E-09 1.1604963E-08 1.6496864E-08	295.9106 300.8321 302.0177 301.4721 307.8574 301.8528 306.3357 308.8257 306.5284 308.2268 308.7473 307.2026 306.7463 308.8262 308.5703	19.3652
2009 2.4781473E-08 1.8829247E-08 2.7751176E-08 1.1409293E-08 2.9746230E-09 1.9462602E-08 2.2510738E-09 2.2073003E-09 2.8852906E-08 3.0992542E-09 6.2123258E-09 2.4869113E-08 1.0373177E-08 1.1734411E-08 1.8649226E-08	295.9067 300.7860 303.0003 301.6276 307.9694 302.5192 306.4298 308.7419 305.7548 308.1081 308.4995 306.0960 306.8207 308.6802 307.7688	0
2010 2.8573112E-08 1.7950951E-08 1.6926828E-08 1.3827552E-08 4.9679949E-09 1.4181567E-08 3.7576773E-09 2.4868634E-09 2.8195684E-08 3.7994083E-09 5.2529976E-09 2.3648733E-08 1.0012158E-08 1.3324452E-08 2.2178384E-08	296.6085 301.5179 302.4062 302.1262 308.5858 302.8575 306.7720 309.3262 306.7947 308.3114 309.0735 307.1735 306.9796 308.9351 308.5285	13.6452
2011 2.5985939E-08 1.5192928E-08 1.8581792E-08 1.0781493E-08 4.0618948E-09 1.6028102E-08 4.1294315E-09 2.5107538E-09 2.8082246E-08 4.3883506E-09 8.1284908E-09 2.2103832E-08 9.9475228E-09 1.2715716E-08 1.7653752E-08	296.4698 301.4575 302.3311 302.1314 308.5154 302.2107 306.8007 309.2144 306.5972 308.5268 308.9836 307.3729 307.0951 309.0758 308.8574	0
2012 2.2063791E-08 1.7444703E-08 3.1528856E-08 1.2443302E-08 6.5721779E-09 2.3212227E-08 4.4212078E-09 4.6673092E-09 3.3538438E-08 3.9174863E-09 6.3511330E-09 2.2126681E-08 1.0771751E-08 1.1813633E-08 1.7592967E-08	296.1204 300.9069 302.9549 301.5073 307.9218 302.7500 306.1272 308.7118 305.6775 307.7342 308.4736 306.4984 306.3955 308.6050 308.0395	0
2013 3.2248032E-08 2.7304871E-08 4.1398408E-08 1.9411889E-08 9.6774713E-09 2.8055107E-08 6.2563501E-09 6.2515682E-09 3.3469355E-08 5.2352971E-09 7.7116233E-09 2.4996181E-08 1.1294798E-08 1.3099434E-08 2.0123268E-08	294.9467 299.9108 302.6633 300.4781 306.8172 302.2144 305.3476 307.8347 305.2096 307.0662 307.6996 305.9913 305.9305 307.9309 307.5838	1.11871
2014 2.0117430E-08 1.9271798E-08 2.3526955E-08 1.1856939E-08 4.9737414E-09 1.7339346E-08 4.2828030E-09 1.4426564E-09 2.2692706E-08 3.6642644E-09 3.5279588E-09 1.6159809E-08 1.0136843E-08 1.0807171E-08 1.4895648E-08	295.8289 300.2405 302.3717 301.3925 307.3875 302.2555 306.2069 308.6404 306.1599 307.8305 308.6241 307.1095 306.5189 308.8100 308.5928	0.0135484
2015 1.5363891E-08 1.6063243E-08 2.1083210E-08 7.2183233E-09 2.8590836E-09 1.8287521E-08 1.3727756E-09 1.1848317E-09 2.1874698E-08 1.8054370E-09 2.6651945E-09 1.2442645E-08 7.7081346E-09 9.2598063E-09 1.5104174E-08  296.4636 300.6595 302.8615 302.1022 307.6951 302.6502 306.6809 308.7357 306.1028 308.1384 308.7890 307.1331 306.9059 308.8893 307.9965  0.0606452
