STN,prec_1,prec_2,prec_3,prec_4,prec_5,prec_6,prec_7,prec_8,prec_9,prec_10,prec_11,prec_12,prec_13,prec_14,prec_15,st_1,st_2,st_3,st_4,st_5,st_6,st_7,st_8,st_9,st_10,st_11,st_12,st_13,st_14,st_15,07.0
LAT,23.72017,23.72017,23.72017,26.51077,26.51077,26.51077,29.30136,29.30136,29.30136,32.09194,32.09194,32.09194,34.88252,34.88252,34.88252,23.72017,23.72017,23.72017,26.51077,26.51077,26.51077,29.30136,29.30136,29.30136,32.09194,32.09194,32.09194,34.88252,34.88252,34.88252,28.30888906
LON,-101.2500,-98.43750,-95.62500,-101.2500,-98.43750,-95.62500,-101.2500,-98.43750,-95.62500,-101.2500,-98.43750,-95.62500,-101.2500,-98.43750,-95.62500,-101.2500,-98.43750,-95.62500,-101.2500,-98.43750,-95.62500,-101.2500,-98.43750,-95.62500,-101.2500,-98.43750,-95.62500,-101.2500,-98.43750,-95.62500,-98.5572384
1958 3.2899091E-08 2.2072911E-08 1.7032860E-08 1.3691193E-08 3.8077252E-09 1.1178781E-08 2.6265614E-09 1.2835664E-09 1.8116809E-08 1.5568083E-09 3.0939313E-09 1.6252377E-08 8.0053653E-09 7.7476514E-09 1.5946235E-08	295.9234 300.8269 302.0480 302.0517 308.1533 301.7260 306.8907 309.3055 306.6228 308.5751 309.3343 307.0704 307.3910 309.2372 307.7088	1629.52
1959 2.1337421E-08 1.3818821E-08 1.6993955E-08 8.1108293E-09 2.1589432E-09 1.4535336E-08 1.8494920E-09 1.1507360E-09 1.3403132E-08 2.6529057E-09 2.7890013E-09 1.3840676E-08 1.0387838E-08 9.3572385E-09 1.6311676E-08	295.8911 300.7096 302.2630 302.2175 307.8335 301.9373 306.9620 308.8913 306.0052 308.4192 309.0408 306.2363 306.8201 308.8372 307.1073	569.032
1960 2.3460883E-08 1.1517960E-08 1.3422484E-08 8.9941610E-09 2.9721821E-09 1.2332902E-08 1.6126397E-09 5.6130972E-10 1.6375576E-08 2.1260558E-09 2.1224404E-09 1.1815770E-08 9.5370076E-09 1.0072911E-08 1.6887377E-08	296.0297 301.2754 301.9926 302.3928 308.4237 301.9033 307.3623 309.3962 306.5107 309.0183 309.7303 307.4780 307.5841 309.6570 308.2664	169.658
1961 2.3656749E-08 1.2515874E-08 1.5957138E-08 8.3125427E-09 2.8166016E-09 1.3408230E-08 2.0237889E-09 1.0836068E-09 1.5008460E-08 4.0330441E-09 3.5458154E-09 1.1427215E-08 1.1046499E-08 1.1141024E-08 1.6768867E-08	295.7934 301.0446 302.2819 302.1364 308.1450 302.0322 306.9703 309.0152 306.1149 308.3324 308.8497 306.6718 306.7659 308.6029 307.3318	192.806
1962 2.7570794E-08 1.6715200E-08 2.0090530E-08 9.0833492E-09 3.3580596E-09 1.5330338E-08 3.0316434E-09 1.1771915E-09 1.9853312E-08 4.1982902E-09 5.1558318E-09 1.8584299E-08 1.1968843E-08 1.4278276E-08 2.4047059E-08	295.7476 301.0207 302.2303 302.1422 308.4738 302.1223 307.0365 309.3647 306.4307 308.7833 309.3987 306.9858 307.1270 308.9596 307.4549	3.00323
1963 2.9633329E-08 1.4656151E-08 1.5617216E-08 1.1769581E-08 3.7474570E-09 1.3674867E-08 2.6625666E-09 9.1017155E-10 1.5877193E-08 3.9348280E-09 3.4760463E-09 1.5747785E-08 1.3263429E-08 1.3626674E-08 2.3519201E-08	295.3206 301.1586 302.6134 301.8424 308.1441 302.3274 307.1556 309.4504 306.0729 308.8248 309.3816 306.3825 306.7832 308.6446 306.6725	17.0194
1964 2.5126232E-08 1.0615884E-08 1.0348559E-08 8.8783185E-09 1.8137429E-09 1.1280750E-08 2.6188163E-09 7.0637241E-10 1.3577288E-08 3.8812478E-09 4.2047086E-09 1.4502793E-08 1.3623524E-08 1.4965579E-08 2.3194525E-08	295.9364 301.4335 301.8205 302.5386 308.4617 301.8466 307.4482 309.3750 306.2529 308.8267 309.4300 306.9951 306.8951 309.0125 307.4993	0.56129
1965 2.7245404E-08 1.8872687E-08 1.7620028E-08 1.3486035E-08 3.7192138E-09 1.5177875E-08 4.5726605E-09 2.2985140E-09 1.9050978E-08 6.1667902E-09 5.9384271E-09 2.0019787E-08 1.6580847E-08 1.7502865E-08 2.6235458E-08	295.2451 300.0856 301.6552 301.2306 307.1648 301.4756 306.0619 308.5204 305.6223 307.1730 307.9115 305.1845 305.2712 306.7660 305.2211	187.935
1966 3.3314770E-08 1.9867572E-08 1.9480265E-08 1.2805927E-08 3.8172088E-09 1.3074004E-08 3.1485941E-09 1.6724675E-09 1.8799554E-08 3.2205156E-09 3.3359426E-09 1.9357989E-08 1.2559792E-08 1.3249529E-08 2.2126065E-08	295.0093 300.2434 302.2104 301.1966 307.2808 301.8224 306.1373 308.5845 305.4231 307.7350 308.4133 305.5302 305.7363 307.3994 305.7110	4.93871
1967 2.4940098E-08 1.2391285E-08 1.4599451E-08 8.5286151E-09 1.3941369E-09 1.1458770E-08 2.7130214E-09 9.0089070E-10 1.3745407E-08 3.4134493E-09 3.3668901E-09 1.3847565E-08 1.1867294E-08 1.3305317E-08 2.1074509E-08	295.7234 300.9972 302.1946 302.1650 308.0245 302.1376 307.0817 309.0217 306.0635 308.6611 309.1129 306.6486 306.6909 308.4498 306.8841	0
1968 2.2028450E-08 1.0942375E-08 1.1855176E-08 8.2248857E-09 1.2667722E-09 1.2220174E-08 4.8969864E-09 1.0333678E-09 1.1112721E-08 6.7312556E-09 5.1701043E-09 1.5649496E-08 1.5947769E-08 1.8268674E-08 2.8390406E-08	295.5375 301.0598 301.9508 302.1654 308.2605 301.6667 307.0013 309.4080 306.2157 308.0001 309.0923 306.2103 305.6648 307.5863 305.8214	5.52645
1969 3.1694270E-08 1.8265206E-08 1.9093983E-08 1.0268910E-08 3.5447578E-09 1.3492658E-08 1.0400866E-09 1.0316855E-09 1.9352283E-08 1.3334129E-09 2.6202422E-09 1.4303909E-08 7.6369933E-09 8.3546885E-09 1.5107007E-08	295.8648 300.7581 302.3037 302.1387 308.0081 301.8851 307.1929 309.3086 306.5865 308.8671 309.5021 307.3995 307.5216 309.5689 308.2920	9.28968
1970 2.8823168E-08 1.7536516E-08 1.5092004E-08 1.1007600E-08 3.5816565E-09 1.1412952E-08 2.6075695E-09 9.0466024E-10 1.4903604E-08 2.6288198E-09 3.1303549E-09 1.4248308E-08 9.5867962E-09 9.3996073E-09 1.7340621E-08	295.3758 300.3014 301.6946 301.7129 307.5669 301.4019 306.6093 308.7881 305.8175 308.0656 308.8043 306.1530 306.5448 308.5622 306.9002	5.55935
1971 2.3317881E-08 1.1910207E-08 9.9265520E-09 7.8869880E-09 1.6305686E-09 1.2629807E-08 2.3564679E-09 9.9770814E-10 1.1619560E-08 4.7237050E-09 4.2519628E-09 1.3679668E-08 1.5118548E-08 1.6534774E-08 2.3288942E-08	295.1715 300.6911 301.5316 301.9364 307.9340 301.3378 307.1591 309.1651 306.0907 308.5235 309.0741 306.5937 306.1513 307.9652 306.5965	6290.52
1972 2.5921381E-08 1.7994502E-08 1.6297150E-08 1.0909596E-08 3.5351928E-09 1.2638676E-08 2.7105724E-09 1.4510090E-09 1.4398704E-08 3.3151961E-09 3.9436063E-09 1.7901485E-08 1.2482512E-08 1.3983964E-08 2.4208333E-08	295.8485 300.1740 301.4789 301.7661 307.1002 301.2965 306.3954 308.4531 305.8644 307.7808 308.3178 305.6902 305.8399 307.3704 305.5735	3.76774
1973 2.5905782E-08 1.1563846E-08 1.2163135E-08 7.9575591E-09 1.6521234E-09 1.1996994E-08 2.8602862E-09 1.0301816E-09 1.2083185E-08 5.2295079E-09 3.1992875E-09 1.1894157E-08 1.3473359E-08 1.4256967E-08 2.1078442E-08	295.3635 300.8752 301.7821 302.0355 307.7638 301.4945 307.0609 309.2697 305.9026 308.1488 309.2484 306.3853 306.0373 308.1299 306.4084	148.59
1974 1.8720822E-08 9.4922239E-09 1.0797289E-08 4.8117426E-09 1.0800812E-09 1.2513047E-08 2.1988391E-09 1.0063811E-09 1.1378081E-08 3.4918604E-09 3.5435102E-09 1.2137154E-08 1.2676718E-08 1.3522753E-08 1.9017097E-08	295.4183 300.6891 301.8369 302.0061 307.9906 301.6877 306.9958 309.0579 306.0419 308.5282 309.0254 306.6041 306.4929 308.3133 306.7985	0.610323
1975 2.1369553E-08 1.1531193E-08 1.1495348E-08 6.2120420E-09 1.3920517E-09 1.1996495E-08 3.1300320E-09 8.2293017E-10 9.2017158E-09 4.8960449E-09 3.3262075E-09 9.2633012E-09 1.5303213E-08 1.4594334E-08 2.0908971E-08	295.9188 301.4268 302.2160 302.4655 308.5065 301.9438 307.4841 309.4804 306.5107 308.7356 309.4680 307.3448 306.5262 308.6954 307.6093	1368.19
1976 2.7844571E-08 1.8082600E-08 2.3696705E-08 1.2856765E-08 4.3032373E-09 1.7377307E-08 2.9381064E-09 1.7908358E-09 1.8191262E-08 3.5149843E-09 3.9521466E-09 1.6388652E-08 1.0284448E-08 1.1181731E-08 1.7463464E-08	295.0488 300.0231 302.2085 301.0171 307.2244 302.0735 305.9286 308.3196 305.6813 307.6929 308.3150 306.0452 306.2588 308.2223 306.9025	1562.92
1977 2.8080303E-08 1.6623513E-08 1.3739808E-08 1.0675501E-08 2.7584273E-09 1.3060212E-08 2.6280351E-09 1.6038164E-09 1.6349974E-08 3.4532104E-09 3.2382526E-09 1.5333127E-08 1.2550640E-08 1.2380242E-08 2.0243743E-08	295.3930 300.6942 301.7260 301.8143 307.8409 301.4416 306.8647 309.0383 306.0423 308.2749 308.9728 306.4005 306.3814 308.4881 306.8390	64.0323
1978 2.3591404E-08 1.1366236E-08 1.4376042E-08 6.9426376E-09 2.1960811E-09 1.2155597E-08 1.9514428E-09 7.1504885E-10 1.4943463E-08 3.1846206E-09 2.5812552E-09 1.1931055E-08 1.0794766E-08 1.1351506E-08 1.6931503E-08	295.7715 300.8829 302.0506 302.2621 307.9751 301.6608 307.1223 309.0214 306.0905 308.6242 309.1820 306.7286 307.1406 309.0686 307.6123	1.09129
1979 3.0763243E-08 1.9377783E-08 1.6323815E-08 9.3798125E-09 2.7813409E-09 1.1932260E-08 2.1794311E-09 2.5739857E-09 1.9937183E-08 3.1512757E-09 5.1151781E-09 2.0382517E-08 1.0673722E-08 1.1323312E-08 1.8632747E-08	295.8711 300.5560 301.9785 302.1845 307.8227 301.5951 306.9388 308.8916 305.8377 308.2597 308.6689 305.6344 306.7473 308.3571 306.4561	37.2968
1980 2.5057206E-08 1.4962295E-08 1.4297244E-08 8.3900078E-09 3.0804639E-09 1.3165203E-08 2.5370792E-09 2.3653250E-09 2.5910927E-08 3.4711789E-09 6.5317836E-09 2.5031889E-08 1.1590950E-08 1.2556977E-08 2.1553539E-08	296.2160 300.9196 302.2408 302.3728 308.0702 301.8476 307.0999 309.1870 305.8464 308.4200 308.9149 305.9599 306.8562 308.5984 306.8883	0.80129
1981 2.6061896E-08 1.5845224E-08 1.4811810E-08 9.0573176E-09 3.0040750E-09 1.3721625E-08 3.0867451E-09 1.4657839E-09 1.2952734E-08 5.0653459E-09 4.8246727E-09 1.3243359E-08 1.4190980E-08 1.5139406E-08 2.2354870E-08	295.6060 301.0505 301.8253 302.3145 308.3235 301.4773 307.2953 309.4407 306.4417 308.4621 309.3882 307.0999 306.3690 308.5882 307.2980	1208.29
1982 2.6755265E-08 1.2913264E-08 1.4710409E-08 9.6797095E-09 2.2541147E-09 1.2446811E-08 3.8732644E-09 1.6168994E-09 2.0946759E-08 4.1705421E-09 4.9167022E-09 2.0863478E-08 1.3101908E-08 1.2361605E-08 2.2756401E-08	295.8460 300.7500 302.4626 302.2777 307.8655 302.3912 307.0033 309.2746 306.2579 308.1711 308.9492 306.1223 306.2225 308.0851 306.1419	4.6
1983 2.5294723E-08 1.7084973E-08 1.5353189E-08 1.0840969E-08 4.2223620E-09 1.2525060E-08 3.4925480E-09 2.3704767E-09 2.0855895E-08 3.3082213E-09 3.7773673E-09 1.7531601E-08 1.0742712E-08 1.1404743E-08 1.8575097E-08	296.9170 301.0724 301.8262 302.3450 307.8806 301.5785 306.6410 308.9322 306.0085 307.7375 308.3347 305.7754 306.1319 307.5712 305.9886	3.79097
1984 2.6700659E-08 1.3917578E-08 1.1780275E-08 1.3451832E-08 2.8859424E-09 1.0558953E-08 7.4300432E-09 2.1445452E-09 1.1614489E-08 5.9916005E-09 6.1211884E-09 1.2671504E-08 1.3979226E-08 1.5410537E-08 2.0031599E-08	294.3790 300.1021 300.9448 300.8636 307.3199 301.1618 305.8149 308.2896 305.6574 307.3417 308.1121 306.2616 305.6452 307.5834 306.8545	0
1985 2.1578161E-08 1.1251472E-08 1.0823216E-08 5.5797242E-09 1.4191740E-09 1.2242161E-08 3.5830738E-09 1.3260330E-09 1.1209828E-08 5.4549409E-09 5.1431810E-09 1.2395770E-08 1.4173445E-08 1.6189832E-08 2.4265747E-08	295.3734 300.8041 302.3095 302.2504 308.0137 302.2770 307.3307 309.3790 306.2997 308.4699 309.1620 306.7256 306.3031 308.2393 306.5765	712.981
1986 2.3817675E-08 1.4865068E-08 1.1386193E-08 7.8118294E-09 2.3628786E-09 1.2454938E-08 3.7267118E-09 1.0327534E-09 1.2977870E-08 7.2808422E-09 6.4778241E-09 1.9879590E-08 1.8319408E-08 1.9702933E-08 3.0869025E-08	295.3539 300.5771 302.1195 302.0547 307.8554 302.2657 307.0040 309.3812 305.8653 307.7078 308.6758 305.3527 305.1721 306.6895 304.8911	2.5929
1987 2.3253842E-08 1.3479870E-08 1.1110175E-08 9.3029326E-09 3.1249430E-09 1.0332486E-08 2.1770028E-09 1.1461179E-09 1.8554761E-08 3.6887495E-09 5.2304894E-09 2.4602750E-08 1.1848501E-08 1.2177967E-08 2.3184457E-08	296.7869 300.7466 301.6126 302.4399 307.5275 302.0694 306.6396 309.1738 306.1188 307.5731 308.0794 305.2452 305.5848 306.9826 305.4468	1046.74
1988 3.4266236E-08 1.9046773E-08 1.7319870E-08 1.5874814E-08 4.6907465E-09 1.1969616E-08 5.1325042E-09 1.2272547E-09 1.3436670E-08 4.2690060E-09 3.8071053E-09 1.2993175E-08 1.0251392E-08 1.1488030E-08 1.8515163E-08	294.3496 300.2184 301.6530 300.9182 307.6708 301.4961 306.2995 309.0552 306.0787 308.1472 309.1747 307.0414 306.8064 309.0658 308.0376	53.0903
1989 2.6950238E-08 1.8392420E-08 1.7460838E-08 1.1285744E-08 3.5967846E-09 1.4830353E-08 2.7578662E-09 1.0532888E-09 1.3103883E-08 2.8668297E-09 2.7413183E-09 1.1767377E-08 1.0311521E-08 1.1279999E-08 1.6868038E-08	294.9387 300.0332 301.8309 301.3260 307.4227 301.7697 306.5464 308.7005 306.2829 308.2623 308.9455 307.0994 306.7184 308.7799 308.0855	0
1990 2.0335934E-08 1.3366269E-08 1.6415068E-08 6.4715615E-09 1.9639508E-09 1.4540093E-08 1.9426347E-09 1.3444266E-09 1.8565432E-08 3.0763665E-09 3.7380925E-09 1.8350361E-08 1.2250149E-08 1.2383746E-08 1.9000769E-08	296.2754 300.9990 302.5315 302.5620 308.1268 302.8605 307.4270 309.3510 306.2559 308.7824 309.3462 306.5203 306.7756 308.6284 306.9478	1580.06
1991 2.2497078E-08 9.8252411E-09 1.4138140E-08 1.0460594E-08 2.0252171E-09 1.3939613E-08 4.0621324E-09 1.5843628E-09 1.7412882E-08 4.7901341E-09 4.6270396E-09 1.9319216E-08 1.3119078E-08 1.3766060E-08 2.5809346E-08	296.0575 301.0755 303.0368 302.1489 307.8846 303.0706 306.9425 309.2460 305.8148 308.0630 308.6547 305.1622 306.0145 307.5443 305.0280	0.754839
1992 2.0462156E-08 1.6395845E-08 2.0203208E-08 9.2015080E-09 3.8682386E-09 1.5363769E-08 4.1538986E-09 2.7857574E-09 2.6061453E-08 4.1622501E-09 4.5180260E-09 2.1602441E-08 1.2407943E-08 1.1587217E-08 2.0188557E-08	295.8165 299.9505 302.2122 301.5882 306.7726 302.2267 305.8070 308.0660 304.7301 306.7811 306.7270 303.6685 304.6013 305.6702 303.8750	271.71
1993 2.5198045E-08 1.8664728E-08 1.7156633E-08 9.0920746E-09 3.5560501E-09 1.2847761E-08 2.2767475E-09 1.5260688E-09 1.9687310E-08 2.3831044E-09 3.3311689E-09 1.9860463E-08 7.3854496E-09 7.5496365E-09 1.7147501E-08	295.9406 300.1349 301.5439 301.6907 307.0670 301.4898 306.2952 308.5996 305.9074 307.8447 308.5299 305.9157 306.6817 308.3409 306.4698	89.5319
1994 1.9713879E-08 1.3843551E-08 1.5261460E-08 6.6861277E-09 2.2946895E-09 1.2200063E-08 1.4672722E-09 5.8516686E-10 1.4365114E-08 2.9689387E-09 2.8828737E-09 1.3977846E-08 1.3432372E-08 1.4232583E-08 2.1939320E-08	295.6810 300.5653 302.4260 302.0808 307.3858 302.3959 306.9902 309.1146 305.8768 308.2269 308.9935 305.8891 306.0771 307.6934 305.5466	0.202581
1995 2.3150250E-08 1.4035919E-08 1.8432054E-08 8.5016394E-09 2.3500233E-09 1.3735082E-08 2.5882072E-09 1.4800000E-09 2.1637206E-08 3.1610330E-09 4.7165978E-09 1.8266741E-08 9.8618482E-09 9.1416581E-09 1.5760312E-08	296.3880 301.1734 302.3730 302.2740 308.1385 302.0621 306.9485 309.3638 306.1499 308.4332 309.2535 306.5854 307.0109 308.9808 307.4973	157.802
1996 2.7366745E-08 1.5603156E-08 1.5460715E-08 9.9465991E-09 3.2030596E-09 1.2642994E-08 2.3269793E-09 1.0327245E-09 1.3930193E-08 3.2754590E-09 3.4807106E-09 1.3418857E-08 1.0580151E-08 1.1311298E-08 1.7006732E-08	295.8084 301.1465 302.0736 302.2065 308.1898 302.0229 307.2358 309.1550 306.3396 308.9966 309.5023 307.3223 307.4400 309.5640 308.5211	22.8955
1997 2.8568225E-08 2.0269585E-08 2.3838087E-08 1.2324669E-08 3.5518715E-09 1.5876411E-08 2.6879987E-09 9.0013352E-10 2.0732676E-08 2.0412894E-09 2.2548876E-09 1.3273580E-08 1.0268240E-08 9.0238252E-09 1.5019184E-08	295.6758 300.4924 302.3149 301.7694 307.7194 301.9964 306.7454 309.0801 306.4634 308.4683 309.2180 307.0069 306.9185 308.8203 307.5181	1810.45
1998 2.5717833E-08 1.2955714E-08 1.5758605E-08 1.0095345E-08 2.6967211E-09 1.4143009E-08 3.7442858E-09 1.6604105E-09 2.3710626E-08 4.1741637E-09 6.2944907E-09 2.0619542E-08 1.2038107E-08 1.0243247E-08 1.6968908E-08	297.0910 301.5668 302.4962 302.6897 308.4950 302.2261 307.1541 309.4915 306.4780 308.4024 309.1439 306.9027 306.8228 308.6862 307.4625	0
1999 2.6462704E-08 1.3589378E-08 1.5527062E-08 1.0073881E-08 2.2896889E-09 1.4565896E-08 3.1659866E-09 1.5189084E-09 1.8907421E-08 4.1350416E-09 4.4878243E-09 1.6483099E-08 1.2369288E-08 1.5049643E-08 1.9850996E-08	295.8238 301.2336 302.4239 302.3376 308.6572 302.3970 307.4374 309.5762 306.5525 308.8567 309.4842 307.3638 306.9311 309.1182 308.4878	410.032
2000 2.5855094E-08 1.5812505E-08 1.7758856E-08 9.8567678E-09 2.1075184E-09 1.4896032E-08 2.7722786E-09 1.3035568E-09 1.5729688E-08 3.5635135E-09 3.5062593E-09 1.3358106E-08 1.0367534E-08 1.0086928E-08 1.5263526E-08	295.4871 300.4794 302.1040 301.8873 307.9589 302.0901 307.0197 309.0253 306.2429 308.7287 309.1406 307.1004 307.2019 309.1968 308.4269	0
2001 2.7712751E-08 2.0128210E-08 1.6448016E-08 1.3187091E-08 2.9430691E-09 1.4253105E-08 3.7260599E-09 1.1480057E-09 1.5962017E-08 3.8095527E-09 3.3322669E-09 1.4264145E-08 1.1779020E-08 1.1009197E-08 1.7323545E-08	295.1821 300.2096 302.4155 301.5703 307.7903 302.2242 306.7596 309.3457 306.4268 308.2192 309.1205 306.2039 306.5995 308.4856 306.8538	19.9539
2002 2.5799949E-08 1.8993180E-08 2.4074220E-08 1.1992746E-08 4.8634772E-09 1.8244785E-08 2.5899338E-09 2.5483780E-09 2.1539183E-08 3.8554089E-09 4.9514952E-09 2.0609921E-08 1.2030325E-08 1.3255439E-08 2.2622675E-08	295.7456 300.2287 302.2112 301.7937 307.2160 302.2426 306.6100 308.7805 305.8751 307.8579 308.5939 305.8885 306.2221 307.9486 306.1398	10363.2
2003 2.8160498E-08 2.1517190E-08 3.0076912E-08 1.1431061E-08 4.6549391E-09 1.7995447E-08 1.5222775E-09 1.6488838E-09 2.5834764E-08 2.5253712E-09 2.1387927E-09 1.6886872E-08 8.9588834E-09 7.8038855E-09 1.3804047E-08	295.9346 300.5740 302.9101 302.0963 307.8970 302.6092 307.0736 309.2030 306.0048 308.6541 309.3130 306.7012 307.3771 309.4452 307.9501	361.887
2004 2.2204190E-08 1.4043091E-08 1.2643474E-08 6.4561285E-09 2.3007223E-09 1.0939726E-08 1.3591146E-09 1.0150331E-09 1.8364810E-08 2.5210793E-09 3.8428323E-09 1.8329336E-08 8.6746441E-09 9.4653103E-09 1.7211118E-08	296.1449 300.9540 302.1922 302.6145 308.2126 302.1008 307.4146 309.3459 306.2781 308.7985 309.2279 306.3392 307.2654 309.0565 307.2899	1948.03
2005 3.8543128E-08 2.5117576E-08 1.9659842E-08 1.6616157E-08 6.1506977E-09 1.1471566E-08 2.3220019E-09 1.4917190E-09 2.2388003E-08 2.8692808E-09 3.7988417E-09 1.9580073E-08 8.6401792E-09 9.0805274E-09 1.6908199E-08	296.2192 300.9869 302.2692 302.3588 308.2265 302.1208 307.2526 309.4938 306.8273 308.8155 309.7131 307.5342 307.7020 309.8528 308.6928	117.823
2006 2.8664617E-08 1.5513736E-08 1.3640004E-08 1.1537955E-08 3.3287797E-09 1.1987949E-08 3.0718659E-09 1.8271350E-09 1.5476452E-08 2.8770828E-09 3.2981329E-09 1.3276728E-08 8.0518845E-09 8.4314378E-09 1.2760650E-08	296.2899 301.1576 302.1845 302.5643 308.4079 302.1386 307.5281 309.5901 307.0955 309.2235 309.8866 308.2407 308.0714 310.3529 309.7419	36.1713
2007 2.4242658E-08 1.8794589E-08 2.2949406E-08 1.1885712E-08 5.6944236E-09 1.5464684E-08 2.8806855E-09 1.2467819E-09 2.2737531E-08 3.3080814E-09 3.5389514E-09 1.8894671E-08 1.0076625E-08 1.1740855E-08 1.9595706E-08	296.0926 300.7314 302.4071 301.9448 307.7336 302.2538 306.6770 309.1850 306.0357 308.1854 309.1006 306.4002 306.9140 308.8235 307.3528	5037.23
2008 1.9107434E-08 1.1197081E-08 1.5494694E-08 8.1928704E-09 2.2080537E-09 1.4875846E-08 2.4209117E-09 1.1925346E-09 1.3531021E-08 2.6780025E-09 3.1049137E-09 1.2021403E-08 9.7560333E-09 1.0939116E-08 1.5979753E-08	296.3811 301.2749 302.1146 302.3490 308.3624 302.3424 307.1385 309.1989 307.0133 309.0455 309.5041 307.9704 307.4895 309.5746 308.8609	0.533548
2009 2.1898678E-08 1.5780921E-08 2.0157630E-08 9.4677413E-09 3.3520995E-09 1.4076267E-08 2.0268860E-09 8.7591717E-10 1.7869144E-08 2.1620685E-09 2.7275848E-09 1.5696294E-08 9.1163015E-09 8.7400283E-09 1.5304874E-08	12.32796 12.48830 12.58032 12.58184 12.78359 12.57388 12.78951 12.86832 12.79077 12.88855 12.91642 12.87242 12.84258 12.93644 12.89407	0
2010 3.5328373E-08 1.7298952E-08 1.1879370E-08 1.2706983E-08 2.5672884E-09 1.0662732E-08 2.6984133E-09 1.7203428E-09 2.0033005E-08 3.2665619E-09 4.9694924E-09 1.8770329E-08 9.0687386E-09 8.3305958E-09 1.5359364E-08	296.5641 301.7394 302.3637 302.6754 308.9890 302.2189 307.6479 310.3387 307.4757 309.0171 310.1336 307.7815 307.6472 309.8730 308.3791	445.294
2011 2.3792065E-08 1.5788627E-08 1.4334164E-08 8.1925853E-09 2.9685920E-09 1.0065263E-08 2.0882287E-09 1.3585294E-09 1.9099751E-08 3.1339085E-09 5.7494867E-09 1.6265686E-08 9.5431485E-09 1.2539347E-08 1.7616578E-08	296.8528 301.1214 301.8297 302.6234 308.4033 301.7194 307.2694 309.4188 307.1272 308.9832 309.5900 308.1020 307.7410 309.6259 308.8844	8.63258
2012 2.5539254E-08 1.5776148E-08 1.9950745E-08 8.5511811E-09 1.8506678E-09 1.3534307E-08 2.2499771E-09 1.0241730E-09 1.8375784E-08 2.1792270E-09 2.2120803E-09 1.6175331E-08 9.8709361E-09 8.5378247E-09 1.6808826E-08	296.4126 300.9583 302.4322 302.4377 308.2414 302.4027 307.2368 309.3418 306.6235 308.7230 309.3161 307.0936 307.2165 309.3118 308.1113	0
2013 2.5799272E-08 1.5525700E-08 1.9543114E-08 1.2731345E-08 4.6539967E-09 1.7796578E-08 3.5644403E-09 2.0062962E-09 2.2046713E-08 3.9065520E-09 4.7624087E-09 1.7849480E-08 1.2425624E-08 1.3441855E-08 2.0410280E-08	295.9647 300.9346 302.2431 301.9258 307.9005 302.2953 306.9179 308.9391 305.7164 308.4779 308.9442 306.3731 306.8502 308.6385 307.1343	382.026
2014 2.4358208E-08 2.1298773E-08 2.3294204E-08 1.2754625E-08 4.9010556E-09 1.5728093E-08 3.2789598E-09 1.7834668E-09 1.9183926E-08 3.2266914E-09 2.8498177E-09 1.5052933E-08 9.8948743E-09 8.0345774E-09 1.3124967E-08	295.5201 299.8528 301.6738 301.3337 306.9603 301.5351 306.1827 308.6062 305.9711 307.7475 308.6247 306.5329 306.4898 308.6881 307.5884	79.5197
2015 1.6843943E-08 1.0875239E-08 1.3850600E-08 6.0587011E-09 1.5036825E-09 1.3472369E-08 2.1518876E-09 7.8971163E-10 1.4339032E-08 4.0497579E-09 4.2408548E-09 1.7512525E-08 1.3235383E-08 1.3316329E-08 2.2660847E-08  296.2687 300.4866 302.5009 302.3047 307.4022 302.7278 306.8473 309.2243 306.1490 307.8345 308.6820 305.5834 305.7583 307.0295 305.2879  77.2565
