STN,prec_1,prec_2,prec_3,prec_4,prec_5,prec_6,prec_7,prec_8,prec_9,prec_10,prec_11,prec_12,prec_13,prec_14,prec_15,st_1,st_2,st_3,st_4,st_5,st_6,st_7,st_8,st_9,st_10,st_11,st_12,st_13,st_14,st_15,07.0
LAT,23.72017,23.72017,23.72017,26.51077,26.51077,26.51077,29.30136,29.30136,29.30136,32.09194,32.09194,32.09194,34.88252,34.88252,34.88252,23.72017,23.72017,23.72017,26.51077,26.51077,26.51077,29.30136,29.30136,29.30136,32.09194,32.09194,32.09194,34.88252,34.88252,34.88252,28.30888906
LON,-101.2500,-98.43750,-95.62500,-101.2500,-98.43750,-95.62500,-101.2500,-98.43750,-95.62500,-101.2500,-98.43750,-95.62500,-101.2500,-98.43750,-95.62500,-101.2500,-98.43750,-95.62500,-101.2500,-98.43750,-95.62500,-101.2500,-98.43750,-95.62500,-101.2500,-98.43750,-95.62500,-101.2500,-98.43750,-95.62500,-98.5572384
1958 1.8661726E-08 1.9806683E-08 1.5394676E-08 1.8627604E-08 1.1797681E-08 1.0717713E-08 1.4058437E-08 9.9279793E-09 1.2733667E-08 1.2352476E-08 1.6702410E-08 2.2752561E-08 1.4995360E-08 2.2641395E-08 2.7224115E-08	288.4560 293.3112 299.1569 290.4903 296.4992 298.1675 291.3503 294.9544 294.6530 289.7473 290.8651 290.0267 285.5513 286.1360 286.0802	1629.52
1959 1.8180781E-08 2.1989610E-08 1.9130468E-08 2.1711351E-08 1.2596062E-08 1.1718105E-08 1.8766146E-08 1.1795623E-08 1.3377744E-08 1.6893948E-08 1.8957373E-08 2.4683981E-08 2.1148519E-08 2.6858824E-08 2.8797858E-08	288.5391 293.0233 299.1336 290.2850 296.1796 298.1483 290.8976 294.4199 294.2777 289.3350 290.4741 289.7216 285.3027 286.0596 286.0032	569.032
1960 2.4555201E-08 2.4049410E-08 1.8111646E-08 2.3030182E-08 1.3700929E-08 1.1167621E-08 1.9346816E-08 1.2259131E-08 1.3508948E-08 1.7510894E-08 2.3129706E-08 2.7084305E-08 2.2781606E-08 3.3045580E-08 3.5001481E-08	288.1962 293.0570 299.2780 290.2398 296.1666 298.2529 291.0725 294.5318 294.3819 289.3188 290.2047 289.3388 284.9246 285.3577 285.1001	169.658
1961 2.5092788E-08 2.5307514E-08 2.2240512E-08 2.5869474E-08 1.8811804E-08 1.6138529E-08 2.0716772E-08 1.6522964E-08 1.8929173E-08 1.6292415E-08 1.9975474E-08 2.7974805E-08 1.8941705E-08 2.6005374E-08 3.0394368E-08	287.7388 292.6893 299.0895 289.7343 295.6697 298.1244 290.6579 294.1922 294.1084 289.3459 290.4418 289.6696 285.5188 286.2514 286.0700	192.806
1962 1.5688057E-08 1.7110821E-08 1.6096726E-08 1.5493612E-08 1.0788086E-08 9.1722354E-09 1.3025677E-08 9.0675032E-09 1.2369385E-08 1.1289202E-08 1.4273427E-08 2.0685151E-08 1.5689855E-08 2.0997799E-08 2.4682901E-08	288.3331 293.0830 299.0905 290.5012 296.2974 298.1224 291.5136 294.8480 294.2508 289.9846 290.9327 289.7988 285.8197 286.2782 285.9139	3.00323
1963 2.4467814E-08 2.7076174E-08 1.7507062E-08 2.7486434E-08 1.9390358E-08 1.3808325E-08 2.0305446E-08 1.5744304E-08 1.7304570E-08 1.6643940E-08 1.9013155E-08 2.5124699E-08 1.9004149E-08 2.5236851E-08 2.8760196E-08	288.5168 293.2730 299.1515 290.3227 296.1530 298.1624 290.7983 294.2254 294.0617 289.1364 290.0370 289.2901 285.1193 285.5234 285.3452	17.0194
1964 1.5825178E-08 1.4380663E-08 1.3481925E-08 1.4187528E-08 8.9931520E-09 7.5257454E-09 9.3875485E-09 6.8105304E-09 8.2850997E-09 6.7777086E-09 9.4784829E-09 1.4734010E-08 1.0481425E-08 1.6239401E-08 2.0501329E-08	288.5248 293.3657 299.2844 290.8737 296.7130 298.2667 292.0934 295.2925 294.5959 290.5883 291.3125 290.0479 286.0292 286.3752 286.1200	0.56129
1965 2.1728690E-08 2.8857764E-08 2.0810296E-08 2.6958499E-08 2.1284100E-08 1.5132613E-08 2.1656838E-08 1.8211617E-08 2.0490701E-08 1.6446867E-08 2.3057432E-08 3.1285712E-08 1.6334130E-08 2.6635535E-08 3.2070560E-08	287.8241 292.3893 299.0376 289.0981 294.9626 298.0779 289.5258 293.0246 293.1735 288.0673 289.0643 288.4670 284.3575 284.8437 284.6596	187.935
1966 2.4166983E-08 2.4834891E-08 1.9518788E-08 2.9069950E-08 1.7633077E-08 1.3073758E-08 2.4703327E-08 1.9213667E-08 1.9688075E-08 1.9538994E-08 2.5182844E-08 3.4748595E-08 2.0705155E-08 2.4774616E-08 3.2375759E-08	287.9997 292.9471 299.0687 289.7766 295.8818 298.1122 290.4200 293.9968 293.8978 288.9379 289.8081 288.9208 284.8532 285.3069 284.8373	4.93871
1967 2.0602906E-08 2.4355447E-08 2.0431365E-08 2.0247303E-08 1.2472369E-08 1.1825234E-08 1.5850562E-08 1.2612690E-08 1.4704115E-08 1.5457324E-08 2.1402139E-08 2.8297789E-08 1.6833607E-08 2.4038163E-08 3.1995512E-08	288.0608 292.8786 299.0874 289.9550 296.0003 298.1221 290.7689 294.2997 293.9600 289.1929 290.1686 289.2466 285.1346 285.7181 285.4466	0
1968 2.1177428E-08 2.4254609E-08 1.9369164E-08 2.2684240E-08 1.4480795E-08 1.1958313E-08 1.8149773E-08 1.4043468E-08 1.5277147E-08 1.6964798E-08 2.0533831E-08 2.8254957E-08 1.9687990E-08 2.7127758E-08 3.3329961E-08	288.1280 292.7878 298.9901 289.9169 295.8444 298.0455 290.4460 293.8978 293.6990 288.5319 289.4463 288.5462 284.3453 284.7500 284.4298	5.52645
1969 2.7625470E-08 3.1943429E-08 2.3812953E-08 2.9718413E-08 1.9096575E-08 1.5916974E-08 2.1976133E-08 1.6095814E-08 1.8551832E-08 1.5734617E-08 2.1421549E-08 2.7975013E-08 1.7747022E-08 2.4841258E-08 2.8798215E-08	287.6436 292.4103 299.2095 289.1781 295.2826 298.2080 289.6249 293.3217 293.4201 288.0317 288.9555 288.3598 284.0565 284.4877 284.4323	9.28968
1970 2.0622755E-08 2.2275996E-08 1.6179948E-08 2.1525034E-08 1.3774860E-08 1.1447163E-08 1.6323172E-08 1.0905370E-08 1.2667654E-08 1.5150937E-08 1.6450045E-08 2.0024720E-08 1.6229913E-08 2.0643757E-08 2.3863924E-08	288.3675 293.1525 299.0316 290.4786 296.3855 298.0815 291.4608 294.9680 294.4002 289.9133 290.9931 290.0075 285.7253 286.4309 286.1985	5.55935
1971 1.9804991E-08 2.1297735E-08 1.5864222E-08 1.9202496E-08 1.1505501E-08 1.1235838E-08 1.5905041E-08 1.1124158E-08 1.5310462E-08 1.4478736E-08 1.8220831E-08 2.1009765E-08 1.4982097E-08 2.2585011E-08 2.6505171E-08	287.9370 292.8010 299.0003 290.1709 296.1118 298.0624 291.0629 294.5706 294.0811 289.4842 290.5831 289.6307 285.5063 286.1465 285.9167	6290.52
1972 2.5857194E-08 3.2705824E-08 2.3015845E-08 2.7993586E-08 2.0311926E-08 1.5245798E-08 2.3405882E-08 1.8540351E-08 1.9749359E-08 2.2668761E-08 2.8560130E-08 3.3262914E-08 2.3804626E-08 3.0957175E-08 3.5747522E-08	287.8809 292.5651 298.9636 289.4987 295.4270 298.0289 289.9534 293.3499 293.4615 288.1169 288.8739 288.3719 283.9915 284.3608 284.2430	3.76774
1973 1.3438870E-08 1.6809281E-08 1.4575733E-08 1.6210063E-08 1.2278444E-08 1.0147760E-08 1.2834674E-08 9.6205728E-09 1.0819790E-08 1.4313036E-08 1.6650379E-08 2.1428415E-08 1.7586254E-08 2.2534614E-08 2.6195398E-08	288.5684 293.2720 299.1943 290.8012 296.5459 298.2047 291.6171 295.0041 294.5681 289.9215 290.9559 290.0038 285.7231 286.3347 285.9762	148.59
1974 1.8124833E-08 2.3495048E-08 1.8718692E-08 1.9140041E-08 1.4318955E-08 1.2343257E-08 1.5374930E-08 1.2930460E-08 1.5545966E-08 1.5040628E-08 2.0428592E-08 2.4863548E-08 1.9082574E-08 2.7730573E-08 3.0599892E-08	288.0982 292.8729 299.1336 290.0353 296.0324 298.1607 290.8062 294.3867 294.0489 289.1464 290.1293 289.2376 284.9326 285.4283 285.1700	0.610323
1975 1.7286993E-08 1.8026476E-08 1.6286602E-08 1.7223426E-08 1.0949870E-08 9.9385371E-09 1.2705851E-08 8.9002707E-09 1.0104137E-08 1.0878378E-08 1.3994448E-08 1.8064627E-08 1.4267912E-08 1.9198524E-08 2.1761920E-08	288.2569 292.9610 299.2246 290.0935 296.0891 298.2278 291.0168 294.3644 294.0534 289.5654 290.4240 289.4092 285.6495 286.0961 285.7731	1368.19
1976 2.3880084E-08 2.6687971E-08 2.0140559E-08 2.7142390E-08 2.0490701E-08 1.5984703E-08 1.9865089E-08 1.3436888E-08 1.6544158E-08 1.3250498E-08 1.6020769E-08 2.2100791E-08 1.3946335E-08 1.9731210E-08 2.5400434E-08	287.8654 292.6743 299.1055 289.5928 295.6149 298.1409 290.3945 293.9629 293.7303 288.9856 289.9021 288.9831 285.0705 285.5376 285.1504	1562.92
1977 2.0817003E-08 2.3705178E-08 1.8372734E-08 2.3849813E-08 1.5908705E-08 1.2302372E-08 1.6455884E-08 1.1177836E-08 1.4720159E-08 1.3139267E-08 1.4561448E-08 2.2122304E-08 1.3806187E-08 1.9680094E-08 2.4159364E-08	287.7629 292.7503 299.0905 289.7364 295.8539 298.1298 290.6994 294.2809 293.8746 289.2152 290.1642 289.2031 285.1125 285.6394 285.4123	64.0323
1978 2.1206388E-08 2.1073291E-08 1.6827764E-08 2.2458122E-08 1.2836827E-08 9.8741637E-09 1.5796187E-08 1.1247584E-08 1.2538605E-08 1.1144191E-08 1.6293928E-08 2.0374085E-08 1.7024677E-08 2.4742237E-08 2.7178302E-08	287.9715 293.0085 299.0826 290.0820 296.3072 298.1200 291.2308 294.9847 294.5229 289.9208 291.2323 290.2860 286.0628 286.8348 286.6595	1.09129
1979 2.3989408E-08 2.9363550E-08 2.1259440E-08 2.7990259E-08 1.7797186E-08 1.2829394E-08 2.3484859E-08 1.6532276E-08 1.6743240E-08 2.1737096E-08 2.6341690E-08 2.8993243E-08 2.6442635E-08 3.5187952E-08 3.6278784E-08	288.1223 292.7374 299.1009 289.7179 295.6695 298.1298 290.2204 293.8528 293.8708 288.5660 289.6583 289.1060 284.6131 285.2753 285.1703	37.2968
1980 2.3660421E-08 3.1530419E-08 2.1001584E-08 2.5365795E-08 2.0591076E-08 1.5267814E-08 1.8469741E-08 1.5422101E-08 1.9779103E-08 1.4531224E-08 1.9311907E-08 3.0998564E-08 1.7453246E-08 2.5181906E-08 3.2946758E-08	288.2166 292.8470 299.1280 290.1042 295.9467 298.1472 290.9703 294.4844 294.1913 289.5445 290.5544 289.6061 285.5535 286.1584 285.8676	0.80129
1981 1.9802217E-08 2.1293785E-08 1.4365254E-08 1.8578202E-08 1.3365637E-08 1.0173288E-08 1.6390654E-08 1.2524123E-08 1.5220868E-08 1.7342714E-08 2.0503158E-08 2.6224367E-08 1.8546084E-08 2.5413845E-08 2.9605244E-08	287.9502 292.6822 299.0205 289.9333 295.7346 298.0738 290.6474 294.0562 293.6614 288.9954 289.9438 289.0113 284.8342 285.4168 285.2921	1208.29
1982 3.4666478E-08 3.4596663E-08 2.1978728E-08 3.6888466E-08 2.5074710E-08 2.0835623E-08 2.7387880E-08 2.1001608E-08 2.4061407E-08 2.2543754E-08 2.6818450E-08 3.3983376E-08 2.6330770E-08 3.1213933E-08 3.3947330E-08	287.2791 292.0963 299.0319 288.6007 294.5166 298.0834 289.0608 292.6289 292.7747 287.6902 288.4724 287.8424 283.9966 284.4546 284.2591	4.6
1983 2.5673646E-08 2.7965122E-08 2.2855414E-08 2.7231822E-08 1.7695168E-08 1.3780076E-08 1.8249427E-08 1.4128206E-08 1.4410103E-08 1.6078049E-08 2.0233927E-08 2.3451500E-08 1.9603849E-08 2.4541984E-08 2.7490161E-08	287.6301 292.4131 299.4086 289.5792 295.4223 298.3619 290.4729 293.8196 293.3828 289.1097 289.8465 288.7579 285.2868 285.5861 285.0985	3.79097
1984 1.4633750E-08 1.4455350E-08 1.2581618E-08 1.7474006E-08 9.3444337E-09 8.2479934E-09 1.3565280E-08 8.6957375E-09 9.2233359E-09 1.4346432E-08 1.7419636E-08 1.8347112E-08 1.6478442E-08 2.3302634E-08 2.5390648E-08	288.6416 293.2343 299.0455 290.8982 296.6482 298.0984 291.8117 295.2612 294.7473 290.0796 291.1544 290.2745 286.0006 286.5883 286.3191	0
1985 1.9133525E-08 2.2410998E-08 1.4884876E-08 1.8756220E-08 1.3131528E-08 1.1436487E-08 1.4186775E-08 1.2981947E-08 1.4507285E-08 1.2891057E-08 1.9499033E-08 2.4710825E-08 1.5782851E-08 2.4594264E-08 3.0742498E-08	288.5475 293.2766 299.2032 290.5796 296.4713 298.2163 291.3721 294.8160 294.4375 289.6236 290.6370 289.8591 285.2264 285.6581 285.5131	712.981
1986 2.4077762E-08 2.9049767E-08 1.8693729E-08 2.5603889E-08 2.0670599E-08 1.3467437E-08 1.9415738E-08 1.5872399E-08 1.4540372E-08 1.7416456E-08 2.1152095E-08 2.4537423E-08 2.0471632E-08 2.5230605E-08 2.7645793E-08	287.7776 292.5609 299.2614 289.5219 295.4446 298.2477 290.2834 293.8322 293.8237 288.6109 289.7207 289.0277 284.4353 285.0169 284.9456	2.5929
1987 2.5941716E-08 2.9618406E-08 2.0899593E-08 2.5413375E-08 1.6256402E-08 1.1893311E-08 2.0822963E-08 1.5934512E-08 1.7568404E-08 1.9426993E-08 2.5852323E-08 3.2895176E-08 2.3439229E-08 2.9533803E-08 3.4797726E-08	287.5426 292.3474 299.4684 289.1856 295.1305 298.3947 289.6395 293.1571 293.0980 287.8804 288.7880 288.1326 284.0209 284.4284 284.2822	1046.74
1988 1.8219753E-08 1.9666441E-08 1.5147091E-08 1.7292288E-08 1.0687875E-08 9.9242348E-09 1.1784154E-08 7.4619422E-09 1.0840894E-08 9.3024655E-09 1.2209860E-08 1.6708828E-08 1.1079752E-08 1.7401510E-08 2.1375902E-08	287.8741 292.8714 299.1245 290.2761 296.3697 298.1521 291.5322 295.1550 294.5253 290.1600 291.3529 290.3641 286.0263 286.6606 286.4757	53.0903
1989 2.0359135E-08 1.9604677E-08 1.6215113E-08 1.7505263E-08 1.0923984E-08 9.8872386E-09 1.0812504E-08 7.4489055E-09 8.2621909E-09 9.0869916E-09 1.1180481E-08 1.3032441E-08 1.1220303E-08 1.5952095E-08 1.6669860E-08	288.2784 293.2552 299.1434 290.7641 296.6768 298.1663 292.0565 295.5957 294.9595 290.6991 291.8050 290.7398 286.4746 287.1406 286.9662	0
1990 2.9459168E-08 3.3229703E-08 2.2939279E-08 2.8267872E-08 2.0580210E-08 1.5978181E-08 1.9967038E-08 1.8987631E-08 2.1272571E-08 1.5856573E-08 2.2565411E-08 2.9372783E-08 1.5910800E-08 2.4841468E-08 3.1301589E-08	287.5546 292.3885 299.1944 289.1971 295.0895 298.1998 289.8939 293.2827 293.2803 288.3915 289.2057 288.4712 284.5894 285.1149 284.8887	1580.06
1991 2.4671211E-08 2.9244335E-08 2.2735255E-08 2.3774621E-08 1.9833490E-08 1.5746318E-08 1.6839950E-08 1.4814237E-08 1.8273106E-08 1.3577901E-08 2.0566167E-08 2.8852797E-08 1.8505233E-08 2.6097997E-08 3.1463781E-08	287.7606 292.6890 299.3777 289.5474 295.6004 298.3422 290.4118 293.9959 293.7375 288.9019 289.8983 288.9840 284.9262 285.5127 285.3053	0.754839
1992 2.9720534E-08 3.4265113E-08 2.2920146E-08 3.0805463E-08 2.2305899E-08 1.5378793E-08 2.0465468E-08 1.6720772E-08 1.6882041E-08 1.8279714E-08 2.3577392E-08 2.8798832E-08 2.0278724E-08 2.6598968E-08 3.2553739E-08	287.0951 291.7446 299.2306 288.2051 294.0363 298.2185 288.6928 292.1318 292.1521 287.4449 288.1131 287.2539 283.9604 284.1477 283.6472	271.71
1993 3.3697745E-08 3.6677502E-08 2.6042574E-08 3.1554556E-08 2.5751959E-08 1.9362410E-08 2.4908408E-08 2.2776609E-08 2.5858380E-08 1.8578818E-08 2.3592797E-08 3.3192265E-08 2.0005556E-08 2.7342105E-08 3.3916770E-08	286.9933 291.6200 299.1602 288.1596 293.8116 298.1754 288.4817 291.7037 291.9052 287.1586 287.7216 286.8357 283.5045 283.6895 283.2266	89.5319
1994 3.4668997E-08 3.6149569E-08 2.5711245E-08 2.8994425E-08 2.3228615E-08 1.7091210E-08 2.0619641E-08 1.6431425E-08 2.0235989E-08 1.5711658E-08 2.0899991E-08 3.0705717E-08 1.6794301E-08 2.3024418E-08 2.9613373E-08	286.8885 291.9082 299.1521 288.6492 294.6001 298.1844 289.3079 292.7974 292.8008 287.9714 288.7514 287.8297 284.2811 284.6844 284.2593	0.202581
1995 2.4664995E-08 2.6576879E-08 1.8154630E-08 2.3055346E-08 1.5813814E-08 1.1941331E-08 1.7841742E-08 1.1892896E-08 1.4295471E-08 1.6084369E-08 1.9007649E-08 2.3638195E-08 1.6471505E-08 2.4512762E-08 2.7923443E-08	288.6665 293.6136 299.4244 290.8127 296.7595 298.3715 291.6975 295.3843 295.0374 290.0467 291.3063 290.6559 285.8010 286.6275 286.7744	157.802
1996 2.0992067E-08 2.1279840E-08 1.7044453E-08 2.4191674E-08 1.5540637E-08 1.1657951E-08 1.6617243E-08 1.3320004E-08 1.4472921E-08 1.4150071E-08 2.0008377E-08 2.4025384E-08 1.7685871E-08 2.5581562E-08 2.9574489E-08	288.4586 293.3068 299.2337 290.2840 296.1725 298.2325 290.8956 294.3935 294.2188 289.2591 290.2035 289.4839 285.1786 285.6396 285.4608	22.8955
1997 3.6930558E-08 3.7451009E-08 2.7490326E-08 3.3346467E-08 2.6416473E-08 2.3192186E-08 2.4076966E-08 2.0712760E-08 2.7837000E-08 1.8707428E-08 2.2727088E-08 3.5870304E-08 2.3226107E-08 2.7836840E-08 3.3607812E-08	286.6982 291.7712 299.3351 288.2463 294.1685 298.2999 288.8909 292.2805 292.4091 287.5561 288.1618 287.3964 283.7112 283.9647 283.7625	1810.45
1998 1.3104692E-08 1.6407531E-08 1.4136206E-08 1.1925553E-08 7.4710895E-09 6.3996990E-09 8.7696774E-09 5.1852505E-09 5.1308922E-09 9.1130650E-09 9.2208507E-09 1.2133211E-08 9.5184927E-09 1.4757585E-08 1.9542060E-08	288.8741 293.5076 299.1725 291.2032 297.0154 298.1873 292.3232 295.7090 294.8215 290.8241 292.0193 290.9379 286.7658 287.3954 287.0472	0
1999 1.4039550E-08 1.4793463E-08 1.3285679E-08 1.3141293E-08 7.9397751E-09 7.5233180E-09 8.2550677E-09 6.4434862E-09 6.7476198E-09 6.6700512E-09 9.6479065E-09 1.2161523E-08 1.0361076E-08 1.4677714E-08 1.8376433E-08	288.6338 293.3251 299.2944 290.9824 296.7951 298.2839 292.0499 295.3469 294.5631 290.4502 291.4420 290.2917 286.1809 286.7138 286.3660	410.032
2000 2.1832507E-08 2.6201244E-08 1.7869963E-08 2.1942885E-08 1.6133860E-08 1.1687542E-08 1.5556006E-08 1.1178225E-08 1.3968912E-08 1.1310941E-08 1.5394956E-08 2.0584036E-08 1.1701286E-08 1.6892647E-08 2.2069646E-08	288.0693 292.8977 299.3479 290.2002 296.1454 298.3213 291.2607 294.7784 294.3766 289.7573 290.8367 290.0232 285.8081 286.4598 286.2738	0
2001 2.2144649E-08 2.7810810E-08 1.8727901E-08 2.2331649E-08 1.7326160E-08 1.4106965E-08 1.8701218E-08 1.3508230E-08 1.6425886E-08 1.7311741E-08 1.8965887E-08 2.3761324E-08 1.8188199E-08 2.5020391E-08 3.0034329E-08	288.8149 293.4931 299.5111 290.8296 296.8033 298.4413 291.7783 295.3745 294.9821 290.3051 291.4150 290.5499 286.1459 286.8717 286.6938	19.9539
2002 2.2143045E-08 2.1955694E-08 1.4158542E-08 2.2645375E-08 1.5985549E-08 1.0265533E-08 1.8765480E-08 1.4586274E-08 1.3268957E-08 1.5002374E-08 2.0681671E-08 2.6236338E-08 1.8486590E-08 2.8718992E-08 3.1257695E-08	288.3010 293.0475 299.2648 290.4423 296.3313 298.2512 291.5355 294.9236 294.4366 289.9678 291.0435 290.1718 285.9985 286.5280 286.4942	10363.2
2003 1.8245103E-08 1.8787480E-08 1.4820170E-08 1.9835024E-08 1.2020495E-08 9.3270236E-09 1.5230009E-08 1.0844770E-08 1.3913072E-08 1.1203842E-08 1.6933345E-08 2.2446965E-08 1.4104519E-08 2.2426802E-08 2.7582887E-08	288.4184 293.3036 299.3619 290.4142 296.3949 298.3222 291.2763 294.8309 294.3218 289.8849 290.9055 289.8878 285.7856 286.2169 285.8772	361.887
2004 2.2839370E-08 2.7694600E-08 2.0572342E-08 2.3300389E-08 1.5299012E-08 1.3116850E-08 1.8196706E-08 1.5684297E-08 1.6530155E-08 1.5403234E-08 2.5652877E-08 3.3125961E-08 1.7183494E-08 2.8712456E-08 3.6012040E-08	288.4730 293.2963 299.2212 290.2336 296.1494 298.2157 290.8287 294.1790 293.8471 289.2004 289.8515 288.9412 285.2476 285.4750 285.0760	1948.03
2005 2.1101080E-08 2.5567964E-08 1.9530550E-08 2.3297975E-08 1.7660708E-08 1.2773294E-08 1.9179488E-08 1.5326155E-08 1.8265883E-08 1.5179408E-08 1.9488555E-08 2.8137572E-08 1.4503476E-08 2.1188800E-08 2.8107788E-08	288.1083 292.7948 299.3757 290.0400 295.8589 298.3347 290.7161 294.1363 293.7301 288.9903 289.9637 289.1353 285.1145 285.5249 285.3138	117.823
2006 2.6875018E-08 2.9644472E-08 1.9735909E-08 2.6729399E-08 2.1181574E-08 1.4422318E-08 1.8701378E-08 1.5648324E-08 1.7992473E-08 1.6991107E-08 1.9560316E-08 2.3808402E-08 2.1317272E-08 2.7103896E-08 2.6060048E-08	289.1082 293.7857 299.5335 290.9773 296.6979 298.4659 291.6366 295.0514 294.7554 290.1227 291.0961 290.3621 286.0370 286.5851 286.5258	36.1713
2007 2.0094683E-08 2.2950680E-08 1.7127393E-08 2.1748900E-08 1.5850990E-08 1.1095235E-08 2.0087786E-08 1.6607430E-08 1.4749082E-08 1.6137497E-08 2.0305320E-08 2.5515455E-08 1.6442421E-08 2.5050918E-08 2.9985639E-08	288.4149 293.2091 299.6097 290.2205 296.1930 298.5176 290.8609 294.3659 294.0441 289.1410 290.2571 289.4835 285.2852 285.7714 285.6501	5037.23
2008 1.4065142E-08 1.5029471E-08 1.2743565E-08 1.2663331E-08 8.6388638E-09 8.8482741E-09 9.9008828E-09 7.1097572E-09 9.8234940E-09 8.3168130E-09 1.2735582E-08 1.6604778E-08 1.0674223E-08 1.7072965E-08 2.3597902E-08	289.4973 294.0313 299.1808 291.7872 297.3914 298.1965 292.7434 295.9844 295.0673 290.9456 291.9598 290.7358 286.6199 287.2534 286.8862	0.533548
2009 3.1522532E-08 3.4743763E-08 2.4146349E-08 2.8028321E-08 2.2838412E-08 1.7720771E-08 1.9474005E-08 1.7469093E-08 2.0097870E-08 1.3291095E-08 2.1572221E-08 3.0602340E-08 1.5976372E-08 2.4861293E-08 3.2006906E-08	0.0000000E+00 0.0000000E+00 0.0000000E+00 0.0000000E+00 0.0000000E+00 0.0000000E+00 0.0000000E+00 0.0000000E+00 0.0000000E+00 0.0000000E+00 0.0000000E+00 0.0000000E+00 0.0000000E+00 0.0000000E+00 0.0000000E+00  0
2010 1.4500043E-08 1.5464312E-08 1.3536698E-08 1.5155159E-08 7.6263822E-09 7.6840152E-09 1.0856557E-08 5.4067075E-09 7.9472864E-09 1.1144452E-08 1.2816129E-08 1.6421241E-08 1.4908661E-08 1.9017039E-08 2.2516708E-08	289.0874 293.8018 299.7002 291.4494 297.2037 298.5929 292.3076 295.5771 294.7912 290.3878 291.2936 290.1265 285.8608 286.2789 286.0298	445.294
2011 2.0007612E-08 2.2168154E-08 1.6185346E-08 1.8512923E-08 1.4837361E-08 1.1699949E-08 1.1821475E-08 1.0653860E-08 1.3767240E-08 8.4630090E-09 1.4263107E-08 2.1431486E-08 1.3157758E-08 2.1417769E-08 2.7068189E-08	289.1664 293.9527 299.0923 291.3612 297.2401 298.1346 292.3345 295.8448 295.3313 290.6519 291.8214 290.9779 286.2383 287.0116 286.9961	8.63258
2012 2.1966896E-08 2.3349562E-08 1.6872310E-08 2.3414277E-08 1.7506411E-08 1.3193201E-08 1.6562849E-08 1.4783421E-08 1.5198138E-08 1.2883295E-08 1.8851459E-08 2.4641533E-08 1.3571497E-08 2.0957291E-08 2.5857700E-08	287.6469 292.5401 299.1515 289.5919 295.5462 298.1739 290.5809 293.9901 293.4552 289.2869 290.0237 288.8333 285.5198 285.7563 285.2497	0
2013 2.1607486E-08 2.6013343E-08 1.9041087E-08 2.0110020E-08 1.3924768E-08 1.0266964E-08 1.5392205E-08 1.2664406E-08 1.3914141E-08 1.4763722E-08 2.0762140E-08 2.4576686E-08 1.4188090E-08 2.4690356E-08 2.9455558E-08	288.3944 293.1880 299.5372 290.4618 296.4747 298.4720 291.2687 294.7021 294.1675 289.6111 290.4081 289.4421 285.5756 285.9070 285.5565	382.026
2014 2.9217489E-08 2.7417476E-08 1.8078580E-08 2.9480068E-08 1.9952489E-08 1.4189984E-08 2.1541545E-08 1.5109338E-08 1.7076575E-08 1.7027828E-08 1.8990969E-08 2.4101237E-08 2.1189381E-08 2.5868840E-08 2.7994778E-08	288.2261 293.1775 299.4061 290.1367 296.0977 298.3637 290.8077 294.2942 294.0856 289.2908 290.0868 289.2378 285.3615 285.7915 285.5056	79.5197
2015 4.0769127E-08 4.1332708E-08 2.8719514E-08 3.8309498E-08 2.4894605E-08 1.8135413E-08 2.5229903E-08 1.7671198E-08 1.9750420E-08 1.8882529E-08 2.1904967E-08 2.6227658E-08 1.9366803E-08 2.5500237E-08 2.8981303E-08  286.9511 291.7947 299.3741 288.3405 294.4529 298.3289 289.1772 292.6791 292.9068 287.9836 288.5897 287.9026 284.2945 284.4911 284.1382  77.2565
