STN,prec_1,prec_2,prec_3,prec_4,prec_5,prec_6,prec_7,prec_8,prec_9,prec_10,prec_11,prec_12,prec_13,prec_14,prec_15,st_1,st_2,st_3,st_4,st_5,st_6,st_7,st_8,st_9,st_10,st_11,st_12,st_13,st_14,st_15,03.0
LAT,23.72017,23.72017,23.72017,26.51077,26.51077,26.51077,29.30136,29.30136,29.30136,32.09194,32.09194,32.09194,34.88252,34.88252,34.88252,23.72017,23.72017,23.72017,26.51077,26.51077,26.51077,29.30136,29.30136,29.30136,32.09194,32.09194,32.09194,34.88252,34.88252,34.88252,28.30888906
LON,-101.2500,-98.43750,-95.62500,-101.2500,-98.43750,-95.62500,-101.2500,-98.43750,-95.62500,-101.2500,-98.43750,-95.62500,-101.2500,-98.43750,-95.62500,-101.2500,-98.43750,-95.62500,-101.2500,-98.43750,-95.62500,-101.2500,-98.43750,-95.62500,-101.2500,-98.43750,-95.62500,-101.2500,-98.43750,-95.62500,-98.5572384
1958 2.0506233E-08 4.3263064E-08 1.8203872E-08 2.5771200E-08 2.7523445E-08 1.9885954E-08 2.5079911E-08 3.0476698E-08 3.8654765E-08 2.8437569E-08 3.9561204E-08 5.2814421E-08 3.2807684E-08 3.9799289E-08 4.5367226E-08	287.9483 291.8989 295.8362 288.8009 294.0685 293.9989 289.2269 291.4885 290.9347 287.4148 287.0414 285.6367 283.1800 282.9775 282.6837	423.639
1959 2.6886761E-08 5.0760161E-08 2.4956668E-08 2.7061182E-08 2.8166893E-08 2.0821455E-08 2.0506874E-08 2.1983187E-08 3.0752386E-08 2.0240760E-08 3.0637704E-08 4.3103750E-08 2.6856760E-08 3.3838379E-08 4.0635697E-08	287.7489 291.7674 297.1987 288.4625 294.1172 295.0983 288.9813 291.9108 291.7938 287.5738 287.4341 286.3140 283.3922 283.4677 283.1623	32.829
1960 1.8633859E-08 4.1994959E-08 1.6540438E-08 2.0326414E-08 2.1037655E-08 1.3837473E-08 1.4167796E-08 1.6092025E-08 1.7571832E-08 1.2734841E-08 2.2818288E-08 3.4352727E-08 1.8344995E-08 2.8674489E-08 3.8415052E-08	289.9449 292.9133 295.8039 290.3489 295.3403 294.1151 290.5434 293.3546 292.8419 288.6764 288.6741 287.4384 284.0745 284.2009 283.8292	42.9677
1961 1.2747166E-08 3.3124721E-08 1.0157637E-08 1.4710885E-08 1.5858028E-08 9.9366275E-09 1.2433452E-08 1.4885204E-08 1.9336257E-08 1.1761096E-08 2.1180815E-08 3.1718034E-08 1.6943348E-08 2.6263811E-08 3.4626542E-08	290.6566 294.0243 296.5010 291.2619 296.2978 294.6577 291.3607 293.9331 293.3129 289.1904 288.7403 287.5399 284.1532 283.8818 283.5067	88.6774
1962 1.7608182E-08 4.6033495E-08 1.4033373E-08 1.8372361E-08 2.2223645E-08 1.3011531E-08 1.4109224E-08 1.4477989E-08 1.8202899E-08 1.2278731E-08 2.1293978E-08 2.8733400E-08 1.7877285E-08 2.8430657E-08 3.4886135E-08	290.9023 294.0393 297.3313 291.8140 296.8435 295.3349 292.2891 295.2392 294.5740 290.3785 290.4737 289.1699 285.7669 285.7524 285.3088	0.00322581
1963 2.0565977E-08 4.5630209E-08 1.7271317E-08 2.4973204E-08 2.6465768E-08 1.6137701E-08 1.9750717E-08 1.9690349E-08 2.1095619E-08 1.8704398E-08 2.4569308E-08 3.3277455E-08 2.0650994E-08 2.7032959E-08 3.4488206E-08	289.8434 292.9007 295.8910 290.1565 295.2161 294.0431 290.5062 293.2883 292.8076 288.9794 288.9777 287.5475 284.7360 284.5295 283.7163	0.016129
1964 1.7316902E-08 3.9131589E-08 1.7735095E-08 1.9494603E-08 2.1024913E-08 1.5109345E-08 1.6326513E-08 1.7711759E-08 2.2565196E-08 1.6764311E-08 2.7113400E-08 3.5888533E-08 2.3715723E-08 3.2710560E-08 3.8392088E-08	289.2176 292.5119 295.5920 289.7756 294.9554 293.7696 290.2705 292.9202 292.3217 288.7159 288.4124 287.0432 284.3499 284.2119 283.6942	12.3258
1965 2.1946123E-08 4.8895636E-08 1.6433640E-08 2.6079849E-08 2.8736059E-08 1.4750719E-08 2.4459014E-08 2.3948781E-08 2.7977329E-08 2.1727805E-08 3.2459351E-08 4.2674628E-08 2.5944445E-08 3.5771112E-08 4.4416776E-08	289.3042 292.9602 296.0973 290.3321 295.8079 294.3592 290.9521 293.9550 293.5525 289.2975 289.3190 288.2065 284.9221 284.8090 284.4406	0.432258
1966 2.0229555E-08 4.0677932E-08 1.7961771E-08 2.2919773E-08 2.5189319E-08 1.6385711E-08 2.2650417E-08 2.5932183E-08 2.8377272E-08 2.4317004E-08 3.8276163E-08 4.5030159E-08 3.0880443E-08 4.2384418E-08 4.7464333E-08	288.0495 291.8910 295.4619 288.9118 294.2905 293.6286 289.5088 292.0714 291.5692 288.0065 287.6271 286.2589 283.7753 283.4699 283.0319	1.02581
1967 1.7255877E-08 4.2532037E-08 1.3949719E-08 2.0026931E-08 2.2466333E-08 1.3363617E-08 1.5789142E-08 1.6686664E-08 1.9226741E-08 1.2549204E-08 2.0361789E-08 2.9969016E-08 1.8199231E-08 2.6303500E-08 3.3354276E-08	290.0275 292.9103 295.8818 290.4352 295.3806 294.1380 290.6992 293.3370 292.8166 288.9539 288.6526 287.2376 284.2618 283.9380 283.4554	0.0648387
1968 2.7312744E-08 5.1910401E-08 1.9464508E-08 2.7880080E-08 3.1357615E-08 1.6460229E-08 2.5264663E-08 2.5588676E-08 2.5831650E-08 2.3803413E-08 3.1698622E-08 3.4503135E-08 2.7877968E-08 3.3884319E-08 3.7292377E-08	288.0762 292.1708 296.0197 289.4162 294.8965 294.3552 290.1432 292.9816 292.6880 288.5114 288.3902 287.2876 284.1538 284.0871 283.6794	92.0645
1969 2.5252612E-08 4.2693248E-08 1.9566038E-08 2.8178468E-08 2.8346715E-08 1.7885410E-08 2.2941514E-08 2.4865775E-08 2.7603519E-08 2.2657852E-08 3.4446938E-08 4.0604821E-08 2.7427737E-08 3.6188627E-08 3.8103689E-08	287.4260 291.7782 296.1552 288.7087 294.3399 294.3279 289.5131 292.2234 291.8526 288.2779 288.1224 286.8832 284.5542 284.4720 284.0655	0.0254839
1970 2.4704926E-08 4.5771991E-08 2.1438600E-08 2.6724255E-08 2.9157594E-08 1.9390598E-08 2.2079101E-08 2.4029220E-08 2.6983509E-08 1.8414509E-08 2.9180573E-08 3.6840081E-08 2.5154621E-08 3.2116990E-08 3.9406256E-08	287.9604 291.5035 295.5192 288.6730 293.8825 293.7576 289.2738 291.8312 291.5435 288.0800 287.5774 286.3904 283.9818 283.6992 283.1389	81.8065
1971 2.1046715E-08 4.6585313E-08 1.3589823E-08 1.8651757E-08 2.4182480E-08 1.3862329E-08 1.4316081E-08 1.5305110E-08 2.1229653E-08 1.1525898E-08 2.0000043E-08 3.0614252E-08 1.4061850E-08 2.1730056E-08 3.2221934E-08	290.2920 293.6180 296.4296 291.6953 296.6505 294.7299 292.1494 295.1547 294.5616 290.2132 290.4279 289.2480 285.4030 285.4138 284.9718	0.0493548
1972 1.7131333E-08 4.1503604E-08 1.4832078E-08 2.0380769E-08 2.3361709E-08 1.5835703E-08 1.7530878E-08 1.8532216E-08 2.3581503E-08 1.4923913E-08 2.2875172E-08 3.2056757E-08 1.8681146E-08 2.6479873E-08 3.2155114E-08	290.1631 293.5522 296.3257 290.8522 296.1562 294.5815 291.2741 294.2824 293.8507 289.6355 289.7508 288.4155 285.3038 285.1758 284.4685	89.9677
1973 2.1030699E-08 4.1237698E-08 2.0939357E-08 2.4186042E-08 2.6306974E-08 2.0057561E-08 2.2414669E-08 2.8676363E-08 3.4145604E-08 2.2944235E-08 3.8360579E-08 4.9670167E-08 2.7778560E-08 4.0307512E-08 4.7724942E-08	287.7533 291.6300 295.7903 288.4986 293.9012 293.9341 289.1279 291.5105 290.9185 287.6232 287.0089 285.6693 283.2675 282.8786 282.3700	41.8129
1974 1.5456846E-08 4.1906883E-08 1.1860694E-08 1.5677685E-08 1.9376966E-08 1.2200688E-08 1.2730850E-08 1.5305760E-08 1.8489050E-08 1.1626510E-08 2.2869472E-08 3.0960891E-08 1.5689752E-08 2.7171447E-08 3.5066122E-08	290.9037 294.1143 296.8856 291.8719 296.9878 295.3452 292.1989 295.1611 294.6371 289.9404 290.0678 288.9712 284.9313 284.9015 284.4768	453.323
1975 1.7126975E-08 4.3358444E-08 1.5253967E-08 2.1379149E-08 2.4169081E-08 1.4801404E-08 2.0590011E-08 2.0316019E-08 2.2436293E-08 1.6092624E-08 2.4029132E-08 3.1651020E-08 1.9058207E-08 2.7272728E-08 3.2952897E-08	289.4738 293.0452 296.8052 290.1851 295.6426 294.9871 290.7470 293.8769 293.5786 289.3096 289.6595 288.4291 284.8519 285.1670 284.6014	36.7097
1976 1.8698902E-08 4.0777110E-08 1.4533509E-08 1.7785634E-08 2.2502510E-08 1.3741666E-08 1.7133178E-08 1.6843060E-08 2.1856287E-08 1.4663615E-08 2.1972765E-08 3.3934050E-08 1.6090963E-08 2.3626409E-08 3.1559793E-08	290.1351 293.4696 295.7608 291.0220 296.3046 294.0215 291.5287 294.4625 293.7594 289.7748 289.8322 288.3163 285.1857 285.1666 284.3702	0.555806
1977 1.9507024E-08 3.7762220E-08 1.4822056E-08 2.3084969E-08 2.5178135E-08 1.6184464E-08 2.3623929E-08 2.8148799E-08 3.5431860E-08 2.9007554E-08 4.2832848E-08 5.2034274E-08 3.5803946E-08 4.4715012E-08 5.0247071E-08	287.5533 291.9711 295.7737 288.2130 294.1044 294.0032 288.5698 291.5672 291.3367 286.8808 286.7760 285.7959 282.3473 282.3710 282.2609	210.129
1978 2.1308910E-08 4.2262762E-08 1.6097548E-08 2.5196256E-08 2.4711969E-08 1.4996031E-08 2.2001084E-08 2.1409370E-08 2.3673040E-08 1.9522462E-08 2.8489033E-08 3.5609517E-08 2.4869308E-08 3.1507774E-08 3.6214043E-08	288.4396 292.0724 295.4792 289.1195 294.4955 293.7209 289.7122 292.3697 291.8282 288.4032 287.8855 286.4781 284.1226 283.7317 283.0306	0.522258
1979 1.9581110E-08 4.0952219E-08 1.6171015E-08 2.1835930E-08 2.0713127E-08 1.2632711E-08 1.4698634E-08 1.4676939E-08 1.6973543E-08 1.3511980E-08 2.2387102E-08 3.1795238E-08 1.8577666E-08 2.6867358E-08 3.3166206E-08	289.1457 292.7534 295.9182 289.7157 295.3156 294.0294 290.4469 293.4342 292.8873 289.0972 288.8829 287.4276 284.6045 284.4425 283.8019	0.0558065
1980 2.8524536E-08 4.8406257E-08 2.2028226E-08 3.1396670E-08 2.9502758E-08 1.6579325E-08 2.6518475E-08 2.5167740E-08 2.6414309E-08 2.7462390E-08 3.5243854E-08 4.0313637E-08 2.8700983E-08 3.2233935E-08 3.5925865E-08	286.9330 291.2979 296.1555 288.1474 293.8851 294.4063 289.1756 292.0273 291.8257 287.8951 287.8180 286.7075 284.0260 283.9739 283.4444	0.033871
1981 1.8975804E-08 4.0640270E-08 1.4578142E-08 2.1179240E-08 2.2153712E-08 1.3843249E-08 1.6465828E-08 1.7909127E-08 2.1919362E-08 1.4237391E-08 2.4471266E-08 3.5748744E-08 2.0924647E-08 3.0072236E-08 3.8237651E-08	289.3949 292.4721 295.7881 289.7370 294.6488 293.9835 289.8294 292.5226 292.1859 288.0006 287.8478 286.6717 283.2216 283.1905 282.8289	37.0745
1982 1.7580890E-08 4.1024897E-08 1.8509143E-08 2.3883921E-08 2.4190751E-08 1.6261877E-08 2.1035866E-08 2.0558463E-08 2.3088647E-08 1.7742501E-08 2.5682505E-08 3.0517164E-08 2.1071285E-08 2.7986385E-08 3.1594190E-08	289.3275 292.6293 296.6898 289.6753 294.8416 294.7366 289.9285 292.5706 292.4808 288.3911 288.1197 287.1108 284.2776 284.1242 283.6771	92.129
1983 1.0007862E-08 2.9426856E-08 1.7420801E-08 1.7314195E-08 1.9191651E-08 1.8748796E-08 1.5832290E-08 2.2569036E-08 3.4838422E-08 1.8615149E-08 3.3393547E-08 5.1094229E-08 2.7716808E-08 4.0193225E-08 5.2198075E-08	288.9218 292.3213 296.7469 288.7453 293.8877 294.9681 288.5862 290.5418 289.9846 286.4712 285.6270 284.1151 281.7827 281.2129 280.5359	0.415806
1984 2.1099535E-08 3.8591971E-08 1.5488411E-08 2.3119391E-08 2.2465713E-08 1.3702961E-08 1.9075767E-08 2.0083514E-08 2.1980904E-08 1.8060939E-08 2.8715402E-08 3.5752375E-08 2.3282389E-08 3.3902214E-08 3.9202504E-08	289.1846 292.7434 295.6950 290.3067 295.6771 294.2538 290.9536 293.8427 293.4670 289.4171 289.3574 288.1919 284.9551 284.8456 284.4034	0.613871
1985 2.2659759E-08 4.5935156E-08 1.4880007E-08 2.2314609E-08 2.6731227E-08 1.4589715E-08 1.9209299E-08 2.1185832E-08 2.1514586E-08 1.5252498E-08 2.5585686E-08 3.4210238E-08 1.6895152E-08 2.5831621E-08 3.4224616E-08	289.5131 292.9368 295.4942 290.8778 295.8042 292.8445 291.6425 294.4050 293.7090 290.0607 289.9654 288.6321 285.5572 285.5140 284.9595	316.065
1986 2.1578186E-08 4.3763116E-08 1.7389292E-08 2.3298956E-08 2.5503967E-08 1.5631048E-08 2.1186954E-08 2.2223675E-08 2.7591202E-08 1.9782931E-08 2.8929760E-08 3.9243478E-08 2.5457769E-08 3.2568320E-08 3.9710862E-08	287.9445 291.7381 296.6082 288.7889 294.1627 295.3319 289.2899 291.9944 291.7866 287.9090 287.4958 286.2412 283.3797 282.9775 282.4260	1.98548
1987 1.5072061E-08 3.5780968E-08 1.5946107E-08 2.0324961E-08 2.5099757E-08 1.7492571E-08 2.0556755E-08 2.8394130E-08 3.7846963E-08 2.7231119E-08 4.2646921E-08 5.2286470E-08 3.6956251E-08 4.6352852E-08 4.8336723E-08	287.9398 291.8946 295.8563 288.6644 294.1319 294.1243 289.0770 291.4652 291.0489 287.2440 287.0242 285.9263 283.1422 283.1443 282.9334	139.581
1988 2.4127214E-08 4.0742844E-08 1.8833930E-08 2.4604624E-08 2.2387262E-08 1.5644902E-08 1.8780581E-08 1.8774626E-08 2.2942777E-08 1.8053644E-08 2.6593458E-08 3.5676212E-08 2.3467882E-08 3.1856271E-08 3.6906549E-08	288.4736 291.8271 295.3387 289.2896 294.3694 293.4273 290.0503 292.6952 292.1631 288.7541 288.5986 287.2869 284.5262 284.6396 284.1758	35.5806
1989 1.6951955E-08 3.4687741E-08 1.0498080E-08 1.6394253E-08 1.5899671E-08 1.0540198E-08 1.3470352E-08 1.1369209E-08 1.4329701E-08 9.3659231E-09 1.8658218E-08 2.5311090E-08 1.0634151E-08 2.0028095E-08 2.9997338E-08	291.7036 294.7311 296.7518 293.3546 298.3461 295.1202 294.2021 297.1734 296.2807 292.4214 292.5504 291.1842 287.7604 287.7278 287.0021	2.7129
1990 2.0843389E-08 4.5939380E-08 2.0166580E-08 2.5132948E-08 2.5190404E-08 1.6398563E-08 2.1244210E-08 1.8801479E-08 2.3668481E-08 2.0489304E-08 2.7719652E-08 3.3092043E-08 2.4010795E-08 3.2202415E-08 3.6445030E-08	288.3839 291.8390 296.7083 288.8778 294.2096 294.1001 289.4613 292.2494 292.0048 288.3577 288.1885 286.9006 284.3333 284.2325 283.6989	221.613
1991 2.7234435E-08 4.6993378E-08 2.1171637E-08 2.8350270E-08 2.5857126E-08 1.6005105E-08 2.2090768E-08 1.8423805E-08 2.4333859E-08 1.8592823E-08 2.4029546E-08 3.3752713E-08 2.4980013E-08 3.0394173E-08 3.6301646E-08	287.4960 291.4853 296.7064 288.3119 293.8647 294.3651 289.1879 292.1062 291.8803 288.3805 288.1528 286.7951 284.4614 284.1961 283.5669	3.53903
1992 2.0042252E-08 3.9665952E-08 2.1426647E-08 2.3796112E-08 2.5662263E-08 2.0896300E-08 2.4920615E-08 3.0605662E-08 3.6993999E-08 2.8270570E-08 4.2117630E-08 5.2519329E-08 3.4465636E-08 4.2517907E-08 4.7673709E-08	287.2357 291.1371 295.6272 287.7842 293.1271 293.7930 288.3175 290.7679 290.4908 286.6570 286.3694 285.3241 282.6418 282.7128 282.5638	912.581
1993 2.7373487E-08 4.3512316E-08 2.0373736E-08 2.8210561E-08 2.3559142E-08 1.6609469E-08 2.0460098E-08 2.0153946E-08 2.5545376E-08 2.1010331E-08 2.8510643E-08 3.7576683E-08 2.2775554E-08 2.8230591E-08 3.5312372E-08	287.1497 291.1208 296.2357 288.0395 293.5784 294.5891 288.9124 291.8588 291.4547 287.7797 287.8250 286.4590 283.8839 284.0302 283.4417	111.581
1994 2.2794174E-08 4.0729098E-08 1.8477987E-08 2.5143677E-08 2.3739576E-08 1.4731753E-08 1.9345158E-08 1.7936934E-08 2.2765455E-08 1.7398142E-08 2.4744581E-08 3.3015095E-08 1.9883661E-08 2.6685944E-08 3.0814260E-08	288.2853 291.8867 296.2623 288.9570 294.3482 294.4773 289.6933 292.5918 292.1427 288.6216 288.4113 287.0496 284.5107 284.4035 283.8146	19.4184
1995 2.8828667E-08 4.2969180E-08 2.0080027E-08 3.0761818E-08 2.6367994E-08 1.6385030E-08 2.3154559E-08 2.3672936E-08 2.5417922E-08 2.2587056E-08 3.0435892E-08 3.6358390E-08 2.8121761E-08 3.3498441E-08 3.7170771E-08	286.9466 290.9784 296.4251 287.7777 293.3456 294.5770 288.8531 291.5176 291.2691 287.9758 287.7682 286.5135 284.1986 284.1386 283.6924	10.0787
1996 1.8530573E-08 3.6899809E-08 1.0890656E-08 2.3609596E-08 2.2582727E-08 1.2496409E-08 1.9841863E-08 1.8498220E-08 1.8099477E-08 1.5109975E-08 2.2368681E-08 2.9922468E-08 1.6551807E-08 2.4689372E-08 3.1944918E-08	290.3070 293.3444 295.7014 290.8297 295.8001 293.8624 291.3755 294.2281 293.5016 289.9975 289.9162 288.4175 285.5384 285.3008 284.6563	0
1997 1.8617808E-08 3.5460005E-08 1.2086987E-08 2.1993225E-08 2.0132727E-08 1.0715792E-08 1.7419731E-08 1.4110093E-08 1.8180929E-08 1.3506201E-08 1.9911292E-08 2.9794716E-08 1.7115712E-08 2.4611886E-08 3.2694032E-08	289.6655 292.7652 295.7569 290.3542 295.2359 293.7122 290.7581 293.3976 292.9734 289.2973 288.8583 287.5309 284.8605 284.5191 283.7291	80.9484
1998 1.0635477E-08 2.5370273E-08 1.2851668E-08 1.7301662E-08 1.8388706E-08 1.6403341E-08 1.4731319E-08 1.9704208E-08 2.7557100E-08 1.5254001E-08 2.8584280E-08 4.3288953E-08 2.4461144E-08 3.8855752E-08 4.8863107E-08	289.7373 292.8068 296.1974 289.3195 294.2948 294.6315 289.1153 291.0977 290.1613 287.0254 285.9750 284.3476 282.2180 281.3446 280.7620	26.0826
1999 1.8839835E-08 4.3618680E-08 1.0118374E-08 2.1472468E-08 2.3090447E-08 1.0920543E-08 1.7894779E-08 1.6302419E-08 1.8488979E-08 1.3564356E-08 2.2661299E-08 2.5095829E-08 1.6955742E-08 2.6562715E-08 3.0630652E-08	291.5594 294.6309 296.7077 293.2324 298.3327 295.0478 294.2027 297.2521 296.3367 292.4897 292.8440 291.5757 287.9399 287.9827 287.5145	263.613
2000 1.7893477E-08 3.4095191E-08 1.1819743E-08 1.9332054E-08 1.9245556E-08 1.1710856E-08 1.6228723E-08 1.5126432E-08 1.7347325E-08 1.2733374E-08 2.2003759E-08 2.9200093E-08 1.4960248E-08 2.3050584E-08 3.1337041E-08	290.9272 294.0087 296.5813 292.4446 297.3625 295.3029 293.3284 296.0508 295.1462 291.5233 291.6335 290.2103 286.8653 286.7159 286.0159	35.8581
2001 2.3741833E-08 4.5342368E-08 1.6549592E-08 2.6069948E-08 2.6188031E-08 1.4938951E-08 2.3164977E-08 2.1849175E-08 2.2641078E-08 2.0220464E-08 2.7923550E-08 3.3075334E-08 2.2540673E-08 3.2254217E-08 3.5833821E-08	289.3047 292.9604 296.0218 290.5199 295.8989 294.6649 291.3671 294.3748 294.0594 289.9591 290.1040 288.9888 285.6321 285.7200 285.4412	93.2903
2002 2.4869435E-08 4.0070528E-08 1.6833443E-08 2.6818674E-08 2.3437435E-08 1.3912954E-08 1.9263515E-08 1.5835431E-08 2.0461831E-08 1.5082195E-08 2.0099867E-08 2.7015345E-08 1.9599268E-08 2.3854625E-08 2.8704040E-08	288.0017 291.7797 296.1271 288.9370 294.6017 294.5547 289.9544 292.9806 292.5487 289.0000 288.7858 287.3558 284.7874 284.6385 283.8558	9.5329
2003 2.4705741E-08 4.5178314E-08 1.9410161E-08 2.9673259E-08 2.7979558E-08 1.6283273E-08 2.4768902E-08 2.3122880E-08 2.5367379E-08 2.2523398E-08 3.0708673E-08 3.9103057E-08 2.5345443E-08 2.9246138E-08 3.5212096E-08	287.8951 291.4540 295.6429 288.5587 293.7286 293.4255 289.1626 291.7758 291.3205 288.0670 287.8761 286.6674 284.5851 284.4825 283.9515	63.4839
2004 1.6637747E-08 3.5498694E-08 1.1620263E-08 2.0798376E-08 2.0017685E-08 1.2184880E-08 1.7658611E-08 1.4741057E-08 1.7019289E-08 1.4164566E-08 1.9553072E-08 2.8155982E-08 1.9795925E-08 2.5246154E-08 3.0817883E-08	289.7607 293.0349 295.7184 290.2235 295.4534 293.6912 290.7704 293.6273 293.0280 289.4906 289.3804 287.9268 285.2058 285.1747 284.5132	299.065
2005 2.7033185E-08 4.9033275E-08 1.9413466E-08 3.1136608E-08 2.9205395E-08 1.7923247E-08 2.4402961E-08 2.4765420E-08 2.9820669E-08 2.2928868E-08 3.1515000E-08 3.8726135E-08 2.7029206E-08 3.2430673E-08 3.6368458E-08	288.1364 291.7585 296.3887 288.8401 294.1813 294.7485 289.5441 292.2845 292.1033 288.2408 288.2118 287.1858 284.5065 284.6224 284.2669	469.129
2006 1.5229714E-08 3.4167119E-08 1.1037692E-08 1.6563877E-08 1.7851342E-08 9.9355271E-09 1.2840338E-08 1.3938450E-08 1.7623773E-08 1.0413321E-08 1.8783055E-08 3.1574636E-08 1.4193891E-08 2.4753927E-08 3.7037111E-08	290.4021 293.8590 296.2333 291.2368 296.5669 295.2097 291.5031 294.5579 294.0326 289.5109 289.3947 288.2335 284.6070 284.2570 283.9055	0.131613
2007 2.3037559E-08 4.0764736E-08 1.6515465E-08 2.5191735E-08 1.9864110E-08 1.1594142E-08 2.1242094E-08 1.8663794E-08 1.9559884E-08 2.0492756E-08 2.8160102E-08 3.3299770E-08 2.5239869E-08 3.1887257E-08 3.5460587E-08	287.9978 291.7094 295.9019 289.0151 294.4309 293.8120 290.0609 292.7593 292.2203 288.9482 288.6451 287.2824 284.7376 284.5436 284.2130	5.33548
2008 1.5777918E-08 3.3586996E-08 1.1016741E-08 1.6034701E-08 1.4275908E-08 9.7262554E-09 9.7489634E-09 9.1721226E-09 1.3102939E-08 7.7157827E-09 1.3982236E-08 2.3268305E-08 1.0531005E-08 1.8421796E-08 2.8741180E-08	291.8851 294.5557 296.7307 292.9037 297.6979 294.5230 293.3037 295.9975 295.0799 291.2905 291.0768 289.5522 286.2971 286.0239 285.2567	17.5839
2009 1.8754413E-08 4.0421419E-08 1.3383038E-08 2.0305084E-08 1.9122503E-08 1.0432679E-08 1.4424604E-08 1.4053787E-08 1.5195424E-08 1.2405910E-08 2.0126567E-08 2.8067621E-08 1.5231867E-08 2.3033168E-08 3.1676073E-08	290.5717 293.4694 296.8220 291.4804 296.4899 294.8619 292.1151 294.8855 294.2113 290.5383 290.1809 288.7378 286.0988 285.6615 284.9185	0.000322581
2010 1.9884794E-08 3.6032088E-08 1.5868984E-08 2.0605956E-08 2.0271100E-08 1.4832574E-08 1.8693610E-08 2.0848399E-08 2.4909809E-08 2.1359137E-08 3.2251855E-08 3.9247396E-08 2.8895398E-08 3.8043961E-08 4.0211138E-08	0.0000000E+00 0.0000000E+00 0.0000000E+00 0.0000000E+00 0.0000000E+00 0.0000000E+00 0.0000000E+00 0.0000000E+00 0.0000000E+00 0.0000000E+00 0.0000000E+00 0.0000000E+00 0.0000000E+00 0.0000000E+00 0.0000000E+00  10.2723
2011 1.0251816E-08 2.7947390E-08 7.5979729E-09 1.0725781E-08 1.1502054E-08 7.9599296E-09 8.5480520E-09 8.4853777E-09 8.6019005E-09 9.4937267E-09 1.4918504E-08 2.1291457E-08 1.3866677E-08 2.3737787E-08 3.0382346E-08	293.1942 295.4447 294.9603 294.0597 298.4196 293.4878 294.1712 296.6652 295.2176 291.7435 291.6656 290.0729 286.4122 286.2955 285.7560	0.163226
2012 2.1029884E-08 4.4445002E-08 1.3672071E-08 2.3948719E-08 2.5395689E-08 1.4029692E-08 1.9426093E-08 1.7893164E-08 1.9821648E-08 1.3886315E-08 2.1822824E-08 2.8603431E-08 1.6247135E-08 2.5441137E-08 3.1130636E-08	291.0618 294.1801 296.2589 292.2086 297.0852 293.9652 292.7926 295.5403 294.9067 291.2377 291.1167 289.8656 286.7515 286.6614 286.1084	49.2581
2013 2.2493264E-08 3.9656712E-08 1.5276367E-08 2.3041069E-08 2.1501844E-08 1.1883830E-08 1.9216058E-08 1.5846370E-08 1.6651233E-08 1.7046261E-08 2.4474643E-08 3.0943678E-08 1.8456330E-08 2.7660759E-08 3.6120550E-08	289.5041 293.0032 296.7244 290.7102 295.8644 294.6761 291.3572 294.2307 293.7239 289.8054 289.4820 288.2657 285.4852 285.0892 284.5628	0
2014 2.5547184E-08 4.1578414E-08 1.7417351E-08 2.8009799E-08 2.4365869E-08 1.5611183E-08 2.0473291E-08 1.7882396E-08 1.9953919E-08 1.5125524E-08 1.9651962E-08 2.7519285E-08 1.8539970E-08 2.4634694E-08 3.0796713E-08	288.4576 291.8031 296.0338 289.0373 294.1500 294.1328 289.7493 292.6005 292.2986 288.7922 288.4340 287.1202 284.5141 284.2292 283.6523	0.15
2015 2.9199345E-08 4.6748532E-08 1.9122144E-08 3.4074201E-08 2.8302274E-08 1.5761371E-08 2.8733643E-08 2.4730673E-08 2.5359910E-08 2.6512938E-08 3.0440962E-08 3.5436312E-08 2.7949888E-08 3.0476563E-08 3.3189647E-08  287.4852 291.3350 295.7426 288.2635 293.6878 294.0952 289.0636 291.7599 291.6748 288.1697 287.9449 286.7841 284.5438 284.5646 284.1041  42.3548
