STN,prec_1,prec_2,prec_3,prec_4,prec_5,prec_6,prec_7,prec_8,prec_9,prec_10,prec_11,prec_12,prec_13,prec_14,prec_15,st_1,st_2,st_3,st_4,st_5,st_6,st_7,st_8,st_9,st_10,st_11,st_12,st_13,st_14,st_15,05.0
LAT,23.72017,23.72017,23.72017,26.51077,26.51077,26.51077,29.30136,29.30136,29.30136,32.09194,32.09194,32.09194,34.88252,34.88252,34.88252,23.72017,23.72017,23.72017,26.51077,26.51077,26.51077,29.30136,29.30136,29.30136,32.09194,32.09194,32.09194,34.88252,34.88252,34.88252,28.30888906
LON,-101.2500,-98.43750,-95.62500,-101.2500,-98.43750,-95.62500,-101.2500,-98.43750,-95.62500,-101.2500,-98.43750,-95.62500,-101.2500,-98.43750,-95.62500,-101.2500,-98.43750,-95.62500,-101.2500,-98.43750,-95.62500,-101.2500,-98.43750,-95.62500,-101.2500,-98.43750,-95.62500,-101.2500,-98.43750,-95.62500,-98.5572384
1958 3.4405737E-08 4.6677648E-08 8.7739478E-09 4.1204569E-08 2.2624876E-08 6.9802017E-09 3.2976530E-08 1.4026501E-08 1.6035537E-08 3.0510229E-08 2.2758469E-08 2.7642562E-08 4.1963769E-08 3.8612949E-08 3.7940783E-08	295.0067 297.5871 299.5796 297.4883 302.2277 298.5249 299.4405 302.0256 300.8042 298.8896 298.5987 297.1594 295.2284 295.4696 294.9404	150.21
1959 3.9023863E-08 3.4415450E-08 1.0256494E-08 3.7746304E-08 1.8666658E-08 7.4093927E-09 2.9079414E-08 9.9223385E-09 1.9480987E-08 2.7213561E-08 1.6925231E-08 2.5098798E-08 3.2879015E-08 3.4018392E-08 3.5978250E-08	294.4782 297.8562 299.7316 297.7298 302.7133 298.7171 300.2642 303.0352 301.6749 300.1996 299.9321 298.1028 296.6016 296.4325 295.6262	96.6516
1960 3.8080088E-08 3.0634254E-08 1.0110767E-08 3.5737759E-08 1.4455281E-08 7.1641915E-09 2.8494899E-08 1.0430450E-08 1.7034026E-08 2.5481292E-08 1.8062684E-08 2.5336732E-08 2.9053187E-08 2.9095306E-08 3.0953455E-08	294.2600 297.6778 299.0479 297.5695 302.7930 298.2888 300.2045 303.0897 302.0742 300.2934 300.5311 298.8498 297.0285 297.3442 296.5836	24.9129
1961 3.8637246E-08 3.7520721E-08 9.7290505E-09 3.5831732E-08 1.9273921E-08 7.2296338E-09 2.3916328E-08 8.6081737E-09 1.7430917E-08 2.0474106E-08 1.4056419E-08 2.1317817E-08 3.0659375E-08 2.7162898E-08 2.8791728E-08	294.3276 297.4699 299.5821 297.5530 302.6579 298.6316 300.5109 303.4438 302.3424 300.8104 301.0864 299.3234 297.2778 297.4325 296.5584	2.26774
1962 3.8781760E-08 3.3537553E-08 8.3732443E-09 3.3207762E-08 1.5922446E-08 6.7025119E-09 2.2516581E-08 6.8357457E-09 1.3547860E-08 1.9261773E-08 1.6539621E-08 2.2600316E-08 2.5946056E-08 2.8257022E-08 2.9739182E-08	294.2174 297.7272 299.7161 297.8497 303.2502 298.7998 300.8616 304.0445 302.8835 301.1664 301.3622 299.4120 297.6911 297.6663 296.5320	0.00322581
1963 4.4700631E-08 5.4619505E-08 1.3984242E-08 4.2195779E-08 3.0947302E-08 1.0390304E-08 3.0243374E-08 1.3119476E-08 2.5329955E-08 2.4588035E-08 2.0389795E-08 3.1655773E-08 2.8971492E-08 3.2090544E-08 3.5932349E-08	293.9073 297.3239 300.1366 297.0853 302.2548 299.2877 299.8155 302.9958 301.9706 300.2682 300.2439 298.6315 297.2341 297.3174 296.4476	159.19
1964 4.2165169E-08 3.2892981E-08 8.7670511E-09 3.8465775E-08 1.5201143E-08 6.9525212E-09 2.4014124E-08 5.9008491E-09 2.0931003E-08 1.7532669E-08 1.0515367E-08 2.2248955E-08 2.5651167E-08 2.4897957E-08 3.0913725E-08	294.4471 298.1262 299.5357 298.2246 303.4842 298.5661 301.3662 304.3075 302.7373 301.7908 302.0265 299.6504 298.0446 298.0930 296.8667	62.0613
1965 4.1929219E-08 5.5213810E-08 1.1570608E-08 4.5175984E-08 3.3353853E-08 9.4116341E-09 3.6958415E-08 1.7306977E-08 2.2696398E-08 3.4963776E-08 2.9086669E-08 3.5744122E-08 4.1059970E-08 4.0040092E-08 4.0395182E-08	293.6596 296.8841 299.8454 296.5847 301.8443 298.7827 298.8716 302.4364 301.7085 298.6698 299.1421 298.0248 295.4488 295.9758 295.7199	2153.25
1966 3.5803254E-08 5.3087582E-08 1.0453704E-08 4.0343423E-08 2.5855869E-08 7.1293131E-09 3.7891855E-08 1.6102906E-08 2.1881416E-08 3.4029267E-08 2.5470930E-08 3.3623571E-08 3.8155829E-08 3.9203471E-08 3.8588304E-08	294.2010 296.9644 298.7437 296.9599 301.5114 297.8655 298.9317 301.7036 300.6137 298.7111 298.5413 297.1691 295.3574 295.7370 295.3009	2859
1967 4.1709807E-08 4.2900062E-08 1.1987453E-08 3.8792571E-08 2.3541034E-08 1.0896485E-08 2.9067982E-08 1.0642065E-08 1.8699591E-08 2.0071052E-08 1.5820502E-08 2.7294220E-08 2.5379469E-08 2.6672332E-08 3.1934555E-08	293.9002 297.6302 300.1652 297.5843 302.9065 299.4524 300.6064 303.8525 302.5913 301.0528 301.3375 299.1781 297.6995 297.7206 296.5338	34.8919
1968 4.0155118E-08 4.0026645E-08 1.0273459E-08 3.6700399E-08 2.0120233E-08 1.0020205E-08 2.7322340E-08 9.4069943E-09 1.9777882E-08 2.3076787E-08 1.4601196E-08 2.5570271E-08 2.6976936E-08 2.6250188E-08 2.7797741E-08	293.6241 297.0211 299.4571 296.9835 302.3531 298.9035 299.7362 303.1024 302.0085 300.2160 300.4723 298.4898 296.9765 297.2728 296.3138	979.968
1969 3.2636045E-08 5.3977516E-08 1.0107578E-08 3.5379347E-08 3.0609545E-08 8.3680911E-09 3.0024037E-08 1.4608564E-08 1.6050707E-08 2.6351106E-08 2.5021977E-08 2.8311549E-08 3.7086259E-08 3.8406281E-08 4.0359811E-08	295.3005 297.6895 299.5854 297.8289 302.1242 298.4727 299.8634 302.4781 301.5852 299.5139 299.4090 298.0487 296.0015 296.3034 295.7062	82.3239
1970 3.2403701E-08 3.6404739E-08 1.0080388E-08 2.9076363E-08 1.7660454E-08 7.0813932E-09 2.1629676E-08 7.7850917E-09 1.6036205E-08 1.8461410E-08 1.2450045E-08 1.9986931E-08 2.6442565E-08 2.6619697E-08 2.7432343E-08	294.4253 297.1787 299.0635 297.5531 302.2149 298.2136 300.1910 302.7295 301.4973 300.4047 299.9972 298.1030 296.9742 296.9735 296.0643	312.516
1971 3.8690651E-08 3.4681822E-08 8.5179055E-09 3.1737002E-08 1.3201067E-08 6.9993371E-09 2.3811101E-08 6.2682917E-09 1.4393573E-08 2.0441615E-08 1.2674931E-08 2.2158680E-08 2.6176505E-08 2.4695444E-08 2.7638420E-08	293.8662 297.3708 298.7630 297.5938 302.8146 298.0078 300.7346 303.7476 302.4032 301.2263 301.6945 299.8187 297.8423 298.1436 297.2600	0
1972 3.8276951E-08 6.4740966E-08 1.2445162E-08 4.0965798E-08 3.8199296E-08 9.1924992E-09 3.6691375E-08 1.9089523E-08 2.8610007E-08 3.1579475E-08 3.0396379E-08 3.7285744E-08 3.7058339E-08 4.2533593E-08 4.0858605E-08	294.1777 297.2183 300.0146 296.9816 301.8079 299.0993 299.2372 302.1466 301.1888 299.2841 298.8748 297.3834 295.9037 295.8409 295.2161	1375.03
1973 3.7255663E-08 4.5403450E-08 8.6125462E-09 3.6802582E-08 2.4311824E-08 6.6765353E-09 2.9971670E-08 9.8030366E-09 1.6441721E-08 2.5456265E-08 1.8704284E-08 2.4601535E-08 3.1361552E-08 3.1260296E-08 3.2351636E-08	294.4741 297.3733 299.1423 297.4203 302.0821 298.1970 299.7188 302.5818 301.3094 299.7452 299.4837 297.8036 296.3835 296.4547 295.7498	3.58484
1974 4.4955588E-08 4.4159837E-08 1.2404728E-08 3.9789789E-08 2.1164142E-08 9.8556452E-09 2.6482560E-08 9.4499528E-09 2.0381842E-08 2.0675319E-08 1.5780170E-08 2.6194305E-08 2.6946754E-08 3.0950954E-08 3.1606092E-08	293.6748 297.4114 299.9468 297.2873 302.8546 299.1249 300.4384 303.7299 302.5529 300.9989 301.3278 299.3953 297.6325 297.6766 296.5049	191.026
1975 3.6787632E-08 3.7883730E-08 1.1351061E-08 3.3443488E-08 1.9002547E-08 8.0498035E-09 2.4796492E-08 8.4153413E-09 2.0918819E-08 2.1761528E-08 1.6241119E-08 2.8383399E-08 2.8442832E-08 2.8135107E-08 3.1472247E-08	293.9383 297.3723 300.0039 297.3983 302.8427 298.9688 300.3246 303.6889 302.4747 300.6701 301.0882 299.1602 297.3623 297.7504 296.7847	422.271
1976 4.6286132E-08 4.5009120E-08 9.9334043E-09 4.1780595E-08 2.5083104E-08 8.4691703E-09 2.9089573E-08 9.4425676E-09 1.7342643E-08 2.3550882E-08 1.6925851E-08 2.3963588E-08 3.0242951E-08 3.1144449E-08 3.4049403E-08	293.6282 297.4813 299.9401 297.0953 302.5895 299.0806 299.9869 303.4364 302.4056 300.2401 300.7042 299.0719 296.6044 297.0371 296.2484	87.8242
1977 3.9829633E-08 3.6760341E-08 1.0798324E-08 3.5129339E-08 1.7647288E-08 7.4986204E-09 2.9112886E-08 6.8541817E-09 1.5297706E-08 2.4711701E-08 1.7161993E-08 2.3774994E-08 3.0938306E-08 2.9492096E-08 3.2468837E-08	293.6263 297.2282 299.1178 297.0514 302.2607 298.2804 299.5889 302.8779 301.8882 299.7715 299.8055 298.4536 296.4403 296.9067 296.3921	837.194
1978 3.4293297E-08 3.1273977E-08 9.2285317E-09 3.0988268E-08 1.6078028E-08 7.4303714E-09 2.3455055E-08 7.1364088E-09 1.6408709E-08 2.1222698E-08 1.7215319E-08 2.7517302E-08 3.0803857E-08 3.0761733E-08 3.3659852E-08	294.5766 297.6798 299.3526 297.9077 302.7867 298.4169 300.5981 303.4604 302.0097 300.6884 300.6584 298.4079 297.0616 297.0151 295.8666	116.997
1979 3.9022542E-08 5.8142195E-08 1.3014568E-08 4.4633385E-08 3.3248348E-08 1.1715034E-08 3.6987306E-08 1.5058266E-08 2.2068175E-08 3.1219958E-08 2.5415314E-08 3.2843445E-08 3.7976349E-08 3.9313345E-08 3.9747757E-08	294.3091 297.0274 299.6543 296.9233 301.6755 298.7342 299.2869 302.2764 301.2976 299.4331 299.2704 297.6370 296.1849 296.1030 295.3167	139.548
1980 3.8502876E-08 4.9076927E-08 9.4839629E-09 4.1519300E-08 2.5022880E-08 9.1103649E-09 3.9782986E-08 1.2847900E-08 1.9093326E-08 2.9270694E-08 1.9544672E-08 2.9833469E-08 3.7935202E-08 3.4658001E-08 3.6058793E-08	293.8576 296.9543 299.5038 296.8229 301.8864 298.4945 299.2254 302.3809 301.3432 299.3895 299.3617 297.8665 296.0589 296.3285 295.8102	512.387
1981 3.5046195E-08 2.5680443E-08 8.3857454E-09 2.9762225E-08 1.3592245E-08 6.6474661E-09 2.0164887E-08 6.8627308E-09 1.4938598E-08 1.7451125E-08 1.3026651E-08 1.9641547E-08 2.5510886E-08 2.4085788E-08 2.6891691E-08	294.5979 297.9176 299.5591 298.0258 302.9290 298.6960 300.8648 303.6690 302.5324 301.1457 301.3571 299.5712 297.7418 297.8836 296.9568	2194
1982 4.1395019E-08 5.2122513E-08 1.2304990E-08 4.0448583E-08 2.9358883E-08 8.2140321E-09 3.3733233E-08 1.4521898E-08 2.4651966E-08 2.7678217E-08 2.4656483E-08 3.4532412E-08 3.4212690E-08 4.0618556E-08 4.0648427E-08	294.5318 297.6914 300.7473 297.6816 302.4670 299.0535 300.0927 303.0148 301.9522 300.1259 300.0950 298.4282 296.5615 296.5079 295.7313	1523.95
1983 2.9153730E-08 6.2527185E-08 1.0277239E-08 4.2129667E-08 3.4230236E-08 9.7029238E-09 4.0201442E-08 1.8797056E-08 2.4416341E-08 4.0494790E-08 3.3536693E-08 4.0658858E-08 4.5213881E-08 4.5014197E-08 4.4998547E-08	295.1841 297.7542 298.7200 297.0816 302.1870 296.6898 298.7450 301.7473 300.3477 297.9340 297.9650 296.6757 294.5050 294.9155 294.6178	0.016129
1984 3.7742311E-08 3.7824385E-08 8.9522683E-09 3.6387785E-08 1.7540128E-08 7.3790605E-09 2.7881761E-08 8.9554559E-09 1.8840309E-08 2.3539769E-08 1.7756769E-08 2.2987559E-08 2.6425683E-08 2.9336247E-08 2.8652645E-08	293.9069 297.1798 298.8853 297.2892 302.6901 298.4130 299.9974 303.3788 302.0288 300.4584 300.7597 299.1478 297.5368 297.8050 297.1567	5.87065
1985 5.3248343E-08 5.9574212E-08 1.3206500E-08 4.6941757E-08 2.8294163E-08 1.1774936E-08 3.3690629E-08 1.1686704E-08 2.4526763E-08 2.7478881E-08 2.1443721E-08 3.3232194E-08 3.0599796E-08 3.3751316E-08 3.8999211E-08	292.9069 296.7148 299.7206 296.7044 302.0650 298.5828 299.9397 303.2139 302.1565 300.5123 300.7952 299.0990 297.4061 297.6909 297.0104	1725
1986 4.9471890E-08 5.3102731E-08 1.0640171E-08 4.7393637E-08 3.0618430E-08 1.0474841E-08 3.8256694E-08 1.6848283E-08 2.5934979E-08 2.7738785E-08 2.4209248E-08 3.6008093E-08 3.6436610E-08 3.8033026E-08 4.0115349E-08	292.7447 296.3749 299.5783 296.1101 301.4054 299.1717 298.6823 301.9983 301.0811 299.0242 299.1901 297.7115 295.8329 296.0833 295.6626	3.40516
1987 4.0267860E-08 6.8849985E-08 1.3949936E-08 5.3061740E-08 4.0377490E-08 1.2086843E-08 4.9611316E-08 2.5516792E-08 2.5793069E-08 4.4504898E-08 3.6172842E-08 3.8790429E-08 5.0977857E-08 4.9157617E-08 4.4597385E-08	293.3466 295.9651 298.4514 295.4187 300.2488 297.6966 297.0578 300.1755 299.8056 296.3285 296.8976 296.3295 293.5976 294.4036 294.6633	297.968
1988 4.0091972E-08 4.3086285E-08 1.1214347E-08 3.7241797E-08 1.9785102E-08 8.3936964E-09 2.3771177E-08 6.8017871E-09 1.8243909E-08 2.0099709E-08 1.3133572E-08 2.2169523E-08 2.7560860E-08 2.8378716E-08 2.9966561E-08	294.0257 297.1291 298.6389 297.4823 302.5227 297.6159 300.5514 303.4936 301.9962 300.9971 301.1557 299.1599 297.6028 297.7066 296.8515	18.5668
1989 4.3636426E-08 3.8313804E-08 1.0437102E-08 3.3959907E-08 1.6608006E-08 7.8505300E-09 2.4704731E-08 6.9834485E-09 1.5644668E-08 2.2746558E-08 1.6811502E-08 2.6759119E-08 2.6899830E-08 3.0389685E-08 3.1793615E-08	293.5267 297.6321 299.3516 297.7107 303.5719 298.3751 300.9275 304.5470 303.1436 301.2957 302.0366 300.2202 298.1725 298.4799 297.6181	29.7471
1990 3.8869796E-08 5.3960832E-08 1.0752586E-08 4.1639051E-08 3.0328163E-08 9.4781027E-09 3.5984570E-08 1.3450109E-08 2.5330911E-08 2.7427054E-08 2.5130223E-08 3.2170984E-08 3.6896527E-08 3.8179799E-08 3.6914365E-08	294.7158 297.6084 299.6801 297.6592 302.4191 298.5361 300.0145 303.2042 301.9418 300.0647 300.0978 298.4669 296.6670 296.6852 296.0647	798.097
1991 3.5832333E-08 5.9298500E-08 1.2337141E-08 4.3545121E-08 3.4041705E-08 9.5831698E-09 3.8108929E-08 1.5926586E-08 3.0734707E-08 3.6259220E-08 2.9586481E-08 4.3238799E-08 4.2543320E-08 4.7183057E-08 4.7789673E-08	295.0923 297.7720 300.1051 297.4634 302.2888 299.3800 299.4957 302.8367 301.7447 299.3594 299.5249 297.8560 296.1310 296.2743 295.7586	228.477
1992 5.0777448E-08 8.6091632E-08 1.4376058E-08 6.2631905E-08 5.2297775E-08 1.3925269E-08 6.1479199E-08 3.4458306E-08 3.2891368E-08 5.1910160E-08 4.6426614E-08 5.0674906E-08 5.5501690E-08 5.5994320E-08 5.3508625E-08	293.0765 295.7507 299.6476 295.0850 299.9979 298.9423 296.6997 299.9308 299.6066 296.0205 296.6797 296.0549 293.5377 294.4034 294.4933	1051.77
1993 3.9360444E-08 5.5669531E-08 1.0814594E-08 4.8050779E-08 3.3621685E-08 1.0152926E-08 4.2058211E-08 1.8285212E-08 2.5766550E-08 3.6320166E-08 2.9950534E-08 3.9963613E-08 4.2521755E-08 4.3957375E-08 4.4722736E-08	294.0992 296.5232 298.7001 296.4095 300.8835 298.2608 298.2914 301.1620 300.3211 298.1062 298.1637 296.8276 295.0228 295.3029 294.9389	159.742
1994 5.0591822E-08 6.4120542E-08 1.3186814E-08 5.2528591E-08 3.9388325E-08 1.1835001E-08 4.2612463E-08 1.9882643E-08 3.3127609E-08 3.3703326E-08 2.6899086E-08 3.8614601E-08 4.1640249E-08 3.9330203E-08 4.3216499E-08	293.2376 296.3937 299.0733 296.2037 300.9713 298.0505 298.5847 301.6978 300.8801 298.8006 298.9123 297.4586 295.7833 295.9748 295.4286	85.0806
1995 3.6480255E-08 4.5311769E-08 1.0249364E-08 4.2418932E-08 2.3750719E-08 7.0641719E-09 3.7837985E-08 1.3430756E-08 1.9960602E-08 2.7766442E-08 2.0858337E-08 2.9237073E-08 3.3054004E-08 3.3489837E-08 3.7353658E-08	294.1736 297.0452 299.1563 296.9513 301.8017 298.4648 299.2812 302.3150 301.2410 299.6198 299.6742 298.0085 296.5317 296.8530 296.0373	0.532258
1996 3.9862471E-08 3.2860129E-08 9.7299182E-09 3.4889979E-08 1.4552407E-08 7.8158147E-09 2.3656819E-08 6.8204056E-09 1.6135266E-08 2.1287644E-08 1.4277924E-08 2.2630678E-08 2.7431943E-08 2.6944697E-08 2.9250154E-08	294.2938 297.4023 298.1575 297.6774 302.5933 297.2349 300.7079 303.4244 302.0546 300.9804 301.1181 298.9541 297.8037 297.8541 296.7178	0
1997 3.9912468E-08 5.0595879E-08 1.2992044E-08 4.6172676E-08 2.7374799E-08 9.3197920E-09 3.9519058E-08 1.2076324E-08 2.1651207E-08 3.1330188E-08 1.9600906E-08 2.6087781E-08 3.8004497E-08 3.4293159E-08 3.8386869E-08	294.4715 297.4587 299.4167 297.1808 302.1715 297.9096 299.6252 303.0028 301.9452 299.6647 300.1136 298.4349 296.2709 296.5617 295.8257	135.323
1998 3.2275508E-08 5.8969604E-08 1.0569551E-08 4.1634731E-08 3.3082831E-08 1.0457108E-08 3.8468926E-08 1.9073322E-08 2.1476767E-08 3.7973368E-08 3.2965019E-08 3.6695919E-08 4.3453205E-08 4.6948422E-08 4.3154660E-08	295.6010 298.0374 298.8632 297.6962 302.4962 298.1821 299.5153 302.1643 300.7031 298.7719 298.3022 296.9491 295.3133 295.4550 295.1434	0
1999 3.2303110E-08 3.2379777E-08 1.1164791E-08 2.6353673E-08 1.3268598E-08 7.6810354E-09 1.7455681E-08 4.9239732E-09 1.8379787E-08 1.5631052E-08 1.3040829E-08 1.9565077E-08 1.8189688E-08 2.1206063E-08 2.2661338E-08	295.0163 298.2655 299.9363 298.7879 304.1374 299.2629 302.2046 305.1357 303.8893 303.0107 303.5684 302.2307 300.1781 300.6969 299.9720	161.839
2000 3.5753658E-08 4.3430553E-08 1.0367392E-08 3.1457674E-08 1.9849095E-08 9.3859818E-09 2.3409568E-08 9.7835544E-09 2.0413818E-08 2.1197046E-08 1.5893011E-08 2.5663260E-08 2.3908964E-08 2.5286655E-08 2.6773247E-08	294.6627 298.0857 300.3367 298.4022 303.6446 299.7471 301.7244 304.6546 303.2274 302.3855 302.7994 301.0317 299.4912 299.9008 298.9482	0.546774
2001 4.8867392E-08 6.1972251E-08 1.2466371E-08 4.6464052E-08 3.1745127E-08 1.1625069E-08 3.4646323E-08 1.3446189E-08 2.4767491E-08 2.7478706E-08 2.1270315E-08 3.6320227E-08 3.1903376E-08 3.1293904E-08 3.4670851E-08	293.1498 296.9053 299.9583 296.4473 302.3025 299.2379 299.4707 303.1884 302.2592 300.2503 300.6344 298.8946 297.6128 297.8833 297.1571	103.297
2002 4.0395701E-08 5.2600193E-08 1.0246962E-08 4.3168399E-08 3.1528071E-08 1.0297328E-08 3.9027682E-08 1.6413866E-08 2.8361830E-08 3.0984619E-08 2.5771920E-08 3.4812263E-08 3.7375163E-08 3.8421721E-08 3.9282231E-08	294.2567 297.5380 300.1290 297.2640 302.3882 299.6861 299.6143 302.9732 302.1817 299.7197 299.8114 298.5387 296.6211 296.8154 296.4376	133.839
2003 4.4628251E-08 5.5633674E-08 1.0254118E-08 4.8504678E-08 3.1189167E-08 8.4898746E-09 3.6737379E-08 1.3653641E-08 1.7854758E-08 3.2465604E-08 2.4224631E-08 2.7648634E-08 3.9542634E-08 3.8004867E-08 3.6460758E-08	293.8176 296.6808 298.9369 296.7095 301.4375 297.4304 299.0872 302.0885 301.1024 299.1447 299.1890 297.9273 296.0375 296.4629 296.0455	2.50581
2004 3.8177149E-08 4.5385494E-08 9.0019041E-09 4.0270148E-08 2.1927132E-08 7.9921216E-09 3.2247957E-08 1.1860046E-08 1.9174497E-08 2.8006179E-08 2.0109198E-08 2.9801853E-08 3.0847943E-08 3.0625003E-08 3.5123676E-08	295.0981 297.8052 299.4692 298.1103 302.8791 298.9725 300.5172 303.3792 302.4027 300.6860 300.7384 299.1965 297.4626 297.7156 296.9792	1020.19
2005 3.0628645E-08 5.0153293E-08 8.2805904E-09 4.3330509E-08 2.6577101E-08 7.3888544E-09 3.8943970E-08 1.4311811E-08 1.8706357E-08 3.5615521E-08 2.5288527E-08 2.9004040E-08 3.9845478E-08 3.9518540E-08 3.8798202E-08	295.8079 298.0032 299.2070 298.0523 302.5811 298.6608 299.9281 302.8771 301.7968 299.7666 299.8456 298.5579 296.4140 296.7712 296.1977	69.0968
2006 3.1671128E-08 2.9028845E-08 1.0106586E-08 2.9484955E-08 1.4065802E-08 7.8501694E-09 2.2539140E-08 7.9253741E-09 1.8433377E-08 2.2317195E-08 1.6346290E-08 2.7421429E-08 2.8894446E-08 3.1741166E-08 3.3131300E-08	294.8532 298.0874 300.1262 298.2233 303.3844 299.5390 300.9665 304.1034 302.7357 301.1767 301.3399 299.2050 297.9458 297.8108 296.8005	22.5865
2007 3.6887482E-08 3.5954240E-08 8.5354710E-09 3.6025650E-08 1.9666530E-08 6.7680039E-09 2.9792195E-08 1.1280355E-08 1.4999184E-08 2.6284591E-08 1.7677500E-08 2.2772316E-08 3.4091887E-08 3.2013205E-08 3.2192663E-08	294.3593 297.3999 299.6041 297.3448 302.0677 298.2045 299.6956 302.5399 301.7361 299.9727 300.0834 298.8729 296.9908 297.4199 296.8520	327.013
2008 3.2603175E-08 2.4961579E-08 9.2188053E-09 2.6090440E-08 9.0945038E-09 6.1030772E-09 1.6855852E-08 4.0117656E-09 1.1215802E-08 1.2680597E-08 9.3434354E-09 1.7288183E-08 2.1546469E-08 2.0984620E-08 2.6020484E-08	295.5479 298.6965 299.7036 299.0195 304.3049 298.5749 302.1974 305.0142 303.6727 302.5735 303.0168 301.0172 299.0781 299.5401 298.0900	17.0516
2009 4.5460968E-08 5.6262550E-08 1.1812336E-08 4.4856250E-08 2.7248205E-08 9.7302078E-09 3.3119314E-08 1.2000147E-08 2.1455474E-08 2.8810373E-08 2.1235959E-08 3.0922045E-08 3.3738932E-08 3.4334281E-08 3.7241556E-08	294.2144 297.2499 299.5697 297.3461 302.5132 298.6335 300.0308 303.1661 302.1772 300.3753 300.5311 299.0720 297.3686 297.4838 296.7863	6.64097
2010 2.9573105E-08 4.0331336E-08 9.2225125E-09 3.4492839E-08 1.9423620E-08 7.2110775E-09 3.0426786E-08 1.1706565E-08 1.0137541E-08 2.8929664E-08 2.3610735E-08 2.8164797E-08 3.3670286E-08 3.4382825E-08 3.4942456E-08	0.0000000E+00 0.0000000E+00 0.0000000E+00 0.0000000E+00 0.0000000E+00 0.0000000E+00 0.0000000E+00 0.0000000E+00 0.0000000E+00 0.0000000E+00 0.0000000E+00 0.0000000E+00 0.0000000E+00 0.0000000E+00 0.0000000E+00  148.478
2011 3.8866208E-08 3.7800142E-08 9.2144026E-09 3.3206259E-08 1.6653642E-08 8.2810772E-09 2.2768871E-08 6.9208905E-09 1.6230391E-08 2.0583236E-08 1.2785748E-08 1.9931818E-08 2.5338430E-08 2.5895465E-08 2.9656261E-08	295.2870 298.5251 300.2132 298.7022 304.1992 299.3146 301.7709 305.0003 303.8044 302.0814 302.8028 300.9941 298.6087 299.0105 297.8834	0
2012 4.0535209E-08 4.2753182E-08 9.1588568E-09 3.8946553E-08 2.0290459E-08 7.6018676E-09 3.0499255E-08 8.3522469E-09 1.5833518E-08 2.6886871E-08 1.9085210E-08 3.0123324E-08 3.4347316E-08 3.3274691E-08 3.6102254E-08	294.8918 298.0788 300.3911 297.9443 303.2271 299.7476 300.6193 303.7375 302.9916 300.6453 300.4073 299.0626 296.9128 296.8369 296.3403	271.594
2013 3.6997651E-08 4.0803307E-08 8.3576612E-09 3.5330981E-08 1.6662495E-08 7.1104029E-09 2.6102049E-08 9.0522683E-09 1.4031557E-08 2.3110458E-08 1.9656182E-08 2.5407333E-08 3.0024978E-08 3.3928615E-08 3.3222246E-08	294.9620 297.7330 298.6891 298.1518 302.8523 297.5086 300.7731 303.5051 302.1277 300.8875 300.9442 299.1383 297.5626 297.6522 296.8742	1.76839
2014 3.3701085E-08 3.7322842E-08 9.4805381E-09 3.4640170E-08 1.9760931E-08 6.9769563E-09 2.5436307E-08 1.0424811E-08 2.0342483E-08 2.2669402E-08 1.7706153E-08 2.9774535E-08 3.2732675E-08 3.0676066E-08 3.4539358E-08	294.7855 297.6882 298.9935 297.7008 302.2529 297.3752 300.4209 303.0240 301.7038 300.8481 300.7260 298.5889 297.4523 297.4550 296.5822	15.5829
2015 4.8357471E-08 6.8602326E-08 1.3043475E-08 5.4225655E-08 4.1547377E-08 1.0322498E-08 4.6565034E-08 2.0522490E-08 2.5568490E-08 3.8529553E-08 2.9184704E-08 3.8848576E-08 4.3374456E-08 4.2921471E-08 4.6609760E-08  293.6537 296.9214 300.1109 296.4293 301.3994 299.1410 298.6899 302.0306 301.6040 298.6885 299.0642 298.1039 295.6291 296.1991 295.9316  2620.71
