STN,prec_1,prec_2,prec_3,prec_4,prec_5,prec_6,prec_7,prec_8,prec_9,prec_10,prec_11,prec_12,prec_13,prec_14,prec_15,st_1,st_2,st_3,st_4,st_5,st_6,st_7,st_8,st_9,st_10,st_11,st_12,st_13,st_14,st_15,09.0
LAT,23.72017,23.72017,23.72017,26.51077,26.51077,26.51077,29.30136,29.30136,29.30136,32.09194,32.09194,32.09194,34.88252,34.88252,34.88252,23.72017,23.72017,23.72017,26.51077,26.51077,26.51077,29.30136,29.30136,29.30136,32.09194,32.09194,32.09194,34.88252,34.88252,34.88252,28.30888906
LON,-101.2500,-98.43750,-95.62500,-101.2500,-98.43750,-95.62500,-101.2500,-98.43750,-95.62500,-101.2500,-98.43750,-95.62500,-101.2500,-98.43750,-95.62500,-101.2500,-98.43750,-95.62500,-101.2500,-98.43750,-95.62500,-101.2500,-98.43750,-95.62500,-101.2500,-98.43750,-95.62500,-101.2500,-98.43750,-95.62500,-98.5572384
1958 2.5083400E-08 2.6764782E-08 2.4917332E-08 2.4595215E-08 1.7830631E-08 1.4233621E-08 1.9268404E-08 1.4430649E-08 1.7645247E-08 1.8956991E-08 2.2486246E-08 2.6316094E-08 1.9050880E-08 2.7677769E-08 3.2274247E-08	287.2634 292.1771 299.2631 289.0978 295.3008 298.2309 290.1729 293.8979 293.8105 288.8157 289.9392 289.1414 284.9252 285.5782 285.3495	562.48
1959 2.0408619E-08 2.1811729E-08 1.6203609E-08 2.3474424E-08 1.5946700E-08 1.1336104E-08 1.8400161E-08 1.4480298E-08 1.3551034E-08 1.5759893E-08 2.0327724E-08 2.3394598E-08 1.7311216E-08 2.5961215E-08 2.9024269E-08	288.3537 293.1840 299.1329 290.1291 296.0942 298.1388 290.7963 294.3285 294.1774 289.2061 290.1306 289.3377 285.0528 285.5289 285.2891	170.9
1960 2.1906335E-08 2.2940645E-08 2.0762410E-08 2.2945015E-08 1.4437846E-08 1.0957860E-08 1.6528855E-08 1.2717356E-08 1.2092372E-08 1.4901453E-08 1.7591788E-08 2.2835936E-08 1.5039138E-08 2.0092147E-08 2.3929895E-08	287.7816 292.6452 299.2762 289.6597 295.6802 298.2455 290.3359 293.8405 293.7886 288.8406 289.7534 288.9459 284.9551 285.3839 285.1559	151.7
1961 2.1995321E-08 2.3490651E-08 1.8883851E-08 2.0342519E-08 1.1707181E-08 1.0611244E-08 1.3511582E-08 8.8317194E-09 1.2364017E-08 9.8731547E-09 1.3237476E-08 2.0550520E-08 1.3054194E-08 1.8719922E-08 2.4038544E-08	288.5747 293.3406 299.1131 290.6544 296.6156 298.1219 291.6785 295.1626 294.8076 290.2755 291.2235 290.1967 286.1409 286.6533 286.1747	24.3833
1962 1.6915074E-08 2.0336097E-08 1.4727783E-08 1.8653321E-08 1.3702677E-08 1.0926661E-08 1.3224836E-08 1.0971514E-08 1.4847768E-08 1.0701497E-08 1.5393924E-08 2.3800252E-08 1.4183456E-08 2.0190651E-08 2.5984880E-08	288.7625 293.4477 299.1625 290.6660 296.5027 298.1830 291.3076 294.5513 294.0190 289.5769 290.4591 289.4289 285.4622 286.0319 285.7367	24.71
1963 2.3474961E-08 2.7532780E-08 2.0534152E-08 2.8891554E-08 1.8902629E-08 1.2266818E-08 2.4503956E-08 1.7998735E-08 1.8715191E-08 2.0006064E-08 2.6142398E-08 3.3476127E-08 2.0742020E-08 3.0618786E-08 3.7912208E-08	288.6855 293.2511 299.1760 290.2190 296.0234 298.1877 290.7478 294.2377 294.0795 289.1210 290.1219 289.4952 285.1723 285.7963 285.7112	22.94
1964 1.6446970E-08 1.5964527E-08 1.4168931E-08 1.8515227E-08 9.1141725E-09 8.4599279E-09 1.5209784E-08 8.2191720E-09 9.4951655E-09 1.1406942E-08 1.0132744E-08 1.3397583E-08 1.3591111E-08 1.5931528E-08 1.6955465E-08	288.4280 293.2710 299.2755 290.7913 296.7930 298.2542 291.9702 295.3924 294.8316 290.5616 291.6365 290.6238 286.4590 287.0512 286.8104	3858.73
1965 2.9082983E-08 3.2196176E-08 2.5498027E-08 2.9970529E-08 2.1363878E-08 1.6766307E-08 2.2718329E-08 1.7455070E-08 1.7939353E-08 1.9206718E-08 2.0977543E-08 2.5099574E-08 1.9133839E-08 2.4433733E-08 2.8665681E-08	286.8182 291.4470 298.8919 288.2318 294.1248 297.9567 288.9379 292.3856 292.5122 287.5463 288.4042 287.6826 283.8209 284.2639 283.8934	42.7333
1966 1.6251878E-08 1.9383176E-08 1.6266895E-08 1.9577179E-08 1.3152163E-08 1.1126961E-08 1.6073281E-08 1.2639856E-08 1.4275021E-08 1.4349185E-08 1.8666082E-08 2.5410387E-08 1.5083018E-08 2.2639339E-08 2.8032147E-08	288.6030 293.1110 299.0872 290.2997 295.9754 298.1148 290.8889 294.1976 293.8251 289.2226 290.0082 289.0930 285.2351 285.6546 285.3987	442.4
1967 1.9262176E-08 2.3815273E-08 1.5955974E-08 2.0261714E-08 1.4198197E-08 1.2009790E-08 1.7923076E-08 1.2732245E-08 1.5878674E-08 1.6271267E-08 1.9772994E-08 2.4837105E-08 1.8382918E-08 2.5417261E-08 2.8824033E-08	288.5685 293.4489 299.0837 290.8073 296.5982 298.1038 291.6702 295.1428 294.7159 290.0207 291.2666 290.4696 286.0829 286.8825 286.7632	10154.4
1968 2.2685196E-08 2.6431239E-08 1.6796841E-08 2.6143830E-08 1.7774932E-08 1.1863001E-08 1.9077836E-08 1.5032121E-08 1.6316800E-08 1.6888855E-08 2.0040464E-08 2.4897952E-08 1.7220836E-08 2.3885853E-08 2.7598688E-08	288.2916 292.8498 299.0313 289.7863 295.6081 298.0688 290.2480 293.6850 293.7260 288.5845 289.5323 288.9556 284.8042 285.3676 285.1889	119.631
1969 2.1977419E-08 2.5866557E-08 1.5462186E-08 2.2589786E-08 1.9565563E-08 1.1005079E-08 1.9101316E-08 1.6004885E-08 1.5275274E-08 1.8777346E-08 2.1393175E-08 2.5463185E-08 1.9890358E-08 2.5384296E-08 2.8723729E-08	288.3912 293.0858 299.2172 290.3039 296.0891 298.2224 291.1434 294.4961 294.1909 289.4957 290.4332 289.5999 285.5686 286.0032 285.7385	68.3637
1970 1.7410665E-08 2.2632166E-08 1.6892717E-08 1.9482970E-08 1.3932461E-08 1.0740231E-08 1.6624366E-08 1.0788286E-08 1.1629713E-08 1.3249258E-08 1.8461542E-08 1.9233047E-08 1.4098658E-08 2.4952307E-08 2.7847898E-08	288.5972 293.3127 299.0435 290.7679 296.5533 298.0830 291.6885 295.1185 294.6091 290.1030 291.1104 290.2150 285.9255 286.5533 286.4125	42.5387
1971 1.6596722E-08 2.0288995E-08 1.4322127E-08 1.9639065E-08 1.4209443E-08 1.2068387E-08 1.4879113E-08 1.1580520E-08 1.4479456E-08 1.3179076E-08 1.6557895E-08 2.2065013E-08 1.7196996E-08 2.3061459E-08 2.5464557E-08	288.7375 293.5777 299.0011 291.1682 297.0472 298.0496 292.3454 295.8548 295.3691 290.8352 291.9857 291.1790 286.6890 287.3835 287.3828	6623.4
1972 3.1741127E-08 3.4634780E-08 2.2590960E-08 2.9611746E-08 2.3593048E-08 1.8795904E-08 2.2639840E-08 2.0719170E-08 2.4832609E-08 2.3591681E-08 3.1940285E-08 3.8721861E-08 2.4716542E-08 3.3517590E-08 3.9509420E-08	287.1837 292.0569 298.9285 288.7109 294.5712 297.9946 289.2820 292.6721 292.6802 287.6295 288.2667 287.4220 283.6202 283.9720 283.6424	249.567
1973 1.3657092E-08 1.6537742E-08 1.1791719E-08 1.3687742E-08 1.0216137E-08 9.3667323E-09 8.7510665E-09 7.6038491E-09 8.3318863E-09 7.4086670E-09 1.0419972E-08 1.5156919E-08 9.6516013E-09 1.4946275E-08 1.9099684E-08	288.6231 293.2455 299.2317 290.7605 296.6096 298.2236 291.6582 295.1150 294.6113 289.9346 291.1412 290.2274 285.7054 286.4640 286.3234	720.163
1974 2.0829935E-08 2.4808710E-08 1.4575450E-08 2.0098446E-08 1.5910066E-08 1.2095304E-08 1.3571824E-08 1.1203075E-08 1.5550196E-08 1.1396842E-08 1.8533319E-08 2.1994460E-08 1.4620468E-08 2.3781578E-08 2.7336311E-08	288.5308 293.2771 299.1835 290.5553 296.5389 298.1926 291.5160 295.0236 294.4106 289.9777 290.9237 289.9713 285.6432 286.1776 286.0030	656.133
1975 1.3983395E-08 1.5953216E-08 1.4973207E-08 1.4984412E-08 9.5511137E-09 9.0770786E-09 1.0918642E-08 7.8664693E-09 1.1425211E-08 9.1824326E-09 1.3176009E-08 1.8493907E-08 1.1396651E-08 1.7174035E-08 2.3037968E-08	288.9924 293.6767 299.1524 291.1866 297.0599 298.1613 292.4010 295.7954 295.1758 290.7334 291.8953 290.9073 286.2916 287.2232 287.0383	176.233
1976 2.3644445E-08 2.5929195E-08 2.4226628E-08 2.2642633E-08 1.6922378E-08 1.7854557E-08 1.7764577E-08 1.5655601E-08 1.8640050E-08 1.4962270E-08 1.8869484E-08 2.3570822E-08 2.1163910E-08 2.8148825E-08 2.8309060E-08	287.3200 292.4236 299.1699 289.2709 295.4984 298.1773 290.2052 293.9010 293.7528 288.8650 289.8734 289.0065 284.9934 285.3685 285.0849	1179.97
1977 2.1385068E-08 2.4803622E-08 1.9341792E-08 2.1475643E-08 1.4971297E-08 1.2619685E-08 1.7120998E-08 1.2087521E-08 1.4488556E-08 1.6072820E-08 1.7404798E-08 2.3556783E-08 1.8530409E-08 2.5581278E-08 2.8958635E-08	287.8325 292.6078 299.0730 289.6511 295.6480 298.1053 290.3825 294.0437 293.7431 288.8018 290.0602 289.2883 284.8723 285.6411 285.4503	1.56867
1978 1.8945160E-08 2.5115250E-08 1.8973783E-08 2.1746045E-08 1.7214862E-08 1.3566384E-08 1.7012471E-08 1.3685166E-08 1.8554855E-08 1.4199513E-08 1.8568768E-08 2.6722478E-08 1.6466899E-08 2.4531296E-08 2.9451719E-08	288.3445 292.9378 299.1591 290.0535 295.8618 298.1658 290.6590 294.1651 293.9980 288.9349 290.1294 289.4857 284.7823 285.5986 285.6372	261.8
1979 2.5561581E-08 2.9217377E-08 1.9846434E-08 2.7298453E-08 2.1159583E-08 1.3600689E-08 2.2129166E-08 1.7918472E-08 1.7125561E-08 1.6539683E-08 2.2804167E-08 2.9367071E-08 1.8520790E-08 2.6022999E-08 3.2774317E-08	288.5321 293.3046 299.0644 290.2708 296.0602 298.0905 290.7254 294.2277 294.1727 289.0800 290.1495 289.5278 285.1552 285.8344 285.7667	2.42033
1980 2.2942585E-08 2.2562348E-08 1.8984020E-08 2.2005157E-08 1.5518419E-08 1.3558725E-08 1.7039357E-08 1.5851185E-08 1.5254333E-08 1.5078326E-08 2.0499186E-08 2.6153868E-08 1.6419394E-08 2.3730545E-08 2.8307864E-08	288.2267 292.9008 299.1369 290.1486 295.8894 298.1550 291.0971 294.3940 294.1805 289.5340 290.5638 289.8161 285.5204 286.0352 285.8924	49.2263
1981 1.9512123E-08 2.1542517E-08 1.5645186E-08 2.0876604E-08 1.4168548E-08 1.0826687E-08 1.4893875E-08 1.2191142E-08 1.2381020E-08 1.2527005E-08 1.7194894E-08 2.1271687E-08 1.8272551E-08 2.2930083E-08 2.4221210E-08	287.8063 292.4065 299.0991 289.7340 295.4901 298.1257 290.5647 293.8779 293.4769 288.8423 289.7528 288.7998 284.6262 285.1583 284.8999	925.667
1982 2.9440329E-08 3.1356052E-08 2.0601052E-08 2.5685789E-08 1.9885803E-08 1.6099019E-08 1.9282293E-08 1.8113612E-08 2.1758048E-08 1.5588833E-08 2.3702691E-08 3.4857326E-08 1.8509480E-08 2.7678240E-08 3.7223447E-08	287.4170 292.4129 299.0356 289.0687 295.0446 298.0895 289.6678 293.2146 293.2246 288.0753 288.9296 288.2572 283.9695 284.3585 284.3250	23.7087
1983 2.6048092E-08 3.0872517E-08 2.1227962E-08 2.6873503E-08 2.2163430E-08 1.5935603E-08 2.1815399E-08 1.9245546E-08 2.0440208E-08 2.3938876E-08 3.2340630E-08 3.9292434E-08 2.8722544E-08 3.8586279E-08 4.6074803E-08	288.3526 293.0123 299.4555 290.1511 295.9541 298.3894 290.8587 294.1616 293.9791 289.2381 290.0424 289.3006 285.1935 285.7819 285.5840	80.4293
1984 2.2937202E-08 2.4889701E-08 1.6111537E-08 1.9440884E-08 1.3822982E-08 1.0401373E-08 1.5920278E-08 1.2629696E-08 1.4632417E-08 1.2757254E-08 1.6620824E-08 2.2724418E-08 1.3226104E-08 1.8378579E-08 2.3105272E-08	288.2890 293.2061 298.8855 290.6784 296.5592 297.9731 291.7093 295.1116 294.6040 290.0590 291.1457 290.1881 286.0070 286.6363 286.3531	0
1985 1.9537636E-08 2.1387134E-08 1.6028913E-08 1.8619740E-08 1.2101371E-08 1.0371310E-08 1.5732237E-08 9.9649728E-09 1.3310013E-08 1.3949199E-08 1.5634658E-08 2.1369631E-08 1.6999033E-08 2.5911499E-08 2.7640715E-08	288.1790 293.1092 299.1688 290.2259 296.2864 298.1912 291.1671 294.7758 294.5013 289.5130 290.6128 289.8002 285.1402 285.7033 285.6149	84.052
1986 2.9676038E-08 3.3522291E-08 2.3461059E-08 3.1493084E-08 2.2922467E-08 1.6491517E-08 2.6347083E-08 2.0168413E-08 2.0178584E-08 2.1836202E-08 2.9033071E-08 3.5802920E-08 1.9474101E-08 2.8516149E-08 3.6707085E-08	287.7009 292.6302 299.5128 289.3383 295.4380 298.4054 289.8203 293.5173 293.6166 288.2769 289.1048 288.3487 284.4077 284.7375 284.3952	37.4467
1987 2.7038988E-08 3.6211347E-08 2.4203413E-08 2.5356290E-08 2.2417588E-08 1.9851255E-08 1.7621515E-08 1.7305744E-08 2.3638487E-08 1.9562695E-08 2.6458915E-08 3.5552919E-08 2.5641869E-08 3.4639218E-08 3.6579038E-08	287.6998 292.3668 299.5043 289.2104 294.9879 298.4332 289.6674 293.1023 293.1063 288.0985 288.9835 288.2043 284.4149 284.9879 284.7767	508.467
1988 1.5531343E-08 1.7334260E-08 1.3909122E-08 1.4555299E-08 1.0614653E-08 8.2470812E-09 1.2355949E-08 8.1666673E-09 1.0157322E-08 1.2070195E-08 1.5671255E-08 1.7652694E-08 1.3694716E-08 2.1541549E-08 2.5238291E-08	288.9350 293.6323 299.2690 291.3357 297.2181 298.2587 292.2899 295.7815 295.1502 290.3159 291.5552 290.7379 285.9551 286.6300 286.6011	53.2503
1989 1.8427716E-08 1.9964947E-08 1.5244103E-08 1.9219680E-08 1.1962460E-08 9.9750590E-09 1.7197266E-08 1.2444922E-08 1.3336585E-08 1.5759593E-08 2.0881261E-08 2.3977163E-08 1.8373642E-08 2.6703459E-08 2.8698222E-08	288.8500 293.6565 299.2279 290.9651 297.0671 298.2187 291.8213 295.5175 295.0971 290.1386 291.3188 290.5375 286.0005 286.7254 286.6938	2.14467
1990 2.5984779E-08 2.8925204E-08 1.5623884E-08 2.5701365E-08 1.8020083E-08 1.1614246E-08 1.9148851E-08 1.5040104E-08 1.5442140E-08 1.4589325E-08 1.9904823E-08 2.5461567E-08 1.6507848E-08 2.3178998E-08 2.8159356E-08	287.9129 292.7731 299.2468 289.5997 295.6389 298.2472 290.2956 293.8240 293.5918 288.8418 289.6678 288.7763 285.0251 285.3040 284.9352	151.1
1991 3.2863415E-08 3.7492068E-08 2.4228825E-08 2.8942331E-08 2.3931696E-08 1.7114967E-08 1.8492504E-08 1.8029082E-08 2.2784237E-08 1.6668777E-08 2.3581148E-08 3.1904740E-08 2.0615635E-08 2.7473579E-08 3.4471274E-08	287.4552 292.4784 299.1920 289.3931 295.4919 298.2184 290.2269 293.9160 293.8122 288.6129 289.6139 288.9644 284.5364 285.0646 285.0174	224.383
1992 2.5540746E-08 3.0434812E-08 2.5145910E-08 2.6440215E-08 2.0959346E-08 1.6659421E-08 1.9914857E-08 1.6953306E-08 2.2949999E-08 1.7374532E-08 2.1617119E-08 3.1922323E-08 2.1564480E-08 2.9731829E-08 3.5791309E-08	287.5359 292.4174 299.3339 289.1021 295.1465 298.2800 289.6297 293.2789 293.2004 287.9914 289.0154 288.2054 284.1235 284.6847 284.3242	97.4333
1993 3.3549220E-08 3.5860356E-08 2.6106827E-08 3.0228765E-08 2.4485169E-08 1.9324695E-08 2.1631754E-08 1.8225325E-08 2.2127862E-08 2.0946123E-08 2.3976940E-08 3.0895201E-08 2.3248141E-08 2.7922708E-08 3.2340974E-08	286.8675 291.7644 299.1487 288.3008 294.2213 298.1793 288.9091 292.4952 292.8372 287.6637 288.6147 287.9583 284.0863 284.6660 284.4538	2.119
1994 2.6695771E-08 3.0077942E-08 2.1566038E-08 2.7082645E-08 1.7992976E-08 1.3374448E-08 2.2035053E-08 1.6553630E-08 1.6415116E-08 2.0667047E-08 2.5482185E-08 3.1520962E-08 1.8885414E-08 2.4922578E-08 3.2761339E-08	288.0736 292.5879 299.0874 289.3481 295.1414 298.1129 289.5978 293.0730 293.0773 287.9390 288.8195 288.1744 284.1794 284.6205 284.4320	2.52467
1995 2.9222345E-08 3.3108776E-08 2.3263384E-08 2.9773311E-08 2.2759684E-08 1.6846343E-08 2.3849132E-08 1.6909977E-08 1.7026576E-08 2.1176115E-08 2.2418924E-08 2.5066244E-08 2.1694675E-08 2.5141860E-08 2.6638364E-08	287.8231 292.4638 299.2932 289.6863 295.4844 298.2866 290.3503 293.7784 293.5379 288.7401 289.6877 288.8966 284.9725 285.4634 285.3101	188.976
1996 2.2246079E-08 2.4194273E-08 1.6350835E-08 2.4182750E-08 1.6651672E-08 1.3055982E-08 1.9838817E-08 1.5502980E-08 1.6587615E-08 1.7629331E-08 2.0080474E-08 2.4864111E-08 1.6491692E-08 2.3787525E-08 2.8736379E-08	288.3268 293.0764 299.2281 290.4213 296.1223 298.2229 291.1716 294.4447 294.1070 289.3550 290.3392 289.4160 285.2093 285.6875 285.4435	488.987
1997 4.6504685E-08 4.9306465E-08 3.9438145E-08 4.0523027E-08 2.9722216E-08 2.4496968E-08 2.5515913E-08 2.0674332E-08 2.5455035E-08 2.2999783E-08 2.5993804E-08 3.4456747E-08 2.6007434E-08 3.1100331E-08 3.4364902E-08	286.0469 290.8791 299.1713 287.2135 293.0959 298.1682 287.8269 291.2977 291.6385 286.7441 287.3217 286.4487 283.2129 283.4721 283.0367	28.87
1998 1.4353336E-08 1.6997555E-08 1.5146801E-08 1.7656511E-08 1.0409360E-08 9.5795913E-09 1.3246915E-08 7.6465367E-09 8.5271150E-09 1.0655607E-08 1.2300395E-08 1.4018491E-08 1.1508991E-08 1.6494957E-08 1.9883229E-08	289.0562 293.5997 299.2056 291.1731 296.8185 298.2149 292.1185 295.3303 294.6537 290.5224 291.4908 290.4669 286.6013 287.2023 286.8659	2972.07
1999 1.6242964E-08 1.6843574E-08 1.0063189E-08 1.6148343E-08 1.0372750E-08 7.7689766E-09 1.0701875E-08 6.3701320E-09 7.5061291E-09 7.7141138E-09 9.1882200E-09 1.3440890E-08 8.9715844E-09 1.4370381E-08 1.7754093E-08	288.7155 293.5332 299.2729 291.2028 297.0380 298.2780 292.4449 295.8095 295.1789 290.8827 291.8745 290.8111 286.5260 287.0714 286.8156	1069.6
2000 1.6036132E-08 1.8215285E-08 1.2331064E-08 1.5927151E-08 1.1573817E-08 8.8218393E-09 1.4816604E-08 1.0235091E-08 1.1738274E-08 1.2923892E-08 1.6586180E-08 2.0525677E-08 1.2745871E-08 1.9243251E-08 2.3258181E-08	289.0314 293.7487 299.3069 291.2257 297.1722 298.2741 292.0357 295.6448 295.1972 290.2813 291.4382 290.7131 286.1227 286.7765 286.7095	5.02433
2001 2.0776245E-08 2.6947969E-08 1.8695831E-08 2.2984578E-08 1.6755456E-08 1.1672500E-08 1.7315834E-08 1.4839722E-08 1.2206460E-08 1.5568228E-08 2.1190141E-08 2.2159078E-08 1.5670992E-08 2.2342773E-08 2.5437014E-08	288.1096 292.8690 299.4597 290.1660 296.0669 298.3987 290.8864 294.2426 294.0001 289.1662 289.9132 289.1193 285.0524 285.5112 285.3361	1015.47
2002 2.6963910E-08 3.2052547E-08 2.0381577E-08 2.6908863E-08 2.0153340E-08 1.4115937E-08 2.2766878E-08 1.8872257E-08 2.0050127E-08 2.0295834E-08 2.6655675E-08 3.2829515E-08 2.2114804E-08 3.0841520E-08 3.6481438E-08	287.9979 292.8243 299.2385 289.8703 295.7250 298.2344 290.3898 293.7884 293.6544 288.3889 289.2195 288.6884 284.2498 284.7515 284.7876	7150.03
2003 1.9688420E-08 2.2238073E-08 2.0199472E-08 2.1502064E-08 1.2261475E-08 1.1426311E-08 1.8102890E-08 1.3596814E-08 1.4034327E-08 1.6613773E-08 2.2384292E-08 2.7427101E-08 1.5871079E-08 2.3346399E-08 2.9573751E-08	288.6688 293.2613 299.5432 290.7595 296.6657 298.4607 291.6062 295.1276 294.5479 289.8055 290.8759 289.8575 285.5708 286.2321 285.8823	175.151
2004 2.1891532E-08 3.0522429E-08 2.1353435E-08 2.1115422E-08 1.5830508E-08 1.3357063E-08 1.3249887E-08 1.1249352E-08 1.4399922E-08 1.1221294E-08 1.6111475E-08 2.4620329E-08 1.4350482E-08 2.2971751E-08 2.8505635E-08	288.2936 292.9754 299.4411 290.0996 295.9304 298.3846 290.7598 294.1697 293.9017 288.9913 289.8975 289.0603 284.8646 285.3457 285.1102	425.2
2005 2.0251097E-08 2.2258540E-08 1.6402472E-08 2.1128754E-08 1.2187896E-08 1.0040250E-08 1.7568251E-08 1.2246597E-08 1.2572812E-08 1.5576610E-08 1.8514374E-08 2.4312140E-08 1.9497021E-08 2.6811064E-08 3.0722820E-08	288.1984 292.7100 299.3887 290.0715 295.8688 298.3644 291.0214 294.3700 294.0723 289.5483 290.5527 289.6137 285.5099 285.9854 285.5961	0
2006 2.3482407E-08 2.3535010E-08 1.5217259E-08 2.3532497E-08 1.8014472E-08 1.1523211E-08 1.8673386E-08 1.5401751E-08 1.5031995E-08 1.5356250E-08 2.1325047E-08 2.8596522E-08 1.5618070E-08 2.6249049E-08 3.2367176E-08	288.4939 293.0497 299.4680 290.3556 295.9964 298.4174 290.9489 294.2635 294.1254 289.2062 290.1703 289.4178 285.3997 285.9716 285.6897	155.646
2007 1.3648114E-08 1.4117560E-08 1.2863140E-08 1.2932908E-08 7.1036736E-09 7.3297763E-09 1.1227189E-08 7.3809749E-09 8.8313179E-09 1.1913126E-08 1.4284195E-08 1.7851491E-08 1.4538626E-08 2.0551335E-08 2.1640663E-08	288.7696 293.5582 299.5892 291.2126 297.0202 298.5085 292.3695 295.6572 294.9802 290.7885 291.8113 290.7230 286.7049 287.3335 287.0198	645.9
2008 1.9493697E-08 2.3825592E-08 1.4545369E-08 1.5259156E-08 1.2205229E-08 8.7661824E-09 1.2174527E-08 9.5769188E-09 1.2113250E-08 1.5312722E-08 1.7933868E-08 2.3050045E-08 1.9674690E-08 2.6950735E-08 2.8967142E-08	289.0681 293.4953 299.2125 291.1579 296.6924 298.2090 291.9017 295.1398 294.6185 290.0382 290.8900 290.0531 285.6536 286.1727 286.1348	88.0033
2009 3.1300534E-08 3.4554315E-08 2.9517444E-08 3.1358173E-08 2.2924517E-08 2.0041099E-08 2.1288891E-08 1.5944643E-08 2.1049065E-08 1.8997623E-08 2.1848839E-08 2.8366555E-08 1.9306071E-08 2.8496590E-08 3.3994269E-08	287.5759 292.3142 299.5910 289.0392 294.9758 298.4990 289.7523 293.1803 292.9405 288.5806 289.3100 288.2903 284.9098 285.3490 284.9102	6.384
2010 1.1131914E-08 1.3203873E-08 1.3566069E-08 1.3327885E-08 8.5821332E-09 8.5962704E-09 9.6952490E-09 6.1277046E-09 8.8819299E-09 7.8930329E-09 1.0111742E-08 1.4118293E-08 1.2672740E-08 1.7348224E-08 2.0059380E-08	289.5332 294.0121 299.5727 291.9102 297.6230 298.5239 292.9974 296.4162 295.7208 291.4665 292.5707 291.5203 287.2083 287.8708 287.5511	0
2011 1.5020216E-08 1.5842717E-08 1.3918211E-08 1.6975841E-08 9.2058832E-09 7.8225915E-09 1.3304522E-08 9.1312975E-09 9.3273593E-09 1.3072491E-08 1.4341690E-08 1.7635923E-08 1.6508885E-08 2.0666507E-08 2.3737448E-08	288.9394 293.4659 299.0623 290.9938 296.8442 298.1108 292.0028 295.3390 294.7157 290.5240 291.6516 290.5687 286.3681 287.0417 286.7363	1.06667
2012 2.0697190E-08 2.3739691E-08 1.8070049E-08 2.5942317E-08 1.7155250E-08 1.4558529E-08 2.2215188E-08 1.6094598E-08 1.8913429E-08 1.7275074E-08 2.2357980E-08 3.0361058E-08 1.8630310E-08 2.6785271E-08 3.3145533E-08	288.6845 293.3736 299.2113 290.4222 296.3644 298.2185 291.0410 294.5780 294.2803 289.4606 290.3660 289.5421 285.5092 286.0502 285.8353	4.01167
2013 1.8825512E-08 2.1194348E-08 1.5523826E-08 2.0400174E-08 1.3800372E-08 9.6571462E-09 1.4400431E-08 1.0934011E-08 1.0462845E-08 1.1818035E-08 1.4765106E-08 1.9978152E-08 1.4423914E-08 2.2480949E-08 2.5461501E-08	288.9413 293.5030 299.6574 291.1843 296.8291 298.5552 292.1381 295.4086 294.7809 290.4163 291.3946 290.4229 286.0756 286.6814 286.5739	0
2014 2.0404132E-08 2.5933314E-08 1.8983306E-08 2.0177438E-08 1.4414221E-08 1.1993015E-08 1.9283606E-08 1.3405669E-08 1.2887560E-08 1.8981515E-08 2.0794550E-08 2.2458579E-08 2.2988861E-08 2.8574277E-08 3.1282170E-08	288.0070 292.7201 299.3417 289.7426 295.6547 298.3106 290.3897 293.8790 293.6684 288.7767 289.6753 288.8986 284.8872 285.3182 285.1088	26.5893
2015 4.5446036E-08 4.3418652E-08 2.7076958E-08 4.5790561E-08 3.2740868E-08 2.4520537E-08 3.6188787E-08 3.0015428E-08 3.3631864E-08 2.9356466E-08 3.6293553E-08 4.6732520E-08 2.9131776E-08 3.5720753E-08 4.1744691E-08  286.3129 290.9914 299.2309 286.9513 292.7599 298.2141 287.2318 290.5908 291.1589 286.1922 286.8101 286.0802 283.0759 283.3173 282.9168  
