STN,prec_1,prec_2,prec_3,prec_4,prec_5,prec_6,prec_7,prec_8,prec_9,prec_10,prec_11,prec_12,prec_13,prec_14,prec_15,st_1,st_2,st_3,st_4,st_5,st_6,st_7,st_8,st_9,st_10,st_11,st_12,st_13,st_14,st_15,04.0
LAT,23.72017,23.72017,23.72017,26.51077,26.51077,26.51077,29.30136,29.30136,29.30136,32.09194,32.09194,32.09194,34.88252,34.88252,34.88252,23.72017,23.72017,23.72017,26.51077,26.51077,26.51077,29.30136,29.30136,29.30136,32.09194,32.09194,32.09194,34.88252,34.88252,34.88252,28.30888906
LON,-101.2500,-98.43750,-95.62500,-101.2500,-98.43750,-95.62500,-101.2500,-98.43750,-95.62500,-101.2500,-98.43750,-95.62500,-101.2500,-98.43750,-95.62500,-101.2500,-98.43750,-95.62500,-101.2500,-98.43750,-95.62500,-101.2500,-98.43750,-95.62500,-101.2500,-98.43750,-95.62500,-101.2500,-98.43750,-95.62500,-98.5572384
1958 1.9430585E-08 6.3387056E-08 1.5633431E-08 2.9158032E-08 3.9351672E-08 1.4459818E-08 3.1561992E-08 3.0774075E-08 3.1360507E-08 3.5468545E-08 4.9975263E-08 4.9010573E-08 4.3977018E-08 5.3707865E-08 5.4069510E-08	291.8080 295.1097 297.4155 293.2078 298.3274 295.6941 294.1409 296.7599 295.8886 292.5724 292.3417 291.3540 288.2907 288.6374 288.5910	1.68
1959 2.3673149E-08 6.1933541E-08 1.7771914E-08 3.1446522E-08 3.1275622E-08 1.3302294E-08 2.5467918E-08 1.7842074E-08 2.0998943E-08 2.4206352E-08 3.0167037E-08 3.5894256E-08 3.1827195E-08 3.9465593E-08 4.5760775E-08	292.4656 295.0806 297.9055 293.7990 298.6988 296.0412 294.7135 297.5483 296.6099 293.4787 293.1313 291.7119 289.4056 289.4852 288.8996	1.42
1960 2.6210218E-08 5.1624021E-08 1.1424090E-08 2.9536244E-08 2.6468195E-08 1.0031936E-08 2.6491444E-08 1.6604673E-08 1.5960421E-08 2.4045578E-08 2.8849763E-08 2.8818846E-08 2.8242066E-08 3.4881001E-08 3.6334662E-08	292.9426 295.5379 296.8200 294.8165 299.6887 295.4107 296.2453 299.0773 298.0234 295.3138 295.2529 293.7901 291.3847 291.6237 291.0930	15.9333
1961 3.0641132E-08 6.1492997E-08 1.3644442E-08 3.2673263E-08 3.3031572E-08 1.2038413E-08 2.5588824E-08 1.9639241E-08 2.1258748E-08 1.9834250E-08 2.6684885E-08 3.2236930E-08 2.3359805E-08 3.0603609E-08 3.5217241E-08	292.5440 295.3702 298.0429 294.5797 299.6050 296.5790 296.2758 299.1010 298.0862 295.5517 295.4404 293.7681 291.7092 291.6918 290.8740	60.1733
1962 2.8131582E-08 6.6036272E-08 1.7562787E-08 3.1695549E-08 3.4906712E-08 1.2281149E-08 2.6819807E-08 1.6440653E-08 2.0757156E-08 2.2892882E-08 2.7636384E-08 2.9720731E-08 3.1618463E-08 3.8681438E-08 3.8639374E-08	292.8778 295.5746 298.2607 294.6737 299.4414 296.6117 296.1584 299.1111 298.2040 295.2354 295.2678 293.7138 291.0695 291.1135 290.5441	5.62333
1963 2.5908053E-08 7.0160482E-08 1.4271958E-08 3.1246234E-08 4.3603070E-08 1.3610157E-08 2.9778528E-08 2.9336276E-08 3.3290558E-08 2.7483528E-08 3.7956415E-08 4.1866176E-08 3.1333844E-08 4.0286977E-08 4.2710919E-08	292.4450 295.6850 297.8463 294.3412 299.5784 296.2632 295.7714 298.8529 297.9256 294.7957 294.8946 293.5434 290.7344 291.0171 290.5015	28.0067
1964 2.6274785E-08 5.4883394E-08 1.3187398E-08 2.9612167E-08 2.9774187E-08 1.0927808E-08 2.2472772E-08 1.4055679E-08 1.7704958E-08 2.0133365E-08 2.1889006E-08 2.5887804E-08 2.5079354E-08 3.2759171E-08 3.4450281E-08	292.6391 295.3995 297.3105 294.2515 299.2158 295.7109 295.6725 298.6230 297.5646 294.6614 294.5988 293.1329 290.4773 290.6752 290.2213	5.86
1965 2.4370399E-08 7.3441946E-08 1.6493914E-08 3.5752429E-08 5.1330890E-08 1.7962034E-08 3.9705967E-08 3.4453073E-08 3.8435548E-08 3.4467874E-08 4.1467018E-08 4.6461544E-08 3.6543213E-08 4.5196145E-08 4.9212783E-08	291.7327 294.9059 296.8799 293.3221 298.4112 295.3924 294.5325 297.5878 296.9468 293.7902 293.9064 292.7029 290.0718 290.2792 289.9111	0.183333
1966 2.6735695E-08 6.4300828E-08 1.6009944E-08 3.5266815E-08 4.4702876E-08 1.5195775E-08 3.3556780E-08 3.2578743E-08 3.5249109E-08 3.2560415E-08 4.3594188E-08 4.6420492E-08 4.2588443E-08 5.5783229E-08 5.5592398E-08	290.9611 294.5247 296.8496 292.8743 297.8427 295.3102 294.2420 296.7995 296.1148 293.1803 292.8900 291.7560 289.2312 289.3617 289.1580	377.87
1967 3.0859834E-08 6.4271461E-08 1.4113539E-08 2.9829479E-08 3.3512226E-08 1.2591514E-08 2.4581244E-08 1.7902146E-08 2.3194580E-08 1.9846002E-08 2.6720826E-08 3.5321339E-08 2.3280164E-08 3.3837217E-08 4.0604569E-08	292.5399 295.5116 297.6082 294.5381 299.4082 296.1986 295.8844 298.7491 297.6841 294.7104 294.6920 293.2164 290.3799 290.5556 290.0308	137.4
1968 3.2808906E-08 6.5429759E-08 1.4074378E-08 3.7641325E-08 3.5868979E-08 1.2780185E-08 3.1320603E-08 2.2136780E-08 2.3319012E-08 2.5390420E-08 2.8281052E-08 3.3841282E-08 2.9666989E-08 3.4856285E-08 3.7574942E-08	291.5280 294.5961 296.6164 293.2082 298.3116 295.4761 294.6140 297.6748 296.8930 293.6371 293.7189 292.3965 289.6503 289.8664 289.4187	96.7667
1969 2.4740082E-08 5.7885767E-08 1.5415354E-08 3.2003097E-08 3.6134136E-08 1.3372232E-08 3.2866030E-08 3.0323360E-08 2.6472422E-08 3.6005552E-08 4.7155801E-08 4.3506706E-08 3.8323805E-08 4.7680626E-08 5.0828071E-08	291.7932 295.0099 296.9136 293.3219 298.4365 295.2854 294.3486 297.2905 296.5158 293.2481 293.2733 292.2768 289.4864 289.7766 289.6004	6.4
1970 2.2282864E-08 6.2421222E-08 1.5708693E-08 2.6160901E-08 3.4611823E-08 1.2296020E-08 2.5786925E-08 2.3267857E-08 2.3540464E-08 2.5836755E-08 3.8378023E-08 4.3902219E-08 3.1768831E-08 4.5634106E-08 4.7826383E-08	292.1621 295.1250 296.4246 294.0344 298.9362 294.9714 295.1884 297.8112 296.8150 294.0014 293.5718 292.2307 289.8657 289.9125 289.6196	38
1971 3.0758823E-08 6.8375698E-08 1.3911926E-08 3.4968220E-08 3.9229089E-08 1.3793833E-08 3.1888874E-08 2.2021988E-08 2.4175703E-08 2.3589225E-08 3.0882120E-08 3.8344268E-08 2.6844281E-08 3.6680611E-08 4.2445581E-08	292.5922 295.4983 297.4380 294.4840 299.3873 295.8958 295.7518 298.7969 297.9907 294.7532 295.1339 293.7437 290.7619 291.0451 290.4787	0
1972 2.5972987E-08 7.6940339E-08 1.8556230E-08 3.4340520E-08 4.6769028E-08 1.7232587E-08 3.1830702E-08 3.2560539E-08 4.0718728E-08 3.0167133E-08 4.7251586E-08 5.5235557E-08 3.7094171E-08 5.0710792E-08 5.4534908E-08	292.0458 295.4879 297.9424 293.7113 298.8324 296.5366 294.8445 297.7829 297.1874 293.6057 293.4993 292.3187 289.6447 289.7221 289.4881	6.69167
1973 2.4013247E-08 6.4121259E-08 1.5966451E-08 3.0684987E-08 4.0071654E-08 1.5280991E-08 3.1744271E-08 2.9932782E-08 3.2372476E-08 2.7128578E-08 3.7096676E-08 4.2587001E-08 3.3191860E-08 4.2186883E-08 4.5417877E-08	291.7154 294.8089 297.7523 293.2861 298.2458 296.1451 294.4633 297.1252 296.3947 293.3504 293.0932 291.8984 289.4337 289.5665 289.1671	11.255
1974 2.7649833E-08 7.0309206E-08 1.3332428E-08 2.6905324E-08 3.6201786E-08 1.0985550E-08 2.5021764E-08 1.9462904E-08 2.2298014E-08 2.0528688E-08 3.0140210E-08 3.2330242E-08 2.3864633E-08 3.5948602E-08 4.0253536E-08	292.7852 295.7847 298.0657 295.2415 300.1749 296.7142 296.8623 299.8898 298.7794 295.6860 295.8760 294.5471 291.1931 291.5382 291.0692	35.2133
1975 2.9863326E-08 6.5352779E-08 1.2879124E-08 2.9482530E-08 3.3277512E-08 1.0628150E-08 2.2564922E-08 1.8125229E-08 2.2325924E-08 1.8039936E-08 2.8837539E-08 3.1268073E-08 2.3017478E-08 3.5532182E-08 3.9159328E-08	292.7024 295.6945 298.4102 294.7909 299.8454 296.7488 296.3392 299.3598 298.3590 295.2336 295.3563 293.9150 290.8882 291.1987 290.6708	53.37
1976 3.1070076E-08 6.8073398E-08 1.6772363E-08 3.4927957E-08 3.9949587E-08 1.4245791E-08 2.7701180E-08 2.2967715E-08 2.9175521E-08 2.5738968E-08 3.0682497E-08 3.4736466E-08 2.9293926E-08 3.5843943E-08 3.7831828E-08	292.1502 295.2106 297.6447 293.9372 299.0118 296.2426 295.5661 298.5358 297.6128 294.6444 294.7988 293.3530 290.3690 290.6927 290.2857	60.5937
1977 2.4375769E-08 6.6004752E-08 1.5846107E-08 3.2261134E-08 4.7521315E-08 1.6936612E-08 3.5472869E-08 3.3095596E-08 3.6571699E-08 3.2227511E-08 4.1989647E-08 4.6945015E-08 3.9840870E-08 4.7560448E-08 4.7610364E-08	291.1617 294.8223 297.3301 292.8058 298.1871 295.8481 293.9106 297.0037 296.5006 292.6910 292.8398 292.0181 288.6656 289.2988 289.3997	400.567
1978 3.0271451E-08 6.6287889E-08 1.7954159E-08 3.7152606E-08 3.7301916E-08 1.4649368E-08 2.8421795E-08 2.4678753E-08 2.4395304E-08 2.2499675E-08 3.0512368E-08 3.6820001E-08 2.8598057E-08 3.6701646E-08 4.1881471E-08	291.3430 294.3726 296.8361 293.0355 298.0219 295.1990 294.4462 297.2558 296.3711 293.7348 293.5264 291.9589 289.8861 289.8148 289.2338	0.151667
1979 2.0584681E-08 6.2857652E-08 1.4165556E-08 2.8627943E-08 3.5802920E-08 1.4359497E-08 2.8635020E-08 2.2815318E-08 2.8114597E-08 2.7578313E-08 3.8128551E-08 4.3111989E-08 3.2847382E-08 4.4900776E-08 4.9931145E-08	292.3279 295.3590 296.9972 293.8958 298.8378 295.4443 295.0387 297.8427 296.9540 293.8745 293.7461 292.4816 289.9650 289.9603 289.4942	332.168
1980 2.9565442E-08 7.1799725E-08 1.6004766E-08 3.6608270E-08 4.1185416E-08 1.3153153E-08 3.6622762E-08 2.5595442E-08 2.9483669E-08 3.1457827E-08 3.3111881E-08 4.0058140E-08 3.5991338E-08 4.0334537E-08 4.3043119E-08	290.8753 294.3248 297.5120 292.9371 298.0561 296.0042 294.4494 297.2767 296.5840 293.3055 293.2831 292.1482 289.4394 289.7512 289.6534	0.00166667
1981 2.5209214E-08 6.0059463E-08 1.3328902E-08 3.2004444E-08 3.6716102E-08 1.2829579E-08 3.2130338E-08 2.7690501E-08 2.4853041E-08 2.4785177E-08 3.5067384E-08 3.8784329E-08 2.5776121E-08 3.6284003E-08 4.0514180E-08	292.8850 295.3343 297.3589 294.3635 298.9239 295.8161 295.3727 298.0937 297.2779 294.4139 294.3729 292.9835 290.4593 290.3159 289.8451	139.658
1982 2.5885598E-08 6.5079476E-08 1.3488694E-08 3.2193793E-08 3.7987100E-08 1.2289744E-08 2.7236085E-08 2.0950177E-08 2.6274581E-08 2.2515733E-08 2.8282230E-08 3.3122767E-08 2.7917380E-08 3.5657546E-08 4.1587562E-08	292.6407 295.7057 298.2432 294.3831 299.2923 296.2525 295.7997 298.5099 297.5986 294.9923 294.7656 293.2763 290.6249 290.7156 290.1284	30.7667
1983 1.7761879E-08 5.5345392E-08 1.5405542E-08 2.8422571E-08 3.4716990E-08 1.7070843E-08 2.7507774E-08 2.5537551E-08 3.4928185E-08 2.6119416E-08 4.1440096E-08 5.3723575E-08 3.9457422E-08 5.0969376E-08 6.0403828E-08	292.6981 295.6302 297.3516 293.4831 298.5513 295.1960 294.2762 296.6407 295.6938 292.7539 292.1863 290.9035 288.3323 288.4097 288.0666	0.0993333
1984 2.7735018E-08 6.0674473E-08 1.2500591E-08 2.9983386E-08 3.3990251E-08 1.2303151E-08 2.7323027E-08 2.1440963E-08 2.2818636E-08 2.6325743E-08 3.4275711E-08 3.7135266E-08 3.0466566E-08 4.0295145E-08 4.1384844E-08	292.4820 295.5740 296.6694 294.5441 299.6653 295.4684 295.8513 298.9226 297.9000 294.7660 294.7826 293.4926 290.6413 290.8309 290.5500	0.00766667
1985 3.5452583E-08 7.1247108E-08 1.5503749E-08 3.6910834E-08 4.0579110E-08 1.3232550E-08 3.3360866E-08 2.2886255E-08 2.7659338E-08 2.5224717E-08 2.7166903E-08 3.1005218E-08 2.4943478E-08 3.2108399E-08 3.6655102E-08	291.2678 294.7069 297.8095 293.6046 298.8071 295.9620 295.4702 298.6128 298.0311 295.1956 295.5245 294.1855 291.8290 292.1362 291.5917	506.5
1986 2.8239809E-08 6.8784779E-08 1.6355338E-08 3.0899432E-08 4.1233005E-08 1.5741033E-08 2.9050984E-08 2.5545200E-08 2.9575924E-08 2.8432911E-08 3.5912620E-08 4.0316269E-08 3.2467362E-08 4.2444864E-08 4.4744279E-08	291.3797 294.8904 297.6628 293.1946 298.4613 296.5969 294.6480 297.7151 297.0094 293.7221 293.6471 292.4594 289.6081 289.6005 289.4193	0.397667
1987 1.7778801E-08 5.6055910E-08 1.5124060E-08 3.0656064E-08 3.6780254E-08 1.4418374E-08 3.1942029E-08 2.5296410E-08 3.0557462E-08 2.9821773E-08 3.5425618E-08 4.5068102E-08 3.8939955E-08 4.5444537E-08 4.5775380E-08	291.8666 295.0337 296.7758 293.0366 298.0232 295.4406 293.6867 296.3525 295.7513 292.1764 292.1528 291.1243 288.1363 288.6127 288.5444	88.2333
1988 2.6121310E-08 5.6483145E-08 1.1881236E-08 2.9294652E-08 2.9025179E-08 1.1184279E-08 2.5021574E-08 2.0517824E-08 2.0770971E-08 2.5538817E-08 3.7209873E-08 3.8258555E-08 2.9985703E-08 4.7466056E-08 5.1253643E-08	292.6219 295.4407 296.3735 294.4912 299.3545 294.6196 295.9679 298.5923 297.4939 294.9571 294.5617 293.2536 290.7942 290.6068 290.3969	16.81
1989 3.3887730E-08 6.4374959E-08 9.9586801E-09 3.3050579E-08 3.4039235E-08 9.2326529E-09 2.9246106E-08 1.6110423E-08 1.8948066E-08 2.3893133E-08 2.3008759E-08 2.6009689E-08 2.5761384E-08 3.2977660E-08 3.2792514E-08	292.2523 295.3703 297.4094 294.8422 299.9846 296.0647 296.9309 300.0691 299.1964 296.6589 296.9059 295.6963 293.1982 293.4205 292.9749	1.07067
1990 2.7576492E-08 6.6965910E-08 1.9481574E-08 3.3730533E-08 4.0022076E-08 1.5680456E-08 3.1522902E-08 2.3563137E-08 2.7396464E-08 2.8868300E-08 3.2906939E-08 3.6034294E-08 3.3442959E-08 4.0172054E-08 3.9791718E-08	291.3244 294.6305 297.8308 293.0602 298.2350 295.8494 294.4166 297.5519 296.8405 293.6295 293.7151 292.4015 289.8646 290.1215 289.7042	642.867
1991 2.9552099E-08 7.4258743E-08 1.9404716E-08 3.8568910E-08 4.3749711E-08 1.6323028E-08 3.4798319E-08 2.7505056E-08 2.8467950E-08 3.0185568E-08 3.4343245E-08 3.9339284E-08 2.9505259E-08 3.8269352E-08 4.1763343E-08	291.2685 294.4076 297.9887 292.8289 297.9168 296.1670 294.0984 297.0773 296.3557 293.4245 293.3083 291.9437 289.7956 289.9930 289.4829	98.6457
1992 2.4454909E-08 6.4357778E-08 1.6533257E-08 3.5033644E-08 4.0080895E-08 1.7233448E-08 3.5589846E-08 3.1984122E-08 3.0805804E-08 3.2752332E-08 4.3136538E-08 4.2288793E-08 4.0544467E-08 5.0736041E-08 4.7415167E-08	291.3439 294.4690 297.3791 292.6153 297.5547 295.7943 293.6411 296.0159 295.5432 292.5317 292.1782 291.1956 288.7969 289.0405 288.8796	660.733
1993 3.0336970E-08 7.3555441E-08 1.8856799E-08 4.0112479E-08 4.2073630E-08 1.3032601E-08 3.6686334E-08 2.6601242E-08 2.6014515E-08 2.8623800E-08 3.7402959E-08 3.9199133E-08 3.4575677E-08 4.2149679E-08 4.3874248E-08	290.5784 293.7964 297.2517 292.1269 297.3935 295.9862 293.4186 296.4487 295.7849 292.7523 292.7209 291.4829 289.0583 289.2720 288.9616	30.59
1994 2.7753279E-08 7.2859869E-08 1.9431502E-08 3.4745629E-08 4.5474195E-08 1.7509526E-08 3.2899948E-08 2.9671044E-08 2.9216206E-08 3.1828030E-08 4.0653326E-08 4.7075126E-08 3.9888135E-08 5.1300972E-08 5.6685387E-08	291.3116 294.5636 297.2849 293.0419 298.0412 295.7215 294.3785 297.2036 296.5244 293.2563 293.2392 292.1141 289.1729 289.3417 289.2673	0.407
1995 3.0511750E-08 6.5295616E-08 1.7557646E-08 3.1237473E-08 3.9481748E-08 1.3940712E-08 2.9939731E-08 2.3943267E-08 2.7953494E-08 2.6127298E-08 3.3807222E-08 4.1731433E-08 3.0475245E-08 3.9145306E-08 4.4497213E-08	290.8695 294.5046 297.5783 292.9030 297.9594 296.5323 294.3791 297.1553 296.3708 293.5406 293.4131 292.0661 289.6158 289.9393 289.5653	62.9717
1996 2.7550286E-08 6.8855016E-08 1.0179098E-08 3.1470943E-08 3.8748716E-08 1.2968354E-08 2.9508669E-08 2.3632623E-08 2.3553502E-08 2.3892895E-08 3.0168181E-08 3.4007186E-08 2.6224752E-08 3.6962842E-08 4.1506883E-08	293.4051 296.3073 296.7880 295.1808 299.8451 295.2090 296.4382 299.2699 298.1107 295.4984 295.5592 294.0560 291.3293 291.5582 290.9590	0
1997 2.7273357E-08 6.0869247E-08 1.4541558E-08 3.1309135E-08 3.2312428E-08 1.1323697E-08 3.0370327E-08 1.7881655E-08 2.0976609E-08 2.5795735E-08 2.5215583E-08 3.0843424E-08 2.9452721E-08 3.3955377E-08 3.5450743E-08	292.1069 295.1122 297.5294 293.7817 298.7973 295.6816 295.1751 298.2236 297.3773 294.3370 294.3366 292.8294 290.1715 290.3409 289.7546	269.9
1998 1.6659985E-08 5.0034366E-08 1.3623175E-08 2.5028969E-08 2.9103751E-08 1.5191661E-08 2.4725646E-08 2.5535750E-08 2.9397258E-08 2.5254881E-08 4.0773742E-08 4.6104518E-08 3.2314755E-08 4.8102315E-08 4.9549715E-08	293.5099 296.4028 296.9739 294.3025 299.1694 295.8386 294.9191 297.0402 295.8790 293.0352 292.2287 290.9807 288.5421 288.3681 287.9778	1.902
1999 3.3083285E-08 5.6970450E-08 1.0224976E-08 3.1983067E-08 2.7128614E-08 9.8579225E-09 2.8490240E-08 1.6760175E-08 1.5380829E-08 2.3141864E-08 2.3478719E-08 2.4062686E-08 2.5350671E-08 3.0588712E-08 3.0902068E-08	293.0903 295.9226 297.8631 295.7201 300.7004 296.4005 297.7946 300.6718 299.6192 297.4389 297.8512 296.5370 293.7896 294.1135 293.6881	257.7
2000 3.6046245E-08 6.7438314E-08 1.0797295E-08 3.5429473E-08 3.8152869E-08 1.0068261E-08 2.9290462E-08 1.8183254E-08 2.3949513E-08 2.1287100E-08 2.5749435E-08 3.0695599E-08 2.1341661E-08 2.9604111E-08 3.3676308E-08	292.5521 295.9934 298.4705 295.2180 300.7026 297.3457 297.6259 301.0784 299.9054 297.3995 297.9174 296.3290 293.8289 294.2049 293.5050	7.28567
2001 2.5332092E-08 6.0812226E-08 9.8281889E-09 3.0964166E-08 3.8841012E-08 1.1721005E-08 3.2247584E-08 2.5718927E-08 2.9184459E-08 2.7095949E-08 3.9568324E-08 4.4871683E-08 3.0211417E-08 4.3151690E-08 4.4160437E-08	292.3565 295.7980 297.6367 294.5936 299.9570 296.3998 296.2942 299.3612 298.5645 295.5212 295.4675 294.1705 291.7135 291.7411 291.4308	53.4
2002 2.6249936E-08 6.2712147E-08 1.4799581E-08 3.5922579E-08 4.3282594E-08 1.3457802E-08 3.9524828E-08 2.9564834E-08 3.0288643E-08 3.3309085E-08 3.9693916E-08 4.1057628E-08 3.6559996E-08 4.2526597E-08 4.3035129E-08	291.1694 294.3006 296.9579 292.8546 298.0830 295.8431 294.2495 297.3981 296.9459 293.4601 293.7470 292.7634 290.1203 290.4471 290.2462	0.148333
2003 2.3184523E-08 5.8836804E-08 1.3032799E-08 3.2349927E-08 3.4972270E-08 1.2371554E-08 2.8244392E-08 2.2630745E-08 2.5110937E-08 2.4001158E-08 3.2910187E-08 3.8165201E-08 3.2960575E-08 4.1510486E-08 4.6188795E-08	291.8070 294.8541 297.7885 293.3264 298.3397 295.6474 294.6406 297.3146 296.5177 293.6624 293.2754 292.1334 289.6053 289.7246 289.4865	24.7367
2004 3.1276290E-08 6.3210180E-08 1.7575619E-08 3.4375603E-08 4.0103096E-08 1.4907204E-08 3.0149412E-08 2.4055392E-08 3.0721079E-08 2.3638329E-08 2.8699631E-08 3.8221220E-08 2.5504582E-08 3.2275441E-08 3.8709810E-08	291.6360 295.0153 297.6190 293.3581 298.5692 296.1743 294.8637 297.9414 297.4301 294.3414 294.4760 293.3013 290.6474 291.0024 290.5112	1865.5
2005 2.8059510E-08 5.8872864E-08 1.6426027E-08 3.9764927E-08 3.5794237E-08 1.2995974E-08 3.2116311E-08 1.9603375E-08 2.0082574E-08 2.4418977E-08 2.7221732E-08 3.0613634E-08 2.8732677E-08 3.4077555E-08 3.8177657E-08	291.8741 294.5981 297.0898 293.1822 297.9458 295.6337 294.5316 297.4095 296.7777 294.0664 293.9650 292.6907 290.4236 290.6919 290.1631	159.667
2006 2.5145487E-08 5.8081213E-08 1.0539850E-08 2.9103775E-08 3.3081818E-08 1.0018455E-08 2.6798126E-08 1.7322549E-08 1.8261291E-08 1.9158211E-08 2.2201281E-08 2.9650341E-08 2.3737806E-08 3.1963257E-08 3.7924313E-08	293.2453 295.8862 297.6866 295.0709 299.7961 296.5122 296.5167 299.3524 298.3242 295.9103 295.7466 294.0024 291.9481 291.8277 291.0404	0.046
2007 2.6093254E-08 6.5223439E-08 1.4493500E-08 3.4261319E-08 3.9955911E-08 1.2942637E-08 3.4104541E-08 2.5890428E-08 2.9132048E-08 2.9283683E-08 3.8873377E-08 4.4325510E-08 3.4544840E-08 4.7025413E-08 4.9917634E-08	291.6617 294.8386 297.7324 293.3203 298.4407 295.8503 294.7123 297.7360 297.0000 294.0276 293.9681 292.7348 290.2777 290.2227 289.9443	4.852
2008 2.4751015E-08 4.5662997E-08 9.9291100E-09 2.3192957E-08 1.7660559E-08 8.3008231E-09 1.8313147E-08 1.0927908E-08 1.1458014E-08 1.3186330E-08 1.9380959E-08 2.1723825E-08 1.6849681E-08 2.5510444E-08 3.0502076E-08	294.1445 296.4217 297.4882 296.3157 301.0408 295.4650 297.9083 300.4661 299.1226 297.0480 296.9797 295.2108 292.9006 292.9316 291.9652	4.06667
2009 3.4719125E-08 6.9390566E-08 1.4774254E-08 3.3737997E-08 3.6935404E-08 1.4365608E-08 3.2436606E-08 2.2753692E-08 2.9037249E-08 2.6865342E-08 3.3258285E-08 3.9162206E-08 2.9446968E-08 4.0409475E-08 4.5942610E-08	292.0217 295.3332 297.5287 294.4287 299.7004 296.1496 296.1404 299.2181 298.2894 295.5253 295.4921 294.0846 291.7445 291.7017 291.1262	0
2010 2.1832440E-08 5.1770655E-08 1.4581299E-08 2.9593446E-08 2.8778269E-08 1.4248786E-08 2.5824813E-08 2.2441991E-08 2.6603677E-08 2.4771623E-08 3.0404042E-08 3.6485332E-08 3.1278091E-08 3.6518315E-08 4.0892356E-08	0.0000000E+00 0.0000000E+00 0.0000000E+00 0.0000000E+00 0.0000000E+00 0.0000000E+00 0.0000000E+00 0.0000000E+00 0.0000000E+00 0.0000000E+00 0.0000000E+00 0.0000000E+00 0.0000000E+00 0.0000000E+00 0.0000000E+00  256.38
2011 2.5758840E-08 5.0517329E-08 9.1130428E-09 2.4439020E-08 2.4108926E-08 8.1618969E-09 1.7083176E-08 1.1292087E-08 1.3805997E-08 1.4041783E-08 1.7599532E-08 2.1340716E-08 1.6335973E-08 2.2234511E-08 2.6891797E-08	293.9869 296.5320 297.0864 296.1912 300.9688 295.6491 297.9356 300.6951 299.2295 296.9688 297.0342 295.0836 292.7696 292.6464 291.5552	0
2012 2.7730060E-08 6.6850347E-08 1.2880297E-08 3.5882355E-08 3.9649585E-08 1.2063033E-08 3.8839318E-08 2.8174425E-08 2.7809161E-08 3.4034606E-08 3.7338339E-08 3.9214957E-08 3.3582776E-08 4.0642057E-08 4.0691287E-08	292.6788 295.7418 297.9587 294.5986 299.7155 296.3065 295.9668 298.9550 298.5562 295.1885 295.3537 294.3520 291.7196 291.9480 291.7291	6.593
2013 2.2996780E-08 6.3861130E-08 1.4274160E-08 2.8474469E-08 3.6481108E-08 1.3903516E-08 3.1679036E-08 2.4139212E-08 2.5373057E-08 2.7810998E-08 3.6504879E-08 4.1758259E-08 2.9743340E-08 4.3127432E-08 5.0503772E-08	293.1492 296.0256 297.3304 294.6918 299.5941 295.4980 295.7595 298.7046 297.7033 294.6100 294.6496 293.3576 290.6195 290.7205 290.3466	0
2014 2.3901391E-08 5.3203188E-08 1.4615074E-08 3.1465966E-08 2.7070064E-08 1.1536335E-08 2.4004244E-08 1.5589571E-08 1.7658309E-08 2.0431857E-08 2.1565279E-08 2.7749271E-08 2.9085562E-08 3.4449979E-08 3.5634599E-08	292.8899 295.4040 297.2005 294.2547 298.9664 295.2007 295.6777 298.3965 297.2046 294.8979 294.6819 292.8836 290.5482 290.4839 289.9018	0.014
2015 3.2624918E-08 6.0631635E-08 1.7466110E-08 3.8626258E-08 3.9431796E-08 1.4053467E-08 3.3400397E-08 2.2742432E-08 2.3197803E-08 2.8403536E-08 3.2273455E-08 3.3150943E-08 3.5349558E-08 4.0491120E-08 3.8580392E-08  290.5775 294.1183 296.7525 292.4372 297.5957 295.5703 293.8153 296.7063 296.2548 293.1469 293.0909 292.0771 289.3862 289.7592 289.6275  163.317
