STN,prec_1,prec_2,prec_3,prec_4,prec_5,prec_6,prec_7,prec_8,prec_9,prec_10,prec_11,prec_12,prec_13,prec_14,prec_15,st_1,st_2,st_3,st_4,st_5,st_6,st_7,st_8,st_9,st_10,st_11,st_12,st_13,st_14,st_15,10.0
LAT,23.72017,23.72017,23.72017,26.51077,26.51077,26.51077,29.30136,29.30136,29.30136,32.09194,32.09194,32.09194,34.88252,34.88252,34.88252,23.72017,23.72017,23.72017,26.51077,26.51077,26.51077,29.30136,29.30136,29.30136,32.09194,32.09194,32.09194,34.88252,34.88252,34.88252,28.30888906
LON,-101.2500,-98.43750,-95.62500,-101.2500,-98.43750,-95.62500,-101.2500,-98.43750,-95.62500,-101.2500,-98.43750,-95.62500,-101.2500,-98.43750,-95.62500,-101.2500,-98.43750,-95.62500,-101.2500,-98.43750,-95.62500,-101.2500,-98.43750,-95.62500,-101.2500,-98.43750,-95.62500,-101.2500,-98.43750,-95.62500,-98.5572384
1958 2.6914901E-08 6.2660177E-08 1.6485437E-08 2.7590218E-08 3.4012906E-08 1.4138375E-08 2.4291841E-08 2.2150727E-08 2.5982409E-08 2.1312578E-08 3.2603044E-08 3.8636141E-08 2.7625722E-08 4.0164707E-08 4.4324956E-08	292.6829 295.4690 297.2117 294.3905 299.2349 295.7280 295.6235 298.2822 297.3044 294.4763 294.2474 292.8212 290.3307 290.2909 289.7289	2479.42
1959 2.8397711E-08 5.9793521E-08 1.6288425E-08 3.2178594E-08 3.1771592E-08 1.4663195E-08 2.5083484E-08 1.8966505E-08 2.4371078E-08 2.1127596E-08 2.7731611E-08 3.5453045E-08 2.8830977E-08 3.5401047E-08 4.0043837E-08	292.0383 294.8654 297.4455 293.6547 298.5620 295.8906 295.1221 297.7985 296.8152 294.1592 293.7511 292.1812 289.8431 289.8183 289.2865	4213.03
1960 3.0590645E-08 5.9905886E-08 1.3229738E-08 3.2300981E-08 3.3932210E-08 1.3073983E-08 2.6534417E-08 2.1275108E-08 2.2400135E-08 2.1101801E-08 3.0113871E-08 3.5856022E-08 2.5878053E-08 3.5962273E-08 4.2547430E-08	292.7048 295.5407 297.4040 294.5215 299.3903 295.8598 295.8480 298.5455 297.5961 294.6639 294.3139 292.7846 290.4753 290.3131 289.6776	439.152
1961 2.8397151E-08 6.2642940E-08 1.5553711E-08 3.1926859E-08 3.6187018E-08 1.4137616E-08 2.7643699E-08 2.1359583E-08 2.5366472E-08 2.4000029E-08 3.0090035E-08 3.6112759E-08 2.9597027E-08 3.9240692E-08 3.9703291E-08	292.1065 295.1887 297.3844 293.7470 298.7993 295.8492 295.1338 297.9323 297.0486 294.2519 294.0593 292.5817 290.1014 290.1152 289.6500	0.3
1962 2.8477437E-08 7.0387806E-08 1.6309158E-08 3.4773674E-08 4.2042902E-08 1.3965813E-08 3.5642366E-08 2.8221157E-08 3.0157434E-08 3.2107074E-08 4.0733699E-08 4.5603919E-08 3.3030574E-08 4.1968431E-08 4.6089831E-08	292.1843 295.3399 297.4583 293.9227 299.1033 295.9033 295.3660 298.2326 297.3358 294.5216 294.3079 292.8376 290.6484 290.5059 289.9757	1.55806
1963 2.2751141E-08 6.3780973E-08 1.6645114E-08 2.8410938E-08 3.7916116E-08 1.4032658E-08 2.7798000E-08 2.4854966E-08 2.8614432E-08 2.5422844E-08 3.6792027E-08 4.2157954E-08 3.2958681E-08 4.3686260E-08 4.7822063E-08	292.2670 295.5265 297.2490 293.9283 298.9783 295.7507 295.1952 297.8117 296.7988 294.1607 293.5513 292.2036 289.7637 289.7448 289.3868	0.248387
1964 3.2220665E-08 6.3350946E-08 1.4844878E-08 3.0186595E-08 3.9349064E-08 1.3572554E-08 2.4993559E-08 2.2139872E-08 2.5996526E-08 1.8535717E-08 2.5969342E-08 3.5615688E-08 2.2989088E-08 3.0032336E-08 3.5512667E-08	291.6422 295.0760 297.4669 294.0261 299.1101 295.9215 295.8639 298.7657 297.7384 295.2325 295.1881 293.4736 291.2299 291.3746 290.6609	3627.81
1965 2.7010820E-08 6.4243004E-08 1.5958143E-08 3.1848721E-08 3.7819312E-08 1.2755255E-08 3.3032759E-08 2.5787591E-08 2.5828694E-08 3.0167445E-08 3.7325677E-08 3.9953690E-08 3.6711008E-08 4.5395250E-08 4.5464155E-08	291.3628 294.5845 296.8413 293.2498 298.1521 295.4754 294.7450 297.4893 296.7035 293.9820 293.6543 292.3927 289.8981 290.0555 289.8541	45.971
1966 3.0255844E-08 6.7815911E-08 1.6193182E-08 3.6101707E-08 3.7474930E-08 1.3758068E-08 3.1550215E-08 2.2976138E-08 2.7261613E-08 2.6773629E-08 3.6040991E-08 4.1186489E-08 3.3008604E-08 4.3813046E-08 4.8569518E-08	292.6305 295.4513 296.9968 294.1868 299.1783 295.5820 295.2916 298.1804 297.3292 294.1511 294.0166 292.7108 289.9260 289.9566 289.5355	15.2329
1967 2.5171223E-08 6.5100565E-08 2.0371550E-08 3.0009620E-08 3.9784855E-08 1.6345812E-08 3.0813428E-08 2.5773939E-08 3.2495958E-08 2.7220214E-08 3.6322088E-08 4.2833708E-08 3.7519353E-08 4.4435524E-08 4.8080345E-08	291.9861 294.9317 297.4147 293.4375 298.5211 295.8773 294.3694 297.1715 296.2726 293.0459 292.7433 291.4452 288.6305 288.6316 288.4021	1013.45
1968 2.2260583E-08 7.1041242E-08 1.9184700E-08 2.7865369E-08 4.3333866E-08 1.7382408E-08 2.4255167E-08 2.6590845E-08 3.4014739E-08 2.5079244E-08 3.9942929E-08 4.5361435E-08 3.6445119E-08 4.9987108E-08 5.3380383E-08	292.4311 295.5382 297.2886 293.8975 298.7845 295.7750 295.1592 297.9222 296.9572 293.8918 293.7336 292.4720 289.6098 289.7451 289.4883	179.455
1969 2.2047576E-08 6.0119703E-08 1.4594534E-08 2.8327435E-08 3.4142062E-08 1.2834085E-08 2.7201491E-08 2.2377622E-08 2.6641375E-08 2.2245063E-08 2.9545681E-08 4.0012392E-08 2.8549364E-08 3.9329894E-08 4.3763787E-08	292.4697 295.4673 297.1694 294.0876 299.0629 295.6994 295.4040 298.1707 296.9595 294.4081 294.0988 292.3659 290.2906 290.1897 289.5964	1210.26
1970 2.5569578E-08 6.6162691E-08 1.6288066E-08 2.7789049E-08 3.8405403E-08 1.4072535E-08 2.7524083E-08 2.3494350E-08 2.7135920E-08 2.2004302E-08 3.4616775E-08 4.1469441E-08 2.5731730E-08 4.0520501E-08 4.7178421E-08	292.9863 295.8653 297.6201 294.6819 299.6563 296.0157 295.7978 298.5287 297.4855 294.4192 294.1597 292.5305 289.9077 289.6114 289.0527	389.71
1971 2.6395801E-08 6.6894479E-08 1.8482972E-08 3.2125662E-08 4.1525499E-08 1.7350006E-08 2.6780157E-08 2.5752211E-08 2.9809559E-08 2.4713637E-08 3.5284682E-08 4.3408598E-08 3.4199790E-08 4.9512089E-08 4.9337199E-08	292.1690 295.3496 297.6362 293.8677 299.1248 296.0460 295.4023 298.2824 297.3791 294.3993 294.3733 292.8437 290.1700 290.2840 289.8504	11247.5
1972 2.8766078E-08 6.3827514E-08 1.8727068E-08 3.7447567E-08 3.9608892E-08 1.4729268E-08 3.4646423E-08 2.6748182E-08 3.1142378E-08 2.5164528E-08 3.3500974E-08 4.1147636E-08 3.1107792E-08 4.0210477E-08 4.5101796E-08	291.2661 294.2826 296.9841 292.8194 297.6757 295.5725 294.1005 296.6263 295.8314 293.2784 292.8844 291.5818 289.4628 289.4626 288.9852	86.029
1973 3.0629867E-08 6.5817098E-08 1.2107450E-08 3.6778133E-08 3.6371127E-08 1.1859211E-08 3.0938978E-08 2.1105759E-08 2.1373058E-08 2.3601167E-08 3.0652323E-08 3.5009503E-08 2.7502351E-08 4.0000078E-08 4.3377590E-08	292.3991 295.3799 297.4550 294.3678 299.4466 295.9137 296.0113 299.0283 298.2408 295.3049 295.2224 293.6637 291.2509 291.0564 290.4528	6132.58
1974 2.0347123E-08 6.6039789E-08 1.9669436E-08 2.8317711E-08 4.2598440E-08 1.9777495E-08 3.0984790E-08 2.7904155E-08 3.4619518E-08 2.5007356E-08 3.8253972E-08 4.9873474E-08 3.1259098E-08 4.3417980E-08 4.9118650E-08	292.1911 295.2904 297.7093 293.5469 298.4489 296.0918 294.6228 297.4081 296.3867 293.5800 293.1576 291.5746 289.5022 289.4236 288.7474	37.4194
1975 3.4676638E-08 7.3361903E-08 1.4492540E-08 3.3282621E-08 4.1064428E-08 1.3370113E-08 2.7394268E-08 2.2651054E-08 2.6985086E-08 2.4672609E-08 2.8929836E-08 3.8677033E-08 2.4609523E-08 3.5282266E-08 4.1836216E-08	291.6506 294.9394 297.7495 294.0943 299.2210 296.1162 295.8277 298.9813 297.9338 295.0747 295.1699 293.6473 291.1238 291.2652 290.6869	103.339
1976 2.2486430E-08 7.1063525E-08 1.7268858E-08 3.3555146E-08 4.1262769E-08 1.6528299E-08 3.0571027E-08 2.8566186E-08 3.2965261E-08 2.6965182E-08 4.0168210E-08 4.5243329E-08 3.6601993E-08 4.7684370E-08 4.9247898E-08	292.2412 295.2364 297.4606 293.4130 298.4980 295.9171 294.4070 297.2419 296.4391 293.2436 292.9716 291.7261 289.1250 289.1932 288.9747	1403.81
1977 2.5289818E-08 6.4651836E-08 1.3417150E-08 2.9418194E-08 3.6647425E-08 1.2356179E-08 2.6401541E-08 1.9485082E-08 2.2917359E-08 2.0885148E-08 2.8708651E-08 3.4134743E-08 3.2020139E-08 4.1233438E-08 3.9807652E-08	292.7732 295.6159 297.2805 294.5932 299.4169 295.7758 296.0393 298.9812 297.8156 294.9858 294.9060 293.2900 290.4100 290.5133 290.1440	33.3548
1978 2.6991488E-08 6.5650589E-08 1.8277262E-08 3.0474379E-08 3.7470400E-08 1.5389213E-08 2.9566365E-08 2.6475551E-08 3.0036357E-08 2.7099262E-08 3.5426389E-08 4.2122299E-08 3.0253624E-08 3.9528292E-08 4.7103519E-08	291.8603 295.1895 297.4245 293.8129 298.8698 295.8855 295.3103 298.3005 297.2514 294.3677 294.4717 292.8764 290.1844 290.1990 289.6021	13.5894
1979 3.1182509E-08 6.6483899E-08 1.6934335E-08 2.9502916E-08 3.6684948E-08 1.3233093E-08 2.4893255E-08 2.1531424E-08 2.6460979E-08 1.9669796E-08 2.9426197E-08 3.8302389E-08 2.7695076E-08 3.6545238E-08 4.1506553E-08	292.2520 295.2581 297.2521 294.0990 299.1613 295.7572 295.6156 298.5371 297.4769 294.8431 294.6842 293.0442 290.7680 290.7771 290.1950	0.0293548
1980 2.3668218E-08 6.2707578E-08 1.3941552E-08 2.9480427E-08 3.1750893E-08 1.2362012E-08 2.7179521E-08 2.3584525E-08 2.7137274E-08 2.1860247E-08 3.4705945E-08 4.1555040E-08 2.8333243E-08 4.3052925E-08 4.6504006E-08	292.8441 295.7648 297.2994 294.2563 299.3103 295.7909 295.3975 298.0887 297.1221 294.2331 293.8772 292.3472 290.0013 289.9442 289.4581	0.765161
1981 2.6227038E-08 6.6101244E-08 1.4368175E-08 3.1713583E-08 3.8704435E-08 1.0995294E-08 2.9141287E-08 2.2885603E-08 2.5887422E-08 2.7874840E-08 4.0843176E-08 4.4224052E-08 3.4033953E-08 4.5100080E-08 5.0841503E-08	292.5805 295.4913 297.2483 294.1549 299.2381 295.7521 295.2886 297.9901 297.1710 293.9732 293.5257 292.1446 289.8506 289.6377 289.1672	1142.42
1982 2.3190434E-08 6.1782686E-08 1.5052516E-08 3.1642180E-08 3.8231548E-08 1.3788299E-08 2.7685678E-08 2.4261750E-08 2.5798066E-08 2.6087653E-08 3.9326828E-08 4.0933664E-08 3.8205204E-08 5.1489263E-08 5.2769387E-08	291.8378 294.9210 297.0771 293.3157 298.1413 295.6414 294.4240 296.8907 295.9773 293.1114 292.5688 291.4570 289.0373 289.1120 288.7810	202.269
1983 2.9143713E-08 6.8086280E-08 1.8067775E-08 3.4872834E-08 3.9151210E-08 1.4535563E-08 3.0126600E-08 2.4650634E-08 2.7319865E-08 2.7257544E-08 3.9261806E-08 4.5677105E-08 3.0744200E-08 4.6317769E-08 4.9376872E-08	292.0867 294.9040 297.1649 293.7974 298.7219 295.7167 295.2299 298.0398 297.2886 294.2081 294.1430 292.8655 290.4073 290.5059 289.9986	82.1968
1984 3.1990240E-08 6.2325917E-08 1.1824281E-08 3.4851791E-08 3.3759854E-08 1.0594524E-08 2.7868953E-08 1.6786997E-08 1.9184505E-08 2.1886724E-08 2.2532593E-08 2.8511300E-08 2.4869452E-08 2.9268939E-08 3.5546339E-08	292.3123 295.2621 297.3908 294.5106 299.5812 295.8597 296.1718 299.2566 298.2746 295.1318 295.5357 293.9651 290.8240 291.0787 290.4203	902.806
1985 2.6755332E-08 6.7264303E-08 1.4995875E-08 3.2098040E-08 4.1583977E-08 1.2653540E-08 3.2209165E-08 2.6080182E-08 3.2975827E-08 2.6701562E-08 3.4574278E-08 4.0966917E-08 2.9450424E-08 4.0324238E-08 4.3929713E-08	292.0580 295.2773 297.4763 294.0918 299.0796 295.9280 295.5211 298.5627 297.5224 294.5109 294.5868 293.1972 290.4962 290.7371 290.1569	1483.51
1986 3.1577500E-08 6.2011445E-08 1.6647663E-08 3.6780055E-08 3.8981451E-08 1.3726644E-08 3.4697031E-08 2.5863152E-08 2.4576206E-08 2.9650698E-08 3.6156223E-08 3.6232613E-08 3.7211777E-08 4.3491450E-08 4.3975891E-08	290.7403 294.1077 297.5408 292.6651 297.7200 295.9706 294.1863 297.0880 296.3433 293.3380 293.2241 291.9596 289.4901 289.6500 289.3388	774.662
1987 1.9030145E-08 5.1578262E-08 1.1345995E-08 2.4145884E-08 3.2515583E-08 1.0398005E-08 2.7436808E-08 2.6321574E-08 2.8511559E-08 2.4664208E-08 3.6837097E-08 4.3755040E-08 2.8026246E-08 3.9683766E-08 4.5218879E-08	292.5174 295.8138 296.7310 294.0538 299.1620 295.4013 295.0539 297.6521 296.5451 293.8403 293.4763 292.0844 289.8766 289.9540 289.5858	247.387
1988 3.3419536E-08 5.8965341E-08 1.0797552E-08 3.1097727E-08 3.1646472E-08 9.8093569E-09 2.4512154E-08 1.4922223E-08 1.8752543E-08 2.0834344E-08 2.4328708E-08 2.9490925E-08 2.1559792E-08 3.1382875E-08 3.5188076E-08	292.2980 295.4631 297.4588 294.9643 299.9886 295.9150 296.9793 300.0420 298.9749 296.2716 296.5817 295.0397 292.1512 292.2515 291.6616	21.4023
1989 3.0038283E-08 6.6442865E-08 1.6116964E-08 3.3736701E-08 3.8968317E-08 1.4193850E-08 3.1130782E-08 2.3912207E-08 2.7861356E-08 2.7500372E-08 3.2956972E-08 3.9495031E-08 3.0502267E-08 4.1342513E-08 4.7482718E-08	292.0412 295.0027 297.6487 293.7842 298.7990 296.0483 295.2819 298.4050 297.5934 294.5221 294.6100 293.1728 290.8002 290.8809 290.2978	29.0677
1990 2.5174135E-08 6.1755010E-08 1.7129469E-08 3.3270371E-08 4.1105345E-08 1.7386904E-08 3.1666239E-08 2.8147088E-08 3.1884515E-08 2.5668461E-08 3.7486327E-08 4.7658766E-08 3.1960337E-08 4.3445855E-08 4.9138816E-08	291.2806 294.5499 297.2471 292.6698 297.7354 295.7687 293.8496 296.6281 295.9507 292.8355 292.6781 291.5068 288.8136 288.9901 288.7502	65.1935
1991 2.3407759E-08 6.1045768E-08 1.5929672E-08 2.8384601E-08 3.4756109E-08 1.4710784E-08 2.8806955E-08 2.5360135E-08 3.1700456E-08 2.4027559E-08 3.6141241E-08 4.2869882E-08 3.2133542E-08 4.1271296E-08 4.6734442E-08	292.3883 295.3488 297.2960 293.8764 298.7818 295.8124 294.6353 297.1738 296.1408 293.0435 292.5798 291.2170 288.7341 288.7447 288.3860	219.613
1992 2.6475320E-08 6.2669066E-08 1.7450477E-08 3.0048923E-08 3.6909757E-08 1.5204565E-08 2.8145180E-08 2.5649090E-08 2.6978961E-08 2.8100388E-08 3.8546446E-08 4.1544904E-08 3.5942204E-08 4.6403361E-08 5.0927451E-08	291.6019 294.8289 297.2356 293.1517 298.1363 295.7634 294.0961 296.8180 296.1664 292.6889 292.6237 291.5588 288.6085 288.8947 288.6857	36.3548
1993 2.4272699E-08 6.7839885E-08 1.4987974E-08 3.0839466E-08 4.2714429E-08 1.4870893E-08 3.1096469E-08 2.7775489E-08 2.9953860E-08 2.7908106E-08 4.1690559E-08 4.9184628E-08 3.8300950E-08 5.0496702E-08 5.7761483E-08	291.8507 294.9077 296.8532 293.3723 298.2975 295.5045 294.3931 297.1972 296.3569 293.0764 292.8302 291.6651 288.6943 288.6497 288.6181	0
1994 2.4672387E-08 6.4316268E-08 1.6569583E-08 3.5014928E-08 4.1457692E-08 1.4934976E-08 3.5303078E-08 3.0660999E-08 3.0478247E-08 3.1556429E-08 3.9218914E-08 4.6830273E-08 3.9653866E-08 4.7278085E-08 5.0165958E-08	291.3490 294.4735 297.2928 292.6742 297.6517 295.7986 293.7094 296.3388 295.6205 292.6097 292.3647 291.2281 288.6649 288.7921 288.5674	189.735
1995 2.8812400E-08 6.2592747E-08 1.5599328E-08 2.9872101E-08 3.2133009E-08 1.4271769E-08 2.5155813E-08 2.0986242E-08 2.5491071E-08 1.9427914E-08 2.7973016E-08 3.5721573E-08 2.5990239E-08 3.4447243E-08 4.0260872E-08	292.6580 295.5634 297.3168 294.4787 299.2856 295.8108 296.0178 298.7313 297.6488 295.1219 295.0146 293.4280 290.9638 291.1425 290.6073	4.91548
1996 2.5146099E-08 6.9647804E-08 1.5836619E-08 3.4981319E-08 4.0129333E-08 1.4966838E-08 2.9593217E-08 2.6946866E-08 3.1842795E-08 2.8144965E-08 3.9759090E-08 4.4391506E-08 3.6722046E-08 4.7586642E-08 4.7882537E-08	292.3605 295.3471 297.5763 293.8204 298.8626 296.0036 295.0592 297.8528 296.9344 294.0949 293.8180 292.2625 289.9187 289.8590 289.3764	175.976
1997 2.1637504E-08 6.1343094E-08 1.6341556E-08 3.3517082E-08 3.7321495E-08 1.6435203E-08 3.3088995E-08 2.9640027E-08 3.2756596E-08 3.2881356E-08 4.7337785E-08 5.2910316E-08 4.3089436E-08 5.5323973E-08 5.9021996E-08	291.9395 294.9787 296.8689 293.2566 298.2414 295.4875 294.1337 296.5621 295.8768 292.5865 292.3872 291.5664 288.5597 288.8154 288.7719	64.7097
1998 3.2278987E-08 6.0205750E-08 9.2101660E-09 3.4357296E-08 2.9419116E-08 9.1280787E-09 2.8237400E-08 1.5791317E-08 1.7040250E-08 2.0558410E-08 2.5004407E-08 2.4595805E-08 2.2678677E-08 3.2349210E-08 3.6361264E-08	293.0367 295.9247 297.1076 295.4019 300.3808 295.6696 297.2822 300.2750 299.0619 296.7206 296.8885 295.4735 292.8652 293.0711 292.5084	896.774
1999 2.7554472E-08 5.8782209E-08 1.1290195E-08 3.2935890E-08 2.9332114E-08 1.0840182E-08 2.6079816E-08 1.5997735E-08 2.1456719E-08 1.9507221E-08 2.3660546E-08 3.1319018E-08 2.2650598E-08 3.1342999E-08 3.5892388E-08	293.1799 296.0200 297.8540 295.2174 300.4635 296.1925 296.9784 300.1390 299.0124 296.3142 296.4995 294.9053 292.3782 292.3052 291.6483	17.9355
2000 2.6512273E-08 7.4270929E-08 1.3522798E-08 3.4790499E-08 4.6290197E-08 1.3973302E-08 3.4930320E-08 2.7142615E-08 3.0272975E-08 3.0939301E-08 3.9216253E-08 4.3932452E-08 3.2535741E-08 4.4061803E-08 4.8828845E-08	292.6177 295.4059 297.8115 294.1908 299.0539 296.1705 295.3047 298.3864 297.6436 294.3537 294.2944 293.1382 290.6090 290.6187 290.2667	18.1713
2001 2.4008770E-08 6.2991681E-08 1.4064193E-08 2.9162054E-08 3.8296967E-08 1.3010417E-08 2.6215048E-08 1.9654705E-08 2.5190221E-08 2.1443268E-08 2.6716949E-08 3.4941440E-08 2.8324303E-08 3.6262549E-08 4.1455003E-08	292.3393 295.3393 297.6141 293.9810 299.1375 296.0255 295.5714 298.6841 297.5270 294.8241 294.9435 293.3627 290.8379 291.0682 290.4574	0
2002 1.9342009E-08 6.3129306E-08 1.5480767E-08 2.6474870E-08 3.7435690E-08 1.5313473E-08 2.8460329E-08 2.6977979E-08 3.0148726E-08 2.6663695E-08 4.0374701E-08 4.5260592E-08 3.3646781E-08 4.8181764E-08 4.9692140E-08	292.1721 295.1715 297.3545 293.5351 298.3587 295.8420 294.7222 297.2599 296.4514 293.8154 293.3487 291.8922 289.7231 289.6917 289.2960	621.452
2003 2.7511149E-08 6.8762418E-08 1.6927322E-08 3.5828059E-08 4.2999339E-08 1.6072935E-08 3.4054018E-08 2.6687770E-08 3.2309622E-08 2.4625253E-08 3.4924017E-08 4.3530019E-08 3.1874166E-08 4.0933124E-08 4.6638753E-08	292.4164 295.4077 297.2877 293.6757 298.7959 295.7799 294.7386 297.7709 297.1634 293.8163 293.8311 292.5908 289.7337 290.0009 289.6510	4080.45
2004 2.0738865E-08 6.1629855E-08 1.6032720E-08 2.8189199E-08 3.9458964E-08 1.7410933E-08 2.7912730E-08 2.7184981E-08 3.0979795E-08 2.8150533E-08 3.7140978E-08 4.0944702E-08 3.4079847E-08 4.6698112E-08 4.6891529E-08	292.0988 295.2699 297.2510 293.4471 298.3898 295.7489 294.6100 297.2488 296.5985 293.6689 293.4142 292.3643 289.7181 289.8379 289.6212	108.71
2005 2.2653454E-08 6.1650432E-08 1.6250789E-08 3.0668325E-08 3.7011162E-08 1.6100454E-08 2.8565555E-08 2.2789848E-08 2.7168550E-08 2.3399155E-08 2.8405941E-08 3.6702222E-08 2.9804450E-08 3.5923421E-08 3.9001620E-08	292.7201 295.4680 297.2482 293.9319 298.9234 295.7666 295.0710 297.9185 297.0475 293.9981 293.8257 292.4582 289.8591 289.9342 289.4387	54.7065
2006 2.3660293E-08 5.7102639E-08 1.4708156E-08 2.8195958E-08 3.1963324E-08 1.2331187E-08 2.3129916E-08 1.6726910E-08 2.1590738E-08 1.9164299E-08 2.2259202E-08 3.1135503E-08 2.2880441E-08 3.2622225E-08 3.8027189E-08	292.2651 295.3839 297.5543 293.8820 299.0538 295.9868 295.5046 298.3720 297.3593 294.9348 294.7248 293.0977 291.0489 291.0208 290.3514	66.0777
2007 3.4259166E-08 6.8990438E-08 1.3864226E-08 3.6742986E-08 3.8257905E-08 1.2938830E-08 3.0430606E-08 1.9366587E-08 2.3241290E-08 2.6124839E-08 3.2956052E-08 4.0388624E-08 2.9667767E-08 4.1865672E-08 4.8710262E-08	292.5591 295.7507 297.5528 294.7395 299.9730 295.9964 296.3211 299.5435 298.6021 295.2749 295.4432 294.0013 291.0206 291.1386 290.7490	255.484
2008 3.2455432E-08 6.5894199E-08 1.5625979E-08 3.3835228E-08 3.9559954E-08 1.4002420E-08 2.7209071E-08 2.1561938E-08 3.0391092E-08 2.1033994E-08 3.0852842E-08 4.0789949E-08 2.5608690E-08 3.6483378E-08 4.3734797E-08	292.5733 295.6927 297.7920 294.5994 299.5686 296.1588 296.1556 298.9267 298.0681 295.2180 295.1040 293.5717 291.1060 291.2294 290.6561	0.291935
2009 2.5275835E-08 5.8818451E-08 1.5375607E-08 3.1293556E-08 3.5910542E-08 1.4295134E-08 3.1440251E-08 2.5307257E-08 2.9479988E-08 3.0638795E-08 3.9275946E-08 4.6618222E-08 3.6982545E-08 4.9702841E-08 5.0896926E-08	292.0117 295.3255 297.0829 293.5769 298.7644 295.6326 294.6101 297.2940 296.5021 293.2498 292.9027 291.7893 289.4981 289.3339 289.1252	4.06645
2010 3.1743657E-08 6.0527526E-08 1.2407561E-08 3.1489577E-08 3.2505209E-08 1.1375278E-08 2.3599620E-08 1.6993972E-08 2.1563642E-08 2.0960444E-08 2.7023813E-08 3.0507209E-08 2.3281650E-08 3.4878227E-08 4.1228734E-08	292.5437 295.6727 298.0131 294.7768 299.8875 296.3339 296.5724 299.7032 298.6038 295.8351 296.0131 294.4744 291.9590 292.0835 291.3402	0.330968
2011 2.4334815E-08 6.3321593E-08 1.6973216E-08 2.7908053E-08 3.4766568E-08 1.5901476E-08 2.3814067E-08 2.2188697E-08 2.5980999E-08 2.1611671E-08 3.3953327E-08 3.7852772E-08 2.5832266E-08 3.9149551E-08 4.7265196E-08	293.1131 295.7469 298.0385 294.6316 299.4532 296.3372 295.9972 298.6588 297.8022 294.9464 294.6144 293.1543 290.7654 290.6202 289.9870	101.392
2012 2.3976352E-08 6.9372582E-08 1.4782784E-08 3.2059358E-08 4.3452552E-08 1.4038323E-08 3.4310858E-08 2.9807534E-08 3.2901429E-08 2.9681521E-08 3.8154646E-08 4.3856968E-08 3.4440561E-08 4.1065650E-08 4.5312046E-08	292.4198 295.4583 297.4834 293.9535 299.0230 295.9323 295.0960 297.9096 297.3066 294.1049 293.8661 292.7864 290.2033 290.3698 290.1066	149.403
2013 2.7641265E-08 6.6300920E-08 2.0319064E-08 2.8988310E-08 3.8279378E-08 1.7362481E-08 2.9724189E-08 2.5611083E-08 3.1797381E-08 2.7820413E-08 3.2986581E-08 3.9011709E-08 3.2884007E-08 4.0633935E-08 4.3398167E-08	291.9555 294.9831 297.6884 293.6139 298.5440 296.0760 295.1826 297.9073 296.9877 294.2281 294.1024 292.7060 290.0840 290.2090 289.7371	5609.32
2014 2.3848196E-08 6.4596811E-08 1.7491608E-08 3.3332771E-08 4.1323904E-08 1.6234662E-08 3.3416573E-08 2.9771988E-08 3.2024694E-08 2.8489179E-08 4.1191210E-08 4.7401635E-08 3.5808476E-08 4.8540997E-08 4.9756171E-08	291.8713 294.8732 297.0266 293.1906 298.2063 295.5923 294.1983 296.7302 295.8801 293.0518 292.5803 291.2990 289.0405 289.0175 288.7280	21.5639
2015 1.9307100E-08 5.3540337E-08 1.3546916E-08 2.9625545E-08 3.2251087E-08 1.2934415E-08 2.6668557E-08 2.4399633E-08 2.7483056E-08 2.9387897E-08 4.1983839E-08 4.3556600E-08 4.2909527E-08 5.4804772E-08 5.5136262E-08  292.5301 295.5421 296.4113 293.8424 298.8095 295.1456 294.7531 297.1074 296.0846 293.1188 292.7097 291.6289 288.7693 289.0504 288.9077  281.941
