STN,prec_1,prec_2,prec_3,prec_4,prec_5,prec_6,prec_7,prec_8,prec_9,prec_10,prec_11,prec_12,prec_13,prec_14,prec_15,st_1,st_2,st_3,st_4,st_5,st_6,st_7,st_8,st_9,st_10,st_11,st_12,st_13,st_14,st_15,06.0
LAT,23.72017,23.72017,23.72017,26.51077,26.51077,26.51077,29.30136,29.30136,29.30136,32.09194,32.09194,32.09194,34.88252,34.88252,34.88252,23.72017,23.72017,23.72017,26.51077,26.51077,26.51077,29.30136,29.30136,29.30136,32.09194,32.09194,32.09194,34.88252,34.88252,34.88252,28.30888906
LON,-101.2500,-98.43750,-95.62500,-101.2500,-98.43750,-95.62500,-101.2500,-98.43750,-95.62500,-101.2500,-98.43750,-95.62500,-101.2500,-98.43750,-95.62500,-101.2500,-98.43750,-95.62500,-101.2500,-98.43750,-95.62500,-101.2500,-98.43750,-95.62500,-101.2500,-98.43750,-95.62500,-101.2500,-98.43750,-95.62500,-98.5572384
1958 2.7262091E-08 1.4150269E-08 1.1984719E-08 1.1835584E-08 3.5578904E-09 7.9792386E-09 5.8162448E-09 2.4488014E-09 2.1731505E-08 5.1275175E-09 5.9123195E-09 2.2123523E-08 1.3547554E-08 1.3058578E-08 2.0663169E-08	296.5513 300.4329 301.5336 301.3316 306.4534 300.9756 304.9209 307.4523 305.2124 305.9003 305.7704 303.4917 303.2839 303.6905 302.2081	251.447
1959 3.3606096E-08 2.2291356E-08 2.2591619E-08 1.7693356E-08 7.6489428E-09 1.6983407E-08 6.2161316E-09 2.6538871E-09 3.1123612E-08 5.2259401E-09 7.3689947E-09 2.9603225E-08 1.5261387E-08 1.7576674E-08 2.5240892E-08	295.0157 299.5175 301.7870 300.2728 306.0874 301.3289 304.4348 307.5915 304.8407 305.7422 305.9532 302.9159 303.5863 303.8467 301.9081	68.1533
1960 3.7985220E-08 2.0900345E-08 1.5124296E-08 1.9778577E-08 7.3833877E-09 1.0105994E-08 6.5610886E-09 2.0946027E-09 2.2255463E-08 5.4803864E-09 4.9622679E-09 2.0970081E-08 1.5045277E-08 1.4064564E-08 2.2456803E-08	295.1459 299.7676 300.9929 300.4526 306.5188 300.6922 304.9514 307.9977 305.7565 306.4163 307.2502 304.5921 304.1623 305.1489 303.2961	241.087
1961 3.0116919E-08 1.3073534E-08 1.0422275E-08 1.5762939E-08 3.1468417E-09 9.5309574E-09 5.9980376E-09 2.5341960E-09 2.5850776E-08 5.2566005E-09 5.7526637E-09 2.7124836E-08 1.3142619E-08 1.4434219E-08 2.6540175E-08	295.6738 300.3092 301.4696 301.0164 306.9914 301.0300 305.2762 308.1205 305.5813 306.6075 307.3038 304.6147 304.4572 305.2485 303.4568	280.347
1962 4.0432624E-08 2.3091363E-08 1.5273873E-08 1.9749349E-08 5.4561058E-09 1.0480865E-08 7.4389725E-09 2.6181557E-09 2.4063519E-08 6.3363452E-09 7.1869848E-09 2.4474433E-08 1.4665464E-08 1.4329407E-08 2.2349321E-08	295.1220 299.5650 301.2180 300.4466 306.6575 300.8929 304.9427 308.1038 306.0608 306.5235 307.4476 304.9815 304.5893 305.6076 303.7819	128.193
1963 3.3080543E-08 1.5154436E-08 1.2146427E-08 1.6616418E-08 4.3761474E-09 1.1072479E-08 7.9332505E-09 2.6498503E-09 2.7354321E-08 7.5841848E-09 5.4588756E-09 2.8199032E-08 1.7774354E-08 1.8373632E-08 2.8295748E-08	295.4094 300.0623 301.5174 300.6142 306.4383 301.1123 304.9047 307.8760 305.1996 306.1654 306.5842 303.5092 303.7747 304.1591 302.2992	1567.1
1964 3.5952443E-08 1.8229358E-08 1.2859503E-08 1.6060932E-08 4.5375259E-09 1.1740100E-08 6.6124892E-09 2.7267564E-09 3.2176388E-08 6.1785808E-09 7.2297546E-09 3.1382125E-08 1.3567700E-08 1.4694773E-08 2.3773952E-08	295.0309 299.9829 301.5024 300.6142 306.8589 301.1321 305.1711 308.1833 305.3615 306.8151 307.6444 304.6560 304.9853 306.1166 304.1889	15.5767
1965 3.2313807E-08 1.7846602E-08 9.1682537E-09 1.8201373E-08 5.7197269E-09 9.3464028E-09 7.3444011E-09 2.6903548E-09 2.5654584E-08 7.4588984E-09 7.3639272E-09 2.7561541E-08 1.8980982E-08 2.1016104E-08 2.7547738E-08	294.9587 299.3442 300.7336 299.9776 305.7410 300.5689 304.1613 307.3472 305.0322 305.2594 305.5368 302.8823 302.6790 303.1432 301.7750	248.01
1966 2.9418583E-08 1.4809622E-08 1.0188038E-08 1.7669310E-08 4.8509645E-09 8.2412175E-09 8.6699048E-09 1.9455608E-09 2.0791717E-08 8.6543324E-09 7.0022868E-09 2.5702819E-08 1.8120589E-08 1.7494211E-08 2.6950586E-08	295.3911 299.5529 301.0188 300.2147 305.6142 300.7012 303.9127 307.0902 304.4379 304.9097 305.2271 302.6415 302.4201 303.0132 301.4123	421.393
1967 3.9241915E-08 2.1523920E-08 1.4320727E-08 2.1958755E-08 8.0748519E-09 1.2036677E-08 8.9013739E-09 3.5797874E-09 2.8526296E-08 7.7013711E-09 6.1230074E-09 2.6935741E-08 1.7601065E-08 1.7035148E-08 2.7652868E-08	294.6447 299.6094 301.5563 300.1313 306.2589 301.3640 304.6958 307.7647 305.0923 306.1775 306.8786 304.0126 304.0088 304.7015 302.7065	0.00733333
1968 3.3635793E-08 1.6798698E-08 1.0030035E-08 1.4741741E-08 3.1925236E-09 9.9218997E-09 6.6864567E-09 1.0366163E-09 2.1210024E-08 6.5639969E-09 3.9045482E-09 2.2732632E-08 1.6228856E-08 1.7394262E-08 2.6665399E-08	294.7062 299.6814 300.9601 300.5027 306.5212 300.8351 305.0230 308.1568 305.5287 306.2931 307.0495 304.0428 303.6573 304.4539 302.7036	73.1333
1969 2.8653893E-08 1.6252082E-08 1.1162777E-08 1.4385979E-08 3.8460897E-09 7.9486773E-09 5.1627045E-09 1.5021869E-09 2.5746234E-08 6.1290693E-09 4.2000998E-09 2.4036861E-08 1.3683570E-08 1.2401459E-08 1.9760247E-08	296.7170 300.1963 301.2393 301.3497 306.3013 300.6093 305.0515 307.7023 305.7375 306.0830 306.5314 304.4321 304.0219 304.8781 303.3476	63.4097
1970 4.3167084E-08 2.3731674E-08 1.2137498E-08 2.3949418E-08 6.5453105E-09 9.4968478E-09 1.0226197E-08 2.7889011E-09 2.4969278E-08 7.6792777E-09 4.9179523E-09 2.3807919E-08 1.6301490E-08 1.5215042E-08 2.1333728E-08	294.7744 299.3736 300.6121 299.9292 305.8371 300.2263 304.2503 307.2189 304.8136 305.5788 306.1551 303.4731 303.4509 304.1039 302.5089	847.763
1971 4.0098616E-08 2.0295708E-08 1.1883611E-08 2.2349504E-08 4.3980033E-09 1.0265401E-08 9.3192218E-09 1.5636774E-09 1.6196145E-08 7.7222309E-09 5.7244729E-09 1.9561991E-08 1.5850873E-08 1.6735102E-08 2.4284274E-08	293.7870 299.0362 300.2871 299.4521 306.0593 300.0589 304.4022 307.6714 305.4445 306.0264 306.9954 304.6798 303.8028 304.9079 303.4515	155.75
1972 2.7074112E-08 1.6729818E-08 1.1560880E-08 1.5771997E-08 6.0772289E-09 1.1051439E-08 6.9061956E-09 3.0952523E-09 2.3357970E-08 7.2569826E-09 6.8486621E-09 2.5878892E-08 1.6628942E-08 1.7467286E-08 2.5912810E-08	295.9409 299.5503 301.5170 300.4527 305.6088 301.1256 304.3228 306.9664 304.9723 305.4933 305.2863 302.6558 302.8727 303.0952 301.4023	138.767
1973 4.4956806E-08 3.1251297E-08 1.7281037E-08 2.7376538E-08 1.1229088E-08 1.2467416E-08 7.7308648E-09 3.4786312E-09 2.9635943E-08 5.7900693E-09 6.4054086E-09 2.8280668E-08 1.4707139E-08 1.7136751E-08 2.7674027E-08	294.0732 298.7874 301.0993 299.3130 305.0628 300.5543 303.9590 306.8359 304.1935 305.5098 305.7917 302.8788 303.3116 303.7463 301.9395	89.337
1974 3.7577195E-08 1.9564631E-08 1.2544889E-08 2.4052801E-08 8.2240827E-09 1.1513452E-08 1.0233960E-08 3.8922123E-09 2.5922825E-08 9.1899190E-09 7.6317317E-09 2.6969763E-08 1.8636426E-08 1.8654378E-08 2.6417453E-08	294.4355 299.5598 301.4283 299.9174 306.3564 301.0489 304.3666 307.6960 305.2426 305.7718 306.6758 304.1334 303.2904 304.3522 302.7656	20.8333
1975 3.7249649E-08 1.3599528E-08 1.1535544E-08 1.8307984E-08 3.8626089E-09 1.2139872E-08 1.0781724E-08 2.7165656E-09 2.7271430E-08 9.0025027E-09 6.3690799E-09 2.9368499E-08 1.6374154E-08 1.6885942E-08 2.4708896E-08	294.8770 300.2592 301.5300 300.5724 307.1389 301.0928 305.0707 308.3434 305.4387 306.4169 307.4131 304.3055 304.2058 305.4769 303.7184	1873.97
1976 3.8247467E-08 2.1695547E-08 1.8672399E-08 2.4215076E-08 7.7246671E-09 1.6822854E-08 9.9775219E-09 4.3515076E-09 3.0485936E-08 6.9158839E-09 9.8718527E-09 3.2965236E-08 1.6857188E-08 2.0461254E-08 3.1084411E-08	294.4348 299.2817 301.3819 299.5804 305.9238 300.9931 304.1268 307.2889 304.8220 305.8368 306.3191 303.5137 303.6686 304.4428 302.6523	41.1033
1977 3.2148133E-08 1.8580081E-08 1.1240371E-08 1.5096354E-08 5.3856422E-09 1.0932532E-08 6.0786087E-09 2.4537903E-09 2.6800368E-08 6.3719794E-09 6.4965149E-09 2.9335448E-08 1.7851329E-08 1.8301229E-08 2.6802768E-08	294.9695 299.2802 300.8637 300.3461 305.7474 300.4657 304.4978 307.3949 304.6878 305.5253 305.8758 302.9648 302.9013 303.7619 302.0962	350.567
1978 3.4260765E-08 1.8489173E-08 1.2690389E-08 1.8942847E-08 5.6578107E-09 9.4020844E-09 7.0048274E-09 3.7154844E-09 3.0378420E-08 5.8675940E-09 7.8713542E-09 3.1423696E-08 1.3054431E-08 1.5748844E-08 2.5676453E-08	295.4445 299.7982 301.2654 300.6567 306.5161 300.7223 304.9279 307.9342 305.3961 306.2872 306.8673 303.8923 304.3758 305.0031 302.9826	443.647
1979 3.6981689E-08 2.1876913E-08 1.4005725E-08 2.3372161E-08 6.5081767E-09 9.3833492E-09 1.0129507E-08 2.0931594E-09 2.3311216E-08 6.8175017E-09 4.5371102E-09 2.8236599E-08 1.6872333E-08 1.5255649E-08 2.3630827E-08	295.3905 299.6627 301.1712 300.5263 306.0487 300.7244 304.6180 307.5639 305.0141 305.8123 306.1890 302.8248 303.4556 303.6808 301.8378	2274.7
1980 3.0772789E-08 1.5262625E-08 1.2082293E-08 1.4142676E-08 4.1201207E-09 8.4308098E-09 6.3394547E-09 2.7951723E-09 2.9558134E-08 6.7208563E-09 6.7228725E-09 3.2863117E-08 1.7210041E-08 1.6335425E-08 2.5693129E-08	296.1010 300.1736 301.5117 301.0626 306.3958 300.9308 304.8213 307.7580 305.1226 305.8009 306.0155 303.1602 303.3203 303.7216 302.1535	508.833
1981 3.7565449E-08 2.5105788E-08 1.6471228E-08 1.8610976E-08 7.1680337E-09 9.9746549E-09 6.3220598E-09 2.1101452E-09 2.0438160E-08 5.9390808E-09 5.2676778E-09 2.2761576E-08 1.3041419E-08 1.4214290E-08 2.1494840E-08	295.4174 299.6737 301.2889 300.6722 306.4383 300.7530 305.1177 307.9169 305.8082 306.5073 307.3524 305.0209 304.4937 305.3714 303.9311	5178.67
1982 3.7627530E-08 2.4857089E-08 1.3689118E-08 2.7205122E-08 1.4235642E-08 1.2638546E-08 1.4132704E-08 6.4957399E-09 2.9819105E-08 1.1669222E-08 1.1717768E-08 3.5129560E-08 2.1200954E-08 2.4253392E-08 3.4382875E-08	294.9599 299.3360 301.7293 299.7852 305.4315 300.9030 303.7142 307.2354 305.0172 304.9424 305.7025 303.0382 302.4692 302.8555 301.2475	102.8
1983 3.0935308E-08 2.2154270E-08 1.0448691E-08 2.2094472E-08 6.9821890E-09 7.6204696E-09 1.2925159E-08 3.3250587E-09 2.2194563E-08 1.4595283E-08 1.3042135E-08 3.2507373E-08 2.3024443E-08 2.3103745E-08 3.1232616E-08	296.1736 299.3214 300.3734 300.2030 305.5058 299.4362 303.3337 306.5038 304.2189 303.6085 303.7724 301.6689 300.9355 301.3110 300.2717	23.082
1984 3.9619199E-08 2.4649685E-08 1.1200280E-08 2.2470793E-08 8.1257436E-09 1.0677892E-08 9.0156922E-09 3.7109757E-09 2.5990810E-08 9.7944071E-09 6.3049548E-09 2.6917398E-08 1.9050336E-08 1.8599421E-08 2.6935275E-08	294.3083 299.2294 300.4289 299.9329 306.0451 300.3350 304.5098 307.4356 304.8112 305.7427 306.7930 304.1595 303.7602 304.9850 303.6250	0.003
1985 3.7499529E-08 2.1031875E-08 9.8554631E-09 1.9713724E-08 7.6119564E-09 1.3215585E-08 9.0751096E-09 2.6344551E-09 2.7608840E-08 8.1198843E-09 6.3350090E-09 3.2803772E-08 1.8288498E-08 2.0442281E-08 3.0115057E-08	294.3979 299.4135 301.8985 300.2604 306.1111 301.6769 304.8242 308.1033 305.3258 306.1558 307.0125 303.8486 303.6819 304.4814 302.7764	705.733
1986 3.6949778E-08 2.2250095E-08 1.4800934E-08 1.9650461E-08 6.3191750E-09 1.4647762E-08 9.3384429E-09 3.1269545E-09 3.0117825E-08 8.8953049E-09 7.2181412E-09 3.1884536E-08 1.9093596E-08 1.9221460E-08 2.8627795E-08	294.1969 299.0268 301.3884 299.7353 305.5680 301.3140 303.7658 307.1651 304.4390 304.9127 305.4799 302.5364 302.4419 302.9249 301.4967	878.22
1987 3.9435346E-08 3.1817819E-08 1.0977432E-08 2.8725415E-08 1.2057600E-08 9.3284696E-09 1.8838866E-08 5.2449587E-09 2.3283825E-08 1.6793100E-08 1.2939783E-08 3.3393086E-08 2.3867589E-08 2.4339133E-08 3.1261237E-08	295.0900 298.7340 300.6487 299.3401 304.7600 300.7027 302.5034 305.8839 304.3056 303.1596 303.1710 301.6369 300.7832 301.2843 300.4037	5403.67
1988 4.5157943E-08 2.7826417E-08 1.5937916E-08 2.6682120E-08 9.0460128E-09 1.1591657E-08 9.8546407E-09 2.7325437E-09 2.4580054E-08 6.4463701E-09 4.7158020E-09 2.1551939E-08 1.4273038E-08 1.3694237E-08 2.0647171E-08	293.9711 298.8925 300.7403 299.4760 305.6844 300.4740 304.2502 307.4097 304.9944 305.9025 306.8674 304.3302 304.0846 305.1534 303.8289	3.34567
1989 3.2404177E-08 1.7468350E-08 1.1990017E-08 1.5678687E-08 3.5171577E-09 1.0211760E-08 6.9044468E-09 1.6334888E-09 2.0185514E-08 9.2443422E-09 6.7594095E-09 2.3670262E-08 1.8154230E-08 2.0028377E-08 2.6912263E-08	294.7337 299.5435 301.3286 300.6020 306.6293 301.1796 305.2368 308.0775 305.6127 306.2745 307.2492 304.7722 304.1926 305.2185 303.9769	7.38767
1990 3.1325595E-08 1.8238024E-08 1.6227627E-08 1.6674431E-08 6.8835346E-09 1.3786051E-08 8.2589038E-09 3.0642302E-09 2.8733988E-08 6.7876487E-09 5.6712026E-09 2.6812460E-08 1.6567030E-08 1.4453279E-08 2.2934222E-08	295.3578 299.7903 301.7951 300.5981 306.1667 301.5186 304.7532 307.7363 305.2635 306.0665 306.5415 303.6139 303.6588 304.0578 302.4576	70.0273
1991 3.9288324E-08 2.2993103E-08 1.6244062E-08 2.2550960E-08 8.2318286E-09 1.8471805E-08 9.2666506E-09 3.2416008E-09 3.3274404E-08 7.8255908E-09 6.3822485E-09 3.5606707E-08 1.8396616E-08 1.9350310E-08 2.8516739E-08	295.4926 299.9324 302.2471 300.4941 306.0054 302.0688 304.5657 307.5015 304.8230 305.6987 305.7938 302.5438 303.2086 303.3565 301.4680	28.133
1992 3.4641211E-08 2.5139213E-08 1.0854937E-08 2.8912504E-08 1.2462328E-08 1.1979649E-08 1.7849107E-08 6.0732561E-09 3.0034702E-08 1.7148427E-08 1.4413146E-08 3.6434056E-08 2.7415368E-08 2.8053844E-08 3.6374669E-08	294.8113 298.4588 300.6740 298.8092 304.1628 300.7621 301.7686 304.9792 303.3630 302.2151 302.0698 300.6116 299.8828 300.3652 299.6973	903.8
1993 3.2658480E-08 1.8442462E-08 1.2086607E-08 1.9425748E-08 4.9382560E-09 8.2640419E-09 8.1189127E-09 2.7739766E-09 2.1969417E-08 6.9775759E-09 6.1235959E-09 2.3433321E-08 1.3563631E-08 1.4774635E-08 2.1109440E-08	295.7399 299.3430 300.3053 300.1013 305.1561 300.2044 303.7214 306.5715 304.5221 304.8174 304.8972 302.5740 302.7389 302.9179 301.6155	136.743
1994 3.7963279E-08 1.8396420E-08 1.2674318E-08 2.3815380E-08 7.1363848E-09 1.1911044E-08 1.1196183E-08 4.4516111E-09 2.5425745E-08 8.8900949E-09 9.5933617E-09 2.6979535E-08 1.8777964E-08 2.2041096E-08 2.9911444E-08	294.5628 299.6142 301.8716 299.7978 305.8304 301.4422 303.8255 307.4933 304.9202 305.1022 305.6003 302.6388 302.6268 303.0173 301.3151	102.919
1995 3.4435423E-08 1.6745451E-08 1.1392920E-08 2.0026437E-08 5.1912745E-09 9.4231902E-09 9.5684909E-09 2.6967255E-09 2.3933248E-08 6.6924599E-09 5.8201310E-09 2.7955794E-08 1.6195164E-08 1.7057726E-08 2.5561901E-08	295.5793 300.0815 301.5899 300.5826 306.2473 301.2223 304.4907 307.8406 305.2960 305.9211 306.5963 303.6673 303.7279 304.3879 302.6627	108.852
1996 3.5233203E-08 1.9408422E-08 1.4204736E-08 1.9777067E-08 6.1964109E-09 1.1732645E-08 7.9943305E-09 2.3665021E-09 2.0115753E-08 7.2686634E-09 5.0494595E-09 2.1373008E-08 1.5862684E-08 1.7507366E-08 2.5667692E-08	295.2484 300.0507 300.9574 300.6449 306.5963 300.6308 305.2773 308.0189 305.7153 306.8278 307.7046 305.0322 304.6656 305.6092 303.6958	3.10033
1997 3.1647627E-08 1.8984478E-08 1.1718206E-08 1.6693145E-08 4.3660568E-09 9.0556851E-09 6.5550707E-09 1.5566537E-09 2.2071131E-08 6.3083112E-09 6.1640675E-09 2.7460080E-08 1.4419362E-08 1.5819261E-08 2.6001233E-08	295.5113 299.6056 300.8651 300.6008 306.0165 300.2387 304.6712 307.6065 305.2040 305.9163 306.3600 303.6038 303.5336 304.0600 302.3640	1329.13
1998 2.4539938E-08 1.5208601E-08 1.1633099E-08 1.5479049E-08 4.5365800E-09 9.8715072E-09 8.4135392E-09 1.9656468E-09 1.8158927E-08 9.4011918E-09 7.5552808E-09 2.1060865E-08 1.7742352E-08 1.6212457E-08 2.1581217E-08	297.5558 300.8205 300.9027 301.6446 306.5687 300.7118 305.1667 307.5588 305.2502 305.8172 305.4770 303.3249 303.1510 303.3093 301.8279	0
1999 4.2234333E-08 2.4851159E-08 1.3093701E-08 2.3493916E-08 6.3610242E-09 1.1878726E-08 7.9648146E-09 3.1141996E-09 2.4264333E-08 5.2682920E-09 3.9054284E-09 2.5108434E-08 1.3157598E-08 1.3246935E-08 2.2385436E-08	295.3450 300.1552 301.8192 300.8195 307.2001 301.4524 305.6136 308.4367 306.1748 307.4641 308.1989 305.9940 305.7872 307.1974 306.0074	241.5
2000 4.0871203E-08 2.6570540E-08 1.8198445E-08 2.3445535E-08 8.6026040E-09 1.4722006E-08 9.5744941E-09 3.6333607E-09 2.9893588E-08 8.1740907E-09 7.6754425E-09 2.8556153E-08 1.7413090E-08 1.7823249E-08 2.7957617E-08	294.9211 299.6113 301.9987 300.2737 306.5077 301.7994 304.8457 307.8426 305.4692 306.5127 307.1078 304.5883 304.6708 305.6298 304.0579	103.398
2001 3.6150386E-08 2.2491408E-08 1.2558433E-08 2.2833053E-08 5.6705436E-09 1.2922683E-08 1.0100115E-08 2.4444189E-09 2.5533486E-08 9.1717780E-09 9.7035597E-09 3.8456623E-08 1.8382968E-08 2.3856398E-08 3.3938750E-08	294.7169 299.0912 301.3693 299.8985 305.8992 301.2365 304.2764 307.5982 304.9791 305.4147 305.9934 302.7986 303.0703 303.4137 301.8068	6.314
2002 3.8169603E-08 2.4380286E-08 1.7877705E-08 2.4269848E-08 1.1442252E-08 1.7557047E-08 1.0607234E-08 5.0370415E-09 3.1840653E-08 9.4641610E-09 8.4703062E-09 3.4544492E-08 1.8735252E-08 1.9990486E-08 3.1371144E-08	294.8182 299.4550 301.9736 299.9249 305.7154 301.7504 303.8925 307.3694 304.9970 305.0147 305.6452 302.8906 302.6724 303.1642 301.7207	3.90333
2003 3.0497397E-08 1.5089412E-08 1.0180725E-08 1.7965933E-08 4.5551021E-09 1.0440609E-08 8.3244753E-09 2.3426592E-09 2.9672480E-08 6.9880683E-09 6.7214585E-09 2.8059437E-08 1.6016449E-08 1.4691208E-08 2.1871477E-08	295.9657 300.4826 302.1854 300.9170 306.7456 301.8142 304.8263 308.0439 305.4595 306.0342 306.4005 303.7892 303.8737 304.4551 302.8768	38.8147
2004 3.3176679E-08 2.4613744E-08 1.7051487E-08 1.6638927E-08 8.2793985E-09 1.1133643E-08 6.3518213E-09 2.8805813E-09 2.7006566E-08 5.0760605E-09 5.8784013E-09 2.8088007E-08 1.4173209E-08 1.3295899E-08 2.1506338E-08	295.3177 299.1203 300.6323 300.2793 305.5788 300.4312 304.2702 307.1983 304.9533 305.4684 305.9907 303.3361 303.4112 304.0212 302.4516	327.867
2005 2.6250937E-08 1.7216170E-08 1.0590985E-08 1.3909281E-08 5.3604645E-09 7.1280923E-09 5.5164620E-09 2.0864619E-09 1.7705483E-08 4.9702638E-09 3.1373377E-09 1.4653158E-08 1.4383843E-08 1.2378542E-08 1.7194766E-08	297.0656 300.2093 300.4173 301.4677 306.0824 300.1357 305.1143 307.6383 305.9831 306.3110 307.0268 305.3510 304.2945 304.8748 303.5422	48.4667
2006 3.5753835E-08 2.0908502E-08 1.5463719E-08 2.1704246E-08 6.4774603E-09 1.1944480E-08 9.7780797E-09 4.6281801E-09 2.9005200E-08 6.6898664E-09 8.7932319E-09 2.7135073E-08 1.5079658E-08 1.4535806E-08 2.3718808E-08	295.9425 299.9509 301.4309 300.8499 306.4149 301.0985 304.9932 307.6948 305.3497 306.4779 306.7474 304.0874 304.5595 305.0820 303.3146	0.780333
2007 2.7945184E-08 1.7604824E-08 1.3137368E-08 1.6911422E-08 6.1177214E-09 1.0037573E-08 6.5087464E-09 1.8335534E-09 2.0999932E-08 5.7867444E-09 4.7934177E-09 1.9013568E-08 1.2802296E-08 1.0734295E-08 1.4183196E-08	296.0728 299.8928 301.1828 300.8477 305.8629 300.6870 304.7034 307.4051 305.2970 306.1921 306.7426 304.6952 304.6443 305.6598 304.1107	1401.67
2008 3.3948940E-08 1.6102366E-08 1.5995477E-08 1.7188874E-08 4.1924046E-09 1.3139103E-08 5.9133054E-09 3.2778982E-09 2.4670648E-08 6.2496128E-09 7.8306623E-09 2.6443724E-08 1.4553800E-08 1.5917511E-08 2.4986583E-08	295.6468 300.3792 301.6578 301.0220 307.2866 301.2679 305.6141 308.2604 305.8302 307.1447 307.7096 305.4173 305.1345 306.3644 305.1645	3.03033
2009 3.1601637E-08 1.7647983E-08 1.2300285E-08 1.8608215E-08 5.5707354E-09 1.2217636E-08 8.6030036E-09 2.3552285E-09 2.7051554E-08 7.7414075E-09 5.9230514E-09 2.5443869E-08 1.5746805E-08 1.6887665E-08 2.4446750E-08	295.3557 299.7836 301.4920 300.5042 306.2563 301.4673 304.6296 307.5636 304.9135 306.0692 306.3308 303.5149 304.2634 304.6687 303.0673	0.273333
2010 2.4331600E-08 1.8586380E-08 1.1577158E-08 1.0797359E-08 3.7989976E-09 7.6372473E-09 4.9393525E-09 1.3304086E-09 1.7343069E-08 6.2687335E-09 2.8872866E-09 1.5518935E-08 1.1751018E-08 9.3680494E-09 1.4762700E-08	297.7546 300.6974 300.8954 302.0642 306.7050 300.6777 305.8176 308.2476 306.4624 306.7537 307.0679 304.9119 304.6513 305.0033 303.2909	28.1077
2011 2.7928134E-08 1.5925053E-08 1.1621700E-08 1.3909252E-08 4.8509743E-09 8.1341618E-09 5.2736193E-09 2.2739719E-09 2.5890493E-08 5.4096154E-09 5.7492686E-09 2.2175662E-08 1.2353666E-08 1.2464598E-08 1.8611249E-08	296.7127 300.4823 301.2925 301.4719 307.0973 300.6379 305.6457 308.2701 306.2881 307.1166 307.6866 305.6038 304.9500 305.8709 304.2486	0
2012 2.9032742E-08 1.9806611E-08 1.3869791E-08 1.3370516E-08 4.3571267E-09 1.1055810E-08 5.6151790E-09 1.8965718E-09 2.5808207E-08 5.6432681E-09 4.5512172E-09 2.4492275E-08 1.1393997E-08 1.2497599E-08 2.0196570E-08	296.2902 300.0540 301.7178 301.2467 306.6807 301.5474 305.3423 308.1223 306.0431 306.6187 306.8032 304.5322 304.6733 305.1734 303.7273	4.11467
2013 3.6818204E-08 2.4086974E-08 1.2625748E-08 2.1339179E-08 7.2942750E-09 1.0201171E-08 7.3532749E-09 2.3056910E-09 2.6057350E-08 6.3917822E-09 4.1761163E-09 1.8754569E-08 1.3444320E-08 1.1938513E-08 1.7479444E-08	295.8133 299.6233 300.2121 300.6815 306.0303 299.6003 304.9703 307.5568 305.2155 306.3390 307.1958 304.8710 304.4855 305.4879 304.0738	374.233
2014 3.2793846E-08 2.2763041E-08 1.1506554E-08 2.2535334E-08 7.3307844E-09 9.8373443E-09 9.6628368E-09 2.9969367E-09 2.6302546E-08 7.8184259E-09 5.8452496E-09 2.5440720E-08 1.7078152E-08 1.4652825E-08 2.5080471E-08	295.3252 299.3834 300.2184 300.0850 305.6777 299.2585 304.2138 307.2807 304.7674 305.5602 306.0730 303.4073 303.3318 303.9832 302.2914	2.87233
2015 3.4611158E-08 2.0473786E-08 1.2205988E-08 2.6466195E-08 9.4454888E-09 1.2061335E-08 1.5652198E-08 4.0838217E-09 2.7398201E-08 1.1955746E-08 8.3202352E-09 3.5568014E-08 2.1710907E-08 2.1924100E-08 3.2132295E-08  295.5794 299.9401 301.6346 299.9812 305.7195 301.2721 303.6146 307.3738 305.0500 304.8199 305.6375 303.0392 302.2639 303.1216 302.1048  3272.57
