STN,prec_1,prec_2,prec_3,prec_4,prec_5,prec_6,prec_7,prec_8,prec_9,prec_10,prec_11,prec_12,prec_13,prec_14,prec_15,st_1,st_2,st_3,st_4,st_5,st_6,st_7,st_8,st_9,st_10,st_11,st_12,st_13,st_14,st_15,06.0
LAT,23.72017,23.72017,23.72017,26.51077,26.51077,26.51077,29.30136,29.30136,29.30136,32.09194,32.09194,32.09194,34.88252,34.88252,34.88252,23.72017,23.72017,23.72017,26.51077,26.51077,26.51077,29.30136,29.30136,29.30136,32.09194,32.09194,32.09194,34.88252,34.88252,34.88252,28.30888906
LON,-101.2500,-98.43750,-95.62500,-101.2500,-98.43750,-95.62500,-101.2500,-98.43750,-95.62500,-101.2500,-98.43750,-95.62500,-101.2500,-98.43750,-95.62500,-101.2500,-98.43750,-95.62500,-101.2500,-98.43750,-95.62500,-101.2500,-98.43750,-95.62500,-101.2500,-98.43750,-95.62500,-101.2500,-98.43750,-95.62500,-98.5572384
1958 1.6251656E-08 1.3475933E-08 2.0893765E-08 1.7474012E-08 7.7798523E-09 1.1853451E-08 1.4728167E-08 6.5957542E-09 8.7035756E-09 1.2702905E-08 9.3872812E-09 1.0983262E-08 1.7037214E-08 1.6491363E-08 1.4729491E-08	291.8248 296.9948 301.0289 295.2382 302.0991 300.3901 298.0688 301.7746 300.5001 298.2118 299.3096 298.0129 295.0986 296.0428 295.8323	251.447
1959 1.6443217E-08 1.4917360E-08 2.2365008E-08 1.7731857E-08 7.3707516E-09 1.0036318E-08 1.4182984E-08 5.4997442E-09 9.0945722E-09 1.2021402E-08 7.8833189E-09 1.1936409E-08 1.6165046E-08 1.6090032E-08 1.5313843E-08	291.7085 296.7921 301.0315 295.0262 301.9499 300.3931 297.8996 301.8004 300.6046 297.9789 299.3808 297.8672 294.8084 296.0538 295.5581	68.1533
1960 1.8495447E-08 1.3617123E-08 2.1957762E-08 1.5336422E-08 5.9521863E-09 1.1533131E-08 1.3376316E-08 6.1347398E-09 1.1170343E-08 1.0502401E-08 1.0786024E-08 1.2711950E-08 1.3570403E-08 1.6062259E-08 1.7374429E-08	291.4746 296.7996 301.0444 294.9441 302.1331 300.4025 297.9986 301.9308 300.7754 298.2075 299.6276 298.3486 295.1583 296.4092 296.1275	241.087
1961 2.9831742E-08 2.2959439E-08 2.6210985E-08 2.6161072E-08 1.4279909E-08 1.4220860E-08 1.8493179E-08 1.0166053E-08 1.5098406E-08 1.5990155E-08 1.3746060E-08 1.6111718E-08 2.1036033E-08 2.3155192E-08 2.3818945E-08	290.9029 296.3911 300.9296 294.4406 301.3795 300.3213 297.3380 301.2050 300.0891 297.2212 298.5111 297.3101 293.9143 294.9431 294.7152	280.347
1962 2.1378824E-08 1.7809777E-08 2.5543269E-08 2.0247326E-08 1.0234027E-08 1.4209015E-08 1.4983627E-08 7.1405579E-09 1.3003238E-08 1.2232304E-08 1.1760057E-08 1.4611019E-08 1.7899453E-08 2.1397682E-08 2.2438716E-08	291.4896 296.7041 300.8752 295.1113 301.7556 300.2809 298.0134 301.5262 300.2264 298.0554 299.1065 297.6900 294.5841 295.5855 295.2941	128.193
1963 2.5391772E-08 1.9680591E-08 2.1402091E-08 2.4251243E-08 1.4109864E-08 1.3227774E-08 1.7440261E-08 9.4121271E-09 1.4655838E-08 1.4624909E-08 1.2210442E-08 1.7423710E-08 1.5748554E-08 1.8043682E-08 2.1737305E-08	290.9915 296.5879 300.9809 294.4630 301.4515 300.3553 297.2265 301.1499 299.7355 297.3126 298.3907 296.8648 294.0644 294.8129 294.3270	1567.1
1964 1.8902979E-08 1.5332704E-08 2.2430296E-08 1.7519239E-08 8.9767216E-09 1.3951927E-08 1.3063407E-08 6.9771868E-09 1.1704328E-08 1.2691496E-08 1.1998430E-08 1.2659659E-08 1.7645570E-08 1.7006627E-08 1.6152699E-08	291.3078 296.6386 300.9495 294.7166 301.5620 300.3358 297.6784 301.3564 300.1328 297.8641 298.9771 297.6263 294.6863 295.7276 295.2934	15.5767
1965 2.0915399E-08 1.8310214E-08 2.0585620E-08 2.0124396E-08 9.4182298E-09 1.1621521E-08 1.5655889E-08 7.5841662E-09 1.0588801E-08 1.3655184E-08 1.1973699E-08 1.4366432E-08 1.8003210E-08 2.0473585E-08 1.7545206E-08	291.0290 296.2727 300.8714 294.2086 301.1313 300.2739 296.8201 300.7231 299.6640 296.7292 298.0087 296.8193 293.6553 294.7253 294.6052	248.01
1966 2.0902531E-08 1.6406384E-08 2.3279860E-08 2.1288377E-08 8.4863201E-09 1.3525226E-08 1.4172048E-08 5.1956373E-09 1.0329620E-08 1.0731671E-08 1.0547561E-08 1.3129225E-08 1.3929742E-08 1.7419895E-08 1.8030345E-08	290.8941 296.1420 300.6971 294.1883 301.1625 300.1543 296.9897 300.8761 299.5303 297.0758 298.1564 296.4947 293.9325 294.7066 294.1023	421.393
1967 1.9096687E-08 1.3857672E-08 1.9516495E-08 1.7950454E-08 9.0452117E-09 1.3223546E-08 1.4538821E-08 6.3599863E-09 1.2072647E-08 1.3258019E-08 1.2428039E-08 1.4881977E-08 1.9717044E-08 2.0906494E-08 2.1901231E-08	291.4058 296.7616 300.8318 294.9312 301.7735 300.2514 297.6949 301.2889 299.7108 297.6013 298.4937 296.9346 294.3120 295.0806 294.6470	0.00733333
1968 2.3884636E-08 2.0960453E-08 2.3467482E-08 2.5514764E-08 1.3611282E-08 1.4282055E-08 1.8214243E-08 9.0325214E-09 1.2357490E-08 1.6593352E-08 1.4143221E-08 1.4426963E-08 2.0868157E-08 2.1754223E-08 2.0722311E-08	290.9289 296.2619 300.7189 294.3822 301.2018 300.1693 297.1752 300.8582 299.8063 297.0039 298.1605 296.8254 293.7910 294.7098 294.4161	73.1333
1969 2.1825215E-08 1.6920396E-08 2.2085469E-08 2.0855900E-08 9.6246717E-09 1.4166768E-08 1.6073477E-08 6.6692718E-09 1.3538973E-08 1.3788602E-08 1.2165441E-08 1.7130834E-08 1.9283922E-08 1.7457323E-08 1.8377001E-08	291.8880 297.1010 301.0394 295.2641 302.1175 300.3954 298.0651 301.9250 300.3946 298.0138 299.4095 297.9942 294.6792 296.0406 295.8769	63.4097
1970 1.6334988E-08 1.4298172E-08 2.1175008E-08 1.3506359E-08 6.9721051E-09 9.8100097E-09 1.0636742E-08 5.9677188E-09 1.0735757E-08 1.0363967E-08 1.0351514E-08 1.4782439E-08 1.3067385E-08 1.6457172E-08 1.7122643E-08	291.4642 296.6619 300.8017 295.0042 301.7101 300.2269 298.0019 301.6292 300.1834 298.1967 299.3712 297.6138 295.2298 296.2744 295.7253	847.763
1971 2.2046205E-08 1.9590509E-08 2.0343979E-08 1.8133708E-08 9.7905337E-09 1.0761040E-08 1.3241199E-08 7.1992021E-09 1.0049189E-08 1.2537170E-08 1.1306405E-08 1.4958642E-08 1.6152152E-08 1.9814133E-08 2.0601798E-08	291.2465 296.3691 300.7432 294.6151 301.4323 300.1894 297.5205 301.2723 300.2669 297.6864 298.8102 297.5812 294.5705 295.4613 295.0705	155.75
1972 1.9175324E-08 1.7139703E-08 2.2297179E-08 1.9647386E-08 9.8426476E-09 1.4098570E-08 1.7338627E-08 6.8544490E-09 9.2135810E-09 1.4912240E-08 1.2597657E-08 1.2885621E-08 1.9215458E-08 1.9667104E-08 1.9296913E-08	291.4469 296.5550 300.8217 294.7343 301.4883 300.2393 297.5201 301.2450 300.0302 297.3338 298.6396 297.4655 293.9790 295.2449 295.1585	138.767
1973 2.0105720E-08 1.3021009E-08 1.9401668E-08 1.8571228E-08 8.8496321E-09 1.3289354E-08 1.4119566E-08 6.8196795E-09 1.3253568E-08 1.2696286E-08 1.1023858E-08 1.5069824E-08 1.7446052E-08 1.6465926E-08 1.7149079E-08	291.3350 296.8420 300.9342 294.7964 301.6535 300.3250 297.5936 301.2379 299.7573 297.5358 298.6146 296.9192 294.2316 295.2327 294.7601	89.337
1974 2.4186718E-08 1.6323591E-08 2.2397181E-08 2.2174142E-08 9.4466399E-09 1.3171558E-08 1.7272914E-08 8.0014804E-09 1.1568646E-08 1.3800013E-08 1.3003925E-08 1.7174617E-08 1.6400074E-08 1.8564705E-08 2.1018694E-08	290.9832 296.5481 300.8300 294.3734 301.4674 300.2556 297.2234 300.9645 299.7735 297.0929 298.0568 296.5246 293.6960 294.4912 294.0153	20.8333
1975 1.9622348E-08 1.7024496E-08 2.2167061E-08 1.8593624E-08 9.0425081E-09 1.0506366E-08 1.0855813E-08 4.2727963E-09 9.5370964E-09 9.2283612E-09 8.4358120E-09 1.0583064E-08 1.4700513E-08 1.5930809E-08 1.5156175E-08	291.6307 296.8162 300.9030 295.0734 301.8669 300.3029 298.2352 301.7779 300.4695 298.4049 299.3149 297.7614 295.0559 296.0094 295.5545	1873.97
1976 1.7584551E-08 1.5755772E-08 1.9724965E-08 1.7089780E-08 9.9327755E-09 1.2572234E-08 1.2678496E-08 7.0692687E-09 1.2769065E-08 1.0565768E-08 9.6538564E-09 1.2365517E-08 1.3889705E-08 1.5504593E-08 1.4822038E-08	291.2445 296.4533 300.8209 294.4022 301.3928 300.2465 297.2473 301.2399 300.0475 297.3034 298.8292 297.4662 294.1057 295.3630 295.0825	41.1033
1977 2.3449831E-08 1.9360842E-08 1.9299280E-08 1.9303572E-08 1.0501156E-08 1.5725000E-08 1.4285789E-08 8.3957836E-09 1.6743149E-08 1.1545609E-08 1.3212948E-08 1.8915676E-08 1.4918113E-08 1.7563547E-08 1.8966400E-08	290.8912 296.3537 300.8416 294.4572 301.4648 300.2566 297.3894 301.2102 299.7021 297.4639 298.7193 296.9890 294.4577 295.4752 294.9227	350.567
1978 2.2605805E-08 1.7222922E-08 1.9006650E-08 2.1081947E-08 1.0863333E-08 1.1426990E-08 1.8009420E-08 7.6921562E-09 1.1650497E-08 1.4518186E-08 1.3657819E-08 1.5437537E-08 1.7087739E-08 1.9750823E-08 2.0193525E-08	291.4634 296.7623 300.8168 294.9695 301.6179 300.2394 297.7044 301.3430 300.0857 297.5621 298.6725 297.3367 294.2814 295.1378 294.8033	443.647
1979 2.2245157E-08 1.6098351E-08 1.7747038E-08 2.2644022E-08 1.0720383E-08 1.1327741E-08 1.6838483E-08 7.7863440E-09 9.1795371E-09 1.4241134E-08 1.2497640E-08 1.3756708E-08 1.3960150E-08 1.5087391E-08 1.7215514E-08	291.6432 296.8261 300.9464 295.0528 301.8647 300.3302 297.7077 301.5302 300.3427 297.5165 298.8528 297.5062 294.3562 295.4516 295.0588	2274.7
1980 1.6158459E-08 1.4022184E-08 1.6203826E-08 1.4012673E-08 6.6276966E-09 8.9252721E-09 1.1254967E-08 5.0436668E-09 8.4777998E-09 1.2335077E-08 1.1588588E-08 1.4042196E-08 1.5533267E-08 1.6932372E-08 1.7358106E-08	291.2427 296.4992 300.9574 294.7434 301.6510 300.3371 297.5053 301.2163 299.5273 297.1111 298.0865 296.2828 293.6945 294.4482 293.8796	508.833
1981 2.0140059E-08 1.8442259E-08 2.2801792E-08 1.7667217E-08 1.0299011E-08 1.3325744E-08 1.0852293E-08 6.3397696E-09 8.8317043E-09 9.1847294E-09 7.4939868E-09 1.1265862E-08 1.4657801E-08 1.3580287E-08 1.3112328E-08	291.4479 296.6461 300.7476 295.0990 301.7790 300.1901 298.1466 301.6676 300.2153 298.2030 299.3433 297.7590 294.9750 296.1632 295.7046	5178.67
1982 2.3162007E-08 1.8759645E-08 1.8125927E-08 1.9828839E-08 1.1550807E-08 1.2851276E-08 1.3500364E-08 8.2723330E-09 1.4243331E-08 1.1926866E-08 1.3458112E-08 1.6502664E-08 1.5372391E-08 2.1720510E-08 2.0718703E-08	291.3730 296.8455 300.8900 294.9696 301.7856 300.2928 297.9001 301.4432 299.8884 297.7471 298.7129 296.9454 294.4139 295.2641 294.7079	102.8
1983 2.1760638E-08 1.9632333E-08 1.6213219E-08 2.0163535E-08 1.1962022E-08 1.2065749E-08 1.4711666E-08 7.8496605E-09 1.2305362E-08 1.4827613E-08 1.2999561E-08 1.5682510E-08 1.8496307E-08 1.9636504E-08 2.1072340E-08	291.4673 296.5993 301.1773 295.0445 301.5729 300.5052 297.7418 301.1272 299.5421 297.3897 298.3106 296.6849 294.1092 294.9276 294.4521	23.082
1984 1.5755289E-08 1.2171583E-08 1.9193244E-08 1.5169652E-08 8.1826856E-09 1.3442365E-08 1.1319514E-08 6.0049872E-09 1.0792061E-08 9.0607868E-09 9.2396899E-09 1.2913535E-08 1.0609865E-08 1.2703385E-08 1.4311540E-08	291.8051 296.7806 300.9617 295.2331 301.8225 300.3532 298.1628 301.7263 300.2655 298.1685 299.2629 297.6547 295.1695 296.1154 295.5724	0.003
1985 1.7026547E-08 1.5590887E-08 2.0858080E-08 1.8147711E-08 8.0425497E-09 1.1610376E-08 1.2801216E-08 4.4650954E-09 9.0060919E-09 9.0899768E-09 8.1151841E-09 1.0222291E-08 1.3128562E-08 1.4596890E-08 1.4981330E-08	291.8049 296.9380 300.9392 295.2631 302.1088 300.3356 298.2213 301.9414 300.5654 298.2105 299.4742 297.9477 294.7533 295.8861 295.5773	705.733
1986 2.0538206E-08 1.6202971E-08 1.4471059E-08 2.1401712E-08 9.6493276E-09 9.7300994E-09 1.7204780E-08 6.5322330E-09 1.1893788E-08 1.4637232E-08 1.3251005E-08 1.6136065E-08 1.7791177E-08 2.1431777E-08 2.1101670E-08	291.3873 296.6823 301.0671 294.6126 301.6778 300.4240 297.1241 301.1689 299.8913 296.7921 298.1477 296.9254 293.5573 294.5901 294.4001	878.22
1987 2.4547232E-08 1.9347516E-08 1.8325860E-08 2.4680602E-08 1.3570220E-08 1.4484523E-08 1.8309336E-08 9.6792965E-09 1.3885606E-08 1.4034060E-08 1.4886649E-08 1.7476973E-08 2.0066958E-08 2.2362320E-08 2.2908372E-08	291.1746 296.5008 301.1719 294.4076 301.3934 300.4922 297.0854 301.1294 299.9351 296.8837 298.3764 297.2595 293.7174 294.9108 294.8379	5403.67
1988 2.0091040E-08 1.3513114E-08 1.5443666E-08 1.7094052E-08 8.4266230E-09 1.0392124E-08 1.1947657E-08 5.6626828E-09 1.1830654E-08 9.2833528E-09 9.5253343E-09 1.2970183E-08 1.4232270E-08 1.5392130E-08 1.4644253E-08	291.7149 296.9969 300.7612 295.4100 302.1516 300.1968 298.4387 302.0422 300.5456 298.4027 299.5345 298.0399 295.4305 296.4956 295.9731	3.34567
1989 2.3162858E-08 1.6319291E-08 1.9142977E-08 2.1171731E-08 1.0764868E-08 1.5260238E-08 1.4091095E-08 6.9578348E-09 1.2645489E-08 9.7970556E-09 9.1048209E-09 1.3465970E-08 1.3490957E-08 1.4485245E-08 1.4861689E-08	291.1117 296.5978 300.8869 294.7854 301.5786 300.2934 297.8596 301.4573 299.9593 297.7819 298.9021 297.2559 294.3924 295.2894 295.0175	7.38767
1990 1.7836582E-08 1.7314363E-08 1.8363322E-08 1.8342570E-08 1.1859088E-08 1.3054779E-08 1.3987378E-08 9.0545837E-09 1.2644332E-08 1.5523577E-08 1.4932448E-08 1.5623892E-08 2.2167470E-08 2.5430921E-08 2.2090296E-08	291.5810 296.6629 301.1309 294.8925 301.7014 300.4688 297.6500 301.4895 300.1920 297.5836 298.9069 297.7336 294.5453 295.5471 295.4637	70.0273
1991 2.3268166E-08 1.8571230E-08 2.1293465E-08 2.2990605E-08 1.1307606E-08 1.2940883E-08 1.7602531E-08 8.3596117E-09 1.4124829E-08 1.6482041E-08 1.4904625E-08 1.7863501E-08 2.1050017E-08 2.2893866E-08 2.2954371E-08	291.6130 296.9646 301.1527 294.9189 301.9057 300.4874 297.6600 301.3957 299.9242 297.5038 298.5506 297.0658 294.3375 295.3406 294.9489	28.133
1992 2.6588429E-08 2.2529717E-08 2.3659451E-08 2.6957164E-08 1.6758200E-08 1.6242723E-08 2.4140704E-08 1.3871531E-08 1.6701080E-08 2.0043235E-08 1.8197175E-08 1.9396081E-08 2.2670749E-08 2.4205974E-08 2.2730623E-08	291.3391 296.5395 301.0024 294.5375 301.4210 300.3730 297.0630 300.9293 299.5579 296.7786 298.0581 296.6872 293.8297 294.8438 294.3694	903.8
1993 3.7168927E-08 3.0566547E-08 2.4061372E-08 3.2146737E-08 1.8341968E-08 1.6571915E-08 2.3400572E-08 1.2168131E-08 1.5922526E-08 2.1308173E-08 1.8016623E-08 2.0689763E-08 2.6407266E-08 2.6581027E-08 2.3700874E-08	290.9253 296.4071 301.0323 294.1628 301.3618 300.3998 296.7370 300.9879 299.9769 296.5208 298.0478 296.8846 293.4384 294.4261 294.2338	136.743
1994 2.2068646E-08 2.0005833E-08 2.2042562E-08 2.3310966E-08 1.2776222E-08 1.6111871E-08 1.8764510E-08 1.0116159E-08 1.6562620E-08 1.5287881E-08 1.5517639E-08 1.9958760E-08 2.0308093E-08 2.3312573E-08 2.4522011E-08	291.5565 296.7242 300.8878 294.5947 301.3562 300.3022 297.1597 300.9261 299.8752 297.0234 298.2028 296.9803 293.9279 294.8970 294.5978	102.919
1995 2.4442389E-08 1.6222600E-08 1.9535719E-08 2.4459849E-08 1.2287691E-08 1.2841034E-08 1.6588414E-08 9.4057606E-09 1.2815962E-08 1.3695374E-08 1.2617083E-08 1.6462138E-08 1.5604183E-08 1.8567649E-08 1.9846510E-08	291.4193 296.9928 301.2311 294.7923 301.8409 300.5379 297.7339 301.5312 300.2273 297.9840 299.1578 297.6206 294.9716 295.9563 295.4663	108.852
1996 1.9156605E-08 1.6788167E-08 1.9563084E-08 1.6179678E-08 9.6492307E-09 1.2429015E-08 1.4188251E-08 8.3874481E-09 1.0120677E-08 1.1803099E-08 1.0164475E-08 1.1544254E-08 1.5012873E-08 1.6414623E-08 1.5544400E-08	291.4189 296.5635 301.0428 294.7064 301.5110 300.4069 297.5247 301.1966 299.8765 297.5773 298.7666 297.3804 294.6023 295.6977 295.3298	3.10033
1997 3.1348758E-08 2.4008667E-08 2.0412800E-08 2.9492547E-08 1.5458442E-08 1.4455484E-08 2.1463894E-08 1.1413510E-08 1.3988858E-08 1.9702957E-08 1.9083544E-08 2.1504501E-08 2.3270738E-08 2.6628754E-08 2.8071831E-08	290.4471 296.1266 301.1764 293.7993 300.9401 300.5053 296.3733 300.5663 299.5413 295.9957 297.4246 296.2337 292.9935 294.0167 293.7497	1329.13
1998 1.4904938E-08 1.2976465E-08 1.5879722E-08 1.2687998E-08 6.7205796E-09 1.0179736E-08 8.0011970E-09 2.8359923E-09 8.9662757E-09 7.4132935E-09 5.2873350E-09 8.5839691E-09 1.0424934E-08 1.0912111E-08 1.2373452E-08	292.0245 296.8856 301.0533 295.6494 301.9645 300.4049 298.6620 301.8922 300.1534 298.6151 299.6879 298.0503 295.3550 296.4034 295.8778	0
1999 1.4157087E-08 1.2744160E-08 2.1348670E-08 1.0300845E-08 6.6239405E-09 1.2587834E-08 7.2033086E-09 2.9844633E-09 8.8913890E-09 6.5643633E-09 4.8290540E-09 8.7348235E-09 1.0153718E-08 1.1386272E-08 1.1183682E-08	291.9663 297.0682 301.0154 295.6016 302.0966 300.3907 298.8166 302.1801 300.5953 298.9242 299.9694 298.2687 295.6095 296.5907 296.0901	241.5
2000 1.8448205E-08 1.7079893E-08 1.7878472E-08 1.5046727E-08 9.8741282E-09 1.4120034E-08 1.1044093E-08 6.4489702E-09 1.3055892E-08 9.2177075E-09 1.1262530E-08 1.4583132E-08 1.2754723E-08 1.7547215E-08 1.8074308E-08	291.8132 296.8924 301.1059 295.5190 301.8677 300.4572 298.4908 301.7275 300.2019 298.4326 299.1953 297.6786 295.1136 296.0782 295.8193	103.398
2001 1.9896483E-08 1.7120746E-08 2.1155008E-08 1.6540936E-08 1.0051768E-08 1.3291312E-08 1.2849381E-08 7.5143847E-09 1.0239547E-08 1.0241052E-08 1.1542095E-08 1.5706616E-08 1.4196945E-08 1.9626546E-08 2.1686335E-08	291.6809 296.8662 301.2266 295.3601 301.9500 300.5465 298.1677 301.7935 300.2883 297.7213 299.0041 297.6157 294.3754 295.4427 295.1621	6.314
2002 2.2208456E-08 1.8397465E-08 2.0348033E-08 1.8590967E-08 1.0767923E-08 1.3320714E-08 1.1759205E-08 5.8299365E-09 1.0418348E-08 9.9074926E-09 8.7598560E-09 1.1826014E-08 1.4404370E-08 1.4606568E-08 1.2792144E-08	290.7583 296.2134 301.0628 294.2237 301.1696 300.4165 297.3148 301.0486 299.6707 297.5258 298.6602 297.0038 294.8076 295.7635 295.1941	3.90333
2003 2.2877863E-08 1.6222105E-08 2.2232072E-08 1.8277454E-08 8.3402441E-09 1.3113294E-08 1.3643391E-08 6.3207728E-09 1.2146931E-08 1.3422754E-08 1.0838541E-08 1.2352332E-08 1.6575283E-08 1.6883842E-08 1.4345051E-08	291.5417 296.9803 301.1319 295.2426 302.1640 300.4653 298.3941 301.9952 300.4341 298.4159 299.4648 297.8009 295.4367 296.4326 295.9961	38.8147
2004 2.4996817E-08 1.8668864E-08 1.5036811E-08 2.4444525E-08 1.1467506E-08 1.0672205E-08 1.8570322E-08 8.1122904E-09 1.0689452E-08 1.5038614E-08 1.1437281E-08 1.3978614E-08 1.6890954E-08 1.6239600E-08 1.6118424E-08	290.9235 296.2690 300.7751 294.3191 301.3203 300.2052 297.0999 301.0303 299.6668 297.1542 298.3802 296.8839 294.3607 295.1380 294.7070	327.867
2005 2.0741560E-08 1.4235787E-08 1.4871471E-08 2.1179819E-08 9.8100639E-09 9.5149719E-09 1.8299135E-08 6.8074866E-09 1.1204345E-08 1.3652430E-08 1.4678390E-08 1.7329683E-08 1.5447801E-08 2.2068049E-08 2.3169115E-08	291.7755 297.1412 301.3687 295.2784 302.0431 300.6500 298.1682 301.6656 300.1686 297.9589 298.8797 297.3244 294.7162 295.4823 295.0192	48.4667
2006 2.3063434E-08 1.5983176E-08 2.0246276E-08 2.2073243E-08 9.9888773E-09 1.2965269E-08 1.7957611E-08 8.2351468E-09 1.1853753E-08 1.4151637E-08 1.2391776E-08 1.4089515E-08 1.3928168E-08 1.8229533E-08 1.7917918E-08	291.8980 297.1986 301.3205 295.5319 302.3959 300.6142 298.3058 302.0554 300.7174 298.1299 299.3723 297.9730 295.0255 296.0109 295.7340	0.780333
2007 1.3753211E-08 1.1057911E-08 1.7354729E-08 1.0898861E-08 6.2183436E-09 1.2293808E-08 1.0619662E-08 5.6382685E-09 1.1720983E-08 9.4884989E-09 1.0099947E-08 1.4858095E-08 1.1754685E-08 1.2623335E-08 1.4686841E-08	292.1236 297.1964 301.3712 295.8805 302.4604 300.6503 298.7051 302.1029 300.4592 298.5117 299.5079 297.8074 295.4937 296.5117 295.9828	1401.67
2008 1.7518383E-08 1.4349425E-08 1.9965162E-08 1.5988453E-08 8.4519556E-09 1.2881141E-08 1.0934383E-08 5.4974638E-09 1.0908747E-08 7.6666193E-09 9.0363317E-09 1.2745225E-08 1.1517505E-08 1.4869616E-08 1.5098912E-08	292.1901 297.1983 301.1176 295.6329 302.0777 300.4622 298.6187 301.8020 300.1546 298.5934 299.4008 297.6916 295.2807 296.1797 295.6169	3.03033
2009 2.2456977E-08 1.8445498E-08 1.9782458E-08 1.9270276E-08 1.0679730E-08 1.2013904E-08 1.5946073E-08 7.8252063E-09 1.0913415E-08 1.3000776E-08 1.3487320E-08 1.3401529E-08 1.5158719E-08 1.7752562E-08 1.8162762E-08	291.1767 296.4794 301.4159 294.7386 301.5776 300.6877 297.6481 301.3195 299.9712 297.5728 298.6405 297.4123 294.4394 295.2983 295.0968	0.273333
2010 1.5144174E-08 1.4333414E-08 2.3353726E-08 1.1799776E-08 6.5685377E-09 1.2593524E-08 8.1581764E-09 3.6176480E-09 7.6719511E-09 8.7828695E-09 6.4001648E-09 8.0269906E-09 1.0224871E-08 1.1978620E-08 1.1125236E-08	292.3366 297.3596 301.5850 296.1347 302.6088 300.8191 299.3041 302.5390 300.8824 299.2244 300.3682 298.8507 296.1242 297.3372 297.0211	28.1077
2011 1.5009086E-08 1.1817224E-08 1.6288075E-08 1.3696041E-08 7.4937434E-09 9.3742907E-09 1.1319328E-08 4.6849240E-09 9.8949133E-09 1.1014538E-08 9.1142631E-09 1.0800643E-08 1.3622595E-08 1.4662175E-08 1.5965442E-08	292.3189 297.4185 301.0475 295.9696 302.4330 300.4208 298.8685 302.2778 300.6451 298.7094 299.7761 298.3510 295.1586 296.3044 296.0117	0
2012 2.5198970E-08 2.0395397E-08 2.5218595E-08 2.1132259E-08 1.2201246E-08 1.4874262E-08 1.2128566E-08 6.4649215E-09 1.2802417E-08 7.6390565E-09 8.3740428E-09 1.4576366E-08 9.7698090E-09 1.1702094E-08 1.5141731E-08	290.5106 296.1145 301.0144 294.1888 301.2115 300.3884 297.4329 301.2708 299.7712 297.8654 299.0417 297.3376 294.9178 295.9494 295.3344	4.11467
2013 1.8723455E-08 1.6823662E-08 2.4374366E-08 1.7186462E-08 1.1351281E-08 1.5426409E-08 1.2883399E-08 7.8608471E-09 1.0675638E-08 1.1120571E-08 1.0380316E-08 1.0776563E-08 1.4176483E-08 1.5884657E-08 1.3001388E-08	291.7745 296.9978 301.3264 295.3760 302.0550 300.6283 298.3767 301.9696 300.4803 298.4359 299.6029 298.1289 295.3813 296.4822 296.3166	374.233
2014 2.1803640E-08 1.9470976E-08 2.4333819E-08 1.6770818E-08 1.1395457E-08 1.3533871E-08 1.4242306E-08 7.4852169E-09 1.0088208E-08 1.4075189E-08 1.2691665E-08 1.4055463E-08 1.5788265E-08 2.0059492E-08 1.9726238E-08	291.5590 296.9345 301.4761 295.0814 301.8516 300.7288 297.9781 301.7321 300.5809 297.9753 299.1833 297.8867 294.7823 295.6981 295.4265	2.87233
2015 2.5049751E-08 1.9045288E-08 1.7148473E-08 2.3334218E-08 1.1574427E-08 1.2586742E-08 1.9458630E-08 9.7302735E-09 1.4501932E-08 1.7818603E-08 1.6430752E-08 2.0709098E-08 2.1108361E-08 2.1827438E-08 2.4465757E-08  291.5862 296.8933 301.3946 294.8701 301.7803 300.6635 297.3805 301.2865 300.1616 296.9755 298.3598 297.2105 293.6913 294.8859 294.7687  3272.57
