STN,prec_1,prec_2,prec_3,prec_4,prec_5,prec_6,prec_7,prec_8,prec_9,prec_10,prec_11,prec_12,prec_13,prec_14,prec_15,st_1,st_2,st_3,st_4,st_5,st_6,st_7,st_8,st_9,st_10,st_11,st_12,st_13,st_14,st_15,08.0
LAT,23.72017,23.72017,23.72017,26.51077,26.51077,26.51077,29.30136,29.30136,29.30136,32.09194,32.09194,32.09194,34.88252,34.88252,34.88252,23.72017,23.72017,23.72017,26.51077,26.51077,26.51077,29.30136,29.30136,29.30136,32.09194,32.09194,32.09194,34.88252,34.88252,34.88252,28.30888906
LON,-101.2500,-98.43750,-95.62500,-101.2500,-98.43750,-95.62500,-101.2500,-98.43750,-95.62500,-101.2500,-98.43750,-95.62500,-101.2500,-98.43750,-95.62500,-101.2500,-98.43750,-95.62500,-101.2500,-98.43750,-95.62500,-101.2500,-98.43750,-95.62500,-101.2500,-98.43750,-95.62500,-101.2500,-98.43750,-95.62500,-98.5572384
1958 1.6448546E-08 2.2080277E-08 2.0415612E-08 1.7817950E-08 1.4172679E-08 1.3816700E-08 1.3898164E-08 1.3456698E-08 1.9212441E-08 1.2154612E-08 1.8458035E-08 2.8995547E-08 1.2695295E-08 1.9685869E-08 2.7656938E-08	285.7012 289.6039 297.3766 285.8774 290.8398 296.0973 284.7262 287.7121 288.2420 282.2455 282.7360 282.0536 277.7765 277.8036 277.4019	2.15806
1959 2.6011621E-08 2.8117730E-08 2.3117710E-08 2.4732612E-08 1.7277912E-08 1.6172317E-08 1.7942392E-08 1.6696186E-08 1.9057305E-08 1.3286055E-08 2.0762302E-08 3.0339351E-08 1.1988151E-08 1.9099399E-08 2.9530515E-08	285.2237 289.4264 297.3703 285.4379 290.6984 296.0914 284.7032 287.9158 288.7501 282.6550 283.2498 282.7804 278.3771 278.4760 278.2240	128.097
1960 2.0381904E-08 2.3327473E-08 2.0748843E-08 1.8637273E-08 1.5338854E-08 1.4733555E-08 1.4178696E-08 1.5510997E-08 1.7978493E-08 1.2329366E-08 2.0905871E-08 3.0392030E-08 1.4713632E-08 2.2655918E-08 3.1018818E-08	285.5461 289.5366 297.4847 285.8484 290.8487 296.1754 284.9779 287.7997 288.3544 282.6196 282.9247 282.2715 278.1232 278.0703 277.7092	392.235
1961 2.2478481E-08 2.6490440E-08 2.0920375E-08 2.1353891E-08 1.6876337E-08 1.5194420E-08 1.2868734E-08 1.2771402E-08 1.6735534E-08 1.0809243E-08 1.6426441E-08 2.4621643E-08 1.1769483E-08 1.8517710E-08 2.4605532E-08	285.5591 289.7330 297.3884 285.7537 290.9298 296.1130 285.1183 288.2778 288.9839 283.0778 283.7646 283.2482 278.7717 279.0218 278.7600	456.935
1962 1.5758124E-08 1.8960851E-08 1.3618354E-08 1.4212829E-08 1.1374592E-08 9.5605053E-09 8.9234629E-09 9.1195984E-09 1.1809095E-08 6.2899881E-09 1.0373650E-08 2.0266905E-08 9.6759631E-09 1.5076241E-08 2.1583787E-08	286.0128 290.1298 297.4235 286.6546 291.6781 296.1365 286.1561 289.1255 289.2991 283.9724 284.4353 283.6057 279.4940 279.3897 278.9363	0
1963 3.0000187E-08 3.0000461E-08 2.2925345E-08 2.8078848E-08 2.1760249E-08 1.6444218E-08 1.8588718E-08 2.0726517E-08 2.2204581E-08 1.3236622E-08 2.3876664E-08 3.7421039E-08 1.3647811E-08 2.4150667E-08 3.5273779E-08	285.0100 289.4454 297.4006 285.2783 290.5411 296.1170 284.8387 287.8181 288.5630 282.9774 283.5242 282.9760 278.7622 278.9926 278.7942	0
1964 1.6721220E-08 2.2253548E-08 2.0882775E-08 1.8257074E-08 1.4187914E-08 1.2596444E-08 1.2299284E-08 1.1388896E-08 1.3265583E-08 8.1576479E-09 1.3324676E-08 2.2022057E-08 8.3230738E-09 1.4038529E-08 2.0831154E-08	285.1146 289.3371 297.6179 285.7280 290.9668 296.2767 285.4270 288.5245 288.8926 283.4439 283.9366 282.9092 279.0359 278.8344 278.1543	202.506
1965 3.1571822E-08 3.2167009E-08 2.5928948E-08 2.7213627E-08 2.2137863E-08 1.9432477E-08 1.6917097E-08 1.7957230E-08 2.4470651E-08 1.4086640E-08 2.0286684E-08 3.3076152E-08 1.4944147E-08 2.1489514E-08 2.8986673E-08	284.8676 289.0652 297.2386 284.8491 289.8239 295.9995 284.0874 286.9212 287.8462 281.9742 282.2740 281.6827 277.7665 277.7734 277.2829	1.2871
1966 2.3637023E-08 2.4698183E-08 1.9966178E-08 2.0715031E-08 1.3365577E-08 1.2692530E-08 1.4761470E-08 1.1889579E-08 1.5534690E-08 1.2918322E-08 1.6395299E-08 2.5398538E-08 1.2880736E-08 1.8342348E-08 2.6086710E-08	284.5444 288.8242 297.4900 284.8548 289.9995 296.1906 284.3979 287.3401 287.8246 282.3922 282.6704 281.7800 277.9477 277.7433 277.1947	146.677
1967 2.7195087E-08 2.9094508E-08 2.1224892E-08 2.3922970E-08 1.8352797E-08 1.6326320E-08 1.6464201E-08 1.6267826E-08 2.0352806E-08 1.3206861E-08 2.0831427E-08 3.3228737E-08 1.2832009E-08 2.2045576E-08 3.2332974E-08	285.2704 289.6338 297.5318 285.5878 290.7434 296.2179 284.8506 287.9424 288.6837 282.6776 283.2655 282.6928 278.4105 278.5097 278.1406	425.249
1968 2.1432369E-08 2.5700157E-08 2.0103661E-08 2.0887448E-08 1.6467784E-08 1.4940223E-08 1.5964710E-08 1.7425288E-08 2.1136147E-08 1.4257096E-08 2.1706438E-08 3.2424623E-08 1.3828390E-08 1.9688137E-08 2.7055362E-08	285.4992 289.6139 297.2981 285.6143 290.7142 296.0414 284.6753 287.5861 288.2181 282.2855 282.5614 281.9652 277.7078 277.4544 277.0515	0.252258
1969 2.5640936E-08 2.8940160E-08 2.4959565E-08 1.9492404E-08 1.6151878E-08 1.7157896E-08 1.1349307E-08 1.1711574E-08 1.7916008E-08 8.4386160E-09 1.4962781E-08 2.6833101E-08 1.0664578E-08 1.8017843E-08 2.6395375E-08	284.8705 289.1413 297.5763 285.4803 290.4248 296.2505 285.1160 287.9024 288.2384 283.0798 283.3599 282.4619 278.6456 278.6156 278.1376	20.8065
1970 1.4896666E-08 1.9449548E-08 1.7741907E-08 1.8402368E-08 1.1548813E-08 1.0673448E-08 1.4826198E-08 1.3062968E-08 1.4251857E-08 1.3038493E-08 1.9131404E-08 2.5793465E-08 1.3693561E-08 1.9348439E-08 2.7181688E-08	285.6942 289.8754 297.4223 286.0884 291.4531 296.1398 285.3698 288.6644 289.2249 283.0546 283.7336 283.1544 278.6993 278.9294 278.5170	205.84
1971 2.1272594E-08 2.3162615E-08 2.1574307E-08 1.7531823E-08 1.3595917E-08 1.4640756E-08 1.2264568E-08 1.1397747E-08 1.4886271E-08 1.0109903E-08 1.3948535E-08 2.0961915E-08 1.1700371E-08 1.6027832E-08 2.0422515E-08	284.3930 288.8077 297.4352 285.2013 290.5196 296.1539 285.1717 288.3057 288.6339 283.3818 283.9491 283.0272 279.0601 279.1946 278.7162	7196.61
1972 2.7075286E-08 2.9255890E-08 2.3991031E-08 2.5259784E-08 1.9118080E-08 1.8418781E-08 1.4167088E-08 1.5347148E-08 2.1891335E-08 1.1373846E-08 1.8699572E-08 3.3557875E-08 1.5561390E-08 2.4475792E-08 3.4889652E-08	284.6194 288.6604 297.2392 284.4577 289.4647 296.0039 283.8046 286.6237 287.3547 281.9394 282.1843 281.4870 277.4856 277.4450 277.0378	315.119
1973 1.7059362E-08 2.2508287E-08 2.0026924E-08 1.7210644E-08 1.1932705E-08 1.0721716E-08 1.2473467E-08 9.8308659E-09 1.3356069E-08 9.9583186E-09 1.3406838E-08 2.0434147E-08 1.0084942E-08 1.5845153E-08 2.1908944E-08	285.8079 290.1107 297.6065 286.7177 291.9719 296.2796 286.2372 289.4765 289.7218 283.8970 284.6267 283.8175 279.2712 279.4079 278.8833	67.9677
1974 1.7965410E-08 1.9531608E-08 1.5875390E-08 1.5864604E-08 1.0774291E-08 1.0516104E-08 1.2549245E-08 1.1923530E-08 1.4213076E-08 1.2394845E-08 1.8589803E-08 2.6229147E-08 1.3473855E-08 1.9700998E-08 2.6499869E-08	285.9474 290.4070 297.5448 286.8370 292.1902 296.2402 286.4240 289.5832 289.9923 284.1194 284.6603 284.0171 279.6603 279.6219 279.3032	1121.11
1975 1.5493498E-08 1.9159508E-08 1.7321657E-08 1.4290587E-08 1.1099509E-08 1.0922105E-08 9.3524708E-09 9.5924682E-09 1.4065631E-08 8.2929050E-09 1.3865742E-08 2.2577051E-08 1.1022762E-08 1.7057735E-08 2.3975399E-08	285.8093 290.0015 297.5264 286.3318 291.6215 296.2180 285.7716 288.9629 289.2369 283.5683 284.1680 283.3995 279.1813 279.2004 278.7323	220.161
1976 2.3551273E-08 2.5312604E-08 1.9129258E-08 1.8515527E-08 1.6005831E-08 1.4410685E-08 1.0870623E-08 1.1828070E-08 1.6798674E-08 9.6285433E-09 1.4900674E-08 2.5319260E-08 1.1382162E-08 1.8232283E-08 2.5133840E-08	284.9430 289.4145 297.4709 285.5869 290.8846 296.1804 285.2196 288.2924 288.7358 283.1473 283.6773 282.9104 278.6671 278.8153 278.3936	886.871
1977 1.4606358E-08 2.0517886E-08 1.9602536E-08 1.6092159E-08 1.2287335E-08 1.1053526E-08 1.2463072E-08 1.1629282E-08 1.2557122E-08 1.0254048E-08 1.6820115E-08 2.4856877E-08 1.1857988E-08 1.8495193E-08 2.6166873E-08	285.3736 289.6151 297.3780 285.9679 291.0258 296.1109 285.1631 288.1010 288.5995 282.6592 283.0855 282.4059 278.0811 278.0894 277.6121	10.6232
1978 1.5423419E-08 2.1854971E-08 1.8932971E-08 1.5115834E-08 1.1408886E-08 1.1816158E-08 1.1575171E-08 1.0183821E-08 1.3794283E-08 1.2783632E-08 1.9575690E-08 2.7797869E-08 1.5826403E-08 2.5820102E-08 3.3248682E-08	286.0647 290.4094 297.5620 286.7137 292.0138 296.2405 285.8612 289.1021 289.5386 283.1220 283.7571 283.1762 278.2714 278.3342 278.0870	79.2071
1979 2.2258105E-08 2.2170896E-08 1.7594756E-08 2.1318321E-08 1.5524472E-08 1.4553549E-08 1.5201136E-08 1.5146556E-08 2.1380508E-08 1.2564356E-08 1.7325769E-08 2.8861344E-08 1.4354940E-08 2.0200547E-08 2.8731526E-08	285.3180 289.5764 297.3543 285.8205 290.9501 296.0884 285.1154 288.0975 288.4851 282.8198 283.2791 282.4711 278.3145 278.4211 277.8972	1.27581
1980 2.9729426E-08 3.3527407E-08 2.7391842E-08 2.3226542E-08 1.9831745E-08 1.7667686E-08 1.2958367E-08 1.4367520E-08 1.9951552E-08 9.7000097E-09 1.5893342E-08 2.7418285E-08 1.1211633E-08 1.7586119E-08 2.5869536E-08	284.6621 288.7415 297.4461 284.9067 289.7945 296.1539 284.2051 287.0397 287.9134 282.1780 282.4850 281.8083 277.8828 277.7250 277.1886	1602.61
1981 2.8163488E-08 3.1626175E-08 2.3701643E-08 2.4713485E-08 2.0459954E-08 1.7199703E-08 1.5932438E-08 1.5916278E-08 1.9303387E-08 1.3408108E-08 1.9212555E-08 2.8076879E-08 1.4374313E-08 2.0970361E-08 2.7443344E-08	284.9625 289.0557 297.3445 285.1235 290.0945 296.0838 284.4688 287.3505 287.9997 282.3314 282.7653 282.1362 277.8916 277.7908 277.5496	89.9387
1982 3.3308041E-08 3.3586485E-08 2.8039080E-08 2.7653416E-08 2.2597010E-08 2.1868864E-08 1.7284121E-08 2.1109910E-08 2.9988499E-08 1.6027014E-08 2.6672529E-08 3.8871335E-08 1.7346890E-08 2.4309308E-08 3.3281371E-08	283.8120 288.2526 297.3312 284.0012 289.2558 296.0772 283.5675 286.5712 287.4735 281.7391 282.2113 281.6542 277.5785 277.8123 277.5458	0.55871
1983 2.7085294E-08 2.9504886E-08 2.6146237E-08 2.3205407E-08 1.5742728E-08 1.5554754E-08 1.4430652E-08 1.1957161E-08 1.4961890E-08 1.2456487E-08 1.6146981E-08 2.3088141E-08 1.3863485E-08 1.9877380E-08 2.5608454E-08	284.7234 289.0531 297.9357 285.3355 290.4995 296.5291 284.8575 287.8432 288.5571 282.8036 283.4964 282.9879 278.5797 278.9608 278.7509	1.06903
1984 1.5702096E-08 1.9543021E-08 1.6617692E-08 1.3463801E-08 1.0567591E-08 9.3767634E-09 1.2076875E-08 1.2576291E-08 1.1886588E-08 1.1393698E-08 1.8389095E-08 2.3861601E-08 1.2871663E-08 1.8754807E-08 2.5190367E-08	285.4531 289.7658 297.3137 286.3708 291.5801 296.0696 285.9731 289.0929 289.4000 283.6054 284.2763 283.6400 278.9560 279.0078 278.7357	0
1985 2.1865000E-08 2.2865629E-08 1.8063552E-08 2.0739126E-08 1.4000421E-08 1.2124758E-08 1.4829844E-08 1.2881015E-08 1.5656036E-08 1.2990895E-08 1.7007725E-08 2.4932083E-08 1.2599012E-08 1.9200112E-08 2.6072106E-08	285.1196 289.4917 297.5127 285.8078 291.1368 296.2142 285.4434 288.7343 289.1804 283.2829 284.0394 283.3270 278.8867 279.0975 278.6262	0.311613
1986 3.6341284E-08 3.7664655E-08 2.9675952E-08 3.4926028E-08 2.9055617E-08 2.4563176E-08 2.0742132E-08 2.3014023E-08 2.9641543E-08 1.3823484E-08 2.1786168E-08 3.5079427E-08 1.3230668E-08 1.9527221E-08 2.7489415E-08	284.7664 288.7375 297.6573 284.5779 289.4635 296.3184 283.7164 286.5710 287.5381 281.9791 282.4597 281.8756 278.0239 278.3442 277.9525	0.00580645
1987 2.9363777E-08 3.0859088E-08 2.7016680E-08 2.2586493E-08 1.7881456E-08 1.7938085E-08 1.3475662E-08 1.4707994E-08 1.9975712E-08 1.1971812E-08 1.9881785E-08 3.0465522E-08 1.4316468E-08 2.2317463E-08 3.2700186E-08	284.4011 288.8376 297.7264 284.8075 290.0891 296.3697 284.4695 287.3739 287.9519 282.6998 282.9735 282.2099 278.6367 278.4901 278.0304	231.129
1988 1.7380209E-08 2.2138812E-08 1.9760970E-08 1.6210535E-08 1.1148295E-08 1.0613698E-08 1.2049366E-08 9.7910737E-09 9.5518757E-09 8.8702610E-09 1.3695081E-08 1.9099174E-08 9.3111652E-09 1.5206496E-08 2.2037062E-08	285.6649 290.2181 297.6985 286.8000 292.1762 296.3549 286.5972 289.7905 290.0567 284.4676 285.1541 284.3920 279.9492 279.8938 279.3816	8.50839
1989 1.9734284E-08 2.1587304E-08 1.6196013E-08 1.7047968E-08 1.3121085E-08 1.2235263E-08 1.1567991E-08 1.1487928E-08 1.6337246E-08 1.1134259E-08 1.6263067E-08 2.5305738E-08 1.3257584E-08 2.0337307E-08 2.6504628E-08	285.8430 290.1781 297.6529 286.5019 291.8613 296.3173 285.9972 289.1157 289.4991 283.6886 284.3130 283.5713 279.2324 279.3443 279.0725	10.2581
1990 2.7444312E-08 3.1096214E-08 2.4672325E-08 2.4473550E-08 2.0957541E-08 1.7239540E-08 1.5505693E-08 1.6571480E-08 2.0631907E-08 1.0178785E-08 1.8161881E-08 3.0482653E-08 1.0400545E-08 1.7613759E-08 2.5850762E-08	284.9221 289.2051 297.5350 285.0639 290.1430 296.2242 284.3048 287.2675 288.0529 282.1857 282.5887 281.9808 277.7578 277.7889 277.5130	1503.29
1991 3.0641619E-08 3.0438343E-08 2.5475966E-08 2.6153490E-08 2.0248393E-08 1.7747409E-08 1.6211569E-08 1.8013228E-08 2.3010394E-08 1.2709307E-08 2.1392264E-08 3.5449872E-08 1.4924618E-08 2.3992936E-08 3.3510140E-08	285.0111 289.5572 297.6381 285.3297 290.5724 296.3017 284.5819 287.7130 288.4045 282.4065 282.8819 282.3714 277.7117 277.8122 277.7722	66.1055
1992 3.5308958E-08 3.8337355E-08 2.8299160E-08 3.4015272E-08 2.7051453E-08 2.1821977E-08 2.4476840E-08 2.3960954E-08 2.7811366E-08 1.7579628E-08 2.6086589E-08 3.8682128E-08 1.8009224E-08 2.5635041E-08 3.3675523E-08	284.5065 288.6024 297.6935 283.9877 289.0071 296.3392 282.8297 285.7333 286.9614 280.7822 281.1903 280.8170 276.8416 277.0260 276.7088	367.29
1993 3.6840738E-08 3.7532992E-08 3.2187401E-08 3.0730718E-08 2.3138723E-08 2.2044059E-08 2.1179394E-08 1.8615600E-08 2.2526649E-08 1.6348391E-08 2.2390761E-08 3.0075181E-08 1.7729485E-08 2.3904548E-08 2.7876789E-08	283.7253 288.2610 297.4610 283.9588 289.2419 296.1743 283.6916 286.6022 287.4349 282.1882 282.4282 281.7287 278.0276 278.1208 277.6487	0
1994 2.6410071E-08 3.0028197E-08 2.3534971E-08 2.5956775E-08 2.1442329E-08 1.8502265E-08 1.7579691E-08 1.6599717E-08 1.9685800E-08 1.2484976E-08 1.9491990E-08 2.8114547E-08 1.3701904E-08 2.0796790E-08 2.7217535E-08	284.8768 289.3397 297.5349 285.3616 290.4775 296.2350 284.8366 287.7303 288.4152 282.7677 283.1674 282.5753 278.5198 278.7162 278.3429	4.86194
1995 3.3775230E-08 3.2675864E-08 2.8128111E-08 2.8415636E-08 2.2033751E-08 1.8297840E-08 1.7277300E-08 1.6636575E-08 2.0301680E-08 1.1682631E-08 1.7378001E-08 2.9109948E-08 1.2219930E-08 1.7612235E-08 2.4979954E-08	284.4105 288.7986 297.6994 284.7980 289.9597 296.3518 284.3861 287.5661 288.2142 282.5404 283.0952 282.4215 278.3976 278.4390 277.9643	0.01
1996 2.4607157E-08 2.6504763E-08 1.8548469E-08 2.3733598E-08 1.8736177E-08 1.4911212E-08 1.3382012E-08 1.4010798E-08 1.7626357E-08 8.4772580E-09 1.3581936E-08 2.5410250E-08 9.2818286E-09 1.5205609E-08 2.4626546E-08	285.7186 289.9978 297.6453 286.2936 291.3855 296.3143 285.7351 288.7620 289.1955 283.3895 283.9350 283.2780 279.0211 279.1212 278.7728	13.3997
1997 3.0924376E-08 3.0379571E-08 3.0173783E-08 2.4650731E-08 1.8030297E-08 1.8813259E-08 1.6890336E-08 1.5928828E-08 2.0753095E-08 1.7402352E-08 2.2626709E-08 3.1763349E-08 2.0389480E-08 2.6554728E-08 3.1666421E-08	284.1909 288.5632 297.3377 284.6756 289.6816 296.0791 284.3487 287.0262 287.6364 282.4428 282.7237 282.0071 278.2096 278.4025 277.9985	117.258
1998 1.4427324E-08 1.6631912E-08 1.4431381E-08 1.2940375E-08 1.0738168E-08 9.1368486E-09 7.7624165E-09 9.3699155E-09 1.1113854E-08 6.3191368E-09 1.2116863E-08 1.9325526E-08 8.7255723E-09 1.3992659E-08 2.2011816E-08	286.4329 290.7651 297.3360 287.7512 292.7267 296.0882 287.4880 290.3802 290.3136 285.1677 285.6078 284.7013 280.4054 280.1729 279.6126	555.516
1999 1.6054772E-08 1.8930262E-08 1.6521437E-08 1.2760669E-08 1.1953499E-08 1.1458134E-08 8.9950491E-09 9.1334451E-09 1.1516371E-08 9.1348316E-09 1.3223149E-08 1.8301677E-08 1.2049970E-08 1.6725146E-08 2.0613681E-08	286.1798 290.4936 297.6396 287.2764 292.5783 296.3172 286.9658 290.1828 290.3233 284.5765 285.4948 284.8097 279.9876 280.2467 280.0572	232.061
2000 2.4880610E-08 2.8219784E-08 2.2524263E-08 2.5893064E-08 1.7497500E-08 1.3272889E-08 1.6460749E-08 1.3299196E-08 1.4589127E-08 1.0684395E-08 1.2840679E-08 2.1546626E-08 1.0539104E-08 1.5152281E-08 2.1005494E-08	285.5481 289.6743 297.8176 285.9791 291.1654 296.4415 285.5491 288.6089 289.2126 283.5203 284.0363 283.2892 279.0904 279.1143 278.4882	0
2001 2.5442866E-08 2.7986150E-08 2.2566343E-08 2.1254872E-08 1.6883456E-08 1.5269029E-08 1.2659523E-08 1.2946742E-08 1.7387181E-08 1.0437020E-08 1.5714777E-08 2.3643503E-08 1.2708136E-08 1.7829011E-08 2.3390948E-08	285.1448 289.1421 297.7577 285.4592 290.5084 296.3995 284.8858 287.9142 288.4302 282.7342 283.2907 282.5797 278.2819 278.3544 277.9787	14.1935
2002 2.5009168E-08 2.5762073E-08 1.9998616E-08 2.2314932E-08 1.8410589E-08 1.4668149E-08 1.5479390E-08 1.5692841E-08 1.9307999E-08 1.2066115E-08 1.9040096E-08 2.9944179E-08 1.2597768E-08 1.8364400E-08 2.6313213E-08	284.7687 288.8697 297.6378 284.8900 289.9599 296.3073 284.2703 287.3327 288.0291 282.3182 282.9211 282.2839 278.1472 278.4180 278.0926	137.161
2003 2.2020830E-08 2.6462669E-08 2.0171264E-08 1.8666659E-08 1.5116971E-08 1.3900797E-08 1.3053202E-08 1.3304638E-08 1.6715298E-08 1.0792659E-08 1.6478950E-08 2.8328603E-08 1.4083314E-08 1.9726510E-08 2.8377071E-08	285.7845 290.2479 297.9388 286.5771 291.8919 296.5323 286.0931 289.2184 289.6260 283.7672 284.2769 283.5900 278.9897 278.9806 278.6549	11.7923
2004 2.3449982E-08 2.5917974E-08 2.1144402E-08 2.3158403E-08 1.8033836E-08 1.6535889E-08 1.6573843E-08 1.6297479E-08 2.0591138E-08 1.3284192E-08 2.1373271E-08 3.2124298E-08 1.4057707E-08 2.2073678E-08 3.1885179E-08	285.5469 289.7173 297.4446 285.7752 290.9470 296.1498 284.9475 288.0356 288.6180 282.5656 283.1893 282.5358 278.1631 278.3588 278.0476	283.742
2005 2.6819249E-08 2.7213018E-08 1.9793999E-08 2.3959105E-08 1.5358847E-08 1.2562152E-08 1.7652852E-08 1.4131488E-08 1.4267436E-08 1.4671769E-08 2.1021631E-08 2.6096643E-08 1.5704002E-08 2.2847702E-08 2.7768529E-08	285.2464 289.4926 297.5258 285.7286 290.9131 296.2166 285.2034 288.2219 288.7472 282.9637 283.4833 282.8863 278.6775 278.7393 278.3928	11.1248
2006 2.3053794E-08 2.5025411E-08 2.2656998E-08 2.2854866E-08 1.4619780E-08 1.4420129E-08 1.7010434E-08 1.4546671E-08 1.5669302E-08 1.2460522E-08 1.8833253E-08 2.5668918E-08 1.2859582E-08 1.8374635E-08 2.5600512E-08	284.7550 289.3380 297.6945 285.3918 290.7611 296.3523 285.1674 288.1609 288.6350 283.2797 283.6435 282.8509 278.8663 278.7984 278.2671	0
2007 1.4000705E-08 1.9618092E-08 1.6197324E-08 1.5040323E-08 9.7928909E-09 1.0255169E-08 1.0528999E-08 9.1170600E-09 1.1573539E-08 9.3495229E-09 1.3719439E-08 2.0214580E-08 1.2248217E-08 1.7558282E-08 2.2117284E-08	285.8380 290.0666 297.8661 286.5858 291.7882 296.4834 286.0662 289.1866 289.4538 283.7959 284.3673 283.6790 279.4729 279.4059 278.9926	2816.77
2008 1.3371809E-08 1.8066405E-08 1.3578823E-08 1.4523788E-08 1.0976518E-08 8.6857073E-09 1.1785520E-08 1.0376663E-08 1.0454996E-08 1.0484563E-08 1.4139103E-08 2.1126553E-08 1.2574545E-08 1.7229208E-08 2.2699009E-08	286.4953 290.5541 297.1933 287.3128 292.3677 295.9584 286.8027 289.8044 289.8742 284.2435 284.8455 283.9915 279.4934 279.5031 279.1291	19.3652
2009 3.0203260E-08 3.1828719E-08 2.6361349E-08 2.7073494E-08 2.0535172E-08 1.8456840E-08 1.6947487E-08 1.5516502E-08 1.8978174E-08 1.4281462E-08 1.9018522E-08 2.7254712E-08 1.4972320E-08 2.2320402E-08 2.7802734E-08	284.5871 288.8587 297.4740 284.7782 289.9953 296.1826 284.3105 287.4279 288.1150 282.3135 283.0740 282.5999 278.0024 278.3225 278.1682	0
2010 2.0158177E-08 2.1404519E-08 1.7177284E-08 1.8198961E-08 1.1623351E-08 1.0005971E-08 1.2112212E-08 9.7312345E-09 1.1736953E-08 8.7271150E-09 1.3686248E-08 2.0114541E-08 1.0275323E-08 1.4909368E-08 2.0251765E-08	285.9691 290.1120 298.0072 286.8048 291.8347 296.5883 286.3098 289.2535 289.5531 284.0083 284.5050 283.7672 279.6824 279.5641 279.0070	13.6452
2011 1.4545920E-08 1.8740192E-08 1.5939285E-08 1.6420245E-08 1.0685919E-08 1.0401976E-08 1.2374917E-08 1.1519821E-08 1.3161599E-08 9.1624646E-09 1.4208185E-08 2.2785992E-08 8.9457775E-09 1.4832175E-08 2.1521171E-08	286.2931 290.4556 297.3277 287.0033 292.3466 296.0742 286.7339 289.7927 289.9529 284.5932 285.1944 284.3273 280.2170 280.3465 279.9112	0
2012 2.3188068E-08 2.6116195E-08 1.9781487E-08 2.2983160E-08 1.7975278E-08 1.4985782E-08 1.4739576E-08 1.4601627E-08 1.6578433E-08 1.4640420E-08 2.1663871E-08 2.9395846E-08 1.5637607E-08 2.4074428E-08 2.9453409E-08	285.9933 290.0107 297.3932 286.4955 291.5442 296.1141 285.9367 288.9368 289.4165 283.6762 284.3443 283.8525 279.3725 279.5306 279.3184	0
2013 2.2186239E-08 2.8535128E-08 2.2003869E-08 2.0299154E-08 1.7515044E-08 1.5025833E-08 1.5559632E-08 1.4597322E-08 1.6245416E-08 1.3780109E-08 1.9474166E-08 2.5708108E-08 1.5335353E-08 2.2261370E-08 2.8562635E-08	285.7579 290.1639 297.7291 286.2343 291.6541 296.3740 285.8394 289.1540 289.7152 283.7685 284.5255 283.9333 279.3160 279.5643 279.3218	1.11871
2014 2.5990568E-08 2.7299990E-08 2.0834614E-08 2.4066249E-08 1.8608461E-08 1.6483588E-08 1.8315092E-08 1.9847400E-08 2.3381519E-08 1.5452247E-08 2.4059581E-08 3.4142751E-08 1.4555011E-08 2.1428621E-08 2.9214346E-08	284.7986 289.0831 297.4275 285.1216 290.3283 296.1540 284.5967 287.6263 288.1971 282.7710 283.2478 282.5117 278.8188 278.9731 278.4976	0.0135484
2015 3.4470983E-08 3.6045403E-08 2.9331584E-08 3.0989593E-08 2.5248694E-08 2.3044539E-08 2.3741684E-08 2.5607752E-08 2.7549287E-08 2.1485768E-08 2.8159333E-08 3.5264872E-08 1.9680220E-08 2.6610321E-08 3.2486177E-08  284.0686 288.7141 297.3105 284.4585 289.7391 296.0612 284.2502 287.1205 287.7653 282.6225 282.9336 282.2941 278.8365 278.8690 278.6300  0.0606452
