STN,prec_1,prec_2,prec_3,prec_4,prec_5,prec_6,prec_7,prec_8,prec_9,prec_10,prec_11,prec_12,prec_13,prec_14,prec_15,st_1,st_2,st_3,st_4,st_5,st_6,st_7,st_8,st_9,st_10,st_11,st_12,st_13,st_14,st_15,10.0
LAT,23.72017,23.72017,23.72017,26.51077,26.51077,26.51077,29.30136,29.30136,29.30136,32.09194,32.09194,32.09194,34.88252,34.88252,34.88252,23.72017,23.72017,23.72017,26.51077,26.51077,26.51077,29.30136,29.30136,29.30136,32.09194,32.09194,32.09194,34.88252,34.88252,34.88252,28.30888906
LON,-101.2500,-98.43750,-95.62500,-101.2500,-98.43750,-95.62500,-101.2500,-98.43750,-95.62500,-101.2500,-98.43750,-95.62500,-101.2500,-98.43750,-95.62500,-101.2500,-98.43750,-95.62500,-101.2500,-98.43750,-95.62500,-101.2500,-98.43750,-95.62500,-101.2500,-98.43750,-95.62500,-101.2500,-98.43750,-95.62500,-98.5572384
1958 2.1121465E-08 2.2288937E-08 2.2901091E-08 1.9822730E-08 1.1281546E-08 1.2509154E-08 1.4521061E-08 1.1347367E-08 1.3423652E-08 1.4507749E-08 1.8392361E-08 2.5292898E-08 1.5266655E-08 2.0549734E-08 2.6338261E-08	285.0956 289.2860 297.4789 285.6433 290.9169 296.1733 285.1610 288.2886 288.7722 283.1007 283.6786 282.9573 278.6999 278.6781 278.2456	2479.42
1959 2.9196542E-08 3.2992695E-08 2.5076655E-08 2.9467042E-08 2.1893314E-08 1.6423003E-08 2.0678923E-08 2.0619918E-08 2.3776016E-08 1.8761559E-08 2.8852650E-08 3.9134274E-08 1.9045947E-08 2.9376528E-08 3.8627388E-08	285.3595 289.5781 297.4176 285.4356 290.5176 296.1288 284.2224 287.3607 288.6197 281.5734 282.2364 282.0823 277.0437 277.1807 277.2442	4213.03
1960 2.2575041E-08 2.6346664E-08 2.1480464E-08 2.5073001E-08 1.9903219E-08 1.6110766E-08 1.9080064E-08 1.8072452E-08 2.0366933E-08 1.5512681E-08 2.2544404E-08 3.3128153E-08 1.4603267E-08 2.1976177E-08 3.0601988E-08	285.9590 290.0108 297.4523 286.2032 291.3205 296.1706 285.2739 288.4496 289.1843 282.5992 283.4142 283.0393 278.0603 278.3488 278.1948	439.152
1961 1.5463350E-08 1.9898300E-08 1.3592651E-08 1.8292507E-08 1.3070324E-08 9.1820596E-09 1.4831303E-08 1.5154228E-08 1.5354750E-08 1.1625576E-08 2.1337385E-08 3.0996752E-08 1.2917167E-08 2.2511079E-08 3.2002820E-08	286.4617 290.7225 297.4050 286.8670 292.2439 296.1022 286.1104 289.2174 289.6791 283.5812 284.1891 283.5791 279.1060 279.1132 278.8627	0.3
1962 2.0730887E-08 2.4450925E-08 1.9012008E-08 1.5522494E-08 1.4251184E-08 1.2805295E-08 9.8161426E-09 1.0829991E-08 1.6079218E-08 9.0891339E-09 1.5123122E-08 2.5009737E-08 1.2033267E-08 1.7050423E-08 2.4788553E-08	285.5381 289.7883 297.4549 286.4042 291.3611 296.1532 286.1446 288.8589 288.9914 283.9053 284.2221 283.3186 279.3488 279.3212 278.8456	1.55806
1963 2.8542370E-08 3.4329140E-08 2.9430577E-08 2.5686013E-08 2.1662968E-08 1.9029811E-08 1.6916120E-08 1.8302394E-08 2.2140172E-08 1.2703307E-08 2.0262268E-08 3.1209893E-08 1.2225119E-08 1.8853406E-08 2.7101196E-08	284.7065 289.0697 297.4134 284.9866 290.1651 296.1270 284.5076 287.4963 288.1952 282.7708 283.2622 282.5560 278.7768 278.8668 278.4303	0.248387
1964 2.4284173E-08 2.7545720E-08 2.5605305E-08 2.3081808E-08 1.7984188E-08 1.5086059E-08 1.2766149E-08 1.3112585E-08 1.5011336E-08 9.1457579E-09 1.5282865E-08 2.4370609E-08 1.1167598E-08 1.8578039E-08 2.6699402E-08	285.4781 289.8300 297.6787 286.1493 291.4465 296.3224 285.6978 288.9749 289.5017 283.4472 284.2738 283.6571 278.8942 279.0415 278.7152	3627.81
1965 2.6407818E-08 3.0109781E-08 2.7227429E-08 2.5294572E-08 2.1248912E-08 1.9119181E-08 1.8108972E-08 1.8776021E-08 2.2163704E-08 1.6258692E-08 2.3243064E-08 3.4619507E-08 1.5667757E-08 2.2529820E-08 3.0988701E-08	284.5203 288.6842 297.1903 284.5569 289.5264 295.9557 283.8069 286.5617 287.5512 281.8397 282.0598 281.5884 277.8449 277.8057 277.3703	45.971
1966 2.1733408E-08 2.7984774E-08 2.2812598E-08 2.2306967E-08 1.6318852E-08 1.5437207E-08 1.5974482E-08 1.3631851E-08 1.5257370E-08 1.1896987E-08 1.7393001E-08 2.5989200E-08 1.2228027E-08 1.9992799E-08 2.7391234E-08	285.8282 290.0048 297.4819 286.1334 291.3847 296.1674 285.5549 288.8014 289.3905 283.4012 284.1837 283.7360 278.8021 279.1612 279.0419	15.2329
1967 2.1862606E-08 2.5457453E-08 1.9977607E-08 2.0258099E-08 1.5019271E-08 1.5177411E-08 1.6010530E-08 1.4425220E-08 1.8432399E-08 1.4664839E-08 2.0899117E-08 2.8902413E-08 1.4203374E-08 2.1594424E-08 2.9349012E-08	285.6536 290.1393 297.5185 286.1576 291.4644 296.1781 285.5854 288.6857 289.2343 283.4136 284.0000 283.4471 279.0929 279.1136 278.7582	1013.45
1968 1.2233367E-08 1.6403224E-08 1.3474300E-08 1.3315129E-08 1.0218032E-08 1.0349028E-08 1.0660621E-08 1.1119225E-08 1.5178591E-08 9.8402984E-09 1.5698362E-08 2.3488434E-08 1.1761668E-08 1.8381568E-08 2.5455424E-08	285.5757 289.8657 297.2772 286.3634 291.6908 296.0147 285.9662 289.2177 289.3304 283.7440 284.3713 283.6107 279.4451 279.4831 279.1513	179.455
1969 2.1726944E-08 2.5020627E-08 2.0269525E-08 2.0378948E-08 1.5682867E-08 1.3116850E-08 1.4456879E-08 1.4078660E-08 1.7021462E-08 1.1754415E-08 1.7057541E-08 2.6248998E-08 1.2654866E-08 1.8153555E-08 2.4569035E-08	285.2861 289.5940 297.5057 285.7015 290.8441 296.2024 285.1106 288.0082 288.5201 282.9424 283.3439 282.6124 278.7249 278.6890 278.2282	1210.26
1970 1.3317773E-08 2.1044636E-08 1.6950983E-08 1.2583876E-08 8.4821892E-09 8.6943821E-09 7.6195557E-09 7.2030542E-09 9.2545376E-09 7.6288780E-09 1.1726993E-08 1.7679227E-08 1.1114524E-08 1.7058831E-08 2.1881341E-08	286.1632 290.3794 297.4963 287.0278 292.2663 296.1916 286.6066 289.8005 289.9563 284.1945 284.9053 284.1510 279.3510 279.4562 279.0818	389.71
1971 2.0326690E-08 2.3456243E-08 1.9451930E-08 1.6888874E-08 1.4029367E-08 1.3846201E-08 1.0688331E-08 1.0685560E-08 1.5973571E-08 8.6967900E-09 1.3066298E-08 2.2948509E-08 1.0707838E-08 1.4839922E-08 2.0692857E-08	285.3782 289.7390 297.4492 285.9718 291.3200 296.1640 285.5146 288.7064 289.0919 283.3214 283.9525 283.1944 278.8229 278.8163 278.3677	11247.5
1972 3.2367598E-08 3.6145092E-08 3.1203445E-08 2.8557148E-08 2.3050145E-08 2.2125269E-08 1.6572217E-08 1.7727704E-08 2.6197325E-08 1.3354462E-08 2.1849418E-08 3.6272617E-08 1.4438899E-08 2.3071806E-08 3.3129666E-08	284.1042 288.3884 297.1915 284.0704 289.1233 295.9696 283.3169 286.1318 287.1432 281.4401 281.7466 281.1210 277.2937 277.2710 276.8572	86.029
1973 1.2293554E-08 1.9000423E-08 1.5324810E-08 1.4512264E-08 1.1264537E-08 1.0452101E-08 9.0476853E-09 9.0889145E-09 1.1738760E-08 8.2264924E-09 1.2349726E-08 2.0351107E-08 1.0181939E-08 1.6414965E-08 2.3319368E-08	286.4038 290.8258 297.5658 287.1700 292.5590 296.2438 286.7666 290.0255 290.2522 284.2386 285.0218 284.3484 279.2088 279.4981 279.3165	6132.58
1974 1.9307205E-08 2.3099540E-08 1.7629219E-08 1.6565568E-08 1.3980286E-08 1.3133557E-08 1.1772520E-08 1.3214541E-08 1.7027746E-08 1.2083798E-08 2.0793825E-08 3.1178104E-08 1.5838456E-08 2.5894638E-08 3.3392464E-08	285.9417 290.3000 297.4901 286.3867 291.6843 296.1834 285.6349 288.7333 289.1932 282.9908 283.5275 282.9852 278.1920 278.2159 277.9945	37.4194
1975 2.2432499E-08 2.4382039E-08 1.8931491E-08 1.8583355E-08 1.2952425E-08 1.1453057E-08 1.0911301E-08 8.9684500E-09 1.1939149E-08 9.6022337E-09 1.2145779E-08 1.7413441E-08 1.0990487E-08 1.4887592E-08 1.8469041E-08	285.2619 289.8403 297.4721 286.1874 291.6850 296.1705 285.9742 289.3125 289.6091 283.6644 284.3372 283.6647 278.8674 278.8318 278.5390	103.339
1976 2.3683368E-08 2.7467374E-08 2.3383349E-08 1.7858339E-08 1.5893185E-08 1.7253672E-08 1.1833976E-08 1.3067046E-08 2.0549329E-08 1.1514256E-08 1.7681955E-08 2.9304552E-08 1.3725682E-08 2.1356446E-08 2.8819173E-08	284.2985 288.9836 297.4962 284.9398 290.4557 296.1838 284.5941 287.7162 288.1652 282.5987 282.9258 282.1855 278.2123 278.1341 277.7253	1403.81
1977 2.4657199E-08 2.7086362E-08 2.2817916E-08 2.3325018E-08 1.7268874E-08 1.5542541E-08 1.4599376E-08 1.4393337E-08 1.6621197E-08 1.0082918E-08 1.5539486E-08 2.3207601E-08 9.6627550E-09 1.5229059E-08 2.2658112E-08	284.4288 288.9949 297.4385 285.0900 290.3748 296.1407 284.8243 287.8180 288.3293 283.0679 283.4904 282.6806 278.9990 279.0137 278.4698	33.3548
1978 2.3206574E-08 2.6073582E-08 1.9622949E-08 2.0981911E-08 1.6407190E-08 1.3516051E-08 1.3964256E-08 1.2438012E-08 1.6210533E-08 1.1797008E-08 1.5936587E-08 2.3255623E-08 1.1729289E-08 1.7914068E-08 2.3392390E-08	285.2021 289.4052 297.6147 285.6226 290.8155 296.2770 285.2492 288.4213 288.7790 283.3990 284.0717 283.2918 279.3044 279.4503 278.9716	13.5894
1979 1.8769590E-08 2.2913566E-08 1.7189825E-08 1.8834132E-08 1.3419696E-08 1.3150503E-08 1.4544962E-08 1.4212343E-08 1.8325998E-08 1.5194001E-08 2.2923668E-08 3.0933780E-08 1.4776057E-08 2.3321286E-08 3.0823745E-08	285.6281 289.9229 297.2809 286.1259 291.3625 296.0179 285.4735 288.4891 288.8834 283.2335 283.6876 283.0165 278.8500 278.7650 278.4269	0.0293548
1980 2.3723075E-08 2.6669024E-08 1.9385512E-08 2.1516493E-08 1.6479584E-08 1.3772475E-08 1.5310695E-08 1.7092445E-08 1.9776945E-08 1.2640111E-08 2.2365022E-08 3.4476919E-08 1.2442149E-08 2.1902130E-08 3.2748083E-08	286.0181 290.0013 297.4765 286.1809 291.1738 296.1873 285.1561 288.0518 288.6281 282.5649 282.9827 282.3495 278.3479 278.3654 277.8296	0.765161
1981 1.6245329E-08 1.9858732E-08 1.6646343E-08 1.5757413E-08 1.1711098E-08 1.0788764E-08 1.1929181E-08 1.1367723E-08 1.3292803E-08 1.1488209E-08 1.8567627E-08 2.6073794E-08 1.3785047E-08 2.1856861E-08 2.7770039E-08	285.3429 289.6841 297.4104 286.1796 291.3351 296.1204 285.7112 288.7428 289.1451 283.2215 283.7573 283.0089 278.6558 278.5474 278.0491	1142.42
1982 3.5475573E-08 3.4761047E-08 3.1258846E-08 3.2369254E-08 2.6539752E-08 2.5292971E-08 2.0306848E-08 2.3444224E-08 3.0724852E-08 1.4653169E-08 2.3745427E-08 3.5982723E-08 1.4238010E-08 2.3212472E-08 3.2500147E-08	283.6304 287.8320 297.3592 283.4502 288.5707 296.1155 282.8457 285.6562 286.5538 281.1995 281.3451 280.4653 277.1195 276.9051 276.2495	202.269
1983 2.4588919E-08 2.9299450E-08 2.3723448E-08 2.0832761E-08 1.7865673E-08 1.4934626E-08 1.5413521E-08 1.7097081E-08 1.9904386E-08 1.4119633E-08 2.2343908E-08 3.3055972E-08 1.4135364E-08 2.1779982E-08 3.1622108E-08	285.4900 289.6271 297.8851 285.7746 290.8092 296.4705 284.8717 287.8732 288.7235 282.4360 282.9547 282.5853 277.8620 278.0562 277.8646	82.1968
1984 2.3880563E-08 2.5406008E-08 1.6119522E-08 1.9841524E-08 1.4365432E-08 1.1561230E-08 1.2787323E-08 1.1381444E-08 1.4039935E-08 1.1487986E-08 1.7514891E-08 2.4277483E-08 1.4243275E-08 2.1379689E-08 2.7696014E-08	285.8520 290.2957 297.1909 286.5850 291.8405 295.9677 286.0204 289.0936 289.4991 283.6611 284.1471 283.5139 279.0515 279.0362 278.8148	902.806
1985 1.9577321E-08 2.2792621E-08 1.9144137E-08 1.7700705E-08 1.2125718E-08 1.0483165E-08 1.1454790E-08 1.1383982E-08 1.5319273E-08 9.9087742E-09 1.5729146E-08 2.5146681E-08 1.1679037E-08 1.7597204E-08 2.7028786E-08	285.2886 289.4249 297.6169 285.6887 290.7207 296.2904 284.8439 287.7166 288.2730 282.3943 282.7617 282.1359 277.7499 277.7209 277.2853	1483.51
1986 3.1138924E-08 3.1599473E-08 2.9376228E-08 2.5234666E-08 2.0831376E-08 1.9656190E-08 1.6657653E-08 1.8032729E-08 2.2380789E-08 1.4201290E-08 2.0726072E-08 3.0046330E-08 1.4414054E-08 2.0568567E-08 2.6206825E-08	283.6113 288.5404 297.8735 284.2112 289.7762 296.4669 284.1708 287.2053 287.8200 282.6149 282.9095 282.0018 278.6855 278.7082 278.1185	774.662
1987 2.8580320E-08 2.8765612E-08 2.7309742E-08 2.5837442E-08 1.8195173E-08 1.8222151E-08 1.5040513E-08 1.6843737E-08 2.2458558E-08 1.2222809E-08 2.1379535E-08 3.3065760E-08 1.5634694E-08 2.3849795E-08 3.2097251E-08	284.3414 288.5886 297.6396 284.6683 289.7507 296.3053 284.1194 286.9855 287.6815 282.1011 282.5084 281.8046 277.8847 277.9174 277.4756	247.387
1988 1.3118099E-08 1.6950070E-08 1.3752628E-08 1.1872531E-08 8.5575582E-09 8.4854497E-09 8.4327212E-09 5.9848722E-09 8.2713942E-09 5.9943606E-09 9.9528830E-09 1.6264975E-08 9.0414751E-09 1.5235580E-08 2.0324260E-08	286.7321 290.8105 297.4865 287.6781 292.8635 296.1821 287.2994 290.3912 290.3286 284.8556 285.4995 284.6434 280.1763 280.2176 279.8887	21.4023
1989 1.9859700E-08 2.3542301E-08 1.5093455E-08 2.0652235E-08 1.4494582E-08 1.2046045E-08 1.5857804E-08 1.2153620E-08 1.2676394E-08 1.3252129E-08 1.8120643E-08 2.5393264E-08 1.2300687E-08 1.9513212E-08 2.7700324E-08	286.1503 290.7053 297.6761 287.1049 292.5754 296.3376 286.7213 290.1994 290.7610 284.4302 285.3152 284.9138 279.9742 280.2159 280.2080	29.0677
1990 2.8654648E-08 3.0084774E-08 2.5886679E-08 2.2924526E-08 1.8228530E-08 1.6173169E-08 1.3205997E-08 1.3861408E-08 1.8007290E-08 1.1411819E-08 1.6036415E-08 2.6719098E-08 1.2050750E-08 1.8729454E-08 2.7505655E-08	284.4785 288.6156 297.6316 284.6389 289.7476 296.3055 284.0077 287.0047 287.8464 282.0420 282.3700 281.7507 277.7272 277.7703 277.3574	65.1935
1991 1.9421231E-08 2.3104143E-08 2.0556559E-08 1.5904190E-08 1.2083847E-08 1.3090859E-08 1.0215265E-08 1.1470576E-08 1.5985776E-08 1.0078362E-08 1.6279463E-08 2.6792927E-08 1.2350077E-08 2.0019105E-08 2.7786053E-08	285.2138 289.6481 297.5788 286.1383 291.2732 296.2573 285.7709 288.6158 288.8018 283.5164 283.7275 282.9370 278.9104 278.5826 278.2422	219.613
1992 3.2908183E-08 3.6333443E-08 3.1633004E-08 2.7138384E-08 2.2667244E-08 1.9435848E-08 2.1238193E-08 2.0717641E-08 2.2274889E-08 2.0906118E-08 2.6702772E-08 3.5210860E-08 1.9877005E-08 2.6001919E-08 3.2739042E-08	283.8925 288.4874 297.6824 284.1902 289.4588 296.3220 283.5377 286.5297 287.4301 281.5169 281.9370 281.4194 277.2445 277.1430 276.8104	36.3548
1993 4.0212065E-08 3.7910247E-08 3.2968931E-08 3.1557132E-08 2.4504853E-08 2.3118705E-08 1.8583680E-08 1.8165171E-08 2.3971230E-08 1.5241673E-08 1.9504279E-08 3.0130959E-08 1.4295273E-08 1.7321682E-08 2.2949456E-08	283.4291 287.7558 297.3626 283.8217 288.9104 296.1248 283.3438 286.4119 287.1772 281.4351 282.0727 281.4130 277.3352 277.5575 277.2087	0
1994 3.8775916E-08 3.7768189E-08 2.5770824E-08 3.3571904E-08 2.4743544E-08 1.8101984E-08 2.1258080E-08 2.0557668E-08 2.3273309E-08 1.5114075E-08 2.3008834E-08 3.5264776E-08 1.4833502E-08 2.2220267E-08 3.0550968E-08	284.0479 288.4077 297.5695 284.2658 289.4651 296.2618 283.8779 286.7885 287.6652 282.2181 282.4860 281.9997 278.2032 278.3232 277.9991	189.735
1995 2.6503949E-08 3.2833420E-08 2.2672763E-08 2.4711412E-08 1.9689754E-08 1.4537351E-08 1.6647219E-08 1.7386126E-08 2.0025857E-08 1.5526869E-08 2.6049419E-08 3.4642838E-08 1.7076125E-08 2.6747191E-08 3.5131254E-08	286.1135 290.0844 297.6213 286.3790 291.4286 296.3164 285.6161 288.6350 289.2651 283.2453 283.8400 283.3185 278.7013 278.9062 278.6738	4.91548
1996 1.8208462E-08 2.4271047E-08 2.0497376E-08 1.5516036E-08 1.2483325E-08 1.3518184E-08 1.1336364E-08 1.1009510E-08 1.5634841E-08 1.1119341E-08 1.7646860E-08 2.7882782E-08 1.2977392E-08 1.9746000E-08 2.7513606E-08	285.9526 290.2215 297.6585 286.7326 291.7619 296.3193 286.0272 288.7768 289.0551 283.4969 283.7249 282.9200 278.9544 278.7504 278.1778	175.976
1997 3.8126736E-08 4.1842629E-08 3.7638802E-08 3.4217173E-08 2.9893073E-08 3.0964792E-08 2.4254398E-08 2.6962445E-08 3.4714539E-08 1.8597580E-08 2.8190360E-08 4.1641442E-08 1.7567530E-08 2.5313385E-08 3.5522508E-08	283.8012 288.1943 297.3261 283.8362 288.9331 296.0786 283.2017 285.9847 286.6824 281.3855 281.5354 280.7254 277.3819 276.9750 276.4723	64.7097
1998 1.4810250E-08 1.8653255E-08 1.4346561E-08 1.2440149E-08 1.0300723E-08 9.2721990E-09 8.0906926E-09 7.9013187E-09 8.3171061E-09 6.7383099E-09 1.2436353E-08 1.7589732E-08 8.1980245E-09 1.4077078E-08 2.1144210E-08	286.8501 291.0258 297.5031 287.9713 293.1475 296.2054 287.6083 290.8039 290.7226 285.2029 285.9352 285.1288 280.7201 280.7435 280.1041	896.774
1999 1.2643609E-08 1.5308302E-08 1.2475671E-08 1.1536719E-08 7.4154323E-09 7.5503204E-09 7.5629032E-09 6.6415438E-09 8.5611163E-09 7.6706543E-09 1.4689258E-08 1.9098817E-08 9.7432897E-09 1.8039547E-08 2.5343287E-08	287.3859 291.6454 297.5584 288.6611 293.9896 296.2635 288.4802 291.7593 291.7110 286.0420 286.7582 286.0922 281.0963 281.2133 281.0681	17.9355
2000 2.4877247E-08 2.9227328E-08 2.0612557E-08 2.1727679E-08 1.7381948E-08 1.5763160E-08 1.2570328E-08 1.3094166E-08 1.6978714E-08 1.1635303E-08 1.7615083E-08 2.7021878E-08 1.4462752E-08 2.1434655E-08 2.8546456E-08	286.1944 290.5637 297.6926 286.9455 292.1468 296.3466 286.4809 289.5653 290.1020 284.0244 284.6222 284.1144 279.3879 279.5153 279.2745	18.1713
2001 3.1121417E-08 3.1770217E-08 2.5658370E-08 2.6803088E-08 1.9325949E-08 1.7944540E-08 1.6373344E-08 1.3841247E-08 1.7331619E-08 1.1374750E-08 1.4060960E-08 2.1277279E-08 1.1485147E-08 1.5965188E-08 2.0408049E-08	284.0339 288.8525 297.7432 284.9341 290.3384 296.3725 285.0434 288.1325 288.6515 283.5046 283.8708 282.9746 279.3939 279.2301 278.6118	0
2002 2.8176400E-08 3.0352563E-08 2.3335350E-08 2.6500482E-08 1.8465919E-08 1.6606261E-08 1.8610987E-08 1.6736628E-08 1.9623988E-08 1.5124069E-08 2.1089608E-08 3.2355334E-08 1.4635791E-08 2.2612998E-08 3.2313313E-08	285.1304 289.3333 297.4774 285.3126 290.4604 296.1736 284.7419 287.6947 288.4636 282.6518 283.1051 282.5895 278.2693 278.3293 278.1523	621.452
2003 2.1570497E-08 2.6465894E-08 2.2312847E-08 2.2307002E-08 1.6293949E-08 1.3296941E-08 1.5647966E-08 1.3122817E-08 1.3579085E-08 1.4169059E-08 1.7464428E-08 2.3645809E-08 1.6163092E-08 2.1461670E-08 2.6109054E-08	286.0776 290.2821 297.9119 286.5250 291.6356 296.5051 285.6754 288.8130 289.6389 283.3185 283.9962 283.5563 278.9106 279.0994 278.8570	4080.45
2004 3.0314919E-08 3.0634624E-08 2.4809321E-08 2.8618736E-08 1.8609214E-08 1.5695333E-08 1.7790242E-08 1.4739777E-08 1.5755756E-08 1.4701432E-08 1.8953155E-08 2.5807134E-08 1.6145806E-08 2.1343389E-08 2.6606690E-08	284.3712 288.6174 297.4389 284.6290 289.7166 296.1524 284.1329 287.1618 288.0063 282.2004 282.6939 282.3042 278.1092 278.1384 277.8981	108.71
2005 2.3305821E-08 2.7162503E-08 2.1447526E-08 2.0936362E-08 1.5709618E-08 1.4032467E-08 1.3102649E-08 1.3217003E-08 1.6728242E-08 1.0343872E-08 1.6641925E-08 2.6949344E-08 1.1999886E-08 2.0279050E-08 2.8486651E-08	285.6186 289.4979 297.6285 285.6376 290.7016 296.3067 284.8061 287.8303 288.5552 282.6121 283.1483 282.5028 278.2931 278.2541 277.7852	54.7065
2006 2.9201210E-08 3.0480592E-08 2.1832376E-08 2.4441110E-08 1.9688096E-08 1.6805272E-08 1.6140774E-08 1.6971162E-08 1.9012287E-08 1.4840029E-08 2.3578664E-08 3.3915864E-08 1.6859442E-08 2.6701317E-08 3.7132239E-08	285.7001 290.1003 297.8533 286.2589 291.5946 296.4687 285.8140 288.9256 289.4217 283.5715 284.0774 283.5304 279.1696 279.2118 278.9933	66.0777
2007 1.8911040E-08 2.5265567E-08 1.7185830E-08 2.0095428E-08 1.4253938E-08 1.1563314E-08 1.5435729E-08 1.4734725E-08 1.5631146E-08 1.3331445E-08 1.9029050E-08 2.8244632E-08 1.3190386E-08 1.9618540E-08 2.8092582E-08	286.4607 290.8420 297.8073 287.0954 292.5266 296.4494 286.3377 289.5864 289.9602 283.5966 284.2512 283.6614 278.7644 278.6519 278.3650	255.484
2008 1.3694248E-08 1.9191239E-08 1.4856073E-08 1.3138448E-08 8.5813356E-09 9.8346167E-09 1.0885962E-08 9.5928856E-09 1.2352173E-08 1.0561577E-08 1.5332478E-08 2.1361608E-08 1.3497258E-08 2.0020739E-08 2.6277149E-08	286.3291 290.2499 297.4032 286.7716 291.8914 296.1100 286.0208 289.1268 289.5106 283.5562 284.3349 283.7291 279.0075 279.1390 278.8804	0.291935
2009 3.2801591E-08 3.3175880E-08 2.6899755E-08 2.8533828E-08 2.1655094E-08 1.8098495E-08 1.8872758E-08 1.7099726E-08 2.1966711E-08 1.6318664E-08 2.1459675E-08 3.3986126E-08 1.6006545E-08 2.1547914E-08 3.1688383E-08	285.0965 289.2532 297.5186 285.6441 290.6218 296.2246 285.2159 287.9982 288.4331 283.0963 283.6236 282.7941 279.0207 279.0905 278.6288	4.06645
2010 1.6294827E-08 1.8616538E-08 1.5283083E-08 1.5134860E-08 1.0224562E-08 8.9798258E-09 1.0636058E-08 8.6141068E-09 8.8531369E-09 8.2777918E-09 1.1447884E-08 1.6721327E-08 9.8386987E-09 1.5477170E-08 2.1820824E-08	286.0448 290.1026 297.8515 286.9979 292.0894 296.4717 286.7349 289.7174 289.9209 284.4993 285.2172 284.3546 280.1874 280.3130 279.8501	0.330968
2011 1.1209315E-08 1.8630196E-08 1.6297163E-08 1.1775995E-08 8.7867598E-09 9.9347410E-09 7.7538145E-09 7.1398283E-09 9.4238839E-09 7.3368800E-09 1.1855540E-08 2.0108711E-08 1.0441946E-08 1.6209572E-08 2.5036348E-08	287.7169 291.3670 297.4518 288.3047 293.2615 296.1651 287.5774 290.6610 290.7802 284.7567 285.5082 284.7758 279.7731 279.8699 279.4631	101.392
2012 2.6229710E-08 2.8042148E-08 2.2573497E-08 2.4865288E-08 1.8273013E-08 1.5775521E-08 1.2923446E-08 1.4319126E-08 2.0553500E-08 9.5714388E-09 1.7275644E-08 2.7539919E-08 1.1231046E-08 1.8907478E-08 2.6236226E-08	285.3401 289.4128 297.5143 285.5712 290.4835 296.2022 284.9673 287.7101 288.1016 282.9872 283.3435 282.4686 278.7781 278.7422 278.1719	149.403
2013 3.0414004E-08 3.2255532E-08 2.8627156E-08 2.6621883E-08 2.0198017E-08 1.9186361E-08 1.5451743E-08 1.5840456E-08 2.0533825E-08 1.2477344E-08 1.9910903E-08 3.0694416E-08 1.2862615E-08 1.8685997E-08 2.7515583E-08	285.5742 289.9631 297.7934 285.8607 291.2225 296.4295 285.2646 288.4555 289.1918 282.9814 283.6443 283.2077 278.6081 278.8197 278.6113	5609.32
2014 3.5175859E-08 3.6955456E-08 2.8063615E-08 3.2425078E-08 2.6571790E-08 2.0249347E-08 2.0704210E-08 2.0424757E-08 2.4444851E-08 1.3376385E-08 2.0486187E-08 3.2078617E-08 1.3397156E-08 1.8785329E-08 2.6016195E-08	284.5797 288.9146 297.3721 284.6291 289.9205 296.1105 284.4019 287.4428 288.1382 282.8541 283.2861 282.5701 279.0451 279.0255 278.4787	21.5639
2015 3.6911718E-08 3.8766629E-08 3.1865355E-08 3.3221156E-08 2.5346687E-08 2.2229296E-08 2.1748731E-08 2.3878640E-08 2.6925587E-08 1.7390448E-08 2.7198901E-08 4.1429914E-08 1.9192477E-08 2.8497237E-08 3.7972484E-08  284.0130 288.2374 297.2930 283.5924 288.7924 296.0469 282.8300 285.7361 286.7466 281.0740 281.4395 280.8092 277.0936 277.1886 276.8326  281.941
