STN,prec_1,prec_2,prec_3,prec_4,prec_5,prec_6,prec_7,prec_8,prec_9,prec_10,prec_11,prec_12,prec_13,prec_14,prec_15,st_1,st_2,st_3,st_4,st_5,st_6,st_7,st_8,st_9,st_10,st_11,st_12,st_13,st_14,st_15,03.0
LAT,23.72017,23.72017,23.72017,26.51077,26.51077,26.51077,29.30136,29.30136,29.30136,32.09194,32.09194,32.09194,34.88252,34.88252,34.88252,23.72017,23.72017,23.72017,26.51077,26.51077,26.51077,29.30136,29.30136,29.30136,32.09194,32.09194,32.09194,34.88252,34.88252,34.88252,28.30888906
LON,-101.2500,-98.43750,-95.62500,-101.2500,-98.43750,-95.62500,-101.2500,-98.43750,-95.62500,-101.2500,-98.43750,-95.62500,-101.2500,-98.43750,-95.62500,-101.2500,-98.43750,-95.62500,-101.2500,-98.43750,-95.62500,-101.2500,-98.43750,-95.62500,-101.2500,-98.43750,-95.62500,-101.2500,-98.43750,-95.62500,-98.5572384
1958 2.2258588E-08 6.3920439E-08 1.7091818E-08 3.1460040E-08 4.5663072E-08 1.6462339E-08 3.6621852E-08 3.6500129E-08 3.8165069E-08 3.8325918E-08 5.1896084E-08 5.2599699E-08 5.2392160E-08 6.3709869E-08 6.0108178E-08	291.4196 294.8660 297.1256 292.7414 297.7538 295.6063 293.5499 296.0207 295.3875 291.9590 291.8349 290.8261 287.7788 288.2505 288.2548	423.639
1959 2.8376487E-08 6.3932127E-08 1.6772949E-08 3.4522731E-08 3.8668869E-08 1.3880332E-08 2.9531844E-08 2.4273525E-08 3.0591625E-08 2.5765662E-08 3.2404781E-08 4.2332839E-08 3.3743081E-08 4.1255372E-08 4.4514305E-08	291.7425 294.8729 297.7730 293.3245 298.4496 296.2176 294.5444 297.3388 296.5988 293.4564 293.2233 291.9208 289.3899 289.5247 289.1697	32.829
1960 2.9059551E-08 5.7405824E-08 1.2999644E-08 2.9647747E-08 2.9694981E-08 1.1250989E-08 2.5490660E-08 1.6656781E-08 1.8486157E-08 1.9564407E-08 2.4160954E-08 3.2036919E-08 2.2036003E-08 3.0300772E-08 3.7529045E-08	293.0061 295.6558 297.1269 294.9176 299.8342 295.6984 296.3888 299.2905 298.1063 295.4348 295.4633 293.6973 291.4012 291.5211 290.7443	42.9677
1961 2.6811835E-08 5.7547190E-08 1.3335085E-08 3.1095261E-08 2.6923459E-08 1.1094117E-08 2.6844400E-08 1.6185513E-08 1.8026951E-08 2.4586525E-08 2.5320679E-08 2.9227760E-08 2.9861553E-08 3.2525175E-08 3.5446369E-08	293.0761 295.7396 297.5364 294.8729 299.8463 296.0267 296.3598 299.1282 297.9998 295.4427 295.2442 293.6260 291.1820 291.1866 290.5589	88.6774
1962 2.5524908E-08 6.3384817E-08 1.1982856E-08 2.6228706E-08 3.1315246E-08 9.8437010E-09 2.2305496E-08 1.5702097E-08 2.0432923E-08 1.8696610E-08 2.5121309E-08 3.1314865E-08 2.4525260E-08 3.3371226E-08 3.8517598E-08	293.3054 296.1514 298.1166 295.2779 300.2650 296.4777 296.7088 299.7024 298.6559 295.6920 295.6524 293.9980 291.4232 291.4622 290.7160	0.00322581
1963 3.0010462E-08 6.4444485E-08 1.6375463E-08 3.2515544E-08 3.7172928E-08 1.5127656E-08 2.5238140E-08 1.9415985E-08 2.4956128E-08 2.0568107E-08 2.7066875E-08 3.3742502E-08 2.4813277E-08 3.4742371E-08 3.9022297E-08	292.5352 295.4977 297.2790 294.3715 299.2806 295.7119 296.0261 298.7708 297.7103 295.2291 295.1835 293.5461 291.2812 291.3563 290.7015	0.016129
1964 2.4758636E-08 6.7696746E-08 1.6464282E-08 2.8295139E-08 3.5244174E-08 1.3944160E-08 2.4923327E-08 2.1383732E-08 2.5735066E-08 2.0535907E-08 2.9992837E-08 3.8925581E-08 2.9413700E-08 3.8613482E-08 4.3672944E-08	292.7130 295.5499 296.9966 294.2498 299.1662 295.5325 295.4789 298.2446 297.1362 294.3484 293.9495 292.5185 289.7790 289.7421 289.3067	12.3258
1965 2.5009067E-08 6.8970884E-08 1.5113701E-08 2.8554787E-08 3.9333802E-08 1.3226111E-08 2.7366822E-08 2.5649806E-08 2.6715666E-08 2.7225058E-08 3.6509430E-08 4.1219529E-08 3.2397782E-08 4.1006142E-08 4.4067498E-08	291.8327 294.9196 297.3097 293.6788 298.8162 295.8663 295.0448 298.0938 297.3661 293.9048 293.9033 292.7177 289.8651 290.0132 289.7117	0.432258
1966 2.1638067E-08 6.5008173E-08 1.6488707E-08 2.9916695E-08 4.0604569E-08 1.5202529E-08 3.1964010E-08 2.8440795E-08 3.2363079E-08 3.1578374E-08 4.1257856E-08 5.0527820E-08 3.9428130E-08 4.7640707E-08 5.4258447E-08	291.7241 294.9183 296.8742 293.1895 298.1383 295.4348 294.0818 296.7134 295.9876 292.7255 292.6314 291.4583 288.9025 289.0335 288.8546	1.02581
1967 2.8707273E-08 6.1846663E-08 1.3186924E-08 2.9174595E-08 3.6618506E-08 1.3716013E-08 2.7286204E-08 2.1934818E-08 2.5978210E-08 2.3146843E-08 2.8125283E-08 3.6272457E-08 2.7139842E-08 3.3966352E-08 3.8620918E-08	292.5243 295.2844 297.1850 294.2826 299.0832 295.7397 295.5500 298.3369 297.3014 294.5641 294.5536 293.0280 290.4869 290.5958 289.9933	0.0648387
1968 3.5619006E-08 7.1931773E-08 1.4004771E-08 3.4535951E-08 4.2545562E-08 1.2427916E-08 3.1171748E-08 2.5294325E-08 2.8408079E-08 2.3654460E-08 3.0257482E-08 3.7177287E-08 2.8090763E-08 3.7073296E-08 4.2461732E-08	291.3804 294.9370 297.4301 293.5952 298.6630 295.9268 295.0420 298.0156 297.3727 294.2231 294.0712 292.9117 290.0492 290.1910 289.7115	92.0645
1969 2.5066488E-08 5.8688158E-08 1.6094864E-08 3.5413013E-08 3.7608753E-08 1.4778283E-08 3.2146950E-08 2.6626086E-08 3.0737588E-08 2.8465800E-08 3.4421017E-08 3.8932260E-08 3.5789334E-08 4.3030084E-08 4.3825800E-08	291.1947 294.8003 297.5060 292.9513 298.3399 295.9347 294.2033 297.1346 296.5107 293.1097 293.1785 292.1960 289.2864 289.7593 289.6257	0.0254839
1970 2.4328729E-08 6.1926130E-08 1.5163328E-08 3.2658473E-08 3.9814864E-08 1.3511276E-08 3.0144609E-08 2.4752003E-08 2.6575902E-08 2.6779409E-08 3.3044124E-08 3.5878926E-08 3.5507547E-08 4.5980780E-08 4.6113939E-08	291.8463 295.0349 296.9170 293.5136 298.4987 295.4821 294.6638 297.4711 296.6537 293.6564 293.5108 292.3076 289.7071 289.9009 289.5151	81.8065
1971 3.0690952E-08 6.1360581E-08 1.3376241E-08 3.0930092E-08 3.2597011E-08 1.2921590E-08 2.4433957E-08 1.5501634E-08 1.8971736E-08 2.1703789E-08 2.4075634E-08 2.6677595E-08 2.4906207E-08 3.4405048E-08 3.4233576E-08	292.7281 295.6469 297.7166 295.1339 299.9856 296.1866 296.8833 299.8233 298.7367 295.9963 296.3713 294.9398 291.9234 292.2913 291.7659	0.0493548
1972 2.7599604E-08 6.9049015E-08 1.5234969E-08 3.4163083E-08 4.3387100E-08 1.5780676E-08 3.3229348E-08 2.9299800E-08 3.3169336E-08 2.9004447E-08 3.7485535E-08 3.9210281E-08 3.3507483E-08 4.0655273E-08 4.3618098E-08	292.2367 295.4576 297.5576 293.8097 298.9923 296.0606 295.1057 298.1728 297.5096 294.3454 294.4688 293.3067 290.5519 290.9499 290.5980	89.9677
1973 1.8313292E-08 6.0122261E-08 1.6281151E-08 2.4874790E-08 4.0363936E-08 1.5035235E-08 3.0747870E-08 3.1768419E-08 3.8225291E-08 3.5457727E-08 5.0503878E-08 5.5253157E-08 4.5236106E-08 5.6748863E-08 5.8085973E-08	292.1138 295.4435 297.1198 293.4169 298.4512 295.6339 294.2263 296.7741 295.8952 292.5395 292.2728 291.2337 288.4743 288.7119 288.6371	41.8129
1974 2.7896085E-08 6.2358978E-08 1.1968814E-08 2.7787642E-08 3.1748510E-08 1.1019102E-08 2.2326093E-08 1.3845418E-08 1.9254758E-08 1.5392015E-08 1.8223792E-08 2.3249699E-08 1.6963334E-08 2.3328891E-08 2.7163342E-08	292.9628 295.6496 297.9532 295.2771 300.0892 296.5057 297.0894 299.9257 298.6245 296.2648 296.3890 294.6918 292.1191 292.1566 291.2832	453.323
1975 2.7938428E-08 7.0736640E-08 1.6192242E-08 3.0952766E-08 4.1539106E-08 1.2517285E-08 2.9671330E-08 2.6264042E-08 2.8604585E-08 2.6428850E-08 3.9808455E-08 3.9138772E-08 3.2603513E-08 4.4341640E-08 4.3996764E-08	292.1996 295.1266 297.8954 294.2260 299.2889 296.3303 295.7741 298.6922 298.0147 295.2043 295.1142 293.8296 291.4193 291.5169 290.9973	36.7097
1976 3.4415802E-08 6.8503063E-08 1.6918365E-08 3.7869103E-08 4.0304943E-08 1.4321611E-08 3.0246127E-08 1.9026487E-08 2.2557916E-08 2.2983835E-08 2.5139409E-08 2.8987248E-08 2.6528104E-08 3.2396720E-08 3.6109729E-08	291.9108 294.9558 297.3724 293.9297 299.2128 295.7966 295.5238 299.0782 298.2301 294.9059 295.4412 294.1102 290.9795 291.3522 290.7211	0.555806
1977 2.4333719E-08 6.4555188E-08 1.7733738E-08 3.2072464E-08 4.4902809E-08 1.8154187E-08 3.2589341E-08 3.1209957E-08 3.7591317E-08 3.3531485E-08 4.7713531E-08 5.2293426E-08 4.4672099E-08 5.5852070E-08 5.8258056E-08	291.4082 294.8580 297.0110 292.8034 297.9341 295.5910 293.6564 296.4256 295.7795 292.1116 291.8863 290.8884 287.9366 288.0136 288.0207	210.129
1978 2.5526472E-08 5.9493701E-08 1.6347096E-08 3.1325875E-08 3.3270698E-08 1.4398836E-08 2.6793696E-08 2.1518181E-08 2.5043004E-08 2.7010561E-08 3.3634667E-08 4.1775444E-08 3.2517516E-08 4.3224219E-08 4.9464223E-08	291.8648 294.9827 296.9879 293.4622 298.8113 295.5182 294.9279 297.8284 296.7556 293.8333 293.6150 292.0179 289.5745 289.5616 289.0892	0.522258
1979 2.5842473E-08 6.8536629E-08 1.5233482E-08 2.9932899E-08 3.5758632E-08 1.5634528E-08 2.8501635E-08 2.4718112E-08 2.6249563E-08 2.7164161E-08 3.7473288E-08 4.2158302E-08 3.7774903E-08 4.8003503E-08 5.1066053E-08	292.1909 295.2685 297.2567 293.9735 299.0111 295.7323 295.3210 298.2018 297.3468 294.1195 294.0767 292.8343 289.9669 290.1023 289.8755	0.0558065
1980 2.7473055E-08 6.9738711E-08 1.9653839E-08 3.4635928E-08 3.8200461E-08 1.5087585E-08 3.1498111E-08 2.4059513E-08 2.6872007E-08 3.1325335E-08 3.5880014E-08 3.8658207E-08 3.7008110E-08 4.3320735E-08 4.7054868E-08	291.0701 294.3565 297.3833 292.8150 297.9485 295.8886 294.0353 296.9097 296.3943 292.9495 292.9815 291.8801 289.1494 289.4610 289.2254	0.033871
1981 3.0706353E-08 5.9753496E-08 1.3129659E-08 2.8608008E-08 3.0897272E-08 1.1384873E-08 2.1530699E-08 1.6374464E-08 1.7815472E-08 1.8269905E-08 2.3383695E-08 2.9494080E-08 2.6910605E-08 3.3975375E-08 3.9292672E-08	292.6994 295.6725 297.1347 294.7696 299.5570 295.6607 296.3460 299.2391 298.0315 295.2444 295.2860 293.6466 290.5454 290.7290 290.2219	37.0745
1982 2.3579044E-08 6.6548658E-08 1.4540474E-08 3.3625390E-08 4.1437552E-08 1.4524946E-08 3.0831711E-08 2.5838718E-08 2.6832563E-08 2.3590156E-08 3.0345138E-08 3.6733041E-08 2.8752863E-08 3.5858221E-08 3.8794621E-08	292.5616 295.2701 297.6266 293.8754 298.7822 296.1479 294.9346 297.8166 297.2695 293.9492 293.9125 292.7582 289.9907 290.2612 289.8509	92.129
1983 1.5393804E-08 5.3572066E-08 1.5515734E-08 2.8719533E-08 3.5716614E-08 1.7841156E-08 3.0385923E-08 3.4788968E-08 4.1178186E-08 3.3248657E-08 5.1514927E-08 6.0276861E-08 4.1411962E-08 5.8022934E-08 6.4803814E-08	292.7560 295.8134 297.5439 293.4294 298.4800 296.1468 293.8723 296.1772 295.3799 291.8911 291.5563 290.5218 287.6529 287.7643 287.6081	0.415806
1984 3.1346257E-08 5.7689153E-08 1.1963448E-08 3.4063703E-08 3.1855283E-08 1.0837357E-08 3.1812984E-08 2.1916998E-08 2.5978428E-08 2.7291250E-08 3.2616168E-08 3.6208700E-08 3.1248312E-08 4.0246846E-08 4.3332967E-08	291.7848 295.0919 297.0055 294.1001 299.4057 295.6943 295.8115 298.7400 297.8854 294.9564 295.0286 293.8408 290.9164 291.2381 291.0652	0.613871
1985 3.9095578E-08 6.7122535E-08 1.3514638E-08 3.9511825E-08 3.6974747E-08 1.3377516E-08 3.2917814E-08 2.0462810E-08 2.4148367E-08 2.4787347E-08 2.5825589E-08 3.1951554E-08 2.1555433E-08 2.7861162E-08 3.3024037E-08	291.9391 295.2306 296.9068 294.6191 299.4416 295.0703 296.6323 299.3744 298.4269 296.2399 296.3826 294.8073 292.8112 292.9171 292.0769	316.065
1986 2.7573067E-08 6.1149009E-08 1.5131612E-08 3.2614174E-08 3.7922192E-08 1.3826173E-08 2.8967829E-08 2.3188120E-08 2.9469254E-08 2.4558995E-08 3.1293411E-08 3.9681584E-08 2.8062210E-08 3.7302879E-08 4.1756842E-08	291.8175 295.0203 297.6363 293.4060 298.5182 296.3693 294.6335 297.6804 296.9362 293.9076 293.9141 292.5203 289.9547 290.1683 289.7964	1.98548
1987 2.1488081E-08 6.5714062E-08 1.6914839E-08 3.5654537E-08 4.6877172E-08 1.7079342E-08 3.7207958E-08 3.7092491E-08 3.6479467E-08 3.7953573E-08 5.2394878E-08 5.7049974E-08 4.8560278E-08 5.7107076E-08 6.1648812E-08	291.6320 295.0369 297.1333 293.0503 298.0963 295.6112 293.9028 296.4984 295.8606 292.2872 292.2301 291.3909 288.2133 288.7520 288.8375	139.581
1988 2.3590513E-08 5.3697402E-08 1.1582681E-08 2.8110648E-08 3.0942104E-08 1.0213122E-08 2.5446134E-08 2.0184482E-08 2.3164743E-08 2.6147950E-08 3.3497351E-08 3.4289915E-08 3.4869849E-08 4.2861448E-08 4.2936072E-08	292.2713 295.4805 296.7362 294.3522 299.5178 295.3135 295.8255 298.8340 297.6734 294.7635 294.7786 293.4578 290.6074 290.8130 290.6493	35.5806
1989 3.4125986E-08 6.0594154E-08 9.9543502E-09 3.2618157E-08 3.2152471E-08 1.0252077E-08 2.5218331E-08 1.4274414E-08 2.2477039E-08 1.8184515E-08 2.0555118E-08 2.7972703E-08 2.0134223E-08 2.8309655E-08 3.2983969E-08	292.9591 296.1129 297.7300 295.6364 300.8322 296.3441 297.8325 300.9417 299.6548 297.3246 297.6148 295.9207 293.3566 293.6061 292.7962	2.7129
1990 2.6960048E-08 7.2422580E-08 1.8055603E-08 3.3776711E-08 4.3036639E-08 1.5001605E-08 3.3214711E-08 2.7471550E-08 3.4050696E-08 2.9775372E-08 4.1825697E-08 4.6487081E-08 3.4309501E-08 4.6668006E-08 5.0310195E-08	291.9236 295.0082 297.8649 293.4117 298.5105 295.8566 294.6098 297.6072 296.8740 293.5679 293.5210 292.3178 289.7919 289.8774 289.5177	221.613
1991 2.8759152E-08 7.0423916E-08 1.7258884E-08 3.7109199E-08 3.9968569E-08 1.2286168E-08 3.3100360E-08 2.3329783E-08 2.6401723E-08 2.5913614E-08 2.9890970E-08 3.5935781E-08 3.1661838E-08 3.5238795E-08 3.9539572E-08	291.0557 294.3986 297.7589 292.8379 298.0207 296.0125 294.4066 297.4530 296.6292 293.8546 293.7460 292.2866 290.0601 290.1922 289.5916	3.53903
1992 2.2883002E-08 6.2417264E-08 1.7466249E-08 3.5475523E-08 4.3604899E-08 1.8887457E-08 3.6727066E-08 3.4006099E-08 4.0422108E-08 3.7015241E-08 5.1264898E-08 5.8264671E-08 4.8226717E-08 5.8219271E-08 5.9407736E-08	291.1061 294.5156 296.8880 292.4087 297.4442 295.5480 293.3798 295.9303 295.4454 291.8786 291.8416 290.9356 287.9914 288.4632 288.5135	912.581
1993 2.7192813E-08 6.5462579E-08 1.7218523E-08 3.5542008E-08 3.7099358E-08 1.3088035E-08 3.1920809E-08 2.5111696E-08 3.0782626E-08 2.5936160E-08 3.5443382E-08 4.3747470E-08 3.2943412E-08 4.4036085E-08 4.6910170E-08	291.3387 294.4518 297.4241 293.0697 298.0159 295.9502 294.2747 297.1582 296.3544 293.1779 293.1767 291.8795 289.2969 289.5745 289.2681	111.581
1994 2.4466560E-08 6.1470011E-08 1.3490863E-08 2.6255924E-08 3.2580772E-08 1.1653466E-08 2.3235254E-08 1.9213497E-08 2.8518370E-08 2.2378368E-08 3.2836372E-08 4.0268773E-08 2.9015913E-08 4.1612495E-08 4.6948049E-08	292.4560 295.6446 297.2546 294.3646 299.3766 295.7294 295.6769 298.6413 297.3710 294.7121 294.4193 292.9368 290.5456 290.5526 290.1133	19.4184
1995 2.1484137E-08 5.7079038E-08 1.4174951E-08 2.8959386E-08 3.8861980E-08 1.2817711E-08 3.1782484E-08 2.7702797E-08 3.0505248E-08 3.1659333E-08 4.0581803E-08 4.5644001E-08 3.5666602E-08 4.4463743E-08 4.9217604E-08	291.5658 295.1602 297.5445 293.4099 298.5702 295.8853 294.5212 297.3058 296.3419 293.2788 293.1658 291.9637 289.2631 289.6588 289.3216	10.0787
1996 2.6255179E-08 5.5543001E-08 1.2629208E-08 2.7518334E-08 2.9180923E-08 1.1737097E-08 2.5736838E-08 1.7479262E-08 1.6624066E-08 2.1061162E-08 2.3959894E-08 3.0656519E-08 2.4212413E-08 3.2290750E-08 3.8502584E-08	293.0153 295.6227 297.1753 294.6860 299.3980 295.4984 296.1145 298.8474 297.8156 295.1003 295.0679 293.4581 291.0095 291.0154 290.2754	0
1997 2.8449968E-08 6.5768006E-08 1.5557930E-08 3.2214157E-08 4.0206206E-08 1.5149002E-08 2.8735837E-08 2.3685606E-08 2.2614698E-08 2.3845407E-08 3.4213826E-08 3.3670862E-08 3.0800663E-08 4.0121151E-08 4.4813714E-08	292.2202 295.1401 297.2620 293.9782 298.5946 295.5291 295.2588 298.0825 297.2628 294.2267 294.0988 292.8477 290.0374 290.2599 289.8830	80.9484
1998 1.2741245E-08 4.6595716E-08 1.1171747E-08 2.4386742E-08 3.0209211E-08 1.4377711E-08 2.3005706E-08 2.7793600E-08 3.4802941E-08 2.6218775E-08 4.3142716E-08 5.2215370E-08 3.7196596E-08 5.3379182E-08 6.0362510E-08	293.3152 296.3781 297.1879 294.0719 299.1458 295.7424 294.7768 297.1757 295.9828 293.2084 292.4637 291.2540 288.7683 288.5779 288.3201	26.0826
1999 2.9666319E-08 5.5849775E-08 9.6579225E-09 3.0458185E-08 2.7524441E-08 9.5780628E-09 2.6680324E-08 1.4400749E-08 1.6272441E-08 2.3201192E-08 2.5582990E-08 2.7975005E-08 2.3456023E-08 3.2899802E-08 3.6584883E-08	293.1131 296.0166 297.6065 295.7303 300.7097 296.1562 297.8140 300.8094 299.5445 297.3852 297.6373 296.1663 293.4258 293.5878 292.9289	263.613
2000 3.2828435E-08 5.4473624E-08 1.0872535E-08 3.0046195E-08 2.7641065E-08 1.0201592E-08 2.3824327E-08 1.3082184E-08 1.6511789E-08 1.8512756E-08 2.0125649E-08 2.5506360E-08 1.9313990E-08 2.9875498E-08 3.3054974E-08	292.3107 295.6481 297.8080 295.1205 300.3636 296.3182 297.4630 300.3912 299.2733 297.0463 297.2508 295.5794 293.1997 293.2702 292.4742	35.8581
2001 3.3302875E-08 6.5682386E-08 1.3979387E-08 3.5349498E-08 3.8266396E-08 1.2637221E-08 3.1562742E-08 2.5172813E-08 2.3773218E-08 2.6452602E-08 3.1207453E-08 3.2686884E-08 2.7156243E-08 3.7237232E-08 4.1305103E-08	291.9865 295.2137 297.5440 294.3061 299.2720 296.1137 296.0775 298.9004 298.2018 295.4740 295.5444 294.2339 291.7750 291.9922 291.5437	93.2903
2002 2.9259461E-08 6.0736433E-08 1.6566119E-08 3.4250984E-08 3.6578776E-08 1.3580519E-08 2.8754558E-08 1.9845059E-08 2.5348031E-08 2.3041343E-08 2.6990476E-08 3.3103394E-08 2.4984729E-08 3.1745817E-08 3.4002294E-08	291.1539 294.5345 297.4876 293.0362 298.4349 295.8625 294.7659 298.1302 297.1691 294.3481 294.6029 293.0468 290.7388 291.0000 290.3693	9.5329
2003 3.1652327E-08 6.6443612E-08 1.7524876E-08 3.9204028E-08 4.3258787E-08 1.5602902E-08 3.5027877E-08 2.5282642E-08 2.6382471E-08 3.0513213E-08 3.3991171E-08 3.4430425E-08 3.7941358E-08 4.0994568E-08 3.8834166E-08	291.0489 294.1086 296.7767 292.7552 297.5576 295.1584 294.2622 297.0508 296.3250 293.6575 293.6507 292.5808 290.0461 290.3990 290.1654	63.4839
2004 2.4103525E-08 5.9201000E-08 1.3688300E-08 2.8740317E-08 3.5371183E-08 1.3981619E-08 2.7007024E-08 1.9826532E-08 2.3178014E-08 2.1262542E-08 3.0307010E-08 3.6570373E-08 2.4664430E-08 3.4652434E-08 4.1278849E-08	293.2024 295.8161 297.0291 294.7355 299.3971 295.4557 295.9022 298.6475 297.5299 295.0496 294.8021 293.2552 291.0003 291.0539 290.3931	299.065
2005 2.4396179E-08 6.1863901E-08 1.4188092E-08 3.0613247E-08 3.7633335E-08 1.4235928E-08 2.9773130E-08 2.5111699E-08 3.1606998E-08 2.6590403E-08 3.6273338E-08 4.2681965E-08 3.3657038E-08 4.2698503E-08 4.7291188E-08	291.7282 294.7668 297.5978 293.4495 298.3110 296.0942 294.6987 297.4527 296.7766 293.7755 293.6619 292.5150 289.9982 290.3230 289.9714	469.129
2006 2.5158599E-08 6.5225450E-08 1.2600380E-08 2.4118494E-08 3.4982172E-08 1.1564037E-08 1.9302995E-08 1.7305737E-08 1.9075690E-08 1.6850601E-08 2.6112279E-08 2.8771034E-08 2.0645786E-08 3.4346851E-08 3.8066364E-08	293.4799 296.0367 297.4112 295.4667 300.2235 296.1531 297.0954 299.9586 298.5992 296.1236 296.0439 294.2285 292.0644 291.9137 291.0575	0.131613
2007 2.4228612E-08 6.1481749E-08 1.6470596E-08 3.2081054E-08 3.5243829E-08 1.3672855E-08 2.8954080E-08 1.9820535E-08 2.1756549E-08 2.5328706E-08 2.9876585E-08 3.2181898E-08 3.2851226E-08 4.0312642E-08 4.2064368E-08	292.0827 295.1091 297.2148 293.5562 298.8021 295.5907 294.9588 297.8746 296.9287 294.2304 293.9453 292.6350 290.1465 290.1524 289.7878	5.33548
2008 3.0104623E-08 5.1679375E-08 1.0695091E-08 2.9227307E-08 2.5081905E-08 8.9722176E-09 1.9740082E-08 1.0281658E-08 1.3128354E-08 1.4232360E-08 1.5289938E-08 2.1092927E-08 1.7014251E-08 2.4449619E-08 2.8830643E-08	293.3171 295.9642 297.8347 295.6824 300.5407 296.1264 297.5425 300.3209 298.9952 296.6659 296.8421 294.9113 292.4434 292.3643 291.3349	17.5839
2009 3.3482053E-08 6.3171626E-08 1.1979602E-08 3.5723335E-08 3.3832951E-08 1.1894794E-08 3.3274070E-08 2.1914154E-08 2.4575902E-08 2.3927168E-08 3.0125026E-08 3.1814707E-08 2.4731349E-08 3.4722984E-08 3.5606970E-08	292.5720 295.5891 297.9616 294.5890 299.6979 296.3182 296.2602 299.2173 298.4388 295.6772 295.6683 294.3692 292.0551 292.0266 291.5196	0.000322581
2010 2.6080141E-08 6.3904864E-08 1.7746924E-08 3.2462427E-08 3.6702506E-08 1.3462223E-08 3.1519949E-08 2.4364809E-08 2.4235765E-08 2.6851989E-08 3.5973610E-08 3.8715090E-08 3.5216697E-08 4.5390554E-08 4.6345328E-08	0.0000000E+00 0.0000000E+00 0.0000000E+00 0.0000000E+00 0.0000000E+00 0.0000000E+00 0.0000000E+00 0.0000000E+00 0.0000000E+00 0.0000000E+00 0.0000000E+00 0.0000000E+00 0.0000000E+00 0.0000000E+00 0.0000000E+00  10.2723
2011 2.4421121E-08 4.8452439E-08 8.7138536E-09 2.3740425E-08 2.6851801E-08 9.4273558E-09 2.0233456E-08 1.2974188E-08 1.2616490E-08 1.5729068E-08 2.1147459E-08 2.5910630E-08 1.6440175E-08 2.9476290E-08 3.7378637E-08	294.4146 296.9250 296.9046 296.4644 301.3024 295.4410 297.8632 300.8656 299.2506 296.4487 296.8102 295.0632 291.9474 291.9295 291.2891	0.163226
2012 2.8627737E-08 5.6917884E-08 1.1310287E-08 2.8628460E-08 2.7812842E-08 9.4077706E-09 2.9274272E-08 1.7976891E-08 1.8274962E-08 2.4944963E-08 3.2683474E-08 3.5243946E-08 2.7909381E-08 4.1001034E-08 4.2788777E-08	293.3374 296.1772 297.7268 295.5681 300.4523 295.9470 297.0500 299.9165 299.0294 295.9908 295.9359 294.6427 291.8109 291.6831 291.2663	49.2581
2013 2.9895361E-08 6.0719621E-08 1.5126490E-08 3.2087161E-08 3.6393221E-08 1.4087678E-08 2.5136144E-08 1.9166460E-08 2.3738478E-08 2.0675476E-08 2.4651234E-08 3.0542374E-08 2.4118512E-08 3.0919953E-08 3.5179990E-08	291.9569 295.1392 297.8642 293.8574 299.0532 296.2056 295.3933 298.5886 297.6380 294.6220 294.6942 293.1178 290.7816 290.9147 290.1547	0
2014 2.8862999E-08 5.9332361E-08 1.3210893E-08 3.2940608E-08 3.2212178E-08 1.1184806E-08 3.0015819E-08 1.9584840E-08 2.0314086E-08 3.0237576E-08 3.1740996E-08 3.5492608E-08 3.4461909E-08 4.3790962E-08 4.7378187E-08	292.1715 295.1421 297.4342 294.0852 298.9373 295.8361 295.4369 298.3291 297.5052 294.5573 294.5268 293.1554 290.6223 290.6334 290.1281	0.15
2015 3.1133997E-08 6.6423830E-08 1.7046803E-08 4.0460723E-08 4.2611532E-08 1.3644450E-08 3.6844028E-08 2.7616803E-08 2.5277465E-08 3.1628716E-08 3.8339167E-08 3.8804796E-08 3.7575653E-08 4.4918792E-08 4.6106884E-08  290.5785 293.8982 296.8976 292.4528 297.5718 295.4813 294.0787 297.0169 296.5354 293.5742 293.7181 292.5252 289.9858 290.4465 290.1538  42.3548
