STN,prec_1,prec_2,prec_3,prec_4,prec_5,prec_6,prec_7,prec_8,prec_9,prec_10,prec_11,prec_12,prec_13,prec_14,prec_15,st_1,st_2,st_3,st_4,st_5,st_6,st_7,st_8,st_9,st_10,st_11,st_12,st_13,st_14,st_15,11.0
LAT,23.72017,23.72017,23.72017,26.51077,26.51077,26.51077,29.30136,29.30136,29.30136,32.09194,32.09194,32.09194,34.88252,34.88252,34.88252,23.72017,23.72017,23.72017,26.51077,26.51077,26.51077,29.30136,29.30136,29.30136,32.09194,32.09194,32.09194,34.88252,34.88252,34.88252,28.30888906
LON,-101.2500,-98.43750,-95.62500,-101.2500,-98.43750,-95.62500,-101.2500,-98.43750,-95.62500,-101.2500,-98.43750,-95.62500,-101.2500,-98.43750,-95.62500,-101.2500,-98.43750,-95.62500,-101.2500,-98.43750,-95.62500,-101.2500,-98.43750,-95.62500,-101.2500,-98.43750,-95.62500,-101.2500,-98.43750,-95.62500,-98.5572384
1958 1.6749699E-08 3.5856058E-08 1.6105535E-08 1.8277081E-08 2.0993928E-08 1.5707077E-08 1.7045533E-08 2.0247935E-08 2.5088784E-08 1.7306578E-08 3.1050121E-08 4.1860211E-08 2.5732309E-08 3.6865540E-08 4.3816627E-08	289.1321 292.6042 295.8269 289.7561 294.9944 294.1336 290.2073 292.7614 291.9990 288.4484 288.0688 286.6618 283.8306 283.7216 283.2804	1774
1959 2.3467191E-08 4.5652563E-08 1.9552633E-08 2.5458213E-08 2.4282752E-08 1.5740628E-08 1.9773095E-08 1.8758403E-08 2.1200245E-08 1.5628327E-08 2.2076044E-08 3.1565833E-08 1.8036445E-08 2.3219629E-08 2.9297054E-08	288.5816 291.9648 295.8912 289.3743 294.6894 294.1723 290.0840 292.9349 292.4667 288.6841 288.6580 287.1391 284.4877 284.1582 283.4765	161.533
1960 1.7136696E-08 3.8363734E-08 1.3997219E-08 1.9607141E-08 2.1336243E-08 1.3067237E-08 1.6132622E-08 1.5485732E-08 2.0129319E-08 1.3716591E-08 2.0816602E-08 3.1095119E-08 1.8121879E-08 2.5571033E-08 3.3018910E-08	289.6172 292.9182 295.9730 290.1850 295.3085 294.2348 290.6668 293.4276 292.8129 289.2164 288.9227 287.4356 284.7466 284.4417 283.6337	543.1
1961 1.9640662E-08 3.8933369E-08 1.4295372E-08 2.1252985E-08 2.4381785E-08 1.3680647E-08 1.7758707E-08 1.9714177E-08 2.1455303E-08 1.6049423E-08 2.3817933E-08 3.3397558E-08 2.0010292E-08 2.7305612E-08 3.3807208E-08	289.9246 293.0298 295.9168 290.5558 295.4378 294.2011 290.9934 293.7034 293.1777 289.3916 289.1826 287.8497 284.9678 284.7625 284.2481	0.0966667
1962 1.8020980E-08 4.0984460E-08 1.7217607E-08 2.1304082E-08 2.1828347E-08 1.6452187E-08 1.8528057E-08 1.9131948E-08 2.5668015E-08 1.6647672E-08 2.5181329E-08 3.7918834E-08 1.9641451E-08 2.8985514E-08 3.9531351E-08	289.5136 292.8188 296.0117 289.6410 294.9423 294.2683 289.7446 292.5882 292.3646 288.1297 287.8869 286.6867 283.8008 283.5241 282.9220	28.86
1963 2.2233158E-08 4.6174787E-08 2.1902741E-08 2.4544738E-08 2.8376322E-08 1.9790294E-08 2.2977085E-08 2.3170360E-08 2.9180427E-08 2.2548218E-08 3.3941319E-08 4.0940332E-08 2.8056272E-08 3.6362678E-08 4.1984215E-08	288.5298 292.2920 295.7992 289.0454 294.3041 294.1170 289.2658 291.8862 291.6342 287.6765 287.2662 286.0997 283.3818 283.0184 282.4827	23.81
1964 2.0747427E-08 4.4682892E-08 1.7319270E-08 2.2941297E-08 2.4968648E-08 1.7385911E-08 1.6121589E-08 2.0060250E-08 2.4076597E-08 1.3864754E-08 2.4137195E-08 3.6903586E-08 1.8666729E-08 2.7561272E-08 3.7628720E-08	289.5884 292.9406 295.9364 290.1785 295.3918 294.2225 290.5340 293.4429 293.1479 288.8195 288.8959 287.7475 284.1989 284.3133 283.8831	23.5567
1965 2.3483675E-08 4.5386791E-08 2.1736311E-08 2.5471007E-08 2.7111435E-08 1.8466967E-08 2.3257286E-08 2.6179695E-08 3.0904648E-08 2.4775334E-08 3.5705263E-08 4.2149463E-08 2.8441825E-08 3.5144559E-08 3.8009478E-08	287.2716 291.2380 295.4565 288.1337 293.5863 293.8652 288.8695 291.4011 291.0201 287.4584 287.1796 285.9386 283.5442 283.3573 282.8463	16.8167
1966 1.7234095E-08 3.9906382E-08 1.6160403E-08 1.8126899E-08 1.9168693E-08 1.4076925E-08 1.3178345E-08 1.6089748E-08 2.3024505E-08 1.5061717E-08 2.5843894E-08 3.7379714E-08 2.5706145E-08 3.4448252E-08 4.2864272E-08	289.3890 292.7381 295.8560 289.8372 294.9241 294.1551 289.9677 292.5845 292.1659 288.0408 287.7476 286.5781 283.2999 283.2851 282.9416	0.0236667
1967 2.4480544E-08 4.8666251E-08 2.3128170E-08 2.7199548E-08 2.8902324E-08 1.6887657E-08 2.2506683E-08 2.3338107E-08 2.5245871E-08 1.9920765E-08 2.7559647E-08 3.6934320E-08 2.3015396E-08 2.9215293E-08 3.5624115E-08	287.7846 291.5340 296.1902 288.4587 293.8845 294.3998 289.3257 291.8953 291.6913 288.2118 287.6562 286.2360 284.0590 283.6500 282.9609	64.8
1968 2.1742711E-08 3.9774097E-08 1.8979039E-08 2.5164717E-08 2.4546626E-08 1.5598761E-08 1.8537724E-08 1.9424146E-08 2.3292891E-08 1.5256454E-08 2.4122727E-08 3.3225010E-08 2.0163881E-08 2.6324901E-08 3.1870655E-08	288.4788 292.1967 296.3473 289.0201 294.4618 294.5117 289.6135 292.4688 292.0021 288.4169 288.0885 286.5691 284.0905 283.9885 283.1826	0.995
1969 1.8487487E-08 4.2222254E-08 1.8486636E-08 2.0718490E-08 2.4328049E-08 1.6350580E-08 1.7845338E-08 2.3192328E-08 2.8057363E-08 1.8294577E-08 3.1326710E-08 4.1878259E-08 2.5537348E-08 3.4737369E-08 4.1460421E-08	288.8222 292.4431 295.9554 289.1913 294.5006 294.2285 289.5560 292.0534 291.6528 287.9199 287.5191 286.2030 283.4427 283.2043 282.7570	1180.43
1970 1.9415054E-08 4.6952977E-08 1.7428279E-08 2.1097240E-08 2.1616515E-08 1.3252984E-08 1.7650274E-08 1.5688485E-08 1.9206345E-08 1.5964359E-08 2.2754570E-08 3.0753409E-08 2.1818410E-08 2.8790305E-08 3.4785426E-08	289.4065 292.5794 296.2903 290.0946 295.2197 294.4706 290.5555 293.3264 292.9325 288.8487 288.5177 287.1698 283.9677 283.6879 283.0897	0.877333
1971 1.9070466E-08 4.8038299E-08 1.7370942E-08 2.3603629E-08 2.9124715E-08 1.5399296E-08 2.0516012E-08 2.2769935E-08 2.4711634E-08 1.8328834E-08 2.8309337E-08 3.6514809E-08 2.2395200E-08 2.9762807E-08 3.7209258E-08	289.1353 292.4892 296.4164 289.8542 294.9415 294.5792 290.3116 293.0926 292.6908 288.6688 288.3756 287.0730 284.3042 283.9940 283.2062	667.8
1972 1.9596781E-08 4.1085482E-08 1.9535991E-08 2.4955137E-08 2.4364445E-08 1.7540836E-08 2.2420663E-08 2.5330808E-08 3.2331933E-08 2.3695868E-08 3.7993523E-08 4.7318498E-08 3.0156855E-08 3.9002163E-08 4.4371674E-08	287.8554 291.7487 295.6716 288.3121 293.8299 294.0211 288.7573 291.2843 290.9516 287.2136 286.7385 285.4769 283.0650 282.6113 282.1089	1.65633
1973 1.8516285E-08 3.4669860E-08 1.2941970E-08 1.8004833E-08 1.7059692E-08 1.0937505E-08 1.3218400E-08 1.2822479E-08 1.3499620E-08 1.0836890E-08 1.7343515E-08 2.4032810E-08 1.4954649E-08 2.1602531E-08 2.8118395E-08	290.0929 293.1790 296.2071 291.1127 296.1443 294.4219 291.6798 294.4730 293.7980 289.8906 289.8112 288.3077 285.0178 284.7470 283.9220	697.633
1974 1.7637079E-08 4.5182322E-08 1.8641238E-08 2.1804526E-08 2.7002228E-08 1.7386499E-08 1.9697541E-08 1.8590020E-08 2.2886351E-08 1.4202928E-08 2.2221922E-08 3.1251030E-08 1.9143188E-08 2.7437427E-08 3.4865327E-08	289.9688 293.4175 296.6169 290.2334 295.6206 294.7260 290.4452 293.3587 292.9514 288.6930 288.5294 287.2732 283.8707 283.5543 283.0534	274.033
1975 1.8636396E-08 4.0114791E-08 1.3402799E-08 1.9890448E-08 2.2385025E-08 1.2129382E-08 1.4418378E-08 1.3478803E-08 1.7412427E-08 1.1927683E-08 1.6772491E-08 2.4597698E-08 1.5629869E-08 2.1213104E-08 2.6464448E-08	289.8763 293.3090 296.4037 290.9492 296.2097 294.5591 291.5783 294.6008 293.9221 289.9883 290.0514 288.5845 285.3382 285.2717 284.6102	151.377
1976 1.7013864E-08 3.8394269E-08 1.7464391E-08 2.1048034E-08 2.2953886E-08 1.6039703E-08 1.8313091E-08 2.1188661E-08 2.8316444E-08 1.7418772E-08 2.7415982E-08 3.9963162E-08 2.2286700E-08 2.7455540E-08 3.6066613E-08	288.8268 292.4964 296.1238 289.2162 294.6025 294.3623 289.5708 292.0662 291.7140 288.1173 287.7195 286.3386 283.7626 283.7599 283.2102	3508.93
1977 1.8590043E-08 3.6618495E-08 1.3558568E-08 2.3829857E-08 2.4538442E-08 1.5441209E-08 1.8918199E-08 1.9460735E-08 2.5158695E-08 1.5789372E-08 2.4749854E-08 3.7112194E-08 2.2345633E-08 3.1748574E-08 3.9300453E-08	289.2152 292.8691 295.9469 289.8453 295.1448 294.2246 290.4088 293.1889 292.6882 289.0365 288.7843 287.3596 284.5382 284.3562 283.8171	3.53333
1978 2.4060427E-08 4.3772960E-08 2.1026406E-08 2.5426747E-08 2.4074424E-08 1.6959319E-08 1.9630580E-08 2.1359888E-08 2.5681208E-08 1.8346926E-08 3.0241459E-08 4.1439449E-08 2.5101281E-08 3.4121477E-08 4.0767553E-08	288.2509 291.9146 296.1560 289.0123 294.4477 294.3900 289.7353 292.5472 292.1760 288.4230 288.1529 286.7676 284.2413 283.9351 283.2598	0.465
1979 2.2898494E-08 4.3859757E-08 2.0042764E-08 2.5873172E-08 2.6282189E-08 1.7137598E-08 2.0480684E-08 2.0927899E-08 2.4713339E-08 1.6422044E-08 2.4243503E-08 3.2738967E-08 2.0224689E-08 2.5851589E-08 3.1465106E-08	288.3418 291.7336 295.8948 289.1352 294.2949 294.1851 289.8849 292.4520 291.9273 288.6736 288.2833 286.8509 284.5323 284.3177 283.6501	0.00166667
1980 1.6801033E-08 3.8201094E-08 1.5728190E-08 2.0595042E-08 2.3955094E-08 1.6616642E-08 1.9826341E-08 2.1003020E-08 2.8703143E-08 1.9351319E-08 3.0775617E-08 4.4323549E-08 2.2585308E-08 3.3462396E-08 4.4528250E-08	289.5226 292.9951 295.9182 289.8637 295.0486 294.2018 289.9746 292.5824 292.1434 288.0479 287.6843 286.4759 283.5442 283.2165 282.8058	0.376333
1981 2.0916207E-08 4.3716465E-08 1.8750649E-08 2.3878194E-08 2.4894410E-08 1.8070189E-08 1.8408539E-08 1.9409844E-08 2.3720535E-08 1.4225917E-08 2.2135616E-08 3.2316660E-08 1.7412624E-08 2.5137334E-08 3.2185586E-08	289.2149 292.6275 295.9898 289.8242 294.9594 294.2567 290.3392 293.1609 292.7797 289.0407 288.8773 287.5316 284.6658 284.6691 283.9900	449
1982 1.8087032E-08 3.9167819E-08 2.1035435E-08 2.2686965E-08 2.5600048E-08 2.2425382E-08 2.1374685E-08 2.8428925E-08 3.6658673E-08 2.1707040E-08 3.6132629E-08 4.8432007E-08 2.5789635E-08 3.5976846E-08 4.4200196E-08	287.8633 291.5917 295.7796 288.1765 293.4918 294.1167 288.5316 290.9109 290.6117 287.0628 286.7677 285.5788 283.1573 282.8582 282.6363	1.89667
1983 2.0447805E-08 4.5296304E-08 1.5568270E-08 2.2828967E-08 2.4253172E-08 1.5451583E-08 1.9798197E-08 2.0432401E-08 2.4461624E-08 1.5976704E-08 2.6440425E-08 3.7057237E-08 1.8432837E-08 2.7185642E-08 3.4625213E-08	289.8892 293.2504 295.9699 290.7547 296.0462 294.2604 291.1349 293.8524 293.5150 289.3602 289.1570 287.9964 284.9016 284.8549 284.3989	58.16
1984 2.0377884E-08 4.1477165E-08 1.2743393E-08 2.0539588E-08 2.3859441E-08 1.3144192E-08 1.6755710E-08 1.6549462E-08 1.7362977E-08 1.4103408E-08 2.2060501E-08 2.7913234E-08 1.7838236E-08 2.6536780E-08 3.3448472E-08	290.1383 293.4562 295.9984 291.5458 296.4983 294.2711 292.2918 295.1807 294.4242 290.3739 290.4617 289.2030 285.3809 285.3626 285.0234	168.92
1985 2.4527976E-08 4.4240956E-08 1.9723126E-08 2.5587546E-08 2.6456160E-08 1.6674843E-08 2.1651195E-08 2.1441004E-08 2.5193833E-08 1.8906285E-08 2.8704523E-08 3.7355996E-08 2.3587907E-08 3.2285254E-08 3.8486039E-08	288.1317 291.7900 295.8315 288.8655 294.2397 294.1562 289.5551 292.5372 292.2948 288.2307 288.2491 287.1364 283.8247 284.0341 283.6096	1401.57
1986 2.4808966E-08 4.6147004E-08 2.1194719E-08 2.9223131E-08 2.4776295E-08 1.4707899E-08 2.4806733E-08 2.3508674E-08 2.5448632E-08 2.2248106E-08 3.1229572E-08 3.9319332E-08 2.7888643E-08 3.2681001E-08 3.7334619E-08	287.4298 291.2743 296.1074 288.0985 293.5821 294.3621 288.6884 291.3485 291.1781 287.4569 287.0741 285.8899 283.4867 283.1680 282.7385	286.5
1987 1.5977450E-08 3.4875931E-08 1.4367640E-08 2.0801526E-08 2.2901759E-08 1.5741254E-08 2.1195330E-08 2.5416707E-08 3.2245698E-08 2.3367679E-08 3.6899124E-08 5.1855775E-08 2.8776194E-08 3.8707043E-08 4.7743388E-08	289.0041 292.5246 295.6213 289.4644 294.6405 294.0067 289.6462 292.0491 291.4671 287.7935 287.5631 286.3167 283.5901 283.7250 283.5176	150.467
1988 1.7459438E-08 4.3747185E-08 1.1566251E-08 1.8181659E-08 2.0830809E-08 1.1556735E-08 1.3921714E-08 1.4300934E-08 1.6645840E-08 1.2211917E-08 2.0901727E-08 2.8695744E-08 1.5566782E-08 2.5227813E-08 3.2176171E-08	290.6756 293.7644 296.2610 291.8520 296.8762 294.4623 292.3229 295.2909 294.5714 290.3105 290.3319 289.0706 285.4375 285.2596 284.8004	93.0427
1989 1.9435554E-08 4.5990287E-08 1.6038660E-08 2.3742045E-08 2.6617808E-08 1.5582959E-08 1.8378151E-08 1.9827828E-08 2.3484022E-08 1.4545078E-08 2.3695716E-08 3.4605595E-08 1.8219868E-08 2.6923361E-08 3.6503621E-08	289.8831 293.0700 296.6114 290.2350 295.1784 294.7243 290.3905 293.0950 292.9040 288.6824 288.3484 287.0966 284.3327 283.8475 283.0844	19.5533
1990 2.4016243E-08 4.4252474E-08 1.8552571E-08 2.8614938E-08 2.5403866E-08 1.5234599E-08 1.9905441E-08 1.8881023E-08 2.2274859E-08 1.6300845E-08 2.5392055E-08 3.3300239E-08 2.4786868E-08 3.2292782E-08 3.6914287E-08	287.8380 291.5249 296.1016 288.3415 293.9080 294.3539 289.2373 292.2061 291.8910 288.2928 288.1701 286.8582 284.3406 284.3440 283.7877	24.0367
1991 2.4910950E-08 4.7098649E-08 2.3803949E-08 2.6768202E-08 2.6360365E-08 1.8807166E-08 2.1837831E-08 2.3824425E-08 2.7691257E-08 2.0903988E-08 3.1247822E-08 4.1347764E-08 2.6320979E-08 3.3272954E-08 4.0475456E-08	287.3639 291.1157 296.0166 287.9383 293.3543 294.3044 288.5179 291.3363 291.3043 287.2852 287.1936 286.0748 283.4603 283.5676 283.1610	57.4
1992 2.5379597E-08 4.6921674E-08 2.2042983E-08 2.9523076E-08 2.7332588E-08 1.7528230E-08 2.3412946E-08 2.0982442E-08 2.5614082E-08 1.9185880E-08 2.4578416E-08 3.2013805E-08 2.4636501E-08 2.8080080E-08 3.1582776E-08	287.3022 291.1523 296.2275 287.8695 293.4855 294.4475 288.6655 291.6044 291.3732 287.6805 287.7208 286.3585 283.8641 284.0748 283.4655	69.6
1993 2.0605736E-08 3.8436827E-08 1.9507727E-08 2.3429802E-08 2.3725949E-08 1.7510585E-08 2.2502464E-08 2.3434779E-08 2.6591641E-08 2.2738243E-08 3.1509966E-08 4.2521510E-08 2.6437950E-08 3.3164099E-08 4.0399534E-08	288.1213 291.5041 295.7520 288.7085 293.8446 294.1044 289.1903 291.7619 291.2361 287.5039 287.3426 285.9197 283.2804 283.0790 282.4547	0
1994 1.5968157E-08 4.0375614E-08 1.8996589E-08 2.3255197E-08 2.6358491E-08 1.9523419E-08 2.3000293E-08 2.7438054E-08 3.7646966E-08 2.6809188E-08 3.8427245E-08 4.9439905E-08 3.0913597E-08 3.9929802E-08 4.4815124E-08	287.8528 291.6523 295.9154 288.1542 293.4614 294.2151 288.2802 290.9170 290.8194 286.3677 286.5208 285.5148 282.6589 282.8062 282.6540	30.7523
1995 1.6676355E-08 4.0438085E-08 1.4849187E-08 1.7575061E-08 2.0964219E-08 1.4746536E-08 1.6380024E-08 1.7960270E-08 2.4300805E-08 1.5191128E-08 2.4778808E-08 3.7447528E-08 1.8506155E-08 2.7666569E-08 3.7654708E-08	290.0452 293.5442 296.2221 290.8886 296.1150 294.4367 291.2033 294.1832 293.6001 289.3546 289.3424 288.0591 284.7827 284.6969 284.1638	321.267
1996 1.9801481E-08 4.3669921E-08 1.9792660E-08 2.2300592E-08 2.4925958E-08 1.7338369E-08 1.5371139E-08 1.6888649E-08 2.3101897E-08 1.3382557E-08 2.3567766E-08 3.4341046E-08 1.9973854E-08 3.0751782E-08 3.8990009E-08	288.6118 292.1166 296.3535 289.3110 294.7034 294.5378 289.9162 292.7401 292.2933 288.4715 288.1341 286.7711 283.8162 283.4832 282.8553	599.433
1997 1.6565055E-08 3.5703756E-08 1.8770741E-08 2.1823515E-08 2.1831351E-08 1.7571860E-08 2.0015605E-08 2.2667590E-08 2.9464628E-08 2.4252003E-08 3.5214235E-08 4.4457270E-08 3.3992144E-08 4.0514667E-08 4.6729653E-08	288.1421 291.6107 295.4152 288.2239 293.3923 293.8514 288.1420 290.3225 290.0674 286.0022 285.5908 284.7191 281.7516 281.6281 281.6234	30.7
1998 2.0441336E-08 4.3273751E-08 1.3961688E-08 2.2848216E-08 2.2621849E-08 1.3193291E-08 1.5884794E-08 1.5754670E-08 1.9226512E-08 1.3631459E-08 2.1040183E-08 2.9710099E-08 1.7981884E-08 2.8494958E-08 3.4559278E-08	290.4465 293.3262 296.1188 291.5113 296.4229 294.3689 292.0598 294.7668 294.0705 290.3555 290.3758 289.0163 285.9685 285.9643 285.3318	597.667
1999 1.6943893E-08 3.6024197E-08 1.1202977E-08 1.7935815E-08 1.7437538E-08 9.9878479E-09 1.3294345E-08 1.0550424E-08 1.3239626E-08 8.8299412E-09 1.3992034E-08 2.1887329E-08 1.2299892E-08 2.0372417E-08 2.9356844E-08	291.2819 294.4757 296.5085 292.7815 297.8541 294.6498 293.6132 296.5912 295.5073 292.0547 292.1823 290.4872 287.4317 287.3565 286.5308	5.70333
2000 1.5299422E-08 3.9872216E-08 1.2593989E-08 1.7919065E-08 2.3225661E-08 1.3758130E-08 1.6489707E-08 1.8944403E-08 2.2790692E-08 1.5071921E-08 2.7693048E-08 3.8505654E-08 1.8724084E-08 2.8421622E-08 3.8174594E-08	290.2130 293.7410 296.7306 290.8983 296.1928 294.8311 291.3707 294.2319 293.8052 289.6424 289.6253 288.3236 285.1402 284.9790 284.4237	577.201
2001 1.9870727E-08 4.6275609E-08 1.4514828E-08 2.1551136E-08 2.3235742E-08 1.4018303E-08 1.7565617E-08 1.8013912E-08 2.4636091E-08 1.3975652E-08 2.2958861E-08 3.6059220E-08 1.7039255E-08 2.5231200E-08 3.6111185E-08	289.8631 293.4156 296.4362 290.2746 295.7158 294.6080 290.5517 293.6335 293.2825 288.8268 288.8292 287.6339 284.1295 284.2599 283.9144	1442.23
2002 1.9327922E-08 3.9664009E-08 1.9068050E-08 2.3823768E-08 2.5958943E-08 1.9241861E-08 1.9345061E-08 2.0679764E-08 2.6730490E-08 1.9174076E-08 2.6546362E-08 3.6299287E-08 2.5611831E-08 3.3194034E-08 3.7636728E-08	287.4553 291.5495 296.0498 288.1806 293.8073 294.3151 289.1831 291.9084 291.5090 287.9012 287.7104 286.3799 283.6501 283.6392 283.2968	1586.2
2003 2.3306066E-08 4.4003713E-08 1.9814372E-08 2.4614483E-08 2.5589141E-08 1.6998937E-08 1.7969155E-08 1.8544421E-08 2.0686478E-08 1.5657944E-08 2.5714360E-08 3.0666452E-08 2.3463931E-08 3.1312588E-08 3.3696569E-08	288.9516 292.1417 295.6978 289.6311 294.7614 294.0518 290.3889 293.1132 292.6427 289.2557 289.0054 287.5991 285.2214 285.0244 284.2913	181.767
2004 2.2073769E-08 4.1382613E-08 1.7777936E-08 2.5240853E-08 2.3786576E-08 1.6162897E-08 2.2372165E-08 2.2988955E-08 2.5111902E-08 2.1649360E-08 2.7956244E-08 3.3294693E-08 2.3596471E-08 2.6869035E-08 2.9859955E-08	288.1021 291.8558 295.9838 288.7751 294.0760 294.2487 289.4776 292.2129 292.0001 288.2599 288.1533 286.9819 284.3223 284.3424 283.9756	445.3
2005 2.2359696E-08 4.3025533E-08 1.9289036E-08 2.5312415E-08 2.5584141E-08 1.6427673E-08 1.9514150E-08 1.8145338E-08 2.2887539E-08 1.6323613E-08 2.4097998E-08 3.0772469E-08 2.3733921E-08 2.9549589E-08 3.3258555E-08	288.4309 291.9523 296.2459 289.1487 294.4612 294.4481 289.8810 292.6202 292.1677 288.5268 288.3414 286.9870 284.1512 284.1668 283.6231	6.47867
2006 2.0150424E-08 3.7990723E-08 1.4672998E-08 2.2756407E-08 2.0305606E-08 1.3117896E-08 1.4953674E-08 1.4879744E-08 2.0579037E-08 1.4466473E-08 2.2301522E-08 3.2961204E-08 2.3958332E-08 3.1401601E-08 3.6603321E-08	288.7241 292.1970 296.2279 289.3259 294.6316 294.4557 290.1766 292.7505 292.2946 288.9199 288.5078 287.0152 284.7504 284.3678 283.5790	0.0903333
2007 1.8915442E-08 4.0989210E-08 1.5465456E-08 2.0242263E-08 2.5379867E-08 1.3990914E-08 1.8947350E-08 1.7029501E-08 1.9048473E-08 1.4467419E-08 2.1992347E-08 2.8386530E-08 1.6691216E-08 2.4622032E-08 3.3089854E-08	290.3075 293.5482 296.4462 291.4889 296.3312 294.6269 291.8984 294.5998 293.9522 290.3062 290.0620 288.5797 285.7824 285.3983 284.5795	137.1
2008 1.9127871E-08 4.8773227E-08 1.6078932E-08 2.3185471E-08 2.7034144E-08 1.6458355E-08 1.9471024E-08 1.9844430E-08 2.1438519E-08 1.5799795E-08 2.3772319E-08 3.1801012E-08 2.1800025E-08 2.9380832E-08 3.3834137E-08	289.9655 293.3361 296.4031 290.8968 296.1786 294.5678 291.6417 294.4940 293.9495 290.2081 290.1721 288.9306 285.6952 285.7170 285.3402	0.056
2009 2.3911703E-08 4.8898659E-08 2.1431527E-08 3.0379038E-08 3.0753210E-08 2.0949747E-08 2.5246566E-08 2.7644580E-08 3.2263845E-08 2.1765256E-08 3.2036013E-08 4.2453763E-08 2.7799571E-08 3.6542591E-08 4.1395804E-08	287.4792 291.2453 295.9464 288.0784 293.4630 294.2287 288.7170 291.3949 291.2243 287.5432 287.4146 286.2661 283.6599 283.7036 283.4427	8.25467
2010 1.2123178E-08 3.8265014E-08 1.1046115E-08 1.2725872E-08 1.9883002E-08 1.1230022E-08 1.2141349E-08 1.3833947E-08 1.8036550E-08 1.0457995E-08 1.7545551E-08 2.8177439E-08 1.5300921E-08 2.5132113E-08 3.4053624E-08	291.9617 294.8803 296.7385 293.1299 298.0453 294.8379 293.4975 296.4961 295.5880 291.2364 291.6642 290.3093 286.1065 286.2818 285.8485	0
2011 1.5896967E-08 3.8621209E-08 1.0943551E-08 1.7592003E-08 2.0753641E-08 1.1511514E-08 1.5280552E-08 1.3922114E-08 1.6056163E-08 1.4810528E-08 2.3201146E-08 2.9521251E-08 1.8625235E-08 2.7900198E-08 3.4073960E-08	291.1130 294.1614 296.5323 291.9578 297.0271 294.6730 292.3533 295.1423 294.4009 290.3850 290.1956 288.8191 285.5407 285.1998 284.4601	0.670333
2012 2.4633540E-08 4.8913815E-08 2.0169699E-08 3.0388080E-08 3.0922667E-08 2.0648713E-08 2.3647029E-08 2.3139465E-08 2.8597894E-08 1.7780478E-08 2.9615990E-08 4.1544403E-08 2.4747658E-08 3.0744328E-08 3.7316394E-08	288.6865 292.3188 296.0901 288.8608 294.3506 294.3345 289.2046 292.0399 291.8654 287.8693 287.5421 286.3242 283.6895 283.3992 283.0100	7.15
2013 2.3186296E-08 4.3602153E-08 1.7979236E-08 2.4400185E-08 2.3928283E-08 1.4953770E-08 1.9366773E-08 1.7595685E-08 2.2353767E-08 1.4743515E-08 2.1471822E-08 3.1519718E-08 1.8803862E-08 2.4975975E-08 3.1841829E-08	289.2441 292.7141 296.2802 289.8405 295.0490 294.4730 290.3256 293.1785 292.7976 289.0184 288.8459 287.5144 284.6610 284.6209 284.0615	74.62
2014 1.7364899E-08 4.0717843E-08 1.8491473E-08 2.5121430E-08 2.5214254E-08 1.7406256E-08 2.6653028E-08 2.7600358E-08 3.0001619E-08 2.7560402E-08 3.7303860E-08 4.5433371E-08 3.0170689E-08 3.6743490E-08 4.2529653E-08	288.4875 292.1182 295.5194 288.8661 294.2354 293.8971 289.0851 291.8999 291.6179 287.3884 287.3296 286.2318 283.1766 283.3320 283.0489	0
2015 1.6375072E-08 3.5659113E-08 1.6897108E-08 2.1026496E-08 2.0874237E-08 1.5501746E-08 1.9377612E-08 2.0588523E-08 2.3698119E-08 2.0802041E-08 3.1370753E-08 3.8001811E-08 3.0448270E-08 3.8052274E-08 4.0158916E-08  288.5861 291.9980 295.0650 289.0480 294.1255 293.5645 289.2636 291.3946 290.8707 287.3000 286.9192 285.6701 283.1716 283.0344 282.6713  79.59
