STN,prec_1,prec_2,prec_3,prec_4,prec_5,prec_6,prec_7,prec_8,prec_9,prec_10,prec_11,prec_12,prec_13,prec_14,prec_15,st_1,st_2,st_3,st_4,st_5,st_6,st_7,st_8,st_9,st_10,st_11,st_12,st_13,st_14,st_15,11.0
LAT,23.72017,23.72017,23.72017,26.51077,26.51077,26.51077,29.30136,29.30136,29.30136,32.09194,32.09194,32.09194,34.88252,34.88252,34.88252,23.72017,23.72017,23.72017,26.51077,26.51077,26.51077,29.30136,29.30136,29.30136,32.09194,32.09194,32.09194,34.88252,34.88252,34.88252,28.30888906
LON,-101.2500,-98.43750,-95.62500,-101.2500,-98.43750,-95.62500,-101.2500,-98.43750,-95.62500,-101.2500,-98.43750,-95.62500,-101.2500,-98.43750,-95.62500,-101.2500,-98.43750,-95.62500,-101.2500,-98.43750,-95.62500,-101.2500,-98.43750,-95.62500,-101.2500,-98.43750,-95.62500,-101.2500,-98.43750,-95.62500,-98.5572384
1958 2.4296950E-08 2.7108273E-08 2.6997130E-08 2.6674545E-08 1.5996260E-08 1.2819604E-08 2.0510210E-08 1.4581440E-08 1.4677532E-08 1.7904123E-08 2.1719826E-08 2.5114632E-08 1.6978396E-08 2.4481274E-08 3.0110513E-08	287.5804 292.4826 300.0164 289.0210 295.1181 298.8466 289.6816 293.3494 293.4758 288.1939 289.1815 288.4349 283.9728 284.4604 284.1890	1774
1959 2.2893525E-08 2.2589603E-08 2.0624073E-08 2.1629235E-08 1.4130967E-08 1.3703755E-08 1.8482998E-08 1.2202416E-08 1.3650846E-08 1.5393310E-08 1.6708075E-08 2.3472793E-08 1.5606297E-08 2.0809903E-08 2.5195268E-08	288.3120 293.4514 300.2962 290.1246 296.4832 299.2044 290.8347 294.5861 294.4494 289.1674 290.1448 289.2047 285.0443 285.4011 285.1532	161.533
1960 1.9444942E-08 2.1117842E-08 2.0584702E-08 2.2028575E-08 1.4731561E-08 1.3982929E-08 1.7496417E-08 1.3669145E-08 1.7434692E-08 1.5455868E-08 2.0801535E-08 3.0805328E-08 1.9886382E-08 2.9168785E-08 3.8411859E-08	288.8696 293.9132 300.1398 290.8417 297.0341 299.0856 291.5053 295.1280 294.9601 289.5331 290.5495 289.7599 284.9492 285.3917 285.3317	543.1
1961 1.4676844E-08 2.0420476E-08 1.6383634E-08 1.3642994E-08 1.2040871E-08 9.6718793E-09 1.1690931E-08 9.0643262E-09 1.1698594E-08 1.1904731E-08 1.7290050E-08 2.3918691E-08 1.4872017E-08 2.3310180E-08 2.9293014E-08	288.7438 293.3301 299.1310 290.6993 296.4685 297.8543 291.3901 294.7915 294.3625 289.5345 290.5579 289.8063 285.2146 285.8618 285.9090	0.0966667
1962 1.2721960E-08 1.8050571E-08 1.7168706E-08 1.2618443E-08 8.4148333E-09 8.4110363E-09 8.7883434E-09 7.4595006E-09 7.6358795E-09 1.0134711E-08 1.4465071E-08 1.7746384E-08 1.2386113E-08 1.7835871E-08 2.3532747E-08	289.3771 294.2542 300.3152 291.6284 297.6049 298.9129 292.5714 296.0073 295.3886 290.8029 291.8180 290.7228 286.5252 287.1259 286.6558	28.86
1963 1.7972424E-08 2.6964756E-08 1.7086036E-08 2.1711200E-08 1.4484439E-08 1.2407331E-08 1.8346336E-08 1.5261541E-08 1.6362558E-08 1.5854829E-08 2.3720828E-08 3.1682994E-08 1.9081989E-08 2.8709898E-08 3.6827441E-08	288.7405 293.2289 299.1888 290.3345 296.2481 298.0450 290.9465 294.4237 294.2773 289.2888 290.2123 289.5394 285.3554 285.9135 285.8329	23.81
1964 1.7535783E-08 1.9163924E-08 1.7961414E-08 1.8021879E-08 1.1822402E-08 9.6954853E-09 1.3084707E-08 8.4485867E-09 9.8594963E-09 1.1249866E-08 1.1929497E-08 1.5477585E-08 1.2890542E-08 1.8542424E-08 2.0676055E-08	287.8977 292.8497 299.1652 290.2379 296.2146 298.1413 291.4518 294.8433 294.1913 290.1411 291.1380 289.9584 286.0755 286.5896 286.2141	23.5567
1965 2.7540169E-08 3.4245488E-08 2.5753428E-08 3.1600162E-08 2.1424032E-08 1.6717825E-08 2.5149147E-08 1.9325531E-08 1.9247198E-08 2.0790049E-08 2.5472437E-08 2.9069483E-08 1.9981043E-08 2.8126818E-08 3.1582221E-08	287.3857 292.1477 299.2309 288.9274 294.9004 298.1508 289.6371 293.1496 293.0464 288.3089 289.2401 288.4096 284.8173 285.2157 284.8018	16.8167
1966 1.6003618E-08 2.1167455E-08 1.5180989E-08 1.9500224E-08 1.4275674E-08 8.3832274E-09 1.7048087E-08 1.2763201E-08 1.3401345E-08 1.4452924E-08 1.8633649E-08 2.1621320E-08 1.6781357E-08 2.3586169E-08 2.6469920E-08	288.4045 293.2173 299.4862 290.3581 296.4339 298.0243 291.2052 294.8365 294.4959 289.7466 290.9379 290.1700 285.7383 286.4023 286.2695	0.0236667
1967 1.5626364E-08 2.0195971E-08 1.9829994E-08 1.8010461E-08 1.1212260E-08 9.9970707E-09 1.6185940E-08 9.3101535E-09 1.0294209E-08 1.5808153E-08 1.8963350E-08 2.0909154E-08 2.0973593E-08 2.9114839E-08 2.8795633E-08	288.5685 293.3295 298.8816 290.6671 296.6208 297.4887 291.6128 295.0791 294.7111 289.8453 290.8839 290.0693 285.4737 286.1709 286.0542	64.8
1968 2.4844592E-08 2.8950581E-08 2.1272529E-08 2.5420775E-08 1.8692312E-08 1.4694615E-08 2.1799504E-08 1.4888516E-08 1.8414212E-08 1.9762268E-08 2.1477637E-08 2.7428536E-08 2.1538632E-08 2.8092231E-08 2.9825944E-08	288.3872 293.1585 299.4590 290.1176 296.0243 298.4156 290.6018 294.1860 294.0992 288.7448 289.7117 289.0810 284.7268 285.0334 284.9742	0.995
1969 1.9574253E-08 2.2125473E-08 1.8011576E-08 2.2226626E-08 1.6068936E-08 1.3023108E-08 1.7738913E-08 1.4601079E-08 1.5013079E-08 1.5125552E-08 2.2322169E-08 2.6406999E-08 1.7541822E-08 2.4786791E-08 3.0595036E-08	288.1874 293.0831 299.2271 290.1778 296.0194 298.1260 291.1264 294.4863 294.3358 289.5678 290.5374 289.8749 285.4650 286.0565 286.0422	1180.43
1970 1.5085817E-08 1.5566878E-08 1.3640385E-08 1.3996500E-08 1.1473037E-08 1.0427816E-08 9.6976756E-09 6.8155259E-09 1.0332709E-08 1.0097492E-08 1.1889439E-08 1.5917024E-08 1.2455066E-08 1.6955884E-08 2.0300323E-08	288.9874 293.8989 299.1964 291.4404 297.3922 298.1648 292.5717 296.0924 295.3180 290.8507 291.9392 290.9535 286.3877 287.0734 286.8255	0.877333
1971 2.0931143E-08 2.1679915E-08 1.8930148E-08 2.0279940E-08 1.4756188E-08 1.1972759E-08 1.4749585E-08 1.2226729E-08 1.4797228E-08 1.2836344E-08 1.8440842E-08 2.6932607E-08 1.5692041E-08 2.1960560E-08 2.8169589E-08	288.3233 293.3431 299.6044 290.4149 296.5501 298.6375 291.2715 295.0201 294.7614 289.5452 290.7699 289.9416 285.3652 286.0053 285.8613	667.8
1972 3.0322735E-08 4.0432347E-08 3.2402532E-08 2.9693455E-08 2.6310687E-08 2.3936892E-08 2.2449671E-08 2.1993078E-08 2.4432328E-08 1.7067343E-08 2.5020867E-08 3.3218743E-08 1.4933311E-08 2.4134534E-08 3.1529321E-08	287.0363 291.9200 299.8735 288.3771 294.3572 298.8205 288.8624 292.3321 292.5509 287.5096 288.2658 287.5306 283.7556 284.1183 283.9179	1.65633
1973 1.2013368E-08 1.6097010E-08 1.4905583E-08 1.1918969E-08 6.8117685E-09 8.8523633E-09 6.9650739E-09 5.1443956E-09 8.5262091E-09 5.2435043E-09 8.3306571E-09 1.5465105E-08 7.8047435E-09 1.4052481E-08 2.1088164E-08	288.7613 293.6147 299.7245 291.3265 297.1516 298.6870 292.4754 295.8326 295.0346 290.7820 291.8276 290.6184 286.4888 287.0405 286.6162	697.633
1974 2.0554902E-08 2.2789472E-08 2.0196683E-08 1.9001034E-08 1.4176454E-08 1.2758655E-08 1.2685205E-08 1.0173099E-08 1.2264361E-08 1.1062373E-08 1.3951696E-08 1.8702153E-08 1.5465625E-08 2.0399906E-08 2.2727603E-08	288.1610 292.9901 299.1472 290.2650 296.2366 298.0193 291.3253 294.7211 294.1586 289.7497 290.6659 289.6738 285.3943 285.9643 285.8121	274.033
1975 1.4381610E-08 1.2231811E-08 1.4075056E-08 1.3320950E-08 6.5328520E-09 7.8115017E-09 8.1648714E-09 6.3139520E-09 7.4879720E-09 7.2789765E-09 9.7862944E-09 1.1825176E-08 1.0217422E-08 1.3292229E-08 1.6755109E-08	288.3553 293.4458 298.7825 290.8537 296.9401 297.7992 292.2535 295.7783 294.9046 290.8406 291.9826 290.6376 286.4800 287.0445 286.6609	151.377
1976 2.1289098E-08 2.5330204E-08 1.8979541E-08 2.3990909E-08 1.9083583E-08 1.3394748E-08 2.1762922E-08 2.0536485E-08 2.0048386E-08 1.9475419E-08 2.9854199E-08 3.3910847E-08 2.2613282E-08 3.3436184E-08 3.6391778E-08	287.7426 292.4592 298.9628 289.2430 295.1110 297.7733 289.7407 293.1915 293.3002 287.9926 288.8243 288.1663 283.7726 284.2609 284.1206	3508.93
1977 2.5819274E-08 2.7637830E-08 1.7581220E-08 2.5302674E-08 1.8049887E-08 1.3508412E-08 1.8811868E-08 1.5726760E-08 1.7120810E-08 1.5033470E-08 2.0380801E-08 2.8407287E-08 1.7618175E-08 2.5876863E-08 3.0687026E-08	288.0963 293.1613 299.3435 290.1463 296.1537 298.2012 291.0256 294.5028 294.1183 289.4108 290.3781 289.4954 285.2489 285.8510 285.7785	3.53333
1978 1.7798284E-08 2.3787100E-08 1.8924137E-08 2.1878774E-08 1.6672802E-08 1.2552476E-08 1.7696136E-08 1.2981515E-08 1.4237659E-08 1.3932005E-08 1.9528382E-08 2.5687756E-08 1.5223591E-08 2.3976146E-08 3.2420832E-08	288.1776 292.8506 299.4663 289.9428 295.8085 298.2482 290.5385 294.0416 293.7452 288.7758 289.7245 288.8588 284.6225 284.9434 284.6161	0.465
1979 2.2719590E-08 2.4614177E-08 1.8744593E-08 2.2013165E-08 1.5604508E-08 1.2131366E-08 1.5922552E-08 1.4506201E-08 1.4032986E-08 1.2157496E-08 1.6459200E-08 2.1881885E-08 1.3816162E-08 1.9443883E-08 2.3207928E-08	287.3696 292.2436 299.2882 289.2020 295.2724 298.0742 290.0482 293.5582 293.2379 288.6391 289.5447 288.5166 284.6958 285.1393 284.8349	0.00166667
1980 2.5732188E-08 2.6922644E-08 2.2413408E-08 2.6511053E-08 1.6961756E-08 1.3221478E-08 1.9533301E-08 1.4170094E-08 1.3696663E-08 1.8498191E-08 2.1547821E-08 2.3783452E-08 2.3184871E-08 3.1369332E-08 2.9222784E-08	287.9054 292.5909 299.4109 289.5734 295.6053 298.3373 290.3158 293.9394 293.7872 288.7707 289.9522 289.1833 284.7606 285.4250 285.2651	0.376333
1981 1.7809768E-08 2.0803810E-08 1.7663861E-08 1.9497842E-08 1.4981927E-08 1.1073585E-08 1.4546751E-08 1.1822126E-08 1.2781797E-08 1.2796944E-08 1.7715299E-08 1.9755191E-08 1.6739266E-08 2.1817721E-08 2.4203965E-08	288.1180 292.8410 299.2104 290.0715 295.9022 297.9036 290.9590 294.4799 294.1740 289.4587 290.5323 289.6807 285.3960 285.9349 285.6703	449
1982 3.2022925E-08 3.7782630E-08 2.3074790E-08 3.3802511E-08 2.4853193E-08 2.0368809E-08 2.7561120E-08 2.3140357E-08 2.4123267E-08 2.4117444E-08 3.0194563E-08 3.6560202E-08 2.5356572E-08 3.3407083E-08 3.7276049E-08	286.9761 291.9327 299.2879 288.2353 294.4868 298.4913 288.7170 292.4433 292.7393 287.1895 288.0351 287.4145 283.5567 283.9418 283.6780	1.89667
1983 1.0836281E-08 1.4530462E-08 1.2274839E-08 1.2292297E-08 8.2419236E-09 7.6317184E-09 1.1287581E-08 7.2007893E-09 8.5904714E-09 9.6713952E-09 1.3152174E-08 1.9204236E-08 1.4674816E-08 2.0809225E-08 2.3528342E-08	289.6008 293.9951 299.2533 291.7887 297.4153 297.7599 292.4760 295.7959 295.0705 290.5365 291.6434 290.7787 286.2159 286.8653 286.7315	58.16
1984 2.3113760E-08 2.7396862E-08 1.6277006E-08 2.1827590E-08 1.5821220E-08 1.2058290E-08 1.5723584E-08 9.8327595E-09 1.3900615E-08 1.1647085E-08 1.6332876E-08 2.0540556E-08 1.5498291E-08 2.3451925E-08 2.4522546E-08	288.2047 292.8581 298.8036 290.4761 296.2466 297.7135 291.4523 295.0598 294.7007 289.7651 290.9995 290.3984 285.6964 286.5317 286.6534	168.92
1985 1.8799588E-08 2.1546994E-08 1.9126313E-08 2.0379860E-08 1.3716165E-08 1.2165858E-08 1.3397170E-08 9.6692006E-09 1.5913610E-08 1.1841955E-08 1.5668657E-08 2.2778828E-08 1.7563490E-08 2.3138472E-08 2.6400949E-08	288.4038 293.2943 299.7785 290.3776 296.3365 298.5587 291.2445 294.6851 294.3081 289.6273 290.7151 289.7580 285.2984 285.9854 285.8721	1401.57
1986 3.5612583E-08 3.7431672E-08 2.3094742E-08 3.6183152E-08 2.7442784E-08 1.8198968E-08 2.7942631E-08 2.3391399E-08 2.5001148E-08 2.1828644E-08 2.7248856E-08 3.6172345E-08 2.1063597E-08 2.7492675E-08 3.4706783E-08	287.1128 292.2271 299.5152 288.7081 294.8010 298.4979 289.2619 292.9528 293.2070 287.8857 288.7801 288.1590 284.1870 284.7468 284.5666	286.5
1987 3.1021532E-08 3.2620601E-08 2.5226935E-08 2.8415949E-08 1.8377825E-08 1.7308132E-08 1.9184228E-08 1.6066203E-08 2.0724485E-08 1.4980229E-08 1.9141973E-08 2.9564871E-08 1.7508681E-08 2.3763670E-08 3.1807939E-08	287.1894 291.9377 299.4248 288.8487 294.6404 298.2895 289.4827 292.9112 292.8318 288.1187 289.0692 288.2432 284.3951 285.0063 284.7271	150.467
1988 1.2686477E-08 1.4708704E-08 1.0503258E-08 1.4346766E-08 9.9789039E-09 8.0580023E-09 1.1952713E-08 8.5684961E-09 1.0596455E-08 9.0461088E-09 1.4632779E-08 1.7546322E-08 1.2743201E-08 1.9566897E-08 2.1537073E-08	288.8289 293.4373 298.2810 291.3347 297.0495 297.6777 292.3611 295.5996 294.8090 290.7221 291.6963 290.6075 286.6255 287.2445 286.9649	93.0427
1989 2.2151220E-08 3.1659845E-08 1.4231229E-08 2.3370889E-08 2.0457806E-08 1.2883723E-08 1.8174429E-08 1.3821804E-08 1.5565789E-08 1.8497390E-08 2.2010079E-08 2.5253190E-08 1.9197600E-08 2.6582411E-08 3.0962312E-08	289.1227 293.8453 298.6425 290.8410 296.7346 297.5621 291.2090 294.9073 294.6388 288.9979 290.1672 289.5056 284.6548 285.2426 285.2507	19.5533
1990 3.2324778E-08 3.7076731E-08 2.2160171E-08 3.1004937E-08 2.6179428E-08 1.6975070E-08 2.5013625E-08 1.9447029E-08 2.0182071E-08 1.8807455E-08 2.5823747E-08 3.2941180E-08 1.8438284E-08 2.8502921E-08 3.5459966E-08	287.8382 292.8333 299.4559 289.6372 295.6293 298.4916 290.3112 293.9781 294.0843 288.7221 289.7376 289.0818 284.6639 285.2520 285.0713	24.0367
1991 3.0462637E-08 3.6906940E-08 2.5547989E-08 2.7629532E-08 2.4471190E-08 1.7399568E-08 2.2586075E-08 2.0447629E-08 2.3477435E-08 2.0811816E-08 2.7713241E-08 3.4339266E-08 2.4205299E-08 3.0823042E-08 3.5287911E-08	286.5566 291.6374 299.0302 288.6086 294.5937 297.7560 289.7125 293.2907 293.0545 288.3673 289.2437 288.4236 284.5034 285.0181 284.8195	57.4
1992 3.7943529E-08 3.7034741E-08 2.8419784E-08 3.0822470E-08 2.1142526E-08 1.6949585E-08 1.8885245E-08 1.4952120E-08 1.7211114E-08 1.7108489E-08 2.0456246E-08 2.4226246E-08 1.9726940E-08 2.4985944E-08 2.8139196E-08	286.5383 291.2442 298.7068 288.0126 293.8072 297.8673 288.7099 292.1819 292.2310 287.3642 288.2986 287.5934 283.5523 283.8943 283.6479	69.6
1993 3.0757377E-08 3.6979255E-08 2.5310838E-08 2.8309037E-08 2.2460359E-08 1.5998305E-08 1.8855493E-08 1.7746940E-08 1.9779423E-08 1.4974505E-08 2.0450280E-08 2.8505793E-08 1.5895381E-08 2.3034445E-08 3.0200031E-08	287.5638 292.3042 299.4092 289.1200 295.0368 298.3732 289.6234 293.1491 293.0841 288.0901 288.8913 287.9930 284.1845 284.4052 283.9734	0
1994 3.6959172E-08 3.7849446E-08 2.4283743E-08 3.0951952E-08 2.3081808E-08 1.7877470E-08 1.7206483E-08 1.4596867E-08 1.9416603E-08 1.4246654E-08 1.7634472E-08 2.5889952E-08 1.6391747E-08 2.4383677E-08 3.1272325E-08	287.5310 292.4284 299.1055 289.2987 295.1681 297.9639 290.2852 293.7814 293.4977 289.0094 289.9013 288.9483 285.0081 285.4771 285.2493	30.7523
1995 1.9938714E-08 2.1348859E-08 1.3642101E-08 2.1555314E-08 1.3068922E-08 9.0178869E-09 1.6766229E-08 1.0759422E-08 1.0949809E-08 1.1343522E-08 1.4939411E-08 1.9036973E-08 1.1009333E-08 1.7442794E-08 2.1860876E-08	288.2869 292.8522 298.8675 290.2746 296.0425 298.1561 291.1946 294.5551 293.9669 289.7845 290.7055 289.5514 286.0243 286.4841 286.0725	321.267
1996 2.4128852E-08 2.4641679E-08 1.8189885E-08 2.5426983E-08 1.5876328E-08 1.1265143E-08 2.2244560E-08 1.3298698E-08 1.4060873E-08 1.8168697E-08 1.8880165E-08 2.2851415E-08 2.0197117E-08 2.2667090E-08 2.6837476E-08	287.6946 292.5636 299.0898 289.6494 295.6648 297.6516 290.5647 294.1640 293.7951 289.1470 290.3132 289.4130 285.3429 285.9846 285.7278	599.433
1997 2.2151978E-08 2.6527651E-08 1.7785494E-08 2.1336659E-08 1.7728269E-08 1.3856180E-08 1.8117429E-08 1.8051422E-08 2.1505075E-08 1.7479277E-08 2.5990856E-08 3.1909064E-08 1.9746494E-08 2.8067735E-08 3.2617351E-08	287.4612 292.2809 298.9859 288.9081 294.7977 297.7056 289.3148 292.5959 292.3715 287.8291 288.2511 287.2973 284.0611 284.0647 283.6738	30.7
1998 1.3851956E-08 1.6913713E-08 1.2926168E-08 1.3649309E-08 8.9251539E-09 7.8294500E-09 1.0425732E-08 7.4480471E-09 9.5015285E-09 9.8505000E-09 1.2807524E-08 1.7547670E-08 1.3102451E-08 1.6530967E-08 2.0219064E-08	289.3678 293.7096 299.6164 291.4651 297.0764 298.6360 292.3740 295.5500 294.6994 290.7264 291.5610 290.2824 286.4014 286.9291 286.5169	597.667
1999 1.5681044E-08 1.6752480E-08 1.2485260E-08 1.6473166E-08 9.0731955E-09 7.7526252E-09 1.2573797E-08 7.7210709E-09 8.2494420E-09 1.0211022E-08 1.3055887E-08 1.5389476E-08 1.0204747E-08 1.7461932E-08 1.9689569E-08	288.9662 293.7273 299.0049 291.4156 297.3311 297.9125 292.6918 296.1691 295.4612 291.2017 292.3865 291.4373 287.0897 287.8959 287.7843	5.70333
2000 1.6479090E-08 1.6596248E-08 1.2879005E-08 1.7843359E-08 1.0733817E-08 8.4479037E-09 1.5262955E-08 8.2874170E-09 9.8914024E-09 1.5576505E-08 1.5968830E-08 1.7341129E-08 1.8510892E-08 2.6773257E-08 2.8834700E-08	289.0658 293.6342 298.8746 291.1144 296.8749 297.9556 291.8265 295.3767 294.8616 290.0593 291.2190 290.4055 285.7468 286.4574 286.3575	577.201
2001 2.8074570E-08 2.8175545E-08 1.9636371E-08 2.9706056E-08 1.8806251E-08 1.3715898E-08 2.2296609E-08 1.7191343E-08 1.7562998E-08 1.5323852E-08 1.7693029E-08 2.5278261E-08 1.6577850E-08 2.2169438E-08 2.4755668E-08	287.3083 292.2376 299.1304 289.1889 295.1453 297.8291 290.2359 293.6632 293.6020 289.2642 290.0279 288.9987 285.6524 285.9639 285.5153	1442.23
2002 3.3632883E-08 3.9205293E-08 2.7340450E-08 3.1669281E-08 2.3964999E-08 1.8533029E-08 2.3896712E-08 1.7778460E-08 2.5493952E-08 2.0742139E-08 2.4534867E-08 3.3902143E-08 2.3116305E-08 2.9636247E-08 3.5465185E-08	287.8778 292.6921 299.7152 289.3871 295.3405 298.3062 289.8485 293.5654 293.4454 288.3071 289.4266 288.6488 284.5586 285.2888 285.1168	1586.2
2003 1.7490580E-08 1.9644270E-08 1.3097586E-08 2.0235522E-08 1.2258459E-08 8.1728224E-09 1.7902437E-08 1.2303911E-08 1.1819009E-08 1.8887166E-08 2.1699289E-08 2.1850008E-08 2.2224539E-08 2.5351820E-08 2.8107452E-08	289.2856 293.8437 299.5394 291.1096 296.9204 298.1587 291.9351 295.3522 294.8812 290.4027 291.3864 290.5158 286.2983 286.9335 286.7202	181.767
2004 2.9055158E-08 3.7141948E-08 2.3868481E-08 2.7880953E-08 2.4165850E-08 1.8106428E-08 2.0680494E-08 1.9230507E-08 2.2365334E-08 1.8253848E-08 2.4764264E-08 3.1128177E-08 2.0946898E-08 3.0024911E-08 3.4135770E-08	288.3040 292.8985 300.0667 289.4953 295.3677 298.9560 289.7879 293.2838 293.4696 288.0268 288.9413 288.3687 283.9387 284.4659 284.3796	445.3
2005 1.5946247E-08 2.2749301E-08 1.8198349E-08 1.8810104E-08 1.5064861E-08 1.2372060E-08 1.4079352E-08 1.2380571E-08 1.4012911E-08 1.2746469E-08 1.6735180E-08 2.1911488E-08 1.7449352E-08 2.2708427E-08 2.5976686E-08	288.9541 293.8622 300.0779 291.0853 297.1517 299.0351 292.0161 295.4997 295.1271 290.3558 291.4563 290.6234 286.2912 286.9255 286.7453	6.47867
2006 2.5981285E-08 2.9555887E-08 2.3011202E-08 2.9441107E-08 1.8449656E-08 1.4411620E-08 2.0352235E-08 1.4759402E-08 1.5617786E-08 1.9408521E-08 2.4128537E-08 3.0823671E-08 2.1634868E-08 3.0765456E-08 3.6405677E-08	289.0872 293.6533 300.0775 290.5477 296.4026 298.8178 290.9448 294.5199 294.5410 289.0164 290.0565 289.3772 284.8094 285.4168 285.1908	0.0903333
2007 1.8471086E-08 2.1686912E-08 1.7893758E-08 1.7460076E-08 1.2668807E-08 1.2217400E-08 1.3460896E-08 1.0488264E-08 1.4974455E-08 1.1609161E-08 1.6277424E-08 2.4412236E-08 1.4238638E-08 2.1454015E-08 2.8285944E-08	289.5038 294.3758 299.9105 291.6567 297.6483 299.0784 292.5540 296.2141 295.6860 290.8064 292.1795 291.3013 286.4910 287.4132 287.2776	137.1
2008 1.6115061E-08 1.9675982E-08 1.2882327E-08 1.6013518E-08 1.0870934E-08 8.6273744E-09 1.1393842E-08 8.7824175E-09 1.1673342E-08 7.6431110E-09 1.2510228E-08 1.9099785E-08 9.0303178E-09 1.6625206E-08 2.3946841E-08	289.1985 293.8583 299.2098 291.4451 297.0874 297.9613 292.2352 295.4257 294.6014 290.4200 291.2736 290.1538 286.2172 286.8708 286.5343	0.056
2009 2.8268106E-08 3.1722983E-08 2.9067035E-08 2.8205955E-08 2.2085393E-08 1.8767299E-08 2.4803148E-08 2.0966539E-08 2.2757380E-08 2.1947336E-08 2.8731833E-08 3.4950641E-08 2.2939107E-08 3.3076407E-08 3.8624261E-08	288.0999 292.6437 300.0735 289.2366 295.1151 298.9028 289.4602 292.9365 293.0294 287.7207 288.3680 287.6587 283.7186 283.9034 283.6541	8.25467
2010 5.1332947E-09 7.4560029E-09 8.2443137E-09 6.3432548E-09 3.2047922E-09 5.2346785E-09 4.8301820E-09 1.9624495E-09 2.7702276E-09 4.0174726E-09 4.5279536E-09 6.3627517E-09 6.9787189E-09 9.7068513E-09 1.1695136E-08	289.9696 294.1600 299.0738 292.3294 297.8359 298.2250 293.4383 296.6846 295.6521 291.7602 293.0020 291.9308 287.4753 288.3916 288.1271	0
2011 9.5640704E-09 1.3395315E-08 1.0216945E-08 1.2127761E-08 6.5192127E-09 6.6975683E-09 1.1042538E-08 6.8367059E-09 7.1476030E-09 1.0209923E-08 1.3525597E-08 1.4819314E-08 1.1141466E-08 1.7022963E-08 2.1414753E-08	289.5110 293.9286 299.7553 291.4442 297.2727 298.7595 292.2458 295.6038 294.8973 290.4401 291.4976 290.5510 286.1927 286.8839 286.7272	0.670333
2012 2.1435881E-08 2.4271351E-08 2.2457501E-08 2.2829511E-08 1.3389544E-08 1.2862254E-08 1.8445538E-08 1.2941313E-08 1.7188006E-08 1.7885567E-08 2.2797476E-08 3.1790947E-08 1.8091788E-08 2.8379747E-08 3.5420957E-08	288.7227 293.2364 300.1579 290.2953 296.1162 298.9383 290.8131 294.1303 293.8575 288.8287 289.5982 288.6829 284.5126 284.8397 284.5865	7.15
2013 2.1241716E-08 2.2348082E-08 1.8694260E-08 2.1340663E-08 1.4641086E-08 1.2151437E-08 1.7063817E-08 1.1543014E-08 1.3128749E-08 1.4937344E-08 1.8655049E-08 2.4058771E-08 1.9100057E-08 2.5368285E-08 2.9362601E-08	288.6701 293.4675 299.6950 290.6893 296.7007 298.7859 291.5301 295.0959 294.8396 289.8099 290.8893 289.9916 285.6171 286.3102 286.1783	74.62
2014 2.8927611E-08 3.0515061E-08 2.2355151E-08 2.9479823E-08 1.9330411E-08 1.3394297E-08 2.5069571E-08 1.6825997E-08 1.4754802E-08 2.1538408E-08 2.4189182E-08 2.6921317E-08 2.3728040E-08 2.9433631E-08 3.0727765E-08	288.1994 293.0184 300.0446 289.9802 295.9873 298.8712 290.7093 294.2436 294.1274 289.3387 290.2029 289.3959 285.6203 286.0937 285.8429	0
2015 3.4379617E-08 3.9348969E-08 3.7037971E-08 3.8214299E-08 2.8643866E-08 2.6743155E-08 2.7019480E-08 2.4248186E-08 2.8241576E-08 2.2193882E-08 2.8381187E-08 3.9443549E-08 2.3360155E-08 3.1607854E-08 3.8528757E-08  287.1580 291.8506 300.0926 288.0260 294.0443 298.8763 288.5132 291.9472 292.4241 287.4878 288.1161 287.3063 284.0539 284.2780 283.9215  79.59
