STN,prec_1,prec_2,prec_3,prec_4,prec_5,prec_6,prec_7,prec_8,prec_9,prec_10,prec_11,prec_12,prec_13,prec_14,prec_15,st_1,st_2,st_3,st_4,st_5,st_6,st_7,st_8,st_9,st_10,st_11,st_12,st_13,st_14,st_15,10.0
LAT,23.72017,23.72017,23.72017,26.51077,26.51077,26.51077,29.30136,29.30136,29.30136,32.09194,32.09194,32.09194,34.88252,34.88252,34.88252,23.72017,23.72017,23.72017,26.51077,26.51077,26.51077,29.30136,29.30136,29.30136,32.09194,32.09194,32.09194,34.88252,34.88252,34.88252,28.30888906
LON,-101.2500,-98.43750,-95.62500,-101.2500,-98.43750,-95.62500,-101.2500,-98.43750,-95.62500,-101.2500,-98.43750,-95.62500,-101.2500,-98.43750,-95.62500,-101.2500,-98.43750,-95.62500,-101.2500,-98.43750,-95.62500,-101.2500,-98.43750,-95.62500,-101.2500,-98.43750,-95.62500,-101.2500,-98.43750,-95.62500,-98.5572384
1958 2.0998991E-08 2.0401368E-08 2.6040789E-08 2.1043377E-08 1.0113467E-08 1.0937145E-08 1.6785572E-08 7.1110877E-09 1.1305684E-08 1.2363584E-08 1.1166638E-08 1.3910444E-08 1.5311274E-08 1.8407151E-08 1.8921394E-08	291.3436 296.5599 301.6943 294.5988 301.5193 300.7617 297.3616 301.2351 300.2178 297.5169 298.6817 297.4507 294.3407 295.3291 295.0940	2479.42
1959 2.5335071E-08 1.8687638E-08 2.6770371E-08 2.3632269E-08 1.0546405E-08 1.3527016E-08 1.9514587E-08 8.3178042E-09 9.0627035E-09 1.9352141E-08 1.3889335E-08 1.3527444E-08 2.5867138E-08 2.4457570E-08 1.9643437E-08	291.2437 296.6662 301.8683 294.4445 301.4315 300.9358 297.2531 301.1443 300.2210 297.3505 298.5430 297.3222 294.1873 295.1945 294.9330	4213.03
1960 1.9626034E-08 1.7948118E-08 2.4446118E-08 1.6321406E-08 8.9501491E-09 1.2673025E-08 1.0257170E-08 5.8621308E-09 1.2483138E-08 9.5336636E-09 9.6376107E-09 1.3846180E-08 1.2948605E-08 1.5766219E-08 1.6536823E-08	291.4443 296.7802 301.2982 294.9745 301.8278 300.7355 298.0521 301.6831 300.2498 298.0732 299.1229 297.6176 294.8133 295.5881 295.2469	439.152
1961 1.3565678E-08 1.0270304E-08 1.7098920E-08 1.1439840E-08 5.6916325E-09 5.9827103E-09 8.6170990E-09 3.8221266E-09 4.8177622E-09 6.8838686E-09 6.1350138E-09 6.8839041E-09 8.4456770E-09 1.0581548E-08 9.2807895E-09	291.5178 296.7217 300.8763 295.0706 301.5561 299.8972 298.1584 301.4264 299.9283 298.2807 299.2396 297.4969 295.3920 296.3912 295.7961	0.3
1962 2.0037188E-08 1.9292067E-08 2.9079652E-08 1.8982318E-08 1.1272531E-08 1.3654164E-08 1.2885975E-08 7.8841724E-09 1.2774692E-08 9.6866328E-09 1.0785464E-08 1.5511789E-08 1.2065042E-08 1.3871922E-08 1.4428712E-08	291.6996 297.1041 301.6950 295.1930 301.8407 300.6506 298.2449 301.5079 299.9753 298.4028 299.1489 297.2412 295.3669 296.0284 295.3984	1.55806
1963 1.6905032E-08 1.4053601E-08 1.6200120E-08 1.4571746E-08 8.5704075E-09 8.5970688E-09 1.2646906E-08 8.2534006E-09 9.1020169E-09 1.1206306E-08 1.2911418E-08 1.6915326E-08 1.6252477E-08 1.9929832E-08 2.0051814E-08	291.9825 297.2481 301.4491 295.5504 302.1115 300.5825 298.3057 301.7960 300.5855 298.0597 299.1201 297.8811 294.5514 295.6219 295.4903	0.248387
1964 1.6158674E-08 1.4814517E-08 2.6672531E-08 1.5072713E-08 6.9139134E-09 1.3746978E-08 1.0624301E-08 4.7370152E-09 1.1334784E-08 9.2160697E-09 8.0142772E-09 1.1757463E-08 1.5295672E-08 1.3410573E-08 1.5687752E-08	291.3977 296.5261 301.4334 294.7520 301.6690 300.5682 297.7635 301.4891 300.0619 297.8354 299.0368 297.6158 294.5918 295.6762 295.4057	3627.81
1965 2.2498094E-08 1.8776891E-08 2.0015158E-08 2.0295646E-08 1.0762515E-08 1.2100389E-08 1.5321444E-08 9.5670334E-09 1.2701141E-08 1.3364128E-08 1.5399459E-08 1.6769194E-08 1.6310054E-08 1.8913164E-08 1.9054347E-08	291.2358 296.4423 301.0712 294.6281 301.2597 300.1917 297.2201 300.8296 299.5631 296.7972 298.0381 296.6803 293.6031 294.7234 294.3640	45.971
1966 1.5433564E-08 1.4783904E-08 2.1886743E-08 1.2806433E-08 6.7989250E-09 9.1677395E-09 1.0275817E-08 5.1486033E-09 8.5916687E-09 9.0677803E-09 9.4400860E-09 1.1017925E-08 1.3081960E-08 1.5057745E-08 1.5907263E-08	291.9277 296.9696 301.3075 295.2182 301.9875 300.2576 298.1575 301.7878 300.2726 298.1725 299.3722 297.8712 295.0771 296.1275 295.6279	15.2329
1967 1.8280979E-08 1.6709913E-08 2.0808042E-08 1.5342041E-08 9.0004084E-09 1.0420306E-08 9.5875849E-09 4.8495696E-09 9.5227843E-09 7.4459399E-09 7.2601374E-09 1.0789552E-08 1.1095780E-08 1.2092062E-08 1.3173572E-08	291.0697 296.3596 300.7141 294.5920 301.2210 299.7102 297.8753 301.3574 300.0727 298.2716 299.4523 298.0373 295.3716 296.5184 296.0460	1013.45
1968 1.6133894E-08 1.5496378E-08 1.8106460E-08 1.3000176E-08 7.2468622E-09 1.0370449E-08 1.0355674E-08 5.7767298E-09 7.5140045E-09 1.2192101E-08 8.9805212E-09 1.0584792E-08 1.8497733E-08 1.8171885E-08 1.5568222E-08	292.1286 297.1718 301.0993 295.6076 302.1977 300.1683 298.3844 301.8510 300.6140 298.2433 299.5144 298.2643 295.0918 296.2430 296.1357	179.455
1969 1.9362002E-08 1.5433150E-08 1.7910395E-08 1.5212922E-08 8.4487031E-09 1.1093270E-08 1.1236968E-08 4.7134350E-09 8.2710345E-09 9.8428341E-09 8.6734788E-09 1.0507089E-08 1.4185596E-08 1.3645469E-08 1.2340832E-08	291.5810 296.8027 301.3292 295.3690 301.9560 300.5675 298.3560 301.8270 300.2209 298.3094 299.4139 297.8726 295.2556 296.3042 295.9950	1210.26
1970 2.2964766E-08 1.7911777E-08 2.4340165E-08 2.0348494E-08 1.0998746E-08 1.2574338E-08 1.3983708E-08 7.9197298E-09 1.1259539E-08 9.4662189E-09 1.0553147E-08 1.2992203E-08 1.0552315E-08 1.3087081E-08 1.4796550E-08	291.0668 296.4851 301.1790 294.4220 301.3342 300.3447 297.5299 301.2120 299.7522 297.7762 298.8647 297.1052 294.7926 295.6549 294.9579	389.71
1971 1.4840200E-08 1.3486003E-08 2.1953182E-08 1.1559734E-08 6.2980434E-09 1.0130266E-08 1.0772801E-08 4.3110306E-09 6.5671477E-09 9.7415844E-09 7.8393034E-09 7.3350246E-09 1.1452505E-08 1.3488862E-08 1.2818320E-08	291.2597 296.3575 300.8185 294.6657 301.4895 300.1139 297.6150 301.3004 300.0757 297.6375 298.7713 297.4713 294.2419 295.1698 294.7692	11247.5
1972 2.3410097E-08 2.4907623E-08 2.6147562E-08 2.2855192E-08 1.3642776E-08 1.4725718E-08 2.1355905E-08 9.6587209E-09 1.3054980E-08 2.0319238E-08 1.5839241E-08 1.8742146E-08 2.3596442E-08 2.6618082E-08 2.6433787E-08	291.6018 296.5730 301.0376 294.7192 301.5297 300.3430 297.2775 301.2546 300.2289 296.8007 298.2442 297.2061 293.1678 294.3453 294.2658	86.029
1973 1.8881607E-08 1.6445318E-08 2.1150528E-08 1.7446469E-08 9.2675689E-09 1.3892279E-08 1.0765081E-08 5.6213096E-09 1.4826602E-08 7.5645294E-09 1.0155702E-08 1.5032212E-08 1.0832213E-08 1.3490514E-08 1.6961028E-08	291.6716 296.9965 301.0552 295.2056 301.8923 300.2822 298.2631 301.6463 299.9466 298.1171 299.0482 297.3001 294.6938 295.6199 294.9910	6132.58
1974 2.0079115E-08 1.7531560E-08 2.2918847E-08 1.6396530E-08 9.9206066E-09 1.2621378E-08 1.1395428E-08 5.4915330E-09 1.0627057E-08 8.2730169E-09 7.7533970E-09 9.9923678E-09 1.0655708E-08 1.1443837E-08 1.2885941E-08	291.2245 296.5574 300.6733 294.9270 301.5181 299.8761 298.0461 301.5557 299.9326 298.0375 299.1779 297.5770 294.6866 295.8511 295.4660	37.4194
1975 2.3183526E-08 1.5024575E-08 1.7428398E-08 2.1959432E-08 9.9047224E-09 1.0062297E-08 1.5773859E-08 6.0518941E-09 1.0906303E-08 1.2873398E-08 1.2703508E-08 1.5653779E-08 1.5371384E-08 2.1203336E-08 2.1759259E-08	291.0948 296.5929 300.4754 294.4929 301.6244 299.7537 297.3142 301.3331 299.8887 297.2839 298.3555 296.6441 294.0633 294.6467 294.1366	103.339
1976 2.0126029E-08 1.6149469E-08 2.1792118E-08 2.1301339E-08 9.1808854E-09 1.1280750E-08 1.9405149E-08 6.7872259E-09 9.9869766E-09 1.7047570E-08 1.4597466E-08 1.5481973E-08 1.8533907E-08 2.0537508E-08 1.9331431E-08	291.2868 296.5935 301.0600 294.3945 301.5866 300.1377 296.9726 301.1257 300.1526 296.9274 298.3439 297.1979 293.7566 294.8281 294.6206	1403.81
1977 2.1786065E-08 1.7707070E-08 1.7623382E-08 2.1902535E-08 1.1862300E-08 1.1262134E-08 1.9012825E-08 1.0378478E-08 1.1239448E-08 1.6079161E-08 1.4812644E-08 1.5811352E-08 1.8628597E-08 2.1045013E-08 2.0183778E-08	291.2107 296.7104 301.1147 294.5854 301.5719 300.1721 297.3605 301.1870 300.0154 297.2808 298.5889 297.2149 294.2780 295.4221 295.1411	33.3548
1978 2.1608111E-08 1.6353610E-08 2.1426436E-08 1.8756179E-08 1.0109113E-08 1.3219573E-08 1.5598234E-08 7.8712397E-09 1.3147920E-08 1.2807728E-08 1.2762607E-08 1.6408141E-08 1.4024553E-08 1.7347045E-08 1.9403210E-08	291.4783 296.9375 301.3850 295.0146 301.8904 300.5170 297.8457 301.6210 300.3111 297.9154 299.1621 297.7773 294.8983 295.9141 295.5412	13.5894
1979 2.1736065E-08 1.7957866E-08 1.2949950E-08 2.0241334E-08 1.2051358E-08 1.0711701E-08 1.4393809E-08 6.6727441E-09 1.1467084E-08 1.0591831E-08 1.0127441E-08 1.3308438E-08 1.3784806E-08 1.7993040E-08 1.7970541E-08	291.3225 296.5787 300.4531 294.7725 301.4672 299.6960 297.5523 301.1766 299.7589 297.6141 298.8100 297.3742 294.7069 295.7816 295.4917	0.0293548
1980 1.6833473E-08 1.3231540E-08 2.0540847E-08 1.3891897E-08 7.1154100E-09 1.2975121E-08 9.5308321E-09 5.6803340E-09 9.1717949E-09 9.0224521E-09 7.2155251E-09 1.0338617E-08 1.3296947E-08 1.2371268E-08 1.2875731E-08	291.8387 297.0317 301.2436 295.4899 302.1445 300.6150 298.5900 301.9465 300.3846 298.6688 299.7672 298.0886 295.4035 296.4900 295.9887	0.765161
1981 2.4210591E-08 2.1260407E-08 2.3269344E-08 2.0572674E-08 1.1737684E-08 1.1245478E-08 1.4671992E-08 7.3336035E-09 9.9059410E-09 1.1312863E-08 1.0523707E-08 1.2850410E-08 1.4766085E-08 1.6831628E-08 1.6124842E-08	290.9635 296.2220 300.7788 294.4991 301.2688 299.8708 297.4402 301.1726 299.9231 297.6503 298.6438 297.1412 294.6723 295.4943 294.9839	1142.42
1982 3.0659841E-08 2.8324843E-08 2.3332742E-08 2.8353089E-08 1.9792720E-08 1.7302717E-08 2.2361546E-08 1.3543823E-08 1.7491111E-08 1.8439241E-08 1.7678015E-08 2.1332919E-08 2.3945827E-08 2.4744512E-08 2.6446562E-08	290.8077 296.2120 300.7569 294.1357 301.0517 300.3801 296.7208 300.7096 299.6811 296.4058 297.7138 296.5752 293.1162 294.2717 294.0383	202.269
1983 1.5617308E-08 1.2620438E-08 1.4004247E-08 1.5475335E-08 7.9757907E-09 8.5388034E-09 1.2606754E-08 4.0899648E-09 5.9088463E-09 1.2895869E-08 8.7454577E-09 7.8331635E-09 1.4313504E-08 1.4529181E-08 1.3000657E-08	291.9651 296.9256 301.0598 295.4357 302.0047 300.0442 298.1714 301.7822 300.2888 297.9838 299.2245 297.9501 295.1235 296.1940 295.9058	82.1968
1984 1.6665457E-08 1.3791466E-08 1.0504749E-08 1.3486053E-08 7.5755038E-09 8.8888168E-09 1.1063805E-08 5.4012070E-09 9.1210328E-09 8.5130694E-09 8.5676195E-09 1.1544076E-08 9.2087635E-09 1.3085170E-08 1.5378614E-08	291.2460 296.3944 300.0118 294.9818 301.6317 299.4267 297.9429 301.5718 300.1745 297.9631 299.3664 298.1452 294.9492 296.3463 296.2016	902.806
1985 2.2040364E-08 2.2161275E-08 3.1457901E-08 1.9743037E-08 1.1612176E-08 1.9242576E-08 1.5175532E-08 9.3989261E-09 1.6617278E-08 1.3160563E-08 1.5492271E-08 1.7613182E-08 1.5571587E-08 2.0838900E-08 2.2574667E-08	291.3281 296.6463 301.4663 294.8185 301.6895 300.6586 297.7175 301.3645 300.0750 297.7439 298.8117 297.4532 294.5219 295.5023 295.0415	1483.51
1986 3.1701699E-08 2.5024949E-08 1.9443235E-08 3.1294661E-08 1.8639804E-08 1.7452729E-08 2.8818119E-08 1.5707224E-08 2.1574170E-08 2.4791728E-08 2.3315419E-08 2.5343761E-08 2.8277034E-08 2.9309088E-08 2.8478841E-08	290.8632 296.5043 300.9514 294.0550 301.3907 300.2149 296.4977 300.8829 299.9671 296.3245 297.8134 297.0157 293.3453 294.6740 294.7318	774.662
1987 2.4382624E-08 2.5070266E-08 1.9158211E-08 2.7309781E-08 1.6204091E-08 1.3420368E-08 2.2239275E-08 1.3169322E-08 1.6324075E-08 2.1165363E-08 2.0382453E-08 2.1689123E-08 2.5294446E-08 2.8339558E-08 2.6261914E-08	291.2491 296.5654 301.3975 294.3690 301.3907 300.5365 296.8294 300.8165 299.6011 296.4388 297.7404 296.4566 293.4540 294.4611 294.1821	247.387
1988 1.4326291E-08 1.2156433E-08 1.4856874E-08 1.2329475E-08 6.2428280E-09 8.2252010E-09 8.3235001E-09 3.5471515E-09 7.4763227E-09 7.2406410E-09 5.4165139E-09 7.4869986E-09 9.4311456E-09 1.0091242E-08 9.9111759E-09	291.4380 296.4030 300.1702 295.2052 301.6677 299.4447 298.2818 301.5368 299.9720 298.3304 299.4050 297.7810 295.5179 296.6425 296.2235	21.4023
1989 1.3230927E-08 1.1727578E-08 1.4648594E-08 1.2659861E-08 5.2433831E-09 9.8044515E-09 9.9064401E-09 3.6250751E-09 7.2956428E-09 8.3089287E-09 6.7680932E-09 8.0324991E-09 1.1620837E-08 1.2092421E-08 1.0932419E-08	292.1520 297.0923 301.1500 295.5361 302.2049 300.5120 298.3337 301.9838 300.6750 298.1678 299.6301 298.3311 295.0262 296.4459 296.2189	29.0677
1990 1.9328539E-08 1.5061969E-08 1.1673779E-08 1.9106084E-08 9.3942960E-09 1.0601236E-08 1.7679030E-08 7.8196480E-09 1.0392307E-08 1.7218802E-08 1.3785903E-08 1.5594194E-08 1.9688629E-08 2.0298209E-08 2.0019309E-08	292.0178 297.0675 301.0049 295.2888 301.8835 300.5195 298.0345 301.5324 300.2810 297.6400 298.8433 297.4001 294.1890 295.3114 295.0241	65.1935
1991 2.2642306E-08 2.0552582E-08 1.9395845E-08 2.0348269E-08 9.7372439E-09 1.1496135E-08 1.5973711E-08 7.7905380E-09 1.2289539E-08 1.3823579E-08 1.2546487E-08 1.4890855E-08 1.9597589E-08 2.1127441E-08 1.8884730E-08	291.0652 296.3591 301.0232 294.4914 301.5127 300.3249 297.4747 301.3199 299.8237 297.4214 298.7888 297.2502 294.4378 295.4190 295.0417	219.613
1992 2.6988223E-08 2.2785825E-08 2.3707852E-08 2.2398828E-08 1.4176024E-08 1.5456454E-08 1.5442524E-08 9.1345056E-09 1.1114097E-08 1.4470311E-08 1.6517600E-08 1.4104395E-08 2.3493421E-08 2.4695010E-08 2.3329143E-08	291.0030 296.2966 300.9853 294.4520 301.2362 300.3020 297.3479 301.1004 299.6027 297.2438 298.4429 297.0622 293.9124 294.9047 294.5255	36.3548
1993 3.2074983E-08 2.4234877E-08 2.1333825E-08 2.5668513E-08 1.4353327E-08 1.7210754E-08 2.0577941E-08 1.1137882E-08 1.8148599E-08 1.5626428E-08 1.6075546E-08 2.0107631E-08 1.9021924E-08 2.1871454E-08 2.2494069E-08	291.3559 296.7621 300.8925 294.9776 302.0135 300.4691 297.6666 301.7598 300.5609 297.2958 298.8487 297.7410 294.2120 295.3444 295.2530	0
1994 2.4455819E-08 1.9573237E-08 1.6570903E-08 2.4094899E-08 1.2142080E-08 1.2007442E-08 1.8717964E-08 1.0813071E-08 1.4752081E-08 1.6343197E-08 1.6722742E-08 1.8581915E-08 2.6187662E-08 2.6524404E-08 2.3725285E-08	291.6330 296.8393 300.7809 295.0888 301.7458 300.2121 297.8250 301.2845 299.8317 297.6567 298.6666 297.1509 294.5127 295.5140 295.2073	189.735
1995 1.2296281E-08 1.2618961E-08 2.3495113E-08 9.6175841E-09 4.6749085E-09 1.3470604E-08 6.1104681E-09 2.7152192E-09 7.5978015E-09 5.6569109E-09 5.5152922E-09 7.5773645E-09 9.1822816E-09 9.2526706E-09 9.8254658E-09	292.2799 297.1991 301.6765 295.9933 302.4543 301.2734 298.9995 302.2146 300.4567 299.0247 299.9487 298.1682 296.0230 297.0936 296.5774	4.91548
1996 2.0848219E-08 1.6269185E-08 1.7494447E-08 1.6967681E-08 1.0678407E-08 1.0452273E-08 1.2154064E-08 5.6786567E-09 1.0274831E-08 1.0283141E-08 9.2256833E-09 1.1803018E-08 1.0788426E-08 1.3932210E-08 1.4571032E-08	291.8773 297.0073 301.1580 295.4968 302.0494 300.4038 298.3944 301.9621 300.5692 298.2297 299.4675 298.0008 294.9724 295.9882 295.5935	175.976
1997 3.9250150E-08 3.7930082E-08 2.4345301E-08 3.5468581E-08 2.4442519E-08 1.9177689E-08 2.9717382E-08 1.9077826E-08 2.3433937E-08 2.6744312E-08 2.4058135E-08 2.6072925E-08 3.0514947E-08 3.2376768E-08 3.1390996E-08	290.6745 296.2067 301.4665 293.6180 300.7475 300.7072 295.9232 300.1234 299.4308 295.6887 296.9411 296.0731 292.6298 293.4889 293.3782	64.7097
1998 1.1261182E-08 8.1991436E-09 1.4071385E-08 1.1143698E-08 4.0129975E-09 6.9125510E-09 8.6062206E-09 3.3342180E-09 6.7101595E-09 6.6472108E-09 5.5038698E-09 7.8842506E-09 7.8082252E-09 8.8360625E-09 1.0108276E-08	292.5400 297.3196 301.2545 296.2548 302.2864 300.4910 299.0384 301.8267 300.1182 299.0867 299.6403 297.7041 296.1444 296.9554 296.1667	896.774
1999 8.2292315E-09 8.1725640E-09 1.4421457E-08 6.2731567E-09 3.4720038E-09 7.4620328E-09 4.8748099E-09 2.0688431E-09 7.9109057E-09 5.3964047E-09 4.4824517E-09 7.3229764E-09 8.5900043E-09 1.0363686E-08 9.9279234E-09	292.6228 297.3782 300.7774 296.3035 302.5629 300.2276 299.4412 302.5179 300.9605 299.6582 300.4669 298.8151 296.5280 297.4957 297.0383	17.9355
2000 1.1888458E-08 8.1403480E-09 1.5010894E-08 1.1209752E-08 3.0977931E-09 7.5213284E-09 9.5432577E-09 2.3092384E-09 5.2364904E-09 8.8793017E-09 5.5843543E-09 7.6982642E-09 1.1468224E-08 1.0535749E-08 9.1683239E-09	291.9214 297.0401 301.1128 295.5651 302.3259 300.4331 298.6456 302.1396 300.7508 298.7446 299.8182 298.4106 295.6377 296.7368 296.4357	18.1713
2001 1.8821225E-08 1.3623231E-08 1.3525962E-08 1.6001803E-08 9.8348307E-09 9.5770618E-09 1.0957398E-08 6.2323888E-09 9.3186250E-09 8.1064861E-09 8.3898071E-09 1.1390767E-08 1.0062847E-08 1.1654144E-08 1.3179172E-08	291.2853 296.7668 301.0744 295.2518 301.9393 300.2794 298.4834 302.0572 300.4141 298.5625 299.7501 298.0652 295.4792 296.6739 296.2117	0
2002 1.9227590E-08 1.6880097E-08 1.9188201E-08 1.9311873E-08 1.0485254E-08 1.0385762E-08 1.7154436E-08 7.1974644E-09 1.2749720E-08 1.4038713E-08 1.3035277E-08 1.2840287E-08 1.7345862E-08 1.8913065E-08 1.7493022E-08	291.5175 296.6399 301.1997 294.9590 301.7180 300.1959 297.7835 301.5257 300.1521 297.6234 298.9044 297.7008 294.5087 295.6150 295.5051	621.452
2003 1.4845937E-08 1.2746196E-08 1.8861188E-08 1.4116437E-08 6.6027419E-09 1.0049360E-08 1.1501507E-08 6.1303376E-09 1.0922542E-08 7.8816615E-09 8.9796401E-09 1.2474022E-08 1.0454299E-08 1.2945653E-08 1.4854376E-08	292.2559 297.1809 301.6919 295.8472 302.4684 300.6221 298.8253 302.3322 301.0388 298.9223 300.0979 298.8737 295.9925 297.2211 297.0070	4080.45
2004 2.2448070E-08 2.1797609E-08 2.3249942E-08 2.4516448E-08 1.4926972E-08 1.6319458E-08 1.8509969E-08 1.1620235E-08 1.4561486E-08 1.5862994E-08 1.4190129E-08 1.5186719E-08 1.8796927E-08 2.1876550E-08 2.0540158E-08	291.3670 296.5508 301.7619 294.3672 301.1022 300.9582 297.0228 300.6018 299.3250 296.8586 297.8812 296.5558 293.7838 294.6319 294.3030	108.71
2005 1.2362152E-08 1.2885978E-08 2.0543562E-08 1.0123648E-08 6.6841976E-09 9.5313739E-09 6.1362790E-09 2.8287555E-09 8.0587759E-09 6.1992353E-09 6.2488184E-09 8.4271008E-09 1.0297899E-08 1.2612199E-08 1.3226577E-08	291.8166 296.9656 301.4352 295.7110 301.8239 300.9134 298.8059 301.7244 299.9002 298.8914 299.5958 297.7941 295.8158 296.7552 296.0898	54.7065
2006 1.7072050E-08 1.5151052E-08 2.0969459E-08 1.7015266E-08 7.7149283E-09 8.6585779E-09 1.4097193E-08 6.5002350E-09 9.5686925E-09 1.3192432E-08 1.0552575E-08 1.3273234E-08 1.6917042E-08 1.9030331E-08 1.9331184E-08	292.5057 297.4806 301.6658 295.8801 302.4877 300.6198 298.7411 302.2438 300.9014 298.5841 299.7568 298.5998 295.2479 296.2748 296.2148	66.0777
2007 1.5769851E-08 9.3666221E-09 1.1909336E-08 1.3448322E-08 5.1444822E-09 8.0976337E-09 9.4759027E-09 3.4209602E-09 1.0321762E-08 9.0550545E-09 7.3569959E-09 1.2029743E-08 1.1408519E-08 1.3153056E-08 1.2229361E-08	292.3767 297.6641 301.0731 296.0482 302.6683 300.7206 299.1003 302.4612 300.6067 299.2163 300.0768 298.1013 296.2112 296.9431 296.3722	255.484
2008 1.2904183E-08 1.2205678E-08 2.0638909E-08 1.0628408E-08 4.7192397E-09 8.6122594E-09 8.1115585E-09 3.2085288E-09 8.7908232E-09 6.6602377E-09 5.2876343E-09 8.7588043E-09 9.6764055E-09 1.1419177E-08 1.1628374E-08	291.8239 296.6989 301.0407 295.6770 301.7687 299.9646 298.8132 301.8858 300.3027 298.9680 299.8381 298.2169 295.8081 296.8117 296.3949	0.291935
2009 1.5948597E-08 1.4046433E-08 2.5280338E-08 1.5891395E-08 7.4343154E-09 1.2042955E-08 1.2503916E-08 7.3515705E-09 1.2246890E-08 1.1462761E-08 1.0734252E-08 1.3509244E-08 1.4522776E-08 1.6080071E-08 1.6723986E-08	291.8976 296.8392 301.6033 295.2065 301.6328 300.7241 298.1247 301.4239 299.8286 298.1594 298.9620 297.3781 294.9472 295.7390 295.2921	4.06645
2010 7.0338717E-09 4.9137139E-09 1.1150830E-08 6.6774732E-09 2.7076028E-09 6.0175767E-09 6.2038938E-09 2.0019291E-09 6.1556880E-09 3.5034964E-09 3.7771670E-09 7.9177411E-09 6.4914385E-09 7.3771198E-09 8.8034255E-09	293.2077 297.8844 301.1544 296.9564 303.0404 300.6099 299.8855 302.7439 301.0231 299.8357 300.6614 298.9115 296.4675 297.5661 297.1601	0.330968
2011 8.6347267E-09 1.0085133E-08 1.6159632E-08 7.5481266E-09 5.3684714E-09 8.3269258E-09 7.2439175E-09 4.1485775E-09 7.7677500E-09 5.5615854E-09 6.3979382E-09 9.8610489E-09 8.4761789E-09 1.0623181E-08 1.1903614E-08	292.6655 297.2872 301.4521 296.3947 302.3488 300.6491 299.3591 302.1100 300.3766 299.2985 299.9704 298.1710 295.9767 296.9208 296.3964	101.392
2012 1.5545593E-08 1.3364985E-08 2.0516634E-08 1.5688229E-08 6.5906711E-09 9.7555022E-09 1.2108075E-08 6.5804020E-09 6.9904815E-09 1.0749390E-08 9.7383426E-09 9.7597406E-09 1.6513169E-08 1.6130304E-08 1.3891716E-08	292.4275 297.3072 301.1659 296.0439 302.5498 300.3732 299.0648 302.2858 300.8670 298.9928 299.9117 298.6144 295.6375 296.7609 296.5455	149.403
2013 8.4639433E-09 6.5206107E-09 1.2201410E-08 7.6198097E-09 3.3394802E-09 7.2523387E-09 6.5275580E-09 2.8204632E-09 6.1811902E-09 6.3826642E-09 7.1926349E-09 7.5086080E-09 8.3067038E-09 1.2055140E-08 1.0094979E-08	292.4085 297.3157 300.9174 296.0578 302.7330 300.5547 299.0833 302.6310 300.8719 299.1679 300.4610 298.8595 296.1952 297.5397 297.2764	5609.32
2014 1.9990262E-08 1.5427172E-08 1.3546748E-08 1.9156296E-08 9.5415107E-09 1.0021846E-08 1.3549774E-08 5.2187916E-09 9.7123554E-09 1.0632177E-08 9.8225277E-09 1.1044785E-08 1.3837467E-08 1.6015003E-08 1.3859238E-08	291.8725 297.1298 301.4432 295.2744 302.2575 300.6551 298.0290 301.9709 300.4985 297.9525 299.2324 297.7414 294.9661 296.0772 295.6757	21.5639
2015 3.8372193E-08 2.6987099E-08 1.9357509E-08 3.9669953E-08 2.1031191E-08 1.5779527E-08 2.8402583E-08 1.8053827E-08 2.0169857E-08 2.4100189E-08 2.3745711E-08 2.6942914E-08 2.6188303E-08 3.2947469E-08 3.4741817E-08  291.2838 296.9888 301.5029 294.2806 301.4622 300.6616 296.5450 300.8196 300.0557 296.3697 297.6324 296.6358 293.3694 294.1182 293.9415  281.941
