STN,prec_1,prec_2,prec_3,prec_4,prec_5,prec_6,prec_7,prec_8,prec_9,prec_10,prec_11,prec_12,prec_13,prec_14,prec_15,st_1,st_2,st_3,st_4,st_5,st_6,st_7,st_8,st_9,st_10,st_11,st_12,st_13,st_14,st_15,06.0
LAT,23.72017,23.72017,23.72017,26.51077,26.51077,26.51077,29.30136,29.30136,29.30136,32.09194,32.09194,32.09194,34.88252,34.88252,34.88252,23.72017,23.72017,23.72017,26.51077,26.51077,26.51077,29.30136,29.30136,29.30136,32.09194,32.09194,32.09194,34.88252,34.88252,34.88252,28.30888906
LON,-101.2500,-98.43750,-95.62500,-101.2500,-98.43750,-95.62500,-101.2500,-98.43750,-95.62500,-101.2500,-98.43750,-95.62500,-101.2500,-98.43750,-95.62500,-101.2500,-98.43750,-95.62500,-101.2500,-98.43750,-95.62500,-101.2500,-98.43750,-95.62500,-101.2500,-98.43750,-95.62500,-101.2500,-98.43750,-95.62500,-98.5572384
1958 2.8257555E-08 1.7413578E-08 1.8864217E-08 1.0673222E-08 3.3049634E-09 1.2966731E-08 2.9861471E-09 1.1550102E-09 1.9531047E-08 3.1552450E-09 4.5466022E-09 1.6876216E-08 1.0594452E-08 1.3404946E-08 2.1113255E-08	296.1396 300.9697 302.3048 302.3378 308.2338 302.2179 307.0959 309.3088 306.3173 308.5063 309.1942 306.7798 306.8155 308.6424 307.0462	251.447
1959 2.1019833E-08 1.2817609E-08 1.5283291E-08 8.4084970E-09 3.0271909E-09 1.3880434E-08 2.0156206E-09 2.3518005E-09 1.9099094E-08 2.8330072E-09 3.9658303E-09 1.7366022E-08 1.1914082E-08 1.1294074E-08 1.8412933E-08	295.9693 301.0073 302.4278 302.3051 308.1708 302.4329 307.1564 309.1986 306.0205 308.5289 309.0799 306.1417 306.8221 308.6512 306.7722	68.1533
1960 2.1340826E-08 1.2499069E-08 1.4804045E-08 8.8386214E-09 2.6892457E-09 1.2935947E-08 3.2394787E-09 1.9606543E-09 1.9237474E-08 4.2221262E-09 4.6389617E-09 1.5365780E-08 1.2033315E-08 1.1296304E-08 1.5903447E-08	296.2140 301.2721 301.9536 302.5501 308.4846 302.0438 307.2188 309.3272 306.5675 308.6003 309.3591 307.2706 307.1746 309.2650 308.1358	241.087
1961 2.5255936E-08 1.2746631E-08 1.7069022E-08 9.4401535E-09 2.6493749E-09 1.3519735E-08 2.4008067E-09 1.2232884E-09 1.5815502E-08 2.7824441E-09 2.5818208E-09 1.2432283E-08 9.7402095E-09 1.0242518E-08 1.5135988E-08	295.8343 301.1475 302.2290 302.1785 308.3468 302.2439 307.1623 309.3272 306.5306 308.8212 309.5574 307.5262 307.1922 309.4122 308.2990	280.347
1962 2.7318427E-08 1.6956049E-08 1.8931381E-08 9.0637169E-09 2.3476510E-09 1.2245437E-08 2.0247568E-09 1.3174453E-09 1.4888092E-08 2.9178981E-09 4.1941051E-09 1.5797649E-08 1.0576603E-08 1.2365549E-08 1.9564071E-08	295.6534 300.7056 302.0816 302.1142 308.1450 302.1416 307.0875 309.0391 306.7211 308.8812 309.2925 307.3058 307.3063 309.2267 308.1536	128.193
1963 2.5369955E-08 1.3272663E-08 1.6626300E-08 8.6442968E-09 2.1263076E-09 1.3748460E-08 2.0402997E-09 1.3252182E-09 2.2444770E-08 3.7928287E-09 4.1067438E-09 1.9966015E-08 1.4164630E-08 1.4108488E-08 2.1635929E-08	295.9917 300.9447 302.2589 302.1463 308.1661 302.2873 306.9991 309.2180 306.0471 308.5291 308.9967 306.1821 306.5616 308.2159 306.4026	1567.1
1964 2.6856778E-08 1.2030274E-08 1.2808625E-08 8.5355891E-09 1.6239886E-09 1.2358908E-08 2.3729596E-09 1.1001858E-09 1.5339836E-08 3.0272302E-09 3.2195602E-09 1.5177328E-08 1.5157724E-08 1.5726144E-08 2.2162553E-08	295.6804 301.3196 302.2051 302.4274 308.6181 302.2871 307.4021 309.5107 306.2426 308.7929 309.4550 306.8540 306.5811 308.7934 307.4658	15.5767
1965 2.1471857E-08 1.3998497E-08 1.2687245E-08 8.9052010E-09 2.2288120E-09 1.2929962E-08 2.6432159E-09 1.4704922E-09 1.6386350E-08 4.1858974E-09 3.8285233E-09 1.4363452E-08 1.2219897E-08 1.1006739E-08 1.6997037E-08	295.9458 300.5826 301.7304 301.9774 307.5979 301.9362 306.7856 308.7794 305.9427 308.1064 308.6937 306.1049 306.1471 307.7888 306.1577	248.01
1966 2.3969694E-08 1.2500244E-08 1.1794450E-08 9.0946681E-09 1.4967778E-09 1.2915628E-08 3.3620122E-09 1.3515760E-09 1.7874909E-08 4.9448516E-09 4.3500714E-09 1.8672646E-08 1.5498701E-08 1.4313241E-08 2.3319981E-08	295.9985 301.1556 301.9094 302.2484 307.9395 302.0291 306.9295 309.0821 305.7466 308.0930 308.8122 305.8918 306.0490 307.9506 305.9773	421.393
1967 2.6741779E-08 1.4449304E-08 1.6601948E-08 1.0976057E-08 2.5345972E-09 1.2630216E-08 2.5883378E-09 1.0482167E-09 1.9182128E-08 3.5691283E-09 4.1181694E-09 1.6947530E-08 1.0799195E-08 1.0593888E-08 1.7725219E-08	295.6486 300.7791 302.2367 301.9206 308.0034 302.3884 306.8405 309.1349 306.1785 308.5099 309.1857 306.7495 306.9222 309.0045 307.5142	0.00733333
1968 1.9455543E-08 9.1137133E-09 1.1913360E-08 5.8137695E-09 1.3246880E-09 1.2357837E-08 1.8679918E-09 6.9773193E-10 1.3173393E-08 3.6319194E-09 3.3251608E-09 1.1428096E-08 1.1067709E-08 1.0570883E-08 1.7914681E-08	295.9633 301.1338 301.8989 302.4379 308.2424 302.1048 307.1987 309.2318 306.5259 308.6137 309.3064 306.9596 306.8411 308.7444 306.9668	73.1333
1969 3.4151178E-08 2.1902515E-08 2.1835795E-08 1.4461271E-08 6.2999117E-09 1.5171915E-08 2.9831086E-09 2.7097458E-09 2.6606566E-08 2.4040405E-09 4.9648450E-09 2.3815232E-08 9.4627080E-09 9.9393400E-09 1.5691683E-08	296.0894 300.7946 302.2504 302.0083 307.9453 302.0840 306.8137 309.1979 306.5085 308.4300 309.1632 306.8483 307.2320 309.2593 308.1592	63.4097
1970 3.1888291E-08 2.1236202E-08 1.8698231E-08 1.3265900E-08 4.4647797E-09 1.4962223E-08 3.1748888E-09 2.0366968E-09 1.9977804E-08 2.6973892E-09 3.8593315E-09 1.5973104E-08 9.7745723E-09 9.3038990E-09 1.2999116E-08	295.1958 300.4372 301.7487 301.6502 307.6898 301.7983 306.6673 308.8728 306.0487 308.3208 309.0464 306.8908 306.7573 308.9636 307.8300	847.763
1971 2.5742844E-08 1.3585046E-08 1.2597470E-08 1.1733787E-08 2.6112199E-09 1.3949029E-08 4.5616422E-09 1.6258493E-09 1.2656143E-08 5.3488103E-09 4.2639372E-09 1.4886502E-08 1.4080237E-08 1.5101982E-08 2.5309815E-08	295.0989 300.6028 301.5151 301.6284 307.7759 301.6672 306.7371 308.9271 306.3354 308.1572 309.0157 306.9228 305.9855 308.1520 306.9086	155.75
1972 2.1384880E-08 1.3980078E-08 1.6679211E-08 8.3373086E-09 3.2836700E-09 1.5273720E-08 1.7776551E-09 1.3883122E-09 1.8309555E-08 3.0286593E-09 4.2803103E-09 1.7176124E-08 1.1784530E-08 1.1271375E-08 1.6217280E-08	296.2421 300.6694 302.2195 302.1924 307.5733 302.2568 306.8927 308.8339 305.9601 308.2316 308.5207 305.9476 306.4728 308.0797 306.5958	138.767
1973 2.6529294E-08 1.3328750E-08 1.2675937E-08 9.8813207E-09 2.4077413E-09 1.2388377E-08 3.6207126E-09 1.3187806E-09 1.5551336E-08 4.1617971E-09 3.7990238E-09 1.4776688E-08 1.1198243E-08 1.2524557E-08 2.0534154E-08	295.1923 300.6096 302.0428 301.6971 307.6856 301.9804 306.7673 309.1861 306.0501 308.3283 309.1977 306.5852 306.6445 308.5240 306.7244	89.337
1974 2.1697103E-08 1.1310402E-08 1.1644086E-08 8.6457046E-09 2.1057247E-09 1.2447051E-08 3.7771430E-09 1.1530059E-09 1.3209021E-08 4.9505235E-09 4.3008281E-09 1.3064270E-08 1.4798485E-08 1.5701655E-08 2.0009786E-08	295.4121 300.9497 302.1443 302.0045 308.1190 302.2030 307.0435 309.1449 306.0386 308.3583 308.9734 306.6457 305.8406 307.8455 306.7354	20.8333
1975 2.1644583E-08 9.8886588E-09 9.2830579E-09 6.9346755E-09 1.3609024E-09 1.1859374E-08 2.7678961E-09 7.7775886E-10 8.3483993E-09 4.9557123E-09 3.3123864E-09 7.8158706E-09 1.3900636E-08 1.4179049E-08 2.1092690E-08	295.9112 301.5676 302.1792 302.5333 308.7368 302.2567 307.5546 309.6349 306.7788 308.8052 309.5421 307.5684 306.7823 308.9451 307.8564	1873.97
1976 2.0910248E-08 1.3027578E-08 1.6929292E-08 6.7209593E-09 2.5275999E-09 1.5015237E-08 1.2116209E-09 1.2612202E-09 1.7610374E-08 2.2330700E-09 3.7901535E-09 1.5262620E-08 9.5767234E-09 9.8054365E-09 1.6137951E-08	295.5524 300.4567 302.0684 301.8238 307.6039 302.1609 306.7474 308.5710 305.5511 308.4431 308.6444 305.9563 306.7607 308.5590 306.9107	41.1033
1977 2.5595229E-08 1.3431609E-08 1.2978514E-08 9.3744159E-09 3.0302074E-09 1.2455105E-08 2.3065401E-09 1.5414362E-09 1.5787730E-08 4.1514951E-09 4.4932653E-09 1.6827780E-08 1.3373659E-08 1.3099089E-08 2.0143109E-08	295.5311 300.5487 301.8122 301.8875 307.6708 301.8799 306.7389 308.9047 305.8474 307.7706 308.5909 305.8584 305.9466 307.8957 306.3354	350.567
1978 2.5042917E-08 1.3513309E-08 1.3651623E-08 7.2860797E-09 2.2225652E-09 1.2851211E-08 2.2442705E-09 6.9136374E-10 1.3258653E-08 3.0588914E-09 3.0082561E-09 1.1594430E-08 1.1764326E-08 9.8668025E-09 1.5705735E-08	295.8780 301.1602 302.1020 302.4823 308.3452 302.1034 307.4109 309.3629 306.3207 308.8456 309.4034 306.8493 307.2274 309.3877 307.8562	443.647
1979 2.9368895E-08 1.3763643E-08 1.1468875E-08 9.1683301E-09 1.7755802E-09 1.0560277E-08 2.4557349E-09 1.0908759E-09 1.6808499E-08 4.9894706E-09 4.1099057E-09 1.7798287E-08 1.4064256E-08 1.4582026E-08 2.1650182E-08	295.7397 301.0158 302.0819 302.1886 308.1944 302.1050 307.1717 309.5366 306.3452 308.3791 309.3254 306.2423 306.3675 308.3334 306.4604	2274.7
1980 2.9955775E-08 1.7432251E-08 1.5532279E-08 1.0134944E-08 3.0695861E-09 1.3045441E-08 1.5831667E-09 1.1800260E-09 2.5366830E-08 2.8590472E-09 4.0078572E-09 2.3661475E-08 1.1237117E-08 1.1731284E-08 1.8939556E-08	296.1389 301.0600 302.2874 302.4268 308.2065 302.2214 307.2547 309.3654 306.0298 308.5781 309.2127 306.1816 306.8453 308.6263 307.0078	508.833
1981 2.9839594E-08 1.8374363E-08 1.8859254E-08 1.3947953E-08 4.2089074E-09 1.4404575E-08 3.2521985E-09 2.8369407E-09 2.0901616E-08 3.1731762E-09 4.8810347E-09 1.8553726E-08 1.0625220E-08 1.0680945E-08 1.8304615E-08	295.8213 300.7852 302.0859 301.9548 307.9389 302.0746 307.0334 309.0587 306.4229 308.6871 309.2717 307.1472 307.1257 309.3133 308.2024	5178.67
1982 2.5326917E-08 1.3956066E-08 1.4430014E-08 1.0582286E-08 2.8402132E-09 1.2322807E-08 3.4933580E-09 1.6896393E-09 2.1354623E-08 3.9134678E-09 3.9546695E-09 1.9314740E-08 1.1716366E-08 1.1225574E-08 1.9349750E-08	296.0728 300.9673 302.4049 302.1294 307.9323 302.2034 306.8533 309.2887 306.1650 308.2902 309.0075 306.0488 306.5361 308.1891 306.2194	102.8
1983 3.0924038E-08 1.7864867E-08 1.3278193E-08 1.3869855E-08 3.7693986E-09 1.2641787E-08 3.8539101E-09 1.4432503E-09 2.2988679E-08 3.7756829E-09 4.3377457E-09 2.0626016E-08 1.1242838E-08 9.9772750E-09 1.6552923E-08	296.1940 300.6774 301.7553 301.9151 307.7291 301.4536 306.4367 308.8756 305.7032 307.7244 308.2672 305.3254 306.0210 307.4682 305.6956	23.082
1984 2.7753593E-08 1.3314624E-08 9.9283373E-09 1.2984206E-08 2.6837677E-09 1.2243060E-08 4.9139479E-09 2.3148619E-09 1.2354303E-08 5.9307541E-09 4.8723976E-09 1.5757756E-08 1.5432201E-08 1.5707750E-08 2.3387024E-08	295.0012 300.5846 301.5716 301.6354 307.8993 301.7646 306.6393 308.8880 306.0408 307.7933 308.6415 306.3176 305.9377 308.0705 306.8092	0.003
1985 2.3745390E-08 1.2878390E-08 1.2924854E-08 7.0817454E-09 1.8206395E-09 1.2562918E-08 2.3076094E-09 1.0225181E-09 1.5142883E-08 4.6405555E-09 4.2912589E-09 1.6907517E-08 1.3189944E-08 1.3308235E-08 2.3175824E-08	295.3681 300.4761 302.4298 302.0052 307.7284 302.5582 307.0698 309.2010 306.3454 308.3326 309.0973 306.4723 306.4216 308.3247 306.6894	705.733
1986 2.5493954E-08 1.5224337E-08 1.5463357E-08 9.9023127E-09 2.3553193E-09 1.3618019E-08 3.4925940E-09 8.7131985E-10 1.3088584E-08 5.2024376E-09 3.3176923E-09 1.2388295E-08 1.4250372E-08 1.1792434E-08 2.0072028E-08	295.1731 300.2955 302.1904 301.8139 307.5426 302.3148 306.6532 308.9608 305.7883 307.7505 308.7266 305.8851 305.7375 307.8663 306.1106	878.22
1987 2.5741015E-08 1.6405847E-08 1.3715333E-08 9.8067963E-09 2.9898188E-09 1.2811896E-08 2.4872067E-09 5.7668181E-10 1.9065066E-08 3.6610974E-09 4.7863526E-09 2.0792758E-08 1.3420498E-08 1.5346821E-08 2.5004917E-08	295.9689 300.4177 301.8535 302.0483 307.3858 302.0478 306.5482 308.9762 305.8317 307.4964 307.8973 305.1569 305.4104 306.7444 305.1750	5403.67
1988 2.9016093E-08 1.4254897E-08 1.2397666E-08 1.3005413E-08 2.4541555E-09 1.1586608E-08 3.5604213E-09 1.3378771E-09 1.2438967E-08 3.2111975E-09 2.6985998E-09 1.1505231E-08 1.0741520E-08 9.3098071E-09 1.5045304E-08	294.5807 300.2473 301.7456 301.2633 307.7223 301.8282 306.6576 309.1161 306.2505 308.2953 309.2256 307.0049 306.8539 309.1732 308.0562	3.34567
1989 2.4347946E-08 1.4436843E-08 1.0729665E-08 7.0630430E-09 1.6241140E-09 1.2567342E-08 2.0251216E-09 5.0533128E-10 9.9102486E-09 3.1325507E-09 2.3001210E-09 8.3613356E-09 1.2111794E-08 1.2137125E-08 1.5256930E-08	295.3362 300.6373 302.0865 302.1121 308.1250 302.2477 307.4004 309.2825 306.7227 308.8986 309.4518 307.5225 307.1045 309.1113 308.2659	7.38767
1990 2.6470028E-08 1.7572157E-08 1.8951297E-08 1.0051020E-08 3.1955554E-09 1.4873832E-08 3.6412011E-09 1.9622777E-09 2.0682466E-08 3.4606638E-09 4.1114534E-09 1.9530999E-08 1.0464808E-08 1.0227577E-08 1.6943833E-08	295.9730 300.6307 302.4904 302.0122 307.7874 302.5064 306.8206 308.9987 306.0434 308.3584 308.9500 306.2682 306.8592 308.6526 307.0634	70.0273
1991 2.3101791E-08 1.2399981E-08 1.5545398E-08 7.8898097E-09 2.3443345E-09 1.4475897E-08 3.2207503E-09 1.2507438E-09 1.7772990E-08 3.7803649E-09 5.1799676E-09 1.7915925E-08 1.1355840E-08 1.1134748E-08 1.8286912E-08	295.9346 300.9811 302.7567 302.4145 307.9904 302.8090 307.2786 309.4610 305.9384 308.4969 308.9036 305.5163 306.8274 308.4739 306.2319	28.133
1992 2.5781539E-08 1.6521083E-08 1.8195475E-08 1.0660893E-08 4.2815369E-09 1.7428967E-08 3.3485341E-09 2.9456877E-09 2.9580411E-08 4.2048800E-09 7.9400957E-09 2.7914565E-08 1.3985391E-08 1.8110567E-08 3.0305028E-08	295.7663 300.0210 301.8542 301.4443 306.6575 302.0475 305.6500 307.9582 304.4439 306.6959 306.6176 303.4586 304.3719 305.1694 303.2730	903.8
1993 2.8843015E-08 2.1912705E-08 2.1504485E-08 1.3143675E-08 5.1792606E-09 1.5527156E-08 4.3587800E-09 2.7339444E-09 2.2481148E-08 4.6208060E-09 7.7134716E-09 2.4073271E-08 1.2687400E-08 1.3644624E-08 2.1915211E-08	295.5736 299.8802 301.6025 301.2719 306.8286 301.7568 305.7332 308.1826 305.2726 307.1145 307.7648 305.1464 305.6144 307.3528 305.6738	136.743
1994 2.1848097E-08 1.2860856E-08 1.4933924E-08 7.0282131E-09 2.1081239E-09 1.3509527E-08 2.5234357E-09 1.2129723E-09 1.4527321E-08 6.0711338E-09 5.1030256E-09 1.8178062E-08 1.5677433E-08 1.7136736E-08 2.6568253E-08	295.5190 300.7121 302.3952 302.1061 307.7203 302.4312 307.0138 309.3095 305.8663 307.7787 308.6684 305.4449 305.3452 306.9054 304.8759	102.919
1995 2.5244136E-08 1.3517389E-08 1.5423684E-08 1.0627597E-08 3.1908969E-09 1.4464287E-08 3.6376311E-09 1.6176205E-09 1.9591102E-08 3.6654566E-09 3.9120378E-09 1.7574539E-08 1.0166637E-08 9.5330313E-09 1.6522689E-08	296.0680 301.2084 302.4108 302.2361 308.2015 302.3984 306.9791 309.4637 306.2783 308.5016 309.3914 306.6930 306.9575 309.1268 307.6093	108.852
1996 2.6770641E-08 1.5033059E-08 1.4451342E-08 1.1377275E-08 3.4801908E-09 1.3810452E-08 2.4488349E-09 8.4967183E-10 1.3530739E-08 3.0905634E-09 2.8548410E-09 1.2094891E-08 1.2134159E-08 1.0945264E-08 1.7149087E-08	295.6497 301.1335 301.9866 302.0467 308.2458 302.0412 307.1553 309.2599 306.5315 308.9123 309.5604 307.6667 307.1166 309.3152 308.2893	3.10033
1997 2.8264713E-08 1.7842568E-08 1.5016985E-08 1.1498376E-08 3.4748788E-09 1.2060198E-08 2.9070362E-09 1.7401304E-09 1.8020886E-08 3.2721181E-09 3.5455270E-09 1.5747283E-08 1.0093790E-08 1.0462040E-08 1.6639865E-08	295.9172 300.6693 302.0312 302.1513 307.9124 301.9010 306.9971 309.1808 306.5627 308.4178 309.1541 306.8868 306.9583 308.8451 307.4995	1329.13
1998 2.7929218E-08 1.6223460E-08 1.6028720E-08 1.1384085E-08 3.8181156E-09 1.1867552E-08 4.0091086E-09 2.2598012E-09 2.1350338E-08 3.6438650E-09 5.8705969E-09 2.1603528E-08 1.1304337E-08 1.1818173E-08 2.3051014E-08	296.6994 300.9315 301.9668 302.4077 307.9083 302.0438 306.9434 309.0495 306.2037 308.2861 308.8936 306.3642 306.5478 308.3158 306.4066	0
1999 3.1131016E-08 1.8444938E-08 1.7081913E-08 1.1373317E-08 3.3854617E-09 1.4419874E-08 2.7914038E-09 1.7204573E-09 1.3719933E-08 5.2263482E-09 4.5048036E-09 1.3027398E-08 1.3585821E-08 1.3783260E-08 2.0963302E-08	295.1704 300.7860 302.3430 301.9975 308.3996 302.4118 307.2470 309.4679 306.7847 308.6027 309.2691 307.4687 306.8218 309.0833 308.2932	241.5
2000 2.4471799E-08 1.4640074E-08 1.7852152E-08 9.8862811E-09 3.5528400E-09 1.5834630E-08 2.4347158E-09 1.6612395E-09 1.5219801E-08 3.7513108E-09 3.2195850E-09 1.4443585E-08 1.2115945E-08 1.2438147E-08 1.8426272E-08	295.7157 300.7983 302.5860 302.1550 308.0352 302.6728 307.2234 309.1215 306.3048 308.7787 309.2332 307.0968 307.1160 309.2265 308.1255	103.398
2001 2.7457466E-08 2.1235318E-08 2.3829232E-08 1.0135715E-08 4.5916462E-09 1.7377806E-08 3.1532394E-09 1.8053619E-09 1.9824984E-08 3.6946926E-09 4.9256865E-09 1.7404883E-08 1.1006839E-08 1.1012458E-08 1.9170228E-08	294.9374 299.8111 302.2751 301.4411 307.4101 302.3889 306.6530 308.9357 305.8555 308.0136 308.5632 305.3724 306.2416 307.8164 305.9525	6.314
2002 2.2911522E-08 1.4960554E-08 1.9632322E-08 1.0124370E-08 4.2515684E-09 1.5224552E-08 3.7968917E-09 1.9143316E-09 1.9751253E-08 4.3255803E-09 4.0424726E-09 1.7497662E-08 9.5141353E-09 9.3612069E-09 1.7161689E-08	295.9057 300.5707 302.6235 301.9566 307.4911 302.6753 306.6935 309.0497 305.9726 307.9951 308.7542 306.0423 306.6110 308.4721 306.7878	3.90333
2003 2.4737927E-08 1.1397032E-08 1.3006103E-08 8.7198639E-09 1.6828986E-09 1.3012453E-08 1.9556095E-09 7.6829521E-10 1.3876774E-08 3.5840593E-09 3.6061680E-09 1.3339312E-08 1.2327353E-08 1.1120976E-08 1.8233834E-08	296.1569 301.2995 302.6055 302.6056 308.3975 302.6060 307.5073 309.5669 306.3749 308.7015 309.4287 306.9790 306.7975 309.1225 307.8760	38.8147
2004 3.1475082E-08 2.2219339E-08 2.3583310E-08 1.2668436E-08 5.7649698E-09 1.6675449E-08 3.0544378E-09 2.6005904E-09 2.3426324E-08 2.7030349E-09 5.1021605E-09 1.9255614E-08 1.1529813E-08 1.3368367E-08 2.0445855E-08	295.2889 300.0296 301.9393 301.4064 307.1917 301.9637 306.4493 308.6231 305.7362 308.0775 308.6402 305.9829 306.3743 308.0935 306.6531	327.867
2005 4.1242590E-08 2.5561770E-08 1.9208260E-08 2.1489102E-08 6.4112000E-09 1.3159406E-08 4.6323398E-09 2.0147271E-09 2.3493223E-08 2.7823244E-09 4.2441823E-09 1.9343446E-08 8.3425986E-09 8.9375956E-09 1.8230756E-08	295.7643 300.6461 301.8547 301.5850 307.7221 301.8403 306.3848 308.9873 306.5469 308.1749 309.1147 307.3706 307.1806 309.2361 308.1766	48.4667
2006 2.4842658E-08 1.5441438E-08 1.6684973E-08 7.0223907E-09 2.8059786E-09 1.2379945E-08 1.6449335E-09 9.6970720E-10 1.9142789E-08 2.1739002E-09 2.1519697E-09 1.3608793E-08 9.6995221E-09 9.8338662E-09 1.6449238E-08	296.1504 300.8878 302.2475 302.3140 308.0891 302.2507 307.2691 309.1848 306.3475 309.0103 309.4544 307.2784 307.4154 309.3885 308.2409	0.780333
2007 3.1819855E-08 1.8861169E-08 1.9103474E-08 1.2715667E-08 4.2970671E-09 1.4681851E-08 2.7676323E-09 1.6454844E-09 2.0801629E-08 3.9554751E-09 4.6694439E-09 1.6302051E-08 1.1033197E-08 1.0477279E-08 1.5326066E-08	295.6013 300.4573 302.1899 301.5907 307.5854 302.1141 306.5077 308.9243 306.1647 308.0982 308.9778 307.0661 307.1294 309.3886 308.6680	1401.67
2008 2.2635662E-08 1.0902601E-08 1.5506320E-08 9.9655324E-09 1.4679671E-09 1.3808701E-08 2.5309490E-09 1.0349926E-09 1.3796251E-08 3.2979004E-09 3.3823404E-09 1.2074242E-08 1.1813293E-08 1.2263439E-08 1.6092814E-08	296.1689 301.4478 302.3457 302.2625 308.6154 302.3310 307.2468 309.3543 306.6033 308.9684 309.3784 307.3785 307.3323 309.4053 308.5625	3.03033
2009 2.5200411E-08 1.5984254E-08 1.9937781E-08 1.0036279E-08 2.9038838E-09 1.5953933E-08 2.1017510E-09 9.9052544E-10 1.9505478E-08 2.3284297E-09 2.9877893E-09 1.6168775E-08 9.9357242E-09 1.2411496E-08 1.9595838E-08	295.4910 300.3289 302.3619 301.7567 307.5981 302.4504 306.8036 308.9611 306.0237 308.5230 308.9043 306.2354 307.0704 308.5394 306.9396	0.273333
2010 3.4102889E-08 2.0755961E-08 1.7754086E-08 1.2374118E-08 3.5208947E-09 1.3946371E-08 2.9402718E-09 1.8070057E-09 2.5058782E-08 2.4719007E-09 3.8213739E-09 2.3825383E-08 9.5323562E-09 9.4617132E-09 1.9351045E-08	296.4701 300.9799 302.0797 302.3895 308.1804 302.0876 307.1840 309.3911 306.6895 308.6808 309.4787 307.2034 307.4642 309.4989 308.1591	28.1077
2011 2.9605772E-08 1.6678360E-08 1.8123956E-08 1.1929128E-08 3.9859329E-09 1.4468958E-08 2.7964406E-09 1.5140958E-09 2.1659204E-08 3.3992795E-09 3.5105521E-09 1.6992177E-08 9.5128208E-09 9.2908490E-09 1.5319417E-08	296.4844 301.1536 302.1692 302.2899 308.3256 302.0607 307.0433 309.1970 306.5712 308.8041 309.3584 307.4149 307.5010 309.6174 308.9208	0
2012 3.0158681E-08 2.2903194E-08 2.6210222E-08 1.2722356E-08 4.5999782E-09 1.7566800E-08 3.6012171E-09 2.1249404E-09 2.2757986E-08 2.3193487E-09 3.4399783E-09 1.8769327E-08 8.2215061E-09 7.1504278E-09 1.3494827E-08	295.7591 300.2835 302.3626 301.7691 307.5867 302.4304 306.7957 308.8955 306.2630 308.3890 308.8645 306.4742 307.1883 309.2015 308.1399	4.11467
2013 2.9962692E-08 1.8845933E-08 1.6059619E-08 1.2055980E-08 4.1069277E-09 1.1960299E-08 3.0061589E-09 2.2741955E-09 1.9587992E-08 2.1960358E-09 5.3018461E-09 1.7503188E-08 7.5114688E-09 8.6315586E-09 1.4501820E-08	295.5379 300.3258 301.5978 301.4906 307.6311 301.5001 306.4650 308.8810 306.3138 308.2078 308.9381 307.0476 307.2274 309.4826 308.5492	374.233
2014 2.1854765E-08 1.8623121E-08 1.7415768E-08 1.0168724E-08 3.3031231E-09 1.3612243E-08 3.3438456E-09 1.0527687E-09 1.5225186E-08 2.9105738E-09 2.3280653E-09 9.0239034E-09 7.8109492E-09 6.6584067E-09 1.0853859E-08	295.5931 299.9521 301.5930 301.6275 307.2624 301.3726 306.5375 308.7858 305.9566 308.1574 308.9102 306.6770 306.9714 309.0834 307.9092	2.87233
2015 2.1104231E-08 1.3485057E-08 1.4071258E-08 9.4641921E-09 2.3188065E-09 1.3651247E-08 3.4314622E-09 1.8255574E-09 1.6587913E-08 3.8372741E-09 4.5446704E-09 1.9370560E-08 1.4108646E-08 1.4439933E-08 2.1182451E-08  296.2188 300.8005 302.4542 302.1686 307.6781 302.4187 306.7803 309.2672 306.2958 307.9144 308.8962 305.9973 305.9568 307.7908 306.3216  3272.57
