STN,00.0
LAT,28.30888906
LON,-98.5572384
1958 18.4742
1959 221.71
1960 76.9677
1961 390.419
1962 10.1484
1963 0.2
1964 3.42903
1965 0.564516
1966 17.2226
1967 0.0429032
1968 17.8094
1969 0.232903
1970 512.097
1971 0.260968
1972 287.419
1973 0.884839
1974 216.581
1975 89.7419
1976 3.44516
1977 1275.03
1978 24.7935
1979 0.336452
1980 0.0648387
1981 0.269677
1982 129.194
1983 0.896774
1984 0.491613
1985 1.4829
1986 114.777
1987 336.065
1988 122.484
1989 0.0406452
1990 0.00193548
1991 9.20968
1992 382.839
1993 48.871
1994 0
1995 26.8135
1996 2.06806
1997 99.1935
1998 9.38065
1999 304.774
2000 1.92194
2001 234.645
2002 536.645
2003 142.581
2004 63.4194
2005 950.419
2006 0.127419
2007 3.52129
2008 111.452
2009 0.142258
2010 0.609355
2011 0
2012 0
2013 0.0222581
2014 0.411613
2015 0
