STN,02.0
LAT,28.30888906
LON,-98.5572384
1958 4793.46
1959 77.5357
1960 66.2759
1961 234.321
1962 0.128571
1963 19.5643
1964 0
1965 15.2786
1966 11.2179
1967 0.465
1968 178.828
1969 1.25857
1970 77.3929
1971 0.145714
1972 108.966
1973 70.2143
1974 78.8571
1975 78.0714
1976 0.923793
1977 313.679
1978 0.796429
1979 0.418214
1980 0.0506897
1981 0.209286
1982 46.3929
1983 1.17179
1984 0.191034
1985 72.25
1986 4.85357
1987 147.5
1988 66
1989 0.354286
1990 0
1991 62.7857
1992 912.759
1993 87.2857
1994 0
1995 2.72643
1996 0
1997 10.3786
1998 3.03893
1999 106.393
2000 2.77276
2001 89.8571
2002 56.3929
2003 80.8571
2004 88.4828
2005 232.25
2006 0.171429
2007 12.9589
2008 56
2009 0.0589286
2010 257.341
2011 0.838214
2012 0
2013 13.0236
2014 0.194643
2015 0
