STN,05.0
LAT,28.30888906
LON,-98.5572384
1958 150.21
1959 96.6516
1960 24.9129
1961 2.26774
1962 0.00322581
1963 159.19
1964 62.0613
1965 2153.25
1966 2859
1967 34.8919
1968 979.968
1969 82.3239
1970 312.516
1971 0
1972 1375.03
1973 3.58484
1974 191.026
1975 422.271
1976 87.8242
1977 837.194
1978 116.997
1979 139.548
1980 512.387
1981 2194
1982 1523.95
1983 0.016129
1984 5.87065
1985 1725
1986 3.40516
1987 297.968
1988 18.5668
1989 29.7471
1990 798.097
1991 228.477
1992 1051.77
1993 159.742
1994 85.0806
1995 0.532258
1996 0
1997 135.323
1998 0
1999 161.839
2000 0.546774
2001 103.297
2002 133.839
2003 2.50581
2004 1020.19
2005 69.0968
2006 22.5865
2007 327.013
2008 17.0516
2009 6.64097
2010 148.478
2011 0
2012 271.594
2013 1.76839
2014 15.5829
2015 2620.71
