STN,06.0
LAT,28.30888906
LON,-98.5572384
1958 251.447
1959 68.1533
1960 241.087
1961 280.347
1962 128.193
1963 1567.1
1964 15.5767
1965 248.01
1966 421.393
1967 0.00733333
1968 73.1333
1969 63.4097
1970 847.763
1971 155.75
1972 138.767
1973 89.337
1974 20.8333
1975 1873.97
1976 41.1033
1977 350.567
1978 443.647
1979 2274.7
1980 508.833
1981 5178.67
1982 102.8
1983 23.082
1984 0.003
1985 705.733
1986 878.22
1987 5403.67
1988 3.34567
1989 7.38767
1990 70.0273
1991 28.133
1992 903.8
1993 136.743
1994 102.919
1995 108.852
1996 3.10033
1997 1329.13
1998 0
1999 241.5
2000 103.398
2001 6.314
2002 3.90333
2003 38.8147
2004 327.867
2005 48.4667
2006 0.780333
2007 1401.67
2008 3.03033
2009 0.273333
2010 28.1077
2011 0
2012 4.11467
2013 374.233
2014 2.87233
2015 3272.57
