STN,09.0
LAT,28.30888906
LON,-98.5572384
1958 562.48
1959 170.9
1960 151.7
1961 24.3833
1962 24.71
1963 22.94
1964 3858.73
1965 42.7333
1966 442.4
1967 10154.4
1968 119.631
1969 68.3637
1970 42.5387
1971 6623.4
1972 249.567
1973 720.163
1974 656.133
1975 176.233
1976 1179.97
1977 1.56867
1978 261.8
1979 2.42033
1980 49.2263
1981 925.667
1982 23.7087
1983 80.4293
1984 0
1985 84.052
1986 37.4467
1987 508.467
1988 53.2503
1989 2.14467
1990 151.1
1991 224.383
1992 97.4333
1993 2.119
1994 2.52467
1995 188.976
1996 488.987
1997 28.87
1998 2972.07
1999 1069.6
2000 5.02433
2001 1015.47
2002 7150.03
2003 175.151
2004 425.2
2005 0
2006 155.646
2007 645.9
2008 88.0033
2009 -999
2009 6.384
2010 0
2011 1.06667
2012 4.01167
2013 0
2014 26.5893
2015 
