STN,12.0
LAT,28.30888906
LON,-98.5572384
1958 221.71
1959 76.9677
1960 390.419
1961 10.1484
1962 0.2
1963 3.42903
1964 0.564516
1965 17.2226
1966 0.0429032
1967 17.8094
1968 0.232903
1969 512.097
1970 0.260968
1971 287.419
1972 0.884839
1973 216.581
1974 89.7419
1975 3.44516
1976 1275.03
1977 24.7935
1978 0.336452
1979 0.0648387
1980 0.269677
1981 129.194
1982 0.896774
1983 0.491613
1984 1.4829
1985 114.777
1986 336.065
1987 122.484
1988 0.0406452
1989 0.00193548
1990 9.20968
1991 382.839
1992 48.871
1993 0
1994 26.8135
1995 2.06806
1996 99.1935
1997 9.38065
1998 304.774
1999 1.92194
2000 234.645
2001 536.645
2002 142.581
2003 63.4194
2004 950.419
2005 0.127419
2006 3.52129
2007 111.452
2008 0.142258
2009 0.609355
2010 0
2011 0
2012 0.0222581
2013 0.411613
2014 0
2015 18.3087
