STN,prec_1,prec_2,prec_3,prec_4,prec_5,prec_6,prec_7,prec_8,prec_9,prec_10,prec_11,prec_12,prec_13,prec_14,prec_15,prec_16,prec_17,prec_18,prec_19,prec_20,st_1,st_2,st_3,st_4,st_5,st_6,st_7,st_8,st_9,st_10,st_11,st_12,st_13,st_14,st_15,st_16,st_17,st_18,st_19,st_20,06.0
LAT,23.72017,23.72017,23.72017,23.72017,26.51077,26.51077,26.51077,26.51077,29.30136,29.30136,29.30136,29.30136,32.09194,32.09194,32.09194,32.09194,34.88252,34.88252,34.88252,34.88252,23.72017,23.72017,23.72017,23.72017,26.51077,26.51077,26.51077,26.51077,29.30136,29.30136,29.30136,29.30136,32.09194,32.09194,32.09194,32.09194,34.88252,34.88252,34.88252,34.88252,28.73664429
LON,-104.0625,-101.2500,-98.43750,-95.62500,-104.0625,-101.2500,-98.43750,-95.62500,-104.0625,-101.2500,-98.43750,-95.62500,-104.0625,-101.2500,-98.43750,-95.62500,-104.0625,-101.2500,-98.43750,-95.62500,-104.0625,-101.2500,-98.43750,-95.62500,-104.0625,-101.2500,-98.43750,-95.62500,-104.0625,-101.2500,-98.43750,-95.62500,-104.0625,-101.2500,-98.43750,-95.62500,-104.0625,-101.2500,-98.43750,-95.62500,-99.1447556
1958 1.5426236E-08 2.3588358E-08 2.3998737E-08 1.8200113E-08 1.3481745E-08 2.1025791E-08 1.5364385E-08 1.1757295E-08 1.1651155E-08 1.0974589E-08 1.0314795E-08 1.3526186E-08 7.7631732E-09 8.8115248E-09 1.2468339E-08 1.9044366E-08 7.4128788E-09 9.7532888E-09 1.5618950E-08 2.1063141E-08  286.8165 285.1024 289.4391 297.3887 283.7847 285.8175 291.0060 296.1160 282.2387 285.5909 288.6691 289.1475 281.2443 283.7976 284.4216 283.7457 277.1342 279.6631 279.8660 279.4438  1647.53
1959 1.7830249E-08 2.4740649E-08 2.8442852E-08 2.5649209E-08 1.7090574E-08 2.3437877E-08 1.7804751E-08 1.5555164E-08 1.6739572E-08 1.5352640E-08 1.4589735E-08 1.7148432E-08 1.1166311E-08 1.2746864E-08 2.0688239E-08 3.0113384E-08 9.5592316E-09 1.2864465E-08 2.1212770E-08 3.1851613E-08  286.8180 285.3408 289.4273 297.3775 283.2639 285.3842 290.5867 296.0999 281.2368 284.6289 287.7573 288.5934 280.0492 282.4504 283.1295 282.7065 275.6764 277.9193 278.0297 277.9396  375.357
1960 1.4163827E-08 2.1748631E-08 2.3090045E-08 2.0705011E-08 1.2548130E-08 1.9105226E-08 1.3252649E-08 1.2756780E-08 1.2223193E-08 1.1924664E-08 1.1022923E-08 1.6084378E-08 9.3304697E-09 9.8898409E-09 1.5159811E-08 2.4932362E-08 8.7275582E-09 1.0708732E-08 1.6969219E-08 2.4282201E-08  286.6306 284.9933 289.0922 297.4703 283.4280 285.3769 290.5378 296.1679 281.6259 284.8031 287.9067 288.4581 280.5025 282.8550 283.3178 282.5911 276.6006 278.8501 278.6803 278.1879  0
1961 1.3880512E-08 2.2251131E-08 2.5442507E-08 1.8258605E-08 1.3832026E-08 2.3049193E-08 1.8641575E-08 1.4648166E-08 1.4732461E-08 1.4578192E-08 1.4894163E-08 1.7911452E-08 1.1400169E-08 1.3137509E-08 1.7895317E-08 2.6152383E-08 1.0686557E-08 1.4110879E-08 2.0656444E-08 2.6719560E-08  287.1072 285.7832 289.8081 297.3531 283.9055 286.0455 290.9820 296.0946 281.9839 285.2602 288.0461 288.7407 280.8098 283.0182 283.4505 282.8474 276.5255 278.8174 278.8036 278.4744  1073.53
1962 1.1797169E-08 1.8389592E-08 2.1974346E-08 2.1166509E-08 1.1992119E-08 1.7961957E-08 1.3658724E-08 1.4540341E-08 1.2596405E-08 1.3197663E-08 1.1330489E-08 1.5393915E-08 9.6187689E-09 1.2478204E-08 1.7231018E-08 2.5288916E-08 9.6994670E-09 1.4187874E-08 2.3171356E-08 3.0041786E-08  286.8310 285.6647 290.0176 297.4425 283.8285 286.3950 291.7155 296.1523 282.0567 285.8225 289.0270 289.4780 280.6635 283.3448 284.1079 283.5779 276.2669 278.6711 278.8635 278.7113  1.52667
1963 2.0842238E-08 2.8787731E-08 3.1774835E-08 2.3114117E-08 2.1414399E-08 2.7775467E-08 2.1847514E-08 1.6046325E-08 1.7219948E-08 1.8123982E-08 1.8949494E-08 2.1622311E-08 1.0483703E-08 1.2414721E-08 2.0084039E-08 2.9826140E-08 1.0121133E-08 1.3541491E-08 2.1078073E-08 2.7432563E-08  286.3455 284.9802 289.4769 297.4167 282.8716 285.2475 290.5545 296.1326 281.3433 284.8183 287.8316 288.4763 280.6176 282.9992 283.3859 282.6194 276.5056 278.7693 278.7113 278.1500  0
1964 1.0534504E-08 1.7951999E-08 2.2025107E-08 1.9719748E-08 1.1651432E-08 1.7925633E-08 1.3330391E-08 1.2716520E-08 1.2840061E-08 1.2841731E-08 1.2638221E-08 1.5440301E-08 9.1945074E-09 1.0160651E-08 1.4390434E-08 2.1623471E-08 8.6100886E-09 1.0089988E-08 1.4031659E-08 2.0830806E-08  286.8511 285.3572 289.6074 297.5449 283.9047 285.9062 291.1329 296.2268 282.2804 285.5483 288.5425 289.0427 280.8891 283.2803 283.9338 283.3189 276.3909 278.6829 278.7421 278.4561  95.8367
1965 1.6442645E-08 2.5827996E-08 2.9548607E-08 2.1577330E-08 1.8059486E-08 2.3500041E-08 1.7218259E-08 1.4312012E-08 1.8583359E-08 1.7650351E-08 1.7902686E-08 2.2013513E-08 1.2056256E-08 1.3567250E-08 2.2787507E-08 3.6517367E-08 1.1378908E-08 1.5226188E-08 2.3705999E-08 3.3059571E-08  286.5182 285.1476 289.3562 297.3528 282.9415 285.1824 290.2492 296.0884 280.8864 284.2021 286.9982 287.7737 279.7177 281.9049 282.0180 281.3631 275.5444 277.5810 277.1758 276.6300  0.56
1966 1.7620318E-08 2.7801853E-08 3.2953476E-08 2.9175940E-08 1.6282236E-08 2.3818826E-08 1.9893765E-08 2.0109098E-08 1.3987836E-08 1.4307465E-08 1.5643559E-08 2.0879760E-08 9.0583017E-09 1.0780083E-08 1.7430065E-08 3.0470090E-08 9.8542010E-09 1.3448523E-08 2.1503123E-08 2.9873849E-08  286.5876 284.7975 289.0342 297.5478 283.0472 285.1055 290.2728 296.2312 281.2047 284.6233 287.6674 288.3638 280.2264 282.7285 283.2093 282.4979 276.0131 278.3388 278.4016 278.0467  0
1967 1.0512800E-08 1.6768341E-08 2.0061865E-08 1.8994305E-08 1.1328802E-08 1.6635925E-08 1.2205764E-08 1.2527283E-08 1.3721243E-08 1.2884584E-08 1.2090116E-08 1.5076287E-08 1.1747814E-08 1.2644215E-08 1.7735966E-08 2.5460796E-08 1.0983118E-08 1.4088975E-08 2.0472502E-08 2.7284866E-08  286.5957 285.2802 289.6704 297.5112 283.4450 285.8694 291.2087 296.2014 281.7155 285.4103 288.6800 289.1041 280.4539 283.1433 283.8356 283.2585 276.0721 278.5148 278.7106 278.5324  0
1968 2.2011513E-08 2.9410451E-08 3.1435970E-08 2.5456727E-08 2.1646878E-08 2.9170941E-08 2.4137972E-08 2.0534205E-08 2.1751013E-08 2.1196456E-08 2.0957007E-08 2.3259831E-08 1.3685945E-08 1.5310956E-08 2.4036879E-08 3.3989732E-08 1.0970505E-08 1.3521847E-08 2.0856044E-08 2.9441562E-08  286.0634 284.4869 288.7554 297.3302 282.5227 284.5775 289.6550 296.0687 280.7559 283.9108 286.8439 287.7739 279.8984 281.9572 282.2698 281.8015 275.8492 277.9462 277.8437 277.4464  40.2033
1969 1.3784565E-08 2.4481357E-08 2.8731497E-08 2.5710893E-08 1.4060920E-08 1.9425920E-08 1.4894709E-08 1.7121229E-08 1.4808314E-08 1.3075443E-08 1.3128839E-08 1.8285611E-08 1.0483647E-08 1.2452035E-08 1.8470248E-08 2.6591309E-08 1.0947971E-08 1.3728817E-08 2.0316779E-08 2.7485624E-08  286.5485 284.6488 288.9879 297.5837 283.2133 285.3864 290.5176 296.2483 281.6990 285.0713 287.9687 288.4315 280.6107 283.0869 283.5593 282.7745 276.2889 278.7265 278.8831 278.5101  0
1970 1.1896366E-08 1.8312733E-08 2.1744151E-08 1.9558124E-08 1.4079787E-08 1.7345272E-08 1.2390609E-08 1.1743518E-08 1.4503715E-08 1.2021240E-08 1.2110090E-08 1.4452342E-08 8.9810053E-09 9.9237649E-09 1.4498110E-08 2.2534092E-08 7.1556583E-09 9.6715294E-09 1.5811827E-08 2.2103526E-08  286.7415 285.1524 289.2557 297.3600 283.5157 285.6033 290.6878 296.0953 281.7123 285.0175 287.9799 288.5347 280.5776 282.9124 283.3774 282.6780 276.3432 278.6608 278.6841 278.2954  37.8657
1971 1.2505715E-08 1.7842087E-08 2.2569553E-08 1.8507041E-08 1.1793737E-08 1.8124453E-08 1.5036846E-08 1.1862761E-08 1.3036545E-08 1.3713474E-08 1.3456440E-08 1.5931581E-08 1.0085323E-08 1.1916988E-08 1.9049182E-08 2.8653171E-08 1.1148154E-08 1.3675636E-08 2.1019336E-08 2.9916290E-08  286.7269 285.4707 289.5928 297.3713 283.5248 285.6873 290.7227 296.1070 281.6823 284.8659 287.6336 288.2870 280.3477 282.5318 282.7289 282.0427 275.6453 277.7477 277.6692 277.2646  0.506667
1972 2.0960728E-08 3.2977649E-08 3.1545390E-08 2.4985626E-08 2.1253502E-08 2.7580102E-08 2.0190130E-08 1.9391209E-08 1.8603384E-08 1.7152171E-08 1.7205949E-08 2.3336030E-08 1.2670618E-08 1.3820698E-08 1.9319604E-08 3.0340406E-08 1.3061960E-08 1.5551860E-08 2.2560599E-08 2.9015663E-08  286.3355 284.4093 288.7975 297.2808 282.8392 284.9531 290.1305 296.0438 281.1528 284.5479 287.5650 288.2351 280.0728 282.6377 283.1479 282.4626 275.8128 278.2899 278.4601 278.1851  13.1133
1973 9.3264596E-09 1.7065000E-08 2.2470937E-08 1.6375072E-08 8.3438589E-09 1.5916438E-08 1.2958395E-08 1.0815227E-08 1.0358993E-08 1.1036239E-08 1.0626219E-08 1.2337006E-08 8.5690584E-09 8.7946201E-09 1.4345408E-08 2.2522279E-08 7.5538313E-09 8.9645020E-09 1.5988775E-08 2.4877382E-08  286.8996 285.8359 290.3060 297.5805 284.1414 286.6703 292.0977 296.2585 282.4461 286.1797 289.5552 290.0007 281.1146 283.8933 284.8347 284.1381 276.9521 279.5251 279.7395 279.4552  277.49
1974 7.4714892E-09 1.3695581E-08 1.9160209E-08 1.6044153E-08 8.5280218E-09 1.4063743E-08 9.9282174E-09 9.2896251E-09 1.0610567E-08 1.0276290E-08 9.1334860E-09 1.1741125E-08 1.0618833E-08 1.1806547E-08 1.6494134E-08 2.2926516E-08 1.1701076E-08 1.5957683E-08 2.1676545E-08 2.6709605E-08  286.3088 285.4647 289.8986 297.5402 283.3672 286.2212 291.5601 296.2352 281.9748 285.6981 288.8162 288.9979 280.8162 283.2623 283.7223 282.8952 276.4083 278.4506 278.2361 277.8128  42.3
1975 1.0241375E-08 1.6562471E-08 2.2939066E-08 1.7834093E-08 1.0414149E-08 1.5455136E-08 1.1753701E-08 1.1333296E-08 1.0414177E-08 1.0102532E-08 9.9523767E-09 1.3062618E-08 9.1616847E-09 1.0924010E-08 1.5904320E-08 2.2853609E-08 1.0813124E-08 1.5143153E-08 2.0859028E-08 2.6348609E-08  286.8746 285.8807 290.1066 297.5045 283.9595 286.5721 291.7032 296.2068 282.4687 285.9560 288.8866 289.3012 281.0561 283.3976 283.7977 283.1434 276.4236 278.6517 278.5377 278.3163  151.967
1976 1.2455588E-08 2.0511425E-08 2.3485743E-08 1.9929463E-08 1.3320394E-08 1.9117037E-08 1.5331210E-08 1.2965773E-08 1.3495550E-08 1.4181329E-08 1.5946958E-08 1.9256472E-08 1.0639973E-08 1.2820720E-08 2.0550102E-08 2.9218779E-08 9.5622159E-09 1.2506843E-08 2.0309407E-08 2.8054615E-08  286.1745 284.8795 289.2114 297.4769 282.6932 285.1178 290.3862 296.1866 281.0236 284.5876 287.5356 288.1490 280.1225 282.6269 283.0852 282.3656 276.0172 278.4182 278.4513 277.9917  89.1667
1977 1.5188403E-08 2.1814433E-08 2.5375313E-08 2.1712966E-08 1.4249654E-08 1.8195575E-08 1.6105732E-08 1.3911282E-08 1.3851611E-08 1.1536405E-08 1.0363494E-08 1.3388433E-08 9.6629176E-09 9.3786188E-09 1.2571579E-08 1.9524720E-08 8.8552463E-09 1.0648193E-08 1.5619818E-08 2.1622311E-08  286.4824 285.0441 289.4584 297.4573 283.4077 285.8460 291.0217 296.1746 281.9889 285.6089 288.6123 288.9315 281.1847 283.6419 284.0955 283.2285 276.9680 279.3076 279.2931 278.7684  187.1
1978 2.2283585E-08 3.0824697E-08 3.1016622E-08 2.6292824E-08 2.0090688E-08 2.5701569E-08 2.0110159E-08 1.8440714E-08 1.9393321E-08 1.8555298E-08 1.7098422E-08 2.2183903E-08 1.3643053E-08 1.5662019E-08 2.3984699E-08 3.7686295E-08 1.0993540E-08 1.4523917E-08 2.2582773E-08 3.3655336E-08  286.3283 284.7834 289.1821 297.4868 282.8099 285.0488 290.3662 296.1854 280.9775 284.3309 287.4335 288.2578 280.0291 282.2250 282.5650 281.9610 275.8641 277.9859 277.8800 277.3487  81.8333
1979 1.7216504E-08 2.6283296E-08 2.8482170E-08 2.3237947E-08 1.7968276E-08 2.5052186E-08 1.7812051E-08 1.6435266E-08 1.5957578E-08 1.5526483E-08 1.5352647E-08 1.8150914E-08 1.0706222E-08 1.2157559E-08 1.8523098E-08 2.6724274E-08 8.9423962E-09 1.1370377E-08 1.7509242E-08 2.4425233E-08  286.4087 284.5547 288.6942 297.4068 282.9789 284.8364 289.7998 296.1325 281.2938 284.2951 287.1657 287.7656 280.3901 282.4773 282.7491 281.8454 276.4653 278.5364 278.3151 277.6175  1505.3
1980 1.4364381E-08 2.3595346E-08 2.5585704E-08 2.2456858E-08 1.5778310E-08 2.0034937E-08 1.4498291E-08 1.4470598E-08 1.6824282E-08 1.5328014E-08 1.5147215E-08 2.1156993E-08 1.2492039E-08 1.5760545E-08 2.3497215E-08 3.5002856E-08 1.1164926E-08 1.6394591E-08 2.5135664E-08 3.3665710E-08  286.4587 284.8992 289.2497 297.4607 283.0562 285.4647 290.6614 296.1671 281.1768 284.7492 287.6151 288.0695 279.8203 282.2922 282.6002 281.8446 275.5247 277.8204 277.7444 277.2258  18.9
1981 1.4600340E-08 2.3599069E-08 2.6502896E-08 2.2554504E-08 1.4438329E-08 2.2630321E-08 1.7498637E-08 1.4347338E-08 1.5125782E-08 1.6371752E-08 1.7076616E-08 1.9871903E-08 1.0475449E-08 1.1866694E-08 1.8217237E-08 2.9180695E-08 8.6951557E-09 1.1221364E-08 1.7371866E-08 2.4589195E-08  286.4323 284.5337 288.7468 297.3274 283.0430 285.0706 290.1741 296.0752 281.3146 284.6375 287.5270 288.1265 280.2377 282.7160 283.2029 282.4809 276.1337 278.7626 278.8684 278.4745  2277.73
1982 1.4501190E-08 2.1862022E-08 2.4110470E-08 2.0378703E-08 1.5448760E-08 1.9510317E-08 1.4244325E-08 1.5193857E-08 1.5145979E-08 1.5590224E-08 1.4884212E-08 1.9807826E-08 1.2850443E-08 1.4920543E-08 1.9968617E-08 2.8017736E-08 1.2036836E-08 1.3981274E-08 1.8155326E-08 2.4728678E-08  286.5002 285.2516 289.5871 297.4160 283.1883 285.7983 291.1033 296.1392 281.5388 285.3329 288.3413 288.7336 280.5370 283.1158 283.6157 282.9207 276.3431 278.8174 278.9052 278.5844  45.9333
1983 1.6564957E-08 2.7364287E-08 2.9237665E-08 2.6533362E-08 1.4996548E-08 2.2520094E-08 1.6991413E-08 1.5680305E-08 1.3878913E-08 1.3914022E-08 1.4739147E-08 1.9213100E-08 1.0080459E-08 1.1180575E-08 1.8038127E-08 3.0517818E-08 1.0088446E-08 1.1231007E-08 1.7294139E-08 2.6923468E-08  286.9102 285.0094 289.0598 297.8767 283.4466 285.2915 290.2756 296.4711 281.4096 284.4457 287.3122 288.0305 279.9848 282.1719 282.6350 281.9748 275.7071 277.8923 277.9047 277.5185  104.397
1984 1.1829184E-08 1.6540909E-08 1.9732111E-08 1.6167927E-08 1.0883236E-08 1.5164771E-08 1.1417668E-08 9.7848121E-09 1.0443856E-08 1.0993968E-08 1.0206363E-08 1.1260752E-08 8.5430774E-09 1.0329198E-08 1.6568501E-08 2.2638128E-08 8.4114786E-09 1.1926567E-08 2.0272287E-08 2.8743534E-08  286.9068 285.9517 290.3876 297.4503 284.1282 286.9231 292.1644 296.1714 282.7267 286.4962 289.6242 289.7303 281.5428 284.0916 284.7112 283.9647 277.2595 279.4129 279.4144 279.1557  0
1985 1.1740998E-08 1.7940788E-08 2.2027059E-08 1.7625995E-08 1.3308637E-08 1.7819868E-08 1.3938853E-08 1.4218444E-08 1.4541571E-08 1.5596173E-08 1.5138582E-08 1.6312850E-08 1.2360243E-08 1.4587415E-08 2.0972454E-08 2.7830582E-08 1.1348882E-08 1.6181946E-08 2.3471378E-08 2.8728270E-08  287.2157 286.2384 290.5729 297.5387 284.2061 287.0592 292.3567 296.2377 282.6103 286.4074 289.5718 289.8574 281.4297 284.0262 284.5903 283.8970 276.9901 279.4130 279.5351 279.2272  3.66467
1986 2.2919428E-08 3.4132611E-08 3.5975230E-08 2.8068216E-08 2.3437071E-08 3.0546783E-08 2.3862068E-08 1.9769439E-08 2.0578398E-08 1.8162089E-08 2.0603082E-08 2.5185575E-08 1.4058416E-08 1.4211813E-08 2.1806070E-08 3.3915999E-08 1.2293269E-08 1.5373761E-08 2.2149937E-08 2.9571709E-08  286.1590 284.5262 288.9222 297.4349 282.6473 284.6672 289.8463 296.1626 280.7781 284.0469 287.0225 287.9401 279.7278 282.1261 282.5943 281.9726 275.7496 278.0686 278.1311 277.7632  573.167
1987 1.5070198E-08 2.0952001E-08 2.5075888E-08 2.5617391E-08 1.5784392E-08 1.9156436E-08 1.4579319E-08 1.6903027E-08 1.4304564E-08 1.4372343E-08 1.4211150E-08 1.8262392E-08 9.8512505E-09 1.1751156E-08 1.7130176E-08 2.5148376E-08 9.2622425E-09 1.2052864E-08 1.7446695E-08 2.3235698E-08  286.2435 284.6270 289.1326 297.5958 283.0852 285.5518 290.8597 296.2698 281.7024 285.3011 288.3787 288.5360 280.7344 283.3120 283.8541 282.8722 276.5717 278.9842 279.1280 278.6041  6366.67
1988 1.1802592E-08 1.7204330E-08 1.8973815E-08 1.5550341E-08 1.0977025E-08 1.4846575E-08 1.1330346E-08 1.2057934E-08 9.8429300E-09 9.9090709E-09 9.7888337E-09 1.3206031E-08 7.0173392E-09 8.1977705E-09 1.1969412E-08 1.9951669E-08 8.3520879E-09 1.0033013E-08 1.3992376E-08 2.0438016E-08  286.6012 285.3654 289.8955 297.4799 284.0292 286.6007 291.9292 296.1953 282.8918 286.4695 289.5953 289.8565 281.8812 284.3120 284.8499 284.0998 277.5024 279.6573 279.5907 279.1411  84.5
1989 9.6389021E-09 1.6393908E-08 2.2219586E-08 1.9003148E-08 9.9778772E-09 1.6607716E-08 1.2269656E-08 1.3774625E-08 1.2208854E-08 1.3983345E-08 1.3038268E-08 1.6531896E-08 1.0614714E-08 1.4323062E-08 2.0772736E-08 2.5163674E-08 9.9988506E-09 1.4182436E-08 2.3665230E-08 2.8343537E-08  286.9568 285.9121 290.2511 297.5305 284.1561 286.6779 291.8353 296.2308 282.4844 286.0038 289.0042 289.3370 281.0130 283.4269 283.8542 283.1995 276.5342 278.7154 278.5570 278.3033  0.427
1990 1.7578769E-08 2.7748909E-08 2.8037306E-08 2.3976831E-08 1.7789265E-08 2.2984690E-08 1.7273919E-08 1.4538090E-08 1.7096443E-08 1.4184423E-08 1.4094047E-08 1.8440536E-08 1.2542714E-08 1.3892594E-08 1.9514935E-08 2.9588110E-08 1.1550407E-08 1.5717282E-08 2.3540645E-08 3.0886898E-08  286.3413 284.5518 288.9125 297.4771 282.6324 284.8632 290.1047 296.1902 281.0516 284.4676 287.4922 288.3207 280.2729 282.6840 283.1644 282.6676 276.1199 278.4894 278.6114 278.4187  0
1991 1.7939749E-08 2.7239894E-08 2.8611002E-08 2.1540446E-08 1.5479724E-08 2.4712929E-08 2.0867834E-08 1.9119152E-08 1.3605019E-08 1.5068505E-08 1.7841870E-08 2.4039457E-08 9.3126182E-09 1.1128602E-08 1.8286961E-08 3.0542989E-08 9.2335029E-09 1.1286569E-08 1.9465171E-08 2.7693725E-08  286.7665 285.6516 289.9698 297.7992 283.5611 285.9393 291.0636 296.4064 281.7441 285.2941 288.2502 288.8224 280.6331 283.1994 283.5661 282.9662 276.4035 278.8885 278.8193 278.4793  0
1992 1.5514038E-08 2.5332469E-08 2.5591241E-08 2.0274985E-08 1.5133931E-08 2.1307519E-08 1.5940429E-08 1.4818638E-08 1.2946478E-08 1.1021524E-08 1.0381846E-08 1.5545679E-08 8.2220808E-09 7.8261237E-09 1.2638416E-08 2.2756891E-08 9.7091011E-09 1.2294429E-08 1.8410111E-08 2.5946227E-08  286.4195 284.6406 288.9681 297.4072 282.9988 285.2054 290.4041 296.1365 281.4474 284.9546 287.9699 288.3631 280.6634 283.1441 283.6784 282.8336 276.4713 278.8226 278.9504 278.5179  1154.33
1993 3.2308460E-08 4.4907082E-08 4.2061554E-08 3.6065344E-08 3.3348883E-08 3.7472329E-08 2.6158450E-08 2.5896785E-08 2.8356078E-08 2.1886139E-08 2.0193724E-08 2.7398878E-08 1.8195509E-08 1.6952953E-08 2.2405480E-08 3.3446366E-08 1.4280426E-08 1.6119099E-08 2.3420885E-08 3.1230357E-08  285.2501 283.2952 287.9135 297.5299 281.3269 283.2195 288.7082 296.2234 279.5201 282.8710 286.0050 286.9590 279.0440 281.4641 281.9862 281.2225 275.2620 277.7348 277.8574 277.2687  88.5667
1994 2.0178817E-08 2.9054638E-08 3.1232361E-08 2.1210763E-08 1.9062847E-08 2.5139496E-08 1.8512150E-08 1.4333536E-08 1.7352612E-08 1.7606174E-08 1.6228281E-08 1.8901627E-08 1.3224554E-08 1.6471933E-08 2.4403954E-08 3.2500328E-08 1.2697508E-08 1.7043444E-08 2.7065393E-08 3.5784506E-08  286.3684 285.0106 289.3331 297.5935 283.1542 285.3963 290.5643 296.2750 281.4694 284.8352 287.8607 288.5135 280.1797 282.6874 283.3175 282.8724 275.7960 278.2599 278.6069 278.6002  19.6
1995 2.5666210E-08 3.4147174E-08 3.3870627E-08 2.7082066E-08 2.7261931E-08 3.2064211E-08 2.3055653E-08 1.7525807E-08 2.5103867E-08 2.4475776E-08 2.1139602E-08 2.0049471E-08 1.6483833E-08 1.9492989E-08 2.6716160E-08 3.2747948E-08 1.3087468E-08 1.7731070E-08 2.6328417E-08 3.2134661E-08  286.5386 284.9756 289.5360 297.8571 283.1201 285.2169 290.7031 296.4498 281.4073 284.7379 288.0258 288.9941 280.5872 282.9275 283.6419 283.2240 276.3829 278.7584 279.0972 278.8890  18.7333
1996 1.6072766E-08 2.3328317E-08 2.5560190E-08 2.3545505E-08 1.7401900E-08 2.2196273E-08 1.5649343E-08 1.4761938E-08 1.5440433E-08 1.3953761E-08 1.4545369E-08 1.8916674E-08 9.6858637E-09 1.1471392E-08 1.7737509E-08 3.0297343E-08 1.0525294E-08 1.3748712E-08 1.9690869E-08 2.7948513E-08  286.6602 285.1083 289.4387 297.6234 283.4218 285.4946 290.6594 296.2940 281.7618 285.0092 288.0287 288.7404 280.5628 282.9208 283.4497 282.7919 276.1014 278.4706 278.4598 278.1079  9.04333
1997 1.8213129E-08 3.1492537E-08 3.4223877E-08 3.2006781E-08 2.0364633E-08 2.6046790E-08 2.1750123E-08 2.0818160E-08 1.8573989E-08 1.7287762E-08 1.8746737E-08 2.2874183E-08 1.2474181E-08 1.3110409E-08 2.0994824E-08 3.2395057E-08 1.0478742E-08 1.2701515E-08 2.0298634E-08 3.0720177E-08  285.3595 283.4552 288.2989 297.5768 281.9273 284.1639 289.5858 296.2614 280.7066 284.1342 287.2378 287.9945 280.0506 282.6476 283.1215 282.6021 276.2238 278.7059 278.8541 278.5848  2758.72
1998 1.2224167E-08 1.8212781E-08 2.2592857E-08 1.6489174E-08 8.9347658E-09 1.6441264E-08 1.2273670E-08 1.0079174E-08 8.5502787E-09 1.0093456E-08 9.8077031E-09 1.0307176E-08 5.7672311E-09 6.8162738E-09 1.1460835E-08 2.0511928E-08 6.1673386E-09 7.9061424E-09 1.2822221E-08 2.0361067E-08  287.4305 286.2154 290.3822 297.4326 284.8259 287.2511 292.3726 296.1630 283.2999 286.8712 289.8731 290.0280 281.8033 284.3526 284.9907 284.0923 277.2681 279.5955 279.6847 279.1339  0
1999 8.7740899E-09 1.5848309E-08 1.6801115E-08 1.4583217E-08 6.7706636E-09 1.3171779E-08 8.4542719E-09 7.9987661E-09 8.2366753E-09 9.6434336E-09 7.6740507E-09 7.9528899E-09 7.1105184E-09 7.4426612E-09 9.2999661E-09 1.5215798E-08 7.0723787E-09 7.6500735E-09 1.0434273E-08 1.6229002E-08  287.2215 286.0734 290.4492 297.7213 284.9224 287.5303 292.8317 296.3660 283.7549 287.5739 290.7452 290.6121 282.4750 285.2718 286.0906 285.0868 278.3036 280.7786 280.8699 280.2786  60.1367
2000 1.4353255E-08 2.2713973E-08 2.6913353E-08 2.1411166E-08 1.6569414E-08 2.1161419E-08 1.7319428E-08 1.5388656E-08 1.8120735E-08 1.6758886E-08 1.4468808E-08 1.6743066E-08 1.4213343E-08 1.6607272E-08 2.2230903E-08 2.8292304E-08 1.2247317E-08 1.8177010E-08 2.7967127E-08 3.3089808E-08  286.9937 285.8187 290.1030 297.7891 284.0069 286.5172 291.5954 296.4142 282.4039 286.0429 289.0406 289.4608 281.0927 283.6094 284.1555 283.6320 276.6812 278.8719 278.9571 278.9436  23.2353
2001 1.5601627E-08 2.4139950E-08 2.7811101E-08 2.2931202E-08 1.6197589E-08 2.2302679E-08 1.7630487E-08 1.7321835E-08 1.8252921E-08 1.7104705E-08 1.7047613E-08 2.1775584E-08 1.4267410E-08 1.6259463E-08 2.3641272E-08 3.7750443E-08 1.3224147E-08 1.7333232E-08 2.6894037E-08 3.7126856E-08  286.8432 285.6828 290.0679 297.7815 283.6621 286.1562 291.3709 296.4095 281.9525 285.4546 288.7003 289.4980 280.5883 283.0949 283.7975 283.5282 276.2903 278.5273 278.6514 278.5947  3.12867
2002 1.5794509E-08 2.3123450E-08 2.6328085E-08 1.9496353E-08 1.7485076E-08 2.2040204E-08 1.7191180E-08 1.4319027E-08 1.5547574E-08 1.3510570E-08 1.2694612E-08 1.5804893E-08 1.0404630E-08 1.0593542E-08 1.6544629E-08 2.6779384E-08 1.1710240E-08 1.3004090E-08 2.0089896E-08 2.9385653E-08  286.8599 285.6389 289.9050 297.5499 283.6905 286.1115 291.3717 296.2337 281.9987 285.5110 288.7672 289.2596 280.6108 283.1547 283.8974 283.4063 276.1208 278.5688 278.7450 278.5252  0.0106667
2003 1.6191247E-08 1.8833832E-08 2.3372140E-08 1.7226675E-08 1.5691947E-08 2.0162869E-08 1.5932081E-08 1.3487712E-08 1.8209704E-08 1.7455575E-08 1.6398879E-08 1.7652075E-08 1.3409532E-08 1.4699939E-08 2.3067640E-08 3.0754990E-08 1.1985713E-08 1.5361115E-08 2.3695936E-08 3.1957335E-08  286.8228 285.9442 290.2855 297.5756 283.9711 286.5518 291.7835 296.2029 282.2107 285.6219 288.8385 289.6405 280.7508 282.9748 283.5905 283.4684 276.4340 278.3514 278.3460 278.3489  52.4667
2004 9.4474570E-09 1.7088139E-08 2.1149033E-08 1.7390430E-08 9.5011492E-09 1.6658561E-08 1.1705126E-08 1.0394928E-08 1.2238080E-08 1.0828926E-08 1.0191446E-08 1.3867707E-08 1.0595435E-08 1.2045061E-08 1.7656681E-08 2.5270543E-08 9.9710737E-09 1.4392834E-08 2.2748821E-08 2.9290469E-08  286.9549 285.7727 290.1383 297.2408 284.0757 286.6476 291.8740 296.0081 282.4221 286.1747 289.2890 289.5409 281.1793 283.8393 284.5242 283.9854 276.8836 279.3938 279.7275 279.5042  271.367
2005 1.4751347E-08 2.2734858E-08 2.5702244E-08 2.2469569E-08 1.5463080E-08 2.0195447E-08 1.3169719E-08 1.1903694E-08 1.6550713E-08 1.3574089E-08 1.1479093E-08 1.2086448E-08 1.2293762E-08 1.2458446E-08 1.7885963E-08 2.4282892E-08 1.1583065E-08 1.4357005E-08 2.2163885E-08 2.8253121E-08  286.4354 284.9815 289.6166 297.6476 283.3042 285.7499 291.1923 296.3087 281.8747 285.3834 288.5770 289.2109 281.2567 283.6160 284.0712 283.4658 277.4794 279.5662 279.5364 279.1352  106.8
2006 1.9377159E-08 2.7504470E-08 2.8483658E-08 2.3451154E-08 1.8372045E-08 2.4702198E-08 2.2124354E-08 1.8608961E-08 1.4805674E-08 1.4251618E-08 1.8151674E-08 2.3695501E-08 1.2520342E-08 1.3483254E-08 2.1608223E-08 3.3203438E-08 1.2057868E-08 1.6051921E-08 2.3781272E-08 3.3061738E-08  286.5959 285.1686 289.5038 297.7501 283.1331 285.3191 290.5259 296.3985 281.3255 284.6925 287.7815 288.5323 280.1492 282.6605 283.2275 282.7496 276.0090 278.3945 278.5936 278.3673  0.449
2007 1.9131040E-08 2.6162823E-08 2.7001825E-08 2.1712049E-08 1.8898593E-08 2.4133380E-08 1.7764284E-08 1.5841689E-08 1.8782519E-08 1.5715248E-08 1.4324851E-08 1.7296690E-08 1.3837829E-08 1.3848552E-08 1.6056680E-08 2.4180103E-08 1.2659680E-08 1.5840532E-08 1.9944386E-08 2.3028942E-08  286.9167 285.3514 289.3975 297.9655 283.6009 285.4957 290.5681 296.5471 281.7466 284.9064 287.8174 288.3788 280.5671 282.8677 283.2751 282.4861 276.4416 278.6890 278.6444 277.9818  303.723
2008 6.6006871E-09 9.9134585E-09 1.5049558E-08 1.4910817E-08 6.4440209E-09 8.8149843E-09 6.7512045E-09 8.2764675E-09 8.2350393E-09 7.6220772E-09 6.8864585E-09 1.0594172E-08 7.1950561E-09 8.0615337E-09 1.4086642E-08 2.2007351E-08 8.0082518E-09 1.0283074E-08 1.6457113E-08 2.4852055E-08  287.9171 287.1809 291.1165 297.4420 285.0970 287.9207 292.9981 296.1641 283.3482 287.2114 290.3524 290.5141 281.7081 284.3726 285.2053 284.6216 277.1169 279.5730 279.9009 279.7445  4.213
2009 1.0829536E-08 1.9833722E-08 2.3930061E-08 2.3047201E-08 1.1650329E-08 1.8645197E-08 1.4384044E-08 1.4782559E-08 1.3162922E-08 1.3834061E-08 1.4437533E-08 1.8835767E-08 9.5944506E-09 1.0426668E-08 1.6229647E-08 2.7168653E-08 8.9119423E-09 1.0741928E-08 1.7023835E-08 2.5729504E-08  286.6051 285.0876 289.2457 297.7027 283.2681 285.4405 290.5885 296.3585 281.5699 284.8711 287.8721 288.4026 280.6324 282.9398 283.3233 282.7323 276.6574 278.9259 278.9587 278.5803  0
2010 1.4275544E-08 2.3059359E-08 2.6507999E-08 2.2332634E-08 1.2465897E-08 1.7972971E-08 1.5085595E-08 1.3298892E-08 1.5176735E-08 1.2721205E-08 1.3110180E-08 1.5649714E-08 1.2474100E-08 1.2598115E-08 1.9226302E-08 2.7047573E-08 1.0816988E-08 1.2036108E-08 1.9453948E-08 2.7500107E-08  286.9634 285.5351 289.7291 297.8517 284.2457 286.1455 291.1407 296.4597 282.4605 285.4998 288.3011 288.9350 280.7278 283.0407 283.6011 283.0422 276.2907 278.5359 278.6214 278.2744  7.15533
2011 8.6791552E-09 1.5226947E-08 2.2567855E-08 1.4745657E-08 8.6257304E-09 1.4458650E-08 1.5483316E-08 1.2657776E-08 1.1184251E-08 1.0375956E-08 1.4705446E-08 1.9407837E-08 9.3085433E-09 1.1232619E-08 2.0663762E-08 3.3479655E-08 9.1202406E-09 1.2902549E-08 2.1961814E-08 3.1357892E-08  287.2391 286.4216 290.6428 297.3762 284.2705 287.0317 292.0685 296.1158 282.5382 286.0969 289.0007 289.4868 281.0235 283.4182 283.8105 283.1893 276.4421 278.6830 278.6301 278.2429  0
2012 1.7586542E-08 2.3847905E-08 2.6443598E-08 2.0395973E-08 2.0504071E-08 2.5295060E-08 1.8853306E-08 1.8144636E-08 1.8284465E-08 1.6878042E-08 1.6404757E-08 2.0647887E-08 1.1605550E-08 1.3735009E-08 2.0356111E-08 3.2114119E-08 1.0330103E-08 1.4166695E-08 2.2087256E-08 3.0761491E-08  286.5679 285.2065 289.5513 297.3998 283.1598 285.5067 290.8390 296.1328 281.3558 285.0106 288.1842 288.7521 280.5700 283.0206 283.6147 282.8489 276.6352 279.0026 279.0155 278.5800  0
2013 1.1568368E-08 1.8270645E-08 2.1980263E-08 1.5972793E-08 1.0991902E-08 1.7720792E-08 1.2339449E-08 1.0633749E-08 1.1223193E-08 1.1749728E-08 1.0539276E-08 1.4505902E-08 7.7685964E-09 9.0544097E-09 1.4969428E-08 2.5157673E-08 7.7073237E-09 9.7619859E-09 1.6693777E-08 2.6221823E-08  287.2741 286.2593 290.6158 297.7384 284.4661 287.0437 292.3196 296.3749 282.9785 286.5749 289.6602 289.9283 281.6935 284.2237 284.8235 284.2268 277.4953 279.7910 279.8913 279.8219  0
2014 1.0561821E-08 2.0160950E-08 2.4347443E-08 2.3566054E-08 1.1414395E-08 1.6523027E-08 1.2707440E-08 1.4527387E-08 1.1916164E-08 1.0587340E-08 1.0635160E-08 1.4913287E-08 8.3748795E-09 9.1540553E-09 1.3016473E-08 2.1132632E-08 7.8575582E-09 1.0288888E-08 1.5552887E-08 2.1515897E-08  286.5934 284.9594 289.2230 297.4005 283.3325 285.6713 290.8273 296.1357 281.7334 285.3192 288.4435 288.6591 280.7627 283.3022 283.8528 282.9313 276.6624 279.1452 279.1793 278.6278  0
2015 1.7734171E-08 2.7032346E-08 2.9990076E-08 2.4433149E-08 2.0068120E-08 2.5276897E-08 1.8495367E-08 1.7870651E-08 1.8744613E-08 1.7970851E-08 1.6555481E-08 2.0996477E-08 1.2096101E-08 1.4499143E-08 2.1410939E-08 3.0411432E-08 1.0844373E-08 1.4483334E-08 2.1626599E-08 3.0006508E-08  286.2031 284.6377 288.9257 297.4871 282.6144 284.7743 290.0120 296.1929 280.9821 284.2727 287.2123 287.8001 280.0825 282.3152 282.6254 281.9549 275.7359 278.1052 278.1081 277.7471  159.027
