STN,prec_1,prec_2,prec_3,prec_4,prec_5,prec_6,prec_7,prec_8,prec_9,prec_10,prec_11,prec_12,prec_13,prec_14,prec_15,prec_16,prec_17,prec_18,prec_19,prec_20,st_1,st_2,st_3,st_4,st_5,st_6,st_7,st_8,st_9,st_10,st_11,st_12,st_13,st_14,st_15,st_16,st_17,st_18,st_19,st_20,09.0
LAT,23.72017,23.72017,23.72017,23.72017,26.51077,26.51077,26.51077,26.51077,29.30136,29.30136,29.30136,29.30136,32.09194,32.09194,32.09194,32.09194,34.88252,34.88252,34.88252,34.88252,23.72017,23.72017,23.72017,23.72017,26.51077,26.51077,26.51077,26.51077,29.30136,29.30136,29.30136,29.30136,32.09194,32.09194,32.09194,32.09194,34.88252,34.88252,34.88252,34.88252,28.73664429
LON,-104.0625,-101.2500,-98.43750,-95.62500,-104.0625,-101.2500,-98.43750,-95.62500,-104.0625,-101.2500,-98.43750,-95.62500,-104.0625,-101.2500,-98.43750,-95.62500,-104.0625,-101.2500,-98.43750,-95.62500,-104.0625,-101.2500,-98.43750,-95.62500,-104.0625,-101.2500,-98.43750,-95.62500,-104.0625,-101.2500,-98.43750,-95.62500,-104.0625,-101.2500,-98.43750,-95.62500,-104.0625,-101.2500,-98.43750,-95.62500,-99.1447556
1958 4.7423239E-08 2.0882439E-08 1.8985123E-08 3.4944129E-08 3.6501209E-08 1.6202971E-08 9.2897592E-09 2.3791385E-08 1.9244847E-08 7.9275324E-09 7.1792954E-09 2.4457107E-08 1.1924839E-08 5.1820024E-09 8.1820337E-09 1.9486547E-08 1.6201263E-08 1.2045636E-08 1.5517239E-08 2.0290400E-08  293.4655 295.0388 300.1383 302.9619 294.7592 299.7228 306.5527 302.3043 298.5154 303.9435 307.1337 305.1209 301.0513 305.3644 306.3353 304.7917 298.9833 303.0472 304.6040 304.2110  968.367
1959 6.5722816E-08 2.9747143E-08 2.2379927E-08 3.6236997E-08 5.3318363E-08 2.4878995E-08 1.1619793E-08 2.6976775E-08 3.1308929E-08 1.2877918E-08 6.7900445E-09 2.6863459E-08 1.9404446E-08 1.0682392E-08 1.3445502E-08 2.6376577E-08 2.2046013E-08 1.8640007E-08 2.2922592E-08 2.6218958E-08  291.9439 293.9980 299.4646 302.6757 292.6692 298.3762 305.7485 302.0786 296.4415 302.5125 306.2530 304.1884 299.0921 303.6405 304.7251 302.9677 297.3858 301.2162 302.4346 302.0293  9.31667
1960 6.1510072E-08 2.3926273E-08 1.7995843E-08 3.4755466E-08 4.4567177E-08 1.7872440E-08 8.8452126E-09 2.4985040E-08 2.6015712E-08 1.0535952E-08 4.7838551E-09 2.6223161E-08 1.4928514E-08 6.8808665E-09 7.1740818E-09 2.0233369E-08 2.0434319E-08 1.6666247E-08 1.7482485E-08 1.6799422E-08  292.4941 294.7969 300.1255 302.6318 293.5672 299.2334 306.4175 302.0242 297.3029 303.4032 306.9988 304.7071 300.1234 304.9175 306.0686 304.1386 298.2262 302.4350 304.1346 303.9776  1.12333
1961 5.9508764E-08 2.4092746E-08 1.7522140E-08 2.8757883E-08 4.5298773E-08 1.9530038E-08 8.1160083E-09 1.9990729E-08 2.9542583E-08 1.4441757E-08 6.8704407E-09 2.9208605E-08 1.6814694E-08 9.9139923E-09 1.1400070E-08 2.5442150E-08 1.8504167E-08 1.6644030E-08 1.9773751E-08 2.1275017E-08  292.5615 294.6739 300.0343 302.5495 293.6561 299.0099 306.2777 301.8861 297.2591 302.9267 306.6123 304.2965 299.7916 304.2962 305.3854 303.2735 297.8733 301.9075 303.4501 303.1026  2.04667
1962 6.0373601E-08 2.7853250E-08 2.1603546E-08 3.9312219E-08 4.1778669E-08 1.8210867E-08 9.9012709E-09 3.4743643E-08 2.5166381E-08 1.0835735E-08 1.0226183E-08 3.4902168E-08 1.3258780E-08 9.0050358E-09 1.5546084E-08 3.1920738E-08 1.5702259E-08 1.4773592E-08 1.7997964E-08 2.1929692E-08  293.1512 295.2883 300.7161 303.5227 294.5497 299.8320 306.9475 302.9070 298.2520 303.7958 306.9698 304.3411 300.8933 305.0145 305.4478 303.0368 299.0617 302.6826 303.7665 302.9113  0
1963 5.8393020E-08 2.8226527E-08 2.0864576E-08 3.1554286E-08 4.2023785E-08 1.8449528E-08 1.0981533E-08 2.7519299E-08 2.6224692E-08 1.0629551E-08 8.0460589E-09 2.9366577E-08 1.4864391E-08 6.2780563E-09 1.0350921E-08 2.3900530E-08 1.5800316E-08 1.3570419E-08 1.6856676E-08 1.9222300E-08  292.4872 294.5917 300.0639 302.8171 293.9962 299.2671 306.4507 302.4543 298.1020 303.4524 306.8321 304.3716 300.7037 304.8251 305.5723 303.5541 298.8824 302.5796 303.8970 303.3864  0
1964 6.0613942E-08 2.9152408E-08 2.3960041E-08 3.6625437E-08 4.6661796E-08 2.0995124E-08 1.4530734E-08 3.3917370E-08 2.6109435E-08 1.0175445E-08 8.7972651E-09 3.2440923E-08 1.6230389E-08 7.1562711E-09 8.7790797E-09 2.1875891E-08 1.7410365E-08 1.2264910E-08 1.3043633E-08 1.5973185E-08  292.2970 294.2971 299.6105 302.4321 293.4815 298.6980 305.7836 301.9229 297.1892 302.8085 306.2923 304.0957 299.8118 304.2790 305.3599 303.6225 297.9602 302.0916 303.7779 303.4394  115.767
1965 5.7816180E-08 2.5731127E-08 1.2370699E-08 1.9660977E-08 3.7681097E-08 1.5415491E-08 4.9703330E-09 1.3361437E-08 2.3381654E-08 9.3901953E-09 4.5280095E-09 2.5059510E-08 1.5628393E-08 8.9528873E-09 9.2139478E-09 2.1768333E-08 1.6623503E-08 1.4636489E-08 1.4688182E-08 1.6615372E-08  292.3046 294.3242 299.7709 302.0650 293.8134 299.0496 306.3409 301.4734 297.2069 303.0873 306.5555 304.1707 299.3798 303.9932 305.1676 303.1827 297.6646 301.6899 303.4231 302.9374  0
1966 6.3263599E-08 2.3196007E-08 1.6529029E-08 2.5774028E-08 4.9182795E-08 1.6161332E-08 9.0672225E-09 2.0174893E-08 3.0450618E-08 1.1524439E-08 6.4037931E-09 2.8069374E-08 1.5391263E-08 8.9282590E-09 1.2672833E-08 2.5822636E-08 1.5924153E-08 1.4837735E-08 1.7223712E-08 2.2877170E-08  292.9116 295.2621 300.5432 302.5100 293.9506 299.7286 306.7120 301.9190 297.5598 303.5833 307.0107 304.2682 300.5084 304.7706 305.5818 303.3331 298.5702 302.4290 303.7716 302.8218  62.7057
1967 6.4031063E-08 3.0785433E-08 2.3445782E-08 3.3519576E-08 4.6634415E-08 2.2133298E-08 1.2116263E-08 2.4518252E-08 3.0239871E-08 1.2253996E-08 6.0291128E-09 2.7022505E-08 1.8820561E-08 9.8775113E-09 1.0369732E-08 2.1527859E-08 2.0288441E-08 1.6665423E-08 1.7301709E-08 1.8158666E-08  291.8166 293.9767 299.2996 302.2406 293.2165 298.5102 305.5857 301.6894 296.7100 302.6784 306.2974 304.0263 299.1711 303.8768 305.1298 303.4175 297.2054 301.3932 303.0354 302.7427  422.032
1968 6.1396214E-08 2.9885651E-08 2.0398927E-08 2.8528316E-08 4.0993392E-08 2.2504901E-08 1.1504079E-08 2.3805580E-08 2.3517899E-08 1.2047711E-08 8.1833527E-09 2.5909937E-08 1.4392503E-08 8.8274481E-09 1.0886007E-08 2.2772300E-08 1.5272942E-08 1.3127152E-08 1.4374038E-08 1.7925231E-08  292.2819 294.4054 299.9193 302.6253 293.9120 298.8106 306.1260 302.0327 297.4460 302.9819 306.5334 304.4064 299.9079 304.2477 305.4182 303.5869 297.9750 302.0376 303.8568 303.5303  2.76567
1969 5.2700077E-08 1.9761789E-08 1.4493324E-08 2.1420364E-08 3.6910027E-08 1.2772857E-08 5.3675526E-09 1.5659490E-08 2.2205047E-08 8.0931999E-09 3.4167107E-09 2.7052307E-08 1.2711342E-08 6.4423546E-09 9.3445953E-09 2.5040210E-08 1.3751989E-08 1.2740838E-08 1.5393908E-08 1.8198499E-08  293.2260 295.5230 300.7372 302.6842 294.4621 300.0969 307.2683 302.3051 298.3268 303.9138 307.3604 304.3810 300.8971 305.0218 305.6447 303.1236 299.0370 302.6019 303.9285 303.2334  0
1970 6.8740100E-08 2.9374151E-08 2.1306930E-08 3.3999651E-08 5.1418006E-08 2.2038160E-08 1.1195227E-08 2.4828157E-08 3.1192435E-08 1.5315759E-08 8.6898018E-09 3.0980999E-08 1.8576856E-08 1.4136245E-08 1.6160890E-08 2.8172353E-08 1.8129386E-08 1.9936607E-08 2.6974099E-08 2.6271737E-08  292.2534 294.3619 299.8525 302.4610 293.1349 298.7732 306.0777 301.8567 296.8954 302.8255 306.5374 303.8915 299.5598 303.9386 304.9615 302.8152 297.6528 301.4259 302.6256 302.2447  97.2
1971 6.0171523E-08 2.7548955E-08 2.0124482E-08 2.3295835E-08 4.3032443E-08 1.9622643E-08 1.0108990E-08 1.6820415E-08 2.7388420E-08 1.2508908E-08 5.9291163E-09 1.9210573E-08 1.6723034E-08 8.6727248E-09 9.1034220E-09 1.7298925E-08 1.6931949E-08 1.3673882E-08 1.5743179E-08 1.8259616E-08  291.8895 294.2697 299.6671 301.7477 293.0616 298.6975 306.0016 301.1996 296.7764 302.8235 306.6151 304.7246 299.3468 304.0089 305.3690 303.8949 297.4622 301.4160 303.2161 303.0068  116.467
1972 5.5455057E-08 2.6474092E-08 1.7697646E-08 2.4828914E-08 3.9768342E-08 1.9938891E-08 9.8083843E-09 1.9411035E-08 2.2936518E-08 9.2438412E-09 5.6037757E-09 2.1380375E-08 1.2578171E-08 6.4249375E-09 8.9605745E-09 1.8160719E-08 1.5120186E-08 1.3982923E-08 1.6917406E-08 1.8990281E-08  292.8275 294.4470 299.5044 302.1304 293.9506 298.7473 305.7886 301.6520 297.3507 302.7641 306.2810 304.2772 299.7839 303.9348 305.0061 303.4011 297.8126 301.5661 303.0021 302.5674  54.84
1973 6.4048955E-08 2.9143337E-08 2.3765702E-08 3.3736679E-08 4.7968015E-08 1.8702195E-08 9.0667873E-09 2.7232586E-08 2.7403436E-08 1.0318913E-08 6.1070633E-09 3.0176079E-08 1.6605952E-08 8.4260989E-09 1.1309168E-08 2.5854732E-08 1.7320888E-08 1.5449748E-08 1.7545442E-08 1.9567247E-08  292.3195 294.3974 299.5612 302.4222 293.2508 298.5829 305.8141 301.9422 297.2013 302.8403 306.4961 304.0904 299.7272 304.1037 305.1147 303.0611 297.8061 301.7563 303.1103 302.5468  497.6
1974 6.1965437E-08 2.6366610E-08 1.5578880E-08 3.0269888E-08 4.6899039E-08 2.0417877E-08 8.6736351E-09 2.3482349E-08 3.1265696E-08 1.2547828E-08 5.1351599E-09 2.9522690E-08 1.8899630E-08 8.8824788E-09 8.8560643E-09 2.7692620E-08 1.9113433E-08 1.5911775E-08 1.7834619E-08 2.2334650E-08  292.0948 294.6299 300.1228 302.6279 293.1982 298.9808 306.3129 302.0712 296.7023 302.8419 306.5583 303.9257 299.4707 304.0188 305.0589 302.7948 297.6574 301.4970 302.8274 302.2397  1411.3
1975 6.7719682E-08 2.6763789E-08 2.0817343E-08 3.1662939E-08 4.9569888E-08 2.0260318E-08 1.0870718E-08 2.1177986E-08 2.5968019E-08 9.2873060E-09 5.9197318E-09 2.4247338E-08 1.3591090E-08 5.7443978E-09 8.0912388E-09 2.1821542E-08 1.5055038E-08 1.1776670E-08 1.4147408E-08 1.8543535E-08  292.1840 294.5717 299.8291 302.0536 293.4852 298.8329 306.1444 301.4996 297.2990 303.1389 306.7801 304.6035 300.0834 304.7438 305.8478 303.9964 298.3186 302.4899 304.2708 303.9358  84.5
1976 6.0778873E-08 2.5907072E-08 2.0268939E-08 3.8255131E-08 4.6863793E-08 1.9565492E-08 1.0675366E-08 3.0435334E-08 3.0755078E-08 1.3537217E-08 6.8249348E-09 2.5748244E-08 1.6924391E-08 1.0141121E-08 9.3681631E-09 2.3334980E-08 1.6693679E-08 1.4545792E-08 1.7480147E-08 2.0697017E-08  292.0020 294.0539 299.4852 302.7022 292.9362 298.3801 305.6823 302.0812 296.3699 302.3044 306.1463 304.0938 299.1225 303.6259 304.8488 303.1944 297.3128 301.3723 302.9283 302.6374  154.267
1977 6.7400066E-08 3.4285979E-08 2.2963301E-08 3.1594919E-08 5.4586177E-08 2.3965514E-08 1.1233150E-08 2.9816650E-08 3.4332501E-08 1.4889583E-08 7.3161979E-09 3.3667369E-08 2.0295563E-08 1.1926779E-08 1.2905626E-08 2.7590362E-08 1.9147985E-08 1.7296017E-08 2.0941657E-08 2.4924210E-08  291.7343 294.0949 299.8274 302.7878 292.6820 298.7890 306.3578 302.1367 296.5830 302.8263 306.6619 303.6676 299.4113 303.9192 304.9553 302.5173 297.8332 301.6158 302.9114 302.1963  50.0667
1978 5.2603532E-08 2.3191449E-08 1.8140852E-08 2.7566694E-08 3.6617269E-08 1.3032400E-08 7.3853248E-09 2.0290654E-08 2.1060718E-08 7.1556179E-09 4.0908334E-09 2.6041876E-08 1.2318305E-08 6.2684711E-09 9.7055279E-09 2.1990678E-08 1.5618134E-08 1.3566699E-08 1.6287943E-08 1.9186119E-08  292.4321 294.7339 299.8902 302.4136 293.7598 299.2789 306.3329 301.8606 297.6113 303.4904 306.8282 304.2878 300.1906 304.7299 305.5284 303.4911 298.0635 302.0686 303.6549 303.1882  30.8
1979 5.9853626E-08 2.6445369E-08 1.9375239E-08 2.3823752E-08 4.4315549E-08 1.9965130E-08 1.1122188E-08 1.4525918E-08 2.7436041E-08 1.1594055E-08 7.0294104E-09 2.4416652E-08 1.5682268E-08 8.3818872E-09 9.8220188E-09 2.4416916E-08 1.6415207E-08 1.3723913E-08 1.6529643E-08 1.9915833E-08  292.5974 294.5584 299.9257 302.1736 293.8475 299.0833 306.2760 301.6316 297.5361 303.1600 306.7304 304.4015 300.1318 304.4791 305.6052 303.6669 298.3863 302.3242 303.9030 303.4317  33.8333
1980 5.7078712E-08 2.3732452E-08 1.5800873E-08 2.0122709E-08 3.6861145E-08 1.7668979E-08 8.9696801E-09 1.9434797E-08 2.1769266E-08 1.1616700E-08 5.8448619E-09 2.7633178E-08 1.3883946E-08 6.7490147E-09 7.2851312E-09 1.8910930E-08 1.2202201E-08 1.0414305E-08 1.1952816E-08 1.3913332E-08  292.8724 295.0820 300.3924 302.4792 294.2958 299.5096 306.6411 302.0505 297.9258 303.3533 306.8520 304.2175 300.2267 304.5531 305.6816 303.6282 298.4308 302.2591 303.8909 303.4572  365.691
1981 5.9315738E-08 2.9347284E-08 1.9621961E-08 3.0078276E-08 4.2399559E-08 1.7560861E-08 8.0530524E-09 2.1441270E-08 2.3815131E-08 8.8055714E-09 5.7112852E-09 3.4403214E-08 1.5058587E-08 8.1656903E-09 1.1518228E-08 2.8431259E-08 1.4681079E-08 1.3818612E-08 1.5620472E-08 1.9185844E-08  292.2600 294.4351 299.9619 302.3954 293.5655 299.0316 306.4933 301.8081 297.7625 303.3772 306.9422 304.2832 300.4545 304.6721 305.3781 303.0369 298.6725 302.4054 303.6420 302.9267  46.6
1982 6.2899865E-08 2.4634248E-08 1.5412288E-08 1.8440506E-08 4.1395857E-08 1.4791890E-08 6.6600241E-09 1.7986313E-08 2.7123864E-08 1.0617833E-08 5.6432476E-09 2.7620445E-08 1.8589336E-08 1.0566295E-08 1.1943800E-08 2.6104017E-08 1.8480151E-08 1.6632400E-08 1.9141124E-08 2.2030184E-08  292.3774 294.7560 299.9917 302.3281 294.1193 299.5050 306.5899 302.0651 297.3829 303.2552 306.7914 304.2378 299.5929 304.0833 305.1481 303.1377 297.7357 301.7181 303.2919 302.8402  9.25333
1983 5.4287572E-08 2.4830232E-08 1.9877183E-08 3.1034183E-08 4.3828756E-08 1.8478318E-08 8.7443599E-09 2.1205093E-08 2.8873549E-08 1.1601664E-08 7.2698474E-09 2.7148513E-08 1.8646199E-08 9.5146415E-09 1.0379787E-08 2.2497405E-08 2.1873472E-08 1.7150301E-08 1.7933543E-08 1.9738021E-08  293.4165 295.0385 299.9103 302.4661 294.2525 299.4133 306.3027 301.9773 297.4229 303.3574 306.7946 304.1930 299.8373 304.3934 305.5582 303.6118 298.0124 302.0623 303.6930 303.2915  11.82
1984 5.9219833E-08 3.0638809E-08 2.3392580E-08 2.5503766E-08 4.4368331E-08 2.3305791E-08 1.4288281E-08 2.3662487E-08 3.0135581E-08 1.3892267E-08 7.1984068E-09 2.7797645E-08 1.6527846E-08 1.0638169E-08 1.0805440E-08 2.1861613E-08 1.6212375E-08 1.5354756E-08 1.6375161E-08 1.8981517E-08  291.8129 293.7824 299.2393 301.4785 292.8347 298.3405 305.4247 301.2790 296.4994 302.4205 306.0262 303.8533 299.4140 303.7323 304.9200 303.3098 297.6305 301.4783 303.2328 303.1595  0
1985 6.0450930E-08 2.8456729E-08 2.3908688E-08 3.4407243E-08 3.8804952E-08 1.8763044E-08 1.1921200E-08 2.4806914E-08 2.1570376E-08 8.6623286E-09 4.4141504E-09 2.2274989E-08 1.2051219E-08 6.0545977E-09 7.3675093E-09 1.8738906E-08 1.5556738E-08 1.3606255E-08 1.5414985E-08 1.6958097E-08  292.1027 294.2356 299.4643 302.4497 293.7437 298.8796 305.8761 302.1437 297.6602 303.3014 306.9018 304.8078 300.2249 304.6754 305.8882 304.1610 298.2526 302.2809 303.9172 303.5004  0
1986 5.9446055E-08 2.5369355E-08 1.8492166E-08 2.3730646E-08 3.7762486E-08 1.6746052E-08 7.1345996E-09 1.7327350E-08 2.8520779E-08 1.1335269E-08 4.5976036E-09 2.6917750E-08 1.6696351E-08 7.9195406E-09 8.3682261E-09 2.1932911E-08 1.5594804E-08 1.4381117E-08 1.5462811E-08 1.8319396E-08  292.3478 294.5505 299.6508 302.0562 293.9566 299.1940 306.2510 301.3601 297.0760 303.0924 306.6841 304.2677 299.3631 304.0938 305.2531 303.1845 297.6337 301.7077 303.2579 302.5805  49.27
1987 6.7610458E-08 2.8146992E-08 1.3128997E-08 1.2469529E-08 4.7238338E-08 1.9369828E-08 6.2277890E-09 1.5004234E-08 3.2825451E-08 1.2018568E-08 4.4316004E-09 2.7156840E-08 1.8411056E-08 9.7459303E-09 7.7285414E-09 2.1747157E-08 1.6086826E-08 1.3598989E-08 1.6336644E-08 1.8393399E-08  292.7911 295.1101 300.4608 302.3092 294.0399 299.5953 306.9542 302.0846 297.1182 303.3757 307.1043 304.5137 299.5412 304.0956 305.5138 303.4550 297.9831 301.8709 303.4656 302.9971  265.6
1988 5.4608314E-08 2.2907036E-08 2.0056566E-08 3.2478983E-08 3.4347526E-08 1.2728239E-08 7.5566406E-09 2.0801737E-08 2.3683157E-08 8.1546476E-09 5.8016929E-09 2.4937288E-08 1.7941774E-08 9.2107113E-09 1.2056747E-08 2.2201050E-08 1.7334830E-08 1.5321687E-08 1.8886704E-08 1.9844155E-08  292.8077 294.8925 299.9529 302.4984 294.1120 299.4841 306.5019 302.0509 297.5409 303.4462 306.9591 304.5100 299.7952 304.3763 305.3533 303.3641 297.9363 301.9330 303.4028 303.0006  29.4667
1989 5.6812546E-08 2.7968008E-08 1.9392619E-08 3.1050895E-08 4.2371724E-08 2.1947422E-08 8.9823420E-09 2.0441606E-08 2.9257890E-08 1.4730562E-08 7.3070456E-09 2.5617720E-08 1.8813324E-08 1.2050269E-08 1.1826237E-08 2.2547963E-08 1.6377601E-08 1.7314756E-08 1.8846068E-08 1.9113163E-08  292.6860 294.5754 299.7754 302.2157 293.7180 298.8326 306.0811 301.8477 297.2157 302.7933 306.6562 304.8087 299.8287 304.1168 305.3493 303.7694 298.0865 301.9975 303.5826 303.4785  0
1990 6.3843189E-08 2.4714200E-08 1.3748943E-08 1.8010684E-08 4.4678174E-08 1.9437683E-08 8.7351566E-09 2.0969551E-08 2.7140372E-08 1.0960680E-08 7.2720034E-09 3.1248327E-08 1.7613115E-08 7.0673640E-09 8.7794829E-09 2.3563983E-08 1.7254884E-08 1.3765390E-08 1.3886289E-08 1.9977163E-08  292.4366 294.8616 300.1410 302.0858 293.6806 299.1437 306.1495 302.1069 297.3700 303.0186 306.2753 303.7322 299.8721 304.3011 305.1473 302.9488 298.1856 302.3005 303.8504 303.0602  0.011
1991 6.9219134E-08 2.7357853E-08 1.5622893E-08 2.3344617E-08 4.7242569E-08 1.8781169E-08 8.5638625E-09 2.0441448E-08 3.2629249E-08 1.2081827E-08 4.9665401E-09 2.7943607E-08 2.1847592E-08 1.0949153E-08 1.0061696E-08 2.3041979E-08 1.9973063E-08 1.6639738E-08 1.8832196E-08 2.3697430E-08  291.8993 294.4591 299.8779 302.3725 293.5293 299.1015 306.4173 302.2413 296.8644 303.1248 306.9509 304.1120 299.1236 303.9683 305.4710 303.3380 297.4036 301.5039 303.2321 302.6730  337.733
1992 6.7547468E-08 3.1702488E-08 2.0041385E-08 2.1194120E-08 4.8396956E-08 2.6621288E-08 1.1576083E-08 2.0066800E-08 3.0493631E-08 1.7930327E-08 8.5479472E-09 3.0892934E-08 1.8133731E-08 1.1365681E-08 1.3557430E-08 2.8071669E-08 1.8784984E-08 1.6420554E-08 1.9120211E-08 2.3026359E-08  292.0018 294.0439 299.3705 302.1031 293.1735 298.5602 305.8841 301.6823 296.3987 302.3159 306.0997 303.4093 298.6276 303.1494 304.2551 301.9765 297.2031 301.0248 302.3985 301.3458  75.0333
1993 5.8779580E-08 2.7508507E-08 1.7504510E-08 2.4082723E-08 3.9790429E-08 1.9005158E-08 8.2564240E-09 2.3088793E-08 2.5353609E-08 1.1617410E-08 5.9023164E-09 2.9866360E-08 1.6549619E-08 9.3824060E-09 1.0759512E-08 2.3039227E-08 1.4179214E-08 1.3103244E-08 1.6445881E-08 1.8341661E-08  292.8044 294.8227 300.0547 302.3524 294.1946 299.3569 306.5514 302.1021 297.4944 303.4394 307.0524 304.5462 299.7715 304.3656 305.6037 303.5839 298.1999 302.2022 303.6825 303.1998  22.3
1994 6.5897247E-08 3.2852718E-08 2.1160446E-08 2.7194883E-08 5.2274515E-08 2.7403964E-08 1.2121586E-08 2.1572136E-08 3.3346399E-08 1.4736109E-08 9.1878656E-09 3.2045165E-08 1.9413354E-08 1.0337374E-08 1.3476979E-08 2.9794439E-08 1.7431699E-08 1.6147089E-08 1.7816832E-08 2.1741940E-08  292.1932 293.7972 299.2130 301.9588 292.7738 298.0304 305.4173 301.4252 296.1834 302.0522 305.8528 303.3806 298.8126 303.2727 304.4204 302.2571 297.5014 301.3891 302.8676 302.2077  8.34333
1995 5.9383563E-08 2.8076617E-08 1.8088196E-08 2.4521098E-08 4.1815920E-08 1.5871530E-08 7.7537710E-09 2.2691454E-08 2.4948461E-08 8.2010150E-09 6.3032743E-09 3.6288618E-08 1.5442877E-08 6.8518524E-09 1.2043472E-08 3.0180864E-08 1.4740024E-08 1.4370646E-08 1.7063098E-08 2.0782322E-08  293.0245 295.0677 300.3453 302.4296 294.2177 299.7192 306.9889 302.2587 297.8887 303.7451 307.2648 304.1744 300.4769 304.9117 305.6807 303.1764 299.0239 302.6878 304.0131 303.1466  128.633
1996 6.0571097E-08 2.2410086E-08 1.4746700E-08 2.0496792E-08 4.0711939E-08 1.5174374E-08 6.6091048E-09 1.4426308E-08 2.7346340E-08 9.3606758E-09 5.0236526E-09 2.5406587E-08 1.6091528E-08 7.7090361E-09 9.3701003E-09 2.4206111E-08 1.5150960E-08 1.3859793E-08 1.4702800E-08 1.9584377E-08  292.7905 295.0847 300.2274 302.2715 294.0792 299.5742 306.6146 301.8254 297.5654 303.5495 307.0589 304.7213 300.1645 304.5904 305.6081 303.6555 298.3960 302.1133 303.6887 303.2859  0
1997 7.1800791E-08 3.2207279E-08 2.1713248E-08 2.7508143E-08 5.4978635E-08 2.8457293E-08 1.3289692E-08 2.4789447E-08 3.4158937E-08 1.7066847E-08 8.3758609E-09 3.0662715E-08 1.9954291E-08 1.3370215E-08 1.2361267E-08 2.5134355E-08 2.0121938E-08 1.9490070E-08 2.1151228E-08 2.3752969E-08  292.2973 294.7002 300.1985 302.6395 293.3498 299.0189 306.5751 302.0304 296.9669 303.0484 306.9095 304.2278 299.7383 304.3003 305.4936 303.2309 298.0360 301.9498 303.3565 302.7238  0.00666667
1998 6.1416841E-08 2.7530099E-08 1.9981057E-08 2.6117496E-08 4.4325375E-08 2.0184729E-08 1.1311197E-08 2.1749395E-08 2.6013113E-08 1.0716171E-08 1.1092283E-08 3.3433651E-08 1.4611339E-08 8.2249194E-09 1.2945333E-08 2.4558052E-08 1.5988514E-08 1.6494784E-08 1.8648073E-08 1.7972138E-08  293.8718 295.8174 301.0168 302.8202 294.8844 300.0027 307.0186 302.3665 298.7598 304.0671 307.3448 304.8167 301.1672 305.4236 306.1552 304.0343 299.3310 303.0072 304.3589 303.7961  95
1999 5.7583428E-08 2.4948646E-08 1.9062393E-08 2.4636176E-08 4.1227828E-08 1.7231205E-08 1.0319140E-08 2.1047553E-08 2.5972357E-08 9.8236601E-09 7.3080395E-09 3.1235366E-08 1.5131832E-08 7.8331519E-09 1.2409290E-08 2.4834963E-08 1.4308138E-08 1.2876226E-08 1.6453768E-08 1.7409649E-08  293.4471 295.4617 300.5931 302.2959 294.9716 299.8202 306.8530 302.0460 298.5069 303.9438 307.3748 305.0673 301.0127 305.2137 306.0729 304.3249 299.3643 303.0567 304.7524 304.6734  17.6
2000 6.1329587E-08 2.6252593E-08 1.6988100E-08 2.1117238E-08 3.9570523E-08 1.7316841E-08 9.1459205E-09 1.7849462E-08 2.3489322E-08 1.0322539E-08 6.4333374E-09 2.6304198E-08 1.5424568E-08 8.3946299E-09 1.1282019E-08 2.1635502E-08 1.5670921E-08 1.4143553E-08 1.7425917E-08 1.9294390E-08  292.8995 295.0895 300.3788 302.3011 294.3526 299.5885 306.5800 301.8022 298.1192 303.6004 307.0201 304.6853 300.4357 304.7375 305.5769 303.7564 298.5066 302.3115 303.7982 303.5338  0
2001 6.4987859E-08 2.9968891E-08 2.4590548E-08 3.2181649E-08 4.6987733E-08 2.4566452E-08 1.3550071E-08 2.4707322E-08 3.0837445E-08 1.5060211E-08 1.0119479E-08 3.5818370E-08 1.6660264E-08 1.0602314E-08 1.4619347E-08 3.2468705E-08 1.7845863E-08 1.6819792E-08 1.9714687E-08 2.3688361E-08  292.2295 294.2265 299.7540 302.4495 293.2815 298.7017 305.9742 302.0357 297.0874 302.8706 306.5383 304.0394 299.8416 304.2622 305.2188 303.1613 298.2307 302.1965 303.7330 303.3648  12.6967
2002 6.1149500E-08 2.9309302E-08 1.9585048E-08 2.8398880E-08 3.6611009E-08 1.9250960E-08 1.0859983E-08 2.4229708E-08 2.2176126E-08 8.4039273E-09 6.9839281E-09 2.7509543E-08 1.4679530E-08 7.3412099E-09 9.2456602E-09 2.1008798E-08 1.4906162E-08 1.2625154E-08 1.6373997E-08 1.8647842E-08  292.6084 294.5660 299.9243 302.5844 294.5219 299.3358 306.3871 302.1004 297.9671 303.5029 306.9343 304.4713 300.2489 304.6129 305.7419 303.9304 298.5695 302.5368 304.0898 303.7170  1130.83
2003 6.0309361E-08 3.0619589E-08 2.3337783E-08 3.4992116E-08 4.5467733E-08 1.8818836E-08 9.5214272E-09 2.4871834E-08 2.6638274E-08 9.6884740E-09 6.8918542E-09 3.5405211E-08 1.4809502E-08 7.0418862E-09 1.0663315E-08 2.7655878E-08 1.4919765E-08 1.2953223E-08 1.5088258E-08 2.0135820E-08  293.2523 294.8220 300.0461 302.6914 294.4902 299.5358 306.5138 302.1507 298.1590 303.6497 306.8181 303.9593 300.7586 304.8413 305.4755 303.1555 299.2849 302.9205 304.2429 303.4554  109.7
2004 6.0307208E-08 2.6962246E-08 2.4053925E-08 4.1932353E-08 4.2380080E-08 1.8425700E-08 1.0717674E-08 2.8488884E-08 2.4629326E-08 8.5668086E-09 6.9715878E-09 3.2624449E-08 1.6134424E-08 9.0279340E-09 1.1810137E-08 2.6203397E-08 1.7398353E-08 1.5810061E-08 1.9019019E-08 2.1718741E-08  292.9377 294.8093 299.9501 302.9533 294.1101 299.3672 306.2155 302.3545 297.8566 303.4922 306.7132 303.9737 300.2901 304.5367 305.2428 302.9276 298.5321 302.2303 303.3331 302.5836  133.1
2005 5.5973345E-08 2.8467696E-08 1.9271111E-08 2.3871731E-08 3.8439577E-08 1.7517555E-08 9.3869152E-09 2.4006731E-08 2.1297483E-08 8.7882857E-09 6.0454362E-09 2.8897180E-08 1.3404418E-08 6.2978573E-09 9.0328145E-09 2.2567097E-08 1.4096987E-08 1.1047130E-08 1.3277677E-08 1.8752184E-08  293.3995 295.3510 300.5704 302.6684 294.8134 300.0449 307.1176 302.7387 298.6651 304.2337 307.5314 304.7560 301.2025 305.5318 306.3172 303.8792 299.2304 303.1566 304.5146 303.6818  66.3333
2006 5.7236857E-08 2.7002027E-08 2.3712243E-08 3.8257991E-08 3.9112848E-08 1.8590823E-08 1.0830149E-08 2.8681619E-08 2.3021538E-08 1.0460361E-08 9.8480015E-09 3.5703152E-08 1.3594899E-08 9.1582493E-09 1.2999388E-08 2.6289614E-08 1.7865922E-08 1.4945156E-08 1.8067183E-08 2.0655659E-08  293.4950 294.8540 299.8103 302.5144 294.7555 299.3427 306.2163 302.2102 298.1499 303.3343 306.5898 304.2382 300.7842 304.7240 305.2882 303.3706 298.8617 302.6020 303.8421 303.4654  2.44733
2007 6.3209754E-08 2.7061899E-08 2.0407306E-08 2.7190342E-08 4.7486751E-08 1.8418122E-08 1.1823701E-08 2.2537527E-08 2.7510751E-08 9.9153823E-09 7.6380529E-09 3.1373300E-08 1.4978433E-08 9.1681702E-09 1.3151887E-08 2.7391382E-08 1.4129148E-08 1.3606195E-08 1.7150889E-08 1.9918314E-08  293.2786 295.0904 300.2519 302.5064 294.1416 299.4093 306.4183 302.2822 297.8546 303.4411 306.8940 304.2843 300.6835 304.7621 305.5711 303.4904 299.0012 302.7808 304.1332 303.7853  466.333
2008 5.6547680E-08 2.6504226E-08 2.2937041E-08 3.2050032E-08 4.2291330E-08 1.8125123E-08 1.0039677E-08 1.8648933E-08 2.6976679E-08 1.1210367E-08 6.4370416E-09 2.7861022E-08 1.6622684E-08 9.6197770E-09 1.1499162E-08 2.2565610E-08 1.7526549E-08 1.4408036E-08 1.7804425E-08 1.7974571E-08  293.3012 295.0427 300.0293 302.4064 294.5143 299.5749 306.4589 301.9045 298.1400 303.4688 306.9180 304.6083 300.6150 304.5927 305.4460 303.7549 298.5600 302.3476 303.7795 303.6120  15.8667
2009 5.2854524E-08 2.8327900E-08 2.2773470E-08 3.1075484E-08 3.9597118E-08 1.9795889E-08 1.2041100E-08 2.3672387E-08 2.5578048E-08 1.1942552E-08 1.0433848E-08 3.5235914E-08 1.5002460E-08 9.2287218E-09 1.3782941E-08 2.8070145E-08 1.6199037E-08 1.3301046E-08 1.6087155E-08 2.2388774E-08  293.6223 294.8498 299.9052 302.7862 294.5704 299.2835 306.1648 302.2114 297.8122 303.1730 306.5935 303.9299 300.4014 304.5059 305.3828 303.1480 298.7875 302.6265 303.9845 303.0982  122.641
2010 5.5679411E-08 2.2528051E-08 1.7664451E-08 2.3942947E-08 3.3473391E-08 1.1838438E-08 7.8405851E-09 2.1985072E-08 2.1949830E-08 6.3826402E-09 5.1858575E-09 2.5568131E-08 1.3261797E-08 6.3749614E-09 9.8242179E-09 2.1881874E-08 1.2268560E-08 1.1680138E-08 1.3632022E-08 1.5613473E-08  294.1577 296.4548 301.5083 302.8530 296.1207 301.0484 307.9215 302.9734 299.5945 305.0468 308.1702 305.4855 301.9791 306.1385 306.9405 304.6181 300.1021 304.0034 305.6961 305.0677  70.7767
2011 5.8470377E-08 2.1338140E-08 1.9051036E-08 2.6033669E-08 4.4437442E-08 1.3757187E-08 6.2788250E-09 1.6141232E-08 2.9355002E-08 1.0839948E-08 7.3819222E-09 2.9687463E-08 1.6597676E-08 1.1314850E-08 1.3019243E-08 2.4851365E-08 1.5916921E-08 1.5121193E-08 1.6738561E-08 1.9721641E-08  294.1591 296.1233 300.9285 302.7141 295.5471 300.4568 307.4140 302.1196 298.8281 304.2809 307.7134 305.3307 301.2233 305.3275 306.2426 304.1623 299.3638 303.1654 304.6758 304.1974  0
2012 6.1869478E-08 2.8911947E-08 2.0718710E-08 2.3105905E-08 3.8920653E-08 1.8903316E-08 1.0467086E-08 2.4326622E-08 2.2408269E-08 1.1060758E-08 5.7520078E-09 3.1287406E-08 1.5544453E-08 8.7988461E-09 1.0642259E-08 2.6169772E-08 1.6409787E-08 1.5869075E-08 1.8292134E-08 2.1124650E-08  293.0367 294.7681 300.1728 302.4917 294.4310 299.5367 306.7313 302.2390 298.3741 303.6213 307.0509 304.3076 300.8225 304.8045 305.6148 303.5824 299.0522 302.7567 304.1508 303.8241  1.92933
2013 5.8802531E-08 2.7853998E-08 2.6782477E-08 3.8933621E-08 4.5356611E-08 2.0757504E-08 1.5317871E-08 3.2449158E-08 2.9977322E-08 1.1100038E-08 1.2347519E-08 4.2370704E-08 1.5002311E-08 7.9880005E-09 1.6109020E-08 3.2757132E-08 1.5182927E-08 1.2993070E-08 1.6569045E-08 2.0783181E-08  293.1467 294.8915 299.9573 302.6240 293.9346 299.1672 306.0185 302.0320 297.3559 303.0750 306.1393 303.2009 300.3194 304.4290 304.7138 302.2920 298.7755 302.6256 303.6414 302.9491  0
2014 7.2242308E-08 3.6444238E-08 2.4145670E-08 2.5579311E-08 4.8814261E-08 2.6588060E-08 1.3736659E-08 2.3641096E-08 2.8140077E-08 1.3130305E-08 8.9490682E-09 3.5873491E-08 1.5931297E-08 7.8919795E-09 1.1825899E-08 3.2562337E-08 1.8326165E-08 1.6840701E-08 1.9861108E-08 2.2933973E-08  292.6954 294.6761 300.1808 302.7104 293.9434 299.3513 306.4831 302.1079 297.5142 303.5976 306.9128 304.0683 300.2401 304.7981 305.4805 302.9092 298.5805 302.4217 303.6514 302.8788  0
2015 6.9228165E-08 2.6555540E-08 1.6711958E-08 2.1170317E-08 5.4695604E-08 2.3646569E-08 8.3666274E-09 1.8397687E-08 3.8322948E-08 1.6779802E-08 5.9381904E-09 2.3663029E-08 2.5544018E-08 1.5222209E-08 1.2169103E-08 2.2333946E-08 2.1526636E-08 2.0535733E-08 2.2283334E-08 2.4638279E-08  292.7572 294.9674 300.1736 302.6283 293.4959 299.1182 306.4493 301.9820 296.3973 302.6547 306.7343 304.5999 298.5372 303.3627 305.1039 303.7007 297.0570 301.0477 302.9076 302.6689  0
