STN,prec_1,prec_2,prec_3,prec_4,prec_5,prec_6,prec_7,prec_8,prec_9,prec_10,prec_11,prec_12,prec_13,prec_14,prec_15,prec_16,prec_17,prec_18,prec_19,prec_20,st_1,st_2,st_3,st_4,st_5,st_6,st_7,st_8,st_9,st_10,st_11,st_12,st_13,st_14,st_15,st_16,st_17,st_18,st_19,st_20,09.0
LAT,23.72017,23.72017,23.72017,23.72017,26.51077,26.51077,26.51077,26.51077,29.30136,29.30136,29.30136,29.30136,32.09194,32.09194,32.09194,32.09194,34.88252,34.88252,34.88252,34.88252,23.72017,23.72017,23.72017,23.72017,26.51077,26.51077,26.51077,26.51077,29.30136,29.30136,29.30136,29.30136,32.09194,32.09194,32.09194,32.09194,34.88252,34.88252,34.88252,34.88252,28.73664429
LON,-104.0625,-101.2500,-98.43750,-95.62500,-104.0625,-101.2500,-98.43750,-95.62500,-104.0625,-101.2500,-98.43750,-95.62500,-104.0625,-101.2500,-98.43750,-95.62500,-104.0625,-101.2500,-98.43750,-95.62500,-104.0625,-101.2500,-98.43750,-95.62500,-104.0625,-101.2500,-98.43750,-95.62500,-104.0625,-101.2500,-98.43750,-95.62500,-104.0625,-101.2500,-98.43750,-95.62500,-104.0625,-101.2500,-98.43750,-95.62500,-99.1447556
1958 3.8360586E-08 2.5155057E-08 1.8805329E-08 2.6569259E-08 2.7831952E-08 2.1531623E-08 1.0567232E-08 1.3525569E-08 1.9657941E-08 1.6007904E-08 5.6643468E-09 9.2019992E-09 1.4043337E-08 1.3647398E-08 1.0170125E-08 1.3404748E-08 1.3143151E-08 1.6882348E-08 1.6730548E-08 1.7505574E-08  291.1499 291.1771 296.5835 301.4003 290.8916 294.5627 301.4854 300.5739 292.9274 297.3775 301.1644 300.0578 293.8760 297.3550 298.5671 297.1752 290.9658 293.9829 295.0400 294.5674  968.367
1959 3.8423153E-08 2.2344977E-08 1.8803021E-08 2.6433536E-08 2.8602509E-08 1.9926572E-08 1.1546454E-08 1.4301087E-08 2.1423459E-08 1.4829630E-08 6.7558936E-09 1.2808248E-08 1.4134460E-08 1.4300053E-08 1.3338681E-08 1.6775603E-08 1.4948320E-08 1.9120762E-08 2.2198458E-08 2.3919997E-08  290.8795 291.6271 296.9360 301.1901 290.5432 294.9292 301.8524 300.4164 292.8336 297.9247 301.7121 300.4378 294.1942 297.9405 299.1311 297.6942 291.2655 294.4178 295.2726 294.8738  9.31667
1960 2.8013092E-08 1.7639300E-08 1.5293637E-08 2.2865612E-08 2.5247218E-08 1.8470827E-08 7.8980964E-09 1.1309297E-08 2.3981313E-08 2.0962915E-08 1.0149404E-08 1.0624164E-08 1.7427675E-08 1.8525185E-08 1.7698824E-08 1.6587750E-08 1.4978148E-08 1.9822378E-08 2.1089285E-08 2.0580872E-08  291.1312 291.6552 296.7940 301.2300 290.8548 294.8771 301.8189 300.4577 292.4550 297.4538 301.3210 300.3286 293.4288 297.3289 298.7190 297.6360 290.6333 294.0894 295.3506 295.3744  1.12333
1961 2.6393517E-08 1.8831509E-08 1.8518616E-08 2.3555376E-08 1.8887366E-08 1.6437331E-08 1.0092905E-08 1.1047990E-08 1.3961966E-08 1.1948494E-08 6.1476655E-09 1.1069715E-08 9.9475592E-09 9.9776596E-09 8.2638971E-09 1.0991751E-08 8.4890646E-09 1.1076521E-08 1.4303468E-08 1.5433923E-08  291.3936 291.6761 296.8203 301.1062 291.4008 295.2951 301.9313 300.2943 293.4406 298.2767 301.8528 300.3979 294.7092 298.5316 299.6812 298.0580 292.0236 295.4425 296.4739 295.9263  2.04667
1962 2.8382923E-08 1.7234985E-08 1.4155122E-08 2.6486992E-08 2.1367336E-08 1.5314701E-08 5.9666512E-09 1.3101643E-08 1.4299226E-08 1.1396869E-08 4.5891406E-09 9.4434602E-09 9.0416918E-09 9.4543937E-09 8.9441450E-09 1.1025382E-08 8.8428758E-09 1.2012830E-08 1.3712228E-08 1.4024820E-08  291.5272 291.9657 297.2395 301.6210 291.6835 295.4575 302.3377 300.8667 294.0744 298.5237 301.9253 300.3896 295.2439 298.7097 299.5422 297.8932 292.4307 295.6269 296.4905 296.0344  0
1963 2.9304687E-08 2.0001789E-08 1.5896925E-08 1.6033450E-08 2.3453323E-08 1.7591253E-08 7.6827629E-09 1.0952387E-08 2.0576493E-08 1.3545981E-08 5.6193485E-09 1.0770171E-08 1.5330645E-08 1.3790952E-08 1.0303602E-08 1.2093831E-08 1.3416443E-08 1.7127091E-08 1.7695276E-08 1.8052772E-08  291.2799 291.8299 297.0352 301.3006 291.1567 295.2848 302.2259 300.6369 292.9983 298.0679 301.9409 300.5250 293.9916 297.9455 299.4044 298.1141 291.3834 294.7574 295.9793 295.8191  0
1964 2.4076012E-08 1.7044476E-08 1.5954470E-08 2.2454881E-08 1.7560584E-08 1.4598760E-08 8.0581506E-09 1.1383143E-08 1.4329849E-08 1.1519099E-08 4.9625557E-09 8.3899874E-09 8.3477749E-09 9.5619450E-09 8.5302778E-09 1.1461316E-08 9.4262909E-09 1.1999981E-08 1.1979691E-08 1.2283159E-08  290.9781 291.3216 296.6195 301.0685 290.8637 294.8639 301.4073 300.3662 292.9539 297.7320 301.2474 299.8748 294.1162 297.8340 298.9456 297.4246 291.4270 294.8075 295.9571 295.4917  115.767
1965 2.8361915E-08 2.1462823E-08 1.6670942E-08 1.7983387E-08 2.2814866E-08 1.9072555E-08 9.2690673E-09 1.0156715E-08 2.1601043E-08 1.5567652E-08 6.9742376E-09 6.9668102E-09 1.6981891E-08 1.6368224E-08 9.8678434E-09 9.1121306E-09 1.8443432E-08 2.0833891E-08 1.6390166E-08 1.3103146E-08  290.5085 290.8859 296.2356 300.7627 290.4583 294.4627 301.4957 300.0389 292.2331 297.3603 301.3515 300.2857 293.0760 297.1255 298.8533 297.7997 290.3997 293.9440 295.5008 295.5729  0
1966 2.1744526E-08 1.5170352E-08 1.5400259E-08 1.6664028E-08 1.5679474E-08 1.5186361E-08 1.1418494E-08 1.2413061E-08 1.4855296E-08 1.3159097E-08 7.7353013E-09 1.1595469E-08 1.1403867E-08 1.2550499E-08 1.1479540E-08 1.3996165E-08 1.2995769E-08 1.6419731E-08 1.9617493E-08 1.5747974E-08  291.3637 291.8000 296.7711 301.0272 291.2319 295.0490 301.5431 300.3029 293.1168 297.7559 301.2606 299.7918 294.1432 297.7085 298.8486 297.2517 291.4526 294.6932 295.6410 295.1613  62.7057
1967 2.3971293E-08 1.7959916E-08 1.4363081E-08 1.6800730E-08 1.6262517E-08 1.3347106E-08 8.2211669E-09 1.0912657E-08 1.3030361E-08 9.6009964E-09 5.4447304E-09 1.1104499E-08 1.0551967E-08 8.8782182E-09 7.9155766E-09 1.0205062E-08 1.0527644E-08 1.2361547E-08 1.1755617E-08 1.2737583E-08  290.9836 291.4756 296.6484 300.9081 291.1966 295.1525 301.7468 300.1869 293.2121 298.1574 301.6224 300.0420 294.2266 298.1280 299.3178 297.7109 291.4189 294.9044 296.0356 295.5116  422.032
1968 2.2554888E-08 1.6431914E-08 1.3977689E-08 1.6996369E-08 1.5798172E-08 1.5843192E-08 9.2601553E-09 1.0055808E-08 1.4739296E-08 1.3980292E-08 7.2118769E-09 9.4226396E-09 1.2816583E-08 1.2042263E-08 1.1440920E-08 1.3268511E-08 1.2892712E-08 1.5826952E-08 1.5286995E-08 1.5604595E-08  291.3016 291.8282 296.9491 301.0993 291.4643 295.1891 301.8481 300.3699 293.3657 297.9715 301.4262 300.4617 294.2005 297.9435 299.0243 297.8259 291.4069 294.8523 296.0968 295.8419  2.76567
1969 2.5170744E-08 1.8964316E-08 1.6214896E-08 1.7626991E-08 2.0071701E-08 1.7374248E-08 7.8449691E-09 1.0751796E-08 1.6144133E-08 1.1985302E-08 6.0181722E-09 8.3511589E-09 1.0433925E-08 1.0357401E-08 9.7696207E-09 1.1495206E-08 1.0803665E-08 1.5002906E-08 1.5014669E-08 1.4544376E-08  291.5085 291.7974 296.8395 301.2123 291.4666 295.1649 301.9302 300.5673 293.3990 297.9914 301.4891 300.2168 294.4422 297.9790 299.0740 297.6954 291.6776 294.9710 296.1194 295.8093  0
1970 2.9555929E-08 2.0127107E-08 1.8764220E-08 2.5103560E-08 2.5286278E-08 2.0879284E-08 1.0423593E-08 1.4095717E-08 1.7809059E-08 1.4176353E-08 6.9864594E-09 1.2439373E-08 9.8281445E-09 9.2219423E-09 8.6099048E-09 1.2275394E-08 9.8966977E-09 1.1223202E-08 1.3253305E-08 1.4193422E-08  290.8955 291.3190 296.4991 300.9743 290.5489 294.6749 301.5481 300.2536 292.6312 297.6171 301.3715 299.9159 294.0736 297.7679 298.8748 297.2830 291.5775 294.8334 295.5124 294.9877  97.2
1971 2.3118728E-08 1.4414661E-08 1.1064480E-08 1.6426746E-08 1.6229524E-08 1.3488386E-08 5.5835474E-09 8.7319929E-09 1.3574457E-08 1.1579745E-08 4.3278838E-09 5.9332685E-09 9.5682795E-09 1.0348817E-08 9.3406882E-09 8.3883949E-09 1.0346676E-08 1.4604063E-08 1.4266210E-08 1.2653797E-08  290.8646 291.4275 296.5087 300.5975 291.1664 295.1394 301.8737 299.9224 293.3309 298.3990 302.0118 300.8096 294.3739 298.3583 299.6217 298.3315 291.5267 295.0427 296.3605 296.0596  116.467
1972 3.2280539E-08 2.7931128E-08 2.4885615E-08 1.7913282E-08 2.5440457E-08 2.6608815E-08 1.7203678E-08 1.3380885E-08 2.0196094E-08 1.9333640E-08 1.2862008E-08 1.5599623E-08 1.4054720E-08 1.6212772E-08 1.8748219E-08 2.0721471E-08 1.4491770E-08 2.1411946E-08 2.4516003E-08 2.6804173E-08  291.0653 291.2828 296.4612 300.8204 290.7155 294.3716 301.0344 300.1517 292.3547 296.8607 300.5270 299.5686 293.0779 296.6410 297.7370 296.5807 290.0365 293.2376 294.2670 293.9174  54.84
1973 1.9349793E-08 1.2833084E-08 1.0940060E-08 1.2970906E-08 1.2790855E-08 1.1579384E-08 6.6814052E-09 7.7503719E-09 1.1526867E-08 8.5717113E-09 5.1768381E-09 8.5033296E-09 8.4395966E-09 8.0474019E-09 7.6477269E-09 9.9897060E-09 1.0645117E-08 1.3512706E-08 1.2046541E-08 1.3029938E-08  291.7313 292.2041 297.0819 301.0690 291.9758 295.8374 302.0502 300.3573 294.0541 298.8236 301.9680 300.3945 294.8626 298.6796 299.6745 298.1100 291.6306 295.0507 296.1678 295.8492  497.6
1974 2.0502975E-08 1.6303792E-08 1.5567483E-08 1.9720185E-08 1.3871720E-08 1.7536699E-08 9.5701838E-09 1.2279430E-08 1.3884558E-08 1.5841078E-08 6.8910366E-09 9.3271213E-09 1.1391797E-08 1.1345658E-08 8.8080121E-09 9.4910488E-09 1.0914947E-08 1.4814417E-08 1.5368396E-08 1.4390478E-08  291.3103 291.7969 296.8365 301.1506 291.3760 295.0811 301.6735 300.4168 293.1447 297.8716 301.4498 300.1120 294.0653 297.8969 299.2142 297.7397 291.1110 294.4468 295.6689 295.3572  1411.3
1975 2.4078439E-08 1.4031309E-08 1.1180704E-08 1.7297618E-08 1.6128601E-08 1.2092531E-08 6.8173844E-09 9.4037489E-09 9.5507708E-09 7.7436084E-09 4.1397898E-09 9.1441041E-09 5.7815437E-09 6.1629644E-09 6.2307959E-09 9.7562003E-09 6.0538303E-09 7.7747639E-09 9.1653876E-09 1.1117877E-08  290.8769 291.4439 296.7366 300.8203 291.1296 295.0694 301.7044 300.1141 293.7066 298.3719 301.7300 300.4047 294.8857 298.6161 299.5821 297.9914 291.9480 295.4163 296.4717 295.9356  84.5
1976 3.7361783E-08 2.7583274E-08 2.5599279E-08 2.6493803E-08 3.0846110E-08 2.4525553E-08 1.4462483E-08 1.6618852E-08 2.3011173E-08 1.7157006E-08 7.9549700E-09 1.3869262E-08 1.5048526E-08 1.4316172E-08 1.1831563E-08 1.4556562E-08 1.4631043E-08 1.8789864E-08 1.8767647E-08 1.9085842E-08  290.1896 290.7352 296.1070 301.1765 289.5991 294.0418 301.1805 300.4192 291.6655 297.0162 301.1704 299.9485 293.1426 297.0664 298.5802 297.2093 290.4475 293.7690 294.8861 294.5540  154.267
1977 2.7588044E-08 1.9987130E-08 1.4079918E-08 1.8027439E-08 2.1628626E-08 1.8532079E-08 8.4852330E-09 9.8257305E-09 1.6990866E-08 1.4357907E-08 7.0102546E-09 1.2259855E-08 1.0293959E-08 9.4938670E-09 1.0503774E-08 1.5151407E-08 9.2789634E-09 1.1401687E-08 1.3286243E-08 1.6546402E-08  290.9047 291.2970 296.7428 301.1831 290.7167 294.8999 301.7698 300.4237 292.7373 297.7555 301.4007 299.7263 293.9400 297.6321 298.7096 296.8777 291.1073 294.3448 295.2113 294.4495  50.0667
1978 3.0886749E-08 1.8384940E-08 1.4240698E-08 1.6612375E-08 2.1179860E-08 1.7051130E-08 8.5941290E-09 1.1342153E-08 1.5966789E-08 1.4503350E-08 7.4241644E-09 1.2499343E-08 1.0401751E-08 1.0484209E-08 1.0178150E-08 1.3734073E-08 8.5137675E-09 1.0750462E-08 1.1536122E-08 1.4737519E-08  290.9354 291.4466 296.7006 301.0189 291.3082 294.9811 301.7607 300.3094 293.5242 298.0556 301.5240 300.0576 294.5832 298.2182 299.3084 297.5752 291.7912 295.1461 296.2258 295.5263  30.8
1979 2.6588216E-08 1.8522575E-08 1.4813335E-08 1.7008341E-08 1.9866439E-08 1.9688432E-08 1.0481059E-08 1.0957669E-08 1.7491855E-08 1.5851219E-08 8.8619538E-09 1.2286805E-08 1.4658513E-08 1.3292364E-08 1.3223843E-08 1.2469582E-08 1.3402024E-08 1.7341213E-08 1.9426576E-08 1.6020334E-08  291.5424 292.0042 297.1549 300.9110 291.6003 295.4694 302.0289 300.1947 293.5075 298.2474 301.7299 300.4036 294.2916 298.0423 299.2494 298.0499 291.3146 294.7717 296.0243 295.8977  33.8333
1980 2.2039929E-08 1.9263195E-08 1.7647089E-08 1.5697847E-08 1.9513482E-08 1.5863233E-08 8.7584615E-09 9.6935810E-09 1.7905087E-08 1.2921697E-08 7.1417414E-09 1.1785536E-08 1.1906253E-08 1.0276887E-08 1.0905072E-08 1.4938427E-08 1.1266382E-08 1.4735002E-08 1.6352889E-08 1.7340932E-08  291.1107 291.3758 296.5018 301.0812 291.1576 294.7967 301.6356 300.4215 293.0440 297.5315 301.2643 299.9430 293.9521 297.5696 298.7903 297.4761 291.3055 294.6163 295.7491 295.4030  365.691
1981 2.5590211E-08 1.9272701E-08 1.5883547E-08 1.9726791E-08 1.9755603E-08 1.6161012E-08 9.0985131E-09 1.0798621E-08 1.5009869E-08 1.1902314E-08 7.2337047E-09 8.7521697E-09 9.8567972E-09 1.0917113E-08 1.1932840E-08 1.2857388E-08 1.0160083E-08 1.2531464E-08 1.6893459E-08 1.5352779E-08  291.1305 291.4766 296.5966 300.9941 291.3379 295.0826 301.7039 300.2885 293.4266 298.1190 301.5393 299.8998 294.3001 297.9789 299.0353 297.3438 291.4855 294.6856 295.7393 295.2435  46.6
1982 3.6595178E-08 3.0428122E-08 2.4218309E-08 1.7849878E-08 2.8822093E-08 2.9381516E-08 1.6436855E-08 1.4068877E-08 2.4250200E-08 2.0893564E-08 1.0978185E-08 1.5108588E-08 1.7328590E-08 1.6976815E-08 1.4497000E-08 1.7166180E-08 1.6081428E-08 2.2772522E-08 2.3883771E-08 2.2545848E-08  290.6075 291.0199 296.4248 300.9464 290.5338 294.2555 301.1723 300.3561 292.0218 296.7643 300.6437 299.5766 292.8186 296.3131 297.5996 296.4634 290.0477 292.9878 293.9521 293.8203  9.25333
1983 2.3388965E-08 1.9244855E-08 1.4769453E-08 1.8663693E-08 1.8936090E-08 1.8067089E-08 9.7138120E-09 9.5185042E-09 1.3909573E-08 1.2440831E-08 6.3892629E-09 8.3644549E-09 8.3503320E-09 9.3072661E-09 8.4621945E-09 1.0244995E-08 7.9775253E-09 1.1558408E-08 1.2886044E-08 1.2453438E-08  291.7135 291.6241 296.5755 301.1909 291.3843 294.8664 301.3079 300.4261 293.0947 297.4811 300.8759 299.6267 293.9282 297.2739 298.2881 296.9189 291.1556 294.1749 295.0767 294.7263  11.82
1984 2.8013286E-08 1.8216390E-08 1.6139820E-08 1.6616315E-08 2.4192488E-08 1.8639994E-08 1.0103201E-08 1.0415746E-08 2.0300453E-08 1.4044741E-08 7.3339170E-09 9.6352144E-09 1.1952083E-08 1.0485926E-08 9.6098693E-09 1.2283749E-08 1.0737655E-08 1.1452104E-08 1.3334192E-08 1.5327974E-08  290.8406 291.2635 296.4788 300.4793 290.6754 294.9541 301.5461 299.9472 292.5648 297.8062 301.4773 300.1120 293.8233 297.7959 299.0182 297.6297 291.0912 294.5486 295.8374 295.6165  0
1985 2.5608232E-08 1.8527365E-08 1.3749310E-08 1.7274241E-08 1.8515847E-08 1.6819962E-08 9.9475805E-09 1.2071843E-08 1.3679546E-08 1.2853384E-08 6.8155721E-09 1.0218028E-08 9.4212798E-09 1.0710517E-08 1.1901684E-08 1.2085668E-08 9.6813499E-09 1.3516124E-08 1.9722247E-08 1.9506603E-08  290.8209 291.3099 296.7274 301.0439 291.0466 294.9568 301.5453 300.4274 293.1577 297.9229 301.4801 300.2621 293.9976 297.7197 298.9474 297.7694 291.0795 294.3454 295.4207 295.2318  0
1986 2.9598811E-08 2.3926004E-08 2.1152882E-08 2.1876133E-08 2.1572957E-08 2.1776234E-08 1.1969167E-08 1.2146046E-08 1.9433337E-08 1.7627219E-08 8.3279312E-09 1.1521260E-08 1.3373542E-08 1.3238210E-08 1.3677229E-08 1.7470981E-08 1.2091704E-08 1.5650837E-08 1.8647171E-08 2.1226416E-08  290.9394 291.5458 296.6300 301.0354 291.0144 294.9286 301.6915 300.1596 292.5479 297.5354 301.2966 300.1205 293.4514 297.2892 298.5759 297.2580 290.8633 294.1296 295.2711 294.9397  49.27
1987 3.1394102E-08 2.6214735E-08 2.3178243E-08 1.7537168E-08 2.9257031E-08 2.8377880E-08 1.6514685E-08 1.3882468E-08 2.5362414E-08 2.1446885E-08 1.1668603E-08 1.4841652E-08 1.8256468E-08 1.7424034E-08 1.5680561E-08 1.9418627E-08 1.7774136E-08 2.1389569E-08 2.2241499E-08 2.1968077E-08  290.9705 291.6514 296.9102 301.1786 290.5336 294.7846 301.9584 300.5265 292.0822 297.2708 301.5988 300.5318 293.0391 296.9063 298.6484 297.6614 290.5784 293.9678 295.3388 295.3027  265.6
1988 2.1803501E-08 1.2593773E-08 1.0393807E-08 1.6478536E-08 1.1848909E-08 8.8431875E-09 5.2993334E-09 9.4987502E-09 1.0323971E-08 7.2127659E-09 2.7936329E-09 9.3525028E-09 7.2620097E-09 6.9565074E-09 6.1272623E-09 8.9437293E-09 6.9937891E-09 8.1067428E-09 1.0914724E-08 1.1022300E-08  291.2031 291.7350 296.8986 301.0857 291.7993 295.7215 302.3688 300.4193 293.9924 298.9502 302.3528 300.5640 295.0279 298.9097 299.8816 298.1048 292.1485 295.6699 296.6650 296.1293  29.4667
1989 1.7654543E-08 1.3478004E-08 1.3206435E-08 1.3704898E-08 1.4460271E-08 1.4024280E-08 7.5617086E-09 7.9233136E-09 1.2816149E-08 1.1499028E-08 5.6592899E-09 7.9996116E-09 7.5253261E-09 9.5150972E-09 1.0216074E-08 1.2117053E-08 6.6468355E-09 1.0260695E-08 1.5657530E-08 1.6328475E-08  291.4603 291.7622 296.7021 300.9510 291.4056 295.2138 301.6983 300.2775 293.0794 297.9449 301.4538 300.2038 294.2423 297.8583 298.9371 297.5672 291.4615 294.7306 295.6499 295.2924  0
1990 3.0168113E-08 2.2080208E-08 1.7888393E-08 2.0099776E-08 2.2239284E-08 1.9868935E-08 1.1576676E-08 1.3889257E-08 1.8826460E-08 1.5903625E-08 8.5293026E-09 1.2402947E-08 1.5673924E-08 1.7144025E-08 1.5267650E-08 1.7038285E-08 1.8260124E-08 2.3522198E-08 2.3698446E-08 2.3698934E-08  291.0070 291.5620 296.8337 300.9462 290.9794 294.9450 301.8073 300.4458 292.9253 297.8544 301.6151 300.2502 293.7984 297.6538 298.9248 297.6214 291.0556 294.3499 295.4814 295.1284  0.011
1991 3.6880476E-08 2.7735670E-08 2.0356525E-08 1.6255690E-08 3.1298800E-08 2.9173702E-08 1.4072165E-08 1.1219746E-08 2.9529376E-08 2.5705862E-08 1.0756945E-08 1.1716288E-08 2.0135413E-08 2.1986496E-08 1.8957195E-08 1.8359643E-08 1.7757889E-08 2.5667804E-08 2.7761567E-08 2.4684512E-08  290.6951 291.5482 296.9532 301.0500 290.5131 294.7589 301.8571 300.5042 292.0886 297.1710 301.3997 300.2845 292.8974 296.6858 298.2342 297.1401 290.2398 293.4756 294.6198 294.5044  337.733
1992 3.1363552E-08 2.3435241E-08 2.0157918E-08 2.6373765E-08 2.6546903E-08 2.3134973E-08 1.2439179E-08 1.6244496E-08 2.0479199E-08 1.7875047E-08 8.4995690E-09 1.3406384E-08 1.4334261E-08 1.3321006E-08 1.0760942E-08 1.4158916E-08 1.4584464E-08 1.7858943E-08 1.7737868E-08 1.9119232E-08  290.5040 290.8888 296.1248 300.9520 290.2885 294.1155 301.0073 300.2343 291.9669 296.7639 300.7162 299.3132 292.8664 296.5661 297.9900 296.4209 290.3268 293.4787 294.4292 293.8730  75.0333
1993 3.6146126E-08 2.5149712E-08 1.8124490E-08 1.8533205E-08 2.8707605E-08 2.6484233E-08 1.2028390E-08 1.1536809E-08 2.4564102E-08 2.2138043E-08 1.0255770E-08 1.3107707E-08 1.5952352E-08 1.7088558E-08 1.6189723E-08 2.0523194E-08 1.6467583E-08 1.8874832E-08 2.0446853E-08 2.1528376E-08  291.0148 291.5303 296.7866 301.0213 290.7906 294.6355 301.6248 300.4571 292.2678 297.0153 301.0388 299.8968 293.1005 296.7547 298.0742 296.6334 290.3638 293.6825 294.7722 294.3217  22.3
1994 2.9100518E-08 2.1554241E-08 1.8550654E-08 1.8769478E-08 2.0295476E-08 1.9641385E-08 1.0904799E-08 1.1841014E-08 1.7993804E-08 1.6275273E-08 8.7364285E-09 1.3813519E-08 1.4350110E-08 1.4614206E-08 1.4157191E-08 1.5419172E-08 1.4627167E-08 1.8043011E-08 1.9505284E-08 1.7847414E-08  291.0071 291.4952 296.5859 300.7797 290.9716 294.9546 301.5662 300.0601 292.7917 297.7801 301.3419 299.9242 293.8091 297.5881 298.7151 297.2766 291.3496 294.5880 295.6017 295.3474  8.34333
1995 2.2240643E-08 1.2187408E-08 1.0512934E-08 1.8954260E-08 1.6386910E-08 1.0544503E-08 3.9253605E-09 1.0470810E-08 1.5012654E-08 8.8576106E-09 2.9067309E-09 7.9130800E-09 9.8973656E-09 9.9435100E-09 7.2337691E-09 9.8766577E-09 9.3241663E-09 1.3540779E-08 1.3288524E-08 1.2502034E-08  291.7366 292.4269 297.3392 301.1370 292.0549 296.1373 302.7232 300.5494 294.1585 299.1235 302.5155 300.6296 295.3551 299.1680 300.1572 298.2502 292.8253 296.1739 297.0728 296.5297  128.633
1996 2.5661262E-08 1.6317403E-08 1.2589872E-08 1.4079912E-08 1.8534937E-08 1.6165203E-08 7.9394491E-09 9.4962092E-09 1.6697491E-08 1.2012082E-08 4.9094595E-09 7.5412050E-09 1.1388293E-08 1.1123911E-08 7.3553901E-09 9.4833803E-09 1.1210835E-08 1.3968584E-08 1.1884010E-08 1.1966136E-08  291.1858 291.7969 296.9089 301.0133 291.3031 295.2506 301.9633 300.3075 293.0834 298.0510 301.7070 300.4844 294.0668 297.8230 299.1853 297.9422 291.5439 294.7817 296.1049 295.8573  0
1997 3.9083773E-08 3.5608338E-08 3.2932764E-08 2.2653202E-08 3.2251783E-08 3.3140321E-08 2.2251880E-08 1.9947857E-08 3.1761910E-08 2.7781931E-08 1.6937248E-08 2.0445546E-08 2.4291486E-08 2.3331436E-08 2.3332957E-08 2.5845626E-08 2.4203887E-08 2.7076565E-08 2.9751705E-08 2.8826530E-08  290.5546 290.8501 296.1786 301.2283 289.7628 293.7440 300.7069 300.4557 291.0552 295.9884 300.0404 299.1414 292.2765 295.8338 296.9381 295.8287 289.7316 292.8557 293.6686 293.4193  0.00666667
1998 2.8468964E-08 1.8832226E-08 1.7185775E-08 1.8466926E-08 2.2524281E-08 1.7045226E-08 8.0190157E-09 1.1607534E-08 1.5287112E-08 1.1047822E-08 6.0112959E-09 1.3423599E-08 7.8304057E-09 7.9453688E-09 8.9298569E-09 1.2065522E-08 8.1030374E-09 9.6213171E-09 1.2283325E-08 1.3338397E-08  291.7980 292.0663 297.0775 301.3168 291.7586 295.4649 302.0635 300.6111 294.1317 298.4945 301.7729 300.1432 295.3686 298.6832 299.4243 297.5916 292.7234 295.8261 296.5362 295.8398  95
1999 2.5946987E-08 2.0095831E-08 1.5061090E-08 1.6599772E-08 1.6798202E-08 1.6725707E-08 7.5068334E-09 8.6220631E-09 1.2276901E-08 1.1044825E-08 5.3715290E-09 8.4219574E-09 8.6509964E-09 9.6993933E-09 9.2007566E-09 1.0441416E-08 9.0759560E-09 1.5398930E-08 1.6037795E-08 1.3887779E-08  291.7173 291.9854 297.1096 301.0400 292.0480 295.6045 302.0688 300.4483 294.1613 298.6096 301.9207 300.5161 294.8499 298.4417 299.3997 297.9631 291.6550 294.8224 295.9185 295.7245  17.6
2000 1.8596477E-08 1.2795373E-08 1.0544127E-08 1.4416191E-08 1.3521078E-08 1.2565753E-08 5.6956453E-09 6.8844717E-09 1.1819516E-08 1.1224101E-08 4.9114970E-09 6.4308856E-09 7.7253590E-09 8.6130889E-09 7.1860637E-09 9.9863557E-09 8.7085059E-09 9.9627213E-09 1.0340111E-08 1.0629784E-08  291.8744 292.3973 297.3727 301.0597 292.2738 295.9976 302.3629 300.3143 294.2118 298.8448 302.1136 300.6122 294.9834 298.6652 299.7276 298.1328 291.9601 295.3309 296.4525 296.0251  0
2001 2.4339220E-08 1.7089944E-08 1.5744479E-08 1.8416079E-08 1.7505318E-08 1.3615261E-08 7.6174285E-09 1.0782736E-08 1.4772799E-08 1.1310885E-08 5.3885532E-09 1.1420983E-08 1.0121691E-08 1.2061245E-08 1.1750550E-08 1.4395872E-08 1.0954287E-08 1.4779912E-08 1.7054132E-08 1.7394326E-08  291.3465 291.7701 296.9006 301.2177 291.5562 295.4236 301.9745 300.5009 293.5244 298.3019 301.6744 299.9383 294.6296 298.1217 298.9117 297.0994 291.8508 294.9712 295.7486 295.2231  12.6967
2002 2.6369616E-08 2.0536081E-08 1.6790242E-08 1.6482996E-08 2.2095868E-08 1.8811225E-08 9.9120481E-09 1.0354666E-08 1.8156070E-08 1.3155731E-08 7.7652658E-09 1.2199298E-08 1.2910866E-08 1.1288780E-08 1.2200291E-08 1.6595060E-08 1.3465503E-08 1.5577415E-08 1.9098028E-08 2.0259836E-08  291.0099 291.4189 296.7066 301.1754 291.0922 294.9775 301.8175 300.4692 293.0609 297.9165 301.5201 300.1918 293.9785 297.7574 298.8391 297.4226 291.2551 294.5316 295.5073 295.2078  1130.83
2003 2.3591680E-08 1.6926682E-08 1.2986611E-08 1.9091242E-08 1.7836559E-08 1.5219859E-08 7.9948030E-09 1.0053813E-08 1.4123153E-08 1.1344927E-08 3.9490438E-09 9.2708143E-09 9.6422914E-09 9.9385344E-09 9.0245988E-09 1.2561097E-08 9.5608348E-09 1.3291002E-08 1.3959292E-08 1.5579529E-08  291.9588 292.2773 297.3781 301.3539 292.0543 295.9553 302.4380 300.6028 294.2400 298.9456 302.3582 300.5733 295.3367 299.0548 300.0939 298.2811 292.7394 296.0262 297.0947 296.5482  109.7
2004 2.5633295E-08 2.0026336E-08 2.0029654E-08 2.5969463E-08 1.7634326E-08 1.8080167E-08 1.1861023E-08 1.8790798E-08 1.5549348E-08 1.3296073E-08 9.0865155E-09 1.3626709E-08 1.2388778E-08 1.3426479E-08 1.2565922E-08 1.3738316E-08 1.3082173E-08 1.9277861E-08 2.0343295E-08 1.9158296E-08  291.8165 291.7870 296.6173 301.4558 291.8954 295.1245 301.5609 300.6948 293.6191 297.9483 301.3275 299.9182 294.3348 297.7254 298.7651 297.3676 291.4431 294.4978 295.3405 295.0522  133.1
2005 2.3428766E-08 1.8614656E-08 1.4373428E-08 2.0044519E-08 1.7356488E-08 1.6608103E-08 8.9825214E-09 1.0238304E-08 1.4260565E-08 1.3251374E-08 5.8321361E-09 1.0203698E-08 9.8666488E-09 1.0650304E-08 9.7284554E-09 1.3117216E-08 9.8090602E-09 1.3417726E-08 1.6793244E-08 1.7829526E-08  292.1696 292.2176 297.2806 301.3148 292.3669 295.7681 302.2350 300.7850 294.2895 298.6386 301.8986 300.4790 295.0442 298.5397 299.4554 297.8713 291.9263 295.1137 296.1097 295.6245  66.3333
2006 1.7876699E-08 1.4060859E-08 1.3136522E-08 1.6847029E-08 1.5308911E-08 1.4241849E-08 7.8943776E-09 1.1432821E-08 1.3496247E-08 9.9899555E-09 5.4569895E-09 8.9811358E-09 8.6024743E-09 7.3175439E-09 7.6404145E-09 1.1151180E-08 8.4034992E-09 9.6556372E-09 1.1642129E-08 1.3358457E-08  291.8795 291.7537 296.6531 301.2462 291.7328 295.0760 301.5498 300.5836 293.3291 297.6618 301.0486 299.6740 294.1786 297.5710 298.5883 297.1271 291.4896 294.5751 295.5520 295.2093  2.44733
2007 2.6671643E-08 2.1823169E-08 1.7238543E-08 1.9497497E-08 1.6336413E-08 1.5899525E-08 7.8911206E-09 1.0627801E-08 1.1634265E-08 9.3705435E-09 4.9680597E-09 1.1216412E-08 6.9553137E-09 5.8020095E-09 7.7057809E-09 1.2416031E-08 7.2768818E-09 9.2559169E-09 1.2481135E-08 1.3865713E-08  291.7068 291.9207 297.0460 301.2894 292.0969 295.6773 302.1687 300.6410 294.4395 298.9719 302.1860 300.5530 295.6898 299.2489 300.1084 298.3937 292.8997 296.3253 297.3504 296.8745  466.333
2008 2.3406315E-08 1.4012025E-08 1.0033856E-08 1.7294763E-08 1.8069546E-08 1.3437248E-08 5.9878928E-09 9.6769739E-09 1.5180195E-08 1.0662469E-08 4.8083169E-09 9.0093328E-09 9.8782351E-09 9.4284349E-09 7.6333189E-09 1.1217506E-08 7.4700113E-09 9.7705222E-09 1.1626596E-08 1.2413735E-08  291.8112 292.2362 297.2839 301.1537 291.9627 295.8513 302.3398 300.4280 293.9154 298.6233 301.9328 300.4183 295.0194 298.6315 299.5523 297.8281 292.2863 295.5709 296.4825 295.9966  15.8667
2009 2.8650405E-08 2.1140943E-08 2.1894976E-08 2.8248747E-08 2.3776803E-08 1.9980320E-08 1.1587266E-08 1.3589561E-08 2.2109569E-08 1.7196362E-08 8.7409990E-09 1.2039251E-08 1.7882405E-08 1.8990772E-08 1.5334919E-08 1.5505787E-08 1.7629324E-08 2.2322308E-08 2.2494778E-08 2.0791084E-08  291.9332 291.8697 296.8141 301.4343 291.5669 295.1579 301.8586 300.6641 293.1617 297.7816 301.4312 300.0158 294.3599 297.8233 298.8066 297.3817 291.8526 294.8134 295.6188 295.1457  122.641
2010 2.1621856E-08 1.3325981E-08 1.3753353E-08 1.8753367E-08 1.3748291E-08 1.2367415E-08 8.3680867E-09 1.1647828E-08 1.1023558E-08 7.8221101E-09 4.1207149E-09 8.1101321E-09 7.0397386E-09 6.8476029E-09 6.0382499E-09 9.1920969E-09 7.9400850E-09 1.0898175E-08 1.2121968E-08 1.3334323E-08  292.4773 292.9100 297.7607 301.5916 293.1327 296.5184 302.8111 301.0423 295.1166 299.5797 302.7292 301.2823 295.7569 299.4247 300.5566 298.9889 292.6759 296.0685 297.3559 297.0590  70.7767
2011 2.4198689E-08 1.3937779E-08 9.7941255E-09 1.8965661E-08 1.8275010E-08 1.4927897E-08 6.4613768E-09 1.2739466E-08 1.5852033E-08 1.3020710E-08 5.5041740E-09 1.1232594E-08 9.0822931E-09 8.6797334E-09 6.5012662E-09 1.1201983E-08 7.8312583E-09 1.1402775E-08 1.2122054E-08 1.4006365E-08  292.2614 292.5344 297.4907 301.2223 292.4876 295.9144 302.5077 300.4972 294.4163 298.7758 302.1520 300.7134 295.3684 298.8325 299.8509 298.1763 292.5201 295.6625 296.5482 295.9898  0
2012 2.6135870E-08 2.0908896E-08 1.7383861E-08 2.0636321E-08 1.8695998E-08 1.6562694E-08 9.9559507E-09 1.3837657E-08 1.3561834E-08 1.0892174E-08 5.7990395E-09 1.2664993E-08 8.8138643E-09 9.8445092E-09 9.6792361E-09 1.2996567E-08 8.5203240E-09 1.2164126E-08 1.6987340E-08 1.7033010E-08  291.2723 291.4754 296.7561 301.1375 291.3611 295.1977 301.9352 300.5150 293.4899 298.1154 301.7277 300.0261 294.6841 298.0437 298.9676 297.3814 291.8695 294.8803 295.5799 295.1362  1.92933
2013 2.0597458E-08 1.2612823E-08 1.1094004E-08 1.6135218E-08 1.3818357E-08 1.1713282E-08 3.9554844E-09 9.0864241E-09 1.0755099E-08 8.6744487E-09 3.6446270E-09 7.1102875E-09 6.9750001E-09 7.2967334E-09 6.8872112E-09 9.8184954E-09 7.0642319E-09 9.5987147E-09 1.1450328E-08 1.3399458E-08  291.7580 292.1023 297.0609 301.3677 291.9278 295.5799 302.0733 300.5951 294.0015 298.5891 301.7789 299.9721 295.1436 298.6263 299.4279 297.5813 292.3535 295.4319 296.2696 295.6653  0
2014 3.7877150E-08 2.7346642E-08 1.9111082E-08 1.7110533E-08 3.0079661E-08 2.6237029E-08 1.3827090E-08 1.6139431E-08 2.3309545E-08 1.9942769E-08 1.0591850E-08 1.6554061E-08 1.5656033E-08 1.6236342E-08 1.4729287E-08 1.6995987E-08 1.4837267E-08 1.7200433E-08 1.9042632E-08 1.9023721E-08  290.6591 291.1267 296.7820 301.3773 290.3230 294.5273 301.6916 300.6028 292.5545 297.4508 301.3053 299.8948 294.1216 297.7223 298.7508 297.1703 291.8177 294.9934 295.8567 295.3428  0
2015 5.2724907E-08 4.4399400E-08 4.4147058E-08 2.7343299E-08 4.4816602E-08 4.3779202E-08 3.4421877E-08 2.3710514E-08 3.6442621E-08 3.0953711E-08 2.2207006E-08 2.9762033E-08 2.2011005E-08 2.2991838E-08 2.4224374E-08 3.0243250E-08 1.8358461E-08 2.5036076E-08 2.8946998E-08 3.3457660E-08  290.7127 291.2543 296.6620 301.3481 289.7493 294.1306 301.0508 300.5481 291.1836 296.3594 300.5648 299.8329 292.7460 296.2705 297.5293 296.6451 290.3378 293.2941 294.1579 293.9890  0
