STN,prec_1,prec_2,prec_3,prec_4,prec_5,prec_6,prec_7,prec_8,prec_9,prec_10,prec_11,prec_12,prec_13,prec_14,prec_15,prec_16,prec_17,prec_18,prec_19,prec_20,st_1,st_2,st_3,st_4,st_5,st_6,st_7,st_8,st_9,st_10,st_11,st_12,st_13,st_14,st_15,st_16,st_17,st_18,st_19,st_20,04.0
LAT,23.72017,23.72017,23.72017,23.72017,26.51077,26.51077,26.51077,26.51077,29.30136,29.30136,29.30136,29.30136,32.09194,32.09194,32.09194,32.09194,34.88252,34.88252,34.88252,34.88252,23.72017,23.72017,23.72017,23.72017,26.51077,26.51077,26.51077,26.51077,29.30136,29.30136,29.30136,29.30136,32.09194,32.09194,32.09194,32.09194,34.88252,34.88252,34.88252,34.88252,28.73664429
LON,-104.0625,-101.2500,-98.43750,-95.62500,-104.0625,-101.2500,-98.43750,-95.62500,-104.0625,-101.2500,-98.43750,-95.62500,-104.0625,-101.2500,-98.43750,-95.62500,-104.0625,-101.2500,-98.43750,-95.62500,-104.0625,-101.2500,-98.43750,-95.62500,-104.0625,-101.2500,-98.43750,-95.62500,-104.0625,-101.2500,-98.43750,-95.62500,-104.0625,-101.2500,-98.43750,-95.62500,-104.0625,-101.2500,-98.43750,-95.62500,-99.1447556
1958 2.3938348E-08 1.7179040E-08 1.8153038E-08 2.8583534E-08 2.2242034E-08 1.9498311E-08 9.8547712E-09 1.2279479E-08 1.9807478E-08 1.8123917E-08 8.0141023E-09 1.0526032E-08 1.2340713E-08 1.3733924E-08 1.1565463E-08 1.5804805E-08 1.1769591E-08 1.5304835E-08 1.8269272E-08 1.9539909E-08  291.4193 291.7062 296.7801 301.0040 290.9712 294.9443 301.8091 300.3720 292.8322 297.7242 301.5836 300.4939 293.7750 297.6433 299.0357 297.7739 290.8464 294.1263 295.2173 294.9937  32.4467
1959 2.9901063E-08 1.8477428E-08 1.5640319E-08 2.0568356E-08 2.6495000E-08 2.0566027E-08 1.0594224E-08 1.5682257E-08 1.9878058E-08 1.4760549E-08 8.3862934E-09 1.1833154E-08 1.1416868E-08 1.1045286E-08 1.1644661E-08 1.3364959E-08 9.7072252E-09 1.3080403E-08 1.5771185E-08 1.7560136E-08  291.4106 291.7863 297.0005 301.0906 291.0677 295.1494 301.7970 300.4339 293.1491 297.8924 301.4316 300.3219 294.5331 298.1309 299.1211 297.8926 291.8813 295.0639 296.0131 295.7199  6.48667
1960 2.5732854E-08 1.6633640E-08 1.5763177E-08 2.2308502E-08 2.3745832E-08 1.8699083E-08 9.6331840E-09 1.0828170E-08 1.9766208E-08 1.5856262E-08 8.7888763E-09 1.1121521E-08 1.4529012E-08 1.5504444E-08 1.5430592E-08 1.5223307E-08 1.6329219E-08 2.2469381E-08 2.2261352E-08 1.9255785E-08  291.3705 291.8371 296.9931 301.0078 291.1299 295.2032 301.9649 300.3746 293.1556 297.9524 301.5168 300.3891 294.2575 297.9152 298.9620 297.8003 291.5428 294.8705 295.9454 295.7055  0.693333
1961 3.1828218E-08 2.1201235E-08 1.8341119E-08 3.0606358E-08 2.4965416E-08 1.9762656E-08 1.1945045E-08 2.0755044E-08 1.7294120E-08 1.1375523E-08 6.6362169E-09 1.3629323E-08 1.3418000E-08 1.1673636E-08 9.8487947E-09 1.2054329E-08 1.4561335E-08 1.8222835E-08 1.7154356E-08 1.4263054E-08  291.1319 291.4769 296.8582 300.9184 290.9787 295.0187 301.8102 300.3075 293.4183 298.1409 301.7586 300.4145 294.7247 298.3707 299.4619 298.0962 291.8733 295.0709 295.9725 295.7935  0.02
1962 2.6797224E-08 1.6864572E-08 1.4531769E-08 2.1095213E-08 2.0429004E-08 1.5724115E-08 7.8900060E-09 1.2092429E-08 1.7377511E-08 1.5114027E-08 7.7008107E-09 1.3189627E-08 1.4924757E-08 1.4696615E-08 1.4193265E-08 1.7533422E-08 1.5374603E-08 1.7123828E-08 1.9186658E-08 1.9618410E-08  291.2620 291.6638 296.8354 300.9298 290.9577 294.9864 301.9597 300.3212 292.8706 297.7448 301.5237 300.1037 294.0549 297.6538 298.6578 297.0863 291.2229 294.3765 295.1139 294.6775  31.0133
1963 2.8082827E-08 2.0141512E-08 1.6292422E-08 2.0339584E-08 2.1846306E-08 1.8295031E-08 1.0017005E-08 1.3929264E-08 1.6153596E-08 1.3245922E-08 7.3914803E-09 1.0709419E-08 9.9875423E-09 9.6336770E-09 9.0319183E-09 1.1539607E-08 1.3533958E-08 1.3790903E-08 1.4306745E-08 1.4825360E-08  290.8601 291.1037 296.4636 300.8994 290.5717 294.5471 301.3515 300.2971 292.6802 297.5500 301.1335 299.7577 294.0477 297.7198 298.6131 296.9002 291.2662 294.5013 295.2142 294.7492  0
1964 2.8547953E-08 1.8755921E-08 1.4049414E-08 2.1852051E-08 2.2482215E-08 1.8009034E-08 9.2795593E-09 1.0938933E-08 1.6192997E-08 1.4532063E-08 6.8070709E-09 1.3782610E-08 9.3815080E-09 1.0944964E-08 1.2061818E-08 1.8066928E-08 8.8545962E-09 1.1606521E-08 1.7230139E-08 2.0491600E-08  291.5838 291.9822 297.1552 300.9771 291.4307 295.4734 302.1891 300.3528 293.5190 298.2354 301.8049 300.3434 294.6291 298.2050 299.1125 297.6501 291.7310 294.9438 295.7910 295.4222  1.39
1965 2.7280299E-08 1.9520506E-08 1.5793253E-08 1.7603163E-08 2.1558517E-08 1.9043007E-08 1.0296065E-08 1.1203372E-08 1.8461991E-08 1.5495822E-08 7.5478033E-09 1.2705166E-08 1.3683086E-08 1.6837824E-08 1.5300628E-08 1.6558985E-08 1.3702789E-08 2.0919684E-08 2.3787901E-08 2.1417634E-08  291.1504 291.3872 296.6189 300.8461 291.0103 294.7206 301.4460 300.2602 292.7420 297.2910 300.9702 299.7291 293.5258 296.9840 298.1488 296.8761 290.6703 293.7430 294.7023 294.4358  54.1867
1966 3.4835587E-08 2.2601187E-08 1.6976886E-08 1.9072090E-08 2.7697341E-08 2.2764226E-08 1.2208727E-08 1.1607600E-08 1.9953502E-08 1.6871940E-08 8.2671781E-09 1.4184279E-08 1.3306243E-08 1.4490932E-08 1.3509267E-08 1.8064396E-08 1.2216187E-08 1.8493560E-08 2.1280469E-08 2.3287772E-08  290.9616 291.5118 296.7516 300.7297 290.4804 294.5566 301.4314 300.1811 292.1460 297.1028 300.9694 299.7587 293.3609 297.0411 298.1696 296.7595 290.7023 293.8976 294.7932 294.3961  21.0333
1967 2.9049541E-08 1.6838603E-08 1.6524988E-08 1.6697205E-08 2.4008788E-08 1.9796564E-08 9.8477848E-09 1.0993379E-08 1.8743549E-08 1.6815967E-08 8.1469818E-09 1.3090715E-08 1.3456914E-08 1.4612924E-08 1.3841024E-08 1.5095692E-08 1.6754537E-08 2.1001789E-08 2.2311351E-08 2.1538721E-08  291.4397 292.1139 297.0995 300.8022 291.0610 295.2791 302.0164 300.2296 293.0414 298.0089 301.6945 300.3017 294.2576 297.8980 298.9513 297.6764 291.1280 294.2578 295.2691 295.0520  32.7767
1968 2.4012873E-08 2.2419902E-08 2.0040973E-08 1.5430455E-08 1.7450663E-08 1.8322805E-08 1.2336164E-08 1.1489611E-08 1.5981202E-08 1.3494745E-08 9.2170218E-09 1.2544540E-08 1.2177725E-08 1.1971256E-08 1.3327135E-08 1.6124615E-08 1.3711811E-08 1.7031910E-08 1.9956186E-08 2.1648527E-08  290.8751 291.0880 296.2537 300.6088 290.8866 294.6125 301.3565 300.0893 292.6506 297.5110 301.2543 299.9607 293.7325 297.4635 298.7191 297.3061 291.0184 294.3105 295.3826 295.0247  57.8667
1969 2.9495011E-08 2.2367065E-08 1.6815827E-08 2.1390658E-08 2.4470793E-08 2.5056471E-08 1.0477605E-08 1.1125254E-08 2.1180137E-08 2.1619377E-08 7.4954816E-09 1.1263432E-08 1.3722111E-08 1.3731114E-08 1.4718722E-08 1.6329105E-08 1.2934391E-08 1.7119200E-08 2.2271550E-08 2.3704326E-08  291.5974 291.8286 297.0416 300.9203 291.3163 295.1969 302.0366 300.3076 292.9386 297.8182 301.6288 300.3083 293.9190 297.6954 298.8792 297.5544 291.0046 294.4016 295.4239 295.1537  0
1970 3.2714816E-08 2.1821718E-08 1.5967634E-08 2.0505885E-08 2.5542482E-08 1.9904727E-08 1.0539360E-08 1.5120957E-08 1.7597245E-08 1.2528033E-08 7.1655677E-09 1.6501595E-08 1.0175059E-08 9.0334291E-09 9.5359809E-09 1.5397422E-08 9.2387964E-09 1.2048357E-08 1.4685406E-08 1.5959696E-08  291.1287 291.4437 296.7264 300.7579 291.0158 295.0195 301.7451 300.1939 293.3002 298.1152 301.5608 299.9293 294.7331 298.3856 299.2470 297.4500 292.0389 295.4463 296.2513 295.5637  13.2267
1971 3.4921545E-08 2.4047589E-08 1.8201344E-08 2.2218751E-08 2.9157077E-08 2.4022651E-08 1.2094246E-08 1.4525749E-08 1.9661881E-08 1.7129006E-08 9.4369259E-09 1.6361625E-08 1.1520000E-08 1.3540597E-08 1.4612039E-08 1.8697103E-08 1.2812729E-08 1.8346826E-08 2.2553394E-08 2.1301558E-08  290.4913 291.0391 296.7013 300.9779 290.2506 294.4455 301.5961 300.3564 292.6693 297.4710 301.2943 300.0160 294.4333 297.9018 298.8047 297.2353 291.7925 294.8159 295.5272 295.0971  0
1972 2.7781974E-08 2.3774978E-08 1.8545213E-08 2.4388957E-08 2.3796428E-08 2.0627651E-08 8.6223491E-09 1.3878239E-08 1.7815271E-08 1.6782824E-08 7.8808871E-09 9.6292005E-09 1.1874832E-08 1.2694945E-08 1.2502595E-08 1.3786869E-08 1.2259094E-08 1.4822417E-08 1.7262460E-08 1.7971654E-08  290.8171 290.8641 296.3101 300.8942 290.5317 294.3730 301.4497 300.2912 292.7530 297.3342 301.1290 299.8699 294.0538 297.5003 298.5053 296.9901 291.1464 294.2236 294.8880 294.5078  18.1333
1973 2.2264146E-08 1.6084957E-08 1.8054896E-08 2.9812330E-08 1.7516490E-08 1.3752203E-08 8.2075111E-09 1.5035059E-08 1.3889466E-08 1.0378614E-08 5.6050027E-09 1.2022065E-08 8.9889376E-09 8.6957961E-09 7.9874036E-09 1.2119638E-08 7.6799136E-09 1.0985103E-08 1.3173297E-08 1.5754010E-08  290.9775 291.2874 296.3443 300.8810 290.8361 294.7866 301.4416 300.2812 293.0574 297.8599 301.2833 299.6456 294.2833 298.0040 298.9949 297.2529 291.6240 294.9278 295.8070 295.0485  86.8333
1974 3.4288366E-08 1.9177524E-08 1.4484688E-08 1.8482750E-08 2.5730285E-08 1.9555625E-08 1.0420900E-08 1.4373228E-08 2.2255389E-08 1.7277968E-08 7.8901632E-09 1.3767293E-08 1.4002657E-08 1.2862086E-08 9.9832933E-09 1.3505669E-08 1.2951160E-08 1.6181234E-08 1.6517365E-08 1.6594917E-08  290.7260 291.3219 296.4935 300.6579 290.5659 294.5762 301.3759 300.1310 292.2957 297.2280 301.0152 299.7270 293.5119 297.2018 298.5236 297.0643 290.7078 293.8998 295.0378 294.6923  58.4333
1975 3.4345600E-08 2.4209946E-08 1.8595351E-08 2.2909671E-08 2.7666932E-08 2.3830387E-08 1.1405234E-08 1.6349119E-08 2.2065151E-08 1.8462824E-08 1.0029754E-08 1.5772894E-08 1.5097855E-08 1.4880615E-08 1.5854635E-08 1.9921123E-08 1.5435923E-08 2.1015580E-08 2.4326063E-08 2.5673728E-08  291.1496 291.6312 296.9554 300.8817 290.8919 295.0428 301.9123 300.2870 292.6843 297.6883 301.5290 300.3805 293.5105 297.4528 298.7535 297.5930 290.5251 293.9276 295.1357 295.1261  141.933
1976 3.2905142E-08 2.6640535E-08 2.0076552E-08 2.0011589E-08 2.8803502E-08 2.6047243E-08 1.4197092E-08 1.6134138E-08 2.0044935E-08 1.5934974E-08 7.1280546E-09 1.3061062E-08 1.2371630E-08 1.1796149E-08 9.5139541E-09 1.2611603E-08 1.2350348E-08 1.5232166E-08 1.5871885E-08 1.7084233E-08  290.3157 290.5027 296.0035 300.7532 289.8458 293.7517 300.6339 300.1997 292.0208 296.5617 300.3275 299.0035 293.2414 296.6780 297.7019 296.1082 290.5660 293.5948 294.4169 293.8828  396.8
1977 3.1905561E-08 2.1558966E-08 1.7355466E-08 2.3846452E-08 2.4040789E-08 2.0254017E-08 8.2783700E-09 1.1002709E-08 1.8562023E-08 1.4127346E-08 5.2677143E-09 1.0777875E-08 1.1572467E-08 1.3063338E-08 1.0870335E-08 1.6364904E-08 1.1207671E-08 1.6855271E-08 1.8727649E-08 2.1265063E-08  291.3380 291.5783 296.7991 300.8750 291.0943 294.9400 301.9030 300.2799 293.0591 297.7410 301.5833 300.1732 293.9504 297.6079 298.8062 297.3750 290.9049 294.0586 294.9865 294.7157  452.333
1978 3.1388780E-08 2.0147933E-08 1.4579428E-08 1.4865794E-08 2.3703144E-08 1.9250654E-08 9.2630676E-09 1.0014501E-08 1.8392569E-08 1.4687411E-08 7.2928557E-09 1.0434943E-08 1.4215262E-08 1.4338063E-08 1.1096792E-08 1.4334127E-08 1.4405540E-08 1.8176619E-08 1.5884986E-08 1.5778442E-08  290.6804 291.3643 296.7611 300.8264 290.6397 294.8643 301.8442 300.2463 292.7645 297.7653 301.6200 300.3571 293.9817 297.7264 299.1159 297.7670 291.2280 294.5120 295.7672 295.5408  44.1
1979 3.2550826E-08 2.2449623E-08 1.8853262E-08 1.9707008E-08 2.3854858E-08 1.6751564E-08 8.1587297E-09 1.1790988E-08 1.8204892E-08 1.1635977E-08 5.6673222E-09 1.1775512E-08 1.2729105E-08 1.0727323E-08 1.1784836E-08 1.3818897E-08 1.2671993E-08 1.6490247E-08 1.9416699E-08 1.8808830E-08  290.5928 291.0257 296.4962 300.9666 290.5266 294.6730 301.6365 300.3472 292.5508 297.5988 301.3495 299.8996 293.8663 297.5726 298.5935 297.0597 291.2296 294.3705 295.1622 294.8519  420.533
1980 2.5693108E-08 1.8680129E-08 1.5394251E-08 1.7611820E-08 1.9862215E-08 1.6280753E-08 8.7396090E-09 1.0145785E-08 1.6554264E-08 1.3585654E-08 7.1185249E-09 9.5783177E-09 1.2327398E-08 1.4308864E-08 1.2735415E-08 1.3391610E-08 1.1979658E-08 1.7657111E-08 2.0547448E-08 1.7233479E-08  290.9041 291.2144 296.5290 300.7966 290.7765 294.7650 301.6517 300.2231 292.6596 297.5730 301.2744 299.9940 293.5594 297.2605 298.5264 297.3109 290.6986 293.9967 295.1880 294.9901  10.9133
1981 2.3406825E-08 1.8078280E-08 1.2056442E-08 1.5951123E-08 2.0458922E-08 1.7437911E-08 7.5588993E-09 9.6158477E-09 2.0463318E-08 1.6990297E-08 6.7453532E-09 9.4020987E-09 1.6180817E-08 1.6313111E-08 1.3895471E-08 1.6695051E-08 1.4929892E-08 2.0560188E-08 2.1426311E-08 2.0304425E-08  291.1522 291.6231 296.8507 300.7542 290.8661 294.9207 301.7607 300.1973 292.5470 297.4885 301.2342 299.8937 293.5589 297.2641 298.4043 296.8477 290.9806 294.2014 295.0547 294.5304  743.197
1982 2.9277770E-08 2.2940506E-08 1.6824908E-08 1.5748759E-08 2.4950015E-08 1.9731482E-08 9.4974162E-09 9.6755421E-09 2.1257630E-08 1.5818278E-08 6.4684080E-09 9.7984501E-09 1.5366632E-08 1.4960266E-08 1.1846854E-08 1.1989416E-08 1.2069541E-08 1.4850342E-08 1.6051940E-08 1.6288638E-08  291.0355 291.2414 296.5196 300.9809 290.7887 294.7148 301.6671 300.3598 292.5639 297.5017 301.4353 300.2975 293.6235 297.4536 298.8604 297.7026 291.1239 294.4533 295.6852 295.4767  52.1
1983 3.1679996E-08 1.7199733E-08 1.5855839E-08 2.0118300E-08 2.5939910E-08 1.4749816E-08 8.2108418E-09 1.2447296E-08 2.0437913E-08 1.0994693E-08 6.0883512E-09 1.3801795E-08 1.3716127E-08 1.0575084E-08 1.0039228E-08 1.6382776E-08 1.3890889E-08 1.7131928E-08 1.8507809E-08 1.8088453E-08  291.2175 292.0478 297.1589 301.1599 291.1932 295.5874 302.4711 300.4893 293.2671 298.4121 302.2057 300.5748 294.3389 298.3251 299.6502 298.1196 291.7630 295.2809 296.4646 296.0759  29.1
1984 2.9245458E-08 1.8535609E-08 1.5021014E-08 1.9234569E-08 2.2716151E-08 1.8469438E-08 8.6431111E-09 1.3596819E-08 1.9029136E-08 1.5392006E-08 7.6738411E-09 1.3912975E-08 1.3176269E-08 1.3822201E-08 1.1925865E-08 1.6077347E-08 1.3524268E-08 1.6159978E-08 1.6863957E-08 1.8414747E-08  291.4453 291.8713 296.8847 300.9552 291.5545 295.1613 301.9324 300.3473 293.3385 297.9066 301.6148 300.4845 294.2260 297.7400 299.0270 297.7039 291.4443 294.7275 295.8233 295.5223  1.09767
1985 3.2268293E-08 2.4480130E-08 1.7894948E-08 2.3889708E-08 2.3804752E-08 1.9460161E-08 1.0098541E-08 1.4896426E-08 1.7115308E-08 1.3397603E-08 6.0996266E-09 1.3952061E-08 1.1233634E-08 1.0650242E-08 8.3141023E-09 1.3488171E-08 1.0697979E-08 1.4489173E-08 1.4565760E-08 1.6543835E-08  290.8064 291.2010 296.6202 300.8281 290.7807 294.9290 301.7933 300.2530 293.0643 298.0471 301.8019 300.1171 294.3418 298.1545 299.4279 297.8416 291.4817 294.7545 295.8195 295.4434  16.1433
1986 3.1724532E-08 2.4630761E-08 1.8973672E-08 2.0409271E-08 2.7509072E-08 2.4164569E-08 1.2715412E-08 1.4913336E-08 2.3644837E-08 2.1792172E-08 1.1001744E-08 1.5181081E-08 1.7612615E-08 1.9736069E-08 1.6388764E-08 1.6683588E-08 1.6843520E-08 2.2088894E-08 2.3294183E-08 2.0843341E-08  290.7787 291.1929 296.5988 301.2531 290.5694 294.5745 301.5739 300.5596 292.3936 297.1753 301.0436 299.9320 293.2795 296.7922 298.0938 296.9309 290.6572 293.6682 294.6332 294.4435  11.7067
1987 3.4231761E-08 2.8942962E-08 2.4665008E-08 2.1702855E-08 3.0749550E-08 3.0129481E-08 1.7400518E-08 1.7156280E-08 2.6761798E-08 2.5526450E-08 1.4131695E-08 1.8630150E-08 1.8352225E-08 1.9951285E-08 1.9759341E-08 2.2356780E-08 1.7993681E-08 2.3028194E-08 2.4368548E-08 2.3018414E-08  290.6346 291.1174 296.3687 301.1584 290.1029 294.0587 301.0550 300.4893 291.6467 296.5422 300.6016 299.4429 292.6798 296.4084 297.7794 296.5493 290.0615 293.2503 294.2819 294.0670  99.5667
1988 2.4267381E-08 1.6362030E-08 1.5144854E-08 1.5890135E-08 1.6825606E-08 1.3134086E-08 8.7022309E-09 9.6218091E-09 1.2709045E-08 1.1357044E-08 5.8848593E-09 9.1533652E-09 7.7513977E-09 8.8884349E-09 7.3785480E-09 9.0405123E-09 6.3054069E-09 8.7687342E-09 9.8132773E-09 9.9902477E-09  290.7969 291.2702 296.5014 300.9019 290.9495 294.9773 301.6441 300.3016 292.9897 297.8954 301.4215 299.8281 294.3586 297.9725 299.0429 297.3941 291.8654 295.1561 296.2000 295.7488  84.2667
1989 2.6152055E-08 1.5201611E-08 1.2454923E-08 1.5623282E-08 1.6940945E-08 1.1723950E-08 5.7881326E-09 9.1009618E-09 1.1696390E-08 7.8982216E-09 3.5022090E-09 7.6335791E-09 7.2709185E-09 8.0190112E-09 7.4402617E-09 8.9253387E-09 8.7390974E-09 1.3054073E-08 1.4416806E-08 1.3448545E-08  290.8218 291.4557 296.7752 300.8142 291.1557 295.1778 301.8120 300.2411 293.5820 298.2336 301.5824 299.9658 294.5416 298.2009 299.1143 297.4724 291.5652 294.8659 295.8717 295.5244  30.2333
1990 3.2483957E-08 2.2840691E-08 1.7813552E-08 1.9558295E-08 2.7199826E-08 2.2920650E-08 1.0846128E-08 1.3694218E-08 2.4648870E-08 1.8185409E-08 8.5385867E-09 1.1389544E-08 1.8454333E-08 1.6138950E-08 1.3668975E-08 1.4247271E-08 1.6603979E-08 2.1722668E-08 2.1077598E-08 2.0285453E-08  291.2268 291.6128 296.8475 301.2495 290.8114 294.7344 301.7396 300.5527 292.3238 297.1913 301.1747 300.1147 293.1050 296.7606 298.0908 297.0644 290.2880 293.3092 294.3370 294.3380  8.04967
1991 2.4069880E-08 1.8280909E-08 1.6297076E-08 2.3160139E-08 1.8445766E-08 1.6077690E-08 8.9297636E-09 1.1518843E-08 1.3774657E-08 1.0559118E-08 7.1889072E-09 1.1092826E-08 8.7541121E-09 8.5074010E-09 9.7985087E-09 1.2861062E-08 1.0646553E-08 1.6232763E-08 1.8147295E-08 1.6840882E-08  291.3201 291.4509 296.6104 301.1879 291.2245 295.0242 301.6793 300.5119 293.1754 297.9259 301.4481 299.9368 294.2071 297.7885 298.9438 297.3605 291.4071 294.6289 295.4944 294.9302  28.1967
1992 3.5491297E-08 2.4716888E-08 1.8555218E-08 2.1191124E-08 2.8456162E-08 2.3546226E-08 1.2907829E-08 1.5412770E-08 2.1570727E-08 1.7086403E-08 9.6433324E-09 1.6792018E-08 1.4811188E-08 1.5218985E-08 1.3949345E-08 1.9396511E-08 1.6411947E-08 2.0944352E-08 2.2788498E-08 2.2987560E-08  290.9070 291.2234 296.5739 300.9102 290.6636 294.6729 301.5915 300.3072 292.5889 297.3931 301.2786 299.7880 293.7010 297.2606 298.4442 296.8801 291.0331 294.1405 294.9453 294.4809  677.733
1993 3.3673775E-08 2.8455855E-08 2.0837602E-08 1.9949525E-08 2.8276977E-08 2.8976986E-08 1.5620531E-08 1.3120140E-08 2.5056105E-08 2.3555524E-08 1.2872034E-08 1.3651029E-08 1.6656042E-08 1.9996175E-08 1.8389597E-08 1.8888974E-08 1.4555124E-08 2.0866379E-08 2.3394362E-08 2.1306507E-08  290.8235 291.2950 296.7477 301.0298 290.2782 294.3371 301.4177 300.3920 291.8281 296.6849 300.8107 299.9806 292.8620 296.4767 297.9840 297.1224 290.3966 293.6248 294.8214 294.7661  103.833
1994 3.4889187E-08 2.3222167E-08 1.8656944E-08 2.2294278E-08 2.7724166E-08 2.3908662E-08 1.1094117E-08 1.5981076E-08 2.2902986E-08 1.9081298E-08 1.0093082E-08 1.6547583E-08 1.6547084E-08 1.9067869E-08 1.7716697E-08 2.0169274E-08 1.6984249E-08 2.3930797E-08 2.4718513E-08 2.4169536E-08  290.7965 291.2823 296.5929 300.6996 290.7217 294.6547 301.5193 300.1652 292.6054 297.4241 301.0961 299.8643 293.5105 297.1581 298.4162 297.1415 290.7280 293.9013 295.0676 294.9157  30.6667
1995 2.8268518E-08 2.3131919E-08 1.9729567E-08 2.5083272E-08 2.2446873E-08 2.0485729E-08 1.1637643E-08 1.4474192E-08 1.9554754E-08 1.7847686E-08 8.2654656E-09 1.1804746E-08 1.5717930E-08 1.8285087E-08 1.3738171E-08 1.5879291E-08 1.4809871E-08 2.0362211E-08 2.1060094E-08 2.0550448E-08  291.2230 291.5299 296.6411 301.1384 291.0702 294.9247 301.5985 300.4740 293.0690 297.6586 301.2958 300.0869 293.9885 297.4978 298.6115 297.3419 291.1031 294.2672 295.2503 295.0238  52.2333
1996 3.2282454E-08 2.2374289E-08 1.7000986E-08 1.6778015E-08 2.4093248E-08 1.9185080E-08 9.4942321E-09 1.0589703E-08 1.9139387E-08 1.7949507E-08 7.4367863E-09 1.0307850E-08 1.2827137E-08 1.6058339E-08 1.4478904E-08 1.5194056E-08 1.3029577E-08 1.9990974E-08 2.1992546E-08 2.0741258E-08  291.4905 291.8870 297.0122 300.9999 291.2481 295.2363 301.9627 300.3773 292.9114 297.8937 301.7046 300.5895 293.9859 297.7369 298.9569 297.8470 291.0619 294.3591 295.3540 295.1796  5.807
1997 2.8504243E-08 2.3861709E-08 1.9348589E-08 1.7745423E-08 2.4322475E-08 2.0587871E-08 1.1479492E-08 1.2111219E-08 1.9049819E-08 1.3720166E-08 8.1786453E-09 9.7321617E-09 1.3709825E-08 1.2588447E-08 9.7985922E-09 1.2867819E-08 1.3846101E-08 1.5673159E-08 1.5603421E-08 1.5171809E-08  290.7557 291.0497 296.2763 301.2652 290.4875 294.4629 301.2921 300.5658 292.3990 297.2350 300.9906 299.8106 293.4460 297.0348 298.2975 297.0059 290.8597 293.9553 294.9186 294.7190  145.833
1998 2.7426029E-08 1.8215482E-08 1.4854542E-08 2.2036454E-08 1.9471546E-08 1.4245333E-08 7.8684170E-09 1.1019888E-08 1.5691672E-08 1.0603337E-08 5.5005716E-09 1.0419940E-08 8.6846548E-09 9.1760803E-09 8.9267163E-09 1.3512013E-08 9.5256203E-09 1.2444326E-08 1.4218923E-08 1.6605401E-08  291.3851 291.7431 296.9795 301.0572 291.4494 295.4079 301.9749 300.4099 293.5272 298.1744 301.5640 299.9669 294.6947 298.0686 298.9102 297.1515 291.8550 294.8355 295.5314 294.8001  13.3677
1999 2.4017528E-08 1.3190918E-08 1.0229110E-08 1.4629290E-08 1.5916100E-08 1.0326106E-08 4.9363451E-09 8.5894518E-09 1.3511662E-08 9.7834505E-09 4.7414614E-09 6.5188521E-09 1.1183399E-08 1.0578772E-08 9.1022256E-09 8.9745837E-09 1.0159570E-08 1.3748198E-08 1.5162612E-08 1.2976041E-08  291.2534 291.9099 297.0723 301.0297 291.5225 295.5887 302.3333 300.4031 293.7935 298.7309 302.2135 300.7781 294.9580 298.8110 299.8569 298.3647 292.1682 295.4636 296.4431 296.1723  60.4667
2000 2.3656469E-08 1.5092338E-08 1.3786523E-08 1.9945489E-08 1.6817793E-08 1.5262556E-08 8.8059444E-09 1.2327983E-08 1.4036527E-08 1.2775161E-08 5.6022849E-09 8.1879694E-09 8.5165199E-09 9.0385344E-09 7.5527975E-09 9.6278194E-09 7.7399278E-09 1.1042017E-08 1.2572394E-08 1.1772144E-08  291.3552 291.7180 296.9308 301.0443 291.5368 295.4135 302.0436 300.4000 293.7794 298.5614 301.9369 300.3273 295.1320 298.8434 299.7243 298.1260 292.3383 295.6284 296.5154 296.2347  7.64
2001 2.6025678E-08 2.1111838E-08 1.7732056E-08 1.9990743E-08 2.1570150E-08 2.0144862E-08 8.4445126E-09 1.3210133E-08 1.8604622E-08 1.5565686E-08 5.8171525E-09 8.1320826E-09 1.2123753E-08 1.2201103E-08 9.0058565E-09 1.2287364E-08 1.1557474E-08 1.4679078E-08 1.6138467E-08 1.6248748E-08  291.3145 291.5100 296.6786 301.2624 291.3420 294.9727 301.7465 300.5729 293.0175 297.6509 301.4578 300.0307 293.7053 297.3166 298.7016 297.1534 290.7816 294.0019 295.1573 294.8345  26.6667
2002 2.9366213E-08 2.0785183E-08 1.6412882E-08 1.7274408E-08 1.9568999E-08 1.8124149E-08 9.5327337E-09 1.2945635E-08 1.6133189E-08 1.4759695E-08 6.6407497E-09 1.3944812E-08 1.0524092E-08 1.1919813E-08 1.1254881E-08 1.4941257E-08 1.0317725E-08 1.5089316E-08 1.7225680E-08 1.5961998E-08  291.0200 291.5849 296.9231 301.0656 291.1638 295.1619 302.0384 300.4238 293.1743 298.0916 301.8993 300.3051 294.0966 297.9072 299.1643 297.6328 291.3116 294.6365 295.7058 295.3290  43.7333
2003 3.1601587E-08 2.3152024E-08 1.7568896E-08 2.0517021E-08 2.4127736E-08 2.1828628E-08 1.2279629E-08 1.1233602E-08 2.1083538E-08 1.7669104E-08 8.7604706E-09 1.2560233E-08 1.4729411E-08 1.7000142E-08 1.3764545E-08 1.4990164E-08 1.1687276E-08 1.5968094E-08 1.6975436E-08 1.6650786E-08  290.7485 291.2281 296.8698 301.1613 290.8595 294.9152 301.8245 300.5004 292.9212 297.8908 301.5452 300.1559 294.2540 297.8388 298.8928 297.3969 291.5883 294.8779 295.7431 295.2272  106.333
2004 2.0473614E-08 1.6469606E-08 1.3310215E-08 1.5553036E-08 1.4442967E-08 1.1755289E-08 7.3763697E-09 8.6830783E-09 1.1071080E-08 8.1075138E-09 4.4613544E-09 6.1742811E-09 8.0175546E-09 7.3744735E-09 7.1701218E-09 7.1666517E-09 8.8763015E-09 1.0086673E-08 1.0529293E-08 9.5465591E-09  291.0311 291.2486 296.4695 300.7409 291.0300 294.9443 301.5574 300.1792 293.2750 298.0216 301.5584 300.1837 294.4223 298.1050 299.3147 297.9068 291.7855 295.2000 296.3443 295.9918  1115.07
2005 2.6865576E-08 2.1993744E-08 1.6616855E-08 1.9830322E-08 2.0964919E-08 2.0041988E-08 1.0090144E-08 1.3741372E-08 1.7181991E-08 1.5938477E-08 8.2667491E-09 1.3390475E-08 1.2804853E-08 1.2712930E-08 1.4353868E-08 1.6948530E-08 1.2729614E-08 1.6337872E-08 1.8555832E-08 1.9474657E-08  291.4762 291.7101 297.1416 301.2921 291.2271 295.1835 302.1149 300.5923 293.1295 297.8635 301.6281 300.3225 294.3096 297.8470 298.8731 297.3268 291.5922 294.8130 295.8377 295.3369  162.7
2006 3.1216043E-08 2.3108914E-08 1.6303334E-08 1.9326169E-08 2.1973580E-08 1.8092274E-08 1.1677172E-08 1.2484834E-08 1.9281908E-08 1.5643531E-08 8.7824201E-09 1.1011242E-08 1.4322231E-08 1.6360108E-08 1.5319735E-08 1.5488274E-08 1.3412674E-08 1.8268770E-08 2.3077519E-08 2.1147924E-08  291.0174 291.2693 296.6894 301.1864 291.0271 295.0114 301.5739 300.5096 293.1723 297.9691 301.4072 300.1537 294.3187 297.9643 298.8579 297.4904 291.6046 294.8193 295.6876 295.3438  36.6667
2007 3.1727620E-08 2.2014056E-08 1.8906920E-08 2.0003212E-08 2.4680029E-08 2.1018284E-08 1.4193122E-08 1.6200092E-08 2.0793001E-08 1.6652397E-08 9.3004635E-09 1.3111007E-08 1.3680896E-08 1.3048076E-08 1.1307561E-08 1.0843208E-08 1.4476919E-08 1.7037550E-08 1.6136331E-08 1.4055196E-08  291.1046 291.5513 296.9269 301.4485 291.0508 295.0717 301.9721 300.7079 293.1702 297.9746 301.7965 300.4732 294.3443 298.1300 299.4865 298.3465 291.7319 295.1511 296.5117 296.3967  112.46
2008 2.1549520E-08 1.5199468E-08 1.5291809E-08 1.8723801E-08 1.6930349E-08 1.5514354E-08 7.8110247E-09 1.3029227E-08 1.2679918E-08 1.2252508E-08 6.6695409E-09 1.1991260E-08 9.7736841E-09 9.4304182E-09 1.0692835E-08 1.5480225E-08 1.0139298E-08 1.1924586E-08 1.3237202E-08 1.6804337E-08  291.6999 291.9704 296.9453 301.2994 291.7393 295.3363 301.7878 300.5989 293.7485 298.1848 301.3618 299.8446 294.5477 298.0436 298.8786 297.1721 291.6047 294.7995 295.7826 295.1405  44.9667
2009 2.3275232E-08 1.6029956E-08 1.3147446E-08 1.8343236E-08 1.4946050E-08 1.3576893E-08 7.8501934E-09 1.2705890E-08 1.2100759E-08 1.0246207E-08 5.4597611E-09 1.2849086E-08 9.8871409E-09 1.0346007E-08 1.0050612E-08 1.4413629E-08 1.0963883E-08 1.6493299E-08 1.9433923E-08 2.1796176E-08  291.5328 292.0168 297.1469 301.1493 291.8070 295.6143 302.1441 300.4864 293.7144 298.4548 301.8015 300.0696 294.4344 298.0691 299.0572 297.4958 291.2511 294.4122 295.4023 295.2058  2.223
2010 2.3132905E-08 1.5381607E-08 1.1846144E-08 1.5061746E-08 1.6251311E-08 1.3828597E-08 7.3629840E-09 8.8161674E-09 1.3385832E-08 1.1301498E-08 5.1753681E-09 9.8183746E-09 8.9041645E-09 1.0355466E-08 8.3691774E-09 8.9671435E-09 8.2960785E-09 1.2961817E-08 1.3790443E-08 1.2674844E-08  0.0000000E+00 0.0000000E+00 0.0000000E+00 0.0000000E+00 0.0000000E+00 0.0000000E+00 0.0000000E+00 0.0000000E+00 0.0000000E+00 0.0000000E+00 0.0000000E+00 0.0000000E+00 0.0000000E+00 0.0000000E+00 0.0000000E+00 0.0000000E+00 0.0000000E+00 0.0000000E+00 0.0000000E+00 0.0000000E+00  223.52
2011 1.9814269E-08 1.2439971E-08 1.1624764E-08 1.8160273E-08 1.4115918E-08 1.1457058E-08 6.1370375E-09 1.3711844E-08 1.2414887E-08 9.0638803E-09 4.7557291E-09 1.1352680E-08 9.1513810E-09 8.9641734E-09 9.8949648E-09 1.1726293E-08 9.9311732E-09 1.4608620E-08 1.7155569E-08 1.5880333E-08  291.5091 292.0531 297.2386 301.2234 291.6797 295.6506 302.3190 300.5525 293.6696 298.4978 301.9232 300.2036 294.5776 298.2321 299.2489 297.6500 291.6165 294.8412 295.8664 295.4906  0
2012 2.9487836E-08 2.3317886E-08 1.6887414E-08 1.8784705E-08 2.5147568E-08 2.1020146E-08 8.7904848E-09 1.0154297E-08 1.8001890E-08 1.5322279E-08 5.9261978E-09 1.0535942E-08 9.5461958E-09 1.1465511E-08 1.0194949E-08 1.3318334E-08 1.0427092E-08 1.3972969E-08 1.5481159E-08 1.8726364E-08  290.9214 291.0690 296.4561 301.0150 290.3968 294.3360 301.4528 300.3883 292.5400 297.3468 301.1428 299.9274 293.8218 297.4904 298.6822 297.2398 291.2343 294.4471 295.4610 295.0125  0
2013 2.5213275E-08 1.7938952E-08 1.2870381E-08 1.6527999E-08 1.8006704E-08 1.4994516E-08 6.2460583E-09 9.6221964E-09 1.2299634E-08 1.0058653E-08 4.1289581E-09 9.6554000E-09 8.8355341E-09 9.2960049E-09 8.0326048E-09 1.2035942E-08 9.6605834E-09 1.4258100E-08 1.5136896E-08 1.6214429E-08  291.4397 291.8316 297.0213 301.2553 291.5522 295.4637 302.2739 300.5716 293.6767 298.4361 301.9678 300.3528 294.7001 298.3246 299.4103 297.6947 291.8112 295.0873 296.2263 295.6950  0
2014 3.2389085E-08 2.7789508E-08 2.4314970E-08 3.1247790E-08 2.5167751E-08 2.4238267E-08 1.3912622E-08 1.7207604E-08 2.0245997E-08 1.6741778E-08 9.7229567E-09 1.5582609E-08 1.5298163E-08 1.5755280E-08 1.6171358E-08 2.0685121E-08 1.5300088E-08 1.9456776E-08 2.1687626E-08 2.2947393E-08  291.2144 291.2548 296.5612 301.4287 290.9232 294.7247 301.4857 300.6868 292.9859 297.6372 301.3433 299.9853 294.0531 297.6520 298.7153 297.2431 291.2201 294.4621 295.4289 295.0224  0
2015 3.3351139E-08 2.3133209E-08 1.9268878E-08 2.8040979E-08 2.7896297E-08 2.0640808E-08 9.4993275E-09 1.6668851E-08 2.1622446E-08 1.5097763E-08 6.3227046E-09 1.1672468E-08 1.4185372E-08 1.1711706E-08 1.0567167E-08 1.1612836E-08 1.1492799E-08 1.4000575E-08 1.7836951E-08 1.8483540E-08  291.0191 291.3288 296.6682 301.4114 290.8123 294.8015 301.6771 300.6776 292.9015 297.6949 301.4517 300.0227 294.0954 297.6849 298.8364 297.2278 291.5889 294.7263 295.5613 295.0586  5.24667
