STN,prec_1,prec_2,prec_3,prec_4,prec_5,prec_6,prec_7,prec_8,prec_9,prec_10,prec_11,prec_12,prec_13,prec_14,prec_15,prec_16,prec_17,prec_18,prec_19,prec_20,st_1,st_2,st_3,st_4,st_5,st_6,st_7,st_8,st_9,st_10,st_11,st_12,st_13,st_14,st_15,st_16,st_17,st_18,st_19,st_20,03.0
LAT,23.72017,23.72017,23.72017,23.72017,26.51077,26.51077,26.51077,26.51077,29.30136,29.30136,29.30136,29.30136,32.09194,32.09194,32.09194,32.09194,34.88252,34.88252,34.88252,34.88252,23.72017,23.72017,23.72017,23.72017,26.51077,26.51077,26.51077,26.51077,29.30136,29.30136,29.30136,29.30136,32.09194,32.09194,32.09194,32.09194,34.88252,34.88252,34.88252,34.88252,28.73664429
LON,-104.0625,-101.2500,-98.43750,-95.62500,-104.0625,-101.2500,-98.43750,-95.62500,-104.0625,-101.2500,-98.43750,-95.62500,-104.0625,-101.2500,-98.43750,-95.62500,-104.0625,-101.2500,-98.43750,-95.62500,-104.0625,-101.2500,-98.43750,-95.62500,-104.0625,-101.2500,-98.43750,-95.62500,-104.0625,-101.2500,-98.43750,-95.62500,-104.0625,-101.2500,-98.43750,-95.62500,-104.0625,-101.2500,-98.43750,-95.62500,-99.1447556
1958 6.5749610E-08 2.7522026E-08 1.7250093E-08 2.1167081E-08 5.3519635E-08 2.1453385E-08 1.0145023E-08 1.8938003E-08 3.2519797E-08 1.3594547E-08 8.7941867E-09 3.4183703E-08 1.6922312E-08 9.2448627E-09 1.0933571E-08 2.7923505E-08 1.7725755E-08 1.4975230E-08 1.5258607E-08 1.9712312E-08  292.7577 295.0046 300.4153 302.2727 293.5901 299.2944 306.5112 301.9941 297.3957 303.1351 306.5453 303.8521 300.1423 304.3622 305.2319 302.7103 298.2979 302.0401 303.4087 302.6211  302.968
1959 6.0162279E-08 2.3230866E-08 1.6586528E-08 2.3986990E-08 4.3585736E-08 1.5298127E-08 5.9963057E-09 1.8918493E-08 2.6665747E-08 9.8863051E-09 4.4629589E-09 2.6586513E-08 1.6408658E-08 9.2537658E-09 8.2853440E-09 2.2899746E-08 1.7551931E-08 1.5305764E-08 1.6686917E-08 1.8929660E-08  292.8250 295.0908 300.3915 302.2988 293.9563 299.6807 306.8608 302.0108 297.8099 303.7877 307.3518 304.8502 300.3256 304.8613 306.1221 303.9557 298.4513 302.3933 303.9941 303.3717  1.35806
1960 5.9987798E-08 3.0366685E-08 2.1964579E-08 3.1987703E-08 4.3714177E-08 2.1998883E-08 1.2845950E-08 2.7744189E-08 2.3636479E-08 1.0271776E-08 7.9455047E-09 2.9675002E-08 1.3936100E-08 9.4338750E-09 1.0197351E-08 2.1113383E-08 1.6450754E-08 1.4337734E-08 1.7240254E-08 1.7042366E-08  292.4728 294.2108 299.6729 302.2213 293.5024 298.7467 306.0201 301.9574 297.4402 303.0560 306.6946 304.3976 300.2035 304.4863 305.6100 303.8989 298.5340 302.4021 303.8596 303.7108  2.00323
1961 5.6893175E-08 3.1375500E-08 2.3002103E-08 2.9358196E-08 4.3746173E-08 2.4676849E-08 1.2586939E-08 2.3416685E-08 2.4184811E-08 1.1388938E-08 8.1756477E-09 2.9027897E-08 1.3317340E-08 6.8554051E-09 1.0974665E-08 2.4168656E-08 1.6690713E-08 1.3143060E-08 1.6888917E-08 1.9319113E-08  292.8047 294.3169 299.6569 302.2399 293.9420 298.6711 305.8756 301.9671 297.5762 302.8474 306.4182 304.4130 300.3642 304.4759 305.4096 303.5487 298.5102 302.3618 303.6701 303.1823  20.5065
1962 6.3881210E-08 2.7057123E-08 2.3284620E-08 3.0149057E-08 4.4401627E-08 2.2023706E-08 1.2245243E-08 2.6239743E-08 2.3080657E-08 9.5290726E-09 5.9574781E-09 2.9895837E-08 1.4281992E-08 8.3029263E-09 1.0950522E-08 2.4900485E-08 1.7050082E-08 1.4149293E-08 1.5748752E-08 1.8515715E-08  292.3840 294.3445 299.5634 302.1712 293.8358 298.7816 305.8279 301.9209 297.8208 303.1729 306.5890 304.3087 300.3039 304.6627 305.6467 303.8588 298.3160 302.5776 304.3505 304.0698  7
1963 6.3223588E-08 2.6551600E-08 1.9544983E-08 3.0812572E-08 5.1223232E-08 2.3342668E-08 1.1137616E-08 2.2877158E-08 3.0004593E-08 1.5724108E-08 9.0557517E-09 2.8532629E-08 1.8013198E-08 1.0990789E-08 1.4128136E-08 2.6829095E-08 2.0227835E-08 1.7955099E-08 1.9649214E-08 2.0111312E-08  292.2760 294.2690 299.7099 302.1493 293.0056 298.5309 305.9911 301.9053 296.7719 302.5844 306.4521 304.3758 299.5699 303.9534 305.0600 303.4137 297.7833 301.6179 303.1229 303.0164  0
1964 5.5263893E-08 2.7563505E-08 2.0471786E-08 3.0186126E-08 4.2388098E-08 2.0040078E-08 1.1255674E-08 2.5265905E-08 2.2279735E-08 1.0557154E-08 8.7326395E-09 2.8395391E-08 1.5152098E-08 9.3140695E-09 1.1477388E-08 2.5325910E-08 1.7489288E-08 1.5222223E-08 1.7631823E-08 2.1138421E-08  293.1866 294.7256 299.8214 302.3086 294.0332 299.0988 306.0475 302.0180 297.8051 303.1407 306.4254 304.3426 300.3705 304.4893 305.2931 303.4629 298.3307 302.1959 303.5226 303.0110  8.66452
1965 6.4593301E-08 2.7782585E-08 2.0132427E-08 2.8159539E-08 4.6487308E-08 1.8448274E-08 8.2248928E-09 2.2481480E-08 2.6962853E-08 1.0824746E-08 6.9333659E-09 3.5022733E-08 1.7858024E-08 9.3365635E-09 1.1440435E-08 2.8418695E-08 1.9295884E-08 1.8000680E-08 2.0334376E-08 2.3380951E-08  292.8788 294.8136 299.9938 302.0700 294.0934 299.3207 306.3616 301.8512 297.6181 303.3089 306.5689 303.8448 300.0229 304.3800 305.1645 302.8366 298.1599 301.9095 303.2677 302.7481  1.03226
1966 5.8609903E-08 2.6078130E-08 2.0407839E-08 3.0283324E-08 4.6129394E-08 1.8493715E-08 9.3693444E-09 2.4862526E-08 2.5213238E-08 1.0668232E-08 6.2979151E-09 2.4186239E-08 1.3713227E-08 7.3699340E-09 9.8454196E-09 1.7898698E-08 1.6104201E-08 1.3057649E-08 1.5332523E-08 1.8032171E-08  292.3093 294.2111 299.5176 301.9640 293.4013 298.6933 305.9497 301.7758 297.1535 302.9045 306.5925 304.3716 299.8087 304.3544 305.5797 303.8391 298.0316 302.2670 303.8141 303.2201  0
1967 5.9526830E-08 2.2090680E-08 1.8484952E-08 2.3042661E-08 4.9111300E-08 1.5235692E-08 9.5908153E-09 2.2244253E-08 2.7961903E-08 1.2004590E-08 7.1830293E-09 2.9568838E-08 1.5146373E-08 9.3701402E-09 1.2550454E-08 2.6359968E-08 1.4400448E-08 1.4037592E-08 1.8136884E-08 2.1192427E-08  292.5342 294.9818 300.1352 302.1019 293.5438 299.3869 306.5680 301.8728 297.4887 303.3478 306.8670 304.6556 300.3058 304.6770 305.6436 303.9119 298.6712 302.5461 304.1096 303.9863  0
1968 6.2446851E-08 2.6957087E-08 1.9992541E-08 2.7646172E-08 4.9948735E-08 1.9443704E-08 1.0177193E-08 2.0868102E-08 2.7997125E-08 9.8085557E-09 6.3071903E-09 2.4700258E-08 1.7023766E-08 9.2735188E-09 1.0488002E-08 2.2510568E-08 1.8625480E-08 1.6576699E-08 1.8880435E-08 2.1910560E-08  292.2907 294.4716 299.7709 302.0656 293.0708 298.8275 306.2101 301.8490 296.9440 302.9205 306.6933 304.5416 299.6463 304.1583 305.4661 303.8060 297.9048 301.8285 303.4424 303.1221  114.742
1969 5.0617370E-08 1.6266863E-08 1.3312760E-08 2.0406283E-08 3.6441421E-08 1.1641555E-08 6.2994396E-09 1.6722932E-08 2.3222539E-08 7.3305828E-09 5.6410023E-09 2.3973522E-08 1.6171635E-08 7.6449735E-09 9.6213437E-09 2.0263331E-08 1.9687104E-08 1.6286466E-08 1.7496165E-08 1.8744913E-08  293.2568 295.2375 300.1475 302.2450 294.3094 299.7685 306.5304 301.9741 297.7134 303.6152 306.7563 304.2347 299.9293 304.4586 305.3811 303.3449 297.9331 301.8978 303.3694 302.8593  0
1970 5.5420674E-08 2.1198924E-08 2.0443919E-08 3.0550328E-08 4.5043986E-08 1.4331294E-08 8.4315053E-09 2.3246654E-08 2.8550005E-08 9.3342916E-09 5.4834532E-09 2.3310514E-08 1.7793674E-08 8.8215524E-09 1.0356661E-08 2.1420819E-08 1.7846002E-08 1.5507538E-08 1.7560026E-08 1.8335859E-08  292.8908 294.9095 299.8778 302.0646 293.6981 299.3254 306.3834 301.8400 297.1331 303.1177 306.6940 304.4761 299.8570 304.2204 305.2881 303.5118 298.1981 302.0976 303.5497 303.1905  18.8387
1971 5.1266202E-08 2.1862704E-08 1.8796824E-08 2.8582356E-08 3.6151661E-08 1.2770528E-08 7.3150139E-09 2.3387331E-08 2.1373571E-08 5.9139378E-09 4.7170783E-09 2.7857268E-08 1.5288879E-08 7.1570687E-09 9.3652677E-09 2.4477334E-08 1.7531276E-08 1.3060985E-08 1.4513092E-08 1.8260776E-08  292.8487 294.8039 299.8283 302.1501 294.3496 299.3557 306.3534 301.9076 297.8989 303.5591 306.9704 304.7037 300.3920 304.9013 305.8779 303.7758 298.6360 302.7263 304.2378 303.5842  0.00290323
1972 5.2144578E-08 1.9726022E-08 1.4954750E-08 2.3335174E-08 3.4894025E-08 1.1670408E-08 7.7834956E-09 1.9049848E-08 2.0052891E-08 8.0850544E-09 4.3403028E-09 2.5228578E-08 1.4373030E-08 8.4149212E-09 8.7768459E-09 2.3097307E-08 1.7765222E-08 1.5079515E-08 1.5958291E-08 1.8762071E-08  292.9382 294.8649 299.8267 302.1010 294.4429 299.3001 306.2772 301.8714 297.7501 303.2330 306.6868 304.5748 300.0357 304.2460 305.3543 303.7605 297.9432 301.9548 303.6836 303.3793  28.4516
1973 6.4561490E-08 2.7188040E-08 2.0101851E-08 2.4280157E-08 5.1217111E-08 2.3879558E-08 1.4858173E-08 2.5906518E-08 3.1251361E-08 1.4277614E-08 1.1340800E-08 3.5564710E-08 2.0032827E-08 1.0839556E-08 1.3062032E-08 2.6792671E-08 2.0841210E-08 1.6804021E-08 1.8744341E-08 2.1646839E-08  292.5876 294.7092 300.0292 302.1804 293.3562 298.9082 305.9471 301.9239 296.8791 302.7958 306.2887 303.6112 299.2360 303.8544 305.0544 302.9542 297.6872 301.5632 303.2056 302.7221  42.8387
1974 7.4091965E-08 3.0918059E-08 1.9131150E-08 2.1624587E-08 5.9596641E-08 2.7315105E-08 1.2767734E-08 2.2284903E-08 3.5678909E-08 1.7120472E-08 8.3182954E-09 3.2871384E-08 1.8793815E-08 1.0342759E-08 1.2722511E-08 2.8683274E-08 1.7350025E-08 1.4716006E-08 1.6865567E-08 2.1043443E-08  291.8075 294.3901 299.8976 301.8900 292.5882 298.4358 305.8102 301.7211 296.1649 302.2781 306.1514 303.8196 299.0596 303.7943 304.8211 302.8214 297.4527 301.4507 302.9949 302.4882  83.6129
1975 6.0939875E-08 2.4959903E-08 1.8109834E-08 2.2826526E-08 4.1231477E-08 1.9205951E-08 7.9815532E-09 2.2424423E-08 2.5984354E-08 1.1612963E-08 5.5537903E-09 2.4706507E-08 1.6399685E-08 9.1693879E-09 1.1652437E-08 2.0771422E-08 1.7967729E-08 1.4459880E-08 1.7932756E-08 1.8331761E-08  292.1600 294.3969 299.8359 302.2124 293.7213 299.0919 306.2229 301.9482 297.5016 303.2541 306.6823 304.3828 300.1292 304.5414 305.4108 303.7387 298.3619 302.4245 303.9283 303.5453  127.677
1976 6.0601757E-08 3.0687470E-08 2.6029809E-08 3.5509750E-08 4.3930640E-08 2.1612379E-08 1.1746151E-08 2.6551579E-08 2.5917807E-08 1.1644275E-08 7.1862671E-09 3.0386786E-08 1.4550272E-08 7.5306241E-09 1.2637204E-08 2.5346859E-08 1.4578313E-08 1.2159564E-08 1.6195852E-08 1.7151267E-08  291.9518 293.7834 299.1740 301.9250 293.0579 298.3068 305.4979 301.7466 296.8933 302.5190 306.1379 303.8492 299.6204 304.0324 304.8394 303.0318 297.8561 301.6667 303.1580 302.8439  40.129
1977 6.6829635E-08 2.8964283E-08 2.3059705E-08 2.9395746E-08 5.3912256E-08 2.2138524E-08 1.0215783E-08 2.2174152E-08 3.0594965E-08 1.1356617E-08 6.6983614E-09 2.9468895E-08 1.8085453E-08 1.0701386E-08 1.3576966E-08 2.4537991E-08 2.0367493E-08 1.8397499E-08 2.0825322E-08 2.3263095E-08  292.2987 294.4651 299.9187 302.2614 292.8958 298.8987 306.2567 301.9828 296.9484 303.0471 306.7174 304.2527 299.4764 303.9700 305.0700 303.0226 297.5504 301.5546 302.9474 302.4290  207.226
1978 6.9821198E-08 3.2634627E-08 1.8942588E-08 2.2900757E-08 5.1836693E-08 2.5270216E-08 1.0864950E-08 2.1870733E-08 3.2034215E-08 1.7550770E-08 9.7573638E-09 3.4339006E-08 1.6566181E-08 9.6783639E-09 1.0297682E-08 2.5805718E-08 1.8462151E-08 1.5788997E-08 1.8070031E-08 2.2783453E-08  291.8888 294.1451 299.8635 302.1324 292.8713 298.5294 306.0783 301.8941 296.5978 302.4148 306.0714 303.6007 299.5562 303.7617 304.7595 302.7439 297.7886 301.5798 302.9562 302.4107  51.4194
1979 6.4365629E-08 3.0297279E-08 2.1379359E-08 3.3403257E-08 4.4715133E-08 2.0846191E-08 8.7815053E-09 2.4555540E-08 2.5935545E-08 1.1823071E-08 6.0576211E-09 2.8960990E-08 1.6031857E-08 8.3665004E-09 9.4220827E-09 2.1512196E-08 1.8848505E-08 1.3896103E-08 1.8381852E-08 2.1723130E-08  292.3288 294.2780 299.6958 302.2720 293.7411 299.0156 306.1844 301.9943 297.4424 303.2460 306.7792 304.4146 300.0951 304.6333 305.6675 304.0171 298.2146 302.2693 303.8940 303.6513  245.903
1980 6.0117102E-08 2.5827321E-08 1.8515278E-08 2.3498998E-08 4.0073530E-08 1.4088207E-08 7.3041875E-09 1.9136463E-08 2.1846189E-08 8.7120835E-09 5.3428519E-09 2.6603955E-08 1.3469067E-08 6.2723466E-09 7.9368547E-09 1.8430443E-08 1.4423529E-08 1.1654348E-08 1.2504525E-08 1.3332529E-08  292.5070 294.7011 300.0225 302.1768 294.0371 299.6077 306.5620 301.9207 298.0656 303.7463 307.0341 304.5389 300.7090 305.0374 306.0783 304.3754 298.8619 302.8265 304.6115 304.4123  15.6452
1981 6.0756634E-08 2.3683800E-08 1.7497543E-08 2.5483098E-08 4.4130793E-08 1.8038627E-08 9.2508801E-09 2.3582308E-08 2.7255455E-08 1.1061140E-08 7.8087838E-09 3.0323598E-08 1.8157134E-08 9.6293622E-09 8.9634966E-09 2.4240375E-08 1.6796687E-08 1.4070015E-08 1.6000698E-08 1.8286432E-08  292.3187 294.4951 299.7794 302.0391 293.4960 299.0957 306.0921 301.8262 297.2675 303.1392 306.4817 304.1138 299.7213 304.3292 305.4606 303.4632 298.0668 302.1973 303.9025 303.4240  7.72581
1982 6.1236172E-08 2.4451012E-08 2.0305244E-08 2.9361107E-08 4.1928597E-08 1.7401987E-08 1.0036635E-08 2.6199226E-08 2.2865470E-08 1.0133460E-08 7.8597759E-09 2.7385154E-08 1.2102777E-08 6.3327334E-09 9.4794155E-09 2.4071415E-08 1.3521452E-08 1.1620255E-08 1.4066009E-08 1.7333162E-08  292.6098 294.6309 299.8594 302.2854 293.9159 299.2198 306.2430 302.0013 297.7215 303.2992 306.6292 304.4089 300.4415 304.7248 305.6639 303.7740 298.7669 302.8784 304.4178 303.9982  64.4516
1983 6.2121508E-08 2.6059142E-08 1.9830299E-08 2.5847196E-08 4.5595673E-08 1.9563659E-08 1.0869256E-08 2.3480256E-08 2.8622155E-08 1.1928472E-08 7.7742852E-09 3.1352382E-08 1.7647979E-08 9.1908907E-09 1.1962176E-08 2.3990744E-08 1.7218490E-08 1.6353011E-08 1.8243906E-08 2.1948471E-08  292.7255 294.9388 300.0731 302.4180 293.7644 299.3027 306.3476 302.0985 297.3041 303.1301 306.5919 303.7486 299.9142 304.2553 305.2288 303.1458 298.4194 302.1194 303.4835 302.8969  34.2903
1984 5.2784689E-08 2.1592328E-08 1.6584352E-08 2.6335998E-08 3.6411222E-08 1.4648461E-08 6.9205148E-09 2.4352429E-08 2.2995465E-08 8.5808534E-09 6.2199326E-09 2.8812419E-08 1.6127206E-08 7.3217272E-09 9.1485779E-09 2.3744827E-08 1.5822051E-08 1.2122102E-08 1.3317079E-08 1.7332376E-08  292.4720 294.6502 299.8020 302.1498 293.8559 299.0811 306.2843 301.9118 297.4893 303.1688 306.7197 304.5098 299.8395 304.3371 305.4323 303.5558 298.1193 302.1691 303.9053 303.4445  2.72903
1985 5.8178365E-08 2.3759148E-08 1.7686220E-08 2.2530601E-08 3.9729898E-08 1.5513477E-08 7.8593763E-09 1.8081231E-08 2.3455334E-08 8.0438367E-09 4.8700759E-09 2.4894225E-08 1.3877202E-08 7.2763049E-09 8.0966513E-09 1.9668384E-08 1.4333836E-08 1.3002098E-08 1.5446663E-08 1.5870956E-08  292.4240 294.7271 300.0795 302.0276 293.5697 299.3844 306.5154 301.8179 297.5325 303.6016 307.1125 304.6850 300.3124 304.9360 305.9880 304.1692 298.5379 302.7300 304.2939 304.1240  80.2903
1986 6.0704970E-08 3.0097041E-08 2.1011042E-08 2.5379492E-08 4.0251756E-08 1.8139376E-08 8.8746868E-09 1.7529930E-08 2.3422228E-08 8.8695300E-09 6.3479959E-09 2.6849028E-08 1.6276518E-08 8.3569818E-09 9.8165946E-09 2.2589775E-08 1.7308770E-08 1.4325701E-08 1.4501643E-08 1.4653379E-08  292.3439 294.2234 299.7025 302.3718 293.7093 298.9854 306.1992 302.0705 297.3265 303.1266 306.5737 304.2962 299.5984 304.2182 305.2957 303.4515 297.7666 301.9821 303.7445 303.5470  6.56452
1987 6.4354928E-08 2.5229923E-08 1.6199969E-08 2.4935542E-08 4.6142365E-08 1.7460904E-08 7.4125794E-09 2.1356989E-08 3.0963278E-08 1.3077602E-08 7.7928650E-09 3.0356929E-08 1.9781274E-08 1.0474196E-08 1.2731412E-08 2.5841182E-08 1.8437015E-08 1.4798572E-08 1.9520977E-08 2.1319487E-08  292.0219 294.4288 299.8820 302.3951 293.2060 299.0198 306.4215 302.0902 296.6242 302.8221 306.5777 303.9902 298.8871 303.6727 305.0302 303.2357 297.3871 301.5446 303.2009 302.9299  142.29
1988 6.4650777E-08 2.9506115E-08 1.6339438E-08 2.1241911E-08 4.4980403E-08 2.1725631E-08 9.0154098E-09 2.2869823E-08 2.6313627E-08 1.3007830E-08 8.2536618E-09 3.5104492E-08 1.6184734E-08 9.7965103E-09 1.1085627E-08 2.9784776E-08 1.5268503E-08 1.4466816E-08 1.5767442E-08 1.9761455E-08  292.2047 294.5714 300.0883 302.1245 293.3076 299.0647 306.4516 301.8859 297.1761 302.9972 306.6237 303.9140 299.6566 304.0546 305.0798 302.6523 297.9357 301.9055 303.4088 302.7244  101.903
1989 6.6453843E-08 3.3766106E-08 1.9238325E-08 2.1257167E-08 4.5922125E-08 2.7111176E-08 1.1799396E-08 2.0775003E-08 2.7881628E-08 1.3855575E-08 8.2214795E-09 3.1751970E-08 1.4933487E-08 8.1261886E-09 1.2136721E-08 2.7101938E-08 1.3781942E-08 1.1719276E-08 1.5455988E-08 1.9968725E-08  292.3212 294.4481 300.2102 302.1411 293.6462 298.9282 306.3701 301.8994 297.3925 303.0203 306.5970 304.0690 300.1368 304.3933 305.0956 302.9686 298.3483 302.0762 303.4087 302.8898  49.6129
1990 6.1329864E-08 3.0264520E-08 1.9364363E-08 2.3433536E-08 3.9771759E-08 1.8619469E-08 1.1100278E-08 2.2422293E-08 2.6058560E-08 1.1756820E-08 7.8291036E-09 2.8199462E-08 1.5874537E-08 1.0325519E-08 1.1048542E-08 2.4618849E-08 1.7429594E-08 1.5717880E-08 1.8399765E-08 2.1755538E-08  292.4329 294.6018 300.1123 302.6001 294.0210 299.3075 306.4665 302.2345 297.5401 303.3699 306.8614 304.3854 300.0222 304.5498 305.5125 303.4059 298.1919 302.2550 303.7524 303.0869  0.00322581
1991 6.4118723E-08 2.7501004E-08 2.1937172E-08 3.5415919E-08 5.0208467E-08 2.0416735E-08 1.1198337E-08 2.6563619E-08 2.9018281E-08 9.2420533E-09 7.2234374E-09 3.2288320E-08 1.5104112E-08 7.3312303E-09 1.1128527E-08 2.3803480E-08 1.4960671E-08 1.4298689E-08 1.7457626E-08 2.0365338E-08  292.6737 294.7935 300.0008 302.4891 293.4009 299.0644 306.2168 302.1520 297.1318 303.1627 306.7560 304.2133 300.1390 304.5529 305.5941 303.5733 298.7021 302.5696 304.0914 303.5721  3.76774
1992 6.0409491E-08 2.8409547E-08 1.6066750E-08 1.9955293E-08 4.2501824E-08 1.9029290E-08 7.0799033E-09 1.5708068E-08 2.5949305E-08 1.0068902E-08 5.2252411E-09 2.6868191E-08 1.6750720E-08 8.4618597E-09 7.2499118E-09 2.1354913E-08 1.7667388E-08 1.5455150E-08 1.4942996E-08 1.6179639E-08  292.1918 294.3664 299.8711 302.3035 293.5802 298.9001 306.3813 302.0219 297.2959 303.0578 306.8351 304.4083 299.7681 304.0862 305.5953 303.9222 297.8955 301.9430 303.7486 303.5116  1079.1
1993 6.9746406E-08 3.1065898E-08 2.0546434E-08 2.2909814E-08 5.4834686E-08 2.4967788E-08 1.0903824E-08 1.9263776E-08 3.6831135E-08 1.5139864E-08 7.5516056E-09 2.7653012E-08 2.2554898E-08 1.2129375E-08 1.1559369E-08 2.5844928E-08 1.9852560E-08 1.8652763E-08 2.0281979E-08 2.4035471E-08  292.0579 294.3484 299.7363 302.1736 292.8315 298.6700 306.0355 301.9285 296.2411 302.4698 306.4341 304.1560 298.9243 303.5466 305.0772 303.3890 297.5312 301.4826 303.2301 303.0184  122.742
1994 6.3423258E-08 2.5562805E-08 1.7483343E-08 2.5845900E-08 4.3362562E-08 1.7712679E-08 8.9762837E-09 2.3443594E-08 2.5809598E-08 9.5991570E-09 6.0278578E-09 3.0772402E-08 1.4408135E-08 7.1538642E-09 1.0735645E-08 2.3543093E-08 1.7632583E-08 1.4849161E-08 1.5551569E-08 1.9287814E-08  292.1770 294.3852 299.6856 302.0146 293.4554 298.9763 306.0746 301.8149 297.0458 303.0755 306.4602 303.9957 299.8715 304.4031 305.2303 303.2667 298.0834 302.1521 303.6537 303.0931  37.6774
1995 6.1829624E-08 2.4034419E-08 1.6897516E-08 2.4225411E-08 4.7848221E-08 2.0093651E-08 7.8041440E-09 2.2737424E-08 3.0773290E-08 1.3288993E-08 8.4397209E-09 3.4973631E-08 1.9093253E-08 9.8810871E-09 1.2271667E-08 2.8018830E-08 1.9218945E-08 1.6666100E-08 2.0475786E-08 2.3209356E-08  292.7190 294.9309 300.1736 302.4242 293.5800 299.2485 306.3481 302.1083 297.2179 303.0725 306.5076 303.6772 299.7718 304.2198 305.1689 302.9331 298.1518 301.9044 303.2656 302.6530  41.3226
1996 5.7856379E-08 2.7101063E-08 1.9568947E-08 2.6256394E-08 4.0953623E-08 1.7349592E-08 9.7712105E-09 2.3392946E-08 2.2342988E-08 7.6555100E-09 5.3087859E-09 3.1922273E-08 1.3621682E-08 5.3037139E-09 9.3103827E-09 2.5558879E-08 1.6791443E-08 1.1578511E-08 1.4739364E-08 1.8695092E-08  292.5585 294.4151 299.7336 302.2580 293.6447 299.0634 306.0555 301.9943 297.4803 303.4133 306.7239 303.9246 300.1765 304.9139 305.6810 303.3399 298.2201 302.6213 304.1101 303.5380  6.24194
1997 6.0245249E-08 3.2421617E-08 1.8304627E-08 2.7776402E-08 4.0644050E-08 2.0855206E-08 9.3199048E-09 2.5288937E-08 2.4040576E-08 9.7177750E-09 7.5853288E-09 2.8545577E-08 1.4588610E-08 8.0048794E-09 1.1244165E-08 2.2795376E-08 1.6884588E-08 1.4987480E-08 1.6240268E-08 1.9968969E-08  292.5154 294.2664 299.7375 302.5031 294.0725 299.0139 306.0174 302.1702 297.5052 303.2126 306.5323 304.1732 299.8787 304.3520 305.2562 303.4252 297.8824 301.7816 303.2673 302.7713  0
1998 6.0784302E-08 2.9430080E-08 2.1981542E-08 2.7391119E-08 4.0993246E-08 1.9087276E-08 1.2233499E-08 2.7185363E-08 2.2546160E-08 8.4976763E-09 7.7176585E-09 3.4526209E-08 1.3447367E-08 8.0991347E-09 1.4826300E-08 3.2808433E-08 1.4299144E-08 1.3379624E-08 1.7154695E-08 2.1455600E-08  292.7170 294.5853 299.8829 302.3288 293.9431 298.9846 305.8752 302.0319 297.6943 303.0982 306.3071 303.4904 300.2737 304.2401 304.8972 302.6174 298.4819 302.0848 303.2789 302.6870  203.055
1999 6.9415748E-08 3.1629341E-08 2.3302507E-08 2.7114510E-08 4.7713709E-08 2.3936257E-08 1.3211153E-08 2.4559013E-08 2.8722543E-08 1.2786017E-08 9.3811758E-09 3.1284234E-08 1.5520612E-08 8.6663796E-09 1.2416780E-08 2.8662511E-08 1.4492102E-08 1.2968218E-08 1.6253335E-08 2.1531092E-08  292.5457 294.8908 300.2608 302.1689 293.8706 299.0891 306.4219 301.9196 297.5419 303.1543 306.7757 304.5309 300.0894 304.4019 305.3089 303.2261 298.4354 302.2012 303.6793 303.1570  61.5484
2000 5.7505993E-08 2.3407027E-08 1.9711806E-08 2.5918608E-08 4.0271274E-08 1.5153253E-08 1.0232629E-08 2.0831450E-08 2.3021705E-08 8.1786116E-09 6.9209833E-09 3.3757370E-08 1.2389445E-08 5.8460046E-09 1.1393836E-08 2.6136997E-08 1.4130467E-08 1.1580603E-08 1.3087476E-08 1.7554528E-08  293.0329 295.0602 300.1012 302.4235 294.4596 299.5909 306.4275 302.1010 298.3139 303.7510 307.0451 304.6687 300.8957 305.2402 306.0295 304.0301 299.0557 303.1671 304.7095 304.1312  17.6774
2001 6.0706881E-08 2.3416636E-08 1.4526599E-08 2.2868125E-08 4.5112728E-08 1.7902074E-08 7.7113533E-09 2.3905097E-08 2.9099263E-08 1.1352240E-08 8.1485307E-09 2.8498681E-08 1.6593557E-08 9.0380059E-09 1.4030923E-08 2.7774535E-08 1.6394505E-08 1.3710835E-08 1.9431692E-08 2.1393740E-08  292.6013 294.8993 300.1465 302.5222 293.5783 299.1341 306.4374 302.1823 297.1053 303.0927 306.7384 304.5570 299.8354 304.2207 305.1507 303.2413 298.1308 301.9492 303.2591 302.9827  26.9032
2002 6.4177605E-08 3.2059127E-08 2.2098366E-08 2.4512342E-08 4.5457192E-08 2.2143061E-08 1.1268598E-08 2.2632351E-08 2.4543910E-08 1.2125576E-08 8.1321856E-09 3.2572213E-08 1.2516056E-08 7.7032967E-09 9.1468983E-09 2.5287289E-08 1.4454641E-08 1.3024190E-08 1.5121540E-08 1.8999346E-08  292.1552 294.2999 299.8564 302.3799 293.4916 298.9650 306.2465 302.0750 297.6045 303.1755 306.6198 303.9971 300.4276 304.6781 305.4959 303.1740 298.6889 302.6219 304.0117 303.3301  12.3161
2003 7.2495681E-08 3.3137823E-08 2.1139888E-08 2.3436501E-08 5.4541392E-08 2.4700190E-08 1.2982259E-08 2.5272783E-08 3.3286366E-08 1.5284785E-08 7.7490387E-09 3.3868456E-08 1.9501201E-08 1.0576041E-08 1.1562904E-08 2.9910538E-08 1.5732347E-08 1.3647804E-08 1.5824435E-08 2.3392220E-08  291.9821 294.2749 299.8750 302.4010 293.0789 298.6303 305.9352 302.0827 296.7700 302.5491 306.2712 303.6199 299.4861 303.8710 304.9674 302.6649 298.1425 302.0356 303.4341 302.6407  167.387
2004 5.8893239E-08 2.8901558E-08 2.1487566E-08 3.3952677E-08 3.9606636E-08 2.2368296E-08 1.1434798E-08 2.8322033E-08 2.2320945E-08 1.2183350E-08 1.0224761E-08 3.3586055E-08 1.4456385E-08 8.4670830E-09 1.2870114E-08 2.5759077E-08 1.3553898E-08 1.2448615E-08 1.4825699E-08 1.8060867E-08  292.8876 294.6901 300.0252 302.5668 294.1339 299.0298 306.1591 302.2129 297.8088 303.0504 306.3319 304.1196 300.2432 304.3460 305.1626 303.3214 298.5338 302.2981 303.6979 303.2437  231.677
2005 7.3094085E-08 3.2941223E-08 2.1275536E-08 2.5415041E-08 5.1154384E-08 2.4733662E-08 1.0836272E-08 2.6235661E-08 2.8385145E-08 1.4909077E-08 8.0991205E-09 3.6425266E-08 2.0204084E-08 1.1804860E-08 1.5781614E-08 3.3714947E-08 1.9486825E-08 1.8340458E-08 2.4013708E-08 2.7778896E-08  292.3129 294.6213 300.1887 302.6836 293.5612 299.2247 306.4442 302.3076 297.4639 303.0489 306.5713 303.8614 299.8656 304.0182 304.7653 302.5908 298.1240 301.6091 302.8281 302.2833  276.71
2006 6.1925256E-08 3.6309718E-08 2.8917849E-08 3.7696726E-08 4.2741796E-08 2.7450033E-08 1.6336973E-08 3.5598749E-08 2.3981814E-08 1.4217670E-08 1.3811049E-08 3.7661419E-08 1.3616548E-08 9.9491686E-09 1.5676139E-08 2.9968074E-08 1.6790665E-08 1.5988643E-08 1.9502917E-08 2.1850459E-08  292.9414 294.3050 299.5809 302.5560 294.0553 298.6424 305.6126 302.2078 297.4910 302.7437 306.0291 303.6719 300.0977 304.0937 304.6853 302.7375 298.2928 301.9304 303.1558 302.7430  49.3548
2007 6.3403469E-08 2.9417162E-08 2.1106841E-08 2.7745370E-08 4.7872529E-08 2.1112639E-08 1.0039824E-08 2.5252803E-08 3.0297500E-08 1.3437701E-08 7.3009585E-09 3.1051595E-08 1.7439262E-08 8.8157899E-09 1.1612340E-08 2.4154410E-08 1.5801774E-08 1.3373231E-08 1.7221957E-08 2.1412770E-08  292.8400 294.9303 300.4149 302.6688 293.9053 299.4016 306.7826 302.2875 297.7068 303.2529 306.9656 304.6150 300.3244 304.4724 305.5431 303.6859 298.5556 302.2820 303.9026 303.5298  7.33548
2008 6.7648145E-08 3.1015830E-08 2.1290894E-08 2.7964971E-08 4.3926985E-08 1.7779600E-08 9.0417416E-09 2.2759913E-08 2.3508058E-08 8.0994829E-09 5.7780531E-09 2.4841093E-08 1.5003419E-08 7.3755704E-09 1.0384771E-08 2.1882588E-08 1.7492788E-08 1.5237550E-08 1.7422494E-08 1.7714420E-08  292.1229 294.4351 299.8694 302.4246 293.4655 299.1322 306.3491 302.1083 297.6743 303.6020 307.0854 304.6511 300.1038 304.7654 305.6470 303.7710 298.1281 302.1856 303.7198 303.5731  86.5484
2009 6.4315529E-08 3.0156116E-08 2.0147342E-08 3.2135219E-08 5.0830412E-08 2.3989859E-08 1.3363517E-08 2.8734110E-08 3.2630030E-08 1.5375242E-08 1.2339561E-08 3.1705127E-08 2.0760353E-08 1.3058364E-08 1.4626178E-08 2.8083242E-08 2.0529599E-08 1.8609935E-08 2.0996566E-08 2.3121215E-08  292.4882 294.5262 299.9390 302.4966 293.2468 298.7943 305.9527 302.1632 296.7883 302.7034 306.2110 303.7411 299.4737 303.9527 304.7587 302.6030 297.8591 301.7220 303.0553 302.5517  5.33258
2010 5.9661602E-08 2.3168587E-08 1.2479098E-08 2.3581300E-08 4.2327738E-08 1.6681662E-08 5.5935692E-09 1.8608487E-08 2.7859290E-08 1.1311769E-08 4.7525055E-09 2.6573428E-08 1.6962877E-08 1.1005118E-08 1.1538178E-08 2.5743988E-08 1.5414940E-08 1.5089812E-08 1.6962630E-08 2.0685171E-08  0.0000000E+00 0.0000000E+00 0.0000000E+00 0.0000000E+00 0.0000000E+00 0.0000000E+00 0.0000000E+00 0.0000000E+00 0.0000000E+00 0.0000000E+00 0.0000000E+00 0.0000000E+00 0.0000000E+00 0.0000000E+00 0.0000000E+00 0.0000000E+00 0.0000000E+00 0.0000000E+00 0.0000000E+00 0.0000000E+00  4.34194
2011 5.9317486E-08 2.6539855E-08 1.9283364E-08 2.5521961E-08 4.3383199E-08 1.9215511E-08 9.1261283E-09 2.4678634E-08 2.5540398E-08 1.2381387E-08 8.5133740E-09 3.4934835E-08 1.5366389E-08 9.2221706E-09 1.1707136E-08 2.8003706E-08 1.5125334E-08 1.3024723E-08 1.5507750E-08 2.0033244E-08  292.8668 294.9107 300.2169 302.3490 294.0185 299.1681 306.4028 302.0592 297.7539 303.1654 306.6395 304.0994 300.3105 304.6051 305.4386 303.1710 298.4164 302.4730 304.0142 303.5299  0.426774
2012 6.3001451E-08 2.8228341E-08 2.0210297E-08 3.1729456E-08 4.5858126E-08 2.0091314E-08 1.1099980E-08 2.9097809E-08 2.7114659E-08 9.4560741E-09 7.5675093E-09 3.2781664E-08 1.8246169E-08 1.0025643E-08 1.2366271E-08 2.7455940E-08 1.8420993E-08 1.6740525E-08 1.8899918E-08 2.3342933E-08  292.7328 294.6306 299.8660 302.3552 293.7864 298.9725 305.9075 302.0717 297.4346 303.1023 306.4351 303.8748 299.9697 304.3780 305.2430 303.1088 298.1143 302.0554 303.6048 303.1988  0
2013 5.9242186E-08 3.2211780E-08 1.9950479E-08 2.4461826E-08 4.3919080E-08 1.8262623E-08 8.7527319E-09 2.2190621E-08 2.3903127E-08 9.1649444E-09 6.7671846E-09 3.2791029E-08 1.5066050E-08 7.0808217E-09 1.0593874E-08 2.6011975E-08 1.6261026E-08 1.3243453E-08 1.7032127E-08 1.9446047E-08  292.5625 294.5300 300.0767 302.4791 293.4975 299.0396 306.5773 302.1589 297.4201 303.2931 306.9821 304.2292 300.1368 304.6238 305.4879 303.1522 298.4971 302.4095 303.7898 303.1214  0
2014 5.7013487E-08 2.5452440E-08 1.9095898E-08 2.7615172E-08 4.1797733E-08 1.7942295E-08 9.3800825E-09 2.2076986E-08 2.4399389E-08 1.0844254E-08 6.6066268E-09 2.7750636E-08 1.5038150E-08 8.0093576E-09 1.1358709E-08 2.2776108E-08 1.5102401E-08 1.3065460E-08 1.5925123E-08 1.8032306E-08  293.1489 295.0099 300.1537 302.5815 294.2709 299.4923 306.6533 302.2216 297.7917 303.5031 307.0876 304.7130 300.2873 304.8490 305.8743 303.8909 298.5985 302.5929 304.2323 303.7852  0
2015 7.0123505E-08 2.9272691E-08 2.0077159E-08 2.1742855E-08 5.2175249E-08 2.4750276E-08 1.0184141E-08 1.9107325E-08 3.4944577E-08 1.5169899E-08 8.4413116E-09 2.7556144E-08 2.1815906E-08 1.2849407E-08 1.4022717E-08 2.5846436E-08 1.9847947E-08 1.9980682E-08 2.1192337E-08 2.3710065E-08  292.2116 294.6489 300.0934 302.4596 293.3983 299.0872 306.3868 302.1329 296.8278 303.0208 306.7767 304.4825 299.3340 303.9911 305.3001 303.5182 297.8333 301.7388 303.4486 303.1621  0
