STN,prec_1,prec_2,prec_3,prec_4,prec_5,prec_6,prec_7,prec_8,prec_9,prec_10,prec_11,prec_12,prec_13,prec_14,prec_15,prec_16,prec_17,prec_18,prec_19,prec_20,st_1,st_2,st_3,st_4,st_5,st_6,st_7,st_8,st_9,st_10,st_11,st_12,st_13,st_14,st_15,st_16,st_17,st_18,st_19,st_20,03.0
LAT,23.72017,23.72017,23.72017,23.72017,26.51077,26.51077,26.51077,26.51077,29.30136,29.30136,29.30136,29.30136,32.09194,32.09194,32.09194,32.09194,34.88252,34.88252,34.88252,34.88252,23.72017,23.72017,23.72017,23.72017,26.51077,26.51077,26.51077,26.51077,29.30136,29.30136,29.30136,29.30136,32.09194,32.09194,32.09194,32.09194,34.88252,34.88252,34.88252,34.88252,28.73664429
LON,-104.0625,-101.2500,-98.43750,-95.62500,-104.0625,-101.2500,-98.43750,-95.62500,-104.0625,-101.2500,-98.43750,-95.62500,-104.0625,-101.2500,-98.43750,-95.62500,-104.0625,-101.2500,-98.43750,-95.62500,-104.0625,-101.2500,-98.43750,-95.62500,-104.0625,-101.2500,-98.43750,-95.62500,-104.0625,-101.2500,-98.43750,-95.62500,-104.0625,-101.2500,-98.43750,-95.62500,-104.0625,-101.2500,-98.43750,-95.62500,-99.1447556
1958 2.0677126E-08 3.5260360E-08 5.4207209E-08 1.1013090E-08 2.1558964E-08 4.4682697E-08 3.0772263E-08 9.1035384E-09 3.0971336E-08 3.6397516E-08 1.8440652E-08 2.1126812E-08 2.5568896E-08 3.1121477E-08 2.5811616E-08 3.3663476E-08 2.5792168E-08 3.8173603E-08 4.1317094E-08 4.1147008E-08  295.4860 294.7296 297.2808 299.2642 295.0526 296.8836 301.2424 298.3474 295.7239 298.6974 301.0451 300.4808 296.1046 298.3165 297.8436 296.7945 292.5080 294.9764 295.1192 294.8642  302.968
1959 3.2851297E-08 3.5248430E-08 3.5182612E-08 9.2647996E-09 2.8793211E-08 3.4778271E-08 1.4467741E-08 6.7798935E-09 2.9915824E-08 2.6850140E-08 7.8029423E-09 1.3249346E-08 2.3938751E-08 2.6045166E-08 1.6748434E-08 2.0793838E-08 2.3851465E-08 3.0788353E-08 3.1141479E-08 3.0933219E-08  295.6647 294.9446 297.8210 299.1879 295.7893 297.9437 302.7914 298.3120 296.9821 300.2455 303.1535 301.7683 297.5359 300.0761 300.0939 298.2396 294.2783 296.5826 296.7341 295.9113  1.35806
1960 3.2721772E-08 3.9435161E-08 3.4249744E-08 9.9310729E-09 2.9447559E-08 3.6238664E-08 1.5672397E-08 8.0088229E-09 2.7493625E-08 2.3371044E-08 6.1062462E-09 1.4344261E-08 1.9706910E-08 2.0575124E-08 1.3622449E-08 1.9824617E-08 1.9912816E-08 2.6096195E-08 2.5152234E-08 2.8326165E-08  295.5995 294.4855 297.7001 299.2943 295.7507 297.8936 303.0439 298.3863 297.2775 300.7732 303.7562 302.6645 298.2404 301.0550 301.3727 299.4915 295.2478 297.7225 298.0754 296.9138  2.00323
1961 2.4253515E-08 3.2483864E-08 3.2777770E-08 9.9538964E-09 2.2094085E-08 3.2286398E-08 1.5453971E-08 7.5622859E-09 2.3808752E-08 2.2393435E-08 6.1274279E-09 1.4981250E-08 2.0595555E-08 1.9449358E-08 1.1584599E-08 2.0059238E-08 2.2141611E-08 2.8113444E-08 2.6802651E-08 2.7071636E-08  296.1008 295.1812 298.0309 299.3543 296.1730 298.2225 303.2643 298.4301 297.5484 301.0409 303.9313 302.5983 298.3540 301.1444 301.5854 299.5776 295.3386 297.5521 297.8275 296.9468  20.5065
1962 3.3822012E-08 3.5650633E-08 2.8173300E-08 7.7269213E-09 2.6198943E-08 2.8174926E-08 1.1623066E-08 6.8841777E-09 2.4220201E-08 1.9576207E-08 5.3291940E-09 1.5187695E-08 1.9141011E-08 2.0194843E-08 1.3351961E-08 2.2416716E-08 2.0250670E-08 2.7051698E-08 2.6184074E-08 2.9274368E-08  295.4366 294.7703 298.1319 299.6563 295.9100 298.4737 303.6557 298.6609 297.7378 301.6458 304.4352 302.9619 298.6641 301.6835 301.8503 299.7559 295.4345 297.8820 298.0347 296.9592  7
1963 3.1239434E-08 3.6229991E-08 3.2903465E-08 8.5471248E-09 2.7846315E-08 3.5502968E-08 1.8028295E-08 7.1007484E-09 3.0695571E-08 2.9966269E-08 8.3657952E-09 1.8399057E-08 2.3783036E-08 2.4967360E-08 1.8458239E-08 2.7793483E-08 2.2091250E-08 3.3469551E-08 3.1535020E-08 3.4329499E-08  295.5949 294.8385 298.0883 299.4377 295.5926 297.9854 303.1504 298.4767 296.8036 300.5697 303.8585 302.5364 297.9409 300.8893 301.1902 299.2552 295.0431 297.6176 297.7592 296.8003  0
1964 2.5848669E-08 3.5606085E-08 3.7344012E-08 1.0739503E-08 2.5189477E-08 3.7045119E-08 1.8787787E-08 7.6774933E-09 2.7817903E-08 2.6942722E-08 9.5063006E-09 1.4197871E-08 2.2315886E-08 2.3295858E-08 1.8267317E-08 2.4399174E-08 2.2224741E-08 2.7967507E-08 2.7664802E-08 2.9852597E-08  295.8503 294.8053 297.5645 299.2721 295.6120 297.6931 302.6152 298.3614 296.8210 300.2560 303.2137 302.0395 297.7121 300.3908 300.3232 298.4528 294.7247 297.0039 297.0884 296.1448  8.66452
1965 3.1263781E-08 4.3119719E-08 4.2495746E-08 1.0999562E-08 3.0173851E-08 4.0535156E-08 2.2770895E-08 8.1454719E-09 3.1407417E-08 3.0523257E-08 1.1272360E-08 1.5948599E-08 2.2541096E-08 2.6443582E-08 1.8939538E-08 2.4636554E-08 2.3460707E-08 3.3675548E-08 3.3777507E-08 3.3078507E-08  294.9920 293.8752 297.1806 299.2489 294.8608 297.1836 302.2851 298.3669 295.9527 299.7668 302.8773 301.9265 296.9451 299.7389 299.8069 298.2945 293.9342 296.1999 296.3091 295.7210  1.03226
1966 2.1812806E-08 3.5763080E-08 4.9366864E-08 1.1951987E-08 2.3836350E-08 4.0829782E-08 2.7666864E-08 9.8976907E-09 3.1368092E-08 3.3610565E-08 1.7057401E-08 2.6832307E-08 2.6568165E-08 3.1331975E-08 2.7600146E-08 3.2624659E-08 2.8218803E-08 3.9700463E-08 3.7114443E-08 3.7393686E-08  295.3694 294.4000 297.0269 299.1667 295.0562 296.9466 301.4299 298.2901 295.8283 299.0030 301.4793 300.5894 296.2491 298.5187 298.3007 297.0215 293.0026 295.2148 295.6016 295.1191  0
1967 2.4772200E-08 3.4418434E-08 3.3136939E-08 9.4802797E-09 2.2679119E-08 3.2818352E-08 1.6679913E-08 8.3439087E-09 2.4511030E-08 2.5859091E-08 8.0171461E-09 1.8985331E-08 2.0469733E-08 2.3044212E-08 1.4762251E-08 2.2391974E-08 2.0147189E-08 3.1545671E-08 2.6172511E-08 2.7555563E-08  295.5856 294.5046 297.5693 299.2841 295.7394 297.8717 302.7153 298.3823 297.1539 300.6623 303.4637 302.0953 298.0706 300.9043 301.0750 299.0267 295.1484 297.5717 297.7276 296.6640  0
1968 3.9042973E-08 4.4624315E-08 4.3040480E-08 9.4921049E-09 3.2060214E-08 3.9852782E-08 2.5872936E-08 8.8276684E-09 3.1453755E-08 3.1741937E-08 1.2627617E-08 2.1656247E-08 2.5965084E-08 2.8330758E-08 2.1471067E-08 3.0165953E-08 2.6084331E-08 3.7134299E-08 3.5402667E-08 3.6235669E-08  294.5615 293.5021 297.1794 299.6187 294.9142 297.1539 302.2318 298.6332 296.4924 299.9586 302.9064 301.9389 297.5064 300.2335 300.1555 298.3884 294.3619 296.7863 296.9286 296.0715  114.742
1969 2.0750390E-08 3.3661998E-08 4.8479084E-08 1.0052851E-08 2.1217730E-08 4.2445564E-08 2.7848612E-08 7.4080324E-09 2.8140342E-08 3.9298289E-08 1.7075878E-08 1.9103576E-08 2.6069424E-08 3.8345409E-08 2.9592115E-08 3.1371549E-08 2.9972565E-08 4.5986454E-08 4.6070177E-08 4.2949246E-08  295.5388 294.7484 297.6613 299.6995 295.3446 297.3476 302.2030 298.6694 296.1988 299.3290 302.1883 301.5335 296.6012 298.7839 298.8601 297.7023 293.1021 295.4483 295.7538 295.4607  0
1970 2.2861837E-08 3.3955899E-08 4.0446814E-08 1.0464641E-08 2.0115170E-08 3.2280870E-08 1.6927695E-08 8.0171798E-09 2.1893586E-08 2.5196245E-08 7.4053417E-09 1.4964513E-08 1.7172479E-08 2.0580318E-08 1.4021087E-08 2.3214739E-08 1.8264481E-08 2.8346044E-08 2.7258427E-08 2.8632419E-08  295.9673 294.8290 297.5145 299.1575 295.9763 297.9396 302.3754 298.2736 297.3614 300.5274 302.9911 301.7321 298.0713 300.5561 300.2819 298.3107 294.7341 296.8112 296.7795 295.9640  18.8387
1971 3.4519260E-08 4.1233712E-08 3.7503145E-08 1.1280775E-08 3.0438393E-08 3.5449776E-08 1.7168139E-08 8.3573397E-09 2.9662697E-08 2.3611436E-08 7.5461237E-09 1.8438168E-08 2.1825654E-08 2.0993699E-08 1.3449163E-08 2.6871684E-08 2.0060851E-08 2.7724329E-08 2.9179605E-08 3.3377912E-08  295.0861 294.1599 297.6038 299.6849 295.2461 297.7430 303.2020 298.6794 296.7763 300.8360 304.1676 302.9084 298.0495 301.1314 301.9251 300.1299 295.2708 297.5907 297.9804 297.0815  0.00290323
1972 2.3357895E-08 4.4108788E-08 6.4489285E-08 1.3188396E-08 2.4422596E-08 4.3609710E-08 3.2699063E-08 1.0673610E-08 2.9088227E-08 3.7386265E-08 1.5778765E-08 2.5862956E-08 2.5737855E-08 3.5031345E-08 2.7780796E-08 3.6848370E-08 2.7799651E-08 4.0880998E-08 4.4578702E-08 4.3787839E-08  294.9315 293.7180 296.9002 299.3882 294.6257 296.7612 301.9219 298.4666 295.6064 299.1626 302.4280 301.4917 296.4189 298.9844 299.2966 297.9567 293.1374 295.6198 296.0793 295.6055  28.4516
1973 2.3752769E-08 3.3024428E-08 5.0077958E-08 1.0351606E-08 2.3159688E-08 3.9439996E-08 2.6230515E-08 9.0640100E-09 2.7512128E-08 3.6157523E-08 1.6851011E-08 2.2215122E-08 2.6033749E-08 3.3336150E-08 2.8325411E-08 3.3720713E-08 2.5611158E-08 4.1769688E-08 4.1796106E-08 4.2808349E-08  295.6826 295.0301 297.7321 299.3066 295.3157 297.5046 302.0301 298.3940 296.1857 299.3936 301.8296 300.7833 296.5044 298.7749 298.3121 297.0471 293.2336 295.4312 295.4271 295.0468  42.8387
1974 4.5419718E-08 4.0407951E-08 3.4582015E-08 1.1331259E-08 3.4279623E-08 3.4707817E-08 1.6725602E-08 8.6509964E-09 3.0190126E-08 2.3424557E-08 7.9529592E-09 2.0357380E-08 2.0391777E-08 1.8384769E-08 1.4604753E-08 2.9178153E-08 2.0402220E-08 2.4635440E-08 2.5805770E-08 3.4358653E-08  294.4498 294.0501 297.6829 299.6319 294.9807 297.7322 303.2451 298.6625 296.9601 300.9456 304.1572 302.7990 298.4597 301.5306 302.1935 300.2819 295.5819 298.2263 298.5899 297.3838  83.6129
1975 2.8717153E-08 3.6071867E-08 3.7610636E-08 9.5612966E-09 2.8660944E-08 3.5383771E-08 1.8577904E-08 7.5389766E-09 3.0390058E-08 2.9390776E-08 9.8686117E-09 1.7917035E-08 2.4606122E-08 2.4602098E-08 1.8237428E-08 2.7295043E-08 2.2464318E-08 3.0792830E-08 2.9684802E-08 3.2076091E-08  295.2497 294.2343 297.2891 299.6171 295.0766 297.4342 302.5485 298.6305 296.3608 300.0347 303.0613 302.1862 297.4862 300.2983 300.4803 299.0237 294.7521 297.0746 297.3584 296.7383  127.677
1976 3.3108062E-08 3.8915356E-08 3.2045840E-08 8.3666887E-09 2.7642978E-08 3.3488789E-08 1.4794422E-08 7.3337874E-09 2.7547781E-08 2.2757474E-08 5.8894316E-09 1.6869315E-08 2.0737103E-08 1.9758234E-08 1.1361204E-08 2.1869321E-08 2.1159549E-08 2.4898032E-08 2.4500428E-08 2.6477490E-08  294.5690 293.6620 297.4252 299.5943 294.8818 297.3631 302.9879 298.5960 296.5129 300.6521 303.9804 302.6686 297.8393 301.1593 301.8915 299.8923 294.9281 297.9200 298.4612 297.3069  40.129
1977 1.6452843E-08 3.3077551E-08 5.3076590E-08 1.0360881E-08 2.0406047E-08 4.0033168E-08 3.1415507E-08 9.4016022E-09 3.0463148E-08 3.7320447E-08 1.6747769E-08 2.4058961E-08 2.7462923E-08 3.4348631E-08 2.6136384E-08 3.3694590E-08 2.8097725E-08 4.2235946E-08 3.9389452E-08 4.0137085E-08  295.3348 294.4404 297.1421 299.0086 294.8008 296.9110 301.4055 298.1713 295.4903 298.8290 301.4108 300.5773 295.9800 298.4721 297.9570 296.8188 292.6993 295.0081 295.2688 294.9036  207.226
1978 3.1639004E-08 3.8396816E-08 4.0402107E-08 8.4753253E-09 2.5564303E-08 3.9115175E-08 2.0606020E-08 7.6289046E-09 2.6127728E-08 2.8741940E-08 1.2660809E-08 1.9275726E-08 1.8747182E-08 2.2693536E-08 2.0218003E-08 2.6680164E-08 1.7998865E-08 2.9523612E-08 3.0463575E-08 3.3165009E-08  295.3531 294.6371 297.6817 299.3281 295.4874 297.6478 302.5553 298.3979 296.7111 300.1598 302.7688 301.5428 297.6340 300.2587 299.8326 297.9731 294.6044 296.8699 296.8885 295.9876  51.4194
1979 2.6055087E-08 4.1465992E-08 4.9240654E-08 1.0619710E-08 2.5349244E-08 4.2941558E-08 2.4292007E-08 8.3663645E-09 2.9122791E-08 3.3368718E-08 1.1994947E-08 1.9072003E-08 2.3602745E-08 2.8755844E-08 2.3176787E-08 3.2539493E-08 2.4130490E-08 3.4307103E-08 3.7012043E-08 4.2880060E-08  295.2703 294.0928 297.0820 299.3872 295.0615 297.1060 302.2064 298.4472 296.1136 299.6129 302.7283 301.6356 296.7542 299.4738 299.4831 297.8457 293.5581 295.9411 296.0521 295.3138  245.903
1980 2.1690051E-08 3.5211091E-08 3.8736069E-08 9.5660333E-09 2.1126031E-08 3.3583497E-08 2.1767011E-08 7.9752116E-09 2.6184242E-08 2.6841681E-08 1.2913524E-08 1.9466977E-08 2.2116044E-08 2.4704702E-08 2.0273598E-08 2.8477761E-08 2.4401459E-08 3.0598581E-08 3.0508495E-08 3.3754652E-08  295.6660 294.5395 297.4292 299.4270 295.7030 297.6031 302.1201 298.4744 296.7338 299.8304 302.5807 301.4521 297.0861 299.5409 299.3317 297.7199 293.5564 296.0071 296.0520 295.3443  15.6452
1981 3.8588794E-08 4.1008050E-08 3.5830304E-08 8.3316953E-09 3.1542456E-08 3.3462264E-08 1.8230994E-08 7.2443744E-09 3.0662068E-08 2.5396419E-08 8.5531617E-09 2.0346643E-08 2.0835927E-08 2.2551870E-08 1.8315614E-08 2.8626875E-08 2.0748784E-08 2.9030220E-08 3.0519963E-08 3.3574203E-08  295.1288 294.3703 297.9169 299.3047 295.5009 297.9937 303.2039 298.3861 297.1572 301.0386 304.1039 302.5392 298.4194 301.3080 301.4868 299.3028 295.1931 297.5092 297.5439 296.5193  7.72581
1982 2.7506559E-08 3.9884668E-08 3.9508574E-08 1.0028414E-08 2.4468687E-08 3.5219642E-08 2.0054967E-08 7.4761290E-09 2.4337069E-08 2.8508371E-08 8.8593586E-09 1.4915347E-08 1.7681847E-08 2.3192239E-08 1.8301872E-08 2.1984249E-08 1.9089477E-08 3.0199583E-08 3.1713608E-08 3.3645698E-08  295.4675 294.5002 297.6379 299.3776 295.6434 297.7977 302.6762 298.4540 297.1216 300.4299 303.2607 302.1542 298.0120 300.7036 300.5265 298.7773 294.8385 297.1786 297.2312 296.2838  64.4516
1983 1.4092371E-08 3.0025113E-08 6.5782544E-08 9.8112638E-09 2.1186567E-08 4.7462080E-08 4.1665999E-08 1.0862606E-08 4.0002082E-08 5.2847390E-08 2.4571937E-08 2.7110312E-08 3.9140556E-08 4.6535220E-08 4.1086331E-08 4.3297877E-08 3.4760102E-08 5.2476224E-08 5.3658137E-08 4.9429559E-08  295.2567 294.7936 297.4144 299.1711 294.2258 296.5002 301.5139 298.3187 294.4186 297.8907 300.9473 300.1222 294.8787 296.9810 297.1999 296.4429 291.7276 294.2089 294.6421 294.5151  34.2903
1984 3.3271434E-08 3.5925300E-08 3.1669472E-08 8.5647560E-09 2.9870122E-08 3.2117629E-08 1.4001460E-08 7.9668592E-09 2.8681072E-08 2.6544553E-08 6.3919776E-09 1.4760168E-08 1.8662670E-08 2.1767606E-08 1.4817071E-08 1.9486723E-08 1.7318373E-08 2.5587852E-08 2.6870781E-08 2.7139183E-08  295.0534 294.0860 297.5912 299.0522 295.1730 297.6421 302.9569 298.2217 296.7657 300.4694 303.6167 302.4359 298.1376 300.9577 301.1862 299.8010 295.5070 297.9702 298.1607 297.5097  2.72903
1985 4.2289315E-08 4.3135593E-08 3.0487620E-08 8.6275369E-09 3.4027320E-08 3.5624787E-08 1.1199560E-08 7.0430142E-09 3.2152293E-08 2.4639817E-08 4.7091926E-09 1.3334554E-08 1.9089446E-08 1.8310132E-08 9.6287698E-09 1.8050894E-08 1.8471875E-08 2.3226965E-08 2.1691593E-08 2.4194264E-08  294.4775 293.5107 297.3793 299.0605 295.0692 297.5930 303.0268 298.1488 296.9397 300.8650 304.0883 302.8786 298.7116 301.7317 302.2825 300.3637 296.2226 298.8285 299.3472 298.3618  80.2903
1986 2.8315320E-08 4.4055007E-08 4.6970523E-08 1.0994835E-08 2.7308360E-08 4.2747690E-08 2.6482599E-08 9.9073150E-09 3.0429472E-08 3.0637747E-08 1.1097709E-08 2.3403746E-08 2.2437002E-08 2.3026823E-08 1.7781952E-08 2.9598787E-08 2.1306208E-08 2.8746680E-08 2.9040006E-08 3.3693027E-08  295.0252 293.6866 296.9725 299.3629 295.0826 296.9756 301.8691 298.4799 296.3682 299.7034 302.7794 301.6159 297.2998 300.2207 300.2946 298.4695 294.5070 297.0735 297.2759 296.3496  6.56452
1987 1.7845126E-08 4.2490012E-08 7.0519981E-08 1.2766805E-08 1.9581336E-08 5.0669769E-08 4.1904428E-08 1.2684596E-08 3.0644387E-08 4.2286160E-08 2.2100314E-08 2.9167378E-08 2.9140303E-08 3.4107636E-08 3.1355224E-08 3.8785000E-08 3.0818189E-08 4.4421029E-08 4.3581050E-08 4.4244295E-08  295.2343 294.1974 296.9120 299.2492 294.7103 296.4866 300.8917 298.3400 295.0429 298.2057 300.8863 300.4539 295.2091 297.6383 297.4971 296.7936 291.7622 294.2244 294.7816 294.6841  142.29
1988 2.3322498E-08 4.0348304E-08 5.4262262E-08 9.8961976E-09 2.4969346E-08 4.5400281E-08 2.8692048E-08 7.6139344E-09 3.1574110E-08 3.7770878E-08 1.4549618E-08 2.1574067E-08 2.3660011E-08 3.1978605E-08 2.2602798E-08 2.8211176E-08 2.4733065E-08 3.6465689E-08 3.6592844E-08 3.5522355E-08  295.2122 294.1966 297.1635 299.0236 295.0088 297.1752 302.3051 298.1792 296.1166 299.7026 303.0014 301.8964 297.0413 299.7703 300.2151 298.8404 294.0565 296.5800 297.0338 296.6060  101.903
1989 4.4061267E-08 4.5505761E-08 3.6677584E-08 8.1544380E-09 3.2727119E-08 3.2389419E-08 1.6628720E-08 6.9843020E-09 2.7706262E-08 1.9369544E-08 5.3057194E-09 1.7352026E-08 1.8128620E-08 1.5742918E-08 8.5638305E-09 1.9341812E-08 1.5382607E-08 1.9450033E-08 2.0645617E-08 2.5556322E-08  294.0676 293.3514 297.4455 299.3765 294.8967 297.5779 303.4229 298.4815 297.2514 301.3644 304.6819 303.2681 299.1976 302.4136 303.2399 301.1542 296.8890 299.7620 300.3748 299.1412  49.6129
1990 2.9007069E-08 3.8196106E-08 4.8156419E-08 9.8442561E-09 2.7201722E-08 3.8944989E-08 2.4639819E-08 8.6967917E-09 3.1131343E-08 3.1116922E-08 1.0731127E-08 2.1074413E-08 2.1820119E-08 2.5070241E-08 1.6118655E-08 3.0360319E-08 1.9737778E-08 3.1008373E-08 2.9712366E-08 3.6439275E-08  295.5108 294.4414 297.3423 299.6946 295.2462 297.2407 302.1357 298.6306 296.2851 299.6194 302.6978 301.7631 297.1169 299.8368 299.7142 298.1413 294.2864 296.6636 296.6400 295.9345  0.00322581
1991 2.0977197E-08 4.2638248E-08 5.1820848E-08 1.0922715E-08 2.3373685E-08 4.2469765E-08 3.3214807E-08 9.3045847E-09 3.0809041E-08 4.0300048E-08 1.7903389E-08 2.3677940E-08 2.5692511E-08 3.4363296E-08 2.5380622E-08 3.3551572E-08 2.3850159E-08 4.2436419E-08 3.9583323E-08 4.1153513E-08  295.4856 294.1057 297.0251 299.5117 295.2362 297.0733 301.6751 298.5296 296.1533 299.3663 302.3593 301.4137 296.8869 299.3881 299.5974 297.9152 293.6409 296.0302 296.3997 295.8049  3.76774
1992 1.7625776E-08 3.6436454E-08 6.5779517E-08 1.1623406E-08 2.6714071E-08 5.2120047E-08 4.2794916E-08 1.0535045E-08 4.1596014E-08 4.9283589E-08 2.7050909E-08 3.2067444E-08 3.6121818E-08 4.1557016E-08 3.8246270E-08 5.2066557E-08 3.4300541E-08 4.6813032E-08 4.9703658E-08 5.0407145E-08  294.9510 294.0478 296.5514 299.0180 294.0981 296.0048 300.7615 298.1934 294.2633 297.6460 300.8031 300.1992 294.8852 297.1784 297.2946 296.4306 291.7227 294.2015 294.7444 294.6473  1079.1
1993 2.6660596E-08 3.7604078E-08 4.2765713E-08 1.0460617E-08 2.7160050E-08 3.9037452E-08 2.5115177E-08 8.4371186E-09 3.1465436E-08 3.3558397E-08 1.2471713E-08 2.0730095E-08 2.4196536E-08 2.8786244E-08 2.0711344E-08 3.0689119E-08 2.3626784E-08 3.7278479E-08 3.4341159E-08 3.7576068E-08  295.0479 294.1512 297.2401 299.3404 295.0289 297.0487 301.9350 298.4252 296.0648 299.4076 302.4155 301.1858 296.7534 299.4956 299.4964 297.7325 293.5191 296.0957 296.4789 295.7576  122.742
1994 2.5806278E-08 4.4067630E-08 4.8703647E-08 1.0101560E-08 2.6785788E-08 4.4194248E-08 2.7724912E-08 8.4893168E-09 3.0298271E-08 3.2801879E-08 1.2567805E-08 2.8529982E-08 2.3413635E-08 2.5337092E-08 1.9430477E-08 3.2943142E-08 2.2403066E-08 3.5092675E-08 3.2863344E-08 3.6203360E-08  295.2613 294.0287 297.1808 298.9933 295.2764 297.1828 302.1374 298.1628 296.4501 299.9349 302.9530 301.3656 297.3524 300.2518 300.1743 298.0836 294.4135 296.7150 296.7647 295.8781  37.6774
1995 2.0619128E-08 3.4882802E-08 5.3359265E-08 1.3215955E-08 2.1803780E-08 4.0504638E-08 3.3867980E-08 9.9186668E-09 2.7363166E-08 3.2239168E-08 1.6809174E-08 2.5367507E-08 2.4871310E-08 3.3149316E-08 3.1990677E-08 3.7821295E-08 2.6440308E-08 4.5868202E-08 4.8652044E-08 4.4580212E-08  295.4555 294.6773 297.4549 299.5071 295.1345 297.3395 301.8275 298.5275 295.9726 299.4282 302.1187 300.9889 296.4987 298.9833 298.6541 297.3313 293.1553 295.4656 295.6825 295.3434  41.3226
1996 3.3325598E-08 4.5628354E-08 3.7792049E-08 9.3972954E-09 3.0888579E-08 4.0375639E-08 1.7601815E-08 7.7834068E-09 3.0773464E-08 2.5331534E-08 9.2936494E-09 1.7119756E-08 2.4188079E-08 2.5184191E-08 1.7040470E-08 2.3875138E-08 2.3811017E-08 3.3208579E-08 3.1292100E-08 3.1503049E-08  295.5134 294.3713 297.8823 299.4925 295.5575 297.7122 303.1221 298.4914 297.0368 300.6406 303.7763 302.6585 297.9966 300.7997 301.3250 299.4561 295.0571 297.4958 297.7308 296.7831  6.24194
1997 2.5644127E-08 4.2813991E-08 5.0030550E-08 9.9019406E-09 2.6364891E-08 4.6269250E-08 2.5022619E-08 7.4817796E-09 2.9884088E-08 3.5806458E-08 1.1700472E-08 1.8060470E-08 2.5507296E-08 3.0061177E-08 1.9539836E-08 2.5200691E-08 2.3110200E-08 3.3708169E-08 3.3503561E-08 3.3391075E-08  295.5035 294.1647 297.0797 299.4882 295.1890 297.0370 302.0097 298.4939 296.4868 299.6798 302.8554 301.9936 297.3086 299.9471 300.1827 298.5551 294.2577 296.8286 296.9626 296.1257  0
1998 1.9159444E-08 3.4192553E-08 5.6431158E-08 9.0377821E-09 2.5012429E-08 4.1181600E-08 2.8719469E-08 7.9786240E-09 3.0204198E-08 3.5227515E-08 1.5991882E-08 1.8853527E-08 2.7831925E-08 3.4234724E-08 3.0733027E-08 3.3917726E-08 2.8523427E-08 4.1899643E-08 4.6073648E-08 4.3122707E-08  295.5406 294.8761 297.5764 299.0499 294.7124 297.1125 302.3087 298.1939 295.6511 299.2090 302.0133 300.7544 296.1257 298.6985 298.1783 297.0373 292.8553 295.2085 295.2724 295.0765  203.055
1999 2.8830751E-08 2.8409353E-08 2.5946045E-08 8.6842764E-09 2.1952241E-08 2.4836973E-08 8.9496783E-09 6.2054899E-09 2.2628964E-08 1.6564421E-08 3.5995051E-09 1.4680460E-08 1.8002421E-08 1.4689521E-08 8.7177989E-09 1.7041792E-08 1.6454432E-08 1.9945249E-08 2.0001398E-08 2.4656080E-08  295.9586 295.2523 298.3496 299.1197 296.3189 298.8804 304.0688 298.2643 298.1625 302.1732 304.8960 303.3649 299.5516 302.5866 303.0704 301.2990 296.7660 299.2172 299.5001 298.4202  61.5484
2000 4.5321702E-08 3.5121786E-08 2.9543449E-08 1.0708852E-08 3.1959402E-08 2.3586923E-08 1.1155188E-08 8.1966434E-09 2.8131236E-08 1.5806636E-08 4.3878834E-09 1.9292504E-08 1.9231498E-08 1.3811534E-08 8.5292005E-09 2.1509656E-08 1.6482243E-08 1.8729258E-08 1.8877383E-08 2.3876787E-08  294.7914 294.4589 297.9646 299.7578 295.6867 298.6054 303.9391 298.7321 297.9696 302.2254 305.1286 303.4762 299.8039 303.0881 303.7336 301.6781 297.4318 300.3783 300.8535 299.6984  17.6774
2001 3.0272073E-08 4.2274451E-08 4.7638981E-08 1.2068234E-08 3.4280436E-08 4.1569287E-08 2.5649532E-08 9.4375503E-09 3.7932296E-08 3.3175390E-08 1.2469068E-08 2.1985286E-08 2.9074249E-08 2.6867676E-08 2.0244155E-08 3.0327982E-08 2.6012804E-08 3.4409016E-08 3.2373041E-08 3.6453581E-08  294.8899 293.6382 297.1093 299.7488 294.4766 296.8804 302.2773 298.7269 295.6668 299.6126 303.0114 302.3036 297.1182 300.1729 300.6491 299.1051 294.6445 297.2324 297.6336 296.8508  26.9032
2002 2.9596276E-08 3.7384666E-08 5.0191677E-08 1.1072865E-08 2.6163850E-08 3.5284884E-08 2.5912399E-08 9.0339691E-09 2.6262002E-08 2.7499921E-08 9.5598383E-09 2.0306572E-08 1.9643915E-08 2.2461485E-08 1.7736717E-08 2.9768968E-08 1.7153326E-08 2.4822636E-08 2.9638302E-08 3.6082742E-08  294.9840 294.0438 297.1709 299.6135 295.0688 297.4195 302.4014 298.5890 296.4377 300.2528 303.6799 302.1074 297.5504 300.7658 301.2159 299.0672 294.9766 297.7707 298.1327 297.0393  12.3161
2003 1.7606370E-08 3.5293837E-08 5.5665932E-08 9.3219041E-09 2.2724191E-08 4.3956007E-08 2.8472275E-08 8.5648244E-09 3.1037185E-08 3.8482753E-08 1.3915428E-08 1.8782965E-08 2.7081237E-08 3.3811919E-08 2.7259514E-08 2.9530248E-08 2.8459748E-08 4.3520224E-08 4.3277918E-08 4.1180602E-08  295.5429 294.2695 296.8055 298.8512 294.8063 296.7104 301.3291 298.0009 295.5652 298.9473 301.9566 301.0135 296.2672 298.7495 299.0045 297.8517 293.0992 295.5720 296.0142 295.7574  167.387
2004 2.5627294E-08 3.8466318E-08 4.6214559E-08 1.0009414E-08 2.4640160E-08 3.8866879E-08 2.2733287E-08 8.3517726E-09 2.8465223E-08 2.9588858E-08 1.0384182E-08 1.9066940E-08 2.1696041E-08 2.3805635E-08 1.7779787E-08 2.4487024E-08 2.0502910E-08 2.9212602E-08 2.9028500E-08 2.9765182E-08  295.9453 294.8486 297.7291 299.2869 295.7261 297.8387 302.5757 298.3661 296.9290 300.5003 303.4315 302.2563 297.9095 300.7830 300.9182 299.0296 295.0647 297.7136 298.0023 296.9381  231.677
2005 1.8394722E-08 3.3353466E-08 5.7162516E-08 1.1874265E-08 1.9725729E-08 4.0291926E-08 3.0226612E-08 9.4799617E-09 2.6334106E-08 3.4916606E-08 1.7209567E-08 2.7542949E-08 2.2796296E-08 2.8636920E-08 2.6076572E-08 3.5950926E-08 2.3654009E-08 3.6636241E-08 3.7304886E-08 4.2295540E-08  296.0875 295.0602 297.4594 299.5245 295.6755 297.5828 301.9883 298.5508 296.5696 299.7411 302.5006 301.4056 297.0399 299.7171 299.6825 298.1622 293.8725 296.5047 296.8171 296.1313  276.71
2006 3.1696342E-08 4.2665679E-08 3.9134708E-08 8.4685370E-09 3.0614892E-08 3.9747469E-08 1.5144661E-08 7.5380902E-09 3.0103195E-08 2.6565914E-08 6.8678756E-09 1.9187471E-08 2.2561103E-08 2.5075661E-08 1.4406264E-08 2.4794112E-08 2.0478323E-08 3.2056029E-08 3.0759583E-08 3.0961729E-08  295.5028 294.4015 297.6677 299.3099 295.4143 297.7039 303.0327 298.4144 297.0170 300.6897 303.7840 302.4118 298.1780 301.0636 301.4402 299.3544 295.4940 297.7304 297.7431 296.7492  49.3548
2007 2.0275479E-08 3.6961094E-08 5.0567685E-08 9.0157970E-09 2.2953486E-08 4.5779391E-08 2.6110335E-08 7.3252853E-09 3.0246639E-08 3.9428031E-08 1.2401064E-08 1.7852956E-08 2.3169262E-08 3.1690732E-08 2.2888516E-08 2.7264871E-08 2.3438938E-08 3.7245456E-08 3.5462662E-08 3.4381515E-08  296.0145 294.8785 297.4742 299.2924 295.6495 297.5261 302.3210 298.3571 296.5332 299.7924 302.7962 301.6736 297.3177 299.8903 299.8492 298.3720 294.2921 296.6460 296.8343 296.2864  7.33548
2008 3.6156450E-08 3.6685805E-08 3.0762301E-08 8.9472119E-09 2.7595616E-08 2.9706793E-08 1.4745969E-08 8.4081906E-09 2.5027628E-08 1.8741774E-08 6.4596439E-09 1.5641476E-08 1.6841170E-08 1.6687778E-08 9.9826014E-09 1.7973690E-08 1.6728341E-08 2.3864022E-08 2.3712403E-08 2.5579396E-08  295.3030 294.6202 298.2123 299.6087 296.0281 298.5948 303.9048 298.6107 298.0835 302.1055 304.9034 303.5595 299.4904 302.6209 303.3680 301.5596 296.6537 299.3573 300.0817 299.0295  86.5484
2009 3.4400244E-08 3.9257735E-08 3.7627103E-08 8.9671612E-09 2.9792583E-08 3.3502513E-08 1.7629208E-08 7.2527531E-09 3.0082560E-08 2.4552079E-08 8.9127390E-09 1.5001470E-08 2.0866167E-08 2.1420949E-08 1.6001602E-08 2.1085942E-08 1.8620074E-08 2.8106165E-08 2.7532748E-08 2.9762228E-08  295.2612 294.4280 297.8159 299.7164 295.4294 297.8945 303.0500 298.6992 297.0237 300.9013 303.6401 302.6517 298.4368 301.3637 301.5121 299.8849 295.7877 298.2665 298.5684 297.7370  5.33258
2010 2.2081986E-08 3.5875722E-08 4.0553605E-08 9.8273283E-09 2.3156412E-08 4.0583942E-08 2.0885320E-08 8.0858813E-09 3.2042792E-08 3.2106026E-08 1.2777853E-08 2.0850786E-08 2.6338022E-08 2.3839368E-08 1.9136206E-08 2.8698555E-08 2.5347601E-08 3.3722177E-08 3.2229604E-08 3.5992098E-08  0.0000000E+00 0.0000000E+00 0.0000000E+00 0.0000000E+00 0.0000000E+00 0.0000000E+00 0.0000000E+00 0.0000000E+00 0.0000000E+00 0.0000000E+00 0.0000000E+00 0.0000000E+00 0.0000000E+00 0.0000000E+00 0.0000000E+00 0.0000000E+00 0.0000000E+00 0.0000000E+00 0.0000000E+00 0.0000000E+00  4.34194
2011 2.5151095E-08 3.3798422E-08 2.6980882E-08 9.2645198E-09 2.1702359E-08 2.8698389E-08 9.2400976E-09 7.3239708E-09 1.9795102E-08 1.6946357E-08 4.7358544E-09 1.2040369E-08 1.4719107E-08 1.7901874E-08 9.6853574E-09 1.6773093E-08 1.6881614E-08 2.5492229E-08 2.4630610E-08 2.6765520E-08  296.1972 295.3673 298.7574 299.3922 296.5674 298.8818 304.1877 298.4287 298.4822 302.2422 304.9106 303.6040 299.7719 302.5597 303.0270 300.9879 296.6416 299.0035 299.0255 297.6644  0.426774
2012 2.7315224E-08 3.9427754E-08 3.6340257E-08 9.7288435E-09 3.0712091E-08 3.4210419E-08 1.7515694E-08 7.1136239E-09 3.1352698E-08 2.3330511E-08 7.2945876E-09 1.4846546E-08 2.3903535E-08 1.9722712E-08 1.3859231E-08 2.1002389E-08 2.2077591E-08 2.5389030E-08 2.4444962E-08 2.7747815E-08  295.2858 293.8755 297.2324 299.5693 294.8762 297.3186 302.8434 298.5615 296.3454 300.2950 303.7314 302.6211 297.8167 300.8188 301.2270 299.4596 295.2495 297.7956 298.0009 297.0187  0
2013 2.9207518E-08 4.0104819E-08 4.1266386E-08 9.1450634E-09 2.9531208E-08 3.8441829E-08 2.0218614E-08 7.6740978E-09 3.1410742E-08 2.8895350E-08 1.0018336E-08 2.5832653E-08 1.9838811E-08 2.3232264E-08 1.5530231E-08 3.0588360E-08 2.0927162E-08 2.8735826E-08 2.8256224E-08 3.2398777E-08  295.3561 294.2005 297.5503 299.8022 295.3592 297.5303 302.7914 298.7609 296.7157 300.4278 303.6688 302.1399 298.1620 300.8247 301.1898 298.8454 295.3678 297.6125 297.7292 296.5555  0
2014 3.5215827E-08 3.8475697E-08 3.2000838E-08 8.3668228E-09 3.1498640E-08 3.4523509E-08 1.6031194E-08 6.4650196E-09 3.1998617E-08 2.7140739E-08 8.8454861E-09 1.4887330E-08 2.4196211E-08 2.3195469E-08 1.7140986E-08 2.2080838E-08 2.2648045E-08 3.1327108E-08 2.8534570E-08 2.8245887E-08  295.0565 294.0104 297.3545 299.7047 294.9664 297.2755 302.4553 298.6753 296.2457 299.8477 303.1254 301.9915 297.2436 300.1476 300.3648 298.6149 294.4930 296.9220 297.0802 296.3075  0
2015 2.3153786E-08 4.1020975E-08 5.2835784E-08 1.0814870E-08 2.4512760E-08 4.7641507E-08 2.8893684E-08 8.6762997E-09 3.1642067E-08 3.7817653E-08 1.6830128E-08 2.1215163E-08 2.4029239E-08 2.9690085E-08 2.7075787E-08 3.5139820E-08 2.2802649E-08 3.2913864E-08 3.5851155E-08 4.0577611E-08  295.2374 293.9291 296.9304 298.9628 294.8749 296.6503 301.4398 298.1134 295.7283 298.9578 302.0745 301.4256 296.5704 299.1785 299.0886 297.7391 293.5476 296.0781 296.2030 295.6741  0
