STN,prec_1,prec_2,prec_3,prec_4,prec_5,prec_6,prec_7,prec_8,prec_9,prec_10,prec_11,prec_12,prec_13,prec_14,prec_15,prec_16,prec_17,prec_18,prec_19,prec_20,st_1,st_2,st_3,st_4,st_5,st_6,st_7,st_8,st_9,st_10,st_11,st_12,st_13,st_14,st_15,st_16,st_17,st_18,st_19,st_20,10.0
LAT,23.72017,23.72017,23.72017,23.72017,26.51077,26.51077,26.51077,26.51077,29.30136,29.30136,29.30136,29.30136,32.09194,32.09194,32.09194,32.09194,34.88252,34.88252,34.88252,34.88252,23.72017,23.72017,23.72017,23.72017,26.51077,26.51077,26.51077,26.51077,29.30136,29.30136,29.30136,29.30136,32.09194,32.09194,32.09194,32.09194,34.88252,34.88252,34.88252,34.88252,28.73664429
LON,-104.0625,-101.2500,-98.43750,-95.62500,-104.0625,-101.2500,-98.43750,-95.62500,-104.0625,-101.2500,-98.43750,-95.62500,-104.0625,-101.2500,-98.43750,-95.62500,-104.0625,-101.2500,-98.43750,-95.62500,-104.0625,-101.2500,-98.43750,-95.62500,-104.0625,-101.2500,-98.43750,-95.62500,-104.0625,-101.2500,-98.43750,-95.62500,-104.0625,-101.2500,-98.43750,-95.62500,-104.0625,-101.2500,-98.43750,-95.62500,-99.1447556
1958 1.2246110E-08 2.1649159E-08 3.3868613E-08 2.2811484E-08 1.4570153E-08 2.3188118E-08 2.0353840E-08 1.6790025E-08 1.5937845E-08 1.6059943E-08 1.7160648E-08 2.2023643E-08 1.2681180E-08 1.3629180E-08 2.1858018E-08 3.1643825E-08 1.2549080E-08 1.4635117E-08 2.2963267E-08 3.1091375E-08  287.2621 286.3453 289.8062 295.5260 283.7940 286.1626 291.1137 293.8291 282.2624 285.6929 288.1717 288.0680 281.4503 283.6571 283.2570 281.9413 276.8971 278.9415 278.2524 277.2023  374.548
1959 8.0032532E-09 1.7267890E-08 2.8314085E-08 1.6208071E-08 1.0972795E-08 1.9915543E-08 1.5306760E-08 1.3143630E-08 1.2809915E-08 1.3421953E-08 1.3613383E-08 1.8454811E-08 1.1891101E-08 1.2132459E-08 1.7754740E-08 2.8689534E-08 1.3805021E-08 1.6186616E-08 2.3538821E-08 2.9899102E-08  287.2955 286.1869 289.6240 295.5366 283.9462 286.1241 290.9673 293.8370 282.6660 286.0075 288.3888 288.4291 282.0058 284.0330 283.7126 282.4705 277.4883 279.4407 278.8817 278.1899  804.313
1960 8.1810372E-09 1.7796852E-08 3.0043076E-08 1.6624961E-08 1.0801434E-08 1.9063586E-08 1.7358827E-08 1.3075578E-08 1.3314086E-08 1.3243288E-08 1.4715337E-08 1.5493304E-08 1.0942442E-08 1.2399968E-08 2.0376358E-08 2.9145490E-08 1.3041586E-08 1.4705013E-08 2.0542934E-08 2.7622079E-08  287.7356 286.6432 289.9362 295.5415 284.4297 286.5604 291.3793 293.8359 282.9277 286.2153 288.7085 288.5459 282.0290 284.1875 283.8122 282.4583 277.5163 279.4488 278.8968 277.9123  11.6452
1961 1.5550482E-08 2.4859336E-08 3.4215702E-08 2.1928884E-08 1.8252141E-08 2.5572234E-08 2.1377756E-08 1.8988246E-08 1.8905000E-08 1.8040296E-08 1.9330127E-08 2.5143725E-08 1.3651295E-08 1.5374047E-08 2.1672850E-08 3.3901848E-08 1.6106686E-08 1.9168587E-08 2.3593845E-08 2.8579935E-08  287.4487 286.5779 290.2099 295.5057 283.8299 286.4100 291.4253 293.8135 282.3304 285.9511 288.5832 288.7445 281.7033 284.0097 283.6921 282.4992 277.1527 279.2453 278.5935 277.8012  18.6581
1962 1.4261055E-08 2.1154579E-08 3.3663369E-08 2.0446722E-08 1.6475783E-08 2.3324104E-08 1.9549178E-08 1.5713322E-08 1.8112848E-08 1.7443476E-08 1.7442726E-08 2.2180387E-08 1.3610130E-08 1.5107084E-08 2.2354468E-08 3.2355569E-08 1.4292195E-08 1.7215255E-08 2.2040464E-08 2.6660746E-08  287.1531 286.3427 289.9388 295.6423 284.0243 286.5219 291.4528 293.9112 282.8353 286.2625 288.7189 288.5387 282.0406 284.2260 283.8904 282.4265 277.7263 279.7922 279.3166 278.2930  0
1963 9.6820827E-09 1.7074600E-08 2.7985642E-08 1.5588244E-08 1.4320293E-08 2.1012598E-08 1.7152610E-08 1.3425528E-08 1.6050333E-08 1.5667327E-08 1.7845291E-08 2.3069529E-08 1.2973775E-08 1.4880259E-08 2.5084372E-08 3.7250476E-08 1.4074771E-08 1.7714356E-08 2.5834993E-08 3.4188517E-08  286.8040 285.8583 289.4995 295.4884 283.1277 285.4720 290.5788 293.8048 281.7323 285.3141 287.8457 287.9842 281.3306 283.6479 283.4181 282.1400 276.9900 279.1883 278.7632 278.0106  0
1964 1.4949329E-08 1.8438719E-08 3.0410128E-08 1.7385959E-08 1.5282742E-08 1.9866242E-08 1.9477275E-08 1.5985602E-08 1.5569807E-08 1.4434423E-08 1.5676598E-08 2.0535932E-08 1.2306313E-08 1.1712889E-08 1.7780314E-08 2.9670524E-08 1.1932634E-08 1.3210888E-08 1.9293930E-08 2.8908095E-08  287.4160 286.9385 290.8963 295.8776 284.5959 287.3875 292.3493 294.0856 283.3555 286.9902 289.5725 289.4541 282.2255 284.5117 284.3156 282.9626 277.6146 279.5549 278.9778 277.9992  50.0226
1965 1.9294731E-08 2.9032188E-08 3.8082227E-08 2.5240624E-08 2.1233255E-08 2.7629765E-08 2.1768956E-08 1.8490327E-08 2.0421597E-08 1.9802917E-08 2.0578391E-08 2.6355981E-08 1.7397728E-08 1.9624709E-08 2.9502496E-08 4.0464236E-08 1.7990642E-08 2.2112273E-08 2.9823056E-08 3.7260357E-08  286.0482 284.9077 288.8040 295.2105 282.5264 285.0053 290.0973 293.5949 281.2927 284.9186 287.3914 287.4046 280.9104 283.1499 282.7729 281.3990 276.8552 278.9338 278.3081 277.2224  26.0487
1966 1.2598005E-08 2.0664810E-08 3.1876233E-08 1.9917117E-08 1.4098119E-08 2.1605171E-08 1.9510894E-08 1.6256861E-08 1.5039062E-08 1.6218078E-08 1.7149590E-08 2.0846540E-08 1.3529461E-08 1.3793311E-08 1.9902009E-08 3.0878798E-08 1.3022380E-08 1.5131418E-08 2.1610893E-08 2.9665648E-08  287.2726 286.4522 290.1805 295.5023 283.6228 286.1983 291.4034 293.8133 282.0760 285.8886 288.7590 288.9600 281.2634 283.9436 284.0590 283.0521 276.7360 279.2515 279.2006 278.6349  0.0332258
1967 1.1013123E-08 1.7394692E-08 2.8351336E-08 1.5980387E-08 1.5347004E-08 1.9877829E-08 1.8243785E-08 1.5611304E-08 1.7106464E-08 1.7003220E-08 1.8602895E-08 2.2908907E-08 1.3476864E-08 1.4051670E-08 2.1626063E-08 3.4539543E-08 1.4501322E-08 1.6567753E-08 2.2278634E-08 2.9478658E-08  287.1973 286.6781 290.5063 295.7332 283.7479 286.6725 291.7637 293.9811 282.5000 286.2487 288.7005 288.5812 281.9723 284.1519 283.3666 281.8558 277.3797 279.2592 278.2699 277.2410  236.1
1968 1.3499403E-08 2.1544366E-08 3.0711103E-08 2.0251743E-08 1.7136053E-08 2.2048718E-08 1.9594795E-08 1.6604465E-08 1.6339719E-08 1.4562090E-08 1.6235507E-08 2.2733326E-08 1.3413429E-08 1.3091938E-08 2.1217646E-08 3.4198194E-08 1.4479867E-08 1.7115276E-08 2.4058007E-08 3.2417105E-08  286.5534 285.7687 289.8179 295.5014 282.8090 285.7918 291.2080 293.8094 281.8062 285.7677 288.5457 288.3362 281.4285 283.9858 283.8158 282.3704 277.1905 279.4698 278.9413 277.9530  0
1969 8.9276844E-09 1.9160296E-08 3.1569694E-08 1.9331656E-08 1.3133753E-08 2.1708292E-08 2.0886318E-08 1.7975761E-08 1.5715161E-08 1.5023534E-08 1.8083655E-08 2.5493032E-08 1.2045276E-08 1.2860488E-08 2.2041350E-08 3.4321463E-08 1.5182602E-08 1.8274115E-08 2.2941197E-08 2.9805424E-08  286.8126 285.9778 289.8461 295.6697 283.2227 285.8185 291.0166 293.9434 281.9014 285.5329 288.1696 288.4221 281.2126 283.5691 283.4104 282.3945 276.6292 278.9945 278.8026 278.2671  805.581
1970 1.1907078E-08 1.7117005E-08 2.7961407E-08 1.5952208E-08 1.4703621E-08 1.9515783E-08 1.7721195E-08 1.3316814E-08 1.5719346E-08 1.5759513E-08 1.6201874E-08 1.9159053E-08 1.3495975E-08 1.3994566E-08 2.0459021E-08 3.2444639E-08 1.3917631E-08 1.5908121E-08 2.2183841E-08 3.0265571E-08  287.6562 287.1424 290.5784 295.9240 284.3881 287.1173 292.1415 294.1257 282.9603 286.6893 289.4393 289.2689 281.9785 284.2075 284.0627 282.7396 277.3797 279.2876 278.6017 277.6189  23.3548
1971 1.1299199E-08 1.9070537E-08 3.0215791E-08 1.6842856E-08 1.2465633E-08 1.9258332E-08 1.8138794E-08 1.3737382E-08 1.2775747E-08 1.3459733E-08 1.3318529E-08 1.7628219E-08 1.0215212E-08 1.1780903E-08 1.7338072E-08 2.7491701E-08 1.0765436E-08 1.2187618E-08 1.7585808E-08 2.5111024E-08  287.0059 286.0410 289.9440 295.9775 283.7277 286.3330 291.5482 294.1730 282.6726 286.2513 289.0233 288.9949 282.0010 284.2884 284.1933 282.9414 277.5764 279.6064 279.2909 278.4448  929.226
1972 2.1350791E-08 3.0542459E-08 4.2204647E-08 2.5930264E-08 2.4810674E-08 3.1824182E-08 2.9867298E-08 2.4384935E-08 2.2997206E-08 2.4025359E-08 2.6460389E-08 2.9918603E-08 1.6252001E-08 1.9542457E-08 3.1307756E-08 3.9575657E-08 1.7044163E-08 2.3764503E-08 3.4266346E-08 4.1186986E-08  285.9600 285.2412 289.3513 295.1970 282.5725 285.3208 290.4288 293.5904 281.5439 285.3216 287.8020 287.9946 281.4342 283.6136 283.2966 282.1707 277.1269 279.0739 278.6146 278.0513  27.3871
1973 7.9513764E-09 1.7602879E-08 3.1038969E-08 1.4672399E-08 1.0749371E-08 1.7552580E-08 1.6694671E-08 1.1965528E-08 1.3671614E-08 1.3790078E-08 1.2819777E-08 1.4572530E-08 1.2780406E-08 1.2617494E-08 1.9812447E-08 2.7803880E-08 1.3013669E-08 1.5284508E-08 2.3426809E-08 3.2546719E-08  288.1510 287.3475 290.8814 295.9349 285.2711 287.8353 292.7264 294.1373 283.9777 287.3601 289.9308 289.8824 282.7584 284.5800 284.0164 282.7656 278.0404 279.3495 278.1989 277.3628  743.226
1974 1.4541614E-08 2.4350911E-08 3.5024243E-08 2.2260878E-08 1.7101566E-08 2.4902928E-08 2.3736831E-08 1.8342806E-08 1.5697342E-08 1.7502998E-08 1.9546240E-08 2.3904217E-08 1.1307112E-08 1.3649961E-08 2.0754509E-08 3.3566938E-08 1.1213829E-08 1.3592962E-08 1.9991621E-08 2.8787259E-08  286.9554 286.0800 289.7332 295.9916 283.4898 285.8856 290.9309 294.1879 282.3948 285.7314 288.1759 288.3053 281.9738 284.0045 283.4048 282.0240 277.6149 279.5607 278.6538 277.6973  125.484
1975 1.1130242E-08 1.8694125E-08 3.1172579E-08 2.0031278E-08 1.3757220E-08 1.9330686E-08 1.7813846E-08 1.5860346E-08 1.5744645E-08 1.5691963E-08 1.6183979E-08 2.2167733E-08 1.2740130E-08 1.4469958E-08 2.3020455E-08 3.2391817E-08 1.2960239E-08 1.5874097E-08 2.2404301E-08 3.0094164E-08  286.9942 286.3898 290.3423 296.0150 283.8313 286.5842 291.8756 294.1904 282.4443 286.2096 289.1408 289.1264 281.7407 284.0301 283.8798 282.6805 277.4452 279.4169 278.7462 277.7873  70.0645
1976 1.5130661E-08 2.3514593E-08 3.5297834E-08 1.7542678E-08 1.8957598E-08 2.5517306E-08 1.9399234E-08 1.4774010E-08 1.7905847E-08 1.7715237E-08 1.8336676E-08 2.1638787E-08 1.3143095E-08 1.4961111E-08 2.4845450E-08 3.4874777E-08 1.2280840E-08 1.7098285E-08 2.7082505E-08 3.4574391E-08  286.6640 285.8888 290.0434 295.8862 283.3878 286.3754 291.7491 294.1044 282.4431 286.3495 289.0822 288.8983 282.0870 284.4182 284.0302 282.7414 277.7695 279.9014 279.1330 278.2877  242.516
1977 1.1735783E-08 2.4414472E-08 3.2675803E-08 1.8070633E-08 1.3478638E-08 2.5331978E-08 2.1055445E-08 1.5784684E-08 1.3041479E-08 1.6151361E-08 1.6269798E-08 1.9057856E-08 9.8430819E-09 1.1167550E-08 1.7666338E-08 2.7970843E-08 1.1151520E-08 1.3334619E-08 1.8133111E-08 2.5723228E-08  286.4760 285.1790 289.0163 295.5952 283.0202 285.2924 290.4627 293.8847 281.8351 285.4774 288.2628 288.3330 281.4931 283.9482 283.9406 282.7417 277.2346 279.4963 279.2419 278.5671  240.032
1978 1.0356115E-08 2.0304720E-08 3.1612835E-08 1.8045666E-08 1.4891982E-08 2.2243547E-08 1.6779529E-08 1.3417549E-08 1.6711637E-08 1.6173267E-08 1.5163998E-08 1.8504895E-08 1.3094932E-08 1.3564772E-08 1.9534365E-08 2.8539935E-08 1.3154348E-08 1.4586984E-08 2.1140700E-08 2.8021210E-08  287.3725 286.5540 290.4337 295.9127 284.0655 286.8329 292.0220 294.1215 283.0434 286.7278 289.3392 289.1277 282.6169 284.9020 284.4116 282.8712 278.3204 280.1946 279.2993 278.1622  22.8387
1979 9.6283443E-09 1.8324789E-08 3.0902157E-08 1.7622497E-08 1.2228014E-08 2.2363906E-08 2.0142226E-08 1.4781087E-08 1.4716448E-08 1.8181556E-08 1.7531548E-08 1.9776484E-08 1.2238982E-08 1.4320032E-08 2.1362677E-08 2.9765289E-08 1.2487419E-08 1.6088622E-08 2.2377952E-08 2.8973933E-08  287.2123 286.3308 289.8120 295.4724 283.7950 286.3979 291.3936 293.7956 282.5443 286.0312 288.6814 288.6661 282.0067 284.0432 283.7357 282.5895 277.7085 279.5455 279.0275 278.3234  25.7742
1980 8.8011776E-09 1.5869627E-08 2.6851032E-08 1.4784306E-08 1.2301636E-08 1.8855996E-08 1.6996379E-08 1.2641200E-08 1.4731670E-08 1.5845739E-08 1.6571907E-08 2.1020545E-08 1.2314430E-08 1.3121813E-08 1.9562608E-08 3.2215755E-08 1.2885090E-08 1.5490187E-08 2.3084286E-08 3.1148964E-08  287.3290 286.4084 289.8401 295.6928 283.9888 286.3699 291.2708 293.9625 282.5454 286.0678 288.4602 288.4256 281.7043 283.9875 283.6057 282.2989 277.2119 279.3793 278.8994 278.0828  189.61
1981 8.9880174E-09 1.6841152E-08 2.6943896E-08 1.6489897E-08 1.0060853E-08 1.7926256E-08 1.7876689E-08 1.5089951E-08 1.3523933E-08 1.6308372E-08 1.8429795E-08 2.2778591E-08 1.3072968E-08 1.5183350E-08 2.4162249E-08 3.5301433E-08 1.3294859E-08 1.6112564E-08 2.4806869E-08 3.2936970E-08  287.6503 286.8958 290.3060 295.6706 284.4346 286.9343 291.8659 293.9439 282.9452 286.4591 289.0222 288.9308 282.0972 284.2211 283.8244 282.5921 277.7657 279.6829 278.8844 277.8924  528.677
1982 1.5007380E-08 2.5156224E-08 3.4700250E-08 2.5686559E-08 1.5006698E-08 2.3644258E-08 2.2843139E-08 2.1792038E-08 1.7279540E-08 2.0579918E-08 2.5718366E-08 3.3303909E-08 1.6249791E-08 2.0496397E-08 3.3131787E-08 4.2884601E-08 1.5957603E-08 2.2705061E-08 3.1325900E-08 3.7388272E-08  285.1776 284.2966 288.6270 295.5368 281.8660 284.5599 289.8750 293.8567 280.8832 284.6718 287.0967 287.0559 280.5934 282.9025 282.4738 281.1410 276.5629 278.6268 277.9515 277.1031  10.3871
1983 1.0789547E-08 1.9189116E-08 3.6153036E-08 1.9942123E-08 1.3812197E-08 2.0578875E-08 2.2380098E-08 1.8040801E-08 1.5682261E-08 1.6561923E-08 2.1766638E-08 2.6589392E-08 1.3559794E-08 1.5962176E-08 2.6831586E-08 4.0536676E-08 1.3348554E-08 1.7497776E-08 2.7801212E-08 3.7857109E-08  287.3429 286.7894 290.3775 295.9321 284.0829 286.8168 291.7499 294.1546 282.6335 286.1762 288.7851 289.0634 281.5812 283.8851 283.6633 282.8701 277.1775 279.3297 278.8746 278.3513  10.271
1984 9.2977936E-09 1.6078392E-08 2.6166456E-08 1.3157816E-08 1.1426066E-08 1.7316582E-08 1.5640699E-08 1.2017694E-08 1.2774188E-08 1.3223190E-08 1.3015308E-08 1.5928071E-08 1.2546957E-08 1.3231917E-08 1.8305508E-08 2.6860985E-08 1.4614844E-08 1.5602755E-08 2.3278025E-08 3.1392837E-08  287.7263 287.1698 290.6510 295.6452 284.7973 287.6379 292.6203 293.9360 283.5325 287.4856 290.3505 290.1122 282.5126 285.2593 285.3979 284.3388 277.7083 280.1376 280.1505 279.7796  483.726
1985 1.2355233E-08 2.2382670E-08 3.4085456E-08 1.9881565E-08 1.3912016E-08 2.3275705E-08 2.2692483E-08 1.7970960E-08 1.5842620E-08 1.6421639E-08 1.9178191E-08 2.4462551E-08 1.2576188E-08 1.4298821E-08 2.4710843E-08 3.7024730E-08 1.3667115E-08 1.6604210E-08 2.4265413E-08 3.4019319E-08  286.7432 285.7154 289.4199 295.8850 283.2387 285.5706 290.6052 294.1137 281.8868 285.4005 288.1479 288.4100 281.1934 283.6276 283.5461 282.5364 276.7981 279.1450 278.9181 278.3164  257.839
1986 1.3852579E-08 2.7399823E-08 3.8630919E-08 2.3614827E-08 1.5055857E-08 2.4864269E-08 2.2793291E-08 1.9561639E-08 1.3905665E-08 1.5456363E-08 1.9469729E-08 2.6587495E-08 1.1692528E-08 1.5722943E-08 2.5071275E-08 3.4566263E-08 1.4716654E-08 2.0831756E-08 2.7175631E-08 3.2623902E-08  285.5654 284.6795 289.1670 295.9601 282.4601 285.1907 290.6717 294.1691 281.9463 285.7382 288.3156 288.1601 282.1720 284.5580 284.0801 282.5969 278.3069 280.4977 279.8391 278.8095  519.384
1987 1.2917028E-08 2.3887866E-08 3.5158841E-08 2.2356005E-08 1.5305037E-08 2.6153304E-08 2.2073563E-08 1.8712219E-08 1.4706543E-08 1.7081703E-08 2.0977431E-08 2.7522576E-08 1.2589122E-08 1.4912661E-08 2.5489872E-08 3.9693479E-08 1.4357683E-08 1.6749029E-08 2.5718384E-08 3.4964323E-08  286.2274 285.2004 288.9243 295.5158 282.7242 284.8441 290.0486 293.8624 281.4451 284.6510 287.2852 287.5684 280.6978 282.8965 282.7453 281.6748 276.3842 278.5697 278.2028 277.6358  153.71
1988 6.3522214E-09 1.3800177E-08 3.2216757E-08 1.4144932E-08 7.7999873E-09 1.5031839E-08 1.6876582E-08 1.2770527E-08 1.0461286E-08 1.2271677E-08 1.3682422E-08 1.6994507E-08 1.0778544E-08 1.1478845E-08 1.8415372E-08 3.0345319E-08 1.3286691E-08 1.5995354E-08 2.3527374E-08 2.9924362E-08  288.6666 288.1795 291.3619 295.7216 285.8795 288.6071 293.3660 293.9951 284.2685 287.9928 290.7659 290.6892 282.5818 285.0810 285.2269 284.3552 277.7058 279.9018 279.8014 279.4213  35.4839
1989 8.3581400E-09 1.8448546E-08 3.2903948E-08 1.9072763E-08 1.0553164E-08 1.9136523E-08 1.7526498E-08 1.4163352E-08 1.3664319E-08 1.4000381E-08 1.4625478E-08 1.8055520E-08 1.0723066E-08 1.1477123E-08 1.7108581E-08 2.8167282E-08 1.0957673E-08 1.2584177E-08 1.7475173E-08 2.5821798E-08  287.9766 287.2470 290.4855 295.9715 284.7066 287.1745 292.0690 294.1821 283.1791 286.6286 289.2342 289.3034 282.0756 284.2041 283.7909 282.5988 277.4956 279.4425 278.6207 277.7152  0.187419
1990 1.9779634E-08 3.0564884E-08 4.2057234E-08 2.6922638E-08 2.1252095E-08 3.2082330E-08 2.5825138E-08 2.0063315E-08 2.2179075E-08 2.1146029E-08 2.1385892E-08 2.4637210E-08 1.5638051E-08 1.7075985E-08 2.2759171E-08 2.9793121E-08 1.5850363E-08 1.7609082E-08 2.0980183E-08 2.5543505E-08  286.1240 284.7980 288.7053 295.7867 282.4381 284.4843 289.6924 294.0399 281.0938 284.3846 287.0540 287.4686 280.9354 282.8164 282.6477 281.5122 276.8321 278.7747 278.3414 277.5030  0
1991 1.2288607E-08 2.0604158E-08 3.2774523E-08 2.2117803E-08 1.6497756E-08 2.2983107E-08 1.9800648E-08 1.8378456E-08 1.7349974E-08 1.7349276E-08 1.8661641E-08 2.6363741E-08 1.6086009E-08 1.7526832E-08 2.5732467E-08 3.6498275E-08 1.6245931E-08 2.0295008E-08 2.6903411E-08 3.2082806E-08  286.2249 285.4967 289.4937 295.9876 282.7577 285.4568 290.8560 294.1925 281.7010 285.4471 288.1823 288.1905 281.1696 283.6804 283.5975 282.4752 277.0139 279.3378 279.0932 278.3551  24.4177
1992 2.0494834E-08 3.2561559E-08 4.1922835E-08 2.5726559E-08 2.2586804E-08 3.2387202E-08 2.4879666E-08 1.9856852E-08 2.3306658E-08 2.1258911E-08 1.9977724E-08 2.6502104E-08 1.7290130E-08 1.6505087E-08 2.2336549E-08 3.1227309E-08 1.5820929E-08 1.8356518E-08 2.3456728E-08 2.7029683E-08  285.8188 284.2838 288.1829 295.8974 282.1528 284.0742 289.1910 294.1270 280.7780 283.9972 286.6083 286.8491 280.6107 282.5441 282.2813 281.0328 276.6473 278.4964 277.8221 276.7594  67.2903
1993 1.6062984E-08 2.4917526E-08 3.4545888E-08 2.1290019E-08 1.9473136E-08 2.5125724E-08 2.0884587E-08 1.7690279E-08 2.1919851E-08 1.8421435E-08 2.0706585E-08 2.4932643E-08 1.7596118E-08 1.8293020E-08 2.7044685E-08 3.6261419E-08 1.7489544E-08 1.9924807E-08 2.6276801E-08 3.2389135E-08  285.6227 284.6957 288.9722 295.4554 282.0347 284.8170 290.2328 293.8109 280.8614 284.9157 287.5727 287.7627 280.7493 282.9836 282.8315 281.8075 276.2402 278.3440 277.9907 277.5721  16.9032
1994 1.8676035E-08 2.4550273E-08 3.6001421E-08 2.5365944E-08 1.8966176E-08 2.5668935E-08 2.1948113E-08 2.0904713E-08 2.0204322E-08 2.0551095E-08 2.3484978E-08 3.0585444E-08 1.7807219E-08 2.1547025E-08 3.1823838E-08 4.2917662E-08 1.7218706E-08 2.2220066E-08 3.1787362E-08 4.0515705E-08  285.5583 284.7005 289.0606 295.7210 282.0940 284.7558 290.2234 293.9963 281.0001 284.7556 287.4158 287.6741 280.8666 283.0219 282.8008 281.8265 276.7201 278.7403 278.3157 277.7554  93.0323
1995 1.3975765E-08 2.2052603E-08 3.2557960E-08 1.8373742E-08 1.5466492E-08 2.3839219E-08 2.2644317E-08 1.6475131E-08 1.6567993E-08 1.6333578E-08 1.8042259E-08 2.2751403E-08 1.3750092E-08 1.4617922E-08 2.1993191E-08 3.3530288E-08 1.3409176E-08 1.5985265E-08 2.4218386E-08 3.3121704E-08  287.2401 286.2481 290.0048 295.8724 283.9123 286.4690 291.5134 294.0999 282.6508 286.3469 289.0637 289.1910 281.9904 284.5408 284.5170 283.5114 277.8272 280.2871 280.0537 279.4284  9.72581
1996 1.2028464E-08 2.2809569E-08 3.1730945E-08 1.8835719E-08 1.4096646E-08 2.3629354E-08 2.0276861E-08 1.5546537E-08 1.5561065E-08 1.6152081E-08 1.8293328E-08 2.0785938E-08 9.5021706E-09 1.1679979E-08 1.9368921E-08 3.1155892E-08 1.0425411E-08 1.3432865E-08 2.0147167E-08 2.8100198E-08  287.3896 286.1877 289.7050 295.8881 283.8880 286.2915 291.2758 294.1174 282.5899 286.2339 288.9057 288.9534 282.2043 284.5977 284.3807 283.1235 277.9776 280.1629 279.7447 278.8869  263.355
1997 1.9979298E-08 2.6619121E-08 3.6425028E-08 2.8069323E-08 1.9513989E-08 2.7403221E-08 2.7536652E-08 2.9742772E-08 2.1384858E-08 2.5690008E-08 2.9569117E-08 3.7101788E-08 1.8962407E-08 2.4938815E-08 3.5353278E-08 4.4871701E-08 1.8158465E-08 2.5693566E-08 3.3592745E-08 3.8458676E-08  285.2286 284.8283 289.0713 295.3148 281.9903 284.9153 290.0348 293.6991 281.1858 284.9086 287.0908 286.9545 281.3444 283.1993 282.8556 281.5478 277.5550 279.4979 278.8366 278.1501  0
1998 7.9965572E-09 1.4530244E-08 2.4515201E-08 1.0103419E-08 9.1180397E-09 1.5130722E-08 1.2904705E-08 9.0341716E-09 1.1632483E-08 1.1822447E-08 1.0682188E-08 1.2766639E-08 1.0951296E-08 1.1910748E-08 1.7734767E-08 2.4068054E-08 1.1648524E-08 1.3731891E-08 2.1209299E-08 2.7928920E-08  288.6440 287.9914 291.3583 295.8211 285.9156 288.7912 293.6274 294.0759 284.7416 288.7746 291.5332 291.1054 283.8238 286.4536 286.4487 285.2431 279.4090 281.6198 281.1238 280.2976  901.548
1999 8.1942453E-09 1.5799614E-08 2.5330772E-08 1.3110281E-08 8.3521980E-09 1.5326226E-08 1.3863241E-08 1.0402240E-08 8.8039016E-09 1.2413749E-08 1.2070888E-08 1.4572199E-08 7.5071673E-09 9.5503898E-09 1.5636212E-08 2.2929479E-08 8.4795850E-09 1.1146689E-08 1.5566714E-08 2.2420194E-08  288.5957 288.0089 291.4634 295.9951 286.0291 288.7859 293.6004 294.2049 285.2496 288.8867 291.3320 290.8101 284.1477 286.6153 286.3738 284.9942 279.4117 281.7250 281.2639 280.3667  18.4194
2000 1.2237519E-08 1.9039536E-08 2.9201072E-08 1.6748507E-08 1.4173196E-08 1.9566121E-08 1.8434728E-08 1.4323865E-08 1.4295413E-08 1.5067773E-08 1.4600969E-08 1.7414848E-08 1.0631195E-08 1.1808649E-08 1.8669125E-08 2.5949417E-08 1.0747933E-08 1.4313886E-08 2.1185775E-08 2.6941553E-08  287.5556 286.9126 290.9509 296.0851 284.4388 287.4621 292.7201 294.2682 283.5710 287.6333 290.4557 290.3746 283.1488 285.8762 285.8940 284.6356 278.9209 281.3279 281.0207 280.2717  338.097
2001 1.1253378E-08 2.0830592E-08 3.0714165E-08 1.7717413E-08 1.3631634E-08 2.0652175E-08 1.7118429E-08 1.3476437E-08 1.5256290E-08 1.3856600E-08 1.2431057E-08 1.7324284E-08 1.2796352E-08 1.2596553E-08 1.6488443E-08 2.5458261E-08 1.2561724E-08 1.3493702E-08 1.8386412E-08 2.5941295E-08  286.3912 285.4404 289.7458 296.0658 283.0360 285.7804 291.3199 294.2536 282.0428 286.0636 288.9424 289.1331 281.9205 284.4951 284.5144 283.4013 277.5716 280.0298 279.8866 279.2328  5.53548
2002 1.3512484E-08 2.3326947E-08 3.4474930E-08 2.1665761E-08 1.6209864E-08 2.4607656E-08 2.2472763E-08 1.8782449E-08 1.5490082E-08 1.7745048E-08 2.1683537E-08 2.6327896E-08 1.4235096E-08 1.7733955E-08 2.3802530E-08 3.3216025E-08 1.7018031E-08 2.0712932E-08 2.6296178E-08 3.2436418E-08  286.5630 285.5407 289.2895 295.8161 283.3175 285.5992 290.6724 294.0722 282.2512 285.5664 288.0070 288.1481 281.8939 283.9075 283.5379 282.3591 277.6958 279.6226 279.0091 278.2837  1001.45
2003 9.7555573E-09 1.8552049E-08 3.2807211E-08 1.7097578E-08 1.1971099E-08 2.1923288E-08 2.0476412E-08 1.5325753E-08 1.3158458E-08 1.6875106E-08 1.7555267E-08 2.0598787E-08 1.0943475E-08 1.2813094E-08 2.0176936E-08 3.0475189E-08 1.1840447E-08 1.4530818E-08 2.2350511E-08 2.9714025E-08  287.4265 286.2995 289.8461 295.9925 283.9560 286.3687 291.4129 294.1987 282.7609 286.3125 288.9376 289.0126 282.4021 284.4762 284.2725 283.1165 278.2033 280.2170 279.6997 278.9394  106.581
2004 1.5569746E-08 2.7055670E-08 3.8865529E-08 2.4016087E-08 1.7078653E-08 2.8905310E-08 2.4266907E-08 1.9601686E-08 2.0169731E-08 2.2658433E-08 2.2298456E-08 2.5670250E-08 1.7114044E-08 1.9260062E-08 2.4990973E-08 3.1645079E-08 1.5628295E-08 1.8010530E-08 2.2941499E-08 2.7613641E-08  286.3890 285.0452 288.8405 295.7100 283.0403 285.2099 290.4099 293.9669 281.9390 285.4115 288.1339 288.3409 281.6807 283.8288 283.8039 282.8138 277.6056 279.8167 279.6787 279.2036  118.29
2005 1.5579230E-08 2.6089682E-08 3.4587803E-08 2.3832360E-08 1.7502179E-08 2.6528832E-08 2.0717913E-08 1.7667444E-08 1.9597925E-08 1.8866219E-08 1.8202897E-08 2.2680187E-08 1.4305535E-08 1.6494010E-08 2.3134939E-08 3.4039552E-08 1.3956794E-08 1.7654692E-08 2.3791245E-08 3.1421628E-08  287.4947 286.1514 289.5623 295.7463 283.6136 285.6344 290.6050 294.0071 281.9470 285.2152 287.8120 288.1939 281.2765 283.3665 283.1208 282.0609 276.8428 278.8814 278.4162 277.6971  53.0645
2006 1.1900944E-08 2.3117982E-08 3.3697980E-08 2.0181441E-08 1.5606471E-08 2.5153394E-08 2.0728958E-08 1.5106240E-08 1.7001151E-08 1.7860229E-08 1.8589448E-08 1.9823979E-08 1.4226473E-08 1.5638935E-08 2.3042608E-08 3.1209570E-08 1.3816670E-08 1.7468825E-08 2.3891923E-08 3.0039985E-08  287.3778 286.1368 289.6313 296.0305 283.8835 285.9800 290.9453 294.2381 282.5339 285.6607 288.2981 288.6963 281.6880 283.6927 283.5576 282.6859 277.4631 279.3951 279.1106 278.6117  0
2007 1.4591366E-08 2.4388882E-08 3.5971826E-08 2.2207313E-08 1.6360193E-08 2.6552689E-08 2.1105057E-08 1.5422195E-08 1.8385537E-08 1.8221142E-08 1.7749800E-08 1.9131969E-08 1.4903479E-08 1.4091134E-08 2.0979723E-08 3.0967687E-08 1.4297549E-08 1.4508733E-08 2.0490599E-08 3.0469536E-08  287.6421 286.5238 290.0979 296.0748 284.5819 286.5691 291.4575 294.2687 282.9836 285.9004 288.4459 288.7933 282.0122 283.6554 283.2771 282.2751 277.5234 279.1721 278.3536 277.5380  143.806
2008 1.2795558E-08 2.1685992E-08 3.1509266E-08 1.6891439E-08 1.4253788E-08 2.2943464E-08 1.8928141E-08 1.3876594E-08 1.4545238E-08 1.6769249E-08 1.7863004E-08 1.8394640E-08 1.2719405E-08 1.5459742E-08 2.2406907E-08 3.0864179E-08 1.2864714E-08 1.5479147E-08 2.1500421E-08 2.9614755E-08  287.8382 286.9273 290.4318 295.6825 284.4711 286.9842 292.1861 293.9555 283.3337 286.9502 289.7747 289.7896 282.5799 284.9036 284.9219 283.8315 278.1129 280.2896 279.8834 279.1934  9.98387
2009 1.8993317E-08 2.8648872E-08 3.9167151E-08 2.7143328E-08 1.8773550E-08 2.7551687E-08 2.5217005E-08 2.3522142E-08 1.7948150E-08 2.1043657E-08 2.5283743E-08 3.3143088E-08 1.5395287E-08 2.0810026E-08 3.2416445E-08 4.3553840E-08 1.4896785E-08 1.9519447E-08 2.9954961E-08 3.9775063E-08  286.3597 285.0579 289.1167 295.7107 282.8553 285.2776 290.5317 293.9934 281.8231 285.3440 287.9224 288.0811 281.4819 283.5551 283.3780 282.3694 277.3951 279.2848 278.8201 278.1415  10.08
2010 8.3722060E-09 1.5868530E-08 2.9296132E-08 1.4516741E-08 9.1392414E-09 1.7754747E-08 1.7072162E-08 1.2593630E-08 1.2045879E-08 1.1730283E-08 1.2916666E-08 1.6883622E-08 9.3188097E-09 9.9423545E-09 1.7485510E-08 2.7290501E-08 9.3895860E-09 1.1823396E-08 2.0038387E-08 2.7290042E-08  288.5876 288.2029 291.6718 296.3892 285.6544 288.5051 293.3806 294.5008 284.2118 287.8694 290.5905 290.5869 283.1438 285.3994 285.2658 284.2137 278.6409 280.5013 279.9545 279.2821  1.49194
2011 8.6128296E-09 1.4705616E-08 2.4482297E-08 1.3535714E-08 1.2005995E-08 1.7091727E-08 1.5173450E-08 1.1384183E-08 1.2708229E-08 1.2765666E-08 1.4648507E-08 1.7693239E-08 1.0468201E-08 1.1387392E-08 1.8487777E-08 2.9598654E-08 1.2015381E-08 1.3425043E-08 1.9395644E-08 2.7875510E-08  288.3861 287.7252 291.0662 295.8923 285.3281 287.9792 292.8110 294.1185 284.1219 287.7247 290.1900 290.0846 282.8983 285.3631 285.2611 284.0906 278.2271 280.6176 280.1970 279.4156  27.8777
2012 1.7498529E-08 2.6426571E-08 3.6561694E-08 1.9088461E-08 2.0855895E-08 2.7372302E-08 2.3045743E-08 1.5968270E-08 2.1085311E-08 2.0219519E-08 1.9791109E-08 2.1525461E-08 1.4356440E-08 1.6051711E-08 2.3442713E-08 3.4055418E-08 1.4934665E-08 1.7470828E-08 2.3455973E-08 3.1670041E-08  287.4355 286.3505 290.0270 295.4060 283.8611 286.4098 291.5490 293.7439 282.5428 286.1932 288.8683 288.8620 282.0914 284.2792 283.8564 282.5900 277.9804 279.7080 278.9081 278.0799  71.6161
2013 9.9005950E-09 1.7381261E-08 3.0291122E-08 1.7488809E-08 1.3975234E-08 1.8745254E-08 1.7452706E-08 1.5056758E-08 1.6653512E-08 1.5631999E-08 1.5754511E-08 2.1566203E-08 1.2457441E-08 1.3753904E-08 2.3980146E-08 3.7157619E-08 1.3018802E-08 1.6179035E-08 2.5227694E-08 3.4859447E-08  287.7112 286.8509 290.3443 295.8786 284.1742 286.8289 291.6856 294.0945 282.7726 286.4397 289.0527 289.1227 282.1926 284.4224 284.1499 283.0283 277.7354 279.8164 279.3633 278.6887  0
2014 1.8224364E-08 2.8585474E-08 4.0104286E-08 2.3349568E-08 2.0478932E-08 3.0347493E-08 2.4614216E-08 2.0882293E-08 2.1210413E-08 2.1589290E-08 2.2681327E-08 2.9313728E-08 1.7721296E-08 2.0099643E-08 2.7163729E-08 3.8511441E-08 1.8141884E-08 2.0923077E-08 2.6941089E-08 3.4944019E-08  286.0620 284.9182 288.6382 295.3650 282.3733 284.5631 289.7147 293.7092 280.9904 284.4346 287.1458 287.3657 280.6678 282.8854 282.9380 281.9258 276.4543 278.7400 278.7126 278.1863  0
2015 1.4172728E-08 2.0261915E-08 3.1458988E-08 2.3774149E-08 1.6804162E-08 2.1591177E-08 2.1177913E-08 2.2376240E-08 1.8947818E-08 2.0882828E-08 2.7239798E-08 3.4193036E-08 1.8471535E-08 2.3885207E-08 3.5826719E-08 4.6512447E-08 2.0158208E-08 2.7778363E-08 3.8238195E-08 4.4623977E-08  285.3107 285.1562 289.3060 295.0733 281.9586 284.9391 290.0485 293.5009 280.8343 284.4799 286.4695 286.3322 280.3802 282.1074 281.5366 280.2279 276.1261 277.5756 276.6334 275.9764  62.7055
