STN,prec_1,prec_2,prec_3,prec_4,prec_5,prec_6,prec_7,prec_8,prec_9,prec_10,prec_11,prec_12,prec_13,prec_14,prec_15,prec_16,prec_17,prec_18,prec_19,prec_20,st_1,st_2,st_3,st_4,st_5,st_6,st_7,st_8,st_9,st_10,st_11,st_12,st_13,st_14,st_15,st_16,st_17,st_18,st_19,st_20,02.0
LAT,23.72017,23.72017,23.72017,23.72017,26.51077,26.51077,26.51077,26.51077,29.30136,29.30136,29.30136,29.30136,32.09194,32.09194,32.09194,32.09194,34.88252,34.88252,34.88252,34.88252,23.72017,23.72017,23.72017,23.72017,26.51077,26.51077,26.51077,26.51077,29.30136,29.30136,29.30136,29.30136,32.09194,32.09194,32.09194,32.09194,34.88252,34.88252,34.88252,34.88252,28.73664429
LON,-104.0625,-101.2500,-98.43750,-95.62500,-104.0625,-101.2500,-98.43750,-95.62500,-104.0625,-101.2500,-98.43750,-95.62500,-104.0625,-101.2500,-98.43750,-95.62500,-104.0625,-101.2500,-98.43750,-95.62500,-104.0625,-101.2500,-98.43750,-95.62500,-104.0625,-101.2500,-98.43750,-95.62500,-104.0625,-101.2500,-98.43750,-95.62500,-104.0625,-101.2500,-98.43750,-95.62500,-104.0625,-101.2500,-98.43750,-95.62500,-99.1447556
1958 1.0234304E-08 1.7712599E-08 3.7370331E-08 1.9327116E-08 1.1476782E-08 2.0046743E-08 2.4861935E-08 2.1775795E-08 1.5413185E-08 2.0243554E-08 2.6886234E-08 3.3268805E-08 1.6725346E-08 2.4718505E-08 3.5976495E-08 4.1760885E-08 2.1218209E-08 3.0693776E-08 3.8637854E-08 4.1581462E-08  288.1567 288.0201 291.9048 295.8335 285.7154 288.7260 293.9406 294.0838 285.3300 289.2153 291.5116 291.0000 285.1730 287.7397 287.2373 285.8645 281.1534 283.5373 283.2247 282.7784  193.179
1959 1.2932769E-08 2.4652389E-08 4.4299444E-08 2.1602183E-08 1.5916529E-08 2.7996938E-08 2.7207602E-08 1.9478833E-08 1.9627253E-08 2.3412552E-08 2.5131769E-08 2.9320109E-08 1.6233082E-08 1.9428455E-08 3.0438866E-08 4.3053724E-08 2.0399003E-08 2.4133193E-08 3.1085541E-08 3.7817841E-08  288.2967 287.8869 291.5542 296.0103 285.3557 288.2737 293.7206 294.2661 284.5432 288.5864 291.3486 291.1823 284.5443 287.1143 286.9438 285.7614 280.5380 282.9519 282.9175 282.5650  8.67143
1960 8.4068743E-09 1.8208699E-08 3.9978559E-08 1.6000005E-08 1.1416047E-08 1.9811347E-08 2.1863180E-08 1.4775543E-08 1.3845072E-08 1.7842691E-08 1.8906833E-08 2.5411646E-08 1.4706870E-08 1.8268011E-08 3.0364411E-08 4.1930601E-08 1.9263355E-08 2.4451067E-08 3.4870364E-08 4.3579629E-08  289.5179 289.8049 293.1478 296.1404 286.8620 290.1643 295.4492 294.4159 285.9578 290.1401 293.1512 292.7966 285.0924 288.1340 288.3412 287.1723 280.7894 283.7587 283.9930 283.6274  1.41724
1961 9.9145341E-09 2.2165896E-08 4.2974378E-08 1.7470882E-08 1.1943800E-08 2.2580108E-08 2.5979745E-08 1.5312446E-08 1.4736107E-08 1.8387636E-08 2.0302288E-08 2.2380370E-08 1.3719050E-08 1.5431256E-08 2.5804447E-08 3.7576775E-08 1.6808679E-08 2.1124741E-08 2.9820782E-08 3.9442448E-08  289.5458 289.1745 292.6061 295.9890 287.1212 290.0242 295.2329 294.3051 286.4243 290.5217 293.4667 292.9339 286.0041 289.0139 288.8680 287.5136 282.0507 284.6076 284.3050 283.7021  84.9
1962 8.0452107E-09 1.7704242E-08 4.1482448E-08 1.5533642E-08 9.6173736E-09 1.8752372E-08 2.0434257E-08 1.2161327E-08 1.1088747E-08 1.5798269E-08 1.3951916E-08 1.5470969E-08 1.0448173E-08 1.4477545E-08 2.2296934E-08 3.1008952E-08 1.3430276E-08 1.8371782E-08 2.6783271E-08 3.6018228E-08  290.7072 290.7989 293.8520 296.2470 288.1944 291.5146 296.6272 294.5091 287.5217 291.8376 294.9879 294.3352 286.6787 289.8368 289.9323 288.6726 282.2594 284.9864 284.9687 284.4555  12.0214
1963 1.0233552E-08 2.1693195E-08 4.6549591E-08 1.6756275E-08 1.2430440E-08 2.0879925E-08 2.3025754E-08 1.4969160E-08 1.4031674E-08 1.5720888E-08 1.6632885E-08 1.7968580E-08 1.2841178E-08 1.5287510E-08 2.5136018E-08 3.5823554E-08 1.5813605E-08 2.0981670E-08 3.0300015E-08 3.8439094E-08  290.1081 290.0344 293.3882 296.3563 287.4585 290.7238 296.0003 294.5268 286.6940 291.1085 294.1095 293.6634 286.0815 289.1737 289.2850 288.1619 281.8654 284.5897 284.6088 284.2395  0
1964 9.4081507E-09 1.8831971E-08 4.4697209E-08 1.9507775E-08 1.1687496E-08 2.4548219E-08 2.8049294E-08 1.8980145E-08 1.3863048E-08 2.1019536E-08 2.3693186E-08 2.7599864E-08 1.4493633E-08 2.1045807E-08 3.1786286E-08 3.9634585E-08 2.0387578E-08 2.8890828E-08 3.7877356E-08 4.3639126E-08  288.7686 288.7815 292.4100 295.6698 286.0424 289.1681 294.6158 293.9935 285.4952 289.5865 292.3563 292.0336 285.1876 287.8916 287.7766 286.6142 281.0936 283.5262 283.4642 283.2682  0
1965 9.5130304E-09 2.1146647E-08 4.6273573E-08 1.4604162E-08 1.2768199E-08 2.2528756E-08 2.7650735E-08 1.4550454E-08 1.5551711E-08 1.7752066E-08 2.1510230E-08 2.6590982E-08 1.1643074E-08 1.3448970E-08 2.5169657E-08 3.6625529E-08 1.3797692E-08 1.7375715E-08 2.5835496E-08 3.6430261E-08  290.0289 289.7979 293.1204 296.0343 287.3521 290.4316 295.4354 294.4285 286.4356 290.6075 293.3445 293.0985 285.9612 288.9166 288.7999 287.6754 281.9241 284.6294 284.4760 283.8777  4.56071
1966 7.3814146E-09 1.5715562E-08 3.4414498E-08 1.6620275E-08 1.0189193E-08 1.8769780E-08 2.2037934E-08 1.6918227E-08 1.4368812E-08 1.8902039E-08 2.2313312E-08 3.2919974E-08 1.6707601E-08 1.9430686E-08 3.2961207E-08 4.5780109E-08 2.1420957E-08 2.8412172E-08 4.0253639E-08 4.7434078E-08  287.7026 287.8185 291.6887 295.8188 285.2679 288.3615 293.7428 294.1749 284.7859 288.7252 291.0560 290.4290 284.4130 287.0325 286.4438 284.9692 280.2238 282.5649 282.1822 281.7511  0
1967 8.2125240E-09 1.7087665E-08 3.9270681E-08 1.7202517E-08 9.5415658E-09 1.8438124E-08 2.1844702E-08 1.7531411E-08 1.0822288E-08 1.4754149E-08 1.6501401E-08 2.2808921E-08 9.2995442E-09 1.2112800E-08 2.1910781E-08 3.1614917E-08 1.2249394E-08 1.6773811E-08 2.5783738E-08 3.3327993E-08  289.7285 289.8143 292.8414 295.7734 287.1913 290.3239 295.2152 294.1208 286.4804 290.5823 293.2675 292.5845 285.8001 288.8716 288.7494 287.3070 281.5613 284.4377 284.4330 283.8163  0
1968 1.3531048E-08 2.4966450E-08 5.1066085E-08 2.1102844E-08 1.6029762E-08 2.8341569E-08 3.1540718E-08 1.8293212E-08 1.8009848E-08 2.3359815E-08 2.2460839E-08 2.5081141E-08 1.4512652E-08 1.8900092E-08 2.8966401E-08 3.7620588E-08 1.7922790E-08 2.2523084E-08 3.1055958E-08 3.8623881E-08  289.2426 288.8299 292.3293 296.1772 286.8923 289.7384 294.9172 294.4189 286.2758 290.2745 293.0468 292.7176 286.0144 288.5888 288.3112 287.1044 281.8029 283.9921 283.6877 283.1336  87.2414
1969 1.3269127E-08 2.4961199E-08 4.6196828E-08 2.0018391E-08 1.6073379E-08 3.0162283E-08 2.9298809E-08 1.7255676E-08 1.9672648E-08 2.5868905E-08 2.6617629E-08 2.9920926E-08 1.9530409E-08 2.5181873E-08 3.3704797E-08 3.9590848E-08 2.1674296E-08 3.0047378E-08 3.5793434E-08 3.6660058E-08  287.7605 287.3604 291.6449 296.0505 285.4598 288.6815 294.1841 294.1989 285.5093 289.6673 292.3203 292.0942 285.7505 288.5151 288.4062 287.3452 282.1858 284.8442 284.9981 284.6375  0
1970 1.2724418E-08 2.3111371E-08 4.9219537E-08 2.3439085E-08 1.4350307E-08 2.6147355E-08 3.0595654E-08 2.0776204E-08 1.6928858E-08 2.0741707E-08 2.5022580E-08 3.1225738E-08 1.7322025E-08 2.2021700E-08 3.2977578E-08 4.0716746E-08 2.3061023E-08 3.0749717E-08 3.8678976E-08 4.3079488E-08  288.0872 288.0374 291.9671 295.8218 285.5019 288.7247 294.2676 294.0571 285.0806 289.3707 292.2001 291.8633 284.8968 287.9137 287.7906 286.6523 280.8230 283.5567 283.6328 283.3005  13
1971 6.8112955E-09 1.8878724E-08 4.4633278E-08 1.2173026E-08 9.4892725E-09 2.2232738E-08 2.4943342E-08 1.1942806E-08 1.1684690E-08 1.7762712E-08 1.7260756E-08 1.8065400E-08 9.5854391E-09 1.4172007E-08 2.2701213E-08 3.1171634E-08 1.0368536E-08 1.4509539E-08 2.3439750E-08 3.1347231E-08  291.1811 291.0056 293.9991 296.5429 288.9460 292.1036 297.0737 294.7039 288.2998 292.5846 295.5270 294.8546 287.5355 290.7272 290.9116 289.6505 283.1870 285.9838 286.0290 285.4600  0.799286
1972 9.0881036E-09 1.9402453E-08 4.4589157E-08 1.8012638E-08 1.1254089E-08 2.1203151E-08 2.5335726E-08 1.8113582E-08 1.3425502E-08 1.6561801E-08 2.0399147E-08 2.5717291E-08 1.2385729E-08 1.5655241E-08 2.6963169E-08 3.9607897E-08 1.5243240E-08 1.8386032E-08 2.7805944E-08 3.9601474E-08  290.0071 289.8521 293.1885 296.7912 287.3466 290.3124 295.5827 294.9664 286.4383 290.3338 293.3029 293.1734 285.6381 288.3065 288.3161 287.2182 281.2366 283.7551 283.6453 283.0672  40.931
1973 6.9780879E-09 1.3799365E-08 3.0959097E-08 1.6433493E-08 8.6751708E-09 1.6556331E-08 1.9584878E-08 1.5144272E-08 1.1334491E-08 1.5545099E-08 2.2881798E-08 3.2217109E-08 1.4337484E-08 2.0253145E-08 3.4297596E-08 4.7286431E-08 2.1013651E-08 2.9200168E-08 4.0412491E-08 4.7039652E-08  288.0430 288.3323 292.2415 296.0828 285.6079 288.8132 293.9896 294.3665 285.3592 289.2812 291.2752 290.5497 284.9745 287.4345 286.6322 285.0858 280.7112 282.7935 282.3102 281.7588  43.75
1974 7.9191400E-09 1.7977369E-08 4.9064191E-08 1.1761911E-08 8.5845722E-09 1.8426935E-08 2.1607358E-08 1.2013202E-08 9.4172243E-09 1.3055697E-08 1.2404480E-08 1.6596898E-08 7.5081452E-09 9.7080672E-09 1.6798358E-08 2.6605344E-08 8.3812894E-09 1.2541514E-08 2.0470139E-08 2.7534165E-08  291.0667 291.1311 294.2450 296.6652 289.0418 292.4963 297.5903 294.9620 288.4577 293.0722 296.1860 295.5166 287.3971 290.9857 291.4350 290.1624 282.8336 286.1433 286.4717 286.0889  99.0357
1975 7.4750828E-09 1.5554175E-08 3.3822726E-08 1.3812291E-08 8.6220933E-09 1.5331674E-08 1.7714370E-08 1.3110414E-08 1.0218683E-08 1.3332253E-08 1.3306790E-08 1.9522735E-08 1.0596124E-08 1.3383590E-08 2.0497170E-08 3.0486675E-08 1.3962695E-08 1.8192827E-08 2.6941782E-08 3.4935034E-08  289.6089 289.7826 293.3562 296.4815 287.5814 290.9507 296.1032 294.6274 287.4137 291.7433 294.4800 293.6801 286.9408 290.0207 289.9612 288.5540 282.6667 285.2741 285.1621 284.6887  484.357
1976 7.6251894E-09 1.7010136E-08 4.3401521E-08 1.2413247E-08 9.2310604E-09 1.7654720E-08 2.1391713E-08 1.2575731E-08 9.1165990E-09 1.1264098E-08 1.1871559E-08 1.4240269E-08 7.6913258E-09 9.5963379E-09 1.8213800E-08 2.5542512E-08 1.0429509E-08 1.3513297E-08 2.3648173E-08 3.4267046E-08  290.2971 290.5435 293.6545 296.0797 288.2875 291.6830 296.6383 294.2708 287.8906 292.2239 295.1927 294.4248 286.9767 290.1071 290.2607 288.9173 282.3362 284.9699 284.7620 284.2001  51.1379
1977 1.0913562E-08 1.8933246E-08 4.0481886E-08 2.1238284E-08 1.3847806E-08 2.3246923E-08 2.5728710E-08 2.0038360E-08 1.7388549E-08 2.2157893E-08 2.5932605E-08 3.1886870E-08 1.8435024E-08 2.4792334E-08 3.6013144E-08 4.2727741E-08 2.4128362E-08 3.3328298E-08 4.0038557E-08 4.3794198E-08  287.5106 287.5843 291.7018 295.8518 284.9190 288.4200 294.0386 294.1217 284.7332 289.2093 291.9406 291.5544 285.1518 287.9749 287.7502 286.5803 281.4404 283.8688 283.8053 283.4930  275.393
1978 1.3391259E-08 2.6209827E-08 4.5238405E-08 2.0294301E-08 1.6051763E-08 2.6317423E-08 2.6313344E-08 1.7838660E-08 1.7494891E-08 2.0121947E-08 2.0465004E-08 2.5530799E-08 1.6565155E-08 2.0191505E-08 2.7257784E-08 3.5747124E-08 1.9239286E-08 2.3154096E-08 2.7020887E-08 3.2135755E-08  288.0135 287.5077 291.4756 295.9437 285.3333 288.3015 293.9583 294.2490 285.1435 289.2655 292.0004 291.4604 285.2232 288.0473 287.5957 286.0576 281.1943 283.6715 283.4146 282.7917  64.4643
1979 1.1662362E-08 2.2972733E-08 4.4127482E-08 1.9797861E-08 1.4832247E-08 2.3743009E-08 2.2374785E-08 1.6508903E-08 1.6423238E-08 1.8284689E-08 1.9053214E-08 2.2900542E-08 1.6081300E-08 1.7699131E-08 2.5873472E-08 3.5325314E-08 1.9170834E-08 2.2873847E-08 2.9314837E-08 3.4189654E-08  288.4267 288.4279 292.1338 295.9129 285.9048 289.0750 294.6101 294.1871 285.4076 289.6246 292.4752 292.0912 285.1166 288.1417 287.9057 286.6081 281.0332 283.7485 283.7122 283.3189  50.0714
1980 1.2611213E-08 2.4530356E-08 4.6792870E-08 2.1060032E-08 1.7482256E-08 2.9192082E-08 3.1312716E-08 1.9462016E-08 1.8642012E-08 2.1509983E-08 2.4006743E-08 2.9992776E-08 1.7188285E-08 2.0709578E-08 3.1918951E-08 4.1984801E-08 2.1400002E-08 2.7737808E-08 3.6755964E-08 4.3656712E-08  287.7667 287.4376 291.6354 296.1037 285.1617 288.2840 293.8943 294.4488 284.8707 289.1183 291.9520 291.7845 285.1144 287.9020 287.7854 286.5386 281.2879 283.8475 283.7362 283.3036  26.7931
1981 1.3548807E-08 2.7898643E-08 4.6171383E-08 1.8419223E-08 1.6116031E-08 2.8118468E-08 2.6551525E-08 1.7326874E-08 1.7091779E-08 2.0517994E-08 2.0412086E-08 2.3611074E-08 1.4770378E-08 1.6612118E-08 2.3374380E-08 3.3402429E-08 1.6099559E-08 1.7740321E-08 2.4863798E-08 3.0818477E-08  289.3987 288.9684 292.4003 295.7531 286.8716 289.7715 294.8334 294.0915 286.3316 290.2503 293.0582 292.6384 285.9933 288.7031 288.7639 287.6005 281.8268 284.4646 284.5380 284.1448  11.0179
1982 9.2753698E-09 1.8225156E-08 4.2839659E-08 1.6210667E-08 1.1616401E-08 2.0332127E-08 2.3509234E-08 1.4008279E-08 1.3241171E-08 1.6753901E-08 1.9188837E-08 2.4561574E-08 1.2491205E-08 1.4982746E-08 2.4194877E-08 3.8531187E-08 1.6298110E-08 2.0291072E-08 2.8258729E-08 3.7395662E-08  289.6701 289.8451 293.2231 296.1472 286.9510 290.0689 295.3076 294.4446 286.1374 290.2682 293.0065 292.6255 285.5602 288.4238 288.1158 286.8716 281.0492 283.5491 283.2075 282.7875  47.2857
1983 1.4527989E-09 5.4354476E-09 2.0579073E-08 1.1916738E-08 2.7763896E-09 9.2529655E-09 1.4805072E-08 1.4245493E-08 6.3781989E-09 1.1331321E-08 1.7915214E-08 2.7553732E-08 1.1848038E-08 1.6775042E-08 2.8982608E-08 4.2539959E-08 2.0403482E-08 2.7676959E-08 3.5156017E-08 4.2987889E-08  288.4761 289.3462 292.9507 296.2368 286.1862 289.4773 294.4658 294.7150 285.6028 289.2323 291.0022 290.0644 284.3440 286.8903 285.9279 284.3215 279.6081 281.9350 281.3923 280.6895  34.5714
1984 1.1506939E-08 2.3854540E-08 4.3752628E-08 1.4691810E-08 1.4444026E-08 2.5796449E-08 2.6723098E-08 1.4777182E-08 1.7217992E-08 1.9323801E-08 2.1338066E-08 2.4476869E-08 1.4488994E-08 1.6035996E-08 2.6186610E-08 3.6090025E-08 1.5326666E-08 1.8701270E-08 2.7352778E-08 3.5146449E-08  289.6618 289.2908 292.9071 296.1449 287.2282 290.4589 295.7500 294.4279 286.7212 291.1471 294.0255 293.4887 286.5650 289.7520 289.7232 288.3594 282.6325 285.5550 285.6584 285.0208  12.8
1985 9.2660670E-09 2.1627264E-08 4.1851937E-08 1.3618933E-08 1.1684496E-08 2.0578025E-08 2.0415142E-08 1.0913467E-08 1.1209149E-08 1.6032811E-08 1.4615505E-08 1.7021915E-08 9.5723918E-09 1.3202245E-08 2.0714625E-08 2.8696473E-08 1.2645170E-08 1.6040035E-08 2.4366951E-08 3.2554301E-08  290.1568 289.8304 292.9948 295.8809 288.0045 291.1888 296.1176 294.1846 287.7552 291.8005 294.5376 293.8387 287.0222 289.8719 289.6334 288.2438 282.2993 284.8472 284.6896 284.1847  34.8929
1986 1.0361907E-08 2.0944176E-08 3.9785888E-08 1.5847910E-08 1.3933647E-08 2.4175419E-08 2.3248012E-08 1.3571008E-08 1.6068606E-08 1.7802424E-08 1.6246011E-08 2.0571580E-08 1.3122865E-08 1.3695050E-08 2.0600250E-08 3.0313075E-08 1.5835891E-08 1.8759261E-08 2.5465090E-08 3.2283879E-08  288.4894 288.0140 291.9829 296.4293 286.0114 288.9279 294.4612 294.8881 285.6587 289.7089 292.7024 292.3739 285.6161 288.5591 288.3939 286.9997 281.5925 284.1870 284.0935 283.4424  17.9179
1987 1.0854186E-08 2.2066580E-08 4.2083531E-08 2.0026055E-08 1.3753254E-08 2.7826967E-08 3.1627707E-08 2.1204610E-08 1.7652340E-08 2.3065127E-08 2.5041720E-08 2.8277562E-08 1.6139657E-08 1.9928589E-08 2.8690685E-08 3.6669498E-08 2.0453129E-08 2.6493524E-08 3.3083488E-08 3.7308105E-08  287.2226 286.9093 291.0321 295.9734 284.9048 287.7158 293.1289 294.3557 284.7437 288.3973 290.9166 290.6941 284.7663 287.1136 286.8327 285.6391 280.9077 283.2288 283.1609 282.7094  103.821
1988 9.1753511E-09 2.0230328E-08 4.1780424E-08 1.6864902E-08 1.1996722E-08 2.4166232E-08 2.4990859E-08 1.3597514E-08 1.4548510E-08 2.0372893E-08 1.7702066E-08 1.9370344E-08 1.2824946E-08 1.7836934E-08 2.7082109E-08 3.3724668E-08 1.6649690E-08 2.3848431E-08 3.3472226E-08 3.7693304E-08  289.0590 288.8419 292.4759 295.8922 286.9740 290.0247 295.3250 294.0870 286.9243 290.9661 293.7262 292.9514 286.7693 289.5718 289.3599 287.9837 282.8035 285.3273 285.1826 284.6603  131.241
1989 6.9824750E-09 1.8628114E-08 4.1296037E-08 1.2155536E-08 9.3466985E-09 1.9916722E-08 2.1048026E-08 1.0980844E-08 1.0353233E-08 1.5185005E-08 1.3679531E-08 1.5019280E-08 8.3375529E-09 1.2486947E-08 1.9650461E-08 2.5525980E-08 1.0628854E-08 1.4327331E-08 2.3410664E-08 2.8760946E-08  290.9579 290.8769 294.0640 296.7431 288.8743 292.1785 297.2815 295.0323 288.5658 292.8549 295.7769 295.1632 287.9642 291.0583 291.1600 289.9994 283.6387 286.4462 286.4742 286.0181  62.7857
1990 1.1855064E-08 2.3192491E-08 4.4148457E-08 1.7105638E-08 1.5463137E-08 2.8425921E-08 2.5322079E-08 1.5342515E-08 1.7251326E-08 2.0395932E-08 1.9045688E-08 2.0811733E-08 1.3258329E-08 1.5243376E-08 2.2148573E-08 3.1286937E-08 1.6583350E-08 1.9762291E-08 2.5302699E-08 3.2519033E-08  289.1639 288.7455 292.2371 296.2324 286.5940 289.3215 294.7285 294.0490 286.1554 290.0942 292.8925 292.5379 286.3172 289.1166 288.6695 287.3592 282.5677 285.0334 284.6753 283.8953  0
1991 1.8301385E-08 3.0502324E-08 5.2280068E-08 2.2457280E-08 2.0732108E-08 3.4386048E-08 3.3584282E-08 2.1486203E-08 2.4223937E-08 2.7059603E-08 2.5266488E-08 3.0149224E-08 1.8994953E-08 2.1981181E-08 2.8260150E-08 3.7190329E-08 2.1703375E-08 2.7267760E-08 3.1822164E-08 3.6050764E-08  287.8682 287.3851 291.3835 296.3270 285.1839 288.1232 293.6234 294.4673 284.9238 289.1482 292.0586 291.9537 285.4919 288.4219 288.1922 286.8429 281.7793 284.4626 284.2742 283.6898  6.22143
1992 7.4035853E-09 1.6327638E-08 3.9786045E-08 1.9084085E-08 9.2719805E-09 2.0115708E-08 2.2308939E-08 1.7517095E-08 1.2199018E-08 1.6928302E-08 2.3271641E-08 3.2030833E-08 1.4117576E-08 1.9665588E-08 3.3855500E-08 4.4486530E-08 2.0785464E-08 2.8337451E-08 4.2447940E-08 5.0247717E-08  287.4023 287.7513 291.7681 295.8223 285.1756 288.4185 293.8341 294.2193 285.0290 288.9551 291.3661 291.0276 284.7228 287.2903 286.8367 285.7730 280.4666 282.9773 282.9432 282.8075  988.103
1993 1.5902003E-08 2.9577262E-08 5.2241926E-08 2.6139212E-08 1.8291168E-08 3.1134906E-08 3.0262786E-08 2.0489214E-08 1.9471226E-08 2.4272307E-08 2.4648251E-08 2.8509538E-08 1.5994607E-08 2.0566647E-08 2.8295498E-08 3.4582413E-08 2.1211353E-08 2.5689703E-08 3.2010977E-08 3.4383326E-08  287.6240 286.8287 290.9094 296.4982 284.9261 287.7861 293.3022 294.7225 284.7051 288.8221 291.6986 291.3603 285.0367 287.8135 287.7985 286.4143 281.0941 283.9309 283.9428 283.3689  123.143
1994 1.0972820E-08 1.9170960E-08 3.9343966E-08 1.6754425E-08 1.3100528E-08 2.0217856E-08 2.1962100E-08 1.4766082E-08 1.4851953E-08 1.7494823E-08 2.0692411E-08 2.6054119E-08 1.4553095E-08 1.9037248E-08 2.8653970E-08 3.7434116E-08 1.8940444E-08 2.4362709E-08 3.0732576E-08 3.4867856E-08  288.3867 288.2538 291.8896 296.0991 285.7737 288.9478 294.3457 294.2357 285.3242 289.5131 292.1608 291.5624 285.2410 288.0429 287.6516 286.2582 281.1252 283.7318 283.5527 283.1193  24.1429
1995 9.7503445E-09 2.1439886E-08 4.3721524E-08 1.8888832E-08 1.1696880E-08 2.4325821E-08 2.4774582E-08 1.5130679E-08 1.4789783E-08 1.9724228E-08 2.2303405E-08 2.8294181E-08 1.5664972E-08 2.0628276E-08 3.1294459E-08 4.0495173E-08 2.1128672E-08 2.7442361E-08 3.6117193E-08 4.3373632E-08  288.0469 287.7153 291.4689 296.2870 285.7384 288.4425 293.9469 294.1389 285.3319 289.1482 291.8110 291.2997 285.2854 287.7366 287.5245 286.2672 281.2562 283.7070 283.6366 283.2448  27.8571
1996 8.7908338E-09 1.8148205E-08 4.2451493E-08 1.6733573E-08 1.1709020E-08 2.1471084E-08 2.5053211E-08 1.4686240E-08 1.5299756E-08 2.0522824E-08 1.9360764E-08 2.0293673E-08 1.3905670E-08 1.7697824E-08 2.5888321E-08 3.6117015E-08 1.7124641E-08 2.1003105E-08 3.1303237E-08 3.8224275E-08  290.2388 290.2409 293.2711 295.7347 287.6967 290.8159 295.7863 293.9340 286.8000 290.9869 293.6461 293.0750 286.1640 289.1118 288.9845 287.6772 282.0749 284.5174 284.4297 283.9249  12.3034
1997 1.0942006E-08 2.0784746E-08 4.0949587E-08 1.4715164E-08 1.2529952E-08 2.2880689E-08 2.1437607E-08 1.2846179E-08 1.2167911E-08 1.6442947E-08 1.5102581E-08 1.8763501E-08 1.0290766E-08 1.3473127E-08 2.0873241E-08 3.2197178E-08 1.4049141E-08 1.6296060E-08 2.6445088E-08 3.6935884E-08  289.1512 288.7772 292.3093 296.2921 286.7698 289.7138 294.8750 294.3601 286.5813 290.5746 293.3308 292.7840 286.4133 289.2397 288.8731 287.3742 282.1521 284.7806 284.4983 283.6351  0
1998 2.3885427E-09 6.3463670E-09 1.9600675E-08 1.0820516E-08 4.2975676E-09 1.0869102E-08 1.3122942E-08 1.3137516E-08 8.4550678E-09 1.1972439E-08 1.7366508E-08 2.5932765E-08 1.1442468E-08 1.6183465E-08 2.9599018E-08 4.5305431E-08 1.8505853E-08 2.7755954E-08 4.1560856E-08 5.0993670E-08  288.8563 289.8316 293.0777 295.5721 286.1876 289.5312 294.5525 293.8604 285.3788 289.1852 291.1577 290.1288 284.2125 286.7916 285.8887 284.2799 279.4967 281.6890 281.1147 280.6224  17.2289
1999 1.0002836E-08 1.7055315E-08 3.3513299E-08 1.0481414E-08 9.6555270E-09 1.7455744E-08 1.5746117E-08 1.0471531E-08 1.0837361E-08 1.5396685E-08 1.4403693E-08 1.8497811E-08 9.6915782E-09 1.2675994E-08 2.0416531E-08 2.9529291E-08 1.1094749E-08 1.5321698E-08 2.3706871E-08 3.1689343E-08  291.0837 291.0936 294.1703 296.3651 289.2394 292.4095 297.3909 294.5827 289.0062 293.0909 295.7504 294.8667 288.3332 291.3607 291.3363 289.9541 284.1726 286.6799 286.6075 286.0908  55
2000 6.9906498E-09 1.6264003E-08 3.8400042E-08 1.0455206E-08 7.8243172E-09 1.8162677E-08 1.9165892E-08 1.0765602E-08 9.0667118E-09 1.4425064E-08 1.3779423E-08 1.4484162E-08 7.4113511E-09 9.9746043E-09 1.9811447E-08 2.9040216E-08 8.4942933E-09 1.2623627E-08 2.3792683E-08 3.1605801E-08  291.4083 291.6663 294.7067 296.3756 289.5263 292.9361 297.9272 294.5248 289.2273 293.5718 296.4780 295.6525 288.4279 291.4503 291.6163 290.3730 283.8818 286.3257 286.1206 285.8818  23.9655
2001 1.0444417E-08 2.0504441E-08 3.7893464E-08 1.4745294E-08 1.2450135E-08 2.1273129E-08 2.1004414E-08 1.2809208E-08 1.5555964E-08 1.7872342E-08 1.7714598E-08 2.0961988E-08 1.3437404E-08 1.5305583E-08 2.4011559E-08 3.1708122E-08 1.5341062E-08 2.0094983E-08 2.6815133E-08 3.1892110E-08  289.8642 289.5757 293.0828 296.1190 287.6066 290.7825 296.0514 294.3701 287.2813 291.5448 294.4298 293.8120 287.2085 290.3005 290.2807 288.9478 283.3116 286.0822 286.0290 285.5514  21.7143
2002 1.5956848E-08 2.7666029E-08 4.6867218E-08 2.0040346E-08 1.8584169E-08 2.7313598E-08 2.6574888E-08 1.7019985E-08 1.8263467E-08 1.9423513E-08 1.9621957E-08 2.4788356E-08 1.4343035E-08 1.6133207E-08 2.3591923E-08 3.1885516E-08 1.7014736E-08 1.9629532E-08 2.6307999E-08 3.2583564E-08  288.4687 287.9639 291.7035 296.3800 285.7477 288.6422 294.2297 294.3557 285.5150 289.6761 292.7174 292.3821 285.8751 288.8148 288.7785 287.3652 282.0253 284.8206 284.8047 284.1231  14.7857
2003 1.1958456E-08 2.2688186E-08 4.1520263E-08 1.9254726E-08 1.4575032E-08 2.6387619E-08 2.5531300E-08 1.5727519E-08 1.8320851E-08 2.3313667E-08 2.4188585E-08 2.6170143E-08 1.7596252E-08 2.2518822E-08 2.9449744E-08 3.8975433E-08 2.1942588E-08 2.5523196E-08 3.1687065E-08 3.7632315E-08  288.1174 287.9410 291.6627 295.7008 285.7974 288.6935 294.0825 293.7655 285.4223 289.3058 291.7034 291.1715 285.2366 287.8272 287.5146 286.1743 281.2470 283.6611 283.6053 283.1764  160.143
2004 9.9000346E-09 2.0913944E-08 4.1526203E-08 1.7632905E-08 1.4815383E-08 2.4080666E-08 2.5668330E-08 1.7464934E-08 1.7958516E-08 2.0954241E-08 2.3043457E-08 2.7689115E-08 1.6773379E-08 1.9268693E-08 2.9496800E-08 4.1065952E-08 1.9422700E-08 2.3472001E-08 3.0868073E-08 3.8844345E-08  289.0594 288.8051 292.2984 295.6805 286.1879 289.2167 294.5460 293.8583 285.7722 289.7915 292.5063 292.1076 285.7894 288.5108 288.2438 286.9627 281.9578 284.4063 284.1869 283.5530  84.6552
2005 1.4747139E-08 2.6157933E-08 4.4173238E-08 1.9851756E-08 1.6985865E-08 2.5982763E-08 2.6119240E-08 1.9507679E-08 1.7168469E-08 1.9138700E-08 2.2242675E-08 3.0777752E-08 1.6224861E-08 2.0175522E-08 2.9435075E-08 3.8272649E-08 2.1802478E-08 2.6069234E-08 3.3618214E-08 3.8334399E-08  288.3896 288.0268 292.0075 296.4572 285.9981 288.9460 294.3162 294.6179 285.8745 289.8126 292.5627 292.1677 286.1832 288.6640 288.4764 287.1368 282.3474 284.8390 284.6513 284.0237  221.643
2006 1.0071512E-08 1.9834893E-08 4.2494470E-08 1.6817253E-08 1.2473218E-08 2.1846816E-08 2.1146867E-08 1.3232273E-08 1.4254822E-08 1.7637348E-08 1.9031839E-08 2.0817039E-08 1.3035679E-08 1.6576232E-08 2.5665006E-08 3.5755537E-08 1.7370082E-08 2.0643007E-08 2.8111289E-08 3.7688132E-08  289.9488 289.7272 292.9784 296.4269 287.3909 290.3181 295.5642 294.7553 286.6169 290.4741 293.3925 293.1938 286.1443 288.7838 288.7115 287.7659 281.9953 284.5450 284.5367 284.1468  61.0357
2007 1.2219999E-08 2.3241311E-08 4.5762921E-08 1.8541201E-08 1.5148546E-08 3.1060061E-08 3.1338534E-08 1.9220913E-08 1.9369748E-08 2.6029845E-08 2.6580523E-08 3.0985319E-08 1.8178746E-08 2.5072033E-08 3.5461849E-08 4.0252356E-08 2.1237655E-08 2.7921057E-08 3.3694011E-08 3.5790812E-08  288.2501 287.7157 291.4721 295.9313 285.7737 288.5147 293.8403 294.1872 285.3391 289.2077 291.9205 291.6130 285.3538 287.9005 287.8549 286.7022 281.9565 284.3795 284.2201 283.8528  0
2008 6.3475261E-09 1.8461359E-08 4.0481996E-08 1.0270890E-08 7.7747906E-09 1.9845700E-08 2.0723164E-08 1.0186797E-08 9.0357535E-09 1.6632416E-08 1.3950468E-08 1.3999806E-08 9.3256736E-09 1.3223141E-08 2.1586173E-08 2.8670534E-08 1.1895537E-08 1.7898277E-08 2.9411234E-08 3.6985142E-08  291.0135 291.1285 294.3118 296.3664 288.9937 292.3636 297.3765 294.4075 288.6492 292.9801 295.9571 295.1824 287.9076 291.0814 291.2150 289.9869 283.5224 286.1218 286.1078 285.7115  108.828
2009 6.6631731E-09 1.6560579E-08 3.7174701E-08 1.2920632E-08 1.0297442E-08 1.9482659E-08 1.9377769E-08 1.1579828E-08 1.1722638E-08 1.6976792E-08 1.6725597E-08 1.8115985E-08 1.0560778E-08 1.4821592E-08 2.5148926E-08 3.3393302E-08 1.3817271E-08 1.9633024E-08 3.0527900E-08 4.0099042E-08  290.7683 290.7805 293.9124 296.6013 288.2939 291.5745 296.6349 294.6773 287.6065 291.7584 294.5118 294.0271 286.7701 289.6115 289.4077 288.3467 282.3216 284.6341 284.3754 284.1086  7.48571
2010 1.7017172E-08 2.6388230E-08 4.7138197E-08 2.2941004E-08 1.7563027E-08 2.8642255E-08 3.2884312E-08 2.0607727E-08 1.7499508E-08 2.2515838E-08 2.5793231E-08 3.1604106E-08 1.7107231E-08 2.2278586E-08 3.5428791E-08 4.3747317E-08 2.1916307E-08 3.0033199E-08 4.0653461E-08 4.3530811E-08  0.0000000E+00 0.0000000E+00 0.0000000E+00 0.0000000E+00 0.0000000E+00 0.0000000E+00 0.0000000E+00 0.0000000E+00 0.0000000E+00 0.0000000E+00 0.0000000E+00 0.0000000E+00 0.0000000E+00 0.0000000E+00 0.0000000E+00 0.0000000E+00 0.0000000E+00 0.0000000E+00 0.0000000E+00 0.0000000E+00  17.8936
2011 3.7901584E-09 1.3131494E-08 2.8769911E-08 9.0170289E-09 4.5140980E-09 1.3832693E-08 1.2511558E-08 8.7677750E-09 5.0636397E-09 1.0067358E-08 1.0389946E-08 1.1838893E-08 4.7734661E-09 7.5757276E-09 1.4260211E-08 2.1295389E-08 7.1683108E-09 1.0555592E-08 1.8292750E-08 2.7235693E-08  292.1382 292.4295 294.8706 295.9282 290.1224 293.4406 297.9303 294.1359 289.5738 293.5675 296.0154 294.9462 288.3286 291.3596 291.1535 289.5508 283.6225 286.3011 286.1259 285.4072  4.375
2012 8.4019200E-09 2.0452477E-08 4.3622240E-08 1.4111398E-08 1.0019322E-08 2.0681174E-08 2.3798261E-08 1.4092270E-08 1.3059610E-08 1.8829653E-08 1.9579005E-08 2.2310392E-08 1.2008051E-08 1.7007840E-08 2.9893528E-08 3.9119243E-08 1.3229340E-08 2.0050466E-08 3.4192215E-08 4.5332641E-08  291.1037 291.0098 293.8860 296.4273 288.8675 291.8525 296.5953 294.5262 288.2195 292.0634 294.6196 294.2787 287.3361 289.9056 289.6859 288.6687 282.8206 284.8990 284.5423 284.3281  0
2013 1.2183844E-08 2.3907257E-08 4.2091170E-08 1.7873615E-08 1.7084252E-08 2.7152817E-08 2.6089673E-08 1.7407894E-08 1.8013930E-08 2.0373117E-08 1.8254969E-08 2.2431125E-08 1.2764710E-08 1.4422587E-08 1.9487761E-08 2.8248770E-08 1.3433755E-08 1.6041989E-08 2.1242178E-08 2.7583965E-08  289.5827 289.0011 292.3950 296.4464 286.7699 289.4162 294.6753 294.4590 286.0690 289.8471 292.7753 292.4341 286.0081 288.6620 288.5275 287.2377 282.2493 284.6683 284.5058 283.8429  0
2014 1.2222774E-08 2.4167397E-08 4.6767745E-08 1.8675356E-08 1.5711773E-08 2.9685230E-08 2.6619562E-08 1.5549967E-08 1.8678469E-08 2.4288557E-08 1.9793738E-08 2.3144279E-08 1.6169393E-08 2.0358783E-08 2.6749655E-08 3.3453510E-08 1.9473291E-08 2.3688107E-08 2.9220271E-08 3.5142733E-08  289.7042 288.9774 292.1986 296.1142 287.1313 289.5269 294.6979 294.3649 286.3499 289.9515 292.8199 292.6359 286.1907 288.7555 288.5376 287.3359 282.2889 284.6230 284.3132 283.8580  0
2015 1.8702904E-08 3.0302868E-08 5.0543012E-08 2.0906061E-08 2.0911893E-08 3.1110595E-08 3.2242284E-08 1.9341408E-08 2.4203326E-08 2.9151254E-08 3.1334604E-08 3.2739241E-08 2.2103276E-08 2.7490362E-08 3.4664875E-08 3.9290388E-08 2.4445482E-08 2.9221097E-08 3.5884778E-08 3.6182051E-08  287.3517 286.7254 291.0249 295.5144 284.9479 288.0912 293.7829 293.8486 284.8388 289.1698 292.1118 291.9738 285.4044 288.2427 288.3816 287.3377 282.1530 284.7719 284.9096 284.6228  0
