STN,prec_1,prec_2,prec_3,prec_4,prec_5,prec_6,prec_7,prec_8,prec_9,prec_10,prec_11,prec_12,prec_13,prec_14,prec_15,prec_16,prec_17,prec_18,prec_19,prec_20,st_1,st_2,st_3,st_4,st_5,st_6,st_7,st_8,st_9,st_10,st_11,st_12,st_13,st_14,st_15,st_16,st_17,st_18,st_19,st_20,01.0
LAT,23.72017,23.72017,23.72017,23.72017,26.51077,26.51077,26.51077,26.51077,29.30136,29.30136,29.30136,29.30136,32.09194,32.09194,32.09194,32.09194,34.88252,34.88252,34.88252,34.88252,23.72017,23.72017,23.72017,23.72017,26.51077,26.51077,26.51077,26.51077,29.30136,29.30136,29.30136,29.30136,32.09194,32.09194,32.09194,32.09194,34.88252,34.88252,34.88252,34.88252,28.73664429
LON,-104.0625,-101.2500,-98.43750,-95.62500,-104.0625,-101.2500,-98.43750,-95.62500,-104.0625,-101.2500,-98.43750,-95.62500,-104.0625,-101.2500,-98.43750,-95.62500,-104.0625,-101.2500,-98.43750,-95.62500,-104.0625,-101.2500,-98.43750,-95.62500,-104.0625,-101.2500,-98.43750,-95.62500,-104.0625,-101.2500,-98.43750,-95.62500,-104.0625,-101.2500,-98.43750,-95.62500,-104.0625,-101.2500,-98.43750,-95.62500,-99.1447556
1958 8.1707419E-08 3.3049698E-08 1.6791306E-08 1.2425639E-08 5.2879699E-08 1.7272905E-08 4.8161266E-09 8.8550527E-09 3.2649474E-08 6.2632046E-09 2.1214672E-09 2.5905873E-08 1.8362973E-08 4.9698041E-09 4.5400141E-09 2.6091080E-08 2.0179606E-08 1.3400971E-08 1.2353201E-08 2.2620871E-08  294.4318 295.5689 299.8753 301.2171 296.3280 300.6279 306.1277 300.9206 299.8704 304.7103 307.5339 304.9654 302.6766 306.0326 306.3852 303.5463 301.2027 303.7919 304.2476 302.4571  163.968
1959 7.8413130E-08 3.5835743E-08 1.7819453E-08 1.6112889E-08 5.2404353E-08 1.9188111E-08 6.0254104E-09 1.2428929E-08 3.2761335E-08 6.6905388E-09 2.8130174E-09 2.5508667E-08 1.9382099E-08 5.0546092E-09 4.9228595E-09 2.4031408E-08 1.8564073E-08 1.4312495E-08 1.4645051E-08 2.5345432E-08  294.5345 295.4839 299.7757 301.0699 296.3684 300.4984 305.9461 300.8078 299.7914 304.6184 307.4160 304.9989 302.3513 305.9697 306.4146 303.9128 300.9031 303.6033 304.2598 302.7020  17.4258
1960 7.7978029E-08 3.3143696E-08 1.6653825E-08 1.0459712E-08 5.2305460E-08 1.8154282E-08 5.2050568E-09 8.8690220E-09 3.3503365E-08 8.9630623E-09 4.5619895E-09 3.0758908E-08 2.0687089E-08 8.5291241E-09 9.5613339E-09 3.3106961E-08 2.1591102E-08 1.7795401E-08 1.7587086E-08 2.6505301E-08  294.3228 295.4442 300.0720 301.2678 295.9563 300.5768 306.6355 300.9599 299.3876 304.6664 307.7628 305.1417 301.9892 305.7518 306.2625 303.3658 300.4170 303.2152 304.0323 302.4177  1.93226
1961 7.9466304E-08 3.5280568E-08 1.9240742E-08 1.4755913E-08 5.1521091E-08 1.7491832E-08 5.0656790E-09 1.1028193E-08 2.8520052E-08 5.3567968E-09 1.9099546E-09 2.8556922E-08 1.7911933E-08 4.5193085E-09 4.5975734E-09 2.2338906E-08 1.8069539E-08 1.1719044E-08 1.2715861E-08 2.1070358E-08  294.4022 295.4215 299.9416 301.2837 296.2350 300.6865 306.7040 300.9681 300.0851 305.1688 308.1040 305.7379 303.1978 306.8579 307.5315 305.1302 301.7667 305.0718 306.1148 304.3509  2.13226
1962 8.1091201E-08 3.7513356E-08 1.6996927E-08 1.3500318E-08 5.1857775E-08 1.6428578E-08 4.9764233E-09 1.1468139E-08 3.3293507E-08 7.5170679E-09 2.9049230E-09 2.6998226E-08 2.3033985E-08 7.2915407E-09 6.7326482E-09 2.9365493E-08 2.2952959E-08 1.7200206E-08 1.7413077E-08 2.7327674E-08  294.2500 295.2612 299.9593 301.2578 296.1154 300.6749 306.6843 300.9550 299.5276 305.1162 308.0823 305.6638 302.2634 306.3388 307.3021 304.6577 300.9164 304.1136 305.0431 303.3962  16.3548
1963 7.3697450E-08 2.9030723E-08 1.6033914E-08 1.1535666E-08 5.0948319E-08 1.7420758E-08 4.0092885E-09 9.5017469E-09 3.2909849E-08 7.1629804E-09 2.6720715E-09 2.4767511E-08 2.0664057E-08 6.3939387E-09 6.6616996E-09 2.7045132E-08 1.8983917E-08 1.4493355E-08 1.5254075E-08 2.4468227E-08  294.9008 296.1272 300.2018 301.2819 296.5258 300.9597 306.7307 300.9717 299.8161 304.9601 307.9234 305.6048 302.6321 306.3098 307.0374 304.3212 301.2652 304.1817 305.0215 303.2396  0
1964 6.7462153E-08 2.7440970E-08 1.4821643E-08 1.2981983E-08 4.3145853E-08 1.3342063E-08 4.2902322E-09 9.1559782E-09 2.6270635E-08 6.1507834E-09 2.2265079E-09 2.7969470E-08 1.7492379E-08 5.2312572E-09 5.7848690E-09 2.5962416E-08 1.8546112E-08 1.4358137E-08 1.4319742E-08 2.1894211E-08  295.2538 296.0375 299.8591 301.3237 297.0287 300.9836 306.3805 301.0001 300.3614 304.9569 307.7831 305.3115 302.9139 306.0337 306.2409 303.4752 301.3343 303.6209 303.8317 302.1941  0
1965 7.1766543E-08 3.2970682E-08 2.1953042E-08 1.9153047E-08 5.0863008E-08 1.8919927E-08 7.4419426E-09 1.4635344E-08 3.0391455E-08 6.7135013E-09 3.3442167E-09 3.2401537E-08 2.0021004E-08 5.5267475E-09 8.0798879E-09 3.2373784E-08 2.3062391E-08 1.4750969E-08 1.7756927E-08 2.4996451E-08  294.2422 295.0198 299.3575 300.9913 295.8551 300.2309 306.2432 300.7688 299.3834 304.6446 307.6057 304.9690 302.1815 306.1026 306.7227 303.8722 300.4888 303.7719 304.4827 302.8550  0
1966 7.0697595E-08 3.2842156E-08 1.9359479E-08 1.5774324E-08 4.4692175E-08 1.8962073E-08 5.5867400E-09 1.1363667E-08 2.9116814E-08 7.2498567E-09 2.4413995E-09 2.5302205E-08 1.8051074E-08 6.1635852E-09 4.7494706E-09 2.3973547E-08 1.9104958E-08 1.3688187E-08 1.4184507E-08 2.0859837E-08  294.5481 295.1157 299.4456 300.9801 296.5409 300.0826 305.7205 300.7565 299.8659 304.0471 306.9145 304.5416 302.3262 305.3208 305.2059 302.7805 300.6512 303.2523 303.4187 301.7580  0
1967 8.1678344E-08 3.0352552E-08 1.7134365E-08 1.3047781E-08 5.4660763E-08 1.4937072E-08 3.7957615E-09 1.0790969E-08 3.3554446E-08 5.5309379E-09 1.8406028E-09 2.4519920E-08 2.1499224E-08 5.3045177E-09 5.7161929E-09 2.4606887E-08 2.0863986E-08 1.4758690E-08 1.5152246E-08 2.2683265E-08  294.2044 295.4184 299.7935 301.1878 295.8649 300.5496 306.4665 300.9084 299.5342 304.9065 307.6929 305.2356 302.4319 306.1545 306.6362 303.7695 300.8004 303.7416 304.2732 302.4894  0
1968 7.3500367E-08 3.1635768E-08 1.7695180E-08 1.8255125E-08 4.9066934E-08 1.4189100E-08 5.1796034E-09 1.3751143E-08 2.9671572E-08 6.5050250E-09 2.4419289E-09 3.1476965E-08 1.8831319E-08 6.0108722E-09 7.8556051E-09 3.1876397E-08 2.3881524E-08 1.6513964E-08 2.0829827E-08 2.8731694E-08  294.4567 295.2494 299.5145 301.3061 296.1672 300.4549 306.0917 300.9990 299.6192 304.5494 307.5709 304.7857 302.1781 305.8498 306.2164 303.2489 300.4118 303.4255 303.8669 302.1951  165.818
1969 6.9622622E-08 3.1480567E-08 1.5298985E-08 1.0275384E-08 4.2101011E-08 1.5729499E-08 4.4530926E-09 7.9953502E-09 2.7411609E-08 6.0233107E-09 1.2278617E-09 2.4891714E-08 1.7409549E-08 6.5885448E-09 4.4467665E-09 2.2684921E-08 1.6487554E-08 1.4965709E-08 1.4764501E-08 2.2372355E-08  295.1185 295.9140 300.2220 301.5519 296.9312 300.8186 306.3148 301.1682 300.2649 304.8780 307.9117 305.4759 302.9298 306.0788 306.4649 303.7957 301.1761 303.3730 303.6812 302.2308  0
1970 7.4740477E-08 3.3535237E-08 1.8084426E-08 1.2639314E-08 5.4326073E-08 1.9370889E-08 5.9499681E-09 9.5448938E-09 3.2580846E-08 7.9037825E-09 2.4806950E-09 2.8500182E-08 1.9151965E-08 6.9037522E-09 7.5014865E-09 2.8211858E-08 2.1298460E-08 1.6850461E-08 1.7344012E-08 2.6736760E-08  294.5827 295.5459 299.7539 301.0531 296.1633 300.4480 306.0328 300.8016 299.5231 304.5119 307.5643 304.8986 302.3302 305.7658 306.2136 303.4610 300.8552 303.5196 304.0880 302.3905  17.4839
1971 7.4943735E-08 3.2133848E-08 1.5636573E-08 1.2088766E-08 5.3383012E-08 1.7055296E-08 4.7992508E-09 1.0050823E-08 3.4866428E-08 7.5771203E-09 2.8527323E-09 2.4583768E-08 1.8977563E-08 6.9633406E-09 5.0065885E-09 2.2166068E-08 1.8301170E-08 1.5624382E-08 1.4514883E-08 2.3144533E-08  294.4481 295.5574 300.0238 301.3113 296.0889 300.6700 306.6015 300.9963 299.5215 304.8713 307.8193 305.4863 302.6984 306.4739 307.2414 304.6159 301.2070 304.2766 305.1882 303.5456  10.7871
1972 6.9237657E-08 3.2171826E-08 2.2688868E-08 1.7268853E-08 4.6879663E-08 1.5801007E-08 5.5470588E-09 1.3562666E-08 2.8926600E-08 4.8045066E-09 1.5992599E-09 2.6639128E-08 1.7124249E-08 4.3947779E-09 4.7878195E-09 2.6151834E-08 1.8886126E-08 1.3236031E-08 1.3149235E-08 2.3134364E-08  294.4285 295.2070 299.2009 301.0938 295.9996 300.1882 305.8645 300.8429 299.5418 304.5479 307.3950 304.9456 302.4682 305.9745 306.3752 303.6886 301.1141 303.8365 304.4404 302.7137  52.5806
1973 7.4075501E-08 3.2722060E-08 1.8640817E-08 1.4082598E-08 4.7677155E-08 1.5912546E-08 4.4589932E-09 1.1974574E-08 3.1162934E-08 6.5109167E-09 1.8010229E-09 2.6163063E-08 1.7655234E-08 5.7968763E-09 5.7430842E-09 2.3521050E-08 1.6539689E-08 1.4977172E-08 1.3297176E-08 1.9340808E-08  294.6743 295.5267 299.6814 301.1693 296.4060 300.4596 306.0050 300.8877 299.5997 304.4887 307.2431 304.5129 302.5010 305.8214 305.9584 303.1541 301.0674 303.6109 304.1270 302.3939  37.4839
1974 8.9626639E-08 3.4686096E-08 1.7966574E-08 1.4874880E-08 6.2727750E-08 1.8816692E-08 5.1154534E-09 1.1765788E-08 3.6229878E-08 7.5420354E-09 2.7887641E-09 2.2125990E-08 2.1177689E-08 4.5402690E-09 4.5240047E-09 2.1173239E-08 2.2731788E-08 1.4135700E-08 1.6028087E-08 2.4615252E-08  292.8996 294.2866 299.4322 301.1869 294.4168 299.9859 306.4736 300.9069 298.6306 304.8016 307.8702 305.4337 302.1479 306.6992 307.6195 305.2251 300.7793 304.4160 305.7164 303.9827  118.097
1975 7.1306417E-08 3.5225359E-08 2.4884590E-08 1.5794567E-08 5.0308056E-08 2.2660824E-08 1.0552699E-08 1.3875796E-08 3.3648949E-08 1.0170201E-08 3.3112861E-09 3.1308179E-08 1.7304338E-08 7.6462543E-09 7.0426043E-09 3.0297343E-08 1.9756738E-08 1.4916578E-08 1.5422520E-08 2.5294078E-08  294.4129 295.0936 299.4297 301.3050 295.9455 299.9838 305.8535 300.9900 299.2985 304.0819 307.3297 304.9197 302.3907 305.5577 306.0053 303.1974 300.8410 303.4671 304.0164 302.4151  115.29
1976 8.2550869E-08 3.8928849E-08 1.8967310E-08 1.5486942E-08 5.7533573E-08 2.2071845E-08 6.2637904E-09 1.3951629E-08 3.6398340E-08 7.6276248E-09 2.5464695E-09 2.4866713E-08 1.9881789E-08 6.0749921E-09 6.0949179E-09 2.0508029E-08 2.0466269E-08 1.4489504E-08 1.5487810E-08 2.2414246E-08  293.6411 294.6345 299.5119 301.2307 295.3266 299.9968 306.3893 300.9383 299.1960 304.6867 307.7719 305.4288 302.5649 306.5677 307.2810 304.8341 301.2053 304.5820 305.4756 303.7417  72.129
1977 6.7762471E-08 3.5272663E-08 1.8998335E-08 1.3547973E-08 5.1225076E-08 2.1079456E-08 6.1236003E-09 9.7323811E-09 3.5616427E-08 1.0748188E-08 2.6999207E-09 3.0858935E-08 1.9593065E-08 1.0144401E-08 8.9784251E-09 3.1052323E-08 1.9089679E-08 1.7581357E-08 1.6697264E-08 2.5318560E-08  295.1123 295.5945 299.6320 301.0189 296.5079 300.2645 305.8547 300.7747 299.4660 303.9994 307.1567 304.7792 302.0723 305.0916 305.2525 302.9854 300.5712 302.8874 303.4435 302.0038  222.774
1978 7.6850313E-08 3.2038599E-08 1.5170988E-08 1.0608319E-08 5.4230252E-08 1.6240239E-08 4.4116173E-09 9.2152579E-09 3.6203375E-08 7.8360278E-09 3.1852114E-09 2.8401784E-08 2.0625329E-08 6.3202461E-09 6.7687842E-09 2.7419919E-08 1.8219417E-08 1.5201818E-08 1.5890922E-08 2.3394032E-08  294.3838 295.2296 299.7606 301.2761 295.8974 300.3398 306.0863 300.9670 299.1929 304.4155 307.5945 304.9771 302.0639 305.8124 306.5035 303.5749 300.9635 303.7219 304.2887 302.5522  88.3871
1979 6.8453417E-08 3.4156059E-08 1.8407556E-08 1.5093566E-08 4.6157020E-08 1.6701136E-08 6.4382406E-09 1.2093715E-08 2.8274226E-08 6.4367436E-09 3.2159240E-09 2.7858720E-08 1.9284993E-08 7.3584321E-09 7.3255171E-09 2.6900214E-08 2.0331452E-08 1.7298049E-08 1.8864517E-08 2.5660386E-08  294.7650 295.4463 299.6454 301.1983 296.5372 300.5862 306.2032 300.9096 299.8249 304.7796 307.7103 305.2749 302.3936 305.8683 306.2385 303.3840 300.7366 303.2755 303.7212 302.0996  67.9032
1980 7.6673807E-08 3.3408643E-08 1.7169004E-08 1.2746031E-08 4.9628728E-08 1.5511304E-08 3.9718544E-09 9.7383905E-09 3.0169570E-08 5.4640816E-09 1.6940152E-09 2.5201714E-08 1.6393447E-08 4.5502548E-09 3.7596020E-09 2.2528091E-08 1.5324941E-08 1.1732245E-08 1.2244725E-08 1.9057875E-08  294.3903 295.4270 299.8621 301.3108 296.3681 300.7842 306.4846 300.9854 299.9872 305.0953 307.8925 305.3767 302.9393 306.6858 307.1694 304.1711 301.8774 304.8639 305.6126 303.5383  51.1935
1981 7.7590862E-08 3.3230240E-08 1.5013537E-08 1.2403163E-08 4.7195122E-08 1.7613209E-08 5.1685118E-09 1.0297740E-08 2.6748504E-08 6.1710996E-09 1.7557381E-09 2.6105205E-08 1.7705220E-08 6.1455374E-09 5.5761720E-09 2.4795135E-08 1.8693935E-08 1.4232019E-08 1.4835600E-08 2.6270603E-08  294.6327 295.5876 299.9759 301.1393 296.5201 300.6669 306.2951 300.8677 300.2642 304.9737 307.7636 305.3355 302.8684 306.1699 306.6283 304.0310 301.2209 303.6402 304.1310 302.3487  14.5613
1982 7.5870979E-08 3.2540168E-08 1.9819188E-08 1.1311579E-08 4.8535046E-08 1.6938211E-08 4.9309810E-09 1.0258616E-08 2.8926186E-08 5.2654281E-09 2.2389270E-09 2.5890108E-08 1.8554887E-08 5.2958198E-09 4.0914934E-09 2.2416378E-08 1.8142533E-08 1.3897097E-08 1.2204028E-08 2.1344638E-08  294.6581 295.6850 299.7846 301.2493 296.3776 300.6829 306.2552 300.9428 299.8625 305.0134 307.7517 305.3313 302.7699 306.4056 306.9916 304.2803 301.3642 304.1853 305.0821 303.3412  66.6774
1983 6.6405754E-08 3.7900271E-08 1.9560593E-08 1.2392306E-08 4.1167830E-08 2.2558162E-08 7.0914563E-09 1.1159701E-08 2.7834171E-08 1.0602615E-08 2.9849840E-09 3.0067948E-08 1.8478275E-08 9.2650234E-09 7.3804607E-09 3.0697276E-08 2.0837975E-08 2.3505880E-08 2.0922320E-08 2.7904202E-08  295.4415 295.6399 299.6422 301.1494 297.1508 300.3861 305.5645 300.8732 299.9056 303.9265 306.6176 304.1305 301.9645 304.6710 304.1712 301.8308 299.8759 301.9651 302.1363 300.8676  37.3548
1984 8.5591154E-08 3.6835367E-08 1.6936763E-08 1.0984421E-08 5.7324808E-08 2.0387750E-08 4.2196451E-09 1.0791966E-08 3.3017997E-08 8.1994944E-09 1.9401114E-09 2.0309264E-08 1.7830329E-08 6.3498562E-09 4.5428545E-09 2.2778199E-08 1.7811940E-08 1.4379589E-08 1.5223771E-08 2.4816753E-08  293.5115 294.5572 299.6053 300.9020 295.3387 300.0905 306.3904 300.6957 299.3015 304.7561 307.8641 305.5007 302.4648 306.4050 307.3554 304.5827 301.1906 304.4135 305.5371 303.6661  22.9355
1985 8.6672060E-08 4.2136882E-08 2.4521455E-08 1.4055959E-08 5.6444765E-08 2.5140098E-08 8.0368556E-09 1.1850219E-08 3.5063213E-08 9.4388302E-09 2.4901208E-09 2.8070430E-08 1.9479653E-08 6.4077210E-09 5.7692366E-09 2.5576131E-08 1.7989912E-08 1.3039143E-08 1.3938538E-08 2.2149607E-08  293.4641 294.4656 299.5113 301.0786 295.5328 300.0281 306.2196 300.8185 299.4843 304.7960 307.6978 305.2691 302.7454 306.5222 307.3278 304.9339 301.4260 304.8180 305.9346 304.5092  537.806
1986 7.5776001E-08 3.4894452E-08 1.9144187E-08 1.4501343E-08 5.2693238E-08 1.9099963E-08 5.0784879E-09 1.1330821E-08 3.2944062E-08 1.0041949E-08 2.4382647E-09 2.3482945E-08 2.0387978E-08 7.7441147E-09 7.6383406E-09 2.7494602E-08 2.1487407E-08 1.6326068E-08 1.6779623E-08 2.4388173E-08  294.3546 295.2481 299.5478 301.2473 295.8977 300.2145 305.8713 300.9553 299.3543 304.2845 307.4414 304.9854 302.2320 305.7696 306.5244 303.7311 300.5403 303.5038 304.3951 302.8475  23.9355
1987 7.0629696E-08 3.8841701E-08 2.2775938E-08 1.1626370E-08 5.1416777E-08 2.7676720E-08 6.8557529E-09 9.7990736E-09 3.6248476E-08 1.1641715E-08 2.7548468E-09 2.8755098E-08 2.1319146E-08 7.6333766E-09 6.4028352E-09 3.0924660E-08 2.0635470E-08 1.7441153E-08 1.7814360E-08 2.7835179E-08  294.9059 295.2640 299.5020 301.1617 296.4479 299.8790 305.4487 300.8854 299.4148 303.6928 306.9308 304.5407 301.6446 304.9844 305.1728 302.5983 299.8558 302.4631 302.9384 301.4816  170.645
1988 7.8435775E-08 3.4371190E-08 1.8355140E-08 1.1918414E-08 5.2171863E-08 1.8569402E-08 3.3130767E-09 1.1563086E-08 3.3464982E-08 7.3760660E-09 2.2958284E-09 2.2790470E-08 1.7616475E-08 6.1592207E-09 3.7189176E-09 2.2365835E-08 1.9003220E-08 1.6455219E-08 1.3805481E-08 2.1346898E-08  294.3595 295.2464 299.7078 300.9120 296.3591 300.5312 306.1319 300.7007 299.8725 304.8440 307.6077 305.0025 302.6656 305.9211 306.3115 303.5831 301.0084 303.3405 304.0999 302.5100  155.387
1989 7.8048600E-08 3.2926760E-08 1.9415914E-08 1.5502668E-08 5.5422920E-08 1.6701604E-08 4.0810590E-09 1.0778041E-08 3.4721694E-08 6.8906245E-09 2.0797593E-09 2.2585056E-08 1.8981265E-08 6.2168066E-09 3.9562038E-09 2.4092568E-08 1.7848556E-08 1.3059106E-08 1.3366109E-08 2.2676478E-08  293.7091 294.8029 299.4818 301.1724 295.5824 300.3065 306.4796 300.8970 299.2096 304.8543 307.7980 305.1507 302.3943 306.4236 307.1714 304.3530 301.0159 304.4993 305.5884 303.8835  53.1935
1990 6.7514407E-08 3.1276937E-08 1.7033580E-08 1.3854525E-08 4.5166608E-08 1.7433550E-08 6.3438477E-09 1.3263116E-08 2.8829078E-08 8.2645411E-09 2.7435123E-09 2.8685555E-08 1.8215452E-08 7.7678202E-09 5.7122347E-09 2.9546740E-08 1.8378321E-08 1.5035701E-08 1.4614739E-08 2.5167060E-08  295.2342 295.7276 299.7466 301.5111 296.7410 300.4617 305.8605 301.1400 299.8232 304.3785 307.3895 305.1221 302.2918 305.5335 306.0046 303.2390 300.5920 303.1505 303.7707 302.2251  0
1991 7.4556255E-08 3.3538178E-08 2.2407219E-08 1.3531785E-08 4.9312455E-08 2.0707517E-08 7.7177003E-09 1.0376601E-08 3.4786428E-08 1.0165780E-08 2.7184708E-09 2.3314167E-08 2.0265137E-08 8.1941103E-09 5.9796226E-09 2.5628180E-08 2.0707789E-08 1.6619213E-08 1.5599019E-08 2.5678290E-08  294.7366 295.5404 299.6052 301.3547 296.4628 300.4144 305.9070 301.0251 299.5822 304.4139 307.4820 305.1373 302.2426 305.6280 306.1342 303.4146 300.7885 303.4060 304.0157 302.2202  6.32032
1992 6.3869919E-08 3.3347838E-08 1.9835539E-08 1.4517568E-08 4.0674937E-08 1.8473898E-08 5.4910076E-09 1.0251307E-08 2.7680782E-08 7.5443971E-09 2.5099729E-09 2.6636721E-08 1.8780357E-08 7.7008062E-09 5.7941825E-09 2.6497084E-08 1.9891793E-08 1.6061223E-08 1.4586919E-08 2.2994868E-08  295.3575 295.7869 299.5090 301.1108 297.0360 300.4800 305.5050 300.8467 299.9206 304.0404 306.7148 304.2842 301.9908 305.0800 304.6979 302.4444 300.2987 302.6962 302.9938 301.5058  558.935
1993 7.0737542E-08 3.5787718E-08 2.0316081E-08 1.3937283E-08 4.9098098E-08 2.1032658E-08 8.0432292E-09 1.2549847E-08 3.6182406E-08 1.1306686E-08 5.0709561E-09 3.7383273E-08 2.4418265E-08 9.7575708E-09 1.3697104E-08 3.9931788E-08 2.4418167E-08 1.9291926E-08 2.0866239E-08 3.1542722E-08  294.6679 294.9911 299.1947 301.1826 296.1259 299.9390 305.3280 300.9091 298.8613 303.6605 306.7284 303.9482 301.1114 304.7300 304.9223 301.8821 299.6162 302.4678 302.7623 301.0382  139.387
1994 7.3593220E-08 4.0507572E-08 2.4290886E-08 1.3770090E-08 5.1517802E-08 2.6675409E-08 7.7483078E-09 1.1587734E-08 3.3250231E-08 1.3013731E-08 4.0867287E-09 2.7033474E-08 1.9488500E-08 9.5162553E-09 6.7984929E-09 2.7347118E-08 1.9188883E-08 1.7438097E-08 1.5884686E-08 2.5491545E-08  294.3400 294.6370 299.0872 300.9580 295.9659 299.5380 305.3282 300.7438 299.1526 303.5440 306.7925 304.5180 301.5468 304.8381 305.1132 302.5385 300.0410 302.5035 302.9677 301.3849  24.8387
1995 6.8254984E-08 3.0267511E-08 2.0453740E-08 1.3289313E-08 4.6392600E-08 1.8509143E-08 6.0577934E-09 9.9498410E-09 2.9752279E-08 8.2618099E-09 2.6017473E-09 2.5909301E-08 1.7248077E-08 7.3543944E-09 7.3391910E-09 2.6614108E-08 1.9493806E-08 1.8247325E-08 1.7839733E-08 2.7359610E-08  295.1564 295.7513 299.4075 301.2444 296.6010 300.2927 305.4417 300.9484 299.7322 304.0179 306.7599 304.5236 302.1481 305.0780 304.9897 302.7114 300.4544 302.7675 303.0435 301.4706  41.9677
1996 7.5459319E-08 3.3128856E-08 1.8977449E-08 1.3845735E-08 5.3916068E-08 1.7493727E-08 5.8886145E-09 1.1571935E-08 3.6378246E-08 8.3220817E-09 3.1790439E-09 2.4486479E-08 2.1425729E-08 6.8596306E-09 6.6030332E-09 2.2745498E-08 2.1054420E-08 1.5134129E-08 1.5164854E-08 2.3049710E-08  294.3481 295.2777 299.6419 301.2854 296.1133 300.5437 306.2521 300.9724 299.4942 304.8221 307.8246 305.6027 302.2768 306.1589 306.9639 304.6281 301.1271 304.2322 305.0630 303.5503  20.7097
1997 8.1681542E-08 3.9980353E-08 2.2658021E-08 1.2371064E-08 5.5583321E-08 2.4918178E-08 8.7758361E-09 1.2424316E-08 3.5906801E-08 1.0281857E-08 3.1492864E-09 2.7246013E-08 2.1747077E-08 8.7541361E-09 6.3818684E-09 2.7602324E-08 2.1820114E-08 1.7175074E-08 1.7974534E-08 2.8859338E-08  293.9710 294.6927 299.3704 301.4554 295.6627 299.8434 305.8073 301.1058 299.0375 304.1552 307.5178 305.1401 301.6624 305.4911 306.0108 303.0643 300.1925 303.1125 303.5279 301.7667  0
1998 6.6679824E-08 3.6584581E-08 1.9568288E-08 1.3600729E-08 4.5797591E-08 2.0511870E-08 6.0926477E-09 9.5744479E-09 2.8967499E-08 6.6655113E-09 2.8436620E-09 2.7030310E-08 1.7892489E-08 7.2695503E-09 5.9772391E-09 2.9961424E-08 1.9219160E-08 1.7743472E-08 1.6519701E-08 2.5954986E-08  295.5564 295.8771 299.7906 300.9931 297.2366 300.6969 305.9803 300.7522 300.3752 304.5751 307.2608 304.6027 302.6396 305.3461 305.0640 302.3738 300.8723 302.8287 302.7965 301.2756  1.24613
1999 7.5612228E-08 3.5508691E-08 2.2320329E-08 1.3967987E-08 5.6114224E-08 2.0703292E-08 6.8165100E-09 9.4931689E-09 3.4994496E-08 8.3459648E-09 2.5071569E-09 2.1460595E-08 1.8527610E-08 6.5962751E-09 6.9445640E-09 2.1380695E-08 1.9716605E-08 1.3010352E-08 1.3949324E-08 2.2608479E-08  294.4489 295.2751 299.6624 300.8567 296.0009 300.4236 306.5532 300.6565 299.5284 304.7544 307.6794 305.7332 302.7142 306.4737 307.3143 305.4799 301.4712 304.8575 305.9718 304.6661  85.7419
2000 8.5418904E-08 3.9312049E-08 2.4571904E-08 1.6774919E-08 5.8434271E-08 2.4288658E-08 7.0192279E-09 1.2322520E-08 3.3131158E-08 9.4983266E-09 3.0352758E-09 2.4476835E-08 1.9897573E-08 9.2610222E-09 7.0008057E-09 2.4710994E-08 2.3394310E-08 1.7508762E-08 1.8412774E-08 2.7655492E-08  293.7259 294.8616 299.7700 301.5984 295.3773 300.0063 306.5860 301.2057 299.3125 304.7773 307.9627 305.8225 302.6180 306.4713 307.4583 305.3162 300.8967 304.3536 305.5409 304.3163  26.7097
2001 7.5415009E-08 3.5361932E-08 2.3630836E-08 1.7410894E-08 5.5354679E-08 1.8841190E-08 7.2161042E-09 1.4111304E-08 3.4663817E-08 6.3665988E-09 1.7773337E-09 2.7525653E-08 1.9618353E-08 5.5228959E-09 4.2344719E-09 2.4397076E-08 1.9154776E-08 1.3434407E-08 1.2276675E-08 1.9080179E-08  294.3793 295.1334 299.5327 301.3423 295.9184 300.1692 306.2230 301.0144 299.4668 304.6953 307.8165 305.5193 302.7407 306.4254 307.1651 304.4160 301.5296 304.6497 305.4034 303.5870  21.871
2002 8.0384559E-08 4.1576637E-08 2.5879798E-08 1.8190066E-08 5.5831524E-08 2.3841416E-08 9.7637489E-09 1.4530897E-08 3.5113025E-08 8.3446086E-09 3.4752343E-09 2.7644933E-08 2.2253849E-08 6.8996577E-09 5.9043237E-09 2.4629573E-08 2.1790765E-08 1.6078166E-08 1.4082937E-08 2.1429567E-08  293.6820 294.2702 299.0197 301.4176 295.4662 299.6207 305.4723 301.0713 298.9820 304.1544 307.3036 304.7847 301.7973 305.6485 306.4847 303.9040 300.3907 303.5604 304.6474 303.1950  22.871
2003 6.6796069E-08 2.8242118E-08 1.5229247E-08 1.2031177E-08 4.6440046E-08 1.6845750E-08 4.8876192E-09 9.7151496E-09 3.2065110E-08 8.0938172E-09 1.8397024E-09 2.6633113E-08 1.8409562E-08 8.7723580E-09 5.1286619E-09 2.8064807E-08 2.1868454E-08 1.9821385E-08 1.5279923E-08 2.4999375E-08  295.4603 296.1189 299.8272 300.9542 296.8606 300.4350 305.6341 300.6353 299.6214 303.9055 306.6446 304.3078 301.9156 304.6759 304.5743 302.1425 299.9098 302.1711 302.4161 300.9450  169.194
2004 7.3465230E-08 3.3681896E-08 1.8485096E-08 1.2382094E-08 4.9806360E-08 1.9904713E-08 6.7552457E-09 1.1562872E-08 2.9720121E-08 6.4183046E-09 3.3026599E-09 3.0158226E-08 1.9413264E-08 5.1454379E-09 5.7619531E-09 2.7808603E-08 1.9558028E-08 1.4577288E-08 1.3710185E-08 2.2170603E-08  294.9757 295.6735 299.8046 301.2028 296.7781 300.6762 306.1626 300.9148 300.2344 304.8904 307.7464 305.3191 302.8152 306.2240 306.9657 304.3758 301.4261 304.0896 305.1195 303.3968  90.8387
2005 7.1765420E-08 3.4177660E-08 1.8647420E-08 1.4124405E-08 4.5138247E-08 1.7774934E-08 6.6039174E-09 1.0289638E-08 2.8183768E-08 6.8938615E-09 2.0648643E-09 2.6137586E-08 1.8067777E-08 6.8579324E-09 5.4397682E-09 2.7452037E-08 1.8818463E-08 1.5606753E-08 1.5990992E-08 2.5825390E-08  295.2380 295.9336 299.9299 301.5088 297.1891 300.8457 306.0495 301.1367 300.3670 304.7615 307.6353 305.3011 302.7040 305.8679 306.0667 303.8084 301.2259 303.6606 304.0729 302.6037  174.71
2006 7.4271895E-08 3.7921655E-08 2.3075961E-08 1.4311809E-08 5.1745150E-08 2.3943153E-08 8.4405007E-09 1.1132220E-08 3.3964561E-08 8.9135561E-09 3.4984409E-09 2.9267229E-08 1.8160570E-08 7.2380106E-09 7.0790369E-09 3.0362457E-08 1.8421604E-08 1.6324147E-08 1.7687320E-08 2.9242660E-08  294.8562 295.5002 299.8185 301.3878 296.3211 300.3183 306.2643 301.0479 299.7393 304.5192 307.5770 305.3272 302.6508 305.7693 306.2926 303.8635 301.3334 303.6574 304.0231 302.5529  63.8065
2007 6.7647022E-08 3.4387710E-08 1.9297460E-08 1.1233012E-08 4.0150528E-08 1.8143915E-08 6.3456413E-09 9.5908232E-09 2.7105777E-08 5.1639564E-09 1.8874706E-09 2.5728339E-08 1.6403108E-08 5.7983440E-09 5.2678630E-09 2.4006876E-08 1.6863883E-08 1.4256980E-08 1.3256725E-08 2.0187494E-08  295.3783 296.2059 300.1666 301.3522 297.4947 301.1651 306.3250 301.0121 300.6602 305.1273 307.7977 305.4432 303.0409 306.1877 306.4543 303.9738 301.6528 303.8624 304.4446 302.7171  0
2008 8.1069189E-08 3.3176221E-08 2.1195063E-08 1.4970560E-08 5.5842865E-08 2.2201270E-08 7.5891702E-09 1.2765326E-08 3.6255944E-08 1.1196945E-08 4.6625521E-09 2.2285212E-08 2.2453529E-08 7.5248279E-09 6.8771091E-09 2.4689465E-08 2.2757858E-08 1.6455031E-08 1.7347404E-08 2.6663136E-08  293.5139 294.7180 299.4641 301.3813 295.1786 300.0849 306.2259 301.0504 298.9376 304.6071 307.6539 305.4319 302.0395 306.3280 307.2283 304.8813 300.6907 304.2037 305.5364 304.0056  142.903
2009 7.4204102E-08 3.5820833E-08 1.8854871E-08 1.6261657E-08 5.4443788E-08 1.9489061E-08 5.1171707E-09 1.3838568E-08 3.5496011E-08 9.4792121E-09 3.2828196E-09 3.3989288E-08 1.9194193E-08 6.3159811E-09 8.3368139E-09 3.1790538E-08 1.9404240E-08 1.5474239E-08 1.5137962E-08 2.4220766E-08  294.8070 295.4826 299.7478 301.4225 296.3313 300.5977 306.4213 301.0692 299.7798 304.8220 307.7516 304.9445 302.8381 306.3644 306.8720 303.8320 301.4990 304.4789 305.2695 303.3402  19.2581
2010 7.2630364E-08 3.2776708E-08 1.8388516E-08 1.1741247E-08 4.5043109E-08 1.5285824E-08 5.2137139E-09 9.1185122E-09 3.0238905E-08 7.0274910E-09 1.9942472E-09 2.5573748E-08 1.9102966E-08 6.6714447E-09 5.4799627E-09 2.8770675E-08 1.8299257E-08 1.4550915E-08 1.3074737E-08 2.4370340E-08  0.0000000E+00 0.0000000E+00 0.0000000E+00 0.0000000E+00 0.0000000E+00 0.0000000E+00 0.0000000E+00 0.0000000E+00 0.0000000E+00 0.0000000E+00 0.0000000E+00 0.0000000E+00 0.0000000E+00 0.0000000E+00 0.0000000E+00 0.0000000E+00 0.0000000E+00 0.0000000E+00 0.0000000E+00 0.0000000E+00  3.68581
2011 8.1389665E-08 3.4564799E-08 2.0567674E-08 1.7180499E-08 5.8287316E-08 1.8525489E-08 4.8291664E-09 1.3030191E-08 3.6709988E-08 6.6635972E-09 2.3331053E-09 2.1992145E-08 2.0329448E-08 5.9840422E-09 4.9438333E-09 2.4594840E-08 2.0521220E-08 1.4212660E-08 1.5063112E-08 2.4172959E-08  293.9808 295.1755 299.7762 301.3075 295.7299 300.4189 306.7618 300.9852 299.3587 304.9857 307.8873 305.7528 302.6808 306.7430 307.5977 305.4726 301.3574 304.9764 306.3838 304.9585  2.0129
2012 7.2284138E-08 3.4620431E-08 2.0970548E-08 1.3097087E-08 5.1011217E-08 1.9333109E-08 7.6997599E-09 1.1451300E-08 3.3364262E-08 7.1361472E-09 2.5138713E-09 2.4761416E-08 2.0646533E-08 6.1601106E-09 5.1666076E-09 2.5677300E-08 1.8611930E-08 1.3893030E-08 1.4460473E-08 2.3379814E-08  294.4367 295.3602 299.7548 301.2783 296.0646 300.5401 306.3477 300.9640 299.5828 304.9241 307.7416 305.4501 302.7755 306.3395 306.7692 304.0973 301.5827 304.4927 305.0836 303.1802  0
2013 7.4667142E-08 3.4799161E-08 2.1948448E-08 1.5093649E-08 4.5804466E-08 1.9181151E-08 7.9443510E-09 1.0551476E-08 2.9797087E-08 6.9647306E-09 3.2062710E-09 2.8506079E-08 1.9389127E-08 6.2633823E-09 6.1432504E-09 2.7211135E-08 1.9636248E-08 1.6524545E-08 1.7803202E-08 2.4407056E-08  294.8127 295.5294 299.6386 301.3506 296.8203 300.6130 305.9924 301.0091 300.0852 304.7240 307.5188 305.1250 302.6364 306.0493 306.5233 303.6703 301.1875 303.9614 304.5035 302.7417  0
2014 7.2208188E-08 2.9297668E-08 1.8628775E-08 1.4768028E-08 5.0722861E-08 1.5395768E-08 5.8025695E-09 1.1415763E-08 3.2424762E-08 6.5772343E-09 2.0893243E-09 2.6681704E-08 2.1988464E-08 7.2718382E-09 5.3065499E-09 2.5767333E-08 2.1110308E-08 1.7298124E-08 1.7254255E-08 2.5813657E-08  294.6748 295.6009 299.7450 301.4072 296.3072 300.6046 306.1926 301.0612 299.5562 304.5934 307.7799 305.2315 302.0649 305.7444 306.6570 304.0287 300.8265 303.5236 304.4299 302.9691  0
2015 7.4439598E-08 3.3480489E-08 1.8799142E-08 1.1910073E-08 5.3711670E-08 1.8642739E-08 4.8993458E-09 1.0070548E-08 3.3274375E-08 8.0179845E-09 2.0606277E-09 2.2562071E-08 2.0275950E-08 7.4875954E-09 4.0576627E-09 2.0882537E-08 1.9152271E-08 1.6143156E-08 1.5343280E-08 2.2928351E-08  294.8290 295.6534 299.8418 301.0170 296.3755 300.5714 306.0512 300.7681 299.7304 304.5064 307.5836 305.4730 302.2294 305.7126 306.4744 304.3051 301.0418 303.6352 304.3358 303.0732  0
