STN,prec_1,prec_2,prec_3,prec_4,prec_5,prec_6,prec_7,prec_8,prec_9,prec_10,prec_11,prec_12,prec_13,prec_14,prec_15,prec_16,prec_17,prec_18,prec_19,prec_20,st_1,st_2,st_3,st_4,st_5,st_6,st_7,st_8,st_9,st_10,st_11,st_12,st_13,st_14,st_15,st_16,st_17,st_18,st_19,st_20,06.0
LAT,23.72017,23.72017,23.72017,23.72017,26.51077,26.51077,26.51077,26.51077,29.30136,29.30136,29.30136,29.30136,32.09194,32.09194,32.09194,32.09194,34.88252,34.88252,34.88252,34.88252,23.72017,23.72017,23.72017,23.72017,26.51077,26.51077,26.51077,26.51077,29.30136,29.30136,29.30136,29.30136,32.09194,32.09194,32.09194,32.09194,34.88252,34.88252,34.88252,34.88252,28.73664429
LON,-104.0625,-101.2500,-98.43750,-95.62500,-104.0625,-101.2500,-98.43750,-95.62500,-104.0625,-101.2500,-98.43750,-95.62500,-104.0625,-101.2500,-98.43750,-95.62500,-104.0625,-101.2500,-98.43750,-95.62500,-104.0625,-101.2500,-98.43750,-95.62500,-104.0625,-101.2500,-98.43750,-95.62500,-104.0625,-101.2500,-98.43750,-95.62500,-104.0625,-101.2500,-98.43750,-95.62500,-104.0625,-101.2500,-98.43750,-95.62500,-99.1447556
1958 7.2139343E-08 2.7262091E-08 1.4150269E-08 1.1984719E-08 4.0712369E-08 1.1835584E-08 3.5578904E-09 7.9792386E-09 2.6486521E-08 5.8162448E-09 2.4488014E-09 2.1731505E-08 1.7171885E-08 5.1275175E-09 5.9123195E-09 2.2123523E-08 1.7778596E-08 1.3547554E-08 1.3058578E-08 2.0663169E-08  295.6104 296.5513 300.4329 301.5336 297.4423 301.3316 306.4534 300.9756 300.5286 304.9209 307.4523 305.2124 302.7214 305.9003 305.7704 303.4917 300.9123 303.2839 303.6905 302.2081  1647.53
1959 7.6127023E-08 3.3606096E-08 2.2291356E-08 2.2591619E-08 5.3747971E-08 1.7693356E-08 7.6489428E-09 1.6983407E-08 3.3872961E-08 6.2161316E-09 2.6538871E-09 3.1123612E-08 1.7889223E-08 5.2259401E-09 7.3689947E-09 2.9603225E-08 1.8902140E-08 1.5261387E-08 1.7576674E-08 2.5240892E-08  294.2336 295.0157 299.5175 301.7870 295.8806 300.2728 306.0874 301.3289 299.4567 304.4348 307.5915 304.8407 302.2873 305.7422 305.9532 302.9159 300.9500 303.5863 303.8467 301.9081  375.357
1960 7.8146947E-08 3.7985220E-08 2.0900345E-08 1.5124296E-08 5.0660969E-08 1.9778577E-08 7.3833877E-09 1.0105994E-08 2.8186054E-08 6.5610886E-09 2.0946027E-09 2.2255463E-08 1.5717012E-08 5.4803864E-09 4.9622679E-09 2.0970081E-08 1.9366706E-08 1.5045277E-08 1.4064564E-08 2.2456803E-08  294.2391 295.1459 299.7676 300.9929 296.0700 300.4526 306.5188 300.6922 299.9585 304.9514 307.9977 305.7565 302.8681 306.4163 307.2502 304.5921 301.2226 304.1623 305.1489 303.2961  0
1961 8.6335881E-08 3.0116919E-08 1.3073534E-08 1.0422275E-08 5.7647146E-08 1.5762939E-08 3.1468417E-09 9.5309574E-09 3.3759619E-08 5.9980376E-09 2.5341960E-09 2.5850776E-08 1.9416216E-08 5.2566005E-09 5.7526637E-09 2.7124836E-08 1.7508809E-08 1.3142619E-08 1.4434219E-08 2.6540175E-08  294.0660 295.6738 300.3092 301.4696 295.8607 301.0164 306.9914 301.0300 299.6256 305.2762 308.1205 305.5813 302.6437 306.6075 307.3038 304.6147 301.5485 304.4572 305.2485 303.4568  1073.53
1962 7.8632937E-08 4.0432624E-08 2.3091363E-08 1.5273873E-08 5.2627197E-08 1.9749349E-08 5.4561058E-09 1.0480865E-08 3.2967232E-08 7.4389725E-09 2.6181557E-09 2.4063519E-08 2.0826084E-08 6.3363452E-09 7.1869848E-09 2.4474433E-08 2.0153371E-08 1.4665464E-08 1.4329407E-08 2.2349321E-08  294.1908 295.1220 299.5650 301.2180 296.0657 300.4466 306.6575 300.8929 299.4883 304.9427 308.1038 306.0608 302.4440 306.5235 307.4476 304.9815 301.2154 304.5893 305.6076 303.7819  1.52667
1963 7.7649837E-08 3.3080543E-08 1.5154436E-08 1.2146427E-08 5.1759482E-08 1.6616418E-08 4.3761474E-09 1.1072479E-08 3.3094711E-08 7.9332505E-09 2.6498503E-09 2.7354321E-08 2.1313337E-08 7.5841848E-09 5.4588756E-09 2.8199032E-08 2.2861350E-08 1.7774354E-08 1.8373632E-08 2.8295748E-08  294.3828 295.4094 300.0623 301.5174 296.0371 300.6142 306.4383 301.1123 299.5640 304.9047 307.8760 305.1996 302.6018 306.1654 306.5842 303.5092 300.8869 303.7747 304.1591 302.2992  0
1964 8.5945686E-08 3.5952443E-08 1.8229358E-08 1.2859503E-08 5.7400769E-08 1.6060932E-08 4.5375259E-09 1.1740100E-08 3.3250991E-08 6.6124892E-09 2.7267564E-09 3.2176388E-08 1.8840893E-08 6.1785808E-09 7.2297546E-09 3.1382125E-08 1.7369738E-08 1.3567700E-08 1.4694773E-08 2.3773952E-08  293.6434 295.0309 299.9829 301.5024 295.5584 300.6142 306.8589 301.1321 299.4920 305.1711 308.1833 305.3615 302.7616 306.8151 307.6444 304.6560 301.7345 304.9853 306.1166 304.1889  95.8367
1965 7.2761189E-08 3.2313807E-08 1.7846602E-08 9.1682537E-09 4.8896283E-08 1.8201373E-08 5.7197269E-09 9.3464028E-09 3.2792720E-08 7.3444011E-09 2.6903548E-09 2.5654584E-08 2.4667440E-08 7.4588984E-09 7.3639272E-09 2.7561541E-08 2.4100853E-08 1.8980982E-08 2.1016104E-08 2.7547738E-08  294.1844 294.9587 299.3442 300.7336 295.5455 299.9776 305.7410 300.5689 298.7099 304.1613 307.3472 305.0322 301.2101 305.2594 305.5368 302.8823 299.5819 302.6790 303.1432 301.7750  0.56
1966 7.4477079E-08 2.9418583E-08 1.4809622E-08 1.0188038E-08 4.8302546E-08 1.7669310E-08 4.8509645E-09 8.2412175E-09 3.5718863E-08 8.6699048E-09 1.9455608E-09 2.0791717E-08 2.3332648E-08 8.6543324E-09 7.0022868E-09 2.5702819E-08 2.4689294E-08 1.8120589E-08 1.7494211E-08 2.6950586E-08  294.3668 295.3911 299.5529 301.0188 295.9762 300.2147 305.6142 300.7012 298.9838 303.9127 307.0902 304.4379 301.4676 304.9097 305.2271 302.6415 299.8737 302.4201 303.0132 301.4123  0
1967 8.1279438E-08 3.9241915E-08 2.1523920E-08 1.4320727E-08 5.5533114E-08 2.1958755E-08 8.0748519E-09 1.2036677E-08 3.7713235E-08 8.9013739E-09 3.5797874E-09 2.8526296E-08 2.2227482E-08 7.7013711E-09 6.1230074E-09 2.6935741E-08 2.2592838E-08 1.7601065E-08 1.7035148E-08 2.7652868E-08  293.5088 294.6447 299.6094 301.5563 295.3976 300.1313 306.2589 301.3640 299.0069 304.6958 307.7647 305.0923 302.2930 306.1775 306.8786 304.0126 300.9967 304.0088 304.7015 302.7065  0
1968 8.3166981E-08 3.3635793E-08 1.6798698E-08 1.0030035E-08 5.3565181E-08 1.4741741E-08 3.1925236E-09 9.9218997E-09 3.0854387E-08 6.6864567E-09 1.0366163E-09 2.1210024E-08 1.9928253E-08 6.5639969E-09 3.9045482E-09 2.2732632E-08 2.1960959E-08 1.6228856E-08 1.7394262E-08 2.6665399E-08  293.4386 294.7062 299.6814 300.9601 295.4107 300.5027 306.5212 300.8351 299.4298 305.0230 308.1568 305.5287 302.3174 306.2931 307.0495 304.0428 300.7502 303.6573 304.4539 302.7036  40.2033
1969 5.3570083E-08 2.8653893E-08 1.6252082E-08 1.1162777E-08 3.6416573E-08 1.4385979E-08 3.8460897E-09 7.9486773E-09 2.3290800E-08 5.1627045E-09 1.5021869E-09 2.5746234E-08 1.6056987E-08 6.1290693E-09 4.2000998E-09 2.4036861E-08 1.6860644E-08 1.3683570E-08 1.2401459E-08 1.9760247E-08  296.3582 296.7170 300.1963 301.2393 298.0076 301.3497 306.3013 300.6093 301.0124 305.0515 307.7023 305.7375 303.1353 306.0830 306.5314 304.4321 301.4903 304.0219 304.8781 303.3476  0
1970 8.3677378E-08 4.3167084E-08 2.3731674E-08 1.2137498E-08 5.6725398E-08 2.3949418E-08 6.5453105E-09 9.4968478E-09 3.4856150E-08 1.0226197E-08 2.7889011E-09 2.4969278E-08 2.0195698E-08 7.6792777E-09 4.9179523E-09 2.3807919E-08 1.9256470E-08 1.6301490E-08 1.5215042E-08 2.1333728E-08  293.8997 294.7744 299.3736 300.6121 295.7237 299.9292 305.8371 300.2263 299.3788 304.2503 307.2189 304.8136 302.2817 305.5788 306.1551 303.4731 300.8341 303.4509 304.1039 302.5089  37.8657
1971 8.9426244E-08 4.0098616E-08 2.0295708E-08 1.1883611E-08 6.3230672E-08 2.2349504E-08 4.3980033E-09 1.0265401E-08 3.9293848E-08 9.3192218E-09 1.5636774E-09 1.6196145E-08 2.0803414E-08 7.7222309E-09 5.7244729E-09 1.9561991E-08 2.0793882E-08 1.5850873E-08 1.6735102E-08 2.4284274E-08  292.5000 293.7870 299.0362 300.2871 294.2952 299.4521 306.0593 300.0589 298.3046 304.4022 307.6714 305.4445 301.7438 306.0264 306.9954 304.6798 300.4396 303.8028 304.9079 303.4515  0.506667
1972 5.9424902E-08 2.7074112E-08 1.6729818E-08 1.1560880E-08 3.7737465E-08 1.5771997E-08 6.0772289E-09 1.1051439E-08 2.7652915E-08 6.9061956E-09 3.0952523E-09 2.3357970E-08 1.8115536E-08 7.2569826E-09 6.8486621E-09 2.5878892E-08 1.9514090E-08 1.6628942E-08 1.7467286E-08 2.5912810E-08  295.4109 295.9409 299.5503 301.5170 296.7112 300.4527 305.6088 301.1256 299.4734 304.3228 306.9664 304.9723 302.1662 305.4933 305.2863 302.6558 300.3325 302.8727 303.0952 301.4023  13.1133
1973 7.9495273E-08 4.4956806E-08 3.1251297E-08 1.7281037E-08 5.5276814E-08 2.7376538E-08 1.1229088E-08 1.2467416E-08 3.1563879E-08 7.7308648E-09 3.4786312E-09 2.9635943E-08 1.8139559E-08 5.7900693E-09 6.4054086E-09 2.8280668E-08 1.8925473E-08 1.4707139E-08 1.7136751E-08 2.7674027E-08  293.6463 294.0732 298.7874 301.0993 295.5265 299.3130 305.0628 300.5543 299.1794 303.9590 306.8359 304.1935 302.0938 305.5098 305.7917 302.8788 300.6247 303.3116 303.7463 301.9395  277.49
1974 8.0360294E-08 3.7577195E-08 1.9564631E-08 1.2544889E-08 5.8183456E-08 2.4052801E-08 8.2240827E-09 1.1513452E-08 3.8212814E-08 1.0233960E-08 3.8922123E-09 2.5922825E-08 2.3828417E-08 9.1899190E-09 7.6317317E-09 2.6969763E-08 2.3174277E-08 1.8636426E-08 1.8654378E-08 2.6417453E-08  293.2470 294.4355 299.5598 301.4283 294.6819 299.9174 306.3564 301.0489 298.2925 304.3666 307.6960 305.2426 301.4265 305.7718 306.6758 304.1334 299.9813 303.2904 304.3522 302.7656  42.3
1975 8.5132470E-08 3.7249649E-08 1.3599528E-08 1.1535544E-08 5.5582962E-08 1.8307984E-08 3.8626089E-09 1.2139872E-08 3.6335212E-08 1.0781724E-08 2.7165656E-09 2.7271430E-08 2.3335687E-08 9.0025027E-09 6.3690799E-09 2.9368499E-08 2.0604206E-08 1.6374154E-08 1.6885942E-08 2.4708896E-08  293.4451 294.8770 300.2592 301.5300 295.2480 300.5724 307.1389 301.0928 299.0148 305.0707 308.3434 305.4387 302.1266 306.4169 307.4131 304.3055 300.8226 304.2058 305.4769 303.7184  151.967
1976 8.0018019E-08 3.8247467E-08 2.1695547E-08 1.8672399E-08 5.9030558E-08 2.4215076E-08 7.7246671E-09 1.6822854E-08 3.7831803E-08 9.9775219E-09 4.3515076E-09 3.0485936E-08 2.2437241E-08 6.9158839E-09 9.8718527E-09 3.2965236E-08 2.1956318E-08 1.6857188E-08 2.0461254E-08 3.1084411E-08  293.3674 294.4348 299.2817 301.3819 294.8392 299.5804 305.9238 300.9931 298.5561 304.1268 307.2889 304.8220 301.7894 305.8368 306.3191 303.5137 300.3080 303.6686 304.4428 302.6523  89.1667
1977 7.3493744E-08 3.2148133E-08 1.8580081E-08 1.1240371E-08 4.8814385E-08 1.5096354E-08 5.3856422E-09 1.0932532E-08 3.1236937E-08 6.0786087E-09 2.4537903E-09 2.6800368E-08 2.0434591E-08 6.3719794E-09 6.4965149E-09 2.9335448E-08 2.3096968E-08 1.7851329E-08 1.8301229E-08 2.6802768E-08  293.9736 294.9695 299.2802 300.8637 295.8091 300.3461 305.7474 300.4657 299.1792 304.4978 307.3949 304.6878 301.6895 305.5253 305.8758 302.9648 299.9333 302.9013 303.7619 302.0962  187.1
1978 7.2420427E-08 3.4260765E-08 1.8489173E-08 1.2690389E-08 4.6402580E-08 1.8942847E-08 5.6578107E-09 9.4020844E-09 3.0863120E-08 7.0048274E-09 3.7154844E-09 3.0378420E-08 1.9183778E-08 5.8675940E-09 7.8713542E-09 3.1423696E-08 1.9865752E-08 1.3054431E-08 1.5748844E-08 2.5676453E-08  294.5946 295.4445 299.7982 301.2654 296.4900 300.6567 306.5161 300.7223 299.7861 304.9279 307.9342 305.3961 302.3830 306.2872 306.8673 303.8923 301.1751 304.3758 305.0031 302.9826  81.8333
1979 7.2106687E-08 3.6981689E-08 2.1876913E-08 1.4005725E-08 5.0313616E-08 2.3372161E-08 6.5081767E-09 9.3833492E-09 3.2923548E-08 1.0129507E-08 2.0931594E-09 2.3311216E-08 1.8185213E-08 6.8175017E-09 4.5371102E-09 2.8236599E-08 1.9124769E-08 1.6872333E-08 1.5255649E-08 2.3630827E-08  294.6359 295.3905 299.6627 301.1712 296.3887 300.5263 306.0487 300.7244 299.7359 304.6180 307.5639 305.0141 302.6031 305.8123 306.1890 302.8248 301.0167 303.4556 303.6808 301.8378  1505.3
1980 6.6263411E-08 3.0772789E-08 1.5262625E-08 1.2082293E-08 4.1536769E-08 1.4142676E-08 4.1201207E-09 8.4308098E-09 2.8823482E-08 6.3394547E-09 2.7951723E-09 2.9558134E-08 1.8126300E-08 6.7208563E-09 6.7228725E-09 3.2863117E-08 1.8857229E-08 1.7210041E-08 1.6335425E-08 2.5693129E-08  295.2637 296.1010 300.1736 301.5117 297.1597 301.0626 306.3958 300.9308 300.1663 304.8213 307.7580 305.1226 302.5689 305.8009 306.0155 303.1602 301.0186 303.3203 303.7216 302.1535  18.9
1981 7.1181539E-08 3.7565449E-08 2.5105788E-08 1.6471228E-08 4.5423416E-08 1.8610976E-08 7.1680337E-09 9.9746549E-09 2.7249607E-08 6.3220598E-09 2.1101452E-09 2.0438160E-08 1.6720833E-08 5.9390808E-09 5.2676778E-09 2.2761576E-08 1.8005768E-08 1.3041419E-08 1.4214290E-08 2.1494840E-08  294.6011 295.4174 299.6737 301.2889 296.5967 300.6722 306.4383 300.7530 300.1063 305.1177 307.9169 305.8082 302.8401 306.5073 307.3524 305.0209 301.4518 304.4937 305.3714 303.9311  2277.73
1982 6.3640229E-08 3.7627530E-08 2.4857089E-08 1.3689118E-08 4.8097199E-08 2.7205122E-08 1.4235642E-08 1.2638546E-08 3.8618239E-08 1.4132704E-08 6.4957399E-09 2.9819105E-08 2.5753144E-08 1.1669222E-08 1.1717768E-08 3.5129560E-08 2.3605617E-08 2.1200954E-08 2.4253392E-08 3.4382875E-08  294.9524 294.9599 299.3360 301.7293 296.0964 299.7852 305.4315 300.9030 298.7606 303.7142 307.2354 305.0172 301.2464 304.9424 305.7025 303.0382 299.7843 302.4692 302.8555 301.2475  45.9333
1983 4.9134695E-08 3.0935308E-08 2.2154270E-08 1.0448691E-08 3.6871352E-08 2.2094472E-08 6.9821890E-09 7.6204696E-09 3.6042685E-08 1.2925159E-08 3.3250587E-09 2.2194563E-08 2.5696538E-08 1.4595283E-08 1.3042135E-08 3.2507373E-08 2.4388022E-08 2.3024443E-08 2.3103745E-08 3.1232616E-08  296.1671 296.1736 299.3214 300.3734 296.8398 300.2030 305.5058 299.4362 298.6078 303.3337 306.5038 304.2189 300.5258 303.6085 303.7724 301.6689 298.6207 300.9355 301.3110 300.2717  104.397
1984 8.6045773E-08 3.9619199E-08 2.4649685E-08 1.1200280E-08 5.7479657E-08 2.2470793E-08 8.1257436E-09 1.0677892E-08 3.6281929E-08 9.0156922E-09 3.7109757E-09 2.5990810E-08 2.1963915E-08 9.7944071E-09 6.3049548E-09 2.6917398E-08 2.1980961E-08 1.9050336E-08 1.8599421E-08 2.6935275E-08  293.1915 294.3083 299.2294 300.4289 294.9489 299.9329 306.0451 300.3350 298.8976 304.5098 307.4356 304.8112 302.0130 305.7427 306.7930 304.1595 300.6434 303.7602 304.9850 303.6250  0
1985 8.2283542E-08 3.7499529E-08 2.1031875E-08 9.8554631E-09 5.2319095E-08 1.9713724E-08 7.6119564E-09 1.3215585E-08 3.3706751E-08 9.0751096E-09 2.6344551E-09 2.7608840E-08 2.3795623E-08 8.1198843E-09 6.3350090E-09 3.2803772E-08 2.1095067E-08 1.8288498E-08 2.0442281E-08 3.0115057E-08  293.2743 294.3979 299.4135 301.8985 295.1604 300.2604 306.1111 301.6769 298.8727 304.8242 308.1033 305.3258 301.9820 306.1558 307.0125 303.8486 300.7706 303.6819 304.4814 302.7764  3.66467
1986 7.9114017E-08 3.6949778E-08 2.2250095E-08 1.4800934E-08 5.0728794E-08 1.9650461E-08 6.3191750E-09 1.4647762E-08 3.6365453E-08 9.3384429E-09 3.1269545E-09 3.0117825E-08 2.5036854E-08 8.8953049E-09 7.2181412E-09 3.1884536E-08 2.4339966E-08 1.9093596E-08 1.9221460E-08 2.8627795E-08  293.5410 294.1969 299.0268 301.3884 295.3805 299.7353 305.5680 301.3140 298.6382 303.7658 307.1651 304.4390 301.2096 304.9127 305.4799 302.5364 299.6468 302.4419 302.9249 301.4967  573.167
1987 5.5393695E-08 3.9435346E-08 3.1817819E-08 1.0977432E-08 4.2311608E-08 2.8725415E-08 1.2057600E-08 9.3284696E-09 3.6804696E-08 1.8838866E-08 5.2449587E-09 2.3283825E-08 2.5327184E-08 1.6793100E-08 1.2939783E-08 3.3393086E-08 2.5521766E-08 2.3867589E-08 2.4339133E-08 3.1261237E-08  295.3612 295.0900 298.7340 300.6487 296.0558 299.3401 304.7600 300.7027 298.2376 302.5034 305.8839 304.3056 300.1649 303.1596 303.1710 301.6369 298.1494 300.7832 301.2843 300.4037  6366.67
1988 8.3741995E-08 4.5157943E-08 2.7826417E-08 1.5937916E-08 6.1085359E-08 2.6682120E-08 9.0460128E-09 1.1591657E-08 3.8458005E-08 9.8546407E-09 2.7325437E-09 2.4580054E-08 2.0528258E-08 6.4463701E-09 4.7158020E-09 2.1551939E-08 2.0567146E-08 1.4273038E-08 1.3694237E-08 2.0647171E-08  293.2273 293.9711 298.8925 300.7403 295.0705 299.4760 305.6844 300.4740 298.9698 304.2502 307.4097 304.9944 301.9934 305.9025 306.8674 304.3302 301.0784 304.0846 305.1534 303.8289  84.5
1989 8.3670201E-08 3.2404177E-08 1.7468350E-08 1.1990017E-08 4.7392955E-08 1.5678687E-08 3.5171577E-09 1.0211760E-08 3.1098971E-08 6.9044468E-09 1.6334888E-09 2.0185514E-08 2.4137059E-08 9.2443422E-09 6.7594095E-09 2.3670262E-08 2.3220480E-08 1.8154230E-08 2.0028377E-08 2.6912263E-08  293.4018 294.7337 299.5435 301.3286 295.5696 300.6020 306.6293 301.1796 299.2484 305.2368 308.0775 305.6127 302.0434 306.2745 307.2492 304.7722 300.6163 304.1926 305.2185 303.9769  0.427
1990 7.4456892E-08 3.1325595E-08 1.8238024E-08 1.6227627E-08 4.7422208E-08 1.6674431E-08 6.8835346E-09 1.3786051E-08 2.8243901E-08 8.2589038E-09 3.0642302E-09 2.8733988E-08 1.8167569E-08 6.7876487E-09 5.6712026E-09 2.6812460E-08 2.0351697E-08 1.6567030E-08 1.4453279E-08 2.2934222E-08  294.6873 295.3578 299.7903 301.7951 296.4626 300.5981 306.1667 301.5186 300.0766 304.7532 307.7363 305.2635 302.8283 306.0665 306.5415 303.6139 301.1738 303.6588 304.0578 302.4576  0
1991 7.3166760E-08 3.9288324E-08 2.2993103E-08 1.6244062E-08 4.6298648E-08 2.2550960E-08 8.2318286E-09 1.8471805E-08 3.1807431E-08 9.2666506E-09 3.2416008E-09 3.3274404E-08 2.0343652E-08 7.8255908E-09 6.3822485E-09 3.5606707E-08 2.0242203E-08 1.8396616E-08 1.9350310E-08 2.8516739E-08  294.8923 295.4926 299.9324 302.2471 296.7236 300.4941 306.0054 302.0688 299.8513 304.5657 307.5015 304.8230 302.2905 305.6987 305.7938 302.5438 300.7418 303.2086 303.3565 301.4680  0
1992 5.8998101E-08 3.4641211E-08 2.5139213E-08 1.0854937E-08 4.4935383E-08 2.8912504E-08 1.2462328E-08 1.1979649E-08 3.8747707E-08 1.7849107E-08 6.0732561E-09 3.0034702E-08 2.8844497E-08 1.7148427E-08 1.4413146E-08 3.6434056E-08 2.9525900E-08 2.7415368E-08 2.8053844E-08 3.6374669E-08  295.0204 294.8113 298.4588 300.6740 295.6591 298.8092 304.1628 300.7621 297.5424 301.7686 304.9792 303.3630 299.3684 302.2151 302.0698 300.6116 297.1891 299.8828 300.3652 299.6973  1154.33
1993 6.1129107E-08 3.2658480E-08 1.8442462E-08 1.2086607E-08 4.1085158E-08 1.9425748E-08 4.9382560E-09 8.2640419E-09 3.0206269E-08 8.1189127E-09 2.7739766E-09 2.1969417E-08 1.8205291E-08 6.9775759E-09 6.1235959E-09 2.3433321E-08 1.6489231E-08 1.3563631E-08 1.4774635E-08 2.1109440E-08  295.5683 295.7399 299.3430 300.3053 297.0553 300.1013 305.1561 300.2044 299.6186 303.7214 306.5715 304.5221 301.7165 304.8174 304.8972 302.5740 300.3304 302.7389 302.9179 301.6155  88.5667
1994 7.9499756E-08 3.7963279E-08 1.8396420E-08 1.2674318E-08 5.5096788E-08 2.3815380E-08 7.1363848E-09 1.1911044E-08 3.7129482E-08 1.1196183E-08 4.4516111E-09 2.5425745E-08 2.5332643E-08 8.8900949E-09 9.5933617E-09 2.6979535E-08 2.2730582E-08 1.8777964E-08 2.2041096E-08 2.9911444E-08  293.8495 294.5628 299.6142 301.8716 295.3592 299.7978 305.8304 301.4422 298.5334 303.8255 307.4933 304.9202 301.1315 305.1022 305.6003 302.6388 299.8019 302.6268 303.0173 301.3151  19.6
1995 7.6645108E-08 3.4435423E-08 1.6745451E-08 1.1392920E-08 5.0284903E-08 2.0026437E-08 5.1912745E-09 9.4231902E-09 3.4992055E-08 9.5684909E-09 2.6967255E-09 2.3933248E-08 1.9893058E-08 6.6924599E-09 5.8201310E-09 2.7955794E-08 1.8417483E-08 1.6195164E-08 1.7057726E-08 2.5561901E-08  294.5599 295.5793 300.0815 301.5899 296.2799 300.5826 306.2473 301.2223 299.5239 304.4907 307.8406 305.2960 302.1562 305.9211 306.5963 303.6673 301.0220 303.7279 304.3879 302.6627  18.7333
1996 8.5075563E-08 3.5233203E-08 1.9408422E-08 1.4204736E-08 5.5084339E-08 1.9777067E-08 6.1964109E-09 1.1732645E-08 3.2785042E-08 7.9943305E-09 2.3665021E-09 2.0115753E-08 1.8280939E-08 7.2686634E-09 5.0494595E-09 2.1373008E-08 2.0429773E-08 1.5862684E-08 1.7507366E-08 2.5667692E-08  294.0030 295.2484 300.0507 300.9574 295.8680 300.6449 306.5963 300.6308 299.7671 305.2773 308.0189 305.7153 302.9790 306.8278 307.7046 305.0322 301.4454 304.6656 305.6092 303.6958  9.04333
1997 6.8676123E-08 3.1647627E-08 1.8984478E-08 1.1718206E-08 4.4617781E-08 1.6693145E-08 4.3660568E-09 9.0556851E-09 2.8458555E-08 6.5550707E-09 1.5566537E-09 2.2071131E-08 1.7683909E-08 6.3083112E-09 6.1640675E-09 2.7460080E-08 1.8963910E-08 1.4419362E-08 1.5819261E-08 2.6001233E-08  295.0897 295.5113 299.6056 300.8651 296.6434 300.6008 306.0165 300.2387 299.9662 304.6712 307.6065 305.2040 302.5156 305.9163 306.3600 303.6038 300.6866 303.5336 304.0600 302.3640  2758.72
1998 5.2308206E-08 2.4539938E-08 1.5208601E-08 1.1633099E-08 3.4123953E-08 1.5479049E-08 4.5365800E-09 9.8715072E-09 2.3174509E-08 8.4135392E-09 1.9656468E-09 1.8158927E-08 1.5086862E-08 9.4011918E-09 7.5552808E-09 2.1060865E-08 1.7691118E-08 1.7742352E-08 1.6212457E-08 2.1581217E-08  297.0436 297.5558 300.8205 300.9027 298.4263 301.6446 306.5687 300.7118 301.0453 305.1667 307.5588 305.2502 303.0091 305.8172 305.4770 303.3249 300.8950 303.1510 303.3093 301.8279  0
1999 8.4455408E-08 4.2234333E-08 2.4851159E-08 1.3093701E-08 5.5942365E-08 2.3493916E-08 6.3610242E-09 1.1878726E-08 3.2248821E-08 7.9648146E-09 3.1141996E-09 2.4264333E-08 1.7916213E-08 5.2682920E-09 3.9054284E-09 2.5108434E-08 1.8823110E-08 1.3157598E-08 1.3246935E-08 2.2385436E-08  294.1403 295.3450 300.1552 301.8192 296.3074 300.8195 307.2001 301.4524 300.3515 305.6136 308.4367 306.1748 303.7647 307.4641 308.1989 305.9940 302.4596 305.7872 307.1974 306.0074  60.1367
2000 8.2963922E-08 4.0871203E-08 2.6570540E-08 1.8198445E-08 5.4573476E-08 2.3445535E-08 8.6026040E-09 1.4722006E-08 3.5342815E-08 9.5744941E-09 3.6333607E-09 2.9893588E-08 1.9862309E-08 8.1740907E-09 7.6754425E-09 2.8556153E-08 2.1168324E-08 1.7413090E-08 1.7823249E-08 2.7957617E-08  294.1059 294.9211 299.6113 301.9987 295.9253 300.2737 306.5077 301.7994 299.5192 304.8457 307.8426 305.4692 302.7732 306.5127 307.1078 304.5883 301.4196 304.6708 305.6298 304.0579  23.2353
2001 7.9266975E-08 3.6150386E-08 2.2491408E-08 1.2558433E-08 5.5384167E-08 2.2833053E-08 5.6705436E-09 1.2922683E-08 4.0116856E-08 1.0100115E-08 2.4444189E-09 2.5533486E-08 2.7044244E-08 9.1717780E-09 9.7035597E-09 3.8456623E-08 2.4597576E-08 1.8382968E-08 2.3856398E-08 3.3938750E-08  293.9205 294.7169 299.0912 301.3693 295.3798 299.8985 305.8992 301.2365 298.5509 304.2764 307.5982 304.9791 301.3637 305.4147 305.9934 302.7986 300.1946 303.0703 303.4137 301.8068  3.12867
2002 7.3807158E-08 3.8169603E-08 2.4380286E-08 1.7877705E-08 5.2621512E-08 2.4269848E-08 1.1442252E-08 1.7557047E-08 3.6699934E-08 1.0607234E-08 5.0370415E-09 3.1840653E-08 2.4224969E-08 9.4641610E-09 8.4703062E-09 3.4544492E-08 2.4821583E-08 1.8735252E-08 1.9990486E-08 3.1371144E-08  294.4296 294.8182 299.4550 301.9736 295.7545 299.9249 305.7154 301.7504 298.7820 303.8925 307.3694 304.9970 301.4183 305.0147 305.6452 302.8906 299.8811 302.6724 303.1642 301.7207  0.0106667
2003 7.9408537E-08 3.0497397E-08 1.5089412E-08 1.0180725E-08 5.2914839E-08 1.7965933E-08 4.5551021E-09 1.0440609E-08 3.5674262E-08 8.3244753E-09 2.3426592E-09 2.9672480E-08 1.9500396E-08 6.9880683E-09 6.7214585E-09 2.8059437E-08 1.9173678E-08 1.6016449E-08 1.4691208E-08 2.1871477E-08  294.8942 295.9657 300.4826 302.1854 296.7806 300.9170 306.7456 301.8142 299.8984 304.8263 308.0439 305.4595 302.5815 306.0342 306.4005 303.7892 301.3632 303.8737 304.4551 302.8768  52.4667
2004 6.4535413E-08 3.3176679E-08 2.4613744E-08 1.7051487E-08 4.5291692E-08 1.6638927E-08 8.2793985E-09 1.1133643E-08 3.0104992E-08 6.3518213E-09 2.8805813E-09 2.7006566E-08 1.9160609E-08 5.0760605E-09 5.8784013E-09 2.8088007E-08 1.8111182E-08 1.4173209E-08 1.3295899E-08 2.1506338E-08  295.2413 295.3177 299.1203 300.6323 296.6026 300.2793 305.5788 300.4312 299.6236 304.2702 307.1983 304.9533 302.1463 305.4684 305.9907 303.3361 300.9157 303.4112 304.0212 302.4516  271.367
2005 5.7645273E-08 2.6250937E-08 1.7216170E-08 1.0590985E-08 3.6967137E-08 1.3909281E-08 5.3604645E-09 7.1280923E-09 2.5922652E-08 5.5164620E-09 2.0864619E-09 1.7705483E-08 1.3813718E-08 4.9702638E-09 3.1373377E-09 1.4653158E-08 1.5388812E-08 1.4383843E-08 1.2378542E-08 1.7194766E-08  296.4177 297.0656 300.2093 300.4173 298.1780 301.4677 306.0824 300.1357 301.0575 305.1143 307.6383 305.9831 303.4066 306.3110 307.0268 305.3510 301.9125 304.2945 304.8748 303.5422  106.8
2006 7.2826367E-08 3.5753835E-08 2.0908502E-08 1.5463719E-08 5.1486463E-08 2.1704246E-08 6.4774603E-09 1.1944480E-08 3.3269473E-08 9.7780797E-09 4.6281801E-09 2.9005200E-08 1.6817753E-08 6.6898664E-09 8.7932319E-09 2.7135073E-08 1.5956891E-08 1.5079658E-08 1.4535806E-08 2.3718808E-08  295.1358 295.9425 299.9509 301.4309 296.8553 300.8499 306.4149 301.0985 300.1676 304.9932 307.6948 305.3497 303.3159 306.4779 306.7474 304.0874 302.0373 304.5595 305.0820 303.3146  0.449
2007 6.9604965E-08 2.7945184E-08 1.7604824E-08 1.3137368E-08 4.5007528E-08 1.6911422E-08 6.1177214E-09 1.0037573E-08 2.9817599E-08 6.5087464E-09 1.8335534E-09 2.0999932E-08 1.8352431E-08 5.7867444E-09 4.7934177E-09 1.9013568E-08 1.6890645E-08 1.2802296E-08 1.0734295E-08 1.4183196E-08  295.2018 296.0728 299.8928 301.1828 296.9743 300.8477 305.8629 300.6870 300.1789 304.7034 307.4051 305.2970 302.7830 306.1921 306.7426 304.6952 301.8878 304.6443 305.6598 304.1107  303.723
2008 8.0011588E-08 3.3948940E-08 1.6102366E-08 1.5995477E-08 5.6484339E-08 1.7188874E-08 4.1924046E-09 1.3139103E-08 3.1338693E-08 5.9133054E-09 3.2778982E-09 2.4670648E-08 1.8373337E-08 6.2496128E-09 7.8306623E-09 2.6443724E-08 2.0673440E-08 1.4553800E-08 1.5917511E-08 2.4986583E-08  294.4749 295.6468 300.3792 301.6578 296.1951 301.0220 307.2866 301.2679 299.9004 305.6141 308.2604 305.8302 303.0078 307.1447 307.7096 305.4173 301.5471 305.1345 306.3644 305.1645  4.213
2009 7.7257475E-08 3.1601637E-08 1.7647983E-08 1.2300285E-08 5.4256859E-08 1.8608215E-08 5.5707354E-09 1.2217636E-08 3.5464804E-08 8.6030036E-09 2.3552285E-09 2.7051554E-08 1.9588542E-08 7.7414075E-09 5.9230514E-09 2.5443869E-08 1.7851029E-08 1.5746805E-08 1.6887665E-08 2.4446750E-08  294.3963 295.3557 299.7836 301.4920 295.9898 300.5042 306.2563 301.4673 299.4197 304.6296 307.5636 304.9135 302.6277 306.0692 306.3308 303.5149 301.4835 304.2634 304.6687 303.0673  0
2010 5.1275304E-08 2.4331600E-08 1.8586380E-08 1.1577158E-08 3.3142705E-08 1.0797359E-08 3.7989976E-09 7.6372473E-09 2.1898725E-08 4.9393525E-09 1.3304086E-09 1.7343069E-08 1.3664046E-08 6.2687335E-09 2.8872866E-09 1.5518935E-08 1.2318559E-08 1.1751018E-08 9.3680494E-09 1.4762700E-08  297.1890 297.7546 300.6974 300.8954 298.8558 302.0642 306.7050 300.6777 301.6940 305.8176 308.2476 306.4624 303.8979 306.7537 307.0679 304.9119 302.4858 304.6513 305.0033 303.2909  7.15533
2011 6.2592150E-08 2.7928134E-08 1.5925053E-08 1.1621700E-08 3.9860595E-08 1.3909252E-08 4.8509743E-09 8.1341618E-09 2.5822768E-08 5.2736193E-09 2.2739719E-09 2.5890493E-08 1.4898463E-08 5.4096154E-09 5.7492686E-09 2.2175662E-08 1.5771631E-08 1.2353666E-08 1.2464598E-08 1.8611249E-08  296.0475 296.7127 300.4823 301.2925 297.7580 301.4719 307.0973 300.6379 300.8006 305.6457 308.2701 306.2881 303.6902 307.1166 307.6866 305.6038 302.0696 304.9500 305.8709 304.2486  0
2012 5.9489551E-08 2.9032742E-08 1.9806611E-08 1.3869791E-08 3.6216381E-08 1.3370516E-08 4.3571267E-09 1.1055810E-08 2.3401070E-08 5.6151790E-09 1.8965718E-09 2.5808207E-08 1.3315650E-08 5.6432681E-09 4.5512172E-09 2.4492275E-08 1.5315853E-08 1.1393997E-08 1.2497599E-08 2.0196570E-08  295.8332 296.2902 300.0540 301.7178 297.6444 301.2467 306.6807 301.5474 300.9271 305.3423 308.1223 306.0431 303.7673 306.6187 306.8032 304.5322 302.1039 304.6733 305.1734 303.7273  0
2013 7.1612995E-08 3.6818204E-08 2.4086974E-08 1.2625748E-08 4.4969369E-08 2.1339179E-08 7.2942750E-09 1.0201171E-08 2.9725364E-08 7.3532749E-09 2.3056910E-09 2.6057350E-08 1.6246830E-08 6.3917822E-09 4.1761163E-09 1.8754569E-08 1.5049190E-08 1.3444320E-08 1.1938513E-08 1.7479444E-08  295.1539 295.8133 299.6233 300.2121 297.0995 300.6815 306.0303 299.6003 300.3432 304.9703 307.5568 305.2155 303.1299 306.3390 307.1958 304.8710 301.8679 304.4855 305.4879 304.0738  0
2014 7.2118858E-08 3.2793846E-08 2.2763041E-08 1.1506554E-08 5.4968002E-08 2.2535334E-08 7.3307844E-09 9.8373443E-09 3.7652178E-08 9.6628368E-09 2.9969367E-09 2.6302546E-08 2.1791859E-08 7.8184259E-09 5.8452496E-09 2.5440720E-08 2.1659060E-08 1.7078152E-08 1.4652825E-08 2.5080471E-08  294.8136 295.3252 299.3834 300.2184 296.0287 300.0850 305.6777 299.2585 299.1818 304.2138 307.2807 304.7674 302.0146 305.5602 306.0730 303.4073 300.6245 303.3318 303.9832 302.2914  0
2015 6.8516961E-08 3.4611158E-08 2.0473786E-08 1.2205988E-08 4.9261864E-08 2.6466195E-08 9.4454888E-09 1.2061335E-08 3.5085542E-08 1.5652198E-08 4.0838217E-09 2.7398201E-08 2.2324606E-08 1.1955746E-08 8.3202352E-09 3.5568014E-08 2.2513479E-08 2.1710907E-08 2.1924100E-08 3.2132295E-08  295.3314 295.5794 299.9401 301.6346 296.2888 299.9812 305.7195 301.2721 298.9815 303.6146 307.3738 305.0500 301.1322 304.8199 305.6375 303.0392 299.3545 302.2639 303.1216 302.1048  159.027
