STN,prec_1,prec_2,prec_3,prec_4,prec_5,prec_6,prec_7,prec_8,prec_9,prec_10,prec_11,prec_12,prec_13,prec_14,prec_15,prec_16,prec_17,prec_18,prec_19,prec_20,st_1,st_2,st_3,st_4,st_5,st_6,st_7,st_8,st_9,st_10,st_11,st_12,st_13,st_14,st_15,st_16,st_17,st_18,st_19,st_20,10.0
LAT,23.72017,23.72017,23.72017,23.72017,26.51077,26.51077,26.51077,26.51077,29.30136,29.30136,29.30136,29.30136,32.09194,32.09194,32.09194,32.09194,34.88252,34.88252,34.88252,34.88252,23.72017,23.72017,23.72017,23.72017,26.51077,26.51077,26.51077,26.51077,29.30136,29.30136,29.30136,29.30136,32.09194,32.09194,32.09194,32.09194,34.88252,34.88252,34.88252,34.88252,28.73664429
LON,-104.0625,-101.2500,-98.43750,-95.62500,-104.0625,-101.2500,-98.43750,-95.62500,-104.0625,-101.2500,-98.43750,-95.62500,-104.0625,-101.2500,-98.43750,-95.62500,-104.0625,-101.2500,-98.43750,-95.62500,-104.0625,-101.2500,-98.43750,-95.62500,-104.0625,-101.2500,-98.43750,-95.62500,-104.0625,-101.2500,-98.43750,-95.62500,-104.0625,-101.2500,-98.43750,-95.62500,-104.0625,-101.2500,-98.43750,-95.62500,-99.1447556
1958 8.9590060E-09 1.8255282E-08 4.2105764E-08 1.6307661E-08 1.1970069E-08 2.1274037E-08 2.4112273E-08 1.4433555E-08 1.5654207E-08 2.0621105E-08 2.2911205E-08 2.6852174E-08 1.5255404E-08 2.0835735E-08 3.2569577E-08 4.2849045E-08 1.9257042E-08 2.5804313E-08 3.5146940E-08 4.3561993E-08  289.3404 289.4201 292.9259 295.8867 286.6948 289.9717 295.3278 294.1787 285.9617 290.1856 293.0997 292.6714 285.3888 288.1535 288.1831 287.0879 281.0922 283.4661 283.3661 283.1433  374.548
1959 9.8473629E-09 1.7846448E-08 3.9939977E-08 1.6468000E-08 1.2071618E-08 2.1429482E-08 2.2212804E-08 1.5073539E-08 1.3906669E-08 1.7593683E-08 1.8811871E-08 2.3355414E-08 1.3420727E-08 1.7649500E-08 3.0045740E-08 4.1233370E-08 1.7953276E-08 2.4232595E-08 3.4988037E-08 4.3551701E-08  289.4564 289.4718 292.5567 295.9948 286.8644 289.6816 294.7146 294.2546 286.0061 289.8853 292.6167 292.1175 285.3410 288.1042 287.9366 286.6078 281.0640 283.5941 283.4851 283.0844  804.313
1960 1.0199371E-08 1.9603377E-08 4.3926377E-08 1.5889585E-08 1.1788621E-08 2.0629427E-08 2.4321842E-08 1.4528705E-08 1.2239352E-08 1.6853562E-08 1.9759183E-08 2.4810218E-08 1.2014028E-08 1.6174997E-08 2.7420491E-08 3.7915957E-08 1.6136578E-08 2.2234374E-08 3.0476649E-08 3.7640021E-08  289.6086 289.3575 292.6200 295.9675 286.8414 289.8588 294.9501 294.2333 286.3696 290.2887 293.0222 292.5317 285.9051 288.7222 288.4423 287.0594 281.7021 284.2820 284.2682 283.6714  11.6452
1961 1.0754196E-08 2.1662487E-08 4.5152099E-08 1.9418772E-08 1.2825907E-08 2.3902640E-08 2.6299762E-08 1.7981808E-08 1.4383629E-08 1.7362684E-08 1.8452015E-08 2.5739123E-08 1.1701736E-08 1.4778914E-08 2.3389239E-08 3.6145270E-08 1.6226418E-08 2.0582366E-08 2.7235114E-08 3.3991654E-08  289.5640 289.2436 292.5231 295.9594 286.8296 289.5747 294.6661 294.2318 286.1977 289.9041 292.4533 292.2021 285.7664 288.2721 287.9048 286.5346 281.2367 283.6176 283.2837 282.7377  18.6581
1962 9.2951851E-09 1.7224380E-08 3.6048391E-08 1.3708911E-08 1.1991607E-08 1.9715776E-08 1.9071228E-08 1.0562675E-08 1.4400745E-08 1.6769174E-08 1.7184723E-08 2.0339328E-08 1.2907358E-08 1.6397221E-08 2.3990621E-08 3.2019809E-08 1.7705643E-08 2.4242805E-08 2.9959757E-08 3.5553896E-08  289.4475 289.1831 292.4890 296.0927 286.8625 289.9143 295.1104 294.3261 286.3246 290.4813 293.1203 292.4842 286.1752 289.0992 288.7538 287.2047 282.1363 284.7407 284.5744 283.8166  0
1963 8.3635063E-09 1.7574230E-08 3.5085613E-08 1.4136479E-08 1.1557496E-08 2.2159991E-08 2.0598417E-08 1.3410236E-08 1.4561294E-08 1.8598827E-08 1.7848711E-08 2.4720457E-08 1.3398004E-08 1.8141314E-08 2.9692929E-08 3.8213500E-08 1.8168262E-08 2.5116508E-08 3.3243701E-08 3.8778722E-08  288.9742 288.8007 292.1400 295.8784 286.3378 289.2101 294.5122 294.1717 285.7882 289.8008 292.4568 291.9320 285.7600 288.6494 288.3062 286.8004 281.7915 284.5414 284.4206 283.8351  0
1964 9.0140393E-09 1.9994637E-08 4.2320831E-08 1.5418342E-08 1.2186977E-08 2.1650028E-08 2.3001709E-08 1.4630602E-08 1.4120794E-08 1.6828521E-08 1.9062867E-08 2.2202148E-08 1.3021248E-08 1.5952880E-08 2.8022898E-08 3.6895489E-08 1.6446830E-08 2.2186553E-08 3.1459592E-08 3.7407531E-08  289.6501 289.2556 292.5872 296.1973 287.2182 289.9766 295.0870 294.4069 286.5217 290.4550 293.1720 292.7417 285.8929 288.7200 288.5758 287.1707 281.6577 284.0464 283.8794 283.2787  50.0226
1965 1.3724260E-08 2.4504830E-08 4.4090150E-08 2.1432770E-08 1.5578223E-08 2.6991993E-08 2.7668793E-08 1.8918692E-08 1.7695292E-08 2.2174607E-08 2.2002737E-08 2.7237730E-08 1.7783446E-08 2.0048068E-08 2.6853417E-08 3.4286053E-08 2.1175909E-08 2.5059183E-08 2.8943637E-08 3.3034642E-08  287.6137 287.4372 291.4159 295.5143 285.2545 288.2845 293.6902 293.9086 284.9593 288.9424 291.5444 291.1079 284.9724 287.6994 287.2841 285.8662 281.0436 283.7017 283.5842 282.9413  26.0487
1966 8.0650588E-09 1.8070386E-08 4.0648310E-08 1.6933617E-08 1.0195898E-08 1.9175127E-08 2.0357684E-08 1.4352628E-08 1.1850815E-08 1.3962198E-08 1.6864286E-08 2.1498760E-08 1.2615302E-08 1.3874549E-08 2.2795362E-08 3.1953320E-08 1.7080502E-08 2.0863844E-08 2.9396718E-08 3.5147472E-08  289.5883 289.4570 292.7207 295.7299 286.9879 289.9233 295.0519 294.0638 286.2605 290.2786 293.0265 292.5516 285.5926 288.5536 288.4882 287.2926 281.2773 283.9228 284.0136 283.6479  0.0332258
1967 7.9071754E-09 1.4553073E-08 4.1849042E-08 1.8484638E-08 1.1539797E-08 2.0111401E-08 2.3158805E-08 1.7545831E-08 1.4073753E-08 1.8973530E-08 2.0969775E-08 2.9315627E-08 1.5651285E-08 1.9302909E-08 2.9775553E-08 4.2398856E-08 2.1630816E-08 2.9251762E-08 3.8084210E-08 4.5554525E-08  289.0452 289.2890 292.6573 296.0932 286.2829 289.5213 294.8196 294.3315 285.6422 289.6806 292.4075 291.9281 285.1876 287.9395 287.5284 286.1815 280.9630 283.1888 282.8557 282.4249  236.1
1968 9.4385015E-09 1.8834665E-08 4.3073893E-08 2.2735540E-08 1.3084452E-08 2.4214671E-08 2.6702816E-08 2.1268583E-08 1.4155774E-08 1.9629718E-08 2.2249488E-08 2.6856727E-08 1.4032758E-08 1.8678028E-08 3.0834812E-08 4.0035712E-08 1.7638818E-08 2.3950184E-08 3.4965076E-08 4.2791765E-08  288.7639 288.6635 292.2498 295.9494 285.8997 289.0520 294.3746 294.2191 285.4836 289.5105 292.1391 291.5534 285.2531 287.9647 287.5356 286.0016 281.0782 283.5201 283.1746 282.3069  0
1969 8.3246086E-09 1.7396024E-08 3.5289315E-08 1.7623062E-08 9.4881409E-09 1.8084643E-08 1.9958401E-08 1.4219692E-08 1.1751157E-08 1.3336105E-08 1.6688897E-08 2.3845462E-08 1.2110156E-08 1.5482954E-08 2.6616920E-08 4.0390372E-08 1.7940881E-08 2.4015037E-08 3.2184694E-08 4.1461693E-08  289.0351 289.0881 292.6087 295.9105 286.3537 289.5206 294.7827 294.1976 285.7390 290.0668 292.7433 292.1249 285.3220 288.5279 288.2123 286.6507 281.0343 283.8740 283.8052 283.2144  805.581
1970 6.6483086E-09 1.6593830E-08 4.1762750E-08 1.6743506E-08 1.0184152E-08 1.8093033E-08 2.0924261E-08 1.5906435E-08 1.2773298E-08 1.5380921E-08 1.6362707E-08 2.2146944E-08 1.0985015E-08 1.3306922E-08 2.0873767E-08 3.2274212E-08 1.4062901E-08 1.7353990E-08 2.5455765E-08 3.4586169E-08  289.8684 289.9097 293.1245 296.3212 287.2379 290.4622 295.5977 294.4941 286.4427 290.6982 293.5120 292.8586 285.7926 288.6941 288.5164 287.0991 281.4407 283.9620 283.6789 282.9877  23.3548
1971 6.4122454E-09 1.5455747E-08 3.7596575E-08 1.3778979E-08 8.9332000E-09 1.7327332E-08 2.0531319E-08 1.4050054E-08 1.1583867E-08 1.4351010E-08 1.7602469E-08 2.5246560E-08 1.0448012E-08 1.2639583E-08 2.3214277E-08 3.7102453E-08 1.4594543E-08 1.8937547E-08 2.7479583E-08 3.5142303E-08  289.6777 289.7509 293.1430 296.4242 287.1159 290.3041 295.5173 294.5839 286.3708 290.6179 293.4679 292.9270 285.8340 289.0625 289.0111 287.4933 281.6476 284.5775 284.6500 283.9196  929.226
1972 1.1494683E-08 2.0954088E-08 4.2949100E-08 2.1957671E-08 1.3349872E-08 2.5058236E-08 2.8658015E-08 2.0666720E-08 1.6954603E-08 2.3187308E-08 2.5125876E-08 3.0550162E-08 1.7893193E-08 2.4593795E-08 3.6542602E-08 4.3584816E-08 2.2133385E-08 3.0752652E-08 3.9582901E-08 4.3464592E-08  287.9358 287.7909 291.5019 295.5829 285.3318 288.3174 293.4280 293.9589 284.9281 288.7470 291.1714 290.9240 284.9127 287.1662 286.8336 285.7144 280.7412 283.1486 282.9722 282.6687  27.3871
1973 7.5179214E-09 1.8552401E-08 4.3095195E-08 1.3683015E-08 9.7056221E-09 2.0238751E-08 2.2689353E-08 1.2317362E-08 1.0586737E-08 1.4747603E-08 1.5759285E-08 1.8666546E-08 1.0431925E-08 1.2840291E-08 2.3641277E-08 3.2350602E-08 1.4020524E-08 1.6349725E-08 2.7773170E-08 3.9063401E-08  290.4868 290.2061 293.2416 296.1753 288.1736 291.1563 296.0937 294.3942 287.5535 291.5822 294.3316 293.7256 286.6266 289.4558 289.2818 287.9681 282.0426 284.5328 284.3936 283.8028  743.226
1974 1.0439630E-08 2.0138787E-08 4.3612140E-08 1.8847187E-08 1.5883783E-08 2.7094993E-08 2.5542024E-08 1.6209695E-08 1.7162556E-08 2.0655071E-08 1.9656202E-08 2.3312039E-08 1.4298128E-08 1.7460282E-08 2.5752160E-08 3.4873242E-08 1.8158680E-08 2.3054492E-08 2.9449927E-08 3.5200930E-08  288.7638 288.4704 292.1330 296.4662 285.7244 288.7892 294.2799 294.6159 285.3976 289.5090 292.4159 292.0519 285.5861 288.4436 288.2878 286.7804 281.7620 284.2508 284.1122 283.3412  125.484
1975 8.1733535E-09 1.8982497E-08 4.4843116E-08 1.6177129E-08 1.0647498E-08 2.0198833E-08 2.2356440E-08 1.4219688E-08 1.2313660E-08 1.5798800E-08 1.6401779E-08 2.0784078E-08 1.1842285E-08 1.3633342E-08 2.1909518E-08 3.1167740E-08 1.4729294E-08 1.8182865E-08 2.5701441E-08 3.3821937E-08  289.8090 289.8033 293.1308 296.4539 287.4015 290.6155 295.9368 294.5961 286.7999 290.9631 293.9799 293.4193 286.3607 289.1112 288.8741 287.5675 281.9426 284.2283 283.8625 283.1954  70.0645
1976 6.4266028E-09 1.5239385E-08 3.6497926E-08 1.6102030E-08 9.1332373E-09 2.1542412E-08 2.3064644E-08 1.6671958E-08 1.2523734E-08 1.9646633E-08 2.3497124E-08 2.9466902E-08 1.4647706E-08 2.0567771E-08 3.1683118E-08 4.3556430E-08 2.0113125E-08 2.7692321E-08 3.5421824E-08 4.2546077E-08  288.7984 288.8690 292.3697 296.2497 286.2652 289.3753 294.7271 294.4548 285.7752 289.6388 292.3240 291.7226 285.4457 287.9594 287.4789 286.0995 281.3374 283.5201 283.0157 282.5300  242.516
1977 8.9030765E-09 1.9272690E-08 4.0069676E-08 1.7284810E-08 1.2055143E-08 2.1061242E-08 2.3648562E-08 1.5695846E-08 1.3246991E-08 1.5640261E-08 1.6887769E-08 2.2107026E-08 1.3096158E-08 1.5368711E-08 2.5000213E-08 3.8931564E-08 1.7016131E-08 2.1928489E-08 2.9417718E-08 3.7794706E-08  289.2136 289.1825 292.7232 295.9100 286.6780 289.8220 295.0804 294.1962 286.2118 290.4208 293.3371 292.6930 285.7282 288.8592 288.8237 287.4510 281.4698 284.0968 284.2038 283.8199  240.032
1978 1.2241824E-08 2.4188164E-08 4.8397133E-08 2.1016538E-08 1.3911250E-08 2.6219491E-08 3.0564816E-08 1.8129338E-08 1.6079170E-08 2.1913138E-08 2.2078279E-08 2.6338997E-08 1.3307778E-08 1.7622163E-08 2.2561089E-08 3.1565147E-08 1.5771928E-08 1.8895831E-08 2.4820919E-08 3.2661831E-08  288.9616 288.5515 292.1490 296.1772 286.6336 289.5233 294.8675 294.4001 286.3492 290.4189 293.2771 292.6882 286.3359 289.1324 288.9524 287.4252 282.3484 284.7999 284.4960 283.7105  22.8387
1979 9.3738288E-09 1.8998259E-08 3.9351544E-08 1.4618764E-08 1.1793055E-08 2.3488514E-08 2.0849253E-08 1.2859942E-08 1.5449345E-08 1.9605640E-08 1.8316459E-08 1.9505796E-08 1.3004118E-08 1.6252180E-08 2.2789662E-08 3.1325730E-08 1.6272686E-08 2.0188882E-08 2.6638833E-08 3.3622602E-08  289.3080 289.2438 292.6321 295.8765 287.0369 289.9769 295.3357 294.1722 286.6575 290.6362 293.5783 292.9917 286.4881 289.4064 289.3225 287.9208 282.5793 285.1827 285.0674 284.4991  25.7742
1980 7.4119502E-09 1.7909993E-08 3.9143710E-08 1.5590127E-08 9.9033644E-09 2.1048177E-08 2.5061018E-08 1.6035369E-08 1.3147691E-08 1.7613967E-08 2.1506331E-08 2.8185919E-08 1.2194614E-08 1.6478680E-08 2.7468067E-08 4.0575124E-08 1.6221925E-08 2.2598902E-08 3.3296352E-08 3.9161034E-08  289.4438 289.5038 292.8573 295.9976 286.8690 289.9779 294.9489 294.2623 286.2260 290.1770 292.6881 292.1708 285.8299 288.5244 288.0526 286.6274 281.6615 284.1094 283.7082 283.0099  189.61
1981 7.0895223E-09 1.6875479E-08 3.7922263E-08 1.6125078E-08 8.9989811E-09 1.9986768E-08 2.3045974E-08 1.6734742E-08 1.1834262E-08 1.5523394E-08 2.0976859E-08 2.6000741E-08 1.1865354E-08 1.5565693E-08 2.9511110E-08 4.3823530E-08 1.8155500E-08 2.3035705E-08 3.4580502E-08 4.3114849E-08  289.6070 289.6724 293.0244 295.9953 287.1422 290.2941 295.4235 294.2629 286.5504 290.5987 293.2757 292.6273 285.9989 288.7812 288.4173 287.0076 281.6626 284.2035 284.0162 283.5045  528.677
1982 7.7585653E-09 1.7360241E-08 3.9029548E-08 1.7977921E-08 1.0590392E-08 2.5454298E-08 2.7538825E-08 1.7452697E-08 1.5496195E-08 2.1711191E-08 2.2658154E-08 2.8637531E-08 1.5112226E-08 2.1805917E-08 3.2127080E-08 4.2647606E-08 2.1246535E-08 2.7814218E-08 3.5013898E-08 4.0328324E-08  288.0167 287.9007 291.5582 295.8218 285.6775 288.3972 293.6134 294.1484 285.1270 288.7908 291.2496 290.9310 284.8179 287.2583 286.9669 285.8149 280.8082 283.2991 283.1920 282.8619  10.3871
1983 7.5598265E-09 1.8789828E-08 4.0871384E-08 1.6059229E-08 9.9225268E-09 2.0832534E-08 2.3872046E-08 1.5137829E-08 1.1970410E-08 1.7259177E-08 1.8423576E-08 2.1707880E-08 1.1651856E-08 1.5608139E-08 2.7415776E-08 3.7309604E-08 1.4209361E-08 2.1445755E-08 3.4253059E-08 4.2360710E-08  289.7902 289.5345 292.6774 295.9847 287.3460 290.4873 295.5790 294.2726 286.7405 291.0139 293.8452 293.3554 286.3156 289.3895 289.2957 288.1499 282.3139 285.0921 284.9816 284.5542  10.271
1984 9.5916057E-09 1.8941048E-08 3.9384084E-08 1.5146437E-08 1.1216689E-08 1.8961877E-08 2.0869905E-08 1.5443204E-08 1.1588443E-08 1.5187497E-08 1.6180193E-08 2.1288129E-08 9.4177031E-09 1.1278504E-08 1.7268480E-08 2.7792861E-08 1.2925546E-08 1.5086487E-08 2.1057312E-08 2.9885975E-08  290.1358 290.2041 293.4260 296.0464 287.7751 291.0108 296.1242 294.3009 287.2717 291.6379 294.5446 293.9183 286.4700 289.8066 289.9261 288.6233 281.8782 284.8662 285.0631 284.6191  483.726
1985 1.0456341E-08 2.4926983E-08 4.4527848E-08 1.7645377E-08 1.2720019E-08 2.7048383E-08 2.6817409E-08 1.5834944E-08 1.4903648E-08 2.1313793E-08 1.8945300E-08 2.2069329E-08 1.1376144E-08 1.6008507E-08 2.3146963E-08 3.2065433E-08 1.2971739E-08 1.8001726E-08 2.5097147E-08 3.2026637E-08  289.1604 288.5766 292.1182 296.2320 286.6790 289.4208 294.7083 294.4478 286.3497 290.3361 293.2568 292.8485 286.3411 289.1849 289.0738 287.7646 282.3735 285.0880 285.0690 284.4784  257.839
1986 1.3307471E-08 2.6328280E-08 4.2052065E-08 1.9507031E-08 1.6284165E-08 2.9108062E-08 2.5804058E-08 1.5838776E-08 1.7622940E-08 2.2380384E-08 2.1010599E-08 2.2173667E-08 1.4516663E-08 1.8182275E-08 2.5966504E-08 3.1302072E-08 1.7082913E-08 2.3422025E-08 2.8688071E-08 3.0679370E-08  288.0341 287.2304 290.9905 296.2320 285.6042 288.1776 293.5070 294.4491 285.5387 289.2889 292.0131 291.6505 285.7429 288.4695 288.2970 286.9996 282.0083 284.6588 284.6513 284.2509  519.384
1987 9.0950527E-09 1.8151782E-08 3.7779586E-08 1.8802814E-08 1.0253383E-08 2.0754776E-08 2.6151856E-08 1.8644927E-08 1.4273431E-08 2.0558653E-08 2.5947982E-08 3.2848124E-08 1.5571715E-08 1.8955671E-08 3.4645971E-08 4.9213515E-08 1.8336273E-08 2.4147754E-08 3.6490967E-08 4.8069047E-08  288.4835 288.4432 292.1460 295.6143 286.1667 289.2119 294.4898 294.0065 285.8409 289.7474 292.2005 291.6635 285.4851 288.2270 287.7865 286.3358 281.4707 284.0235 283.6358 283.1171  153.71
1988 9.6785326E-09 1.8617630E-08 3.9293116E-08 1.0711429E-08 9.8866169E-09 2.0013296E-08 2.3300412E-08 1.2340852E-08 1.1738208E-08 1.7147228E-08 1.6814269E-08 1.7619548E-08 1.0515361E-08 1.3429895E-08 2.1655927E-08 2.8229389E-08 1.2256960E-08 1.6009682E-08 2.5043569E-08 3.1386328E-08  290.5544 290.5594 293.7760 296.1262 288.5508 291.8076 296.8340 294.3688 288.0709 292.4035 295.3604 294.6185 287.2425 290.5071 290.7379 289.4648 282.9633 285.6490 285.6328 285.2469  35.4839
1989 9.0134229E-09 1.9646443E-08 4.5937419E-08 1.8911351E-08 1.2461108E-08 2.3812321E-08 2.6869690E-08 1.6870858E-08 1.6717561E-08 1.8618385E-08 1.8317571E-08 2.3769680E-08 1.4262447E-08 1.6286782E-08 2.3470795E-08 3.5258765E-08 1.5478243E-08 1.7990454E-08 2.4251710E-08 3.2085129E-08  290.0615 289.8632 293.0143 296.4054 287.5518 290.4671 295.5668 294.5832 286.8322 290.7717 293.6942 293.3315 286.3552 289.1930 289.1059 287.7965 282.3304 284.9066 284.6613 283.9649  0.187419
1990 1.7782682E-08 3.0345500E-08 5.0832298E-08 2.4289870E-08 1.9156159E-08 3.2628787E-08 3.0009843E-08 1.9398430E-08 2.0422689E-08 2.6104594E-08 2.7134517E-08 3.1399338E-08 1.9165990E-08 2.4948827E-08 3.6262165E-08 4.3237538E-08 2.4571353E-08 3.1483879E-08 3.8940147E-08 4.2187516E-08  287.4799 287.1224 291.1495 296.0517 284.8796 287.9043 293.4279 294.3176 284.5665 288.6439 291.4002 291.2578 284.6516 287.2494 287.1040 285.9765 280.8130 283.3459 283.2216 282.7736  0
1991 1.1499486E-08 1.9847743E-08 4.4495803E-08 1.8970889E-08 1.2931468E-08 2.3879435E-08 2.3697140E-08 1.7332390E-08 1.6070443E-08 2.0783137E-08 2.2875353E-08 3.0734252E-08 1.6566965E-08 2.2341277E-08 3.4810483E-08 4.7152117E-08 2.1786034E-08 2.9938569E-08 4.0107118E-08 4.7166480E-08  288.3481 288.4429 292.1236 296.2007 285.7995 288.9509 294.4437 294.4395 285.3148 289.1883 291.8594 291.3906 284.9201 287.3610 286.9709 285.6829 280.7311 282.8558 282.5539 282.1689  24.4177
1992 1.2395463E-08 2.1726748E-08 4.0775099E-08 2.1376112E-08 1.4443182E-08 2.6386626E-08 2.4929561E-08 1.7218145E-08 2.0471500E-08 2.4870650E-08 2.5765887E-08 2.7388296E-08 1.9641085E-08 2.3368312E-08 3.3686579E-08 4.3774023E-08 2.3847548E-08 2.7541127E-08 3.5158244E-08 4.2650093E-08  288.0693 287.7388 291.3694 296.1058 285.3856 288.0653 293.4341 294.3603 284.4607 288.3259 291.1147 291.0178 284.3103 286.7592 286.7075 285.6322 280.4678 282.7554 282.6906 282.3280  67.2903
1993 1.0370194E-08 1.8986082E-08 3.7616097E-08 1.6387764E-08 1.2479151E-08 2.1714412E-08 2.1486899E-08 1.4621365E-08 1.7274060E-08 2.0935161E-08 2.2412413E-08 2.7844056E-08 1.6731368E-08 2.0382942E-08 3.2434574E-08 4.1358099E-08 2.2072127E-08 2.9774366E-08 3.9796525E-08 4.3994085E-08  287.8037 287.8237 291.6127 295.6531 285.3009 288.4588 294.0235 294.0417 284.7177 288.9779 291.6682 291.1136 284.6554 287.5552 287.2686 285.8549 280.6115 283.3075 283.0593 282.5530  16.9032
1994 1.2592534E-08 2.0975047E-08 4.3826464E-08 2.0503068E-08 1.5755033E-08 2.7390222E-08 2.9193519E-08 2.1605205E-08 1.8478008E-08 2.4344676E-08 2.6468495E-08 3.4647265E-08 1.5717713E-08 2.1465375E-08 3.1943685E-08 4.2353154E-08 1.9368706E-08 2.5281755E-08 3.5256331E-08 4.1347008E-08  287.7881 287.8163 291.5276 295.9510 285.1839 288.0317 293.5175 294.2415 284.5826 288.5035 291.2578 290.9919 284.5750 287.1555 287.0595 285.9487 280.8329 283.2379 283.2445 282.8406  93.0323
1995 9.3835366E-09 1.9327542E-08 4.0741654E-08 1.6147640E-08 1.2446924E-08 2.2477657E-08 2.2773698E-08 1.3967981E-08 1.4439143E-08 1.7717024E-08 1.7059376E-08 2.1030553E-08 1.1966311E-08 1.2868558E-08 2.1213877E-08 3.2127240E-08 1.5322513E-08 1.9044119E-08 2.7409868E-08 3.3280998E-08  289.6821 289.2960 292.4863 296.1736 287.0185 289.8479 294.8605 294.3974 286.4810 290.4241 293.0877 292.6059 286.2551 289.1276 288.8639 287.3933 282.2116 284.7242 284.4985 283.8479  9.72581
1996 7.5269790E-09 1.6898516E-08 4.1720178E-08 1.5019342E-08 1.2265912E-08 2.3447544E-08 2.4605917E-08 1.5326650E-08 1.4491026E-08 1.8218820E-08 2.0314324E-08 2.5734785E-08 1.3969773E-08 1.6288769E-08 2.5694986E-08 3.9369542E-08 1.8962730E-08 2.2922357E-08 3.0091375E-08 3.8027235E-08  289.4761 289.5680 293.1342 296.3146 286.6798 289.8757 295.2793 294.5109 286.1333 290.2532 293.0658 292.6864 285.7235 288.7090 288.4689 287.1543 281.4508 284.1256 284.1911 283.7118  263.355
1997 8.4008995E-09 1.7982289E-08 3.6522575E-08 1.9906372E-08 1.0447708E-08 1.8646180E-08 2.1393845E-08 1.7047975E-08 1.2404151E-08 1.9523039E-08 2.2620995E-08 2.8517491E-08 1.5317033E-08 2.5274034E-08 3.8230048E-08 4.6216655E-08 2.2092154E-08 3.5353413E-08 4.6689330E-08 5.0745179E-08  288.0428 288.4178 292.1644 295.5458 285.9349 289.0894 294.2185 293.9416 285.7825 289.4189 291.5785 291.0016 285.3373 287.3875 286.9286 285.7255 281.0733 283.0441 282.8100 282.6378  0
1998 6.0482228E-09 1.6400959E-08 3.9988016E-08 1.1727350E-08 8.0543003E-09 1.8958074E-08 2.0952088E-08 1.1762050E-08 1.0738398E-08 1.6697477E-08 1.4672374E-08 1.6734242E-08 9.5104973E-09 1.3552206E-08 2.1395437E-08 2.8383353E-08 1.1429622E-08 1.5742174E-08 2.5004674E-08 3.1473654E-08  291.0911 291.0229 293.9342 296.1251 288.7817 291.9736 296.8226 294.3736 288.0388 292.2396 295.0547 294.3635 287.1477 290.1057 290.2153 289.0568 282.6909 285.4315 285.5537 285.0078  901.548
1999 5.8788006E-09 1.7926629E-08 4.4463594E-08 1.3905723E-08 8.1475200E-09 1.8865792E-08 2.1827724E-08 1.2889038E-08 1.0338841E-08 1.5838992E-08 1.6635543E-08 2.0116161E-08 7.9470786E-09 1.2939990E-08 2.1637854E-08 3.0736487E-08 1.0375100E-08 1.5532297E-08 2.7011628E-08 3.6705426E-08  291.2935 291.2949 294.3772 296.4815 289.1889 292.5007 297.4971 294.6346 288.8310 293.1382 295.9992 295.1565 288.2590 291.4333 291.4970 290.1671 284.0815 286.8267 286.6830 286.1166  18.4194
2000 8.1740117E-09 1.6004167E-08 4.3605613E-08 1.6357731E-08 1.0496003E-08 1.9158428E-08 2.2465519E-08 1.3663175E-08 1.4533430E-08 1.9145963E-08 1.8670903E-08 2.5019130E-08 1.4628227E-08 1.8708525E-08 2.9745815E-08 3.7810466E-08 1.7494452E-08 2.4044901E-08 3.3567055E-08 3.7765524E-08  290.0971 290.2576 293.5002 296.5505 287.6805 291.0699 296.2949 294.6893 287.2042 291.6205 294.4707 293.9343 286.7910 289.8441 289.6885 288.4926 282.6013 285.2189 285.0203 284.6375  338.097
2001 1.0174552E-08 2.0680693E-08 3.8248114E-08 1.6065767E-08 1.3038060E-08 2.1903851E-08 2.1765077E-08 1.4269904E-08 1.3153845E-08 1.6464622E-08 1.8024567E-08 2.3111896E-08 1.3329909E-08 1.7404943E-08 2.5368648E-08 3.3859134E-08 1.6672601E-08 2.2301251E-08 2.9632615E-08 3.5840589E-08  288.7993 288.6824 292.3325 296.4178 286.3481 289.3153 294.8182 294.5895 285.9991 290.1012 293.0774 292.7014 285.7556 288.8083 288.7742 287.5012 281.8188 284.6076 284.6363 284.0515  5.53548
2002 9.4655848E-09 2.1643821E-08 4.5641116E-08 2.0461304E-08 1.2605175E-08 2.7352602E-08 2.7611163E-08 1.7023345E-08 1.7590226E-08 2.5451765E-08 2.5872897E-08 2.7267944E-08 1.6772693E-08 2.1976135E-08 3.0489645E-08 4.1984215E-08 1.9825745E-08 2.5199759E-08 3.2643946E-08 3.8965865E-08  288.5045 288.3414 291.9252 296.1436 285.8631 288.6289 294.0659 294.3822 285.1568 288.9558 291.6729 291.5537 284.8581 287.4854 287.3842 286.2056 280.9796 283.5103 283.4946 283.0621  1001.45
2003 9.8105266E-09 1.9275637E-08 4.0351829E-08 1.6353832E-08 1.2117632E-08 2.1565576E-08 2.0614062E-08 1.2590288E-08 1.3304347E-08 1.5248629E-08 1.4097150E-08 1.8152775E-08 1.1443775E-08 1.3698669E-08 2.1247670E-08 3.1396656E-08 1.5685901E-08 2.0326555E-08 2.6757300E-08 3.3760251E-08  289.4736 289.1150 292.1977 296.1717 286.7894 289.4872 294.7554 294.3983 286.3073 290.0885 292.8020 292.3585 286.0997 288.8861 288.5172 287.1350 282.1830 284.6862 284.4287 283.7246  106.581
2004 1.2798999E-08 2.3374151E-08 4.2590028E-08 1.9914971E-08 1.6029826E-08 2.8484408E-08 2.7535686E-08 1.9493735E-08 1.8197953E-08 2.3829850E-08 2.3462185E-08 2.8584157E-08 1.6871587E-08 2.2729935E-08 3.1083733E-08 3.8549100E-08 2.0157445E-08 2.6944665E-08 3.3211403E-08 3.9034944E-08  288.3224 288.0022 291.7610 295.9886 285.8357 288.6577 294.1670 294.2485 285.5527 289.4435 292.2942 291.9623 285.7004 288.2657 288.1176 286.8773 281.8259 284.1881 283.9970 283.5475  118.29
2005 9.5450678E-09 1.9337287E-08 4.0276337E-08 1.8149979E-08 1.3360872E-08 2.1657685E-08 2.0865773E-08 1.5387487E-08 1.3857515E-08 1.5289869E-08 1.5848373E-08 1.8868095E-08 1.2182559E-08 1.5231455E-08 2.2278233E-08 3.0174050E-08 1.6294381E-08 2.0462274E-08 2.7908518E-08 3.3441889E-08  289.7248 289.2657 292.4528 296.0660 286.7832 289.6566 294.8019 294.3173 286.1470 290.1586 292.8916 292.4648 286.0793 288.8957 288.5805 287.1961 282.1437 284.7252 284.3877 283.7996  53.0645
2006 9.6306616E-09 2.0339122E-08 4.1800700E-08 1.8111878E-08 1.3310290E-08 2.6492454E-08 2.4942477E-08 1.7203252E-08 1.6538095E-08 2.0720940E-08 2.0558366E-08 2.4989291E-08 1.5054944E-08 1.7808640E-08 2.4258334E-08 3.3519036E-08 1.7856030E-08 2.0851303E-08 2.7005559E-08 3.3686664E-08  289.2733 289.0964 292.5466 296.3584 286.4823 289.3257 294.7518 294.5562 285.8818 289.7527 292.6101 292.4450 285.6616 288.4183 288.2806 287.1473 281.7202 284.2525 284.1418 283.6944  0
2007 8.3322425E-09 1.9135337E-08 4.0151910E-08 1.5931626E-08 1.0796213E-08 2.0969157E-08 2.0579602E-08 1.3086656E-08 1.3112079E-08 1.6816539E-08 1.4512767E-08 1.7280595E-08 1.1119371E-08 1.3479787E-08 2.2108642E-08 3.1938743E-08 1.4606425E-08 1.8944398E-08 2.6874694E-08 3.5760483E-08  290.2001 289.9957 293.3497 296.3998 287.8447 290.8915 296.1570 294.5922 287.1558 291.3381 294.2345 293.7296 286.7506 289.5603 289.3779 288.1566 282.5141 284.8648 284.5739 284.0507  143.806
2008 8.5802219E-09 1.7922401E-08 4.2860790E-08 1.4333118E-08 1.2310756E-08 2.3761510E-08 2.6963876E-08 1.4697041E-08 1.4583591E-08 2.0628224E-08 2.1789054E-08 2.2783007E-08 1.2606915E-08 1.6782638E-08 2.6507832E-08 3.6191445E-08 1.4487257E-08 1.8868700E-08 2.7410243E-08 3.5656548E-08  290.2900 290.0776 293.3512 296.3079 287.6812 290.7743 295.9738 294.4979 287.2184 291.3300 293.9840 293.6074 286.8925 289.6592 289.4463 288.1625 282.9033 285.2601 284.9412 284.3375  9.98387
2009 1.1261501E-08 2.1683281E-08 4.0844398E-08 1.9680844E-08 1.3098787E-08 2.5156572E-08 2.6360004E-08 1.8316362E-08 1.7931566E-08 2.5356051E-08 2.7363530E-08 3.3122415E-08 2.0008196E-08 2.6582406E-08 4.0300392E-08 5.0689298E-08 2.2785001E-08 3.4174402E-08 4.5315609E-08 5.2349030E-08  287.9701 287.9048 291.9101 296.0007 285.6941 288.7741 294.2562 294.2740 285.5230 289.4922 291.8623 291.3633 285.3505 287.9316 287.3331 285.9279 281.4276 283.6003 283.0782 282.5062  10.08
2010 8.9142267E-09 2.0363329E-08 3.9608793E-08 1.4064637E-08 9.8760529E-09 1.9513237E-08 2.0099273E-08 1.1375809E-08 1.0674884E-08 1.3963953E-08 1.2628214E-08 1.6082650E-08 8.8534193E-09 1.1002505E-08 1.8474289E-08 2.7248337E-08 1.0716212E-08 1.3442220E-08 2.0743167E-08 2.8296371E-08  291.0087 290.5571 293.6388 296.7610 288.8134 291.8355 296.7522 294.8537 288.3341 292.4247 295.2191 294.4324 287.7713 290.7015 290.5353 289.0040 283.5640 286.0504 285.7690 285.0468  1.49194
2011 6.9397790E-09 1.7130262E-08 4.3190600E-08 1.2623556E-08 1.0214556E-08 2.2024247E-08 2.5619904E-08 1.5101973E-08 1.4265792E-08 2.0978121E-08 2.1481343E-08 2.3588344E-08 1.3809040E-08 1.9457481E-08 2.9245172E-08 3.7378047E-08 1.5334022E-08 2.2116355E-08 3.2703468E-08 4.1444430E-08  290.9581 291.0771 294.2151 296.5389 288.4582 291.9398 296.9009 294.6805 287.8089 292.1671 294.9504 294.4971 287.0712 290.0808 290.1585 289.0119 282.8351 285.4233 285.3799 284.9749  27.8777
2012 9.9511928E-09 2.0013614E-08 4.0847681E-08 1.8124682E-08 1.3129842E-08 2.5258673E-08 2.8219329E-08 1.5971578E-08 1.6064520E-08 2.1882835E-08 2.2669662E-08 2.5196439E-08 1.3246908E-08 1.8899007E-08 2.9656425E-08 3.7946183E-08 1.7546279E-08 2.4519128E-08 3.2336420E-08 3.7916369E-08  289.1198 288.9324 292.6057 296.0094 286.3477 289.5942 295.0683 294.2781 285.9297 290.0717 292.9407 292.5737 285.9165 288.6804 288.2938 286.9916 281.9626 284.2592 283.8690 283.3492  71.6161
2013 1.0481396E-08 2.1855033E-08 4.5785260E-08 1.9004450E-08 1.4617469E-08 2.6842214E-08 2.6752785E-08 1.4205810E-08 1.6208549E-08 2.0254308E-08 2.1503526E-08 2.1347011E-08 1.3179521E-08 1.8090322E-08 2.6080452E-08 3.4679918E-08 1.8509192E-08 2.2690081E-08 2.7709083E-08 3.2606458E-08  289.8557 289.5930 292.7057 296.3275 287.0558 289.9511 295.0446 294.5111 286.3389 290.2668 292.9994 292.6352 286.0482 288.7590 288.3993 287.0720 281.8899 284.2396 283.9919 283.3505  0
2014 1.2289378E-08 2.1089143E-08 3.5822808E-08 2.0219181E-08 1.5376479E-08 2.1715167E-08 2.0970255E-08 1.7420959E-08 1.6371336E-08 1.9621279E-08 2.2891491E-08 2.9996148E-08 1.7182735E-08 2.2980375E-08 3.6786989E-08 4.7550145E-08 2.3484686E-08 3.1416473E-08 4.0691052E-08 4.7322583E-08  287.6437 287.5505 291.5438 295.6828 285.0081 288.1771 293.8145 294.0192 284.7496 288.9294 291.5854 291.1050 284.7662 287.5197 287.1466 285.6982 280.7139 283.1756 282.9069 282.4839  0
2015 9.0214067E-09 1.8880346E-08 3.3476553E-08 1.7736784E-08 1.0053141E-08 2.0088661E-08 1.9688024E-08 1.4210235E-08 1.1800953E-08 1.6566114E-08 1.9822096E-08 2.5505580E-08 1.3776855E-08 1.9360135E-08 3.1999662E-08 4.0836362E-08 2.0660263E-08 2.8128779E-08 3.6316937E-08 4.0760288E-08  288.1711 288.3489 291.7162 295.0529 285.8605 288.7984 293.7473 293.5562 285.4191 289.0635 290.9590 290.3555 284.8299 287.2250 286.5494 285.2089 280.6267 282.8251 282.4320 281.9874  62.7055
