STN,prec_1,prec_2,prec_3,prec_4,prec_5,prec_6,prec_7,prec_8,prec_9,prec_10,prec_11,prec_12,prec_13,prec_14,prec_15,prec_16,prec_17,prec_18,prec_19,prec_20,st_1,st_2,st_3,st_4,st_5,st_6,st_7,st_8,st_9,st_10,st_11,st_12,st_13,st_14,st_15,st_16,st_17,st_18,st_19,st_20,12.0
LAT,23.72017,23.72017,23.72017,23.72017,26.51077,26.51077,26.51077,26.51077,29.30136,29.30136,29.30136,29.30136,32.09194,32.09194,32.09194,32.09194,34.88252,34.88252,34.88252,34.88252,23.72017,23.72017,23.72017,23.72017,26.51077,26.51077,26.51077,26.51077,29.30136,29.30136,29.30136,29.30136,32.09194,32.09194,32.09194,32.09194,34.88252,34.88252,34.88252,34.88252,28.73664429
LON,-104.0625,-101.2500,-98.43750,-95.62500,-104.0625,-101.2500,-98.43750,-95.62500,-104.0625,-101.2500,-98.43750,-95.62500,-104.0625,-101.2500,-98.43750,-95.62500,-104.0625,-101.2500,-98.43750,-95.62500,-104.0625,-101.2500,-98.43750,-95.62500,-104.0625,-101.2500,-98.43750,-95.62500,-104.0625,-101.2500,-98.43750,-95.62500,-104.0625,-101.2500,-98.43750,-95.62500,-104.0625,-101.2500,-98.43750,-95.62500,-99.1447556
1958 1.9368581E-08 2.5578638E-08 2.7428438E-08 2.7430950E-08 2.0003103E-08 2.3718080E-08 1.7758680E-08 1.6227277E-08 2.0122066E-08 1.7509192E-08 1.8253287E-08 2.1712440E-08 1.4074765E-08 1.5176948E-08 2.2841036E-08 3.3638475E-08 1.1806891E-08 1.5131828E-08 2.2847637E-08 3.0102555E-08  286.8165 284.8779 289.2041 298.2079 283.1779 284.9096 290.0334 296.6436 280.9681 283.9147 286.9704 288.0124 279.7050 281.7856 282.3074 281.9264 275.4006 277.5217 277.6150 277.2989  59.7742
1959 1.5721046E-08 2.4006582E-08 2.5228143E-08 2.3367782E-08 1.4826049E-08 2.1097282E-08 1.5331498E-08 1.5793360E-08 1.5203939E-08 1.4156762E-08 1.3953075E-08 1.7905956E-08 1.0296976E-08 1.2220365E-08 1.7629509E-08 2.7446468E-08 9.9525517E-09 1.2296828E-08 1.7638424E-08 2.4953190E-08  286.5323 284.9317 289.3648 298.2120 283.1417 285.3189 290.7705 296.7568 281.2958 284.8080 288.1631 288.7534 280.2053 282.7164 283.4672 282.7585 276.1147 278.4098 278.5729 278.2728  2.67419
1960 1.2814425E-08 2.1796851E-08 2.1884727E-08 2.0830837E-08 1.2371737E-08 1.8220916E-08 1.6131404E-08 1.5338872E-08 1.3396489E-08 1.1779077E-08 1.3903410E-08 1.7792246E-08 1.0802481E-08 1.1286506E-08 1.7358934E-08 2.6261791E-08 1.1250696E-08 1.3819309E-08 2.1205588E-08 2.8664189E-08  286.6183 284.9314 289.3060 298.2290 283.3658 285.3372 290.6273 296.7886 281.6249 284.7977 287.9291 288.8119 280.3024 282.5647 283.0289 282.5172 275.9684 277.9218 277.8005 277.3653  7.60968
1961 1.4650512E-08 2.1195856E-08 2.7956697E-08 1.9717742E-08 1.7567526E-08 2.2814996E-08 1.8292070E-08 1.3735565E-08 1.5926839E-08 1.6299239E-08 1.7896516E-08 1.9124668E-08 1.1811190E-08 1.4729761E-08 2.4029159E-08 3.3775699E-08 1.2528164E-08 1.6818136E-08 2.6054506E-08 3.4552635E-08  287.0735 286.0251 290.2882 297.6773 283.6676 286.1334 291.4185 296.2839 281.5734 285.1677 288.4917 289.3218 280.1042 282.7130 283.4720 283.2142 275.6378 278.1207 278.4190 278.4022  13.9355
1962 1.1677165E-08 1.8934497E-08 2.5626660E-08 2.2779282E-08 1.2579571E-08 1.9635694E-08 1.6201550E-08 1.3535253E-08 1.2885446E-08 1.1852464E-08 1.1342710E-08 1.3656236E-08 9.0235215E-09 8.9135437E-09 1.2790232E-08 2.0945592E-08 8.0680236E-09 9.5446193E-09 1.3968435E-08 2.0378177E-08  287.2635 285.9405 290.2812 297.7764 284.2310 286.5247 291.8007 296.1429 282.5641 286.0358 289.2105 289.4320 281.4016 283.8144 284.3455 283.4801 277.0608 279.2239 279.1292 278.5992  0
1963 1.4837411E-08 2.5778963E-08 3.5962845E-08 3.0443797E-08 1.5709309E-08 2.3701871E-08 2.0011347E-08 2.0630225E-08 1.7566116E-08 1.5246357E-08 1.7755266E-08 2.3547502E-08 1.2144532E-08 1.3343029E-08 2.3887139E-08 3.6422719E-08 1.1283600E-08 1.4545605E-08 2.4772044E-08 3.5912336E-08  287.2447 285.8570 289.8772 297.7405 283.7902 285.9317 290.9418 296.2837 281.6832 284.9253 287.8174 288.5970 280.1652 282.5063 282.8655 282.3812 275.4559 277.8841 278.0035 277.7728  0
1964 9.1919787E-09 1.5741358E-08 1.7499673E-08 1.5156690E-08 7.5877393E-09 1.3007224E-08 9.4503321E-09 9.0744789E-09 8.5033527E-09 7.3758573E-09 7.0714647E-09 1.0412814E-08 7.2079769E-09 7.3765203E-09 1.1364747E-08 2.1273731E-08 8.3014093E-09 1.0225504E-08 1.5192416E-08 2.3880018E-08  287.0565 285.8323 290.3217 297.4879 284.3506 286.8539 292.2833 296.2211 282.8730 286.4814 289.6631 289.9485 281.5602 284.1192 284.8028 283.9798 277.1686 279.5550 279.5331 279.0318  0
1965 2.3512222E-08 3.3386144E-08 3.3915935E-08 3.1871128E-08 2.4165576E-08 3.0008337E-08 2.4655264E-08 2.3175163E-08 2.3318632E-08 2.2014701E-08 2.2674381E-08 2.7580251E-08 1.6375539E-08 1.8382936E-08 2.7703122E-08 4.3381327E-08 1.4501616E-08 1.8099524E-08 2.7094540E-08 3.8731059E-08  286.2466 284.2911 288.7616 297.9145 282.5773 284.5201 289.6855 296.5070 280.5886 283.7490 286.6751 287.5537 279.4650 281.4691 281.8546 281.3565 275.2472 277.1846 277.1283 276.8210  13.1826
1966 1.0910446E-08 1.7349631E-08 2.4572158E-08 1.8260049E-08 1.2509935E-08 1.9335134E-08 1.5949690E-08 1.4157759E-08 1.3541946E-08 1.4430966E-08 1.5367796E-08 1.9247688E-08 1.1139798E-08 1.3869084E-08 2.2796970E-08 2.9997697E-08 1.1737761E-08 1.6248347E-08 2.6091316E-08 3.2784275E-08  286.8749 286.0461 290.2184 297.1534 283.8542 286.4226 291.4899 295.5602 282.1246 285.6321 288.7104 289.2099 280.8772 283.2010 283.8058 283.2672 276.4912 278.5613 278.4832 278.2047  0
1967 1.2342049E-08 1.9096419E-08 2.3322395E-08 1.8685226E-08 1.3394319E-08 1.8432099E-08 1.4918712E-08 1.3494967E-08 1.4231629E-08 1.2516750E-08 1.3251745E-08 1.7823835E-08 9.8832844E-09 1.0992360E-08 1.6792786E-08 2.7399455E-08 1.0295646E-08 1.2906304E-08 1.9115392E-08 2.6312700E-08  286.4966 285.0592 289.3754 297.1855 283.3662 285.5934 290.6299 295.6234 281.7619 285.1407 288.0821 288.6182 280.6184 282.9742 283.4670 282.8385 276.2737 278.4664 278.4432 278.0304  17.1161
1968 9.5437249E-09 1.8540456E-08 2.2261792E-08 1.8640803E-08 1.0756313E-08 1.5142660E-08 1.1560100E-08 1.1164814E-08 1.2118529E-08 1.0821744E-08 1.0147083E-08 1.2502231E-08 8.6422229E-09 9.7032355E-09 1.5079927E-08 2.1814785E-08 9.3775441E-09 1.1160404E-08 1.7226522E-08 2.5761272E-08  286.6363 285.3447 289.6316 297.2792 283.6496 285.9671 291.0730 295.9183 282.3640 285.5735 288.5215 288.7418 281.3791 283.4714 283.8452 282.9879 277.1891 279.1167 278.7840 278.2615  0
1969 1.4789033E-08 2.2581936E-08 2.5946882E-08 2.6754947E-08 1.7512795E-08 2.2899354E-08 1.6278184E-08 1.7617324E-08 1.8273932E-08 1.7788196E-08 1.5766886E-08 1.9461256E-08 1.2707912E-08 1.3516056E-08 1.9390418E-08 2.8435624E-08 1.1361484E-08 1.2781687E-08 1.8788088E-08 2.6772984E-08  286.5874 284.8020 288.7422 297.4289 282.9721 284.7301 289.6840 295.9035 280.8879 283.8480 286.7269 287.3575 279.2364 281.4231 281.8203 281.1429 274.7424 277.0634 277.1766 276.6354  30.0645
1970 1.6658474E-08 2.0355152E-08 2.3222150E-08 1.5670965E-08 1.4510261E-08 1.8812782E-08 1.5580838E-08 1.2759271E-08 1.5026961E-08 1.4456107E-08 1.2682511E-08 1.4651705E-08 1.1417193E-08 1.2705225E-08 2.0187736E-08 2.6936789E-08 1.2081258E-08 1.5950441E-08 2.5172932E-08 3.2899386E-08  287.4784 286.7166 290.9898 297.3615 284.9117 287.6569 292.9017 295.9684 283.2013 287.0732 290.5638 290.8907 281.7649 284.4662 285.3322 284.9820 277.4284 279.6801 279.8555 279.8343  11.9806
1971 1.3472992E-08 2.0127967E-08 2.1233182E-08 2.0339709E-08 1.1946762E-08 2.0088194E-08 1.3586444E-08 1.2170796E-08 1.4384059E-08 1.4246424E-08 1.1376654E-08 1.2447579E-08 1.0662930E-08 1.1245493E-08 1.5202527E-08 2.2426841E-08 9.0479144E-09 1.1374261E-08 1.6867178E-08 2.3687619E-08  287.1697 285.9181 290.3654 298.1292 284.5059 286.6651 292.0512 296.6642 282.8298 286.2135 289.5111 290.0968 281.3726 283.8195 284.4843 283.7518 276.9082 279.1968 279.1573 278.5320  78.4516
1972 2.4791511E-08 3.4616747E-08 3.6910880E-08 3.5221717E-08 2.2710545E-08 2.8176654E-08 2.3692891E-08 2.7516995E-08 1.6072127E-08 1.6323686E-08 2.1277925E-08 3.0990652E-08 1.1585755E-08 1.4622143E-08 2.4357325E-08 3.7859998E-08 1.3285280E-08 1.8897868E-08 2.7029408E-08 3.4002248E-08  285.7310 284.2908 288.7881 298.4951 281.8512 284.2034 289.4251 297.0840 280.0813 283.3602 286.2313 287.0531 279.1472 281.2950 281.4844 280.8178 274.8481 276.8553 276.6622 276.2067  29.7097
1973 4.0805026E-09 9.2081214E-09 1.4963511E-08 1.3116964E-08 4.0389567E-09 9.0796135E-09 7.7309270E-09 8.6011118E-09 5.5270104E-09 6.1694005E-09 6.7413142E-09 9.4878772E-09 5.5896314E-09 6.2994219E-09 9.5558530E-09 1.5236592E-08 7.1915527E-09 8.9117531E-09 1.3680938E-08 1.8774653E-08  287.3154 286.5913 291.2260 298.5758 284.7732 287.7364 293.2047 297.1773 283.6260 287.6156 290.8812 290.9324 282.4295 285.3034 286.1234 285.2611 277.9333 280.4385 280.5263 280.0154  136.419
1974 8.0662907E-09 1.5948501E-08 2.0751758E-08 1.9590283E-08 6.1585785E-09 1.2457633E-08 9.1422745E-09 9.7698649E-09 6.1388841E-09 7.0406010E-09 6.8571482E-09 1.0068428E-08 4.0387040E-09 5.0095794E-09 8.8909831E-09 1.4997434E-08 4.9231570E-09 6.1725207E-09 1.0172499E-08 1.5599799E-08  286.6848 285.4214 289.8719 297.9589 284.1048 286.5774 291.8289 296.4886 282.8539 286.4676 289.5456 289.5521 281.6429 284.2188 284.8900 283.9329 277.3041 279.8021 279.8855 279.3945  111.871
1975 6.8346711E-09 1.0682130E-08 1.6284117E-08 1.3284438E-08 6.5280656E-09 1.0842723E-08 9.3654986E-09 9.0763326E-09 6.6658807E-09 7.6275244E-09 7.4465092E-09 9.6436956E-09 5.3506790E-09 6.6589667E-09 1.1656288E-08 1.6958200E-08 6.6639232E-09 8.1432399E-09 1.4182242E-08 2.0933781E-08  286.7232 286.2969 290.7975 297.7046 284.2538 287.4844 292.9018 296.5340 283.2202 287.3257 290.5696 290.6169 282.0550 284.8886 285.5126 284.5840 277.2734 279.8384 279.8734 279.4660  73.6452
1976 1.7969192E-08 2.7541640E-08 3.1248341E-08 2.5007767E-08 1.8492738E-08 2.4537403E-08 2.0201004E-08 2.0140313E-08 1.7760277E-08 1.7305696E-08 1.6690052E-08 2.2472042E-08 1.2725889E-08 1.3842811E-08 2.0145142E-08 3.1186431E-08 1.2597530E-08 1.5484931E-08 2.0403135E-08 2.8425669E-08  286.0832 284.5954 288.8545 297.0528 282.5349 284.9140 289.9837 295.5703 280.9023 284.3488 287.2505 287.9230 279.7839 282.1276 282.4589 281.8823 275.1936 277.4277 277.3986 277.1045  234.419
1977 2.3959757E-08 3.0486866E-08 3.1593132E-08 2.7653480E-08 2.3330356E-08 2.8986925E-08 2.2420142E-08 2.0170683E-08 2.0970258E-08 1.9252102E-08 1.9414822E-08 2.4431836E-08 1.2915177E-08 1.3337454E-08 1.9224681E-08 3.0289819E-08 1.0529126E-08 1.2630180E-08 1.8942400E-08 2.8213938E-08  286.2584 284.3140 288.4302 297.6416 282.5642 284.2245 289.3093 296.2475 280.4544 283.2447 286.1883 287.1886 279.2104 281.2433 281.6452 281.0099 274.8546 277.1337 277.1955 276.7396  105.323
1978 1.4335778E-08 2.2639252E-08 2.4143620E-08 2.2831440E-08 1.2260451E-08 1.8691232E-08 1.3856821E-08 1.3564890E-08 1.3074390E-08 1.1677152E-08 1.1726539E-08 1.7755692E-08 9.5356345E-09 1.0148899E-08 1.4266935E-08 2.5996460E-08 9.4434451E-09 1.1050020E-08 1.6136930E-08 2.3975996E-08  286.5325 284.9214 289.3799 298.0042 283.2155 285.3472 290.5663 296.4669 281.5632 284.9412 288.0730 288.6115 280.5009 283.0567 283.5904 282.7804 276.3745 278.8126 278.8066 278.2198  43.7419
1979 1.8412329E-08 2.6938235E-08 2.6146889E-08 2.0531044E-08 1.9546468E-08 2.6881320E-08 1.8845515E-08 1.4800157E-08 1.8322689E-08 1.9164164E-08 1.9996103E-08 2.1355877E-08 1.2769224E-08 1.5647222E-08 2.4191753E-08 3.4694672E-08 1.1614828E-08 1.4454734E-08 2.1586372E-08 2.9739660E-08  286.1187 284.6000 289.0035 297.1386 282.7004 284.8373 290.1815 295.7367 280.8277 284.3471 287.5282 288.2456 279.6894 282.2624 282.9984 282.4144 275.4669 277.9904 278.3822 278.1154  51.4194
1980 1.7142050E-08 2.5971087E-08 2.7940656E-08 2.3241503E-08 1.6351761E-08 2.1816820E-08 1.5679607E-08 1.4035279E-08 1.4736195E-08 1.3450087E-08 1.1760197E-08 1.5003472E-08 1.0324397E-08 1.1547004E-08 1.5285156E-08 2.2705141E-08 9.6762820E-09 1.2022602E-08 1.8972663E-08 2.5129889E-08  286.3226 284.6637 288.8979 297.3329 282.9431 285.1166 290.3794 295.7618 281.4231 284.7756 287.9042 288.3139 280.4525 282.8010 283.3098 282.4485 276.3135 278.5461 278.4347 277.8977  6.97419
1981 2.0303014E-08 2.8422672E-08 2.7450547E-08 1.8833706E-08 1.8633928E-08 2.3914062E-08 1.7296788E-08 1.4211671E-08 1.7809416E-08 1.6844950E-08 1.6264302E-08 1.8618424E-08 1.2610249E-08 1.4892154E-08 2.0494079E-08 3.1214618E-08 1.1939269E-08 1.4908807E-08 2.1038025E-08 3.0594759E-08  286.4041 285.0445 289.3202 297.4174 283.0066 285.3146 290.5025 295.9073 281.3073 284.7470 287.7683 288.4541 280.2181 282.7063 283.1979 282.6018 275.9459 278.3377 278.4627 278.0361  71.9032
1982 1.3575449E-08 2.5249349E-08 3.3526394E-08 3.6538111E-08 1.2730821E-08 1.8673560E-08 1.8562028E-08 2.7472135E-08 1.2910439E-08 1.4046154E-08 1.6870368E-08 2.6533746E-08 1.3175343E-08 1.5837831E-08 2.2359803E-08 3.1548439E-08 1.4915225E-08 1.8383151E-08 2.4082036E-08 3.0009378E-08  284.7963 283.3733 288.1503 297.7207 281.3071 283.6415 289.1279 296.5834 279.9490 283.1604 285.8883 286.4953 279.1268 281.0409 280.8975 280.0672 274.6668 276.4416 276.1054 275.5887  28.6452
1983 1.4271953E-08 2.1654804E-08 2.5729110E-08 2.1604567E-08 1.2476967E-08 1.8790587E-08 1.5692768E-08 1.3670435E-08 1.1761693E-08 1.2242020E-08 1.2447153E-08 1.4679952E-08 8.3939362E-09 9.7464783E-09 1.4278799E-08 2.2604645E-08 9.0329229E-09 1.0341142E-08 1.7006666E-08 2.2579522E-08  286.6737 285.0148 289.3002 297.2950 283.5106 285.7506 290.9768 295.7927 282.0107 285.5585 288.7070 289.0356 280.9613 283.6636 284.5726 283.7511 276.9200 279.4971 279.7758 279.2590  17.1613
1984 9.3618437E-09 1.7323027E-08 2.2719687E-08 1.8152738E-08 1.1427867E-08 1.7369969E-08 1.5100483E-08 1.3734978E-08 1.4371499E-08 1.4583184E-08 1.3648785E-08 1.6221074E-08 1.1260939E-08 1.2255222E-08 1.7228036E-08 2.5275842E-08 1.1272652E-08 1.3158969E-08 1.9182981E-08 2.5664692E-08  286.8421 285.8883 290.2440 297.7718 284.0524 286.6757 291.8448 296.3484 282.4144 286.1487 289.3673 289.8825 281.1392 283.7238 284.4450 283.9878 276.6978 279.0626 279.2833 279.0298  0.592258
1985 1.9251765E-08 2.7785044E-08 2.9182615E-08 2.6503933E-08 1.6473875E-08 2.3531204E-08 1.7532672E-08 1.6543927E-08 1.3725984E-08 1.3232393E-08 1.2343047E-08 1.5957385E-08 8.5898755E-09 8.6834326E-09 1.5023270E-08 2.5292762E-08 8.6514724E-09 9.5429504E-09 1.5575635E-08 2.4429076E-08  286.5745 285.0833 289.4208 297.6914 283.5813 285.6106 290.7948 296.2422 281.9664 285.1371 288.2066 288.7700 280.7454 283.0027 283.5781 282.9224 276.2776 278.3931 278.4336 278.0955  28.3548
1986 2.7498650E-08 3.8918913E-08 3.8833484E-08 3.0491453E-08 2.8213503E-08 3.3559605E-08 2.3103185E-08 2.0681297E-08 2.4453586E-08 2.1625135E-08 1.8111951E-08 2.2857419E-08 1.6490578E-08 1.7209189E-08 2.2912124E-08 3.1461557E-08 1.4477509E-08 1.7001010E-08 2.3068633E-08 2.9126880E-08  285.5723 283.7053 288.1998 297.8128 282.0819 284.0302 289.3870 296.5080 280.3310 283.6291 286.9507 287.9144 279.2878 281.7580 282.6299 282.2973 275.0752 277.5947 278.0607 278.0386  153.71
1987 1.8601586E-08 2.8112110E-08 2.9338471E-08 2.6359450E-08 1.8566510E-08 2.4492435E-08 1.8915827E-08 1.8052893E-08 1.6974946E-08 1.7007798E-08 1.6880257E-08 2.0220559E-08 1.2377572E-08 1.4104025E-08 2.0017701E-08 2.9714521E-08 1.1729909E-08 1.3569137E-08 1.9126846E-08 2.6995011E-08  286.6489 284.6810 288.5659 296.7853 283.3100 284.9480 289.7634 295.4275 281.4155 284.2179 286.9912 287.5339 280.0602 282.1671 282.6934 282.1226 275.8626 278.0483 278.2489 278.0657  155.516
1988 8.1928935E-09 1.4908666E-08 1.7039705E-08 1.2664037E-08 6.5207333E-09 1.2372097E-08 8.7701322E-09 8.4434806E-09 7.4561886E-09 7.4519155E-09 6.7320354E-09 8.8766878E-09 7.2700304E-09 7.8073619E-09 1.1048579E-08 1.7432745E-08 7.5150082E-09 1.0535327E-08 1.6388755E-08 2.3550539E-08  287.6462 286.7285 291.1756 297.6631 285.2897 288.0618 293.4184 296.7098 283.9163 287.7808 291.0955 291.3146 282.3936 285.2095 286.1176 285.5721 277.9294 280.4023 280.5539 280.3945  41.8065
1989 1.1939373E-08 2.1725004E-08 2.7085123E-08 2.3471406E-08 1.3943849E-08 2.0804187E-08 1.5884336E-08 1.5047585E-08 1.5509578E-08 1.4342342E-08 1.3337647E-08 1.8717046E-08 1.1351622E-08 1.1806609E-08 1.9226290E-08 2.8642669E-08 1.1711647E-08 1.3933503E-08 2.0351276E-08 2.7292307E-08  286.9036 285.3837 289.4838 297.3734 283.6595 285.8680 290.8145 295.9358 281.9057 285.2542 288.2195 288.7368 280.5735 282.9428 283.4956 282.8973 276.4063 278.7207 278.8754 278.6262  0
1990 2.6095066E-08 3.3947170E-08 3.1259958E-08 2.8074581E-08 2.7637379E-08 3.0045666E-08 2.1232943E-08 1.8114990E-08 2.2779901E-08 1.7961181E-08 1.6378696E-08 2.0413671E-08 1.3242669E-08 1.2522858E-08 1.5617511E-08 2.4539183E-08 1.1720888E-08 1.2457261E-08 1.5411850E-08 2.0895017E-08  285.9686 283.7208 288.1004 297.5835 282.1350 283.7140 288.8342 296.1055 280.4077 283.2760 286.1388 287.1315 279.6828 281.7417 281.9969 281.1988 275.6657 277.6787 277.4741 276.9333  0
1991 2.2822054E-08 3.2217560E-08 3.6281445E-08 3.0473032E-08 2.4868962E-08 3.1507849E-08 2.6642001E-08 2.4940165E-08 2.3026104E-08 2.4920976E-08 2.3860995E-08 2.6886800E-08 1.7176820E-08 2.0724009E-08 2.6304072E-08 3.2245978E-08 1.4240991E-08 1.9157785E-08 2.6651595E-08 2.9450989E-08  284.9250 283.4273 287.9124 297.1755 281.7443 283.8089 289.0133 295.6528 280.4644 283.5419 286.4860 287.1115 279.6340 281.9107 282.2750 281.5365 275.8480 277.9738 277.9997 277.5043  949.62
1992 3.3039186E-08 4.0279211E-08 3.8384435E-08 3.0101024E-08 3.0597175E-08 3.6807990E-08 2.8228717E-08 2.4321361E-08 2.6356762E-08 2.4208303E-08 2.5165372E-08 2.9399228E-08 1.5439767E-08 1.8217321E-08 2.5464450E-08 3.6483097E-08 1.3068390E-08 1.6385030E-08 2.1871918E-08 2.8403470E-08  285.9403 283.9440 288.3140 296.9562 282.3969 284.0631 289.1750 295.6616 280.4114 283.4552 286.4831 287.3379 279.5770 281.7371 282.3153 281.7774 275.6047 277.9095 278.0484 277.6747  148.742
1993 2.4666191E-08 3.6103092E-08 3.3975539E-08 2.6729433E-08 2.2085139E-08 2.9178974E-08 2.3603574E-08 2.0146590E-08 2.0658183E-08 1.7957360E-08 1.7276045E-08 2.4667459E-08 1.6986405E-08 1.7011903E-08 2.2940821E-08 3.7261763E-08 1.6011141E-08 1.9344093E-08 2.6504676E-08 3.4766238E-08  286.0559 284.4538 288.6825 297.3466 282.1179 284.2249 289.2869 295.6679 280.0660 283.2856 286.2094 287.0585 278.8421 281.0668 281.4534 280.9626 274.4245 276.6342 276.7066 276.3924  23.0645
1994 2.6128699E-08 4.0014740E-08 4.1291024E-08 3.6223515E-08 2.8210801E-08 3.4048128E-08 2.4346599E-08 2.2120528E-08 2.5325765E-08 2.0931514E-08 1.8762911E-08 2.3602420E-08 1.5439632E-08 1.5951388E-08 2.3310884E-08 3.2299088E-08 1.3313249E-08 1.6132446E-08 2.3554673E-08 3.0641321E-08  285.9329 283.6828 288.4543 298.4619 282.4436 284.0700 289.5307 296.6667 280.9599 283.9417 286.9883 287.7883 280.1872 282.3293 282.6406 281.8014 276.1532 278.3544 278.3035 277.5350  37.9677
1995 1.2484736E-08 1.8854028E-08 2.3245391E-08 1.7851971E-08 1.3091327E-08 2.0062441E-08 1.3948757E-08 1.0532679E-08 1.5740241E-08 1.4733849E-08 1.2703289E-08 1.1987225E-08 1.2691419E-08 1.3041001E-08 1.8209262E-08 2.4994440E-08 1.2832304E-08 1.4333362E-08 2.0594172E-08 2.8854039E-08  287.7734 286.6161 290.5869 297.1309 284.7881 287.1039 292.1596 295.6272 282.8123 286.2430 289.4297 289.7839 281.1555 283.6568 284.3562 283.7296 276.5196 278.8346 279.0363 278.7992  24.6774
1996 2.3731905E-08 3.2021816E-08 3.2663710E-08 2.5340238E-08 2.1107718E-08 2.6471877E-08 2.2167221E-08 1.8935479E-08 1.9893971E-08 1.6669368E-08 1.6540746E-08 2.1115715E-08 1.2984853E-08 1.3189947E-08 2.0762148E-08 2.9777155E-08 1.2243092E-08 1.4524066E-08 2.2888457E-08 2.9296357E-08  286.0977 284.5742 289.0768 297.2767 282.8944 285.3271 290.4606 295.6076 281.4268 284.9777 287.9156 288.4980 280.7213 282.9483 283.3480 282.6318 276.5620 278.5685 278.4184 277.9189  0.00451613
1997 9.7142641E-09 1.8582488E-08 2.5530689E-08 2.3351378E-08 1.1936398E-08 1.6946482E-08 1.5215067E-08 1.9055156E-08 1.3733695E-08 1.3437097E-08 1.6406204E-08 2.3913724E-08 1.2824976E-08 1.3888266E-08 2.1125262E-08 3.2427323E-08 1.3490261E-08 1.6335012E-08 2.4781659E-08 3.3819674E-08  285.5590 284.7474 289.1635 296.9886 281.8738 284.8086 289.8946 295.4705 280.3347 284.0992 286.6747 286.7781 279.5128 281.8883 281.9713 281.0544 275.3716 277.5633 277.4783 277.1864  0.0609677
1998 8.4348581E-09 1.4889936E-08 1.8362529E-08 1.4795294E-08 7.6514253E-09 1.3740057E-08 1.1405685E-08 9.3478416E-09 8.0756513E-09 9.0349497E-09 9.4857162E-09 1.1210425E-08 6.6886270E-09 7.5618658E-09 1.1502946E-08 1.8576994E-08 7.5317512E-09 9.5018970E-09 1.4608601E-08 1.9990196E-08  287.7902 286.6341 290.7146 297.7353 285.1091 287.5454 292.6535 296.4984 283.7247 287.1845 290.2338 290.3098 282.4560 284.9883 285.7074 284.8769 278.2427 280.6765 280.8911 280.4514  117.097
1999 1.0554826E-08 1.5861792E-08 1.9778788E-08 1.5490352E-08 9.2672368E-09 1.4086033E-08 1.0202788E-08 9.1618739E-09 1.0018806E-08 1.0297551E-08 8.2945677E-09 9.0417567E-09 7.7864710E-09 8.8616634E-09 1.2756290E-08 1.7171287E-08 8.2598381E-09 1.0004168E-08 1.5590800E-08 1.9679032E-08  287.3224 286.4756 290.7707 297.2296 284.9046 287.7589 293.1007 296.0661 283.8212 287.7435 290.9894 290.9139 282.6650 285.5032 286.3371 285.5738 278.4333 281.0713 281.2558 280.9440  26.0645
2000 1.5973896E-08 2.5207370E-08 2.9288705E-08 2.1508310E-08 1.5592869E-08 2.2965063E-08 1.7152605E-08 1.4000648E-08 1.6131656E-08 1.4891933E-08 1.2411027E-08 1.4821759E-08 1.1447646E-08 1.0918257E-08 1.3899719E-08 2.0880998E-08 9.7483710E-09 1.1224095E-08 1.5258129E-08 2.1461897E-08  286.9280 285.3737 289.4607 297.4792 284.1666 286.1530 291.2278 296.1209 282.6866 285.7785 288.7769 289.1141 281.2356 283.5229 284.0823 283.1548 276.8889 279.0615 279.0988 278.4722  26.5484
2001 3.4584758E-08 4.2786809E-08 4.1158497E-08 3.0424498E-08 3.2001484E-08 3.5583167E-08 2.4757544E-08 1.8954653E-08 2.3913836E-08 2.0165247E-08 1.8636699E-08 1.9772152E-08 1.3848054E-08 1.4584011E-08 2.1697462E-08 2.8041002E-08 1.1394075E-08 1.2695910E-08 1.8393386E-08 2.4896281E-08  285.9310 284.0084 288.5138 297.6952 282.4680 284.2528 289.5143 296.0426 280.7936 283.8445 286.9355 287.9643 280.0033 282.0093 282.5574 282.1656 275.9200 277.9976 278.0616 277.8155  24.5806
2002 1.8393759E-08 2.7286523E-08 3.2774658E-08 2.8285898E-08 1.9247395E-08 2.6185107E-08 2.3061039E-08 2.1133308E-08 1.8355793E-08 1.9294514E-08 2.3179132E-08 2.8212268E-08 1.4089475E-08 1.8395557E-08 2.7894490E-08 3.6664638E-08 1.2690077E-08 1.7328833E-08 2.6353177E-08 3.3395327E-08  286.1923 284.8423 289.4888 298.2518 282.9240 285.2273 290.4933 296.1567 281.3295 284.6192 287.4780 288.2048 280.4260 282.6947 282.9318 282.4039 276.5549 278.8223 278.6820 278.3197  208.71
2003 2.2777327E-08 3.2174963E-08 3.3339319E-08 3.0469970E-08 2.2281794E-08 2.7640034E-08 2.0551115E-08 1.7993008E-08 1.9195031E-08 1.8652408E-08 1.4940108E-08 1.6671052E-08 1.2182579E-08 1.3660236E-08 1.6972441E-08 2.3050513E-08 1.0584593E-08 1.2306073E-08 1.7516102E-08 2.2683146E-08  286.5175 284.3912 288.6432 298.1558 283.1285 284.7021 289.9351 296.6520 281.6193 284.5620 287.5800 288.2991 280.9196 282.9579 283.3586 282.5805 277.1805 279.0175 278.8887 278.3402  84.5806
2004 2.0244162E-08 3.2920646E-08 3.5680582E-08 3.5038578E-08 1.9977039E-08 2.7729211E-08 2.1899851E-08 2.1566327E-08 1.8958945E-08 1.6816003E-08 1.5159705E-08 1.9107446E-08 1.3033297E-08 1.2048003E-08 1.5071032E-08 2.1842508E-08 1.1318787E-08 1.2083967E-08 1.5002147E-08 1.9267251E-08  286.3196 284.1670 288.5038 298.7448 282.8206 284.3256 289.5870 297.3653 281.3095 284.0905 286.9632 287.7411 280.5612 282.5475 282.9106 282.0596 276.8093 278.8463 278.6856 277.9428  224.161
2005 1.2762401E-08 2.1318360E-08 2.5984990E-08 1.9169283E-08 1.3317078E-08 1.9823748E-08 1.5769590E-08 1.3332074E-08 1.5584348E-08 1.7468983E-08 1.6298692E-08 1.8919279E-08 1.1391420E-08 1.5252825E-08 1.9737897E-08 2.6960686E-08 1.0435198E-08 1.4280545E-08 1.8371068E-08 2.2048281E-08  286.7641 285.5701 290.1216 298.1664 284.0613 286.4596 291.9837 297.0419 282.8192 286.1782 289.4043 289.7754 281.8893 284.2480 284.8107 284.0629 277.8385 280.0501 280.0823 279.6416  61.0323
2006 2.0572907E-08 2.8902960E-08 3.2178274E-08 2.5048932E-08 2.0992383E-08 2.5266775E-08 1.8709409E-08 1.5783613E-08 1.7566000E-08 1.5033262E-08 1.5213173E-08 1.8325148E-08 1.1237216E-08 1.1685483E-08 1.7973251E-08 2.6559414E-08 9.5003774E-09 1.1896915E-08 1.7785759E-08 2.4555893E-08  286.8250 285.2144 289.5262 298.0882 283.3227 285.4409 290.6545 296.1652 281.7642 284.9709 287.8072 288.4209 280.7387 282.8885 283.3009 282.6617 276.5663 278.7880 278.7909 278.5457  0
2007 9.2667154E-09 1.5606780E-08 1.7171914E-08 1.5580346E-08 8.8223384E-09 1.4639467E-08 9.2635313E-09 9.3901908E-09 9.1920755E-09 8.9779766E-09 8.3939016E-09 1.1044674E-08 8.1242364E-09 7.5062099E-09 1.1438465E-08 1.9281021E-08 9.6289723E-09 1.0456230E-08 1.6087013E-08 2.2458304E-08  287.5828 286.5981 290.6969 297.3173 285.1738 287.5757 292.7225 296.0102 283.7787 287.3038 290.3302 290.4080 282.2417 284.8566 285.6456 284.8828 277.5826 280.0674 280.3000 279.9344  148.161
2008 1.1157345E-08 1.5711132E-08 2.2250191E-08 1.7196330E-08 1.1612785E-08 1.5521641E-08 1.2955780E-08 1.1737837E-08 1.3144881E-08 1.2037143E-08 1.0998719E-08 1.4425804E-08 1.0661859E-08 1.2014111E-08 1.6956699E-08 2.4346573E-08 1.1353510E-08 1.4007922E-08 2.1617709E-08 2.8494943E-08  287.6679 287.0132 291.1342 297.7113 284.6144 287.5305 292.6350 296.1040 282.8626 286.7871 289.9382 290.0598 281.3661 284.2192 284.8999 284.2795 276.8865 279.4521 279.6642 279.6452  16.9355
2009 2.1997046E-08 3.2096832E-08 3.0313242E-08 3.1567936E-08 2.3412142E-08 2.9838279E-08 2.0746439E-08 2.0063824E-08 2.0374971E-08 1.8633278E-08 1.5483046E-08 2.1191276E-08 1.2505775E-08 1.3601896E-08 1.6350583E-08 2.6911703E-08 1.0600508E-08 1.2388462E-08 1.7526586E-08 2.4283690E-08  286.4384 284.1167 288.3023 297.5743 282.5313 284.0690 289.2228 295.9757 280.8607 283.7169 286.5016 287.2328 280.2940 282.2316 282.3199 281.4238 276.4442 278.3694 277.9809 277.2308  0.428387
2010 7.8546192E-09 1.3416895E-08 1.6581103E-08 1.5262318E-08 6.7959460E-09 1.0646009E-08 8.4428322E-09 9.5851318E-09 7.0343820E-09 7.6102529E-09 7.2420652E-09 8.6533358E-09 5.4752807E-09 6.6494485E-09 1.1694672E-08 1.6344803E-08 7.2062987E-09 9.7129700E-09 1.4983257E-08 2.0883771E-08  287.9187 287.2234 291.0912 297.3100 285.3568 288.0204 293.0422 296.2180 283.7885 287.5618 290.7189 290.9147 282.2521 285.0287 285.9438 285.3118 277.7534 280.1010 280.4093 280.3587  0
2011 1.1745843E-08 2.0709463E-08 2.5425722E-08 2.3185002E-08 1.1853997E-08 1.8151207E-08 1.4852634E-08 1.3866332E-08 1.2861404E-08 1.1817114E-08 1.1897384E-08 1.3375108E-08 9.6358423E-09 1.1009374E-08 1.7676227E-08 2.3679316E-08 9.0581294E-09 1.1291650E-08 1.9579263E-08 2.7493192E-08  287.4837 286.1456 290.1181 297.8668 284.5299 286.5542 291.6307 296.6151 282.6038 285.8632 288.9660 289.4001 280.7880 283.3361 284.2219 283.7039 276.3228 278.7538 279.1730 279.0796  0
2012 1.5570611E-08 2.4843152E-08 2.7592964E-08 2.7152574E-08 1.5119770E-08 2.1502544E-08 1.4769760E-08 1.5988219E-08 1.5873189E-08 1.3396603E-08 1.1290872E-08 1.4413547E-08 1.3120204E-08 1.1918564E-08 1.5302291E-08 2.4193499E-08 1.2637146E-08 1.3793916E-08 1.8405272E-08 2.5992769E-08  286.7310 284.7296 288.9435 298.3259 283.3557 284.9428 290.0381 296.4827 281.6178 284.3648 287.2519 287.9607 280.3396 282.2082 282.5587 281.7336 276.0208 277.8860 277.7139 277.1408  0
2013 2.3691172E-08 3.2777749E-08 3.4598802E-08 2.8464042E-08 2.3875510E-08 3.2170142E-08 2.5719306E-08 1.9685523E-08 2.0306910E-08 2.2316103E-08 2.2075364E-08 2.0715120E-08 1.2698671E-08 1.5640195E-08 2.2881665E-08 3.1558450E-08 9.7374047E-09 1.3438049E-08 2.0076188E-08 2.9535419E-08  286.7626 285.1319 289.5338 297.7162 283.4993 285.4000 290.7542 296.5937 281.7029 284.7803 287.8962 288.8429 280.7582 282.7797 283.2096 282.6736 276.6889 278.6572 278.4625 277.9503  0
2014 2.3191440E-08 2.9349378E-08 3.0082301E-08 2.3959297E-08 2.5998290E-08 2.8757839E-08 2.1284695E-08 1.7341593E-08 2.4650857E-08 2.1701727E-08 2.1472983E-08 2.0779099E-08 1.6568013E-08 1.6812413E-08 2.3614954E-08 3.0185550E-08 1.2528263E-08 1.3455521E-08 1.8789869E-08 2.5379398E-08  286.0369 284.1774 288.6961 297.5882 282.7577 284.5970 289.9183 296.0437 281.1530 284.1738 287.1612 287.9599 280.2815 282.4415 282.8852 282.3589 276.6943 278.8395 278.8823 278.4877  0
2015 2.1750616E-08 3.2866978E-08 3.7448540E-08 3.6950649E-08 2.1296909E-08 2.6478705E-08 2.2009539E-08 2.2711882E-08 1.8665620E-08 1.6571651E-08 1.7950176E-08 2.5268919E-08 1.2727204E-08 1.5074400E-08 2.2413207E-08 3.2510574E-08 1.2507702E-08 1.6379854E-08 2.5933844E-08 3.2906549E-08  286.3040 284.6700 289.3616 298.9310 282.5553 284.8388 290.2862 296.9119 281.0441 284.5528 287.4549 288.0703 280.6262 282.9153 283.1457 282.3045 276.6818 278.9901 278.9307 278.4162  0
