STN,prec_1,prec_2,prec_3,prec_4,prec_5,prec_6,prec_7,prec_8,prec_9,prec_10,prec_11,prec_12,prec_13,prec_14,prec_15,prec_16,prec_17,prec_18,prec_19,prec_20,st_1,st_2,st_3,st_4,st_5,st_6,st_7,st_8,st_9,st_10,st_11,st_12,st_13,st_14,st_15,st_16,st_17,st_18,st_19,st_20,07.0
LAT,23.72017,23.72017,23.72017,23.72017,26.51077,26.51077,26.51077,26.51077,29.30136,29.30136,29.30136,29.30136,32.09194,32.09194,32.09194,32.09194,34.88252,34.88252,34.88252,34.88252,23.72017,23.72017,23.72017,23.72017,26.51077,26.51077,26.51077,26.51077,29.30136,29.30136,29.30136,29.30136,32.09194,32.09194,32.09194,32.09194,34.88252,34.88252,34.88252,34.88252,28.73664429
LON,-104.0625,-101.2500,-98.43750,-95.62500,-104.0625,-101.2500,-98.43750,-95.62500,-104.0625,-101.2500,-98.43750,-95.62500,-104.0625,-101.2500,-98.43750,-95.62500,-104.0625,-101.2500,-98.43750,-95.62500,-104.0625,-101.2500,-98.43750,-95.62500,-104.0625,-101.2500,-98.43750,-95.62500,-104.0625,-101.2500,-98.43750,-95.62500,-104.0625,-101.2500,-98.43750,-95.62500,-104.0625,-101.2500,-98.43750,-95.62500,-99.1447556
1958 1.5166515E-08 1.8661726E-08 1.9806683E-08 1.5394676E-08 1.2178504E-08 1.8627604E-08 1.1797681E-08 1.0717713E-08 1.2992711E-08 1.4058437E-08 9.9279793E-09 1.2733667E-08 9.6347037E-09 1.2352476E-08 1.6702410E-08 2.2752561E-08 1.0312104E-08 1.4995360E-08 2.2641395E-08 2.7224115E-08  289.1548 288.4560 293.3112 299.1569 287.4140 290.4903 296.4992 298.1675 287.1476 291.3503 294.9544 294.6530 286.5890 289.7473 290.8651 290.0267 282.8182 285.5513 286.1360 286.0802  125.516
1959 1.3822464E-08 1.8180781E-08 2.1989610E-08 1.9130468E-08 1.2508811E-08 2.1711351E-08 1.2596062E-08 1.1718105E-08 1.4863956E-08 1.8766146E-08 1.1795623E-08 1.3377744E-08 1.2275818E-08 1.6893948E-08 1.8957373E-08 2.4683981E-08 1.2677748E-08 2.1148519E-08 2.6858824E-08 2.8797858E-08  289.4254 288.5391 293.0233 299.1336 287.5197 290.2850 296.1796 298.1483 286.9030 290.8976 294.4199 294.2777 286.1639 289.3350 290.4741 289.7216 282.4829 285.3027 286.0596 286.0032  115.645
1960 1.8910274E-08 2.4555201E-08 2.4049410E-08 1.8111646E-08 1.5103568E-08 2.3030182E-08 1.3700929E-08 1.1167621E-08 1.6088656E-08 1.9346816E-08 1.2259131E-08 1.3508948E-08 1.1567500E-08 1.7510894E-08 2.3129706E-08 2.7084305E-08 1.2428252E-08 2.2781606E-08 3.3045580E-08 3.5001481E-08  289.0615 288.1962 293.0570 299.2780 287.2685 290.2398 296.1666 298.2529 286.9403 291.0725 294.5318 294.3819 286.1737 289.3188 290.2047 289.3388 282.2876 284.9246 285.3577 285.1001  3.8871
1961 1.9922656E-08 2.5092788E-08 2.5307514E-08 2.2240512E-08 1.6901817E-08 2.5869474E-08 1.8811804E-08 1.6138529E-08 1.6454019E-08 2.0716772E-08 1.6522964E-08 1.8929173E-08 1.1365629E-08 1.6292415E-08 1.9975474E-08 2.7974805E-08 1.1493170E-08 1.8941705E-08 2.6005374E-08 3.0394368E-08  288.6580 287.7388 292.6893 299.0895 286.7295 289.7343 295.6697 298.1244 286.4793 290.6579 294.1922 294.1084 286.0401 289.3459 290.4418 289.6696 282.4898 285.5188 286.2514 286.0700  65.9032
1962 1.4070759E-08 1.5688057E-08 1.7110821E-08 1.6096726E-08 1.0323002E-08 1.5493612E-08 1.0788086E-08 9.1722354E-09 1.0354520E-08 1.3025677E-08 9.0675032E-09 1.2369385E-08 8.3528997E-09 1.1289202E-08 1.4273427E-08 2.0685151E-08 9.8304502E-09 1.5689855E-08 2.0997799E-08 2.4682901E-08  288.9635 288.3331 293.0830 299.0905 287.4505 290.5012 296.2974 298.1224 287.2536 291.5136 294.8480 294.2508 286.5970 289.9846 290.9327 289.7988 282.8970 285.8197 286.2782 285.9139  0
1963 1.9727336E-08 2.4467814E-08 2.7076174E-08 1.7507062E-08 1.9471280E-08 2.7486434E-08 1.9390358E-08 1.3808325E-08 1.9753781E-08 2.0305446E-08 1.5744304E-08 1.7304570E-08 1.3970054E-08 1.6643940E-08 1.9013155E-08 2.5124699E-08 1.4142592E-08 1.9004149E-08 2.5236851E-08 2.8760196E-08  289.2579 288.5168 293.2730 299.1515 287.2804 290.3227 296.1530 298.1624 286.6772 290.7983 294.2254 294.0617 286.2236 289.1364 290.0370 289.2901 282.5479 285.1193 285.5234 285.3452  0
1964 1.2754642E-08 1.5825178E-08 1.4380663E-08 1.3481925E-08 8.9683372E-09 1.4187528E-08 8.9931520E-09 7.5257454E-09 7.9206552E-09 9.3875485E-09 6.8105304E-09 8.2850997E-09 5.9128360E-09 6.7777086E-09 9.4784829E-09 1.4734010E-08 7.1241963E-09 1.0481425E-08 1.6239401E-08 2.0501329E-08  289.1555 288.5248 293.3657 299.2844 287.8006 290.8737 296.7130 298.2667 287.8776 292.0934 295.2925 294.5959 287.3853 290.5883 291.3125 290.0479 283.3783 286.0292 286.3752 286.1200  0
1965 1.7021327E-08 2.1728690E-08 2.8857764E-08 2.0810296E-08 1.7044012E-08 2.6958499E-08 2.1284100E-08 1.5132613E-08 1.9183876E-08 2.1656838E-08 1.8211617E-08 2.0490701E-08 1.2077882E-08 1.6446867E-08 2.3057432E-08 3.1285712E-08 1.0654912E-08 1.6334130E-08 2.6635535E-08 3.2070560E-08  288.8505 287.8241 292.3893 299.0376 286.4795 289.0981 294.9626 298.0779 285.4635 289.5258 293.0246 293.1735 285.1350 288.0673 289.0643 288.4670 281.6825 284.3575 284.8437 284.6596  0
1966 1.9508244E-08 2.4166983E-08 2.4834891E-08 1.9518788E-08 1.7647524E-08 2.9069950E-08 1.7633077E-08 1.3073758E-08 1.9595422E-08 2.4703327E-08 1.9213667E-08 1.9688075E-08 1.3728192E-08 1.9538994E-08 2.5182844E-08 3.4748595E-08 1.3259124E-08 2.0705155E-08 2.4774616E-08 3.2375759E-08  288.7286 287.9997 292.9471 299.0687 286.8605 289.7766 295.8818 298.1122 286.3583 290.4200 293.9968 293.8978 285.9304 288.9379 289.8081 288.9208 282.1862 284.8532 285.3069 284.8373  0
1967 1.4514820E-08 2.0602906E-08 2.4355447E-08 2.0431365E-08 1.2434373E-08 2.0247303E-08 1.2472369E-08 1.1825234E-08 1.4994232E-08 1.5850562E-08 1.2612690E-08 1.4704115E-08 1.2934708E-08 1.5457324E-08 2.1402139E-08 2.8297789E-08 1.2608515E-08 1.6833607E-08 2.4038163E-08 3.1995512E-08  288.7936 288.0608 292.8786 299.0874 286.8889 289.9550 296.0003 298.1221 286.5319 290.7689 294.2997 293.9600 286.0119 289.1929 290.1686 289.2466 282.4071 285.1346 285.7181 285.4466  2.53613
1968 1.5185341E-08 2.1177428E-08 2.4254609E-08 1.9369164E-08 1.5187448E-08 2.2684240E-08 1.4480795E-08 1.1958313E-08 1.6474736E-08 1.8149773E-08 1.4043468E-08 1.5277147E-08 1.2096822E-08 1.6964798E-08 2.0533831E-08 2.8254957E-08 1.1797582E-08 1.9687990E-08 2.7127758E-08 3.3329961E-08  288.8875 288.1280 292.7878 298.9901 286.9454 289.9169 295.8444 298.0455 286.2187 290.4460 293.8978 293.6990 285.4166 288.5319 289.4463 288.5462 281.7863 284.3453 284.7500 284.4298  28.9826
1969 1.9156829E-08 2.7625470E-08 3.1943429E-08 2.3812953E-08 1.8149363E-08 2.9718413E-08 1.9096575E-08 1.5916974E-08 1.8793592E-08 2.1976133E-08 1.6095814E-08 1.8551832E-08 1.1918967E-08 1.5734617E-08 2.1421549E-08 2.7975013E-08 1.1083613E-08 1.7747022E-08 2.4841258E-08 2.8798215E-08  288.8452 287.6436 292.4103 299.2095 286.4734 289.1781 295.2826 298.2080 285.6402 289.6249 293.3217 293.4201 285.1573 288.0317 288.9555 288.3598 281.6006 284.0565 284.4877 284.4323  0
1970 1.5284906E-08 2.0622755E-08 2.2275996E-08 1.6179948E-08 1.2888081E-08 2.1525034E-08 1.3774860E-08 1.1447163E-08 1.3183585E-08 1.6323172E-08 1.0905370E-08 1.2667654E-08 1.0082442E-08 1.5150937E-08 1.6450045E-08 2.0024720E-08 9.8277289E-09 1.6229913E-08 2.0643757E-08 2.3863924E-08  289.0168 288.3675 293.1525 299.0316 287.2988 290.4786 296.3855 298.0815 287.0379 291.4608 294.9680 294.4002 286.4865 289.9133 290.9931 290.0075 282.7159 285.7253 286.4309 286.1985  0
1971 1.4301023E-08 1.9804991E-08 2.1297735E-08 1.5864222E-08 1.1887572E-08 1.9202496E-08 1.1505501E-08 1.1235838E-08 1.2105305E-08 1.5905041E-08 1.1124158E-08 1.5310462E-08 8.6911589E-09 1.4478736E-08 1.8220831E-08 2.1009765E-08 9.1857419E-09 1.4982097E-08 2.2585011E-08 2.6505171E-08  288.7612 287.9370 292.8010 299.0003 287.0534 290.1709 296.1118 298.0624 286.6751 291.0629 294.5706 294.0811 286.1444 289.4842 290.5831 289.6307 282.5490 285.5063 286.1465 285.9167  65.7703
1972 1.8984441E-08 2.5857194E-08 3.2705824E-08 2.3015845E-08 1.6700387E-08 2.7993586E-08 2.0311926E-08 1.5245798E-08 1.8120593E-08 2.3405882E-08 1.8540351E-08 1.9749359E-08 1.4920841E-08 2.2668761E-08 2.8560130E-08 3.3262914E-08 1.5514994E-08 2.3804626E-08 3.0957175E-08 3.5747522E-08  288.7937 287.8809 292.5651 298.9636 286.8310 289.4987 295.4270 298.0289 286.1007 289.9534 293.3499 293.4615 285.3395 288.1169 288.8739 288.3719 281.5645 283.9915 284.3608 284.2430  1.80065
1973 1.0005314E-08 1.3438870E-08 1.6809281E-08 1.4575733E-08 8.5368494E-09 1.6210063E-08 1.2278444E-08 1.0147760E-08 1.1007034E-08 1.2834674E-08 9.6205728E-09 1.0819790E-08 1.0384642E-08 1.4313036E-08 1.6650379E-08 2.1428415E-08 1.0564894E-08 1.7586254E-08 2.2534614E-08 2.6195398E-08  289.0906 288.5684 293.2720 299.1943 287.6883 290.8012 296.5459 298.2047 287.3837 291.6171 295.0041 294.5681 286.6803 289.9215 290.9559 290.0038 282.8893 285.7231 286.3347 285.9762  2583.32
1974 1.2684609E-08 1.8124833E-08 2.3495048E-08 1.8718692E-08 1.1044857E-08 1.9140041E-08 1.4318955E-08 1.2343257E-08 1.3725052E-08 1.5374930E-08 1.2930460E-08 1.5545966E-08 1.1202465E-08 1.5040628E-08 2.0428592E-08 2.4863548E-08 1.1148874E-08 1.9082574E-08 2.7730573E-08 3.0599892E-08  288.6718 288.0982 292.8729 299.1336 286.8683 290.0353 296.0324 298.1607 286.3677 290.8062 294.3867 294.0489 285.8930 289.1464 290.1293 289.2376 282.0509 284.9326 285.4283 285.1700  8.76774
1975 1.5187096E-08 1.7286993E-08 1.8026476E-08 1.6286602E-08 1.1835805E-08 1.7223426E-08 1.0949870E-08 9.9385371E-09 1.1225850E-08 1.2705851E-08 8.9002707E-09 1.0104137E-08 8.9122780E-09 1.0878378E-08 1.3994448E-08 1.8064627E-08 1.0327187E-08 1.4267912E-08 1.9198524E-08 2.1761920E-08  288.8827 288.2569 292.9610 299.2246 287.2421 290.0935 296.0891 298.2278 286.9807 291.0168 294.3644 294.0534 286.4731 289.5654 290.4240 289.4092 282.8300 285.6495 286.0961 285.7731  134.548
1976 1.7724433E-08 2.3880084E-08 2.6687971E-08 2.0140559E-08 1.6896106E-08 2.7142390E-08 2.0490701E-08 1.5984703E-08 1.7371503E-08 1.9865089E-08 1.3436888E-08 1.6544158E-08 1.1453916E-08 1.3250498E-08 1.6020769E-08 2.2100791E-08 9.9244231E-09 1.3946335E-08 1.9731210E-08 2.5400434E-08  288.6430 287.8654 292.6743 299.1055 286.5313 289.5928 295.6149 298.1409 286.1634 290.3945 293.9629 293.7303 285.8059 288.9856 289.9021 288.9831 282.1998 285.0705 285.5376 285.1504  956.548
1977 1.5670796E-08 2.0817003E-08 2.3705178E-08 1.8372734E-08 1.5759261E-08 2.3849813E-08 1.5908705E-08 1.2302372E-08 1.5328496E-08 1.6455884E-08 1.1177836E-08 1.4720159E-08 1.0416820E-08 1.3139267E-08 1.4561448E-08 2.2122304E-08 9.3744879E-09 1.3806187E-08 1.9680094E-08 2.4159364E-08  288.4308 287.7629 292.7503 299.0905 286.5223 289.7364 295.8539 298.1298 286.3951 290.6994 294.2809 293.8746 286.0540 289.2152 290.1642 289.2031 282.3141 285.1125 285.6394 285.4123  88.1935
1978 1.6319449E-08 2.1206388E-08 2.1073291E-08 1.6827764E-08 1.5319658E-08 2.2458122E-08 1.2836827E-08 9.8741637E-09 1.4452026E-08 1.5796187E-08 1.1247584E-08 1.2538605E-08 8.7517860E-09 1.1144191E-08 1.6293928E-08 2.0374085E-08 1.0267796E-08 1.7024677E-08 2.4742237E-08 2.7178302E-08  288.4524 287.9715 293.0085 299.0826 286.6968 290.0820 296.3072 298.1200 286.5292 291.2308 294.9847 294.5229 286.3219 289.9208 291.2323 290.2860 282.9787 286.0628 286.8348 286.6595  1.69097
1979 1.7226375E-08 2.3989408E-08 2.9363550E-08 2.1259440E-08 1.9428365E-08 2.7990259E-08 1.7797186E-08 1.2829394E-08 2.2636337E-08 2.3484859E-08 1.6532276E-08 1.6743240E-08 1.6341343E-08 2.1737096E-08 2.6341690E-08 2.8993243E-08 1.6715106E-08 2.6442635E-08 3.5187952E-08 3.6278784E-08  288.9919 288.1223 292.7374 299.1009 286.9222 289.7179 295.6695 298.1298 286.1880 290.2204 293.8528 293.8708 285.4509 288.5660 289.6583 289.1060 281.8376 284.6131 285.2753 285.1703  112.161
1980 1.7470571E-08 2.3660421E-08 3.1530419E-08 2.1001584E-08 1.6823797E-08 2.5365795E-08 2.0591076E-08 1.5267814E-08 1.6939101E-08 1.8469741E-08 1.5422101E-08 1.9779103E-08 1.2199626E-08 1.4531224E-08 1.9311907E-08 3.0998564E-08 1.1841380E-08 1.7453246E-08 2.5181906E-08 3.2946758E-08  289.0358 288.2166 292.8470 299.1280 287.0908 290.1042 295.9467 298.1472 286.6697 290.9703 294.4844 294.1913 286.2123 289.5445 290.5544 289.6061 282.6240 285.5535 286.1584 285.8676  0.0483871
1981 1.8443984E-08 1.9802217E-08 2.1293785E-08 1.4365254E-08 1.5144048E-08 1.8578202E-08 1.3365637E-08 1.0173288E-08 1.4056216E-08 1.6390654E-08 1.2524123E-08 1.5220868E-08 1.0849217E-08 1.7342714E-08 2.0503158E-08 2.6224367E-08 1.1869412E-08 1.8546084E-08 2.5413845E-08 2.9605244E-08  288.7398 287.9502 292.6822 299.0205 286.8893 289.9333 295.7346 298.0738 286.4620 290.6474 294.0562 293.6614 285.7753 288.9954 289.9438 289.0113 282.0281 284.8342 285.4168 285.2921  452.419
1982 2.6782374E-08 3.4666478E-08 3.4596663E-08 2.1978728E-08 2.5610554E-08 3.6888466E-08 2.5074710E-08 2.0835623E-08 2.4720981E-08 2.7387880E-08 2.1001608E-08 2.4061407E-08 1.8658117E-08 2.2543754E-08 2.6818450E-08 3.3983376E-08 1.8906116E-08 2.6330770E-08 3.1213933E-08 3.3947330E-08  288.1577 287.2791 292.0963 299.0319 285.7731 288.6007 294.5166 298.0834 285.0841 289.0608 292.6289 292.7747 284.7617 287.6902 288.4724 287.8424 281.3826 283.9966 284.4546 284.2591  24.0677
1983 1.6405092E-08 2.5673646E-08 2.7965122E-08 2.2855414E-08 1.6017347E-08 2.7231822E-08 1.7695168E-08 1.3780076E-08 1.4952731E-08 1.8249427E-08 1.4128206E-08 1.4410103E-08 1.1586155E-08 1.6078049E-08 2.0233927E-08 2.3451500E-08 1.2238769E-08 1.9603849E-08 2.4541984E-08 2.7490161E-08  288.8271 287.6301 292.4131 299.4086 286.7396 289.5792 295.4223 298.3619 286.5120 290.4729 293.8196 293.3828 286.1497 289.1097 289.8465 288.7579 282.7672 285.2868 285.5861 285.0985  9.09355
1984 1.1676926E-08 1.4633750E-08 1.4455350E-08 1.2581618E-08 1.1422043E-08 1.7474006E-08 9.3444337E-09 8.2479934E-09 1.3002251E-08 1.3565280E-08 8.6957375E-09 9.2233359E-09 1.1430269E-08 1.4346432E-08 1.7419636E-08 1.8347112E-08 1.0822415E-08 1.6478442E-08 2.3302634E-08 2.5390648E-08  289.2919 288.6416 293.2343 299.0455 287.9480 290.8982 296.6482 298.0984 287.6326 291.8117 295.2612 294.7473 286.8696 290.0796 291.1544 290.2745 283.1605 286.0006 286.5883 286.3191  0
1985 1.5288331E-08 1.9133525E-08 2.2410998E-08 1.4884876E-08 1.0791291E-08 1.8756220E-08 1.3131528E-08 1.1436487E-08 1.1759160E-08 1.4186775E-08 1.2981947E-08 1.4507285E-08 9.8199546E-09 1.2891057E-08 1.9499033E-08 2.4710825E-08 9.7820152E-09 1.5782851E-08 2.4594264E-08 3.0742498E-08  288.9385 288.5475 293.2766 299.2032 287.4333 290.5796 296.4713 298.2163 287.0605 291.3721 294.8160 294.4375 286.3780 289.6236 290.6370 289.8591 282.6230 285.2264 285.6581 285.5131  2.19097
1986 1.8427670E-08 2.4077762E-08 2.9049767E-08 1.8693729E-08 1.8377007E-08 2.5603889E-08 2.0670599E-08 1.3467437E-08 1.7465480E-08 1.9415738E-08 1.5872399E-08 1.4540372E-08 1.3843970E-08 1.7416456E-08 2.1152095E-08 2.4537423E-08 1.3845871E-08 2.0471632E-08 2.5230605E-08 2.7645793E-08  288.6184 287.7776 292.5609 299.2614 286.4316 289.5219 295.4446 298.2477 285.9499 290.2834 293.8322 293.8237 285.4866 288.6109 289.7207 289.0277 281.7890 284.4353 285.0169 284.9456  13.1906
1987 1.7915962E-08 2.5941716E-08 2.9618406E-08 2.0899593E-08 1.9044906E-08 2.5413375E-08 1.6256402E-08 1.1893311E-08 1.9200497E-08 2.0822963E-08 1.5934512E-08 1.7568404E-08 1.5684632E-08 1.9426993E-08 2.5852323E-08 3.2895176E-08 1.5452677E-08 2.3439229E-08 2.9533803E-08 3.4797726E-08  288.6175 287.5426 292.3474 299.4684 286.4021 289.1856 295.1305 298.3947 285.6971 289.6395 293.1571 293.0980 285.0715 287.8804 288.7880 288.1326 281.6854 284.0209 284.4284 284.2822  637
1988 1.5495003E-08 1.8219753E-08 1.9666441E-08 1.5147091E-08 1.2015960E-08 1.7292288E-08 1.0687875E-08 9.9242348E-09 1.2131040E-08 1.1784154E-08 7.4619422E-09 1.0840894E-08 8.6654142E-09 9.3024655E-09 1.2209860E-08 1.6708828E-08 9.6667039E-09 1.1079752E-08 1.7401510E-08 2.1375902E-08  288.4101 287.8741 292.8714 299.1245 287.1608 290.2761 296.3697 298.1521 287.2124 291.5322 295.1550 294.5253 286.9539 290.1600 291.3529 290.3641 283.3292 286.0263 286.6606 286.4757  147.516
1989 1.4342636E-08 2.0359135E-08 1.9604677E-08 1.6215113E-08 1.1330746E-08 1.7505263E-08 1.0923984E-08 9.8872386E-09 9.5160146E-09 1.0812504E-08 7.4489055E-09 8.2621909E-09 5.9939658E-09 9.0869916E-09 1.1180481E-08 1.3032441E-08 6.5085359E-09 1.1220303E-08 1.5952095E-08 1.6669860E-08  288.8643 288.2784 293.2552 299.1434 287.2881 290.7641 296.6768 298.1663 287.3187 292.0565 295.5957 294.9595 287.1017 290.6991 291.8050 290.7398 283.5086 286.4746 287.1406 286.9662  0
1990 2.2029985E-08 2.9459168E-08 3.3229703E-08 2.2939279E-08 1.8238708E-08 2.8267872E-08 2.0580210E-08 1.5978181E-08 1.7585926E-08 1.9967038E-08 1.8987631E-08 2.1272571E-08 1.2908938E-08 1.5856573E-08 2.2565411E-08 2.9372783E-08 1.1340092E-08 1.5910800E-08 2.4841468E-08 3.1301589E-08  288.5471 287.5546 292.3885 299.1944 286.3710 289.1971 295.0895 298.1998 285.9568 289.8939 293.2827 293.2803 285.4764 288.3915 289.2057 288.4712 281.9500 284.5894 285.1149 284.8887  737.226
1991 1.9095834E-08 2.4671211E-08 2.9244335E-08 2.2735255E-08 1.6311118E-08 2.3774621E-08 1.9833490E-08 1.5746318E-08 1.6303542E-08 1.6839950E-08 1.4814237E-08 1.8273106E-08 1.2324731E-08 1.3577901E-08 2.0566167E-08 2.8852797E-08 1.3378935E-08 1.8505233E-08 2.6097997E-08 3.1463781E-08  288.4325 287.7606 292.6890 299.3777 286.5349 289.5474 295.6004 298.3422 286.1761 290.4118 293.9959 293.7375 285.8108 288.9019 289.8983 288.9840 282.1284 284.9262 285.5127 285.3053  0
1992 2.2333131E-08 2.9720534E-08 3.4265113E-08 2.2920146E-08 2.2947589E-08 3.0805463E-08 2.2305899E-08 1.5378793E-08 2.1067219E-08 2.0465468E-08 1.6720772E-08 1.6882041E-08 1.5383764E-08 1.8279714E-08 2.3577392E-08 2.8798832E-08 1.4776121E-08 2.0278724E-08 2.6598968E-08 3.2553739E-08  288.3679 287.0951 291.7446 299.2306 285.6536 288.2051 294.0363 298.2185 284.8131 288.6928 292.1318 292.1521 284.5798 287.4449 288.1131 287.2539 281.3882 283.9604 284.1477 283.6472  304.097
1993 2.1393443E-08 3.3697745E-08 3.6677502E-08 2.6042574E-08 2.3754820E-08 3.1554556E-08 2.5751959E-08 1.9362410E-08 2.4728482E-08 2.4908408E-08 2.2776609E-08 2.5858380E-08 1.6140154E-08 1.8578818E-08 2.3592797E-08 3.3192265E-08 1.4125414E-08 2.0005556E-08 2.7342105E-08 3.3916770E-08  288.4080 286.9933 291.6200 299.1602 285.5453 288.1596 293.8116 298.1754 284.6100 288.4817 291.7037 291.9052 284.3106 287.1586 287.7216 286.8357 280.9981 283.5045 283.6895 283.2266  42.6452
1994 2.6342178E-08 3.4668997E-08 3.6149569E-08 2.5711245E-08 2.1393953E-08 2.8994425E-08 2.3228615E-08 1.7091210E-08 2.0073360E-08 2.0619641E-08 1.6431425E-08 2.0235989E-08 1.3404910E-08 1.5711658E-08 2.0899991E-08 3.0705717E-08 1.2393840E-08 1.6794301E-08 2.3024418E-08 2.9613373E-08  287.9186 286.8885 291.9082 299.1521 285.7615 288.6492 294.6001 298.1844 285.2755 289.3079 292.7974 292.8008 285.0494 287.9714 288.7514 287.8297 281.6897 284.2811 284.6844 284.2593  7.15806
1995 1.9953236E-08 2.4664995E-08 2.6576879E-08 1.8154630E-08 1.7518724E-08 2.3055346E-08 1.5813814E-08 1.1941331E-08 1.6749457E-08 1.7841742E-08 1.1892896E-08 1.4295471E-08 1.1654339E-08 1.6084369E-08 1.9007649E-08 2.3638195E-08 9.9317976E-09 1.6471505E-08 2.4512762E-08 2.7923443E-08  289.1939 288.6665 293.6136 299.4244 287.5671 290.8127 296.7595 298.3715 287.3483 291.6975 295.3843 295.0374 286.7566 290.0467 291.3063 290.6559 282.8702 285.8010 286.6275 286.7744  36.8968
1996 1.8671827E-08 2.0992067E-08 2.1279840E-08 1.7044453E-08 1.7230079E-08 2.4191674E-08 1.5540637E-08 1.1657951E-08 1.5239236E-08 1.6617243E-08 1.3320004E-08 1.4472921E-08 1.1742618E-08 1.4150071E-08 2.0008377E-08 2.4025384E-08 1.1048446E-08 1.7685871E-08 2.5581562E-08 2.9574489E-08  289.0692 288.4586 293.3068 299.2337 287.2015 290.2840 296.1725 298.2325 286.8296 290.8956 294.3935 294.2188 286.1597 289.2591 290.2035 289.4839 282.4480 285.1786 285.6396 285.4608  0
1997 2.9623193E-08 3.6930558E-08 3.7451009E-08 2.7490326E-08 2.5256082E-08 3.3346467E-08 2.6416473E-08 2.3192186E-08 2.2066153E-08 2.4076966E-08 2.0712760E-08 2.7837000E-08 1.5763526E-08 1.8707428E-08 2.2727088E-08 3.5870304E-08 1.7002684E-08 2.3226107E-08 2.7836840E-08 3.3607812E-08  287.7196 286.6982 291.7712 299.3351 285.2238 288.2463 294.1685 298.2999 284.8767 288.8909 292.2805 292.4091 284.8254 287.5561 288.1618 287.3964 281.3484 283.7112 283.9647 283.7625  352.935
1998 7.3197306E-09 1.3104692E-08 1.6407531E-08 1.4136206E-08 7.2545676E-09 1.1925553E-08 7.4710895E-09 6.3996990E-09 8.2047880E-09 8.7696774E-09 5.1852505E-09 5.1308922E-09 7.0340174E-09 9.1130650E-09 9.2208507E-09 1.2133211E-08 7.1699988E-09 9.5184927E-09 1.4757585E-08 1.9542060E-08  289.5007 288.8741 293.5076 299.1725 287.9602 291.2032 297.0154 298.1873 287.9081 292.3232 295.7090 294.8215 287.4530 290.8241 292.0193 290.9379 283.8572 286.7658 287.3954 287.0472  0
1999 1.1018560E-08 1.4039550E-08 1.4793463E-08 1.3285679E-08 8.2935809E-09 1.3141293E-08 7.9397751E-09 7.5233180E-09 7.7771229E-09 8.2550677E-09 6.4434862E-09 6.7476198E-09 4.9432076E-09 6.6700512E-09 9.6479065E-09 1.2161523E-08 6.6686039E-09 1.0361076E-08 1.4677714E-08 1.8376433E-08  289.1045 288.6338 293.3251 299.2944 287.8006 290.9824 296.7951 298.2839 287.7266 292.0499 295.3469 294.5631 287.1848 290.4502 291.4420 290.2917 283.4616 286.1809 286.7138 286.3660  53.3871
2000 1.5682280E-08 2.1832507E-08 2.6201244E-08 1.7869963E-08 1.5448570E-08 2.1942885E-08 1.6133860E-08 1.1687542E-08 1.4143795E-08 1.5556006E-08 1.1178225E-08 1.3968912E-08 1.0094924E-08 1.1310941E-08 1.5394956E-08 2.0584036E-08 9.4321919E-09 1.1701286E-08 1.6892647E-08 2.2069646E-08  288.7769 288.0693 292.8977 299.3479 287.1406 290.2002 296.1454 298.3213 287.0304 291.2607 294.7784 294.3766 286.5272 289.7573 290.8367 290.0232 282.8995 285.8081 286.4598 286.2738  0.0154839
2001 1.6496038E-08 2.2144649E-08 2.7810810E-08 1.8727901E-08 1.4109344E-08 2.2331649E-08 1.7326160E-08 1.4106965E-08 1.6132118E-08 1.8701218E-08 1.3508230E-08 1.6425886E-08 1.3281565E-08 1.7311741E-08 1.8965887E-08 2.3761324E-08 1.2083723E-08 1.8188199E-08 2.5020391E-08 3.0034329E-08  289.2995 288.8149 293.4931 299.5111 287.5572 290.8296 296.8033 298.4413 287.4073 291.7783 295.3745 294.9821 287.0077 290.3051 291.4150 290.5499 283.3182 286.1459 286.8717 286.6938  0.0677419
2002 1.8122696E-08 2.2143045E-08 2.1955694E-08 1.4158542E-08 1.5422092E-08 2.2645375E-08 1.5985549E-08 1.0265533E-08 1.6405817E-08 1.8765480E-08 1.4586274E-08 1.3268957E-08 1.1596704E-08 1.5002374E-08 2.0681671E-08 2.6236338E-08 1.1562817E-08 1.8486590E-08 2.8718992E-08 3.1257695E-08  288.9392 288.3010 293.0475 299.2648 287.3860 290.4423 296.3313 298.2512 287.1613 291.5355 294.9236 294.4366 286.6631 289.9678 291.0435 290.1718 283.1462 285.9985 286.5280 286.4942  5458.16
2003 1.5047650E-08 1.8245103E-08 1.8787480E-08 1.4820170E-08 1.2971430E-08 1.9835024E-08 1.2020495E-08 9.3270236E-09 1.2169125E-08 1.5230009E-08 1.0844770E-08 1.3913072E-08 7.1696529E-09 1.1203842E-08 1.6933345E-08 2.2446965E-08 7.4505233E-09 1.4104519E-08 2.2426802E-08 2.7582887E-08  288.9788 288.4184 293.3036 299.3619 287.1690 290.4142 296.3949 298.3222 287.0049 291.2763 294.8309 294.3218 286.7025 289.8849 290.9055 289.8878 283.0503 285.7856 286.2169 285.8772  1096.84
2004 1.8561364E-08 2.2839370E-08 2.7694600E-08 2.0572342E-08 1.5416310E-08 2.3300389E-08 1.5299012E-08 1.3116850E-08 1.4870401E-08 1.8196706E-08 1.5684297E-08 1.6530155E-08 1.0622352E-08 1.5403234E-08 2.5652877E-08 3.3125961E-08 1.0612776E-08 1.7183494E-08 2.8712456E-08 3.6012040E-08  288.9631 288.4730 293.2963 299.2212 287.0241 290.2336 296.1494 298.2157 286.7001 290.8287 294.1790 293.8471 286.3279 289.2004 289.8515 288.9412 282.7984 285.2476 285.4750 285.0760  1792.87
2005 1.3740052E-08 2.1101080E-08 2.5567964E-08 1.9530550E-08 1.5095246E-08 2.3297975E-08 1.7660708E-08 1.2773294E-08 1.6613596E-08 1.9179488E-08 1.5326155E-08 1.8265883E-08 1.1603130E-08 1.5179408E-08 1.9488555E-08 2.8137572E-08 1.1325759E-08 1.4503476E-08 2.1188800E-08 2.8107788E-08  288.8544 288.1083 292.7948 299.3757 287.0717 290.0400 295.8589 298.3347 286.6085 290.7161 294.1363 293.7301 285.9923 288.9903 289.9637 289.1353 282.4614 285.1145 285.5249 285.3138  41.0323
2006 2.1644842E-08 2.6875018E-08 2.9644472E-08 1.9735909E-08 1.7560271E-08 2.6729399E-08 2.1181574E-08 1.4422318E-08 1.7054106E-08 1.8701378E-08 1.5648324E-08 1.7992473E-08 1.3203038E-08 1.6991107E-08 1.9560316E-08 2.3808402E-08 1.2109105E-08 2.1317272E-08 2.7103896E-08 2.6060048E-08  289.7213 289.1082 293.7857 299.5335 287.9638 290.9773 296.6979 298.4659 287.4786 291.6366 295.0514 294.7554 286.9404 290.1227 291.0961 290.3621 283.2015 286.0370 286.5851 286.5258  0
2007 1.4219816E-08 2.0094683E-08 2.2950680E-08 1.7127393E-08 1.3409029E-08 2.1748900E-08 1.5850990E-08 1.1095235E-08 1.5739914E-08 2.0087786E-08 1.6607430E-08 1.4749082E-08 1.2164664E-08 1.6137497E-08 2.0305320E-08 2.5515455E-08 1.1251371E-08 1.6442421E-08 2.5050918E-08 2.9985639E-08  289.1121 288.4149 293.2091 299.6097 287.2784 290.2205 296.1930 298.5176 286.7355 290.8609 294.3659 294.0441 286.1261 289.1410 290.2571 289.4835 282.7256 285.2852 285.7714 285.6501  2710.16
2008 1.1051251E-08 1.4065142E-08 1.5029471E-08 1.2743565E-08 8.3817246E-09 1.2663331E-08 8.6388638E-09 8.8482741E-09 8.0879525E-09 9.9008828E-09 7.1097572E-09 9.8234940E-09 5.6793814E-09 8.3168130E-09 1.2735582E-08 1.6604778E-08 7.0517872E-09 1.0674223E-08 1.7072965E-08 2.3597902E-08  289.8241 289.4973 294.0313 299.1808 288.3893 291.7872 297.3914 298.1965 288.2467 292.7434 295.9844 295.0673 287.4776 290.9456 291.9598 290.7358 283.5912 286.6199 287.2534 286.8862  4.68645
2009 2.2565798E-08 3.1522532E-08 3.4743763E-08 2.4146349E-08 1.8636770E-08 2.8028321E-08 2.2838412E-08 1.7720771E-08 1.5786174E-08 1.9474005E-08 1.7469093E-08 2.0097870E-08 9.9853157E-09 1.3291095E-08 2.1572221E-08 3.0602340E-08 9.9667803E-09 1.5976372E-08 2.4861293E-08 3.2006906E-08  0.0000000E+00 0.0000000E+00 0.0000000E+00 0.0000000E+00 0.0000000E+00 0.0000000E+00 0.0000000E+00 0.0000000E+00 0.0000000E+00 0.0000000E+00 0.0000000E+00 0.0000000E+00 0.0000000E+00 0.0000000E+00 0.0000000E+00 0.0000000E+00 0.0000000E+00 0.0000000E+00 0.0000000E+00 0.0000000E+00  0
2010 1.0408221E-08 1.4500043E-08 1.5464312E-08 1.3536698E-08 8.0348297E-09 1.5155159E-08 7.6263822E-09 7.6840152E-09 8.5150518E-09 1.0856557E-08 5.4067075E-09 7.9472864E-09 7.5083602E-09 1.1144452E-08 1.2816129E-08 1.6421241E-08 9.2258370E-09 1.4908661E-08 1.9017039E-08 2.2516708E-08  289.6145 289.0874 293.8018 299.7002 288.4028 291.4494 297.2037 298.5929 288.2512 292.3076 295.5771 294.7912 287.3755 290.3878 291.2936 290.1265 283.3421 285.8608 286.2789 286.0298  3.80581
2011 1.6169027E-08 2.0007612E-08 2.2168154E-08 1.6185346E-08 1.1445824E-08 1.8512923E-08 1.4837361E-08 1.1699949E-08 9.7796784E-09 1.1821475E-08 1.0653860E-08 1.3767240E-08 6.2202372E-09 8.4630090E-09 1.4263107E-08 2.1431486E-08 8.2237630E-09 1.3157758E-08 2.1417769E-08 2.7068189E-08  289.4041 289.1664 293.9527 299.0923 287.8683 291.3612 297.2401 298.1346 287.6915 292.3345 295.8448 295.3313 287.1625 290.6519 291.8214 290.9779 283.3185 286.2383 287.0116 286.9961  0
2012 1.8434854E-08 2.1966896E-08 2.3349562E-08 1.6872310E-08 1.6665489E-08 2.3414277E-08 1.7506411E-08 1.3193201E-08 1.4557397E-08 1.6562849E-08 1.4783421E-08 1.5198138E-08 9.5403587E-09 1.2883295E-08 1.8851459E-08 2.4641533E-08 9.1708667E-09 1.3571497E-08 2.0957291E-08 2.5857700E-08  288.5979 287.6469 292.5401 299.1515 286.6130 289.5919 295.5462 298.1739 286.4482 290.5809 293.9901 293.4552 286.1959 289.2869 290.0237 288.8333 282.8581 285.5198 285.7563 285.2497  0
2013 1.3629420E-08 2.1607486E-08 2.6013343E-08 1.9041087E-08 1.0917324E-08 2.0110020E-08 1.3924768E-08 1.0266964E-08 1.0377661E-08 1.5392205E-08 1.2664406E-08 1.3914141E-08 7.7691507E-09 1.4763722E-08 2.0762140E-08 2.4576686E-08 7.5641813E-09 1.4188090E-08 2.4690356E-08 2.9455558E-08  289.1799 288.3944 293.1880 299.5372 287.5154 290.4618 296.4747 298.4720 287.1499 291.2687 294.7021 294.1675 286.5170 289.6111 290.4081 289.4421 282.8952 285.5756 285.9070 285.5565  0
2014 2.5537421E-08 2.9217489E-08 2.7417476E-08 1.8078580E-08 2.0145281E-08 2.9480068E-08 1.9952489E-08 1.4189984E-08 1.9072264E-08 2.1541545E-08 1.5109338E-08 1.7076575E-08 1.3693900E-08 1.7027828E-08 1.8990969E-08 2.4101237E-08 1.4572813E-08 2.1189381E-08 2.5868840E-08 2.7994778E-08  288.9065 288.2261 293.1775 299.4061 286.9883 290.1367 296.0977 298.3637 286.5635 290.8077 294.2942 294.0856 286.1996 289.2908 290.0868 289.2378 282.5820 285.3615 285.7915 285.5056  0.0374194
2015 2.9493016E-08 4.0769127E-08 4.1332708E-08 2.8719514E-08 2.8457414E-08 3.8309498E-08 2.4894605E-08 1.8135413E-08 2.4929388E-08 2.5229903E-08 1.7671198E-08 1.9750420E-08 1.5056820E-08 1.8882529E-08 2.1904967E-08 2.6227658E-08 1.3992858E-08 1.9366803E-08 2.5500237E-08 2.8981303E-08  288.4042 286.9511 291.7947 299.3741 285.9427 288.3405 294.4529 298.3289 285.4369 289.1772 292.6791 292.9068 285.3644 287.9836 288.5897 287.9026 282.0329 284.2945 284.4911 284.1382  7.03903
