STN,prec_1,prec_2,prec_3,prec_4,prec_5,prec_6,prec_7,prec_8,prec_9,prec_10,prec_11,prec_12,prec_13,prec_14,prec_15,prec_16,prec_17,prec_18,prec_19,prec_20,st_1,st_2,st_3,st_4,st_5,st_6,st_7,st_8,st_9,st_10,st_11,st_12,st_13,st_14,st_15,st_16,st_17,st_18,st_19,st_20,02.0
LAT,23.72017,23.72017,23.72017,23.72017,26.51077,26.51077,26.51077,26.51077,29.30136,29.30136,29.30136,29.30136,32.09194,32.09194,32.09194,32.09194,34.88252,34.88252,34.88252,34.88252,23.72017,23.72017,23.72017,23.72017,26.51077,26.51077,26.51077,26.51077,29.30136,29.30136,29.30136,29.30136,32.09194,32.09194,32.09194,32.09194,34.88252,34.88252,34.88252,34.88252,28.73664429
LON,-104.0625,-101.2500,-98.43750,-95.62500,-104.0625,-101.2500,-98.43750,-95.62500,-104.0625,-101.2500,-98.43750,-95.62500,-104.0625,-101.2500,-98.43750,-95.62500,-104.0625,-101.2500,-98.43750,-95.62500,-104.0625,-101.2500,-98.43750,-95.62500,-104.0625,-101.2500,-98.43750,-95.62500,-104.0625,-101.2500,-98.43750,-95.62500,-104.0625,-101.2500,-98.43750,-95.62500,-104.0625,-101.2500,-98.43750,-95.62500,-99.1447556
1958 7.6525154E-08 2.1104903E-08 1.4740428E-08 1.8516443E-08 4.3392966E-08 8.7125791E-09 3.6227064E-09 1.6721758E-08 2.0224569E-08 3.2397429E-09 2.3869815E-09 2.3090108E-08 1.5525851E-08 4.7363122E-09 5.4617999E-09 1.8844316E-08 1.8835800E-08 1.0798662E-08 1.4559312E-08 2.0792610E-08  293.5746 296.2479 301.1973 302.5633 295.9132 302.0004 308.0802 302.4752 300.5109 306.5715 308.7641 306.0151 303.2262 307.8636 308.6448 306.9641 301.7006 306.4125 308.2978 307.7617  193.179
1959 8.0133169E-08 2.1914074E-08 1.4959220E-08 2.1418410E-08 5.5235539E-08 1.0386818E-08 3.9208725E-09 1.8648738E-08 2.4827553E-08 3.9315751E-09 2.4047935E-09 2.9818416E-08 1.6251033E-08 3.6937069E-09 7.4994082E-09 2.3807051E-08 2.1524645E-08 1.2367151E-08 1.5293891E-08 2.2412463E-08  293.1987 296.0546 301.1732 302.5407 295.2581 301.6875 308.2261 302.4550 300.0911 306.2830 308.7956 306.0665 302.9938 307.8723 308.5756 306.6724 301.4856 306.2925 308.3298 307.7192  8.67143
1960 8.0697198E-08 2.2291154E-08 1.4625799E-08 1.8978808E-08 4.8647873E-08 1.0245364E-08 3.5504024E-09 1.8841881E-08 2.2523057E-08 2.9850087E-09 2.1721331E-09 2.2634277E-08 1.5448641E-08 4.3556518E-09 5.6968852E-09 1.9761067E-08 2.0172576E-08 1.1729831E-08 1.5452651E-08 1.8741872E-08  293.1223 296.1883 301.4124 302.4492 295.3575 301.9017 308.4087 302.3945 300.1981 306.6783 309.0659 306.3076 303.2657 308.1980 308.9161 307.0883 301.5581 306.3815 308.3519 307.9833  1.41724
1961 8.2730118E-08 2.7737887E-08 2.0023419E-08 2.7349914E-08 5.6453274E-08 1.6236767E-08 6.9607502E-09 2.1431001E-08 2.6482178E-08 5.2814797E-09 3.9352073E-09 2.7081564E-08 1.6297124E-08 5.7259912E-09 7.4654354E-09 1.8923219E-08 2.0595442E-08 1.2024516E-08 1.4553527E-08 1.7468544E-08  293.0288 295.5718 300.9097 302.5157 294.9296 301.2220 307.9358 302.4387 299.7620 305.9618 308.6913 306.2773 302.8391 307.5331 308.4572 307.0833 301.4352 306.1476 308.1779 307.9042  84.9
1962 8.3480643E-08 2.6077592E-08 1.6854312E-08 1.8988125E-08 4.7618826E-08 1.3349489E-08 5.0876214E-09 1.8089127E-08 2.2748738E-08 4.4446389E-09 2.1830588E-09 2.2284684E-08 1.5702343E-08 4.6013904E-09 6.5346208E-09 1.8433598E-08 1.9184986E-08 1.1482989E-08 1.5100499E-08 2.0887825E-08  292.9094 295.6513 301.0358 302.3823 295.2059 301.4664 308.0836 302.3455 300.0162 306.2664 308.8180 306.2850 303.1663 308.0102 308.6090 307.0612 301.6783 306.5734 308.5197 307.9956  12.0214
1963 8.5481709E-08 2.3858018E-08 1.3566925E-08 1.7619042E-08 5.5616027E-08 1.0363199E-08 3.7400962E-09 1.5657664E-08 2.3741118E-08 4.4204000E-09 1.9545576E-09 2.1954634E-08 1.4126988E-08 3.5877423E-09 5.1071396E-09 1.7823696E-08 2.1635797E-08 1.1613238E-08 1.4177973E-08 1.8365393E-08  292.8537 295.7526 301.2175 302.4082 294.8262 301.5501 308.1747 302.3644 299.9155 306.3209 308.8102 306.1336 303.3656 308.2521 308.8535 307.1487 301.6375 306.5535 308.5351 308.1982  0
1964 7.4133688E-08 2.0509640E-08 1.1996959E-08 1.7800824E-08 4.9046278E-08 9.9581579E-09 1.9303059E-09 1.4577168E-08 2.1807654E-08 4.2894173E-09 1.8017425E-09 2.2599291E-08 1.2011981E-08 3.9959036E-09 5.0097708E-09 1.7374337E-08 1.8592162E-08 1.2369565E-08 1.4460817E-08 1.8370480E-08  293.5135 296.0691 301.3098 302.5692 295.6411 301.8479 308.3474 302.4769 300.4877 306.4636 308.9658 306.3677 303.7008 308.1955 308.9927 307.2719 301.7173 306.4143 308.4290 307.9910  0
1965 7.4257727E-08 2.3920643E-08 1.8050935E-08 2.5566624E-08 4.5812872E-08 1.2306171E-08 5.8185035E-09 2.2217080E-08 2.0956728E-08 3.9561896E-09 4.4776916E-09 2.7786887E-08 1.2900595E-08 4.1387733E-09 8.2101561E-09 1.9662586E-08 2.1680833E-08 1.2175605E-08 1.4880301E-08 1.8443748E-08  293.0872 295.4024 300.4708 302.3118 295.3346 301.1503 307.5247 302.2992 299.9614 305.9469 308.2958 305.6909 302.9814 307.5829 308.1857 306.5143 301.2056 305.8718 307.8690 307.4457  4.56071
1966 7.5849982E-08 2.0065086E-08 1.5648974E-08 2.5954613E-08 5.2293210E-08 1.0623779E-08 4.8218620E-09 2.1957991E-08 2.2731752E-08 4.1489243E-09 3.4936976E-09 2.4352987E-08 1.4526351E-08 4.7720912E-09 7.0293722E-09 1.9701329E-08 1.7277412E-08 1.0067331E-08 1.3389695E-08 1.8527928E-08  293.0773 295.6837 300.7630 302.3096 295.1114 301.3255 307.7396 302.2958 299.7605 305.8694 308.3645 305.6872 302.8461 307.4033 308.1713 306.6237 301.6469 306.2834 308.1962 307.8577  0
1967 7.8472098E-08 2.3388463E-08 1.4277195E-08 2.0525967E-08 5.0232980E-08 1.0804975E-08 3.7385788E-09 1.8310685E-08 2.2498332E-08 3.7690042E-09 2.2132818E-09 2.1362538E-08 1.4453213E-08 4.0828416E-09 4.4237041E-09 1.4437625E-08 2.1116637E-08 1.1337951E-08 1.2000825E-08 1.7156776E-08  292.8076 295.4870 300.7997 302.3847 294.9268 301.2260 307.7577 302.3510 299.7875 306.0263 308.4515 305.8873 302.8314 307.7939 308.4971 306.8266 300.9971 306.0865 308.2758 307.6421  0
1968 8.1335038E-08 2.1817653E-08 1.3280346E-08 1.9476298E-08 4.5968623E-08 9.5714450E-09 2.7110205E-09 1.4524843E-08 1.8927148E-08 3.6213426E-09 1.9546220E-09 2.1586144E-08 1.5544808E-08 4.3482253E-09 6.6298185E-09 2.0362359E-08 2.2590399E-08 1.2139568E-08 1.5133597E-08 2.2831255E-08  292.9966 295.7494 300.7909 302.4011 295.3835 301.6212 307.8773 302.3671 300.1854 306.4072 308.7209 306.0646 303.0618 308.0054 308.5587 306.5552 301.2461 306.1330 308.0416 307.1470  87.2414
1969 7.8745856E-08 3.0425028E-08 2.2680110E-08 2.6106116E-08 5.0665427E-08 1.5236578E-08 6.6556445E-09 2.1934463E-08 2.3095557E-08 4.1141983E-09 3.1627982E-09 3.4632883E-08 1.2954001E-08 3.4657555E-09 6.0384346E-09 2.7898455E-08 1.7312548E-08 9.2205399E-09 1.1776207E-08 2.1154371E-08  293.5227 295.6210 300.6448 302.6302 295.7076 301.3390 307.8879 302.5251 300.2346 305.9478 308.5014 305.3772 303.2600 307.5974 308.3131 306.0481 302.0015 306.4595 308.3331 307.5294  0
1970 7.6407431E-08 2.1471786E-08 1.5187002E-08 2.1826844E-08 5.0708636E-08 1.1425723E-08 4.0542063E-09 1.7784986E-08 2.2500728E-08 3.8071262E-09 2.7599592E-09 2.0587123E-08 1.2065405E-08 3.0305631E-09 4.3923998E-09 1.6803238E-08 1.8690720E-08 1.0453244E-08 1.1336505E-08 1.6332775E-08  293.1166 295.8188 300.8634 302.4012 295.0454 301.3551 307.7747 302.3553 299.8827 305.9584 308.3452 305.8714 303.2264 307.7949 308.4998 306.8150 301.7090 306.5552 308.5665 308.1187  13
1971 8.1393473E-08 2.3583491E-08 1.6209551E-08 2.6029259E-08 5.0924285E-08 1.2051416E-08 5.8991194E-09 2.0840195E-08 2.4236234E-08 3.9228891E-09 3.2331500E-09 2.4747230E-08 1.4250616E-08 3.0440617E-09 3.6141652E-09 1.4369284E-08 1.9965237E-08 1.0670247E-08 1.0490442E-08 1.4641143E-08  293.0388 295.6415 300.7907 302.4134 295.2206 301.2981 307.6697 302.3725 299.9872 306.1533 308.4677 305.9263 303.3151 308.1693 308.7246 307.1985 301.7397 306.5947 308.7379 308.2854  0.799286
1972 7.6860481E-08 2.3824839E-08 1.6676127E-08 2.1199337E-08 4.4686256E-08 1.0349347E-08 3.8720285E-09 1.7911814E-08 2.1386652E-08 3.0342402E-09 1.8570404E-09 2.2422512E-08 1.3067382E-08 3.8271755E-09 4.8237383E-09 1.6620687E-08 1.7375401E-08 9.9848156E-09 1.0663470E-08 1.5398847E-08  292.9808 295.4938 300.5560 302.3227 295.2498 301.2877 307.6406 302.3090 299.8104 306.1309 308.5358 306.0497 303.0231 307.8022 308.4927 306.7996 301.4222 306.2592 308.2717 307.7320  40.931
1973 8.1350898E-08 2.5676936E-08 1.7974289E-08 2.3092849E-08 4.6281084E-08 1.1583329E-08 4.3168775E-09 1.9452091E-08 1.8421822E-08 1.9110538E-09 2.1058473E-09 2.2967596E-08 1.1810545E-08 2.3732218E-09 3.4852643E-09 1.7396987E-08 1.7952244E-08 9.3478061E-09 1.2148618E-08 1.8084274E-08  292.9917 295.5425 300.7743 302.4824 295.4198 301.4547 307.7975 302.4125 300.3494 306.4340 308.6599 305.7461 303.4371 308.1770 308.8215 306.8315 301.5412 306.5138 308.5374 307.7546  43.75
1974 9.0291692E-08 2.3280085E-08 1.2538535E-08 1.7064416E-08 5.1450975E-08 1.1245826E-08 3.6412187E-09 1.6461419E-08 2.6459675E-08 5.4859188E-09 2.2988771E-09 2.2432028E-08 1.9061799E-08 5.2771099E-09 5.6546479E-09 1.8617619E-08 2.0891326E-08 1.0160946E-08 1.2001404E-08 1.6899090E-08  292.2060 295.4725 300.9703 302.1791 294.5594 301.3571 307.9834 302.2014 299.2158 306.0830 308.6470 305.8749 302.3237 307.7612 308.3925 306.5875 300.9565 306.0610 308.2063 307.7346  99.0357
1975 7.5334498E-08 2.5247800E-08 1.6671345E-08 2.6883548E-08 4.5719400E-08 1.2624124E-08 4.9681224E-09 1.9690461E-08 2.1641959E-08 4.2752188E-09 2.8104219E-09 2.3242379E-08 1.4102618E-08 3.5374388E-09 6.4898447E-09 2.0733307E-08 1.8998897E-08 9.4066355E-09 1.2918078E-08 1.8839931E-08  293.1444 295.4813 300.6425 302.4554 295.4757 301.2431 307.7745 302.3974 300.0832 306.0815 308.5662 306.0455 303.1537 307.9255 308.4073 306.5962 301.4426 306.3897 308.2473 307.7954  484.357
1976 7.7054160E-08 1.9875932E-08 1.4274382E-08 1.8338598E-08 4.4274007E-08 8.0216278E-09 2.8517917E-09 1.6000820E-08 2.0610983E-08 2.1290936E-09 1.2138852E-09 1.8400719E-08 1.2337130E-08 3.0840839E-09 3.8379961E-09 1.4635277E-08 1.8111361E-08 8.3123624E-09 1.1262048E-08 1.8166418E-08  292.5978 295.5503 300.7437 302.2126 295.1481 301.6026 308.0120 302.2250 299.9295 306.4391 308.7995 306.4659 303.2770 308.2404 308.8360 307.2985 301.5376 306.7511 308.7103 308.2876  51.1379
1977 8.6737714E-08 2.6895293E-08 1.3834313E-08 1.8180277E-08 5.5597258E-08 1.2731078E-08 3.5364753E-09 1.6264384E-08 2.4144029E-08 6.1956213E-09 2.8666363E-09 2.1481283E-08 1.3943051E-08 4.2178852E-09 4.0937511E-09 1.6811471E-08 1.8001552E-08 1.0790395E-08 1.1952122E-08 1.8963179E-08  292.6700 295.3856 300.8581 302.5302 294.8416 301.4039 307.8066 302.4467 299.7837 306.0892 308.4909 305.6513 303.0029 307.7218 308.4361 306.2697 301.5080 306.2272 308.1616 307.2288  275.393
1978 8.7435538E-08 2.3781364E-08 1.4193807E-08 1.9229470E-08 5.1655380E-08 1.0721757E-08 4.5973176E-09 1.7055273E-08 2.5109989E-08 4.0676742E-09 2.4044808E-09 2.1632733E-08 1.9434260E-08 4.2344195E-09 6.4840209E-09 1.9304171E-08 2.3127537E-08 1.2371070E-08 1.6430652E-08 2.3609690E-08  292.5120 295.5260 300.9695 302.3930 294.6748 301.5177 308.0098 302.3560 299.6698 306.3655 308.7841 305.8640 302.5154 307.8047 308.5502 306.5770 300.8939 305.8143 307.8066 307.0559  64.4643
1979 8.2624112E-08 2.8205569E-08 1.8581321E-08 2.4476472E-08 5.3560385E-08 1.4620221E-08 5.3159965E-09 1.9608239E-08 2.3992033E-08 4.4696926E-09 2.8790959E-09 2.4316336E-08 1.8228627E-08 4.7204431E-09 6.1579462E-09 2.0111946E-08 2.2310930E-08 1.2049546E-08 1.3610754E-08 1.9527791E-08  292.6005 295.1789 300.5489 302.5022 294.8866 301.1061 307.6892 302.4329 299.7513 306.0911 308.6142 305.8493 302.6480 307.6430 308.4647 306.5995 300.9233 305.9194 308.0621 307.5975  50.0714
1980 8.5567343E-08 2.9304617E-08 1.8779470E-08 2.0030196E-08 5.9350242E-08 1.6416729E-08 4.4974460E-09 1.9790953E-08 2.6488152E-08 5.5489329E-09 3.9426897E-09 2.8728767E-08 1.4463921E-08 5.0832454E-09 5.3471987E-09 2.1027260E-08 2.1276064E-08 1.2187548E-08 1.4809997E-08 1.9234193E-08  292.8098 295.6391 301.1324 302.4926 294.7692 301.3555 308.0822 302.4179 299.8321 306.0244 308.5045 305.6424 303.1360 307.7511 308.3478 306.3335 301.4052 306.0804 307.9977 307.2585  26.7931
1981 8.5787107E-08 2.4123368E-08 1.5853333E-08 2.2487502E-08 5.1977747E-08 1.1919713E-08 3.9507730E-09 1.6341767E-08 2.6016581E-08 4.0753769E-09 2.2151991E-09 1.8217104E-08 1.6775445E-08 4.2309867E-09 4.3587360E-09 1.4972276E-08 2.0285533E-08 1.0164286E-08 1.0544112E-08 1.6056477E-08  292.4972 295.2766 300.6806 302.3643 294.6080 301.1980 307.9198 302.3321 299.5074 306.0844 308.8050 306.2424 302.6416 307.7523 308.7213 307.2072 301.2440 306.3182 308.6606 308.4374  11.0179
1982 7.8976299E-08 2.3473637E-08 1.6062543E-08 2.2820815E-08 4.8668682E-08 1.2255576E-08 5.2736446E-09 1.7229713E-08 2.6081034E-08 5.1507980E-09 2.7719367E-09 2.2809136E-08 1.6518323E-08 4.3877515E-09 6.4250645E-09 1.9965322E-08 2.1018238E-08 1.1809380E-08 1.5026091E-08 2.0827265E-08  293.0305 295.6016 300.7907 302.5042 295.1054 301.3004 307.7105 302.4300 299.7526 305.9081 308.3638 305.5935 302.7959 307.5915 308.2148 306.3428 301.2943 306.0092 307.9505 307.4528  47.2857
1983 8.3550439E-08 2.8100597E-08 1.6511486E-08 2.0337739E-08 5.0664642E-08 1.4415874E-08 5.8819811E-09 1.7629606E-08 2.3194827E-08 5.1805444E-09 3.9360457E-09 2.7705861E-08 1.5475173E-08 4.3835842E-09 6.3360472E-09 2.0029489E-08 2.0693280E-08 1.1107175E-08 1.2470836E-08 1.7650940E-08  293.5715 295.9785 301.1475 302.7488 295.8206 301.5954 307.8600 302.6045 300.3905 306.2753 308.5590 305.6047 303.3249 307.8048 308.5219 306.3602 301.6095 306.2703 308.3439 307.5267  34.5714
1984 8.1288697E-08 2.4617091E-08 1.7055219E-08 2.1265402E-08 4.8541590E-08 1.1373970E-08 4.5383328E-09 1.8249990E-08 2.2933188E-08 3.8842614E-09 2.6653304E-09 2.3431387E-08 1.8790608E-08 4.6360862E-09 6.9166917E-09 2.0785093E-08 2.3493577E-08 1.2406148E-08 1.6099914E-08 2.1864134E-08  292.2656 295.1919 300.5795 302.2982 294.6539 301.1747 307.6628 302.2878 299.5800 306.1792 308.6473 305.7884 302.4203 307.6743 308.2797 306.1338 300.7520 305.6321 307.5388 306.7812  12.8
1985 8.1263785E-08 2.8700875E-08 1.7213628E-08 2.1522970E-08 5.2008442E-08 1.4006940E-08 5.1351297E-09 1.9004105E-08 2.6231282E-08 4.7435242E-09 2.2141968E-09 2.0515968E-08 1.8681272E-08 3.7341539E-09 4.3407100E-09 1.7951583E-08 1.9653505E-08 9.6344577E-09 1.2953157E-08 1.9144878E-08  292.6284 295.3488 300.8152 302.3366 294.7115 301.1656 307.9586 302.3126 299.5091 306.1404 308.9797 306.5210 302.7526 307.9810 308.9875 307.4269 301.4072 306.4997 308.6688 308.4066  34.8929
1986 8.0182481E-08 2.3796193E-08 1.5437061E-08 2.3851481E-08 4.6097107E-08 9.0218322E-09 3.4983620E-09 1.8584759E-08 2.2309530E-08 2.5778830E-09 2.2031246E-09 2.3868335E-08 1.6164803E-08 3.5077103E-09 5.9751017E-09 2.0592246E-08 2.0226159E-08 1.1263880E-08 1.2540169E-08 1.8113679E-08  293.0039 295.6362 300.7091 302.5922 295.4777 301.5356 307.8976 302.4987 300.2614 306.4171 308.8024 306.1707 303.2299 307.9783 308.5773 306.7030 301.6513 306.4170 308.5179 307.9949  17.9179
1987 8.4415646E-08 2.3479398E-08 1.4674352E-08 1.9615509E-08 5.3924111E-08 1.3635442E-08 4.4267883E-09 1.8252710E-08 2.6660693E-08 5.7740297E-09 2.3243023E-09 2.3483501E-08 1.6279637E-08 3.7264245E-09 5.0228315E-09 1.7931173E-08 2.0256257E-08 1.0963427E-08 1.2025499E-08 1.8443354E-08  292.9803 295.6292 300.7274 302.5888 295.0298 301.3214 307.6738 302.5017 299.7224 305.9928 308.5015 305.5177 302.5722 307.3851 308.3285 306.4453 301.2009 305.8919 308.1447 307.4965  103.821
1988 7.8731659E-08 2.4767971E-08 2.0884608E-08 2.9243099E-08 4.7082324E-08 1.3057772E-08 6.2696075E-09 2.2198952E-08 2.4307893E-08 3.5304124E-09 2.7745817E-09 2.6342274E-08 1.6096958E-08 3.2723666E-09 5.5354117E-09 1.9623180E-08 2.0535834E-08 1.0363620E-08 1.3158810E-08 2.1645633E-08  292.8224 295.2990 300.1702 302.3665 295.0085 300.8814 307.2295 302.3270 299.4354 305.7013 308.2670 305.7377 302.2723 307.2945 308.0905 306.3171 300.7585 305.7469 307.7020 306.9759  131.241
1989 8.5137472E-08 2.6301009E-08 1.4466154E-08 1.5974258E-08 5.1216386E-08 1.1755296E-08 3.1612586E-09 1.5133722E-08 2.4104622E-08 3.4432357E-09 2.0313955E-09 2.1434804E-08 1.7024943E-08 4.6412278E-09 6.4122148E-09 1.9424260E-08 2.2299778E-08 1.1423273E-08 1.4451609E-08 1.9876186E-08  292.2398 295.0168 300.5301 302.3109 294.4996 300.9680 307.7923 302.2964 299.4061 306.1590 308.8307 306.2710 302.4471 307.7065 308.4420 306.5462 300.6545 305.8358 307.8597 307.2858  62.7857
1990 8.2388397E-08 2.5722134E-08 1.5452148E-08 2.0244336E-08 4.4038881E-08 1.0356365E-08 2.7278693E-09 1.6278031E-08 2.0862805E-08 2.9595988E-09 1.4005069E-09 2.0115172E-08 1.2270023E-08 2.8080001E-09 3.2428655E-09 1.1792133E-08 1.6161252E-08 8.7665741E-09 8.9282004E-09 1.2252000E-08  293.3643 295.9461 300.9902 302.8044 296.0296 301.9554 308.2814 302.6537 300.7558 306.7741 309.2075 306.7266 303.7599 308.3152 309.2145 307.7565 302.2751 307.0045 309.3033 308.9015  0
1991 8.1905739E-08 2.5080341E-08 1.7616056E-08 2.2758099E-08 5.5194025E-08 1.3966246E-08 6.4871224E-09 1.9974440E-08 2.6450715E-08 5.5390141E-09 4.3055222E-09 3.3405428E-08 1.7868789E-08 5.4559388E-09 8.0241778E-09 2.5652668E-08 2.2375042E-08 1.2102997E-08 1.3819124E-08 1.6664696E-08  293.2914 295.9011 300.9169 302.7237 295.0762 301.3405 307.7865 302.5932 299.6886 306.0026 308.5838 305.4355 302.6294 307.4807 308.2733 306.0890 301.1018 305.9283 308.0240 307.4606  6.22143
1992 8.7974414E-08 2.7602688E-08 1.7362581E-08 2.0994232E-08 5.6956093E-08 1.3153487E-08 4.4516368E-09 1.8569525E-08 2.7202937E-08 3.9168429E-09 2.0838122E-09 2.5522739E-08 1.7854282E-08 4.2298955E-09 4.7419397E-09 1.9395507E-08 2.3289019E-08 1.1034515E-08 1.2888619E-08 1.9196642E-08  292.7659 295.4108 300.6092 302.5766 294.8309 301.1588 307.6047 302.4951 299.5915 306.0504 308.5895 305.4193 302.5048 307.4352 308.4122 306.3986 300.9184 305.7616 307.9589 307.2216  988.103
1993 7.7970256E-08 2.0850793E-08 1.5095049E-08 2.3666347E-08 4.4669605E-08 8.8425445E-09 3.9814534E-09 1.9423201E-08 2.3242459E-08 4.2635810E-09 2.2753710E-09 2.4988134E-08 1.7086952E-08 3.6958829E-09 5.2425424E-09 2.0451445E-08 2.1732482E-08 1.0833830E-08 1.3305371E-08 1.9331431E-08  292.9966 295.5110 300.3398 302.4491 295.2538 301.2913 307.4811 302.4052 299.8760 305.9450 308.4474 305.4070 302.5736 307.4146 308.2042 305.9690 300.9854 305.8809 307.7095 306.7545  123.143
1994 8.2781305E-08 2.3721807E-08 1.3576537E-08 1.6515811E-08 4.9795538E-08 1.3190623E-08 3.6442220E-09 1.7457504E-08 2.4918300E-08 5.8931002E-09 2.8527958E-09 2.1016600E-08 1.9099062E-08 5.8973768E-09 6.7180252E-09 1.6811052E-08 2.3450694E-08 1.3606953E-08 1.4162388E-08 2.0778696E-08  292.6480 295.5293 300.8268 302.3265 294.8966 301.3637 307.7596 302.3126 299.5561 306.0155 308.5455 305.5677 302.2154 307.1875 308.1160 306.2251 300.7841 305.4972 307.5489 306.7365  24.1429
1995 8.2928729E-08 2.6278217E-08 1.7436742E-08 2.3232941E-08 5.2216301E-08 1.4373734E-08 6.2666157E-09 2.0920675E-08 2.5286306E-08 5.7775154E-09 3.6098091E-09 2.6070060E-08 1.4896568E-08 4.4413806E-09 7.3881052E-09 2.2748889E-08 1.9839533E-08 1.1037638E-08 1.3560904E-08 1.8446840E-08  293.2737 295.8086 300.9365 302.6895 295.3423 301.4202 307.7989 302.5712 299.8679 306.0321 308.5689 305.6438 302.9048 307.5881 308.2969 306.2270 301.5966 306.2678 308.2053 307.4042  27.8571
1996 7.7029853E-08 2.2759197E-08 1.5288972E-08 2.4064319E-08 4.4332321E-08 8.2083691E-09 4.0060288E-09 1.6854921E-08 2.1070001E-08 3.2766816E-09 2.2085154E-09 1.9667278E-08 1.3371541E-08 3.9559902E-09 5.7085545E-09 1.5941669E-08 1.9112722E-08 1.1276237E-08 1.3912371E-08 1.9755589E-08  293.2709 295.7203 300.8517 302.5628 295.4618 301.5541 307.9294 302.4885 300.1147 306.2969 308.7646 306.3568 303.1910 307.9339 308.6439 307.1217 301.5972 306.4221 308.5264 308.0309  12.3034
1997 8.1671267E-08 2.3104123E-08 1.4968906E-08 1.9736147E-08 4.5783334E-08 1.0019481E-08 2.7562559E-09 1.6933580E-08 2.2805489E-08 3.5745249E-09 1.0288879E-09 2.2823208E-08 1.6764453E-08 4.2391322E-09 4.5125388E-09 1.9194184E-08 2.2009363E-08 1.3158857E-08 1.5308229E-08 2.2806708E-08  293.0121 295.6042 300.6166 302.7467 295.4816 301.6456 307.7996 302.6224 300.0497 306.4334 308.8472 305.7989 302.8276 307.8337 308.5491 306.2705 301.0334 305.8326 307.8661 306.9177  0
1998 8.0308737E-08 2.1806995E-08 1.3084200E-08 1.9886015E-08 4.9992096E-08 1.0216529E-08 3.3654639E-09 1.6257593E-08 2.6476634E-08 4.9148596E-09 2.6558267E-09 2.8971884E-08 1.6351075E-08 4.4071542E-09 6.7219856E-09 2.5423226E-08 2.2943778E-08 1.3343588E-08 1.5579195E-08 2.2240229E-08  293.4531 295.9894 301.0661 302.5958 295.7019 301.7337 307.9280 302.4971 300.1208 306.2115 308.5312 305.5013 302.9729 307.5274 308.2083 306.1266 301.3215 305.7823 307.7188 307.1325  17.2289
1999 8.4989921E-08 2.5467971E-08 1.6349547E-08 2.0123117E-08 5.2480392E-08 1.3777160E-08 4.2789186E-09 1.8886047E-08 2.6662478E-08 5.6474061E-09 2.7954650E-09 2.4910603E-08 1.7546393E-08 4.3715085E-09 5.8388867E-09 1.9399094E-08 2.0958622E-08 1.0803726E-08 1.3602552E-08 1.9383105E-08  292.7023 295.5689 300.8518 302.3094 294.6713 301.2978 307.9272 302.2914 299.6314 306.1209 308.7536 306.1122 302.8405 307.8657 308.4823 306.7702 301.3251 306.3576 308.3314 307.9942  55
2000 8.7291994E-08 2.4226738E-08 1.6919714E-08 2.0698867E-08 5.0839517E-08 1.0375522E-08 3.0723282E-09 1.6052009E-08 2.4805582E-08 3.0392067E-09 1.9521387E-09 2.4433117E-08 1.6373750E-08 3.7845540E-09 6.1479288E-09 1.8672694E-08 1.9081638E-08 8.6375298E-09 1.2828965E-08 2.0021588E-08  292.8799 295.7161 300.8455 302.7231 295.1397 301.3984 307.9657 302.5931 299.9951 306.3012 308.8113 306.2891 303.1797 308.1899 308.6289 306.9924 301.6663 306.7390 308.7135 308.1455  23.9655
2001 8.3896602E-08 2.2940185E-08 1.5701206E-08 1.9897429E-08 4.8853721E-08 1.0102144E-08 3.8925965E-09 1.7200092E-08 2.2726962E-08 2.5064082E-09 1.8543386E-09 2.3381386E-08 1.7477818E-08 3.9872381E-09 5.3582219E-09 1.9843640E-08 2.0137088E-08 1.2214348E-08 1.4355710E-08 1.9008800E-08  292.8676 295.6223 300.7946 302.6661 295.1651 301.5258 307.9463 302.5590 300.0894 306.4429 308.8267 306.0818 302.9428 307.9798 308.5943 306.5171 301.2576 306.0727 308.1390 307.3627  21.7143
2002 8.5347025E-08 2.2878794E-08 1.3944779E-08 1.8090839E-08 4.9722438E-08 9.0977750E-09 2.0745232E-09 1.7445103E-08 2.4396483E-08 3.6391210E-09 1.5725190E-09 2.3784814E-08 1.7837344E-08 4.4227213E-09 4.1737094E-09 1.8132921E-08 2.1037307E-08 1.1999139E-08 1.5730887E-08 2.2693516E-08  292.4599 295.4781 300.9116 302.5464 294.8972 301.6352 308.1871 302.4700 299.9613 306.6110 309.0717 306.1304 302.8182 308.1348 308.9406 306.9827 301.1787 306.3682 308.4410 307.7539  14.7857
2003 7.7587870E-08 1.9561291E-08 1.6162625E-08 2.4453344E-08 4.9086871E-08 1.0336447E-08 4.1539123E-09 1.9476595E-08 2.5181775E-08 4.4605812E-09 2.2036635E-09 2.5772705E-08 1.7135152E-08 4.3863060E-09 6.1847700E-09 1.9157333E-08 1.9240490E-08 1.0198551E-08 1.3412599E-08 1.6969926E-08  293.3529 295.9836 300.8548 302.8023 295.4660 301.5988 307.9130 302.6936 299.9404 306.2456 308.7654 305.9801 302.7681 307.6218 308.5213 306.9219 301.4708 306.3158 308.4220 308.0183  160.143
2004 8.3524363E-08 2.5348312E-08 1.7213704E-08 2.6293771E-08 5.2584635E-08 1.3283057E-08 5.3197438E-09 2.1185803E-08 2.5570630E-08 4.3767479E-09 3.1330225E-09 2.6304971E-08 1.6344464E-08 4.2708703E-09 5.7414540E-09 1.9558001E-08 2.0460011E-08 1.2043095E-08 1.3702360E-08 1.6615337E-08  293.0978 295.7985 301.0206 302.8607 295.1449 301.4644 307.9884 302.7084 299.9525 306.2857 308.8575 305.9722 302.9753 307.9112 308.8409 307.1202 301.4347 306.2708 308.4911 308.3621  84.6552
2005 8.1360277E-08 2.6552501E-08 1.6448649E-08 2.1612282E-08 4.9135011E-08 1.2099052E-08 3.6915730E-09 1.9688192E-08 2.4187912E-08 4.1486539E-09 2.5651361E-09 2.7837476E-08 1.7546077E-08 4.5251767E-09 6.8097408E-09 2.4961864E-08 2.2852259E-08 1.2734054E-08 1.5669430E-08 2.3595025E-08  293.2596 296.0073 301.2262 302.9442 295.7266 301.9037 308.2838 302.7737 300.4004 306.5880 308.9772 305.6652 302.9833 307.7854 308.4947 306.1868 301.2552 305.9092 307.9179 307.0171  221.643
2006 7.8914816E-08 2.6587269E-08 1.7881945E-08 2.4873426E-08 4.4580219E-08 1.5130812E-08 5.7963838E-09 1.9375687E-08 2.1247839E-08 4.3530171E-09 3.0269771E-09 2.5050106E-08 1.4827337E-08 3.1040424E-09 4.5473407E-09 2.0625878E-08 1.9897820E-08 1.0717554E-08 1.3840920E-08 2.0059463E-08  293.3385 295.8472 300.8896 302.8228 295.7399 301.4690 307.7929 302.6768 300.3765 306.3579 308.6967 305.9851 303.3274 308.0424 308.7363 306.6939 301.4694 306.3829 308.2648 307.5008  61.0357
2007 8.1968331E-08 2.6303763E-08 2.0920819E-08 2.6197222E-08 5.6256127E-08 1.4852923E-08 6.7926469E-09 2.1899007E-08 2.9028545E-08 5.9933747E-09 4.1665471E-09 2.7376952E-08 1.6947924E-08 3.7371515E-09 7.2195543E-09 2.0781956E-08 1.8279211E-08 9.4981711E-09 1.3214340E-08 2.0071450E-08  293.5530 295.9699 300.8841 302.8701 295.4567 301.3303 307.8613 302.7041 299.7800 305.9903 308.7140 305.9970 302.9103 307.8906 308.7450 306.9350 301.8696 306.7488 308.8604 308.2064  0
2008 7.6550734E-08 2.5564439E-08 1.7389400E-08 2.3979633E-08 4.6951705E-08 1.3444899E-08 5.1861986E-09 2.0121538E-08 2.4078092E-08 4.9979900E-09 3.2401049E-09 2.4373417E-08 1.5768157E-08 4.8973861E-09 6.8964789E-09 1.7544984E-08 1.8057509E-08 1.0852419E-08 1.3322280E-08 1.8140440E-08  292.8704 295.4427 300.6165 302.5732 295.1010 301.1790 307.7380 302.4976 299.7516 306.0448 308.5834 306.2184 303.0986 307.7836 308.4640 307.0990 301.5666 306.3791 308.4280 308.2030  108.828
2009 8.0147935E-08 2.3349360E-08 1.5799401E-08 2.3775620E-08 4.6336126E-08 1.1245419E-08 4.3465000E-09 1.8533726E-08 2.1836010E-08 3.8489958E-09 3.0915628E-09 2.4348902E-08 1.5203092E-08 4.5012634E-09 6.8057715E-09 2.1205272E-08 2.1884814E-08 1.2030876E-08 1.5278717E-08 2.0172189E-08  293.1385 295.9008 301.0627 302.7039 295.5009 301.6838 308.1598 302.5818 300.2483 306.4745 308.8484 306.1723 303.2982 308.1407 308.7247 306.9622 301.5025 306.2733 308.4601 308.0745  7.48571
2010 7.9118962E-08 2.5371923E-08 1.8083382E-08 2.9523326E-08 5.5628554E-08 1.2170038E-08 5.1455875E-09 2.0691786E-08 2.4889449E-08 3.7551033E-09 4.2806052E-09 3.1130686E-08 1.5214548E-08 4.9414282E-09 6.8847146E-09 2.2600073E-08 1.9171139E-08 1.1300027E-08 1.2338524E-08 1.7428372E-08  0.0000000E+00 0.0000000E+00 0.0000000E+00 0.0000000E+00 0.0000000E+00 0.0000000E+00 0.0000000E+00 0.0000000E+00 0.0000000E+00 0.0000000E+00 0.0000000E+00 0.0000000E+00 0.0000000E+00 0.0000000E+00 0.0000000E+00 0.0000000E+00 0.0000000E+00 0.0000000E+00 0.0000000E+00 0.0000000E+00  17.8936
2011 7.6823397E-08 2.2630289E-08 1.5258722E-08 2.1579091E-08 4.3240547E-08 8.9025916E-09 3.1118936E-09 1.8340478E-08 2.1311886E-08 2.4809073E-09 2.5830333E-09 1.9990456E-08 1.3467344E-08 3.2833212E-09 4.8658086E-09 1.6826680E-08 1.6632395E-08 7.8218862E-09 1.0248837E-08 1.5679356E-08  293.1941 295.7980 300.8548 302.5367 295.5855 301.5133 308.1040 302.4581 300.1456 306.3343 308.7880 306.5077 303.2598 308.3115 308.8150 307.3225 301.8480 306.9761 309.0640 308.8025  4.375
2012 7.9303049E-08 2.4497973E-08 1.9048148E-08 2.9474117E-08 4.7093874E-08 1.2428236E-08 4.6948507E-09 2.1746564E-08 2.5219236E-08 4.8644759E-09 3.3214664E-09 2.7248761E-08 1.7415656E-08 4.5465529E-09 4.5466275E-09 2.2279146E-08 2.0021055E-08 1.1604807E-08 1.2831999E-08 2.0276893E-08  293.4076 295.7404 300.6237 302.5440 295.6725 301.2424 307.6464 302.4710 299.9186 305.8859 308.3715 305.7552 302.8353 307.6227 308.2515 306.1990 301.4551 306.1211 308.1229 307.4063  0
2013 7.8405805E-08 2.6500336E-08 2.0285521E-08 3.1247634E-08 4.8816052E-08 1.1848250E-08 5.6710183E-09 2.1927532E-08 2.0476413E-08 3.1407847E-09 2.9411298E-09 2.6858400E-08 1.3460805E-08 2.6610965E-09 4.5853210E-09 1.8471770E-08 1.7325211E-08 8.4452658E-09 1.0189544E-08 1.5087634E-08  292.9090 295.1975 300.3531 302.6910 295.1752 300.9904 307.4189 302.5815 300.2189 306.0685 308.5657 306.0595 303.3443 308.0491 308.6610 306.8261 301.8055 306.7771 308.7439 308.0437  0
2014 7.5392883E-08 2.3111919E-08 1.8569278E-08 2.7261743E-08 4.6752252E-08 1.1977279E-08 6.4399241E-09 2.2640945E-08 2.1794810E-08 4.0571990E-09 2.9066261E-09 2.6454890E-08 1.5436141E-08 4.1834189E-09 5.9214345E-09 2.0418813E-08 1.7879405E-08 9.7889528E-09 1.2674972E-08 1.8713704E-08  293.3322 295.8811 300.8554 302.7314 295.4480 301.4974 307.7840 302.5962 300.1912 306.1079 308.6289 305.9283 303.1379 307.7750 308.5029 306.8156 301.8259 306.6151 308.6202 308.1982  0
2015 8.0902510E-08 2.7670490E-08 1.9716270E-08 2.5399746E-08 5.2818589E-08 1.5390761E-08 5.2519979E-09 2.0026897E-08 2.6091600E-08 4.8555711E-09 2.6314062E-09 2.8166030E-08 1.6183497E-08 4.0588453E-09 4.9942934E-09 1.7283510E-08 2.0377694E-08 1.0368629E-08 1.1411843E-08 1.4148286E-08  293.0483 295.5850 300.7679 302.5572 295.1694 301.2545 307.6562 302.4676 299.9133 306.0219 308.5473 305.7080 302.8908 307.6211 308.5238 306.8174 301.4760 306.2796 308.5079 308.3158  0
