STN,prec_1,prec_2,prec_3,prec_4,prec_5,prec_6,prec_7,prec_8,prec_9,prec_10,prec_11,prec_12,prec_13,prec_14,prec_15,prec_16,prec_17,prec_18,prec_19,prec_20,st_1,st_2,st_3,st_4,st_5,st_6,st_7,st_8,st_9,st_10,st_11,st_12,st_13,st_14,st_15,st_16,st_17,st_18,st_19,st_20,07.0
LAT,23.72017,23.72017,23.72017,23.72017,26.51077,26.51077,26.51077,26.51077,29.30136,29.30136,29.30136,29.30136,32.09194,32.09194,32.09194,32.09194,34.88252,34.88252,34.88252,34.88252,23.72017,23.72017,23.72017,23.72017,26.51077,26.51077,26.51077,26.51077,29.30136,29.30136,29.30136,29.30136,32.09194,32.09194,32.09194,32.09194,34.88252,34.88252,34.88252,34.88252,28.73664429
LON,-104.0625,-101.2500,-98.43750,-95.62500,-104.0625,-101.2500,-98.43750,-95.62500,-104.0625,-101.2500,-98.43750,-95.62500,-104.0625,-101.2500,-98.43750,-95.62500,-104.0625,-101.2500,-98.43750,-95.62500,-104.0625,-101.2500,-98.43750,-95.62500,-104.0625,-101.2500,-98.43750,-95.62500,-104.0625,-101.2500,-98.43750,-95.62500,-104.0625,-101.2500,-98.43750,-95.62500,-104.0625,-101.2500,-98.43750,-95.62500,-99.1447556
1958 5.4921735E-08 2.4612110E-08 2.1364755E-08 3.3721829E-08 4.4401670E-08 1.5646824E-08 8.4496579E-09 2.3326098E-08 2.3967750E-08 8.0994864E-09 5.7859397E-09 2.5658794E-08 1.3148405E-08 6.1007537E-09 7.2496715E-09 1.7687221E-08 1.5871610E-08 1.1243625E-08 1.4007063E-08 1.6306373E-08  292.9969 294.5558 299.7197 302.2774 294.0916 299.3262 306.3672 301.9808 297.9707 303.4712 306.9128 304.7845 300.6880 304.9151 306.0394 304.5294 298.8817 302.9218 304.4785 304.2192  125.516
1959 5.2871737E-08 2.3286708E-08 1.8193280E-08 2.9515640E-08 4.1784890E-08 1.6591423E-08 7.1749211E-09 2.1857293E-08 2.4372229E-08 1.0892125E-08 7.4940028E-09 3.0994759E-08 1.3459691E-08 8.8443732E-09 1.3487292E-08 3.0386353E-08 1.6431288E-08 1.4043797E-08 1.8830027E-08 2.4769006E-08  292.9877 294.7589 299.9546 302.2941 294.1037 299.2537 306.3335 301.9998 297.7451 303.2805 306.7478 304.5119 300.2403 304.4987 305.4568 303.7386 298.4486 302.3380 303.7614 303.3909  115.645
1960 5.2126957E-08 2.2819773E-08 2.3997353E-08 3.7727446E-08 3.6697074E-08 1.3204086E-08 1.0398190E-08 2.7539615E-08 1.9300344E-08 7.1116601E-09 6.9129822E-09 2.2707177E-08 1.4619612E-08 7.7187039E-09 9.8409334E-09 1.9125192E-08 2.0740808E-08 1.7324711E-08 1.6327677E-08 2.0448779E-08  292.7028 294.3756 299.3502 302.2930 293.9483 298.9887 305.8549 302.0128 297.5728 303.2719 306.6682 304.7571 299.8771 304.5317 305.6941 304.2303 297.8638 302.1007 303.8657 303.6038  3.8871
1961 5.8706437E-08 2.8360615E-08 2.1296001E-08 2.8618526E-08 4.0137554E-08 1.8626068E-08 1.0956160E-08 2.3069893E-08 2.3480267E-08 9.7929309E-09 7.7095148E-09 3.0410817E-08 1.3211129E-08 7.2758324E-09 1.1335275E-08 2.6450337E-08 1.6683437E-08 1.4906712E-08 1.8699589E-08 2.2196447E-08  292.4818 294.5843 299.9761 302.2719 293.8910 299.1684 306.3764 301.9899 297.6341 303.2872 306.6903 304.1998 300.1415 304.4210 305.2637 303.1911 298.1633 302.0372 303.6069 303.0948  65.9032
1962 6.1022753E-08 2.3573914E-08 1.7083741E-08 2.2828919E-08 4.4894900E-08 1.7380298E-08 9.5622061E-09 2.0226278E-08 2.7206541E-08 9.5903809E-09 6.4999579E-09 2.7655382E-08 1.8211034E-08 9.1010124E-09 1.0781512E-08 2.5171268E-08 2.1854024E-08 1.7739826E-08 1.9500980E-08 2.2803190E-08  292.8858 295.1683 300.4343 302.1943 294.2336 299.7172 306.9215 301.9409 297.5974 303.6236 307.1993 304.7802 300.0361 304.6442 305.7325 303.6467 298.1506 302.0563 303.6766 303.0505  0
1963 6.1142707E-08 2.7021171E-08 2.1450301E-08 3.0051478E-08 4.7271563E-08 1.8489361E-08 9.6754267E-09 2.5943759E-08 2.7149522E-08 9.1265457E-09 6.7865908E-09 3.3182314E-08 1.5748929E-08 8.7909591E-09 1.2037575E-08 2.8879667E-08 1.6447583E-08 1.3646457E-08 1.5681559E-08 2.1642785E-08  292.5924 294.5694 299.8214 302.3320 293.6900 299.1524 306.2034 302.0337 297.6100 303.2153 306.4711 303.8016 300.2583 304.4739 305.1118 302.8813 298.7040 302.4127 303.6911 303.0991  0
1964 6.5094589E-08 2.6804067E-08 2.3909541E-08 3.0071558E-08 5.2622354E-08 2.1252713E-08 1.2722685E-08 2.8115826E-08 2.9350037E-08 1.1271627E-08 8.1298683E-09 3.3306623E-08 1.4305163E-08 7.9617797E-09 1.4832445E-08 2.9936867E-08 1.7908169E-08 1.6692525E-08 2.0516254E-08 2.2228633E-08  292.1994 294.2530 299.5947 302.0819 292.8972 298.4873 305.6859 301.8649 296.9323 302.6451 306.2113 303.7943 299.8671 304.1440 304.9089 302.6527 298.2257 302.1441 303.3386 302.5977  0
1965 6.1955284E-08 3.4504669E-08 2.6558659E-08 3.0521246E-08 4.5073040E-08 2.3385773E-08 1.3408479E-08 2.8449410E-08 2.6854005E-08 1.2448008E-08 9.0613215E-09 3.5131837E-08 1.3806932E-08 8.6459497E-09 1.2418493E-08 2.6261022E-08 1.4303200E-08 1.3123826E-08 1.3868744E-08 1.9507771E-08  292.3356 293.8036 299.2183 302.0737 293.2597 298.2743 305.5226 301.8412 296.8249 302.4046 306.0201 303.5914 299.4647 303.7625 304.7883 302.7709 297.7987 301.6434 303.1871 302.3306  0
1966 6.3764375E-08 2.8399461E-08 2.1379776E-08 2.9216491E-08 4.7825271E-08 2.1723313E-08 1.0740998E-08 2.7871941E-08 2.8317169E-08 1.1764286E-08 7.5121136E-09 2.8291385E-08 1.6961799E-08 1.0392017E-08 1.2209218E-08 2.6446529E-08 2.0512998E-08 1.7813152E-08 2.1795481E-08 2.5521363E-08  292.3678 294.0183 299.3403 301.9865 293.4120 298.5897 305.6848 301.7762 296.9343 302.6953 306.2519 303.7464 299.2640 303.6852 304.8370 302.6414 297.3095 301.1299 302.5850 301.8694  0
1967 7.0567204E-08 3.1418406E-08 1.8111379E-08 2.4536655E-08 5.5885589E-08 2.2050109E-08 8.9617824E-09 2.3405470E-08 3.1630250E-08 1.2059381E-08 6.0611316E-09 3.3805303E-08 1.6808089E-08 8.2586986E-09 1.2803948E-08 3.0940601E-08 1.7950844E-08 1.5662298E-08 2.0495825E-08 2.3349669E-08  291.9116 294.1458 299.8674 302.1050 293.0336 298.7159 306.2611 301.8831 296.9824 302.9119 306.6237 303.9257 299.9527 304.3751 305.0428 302.6187 298.3126 302.0388 303.1499 302.3633  2.53613
1968 6.7761064E-08 2.7499787E-08 1.9954969E-08 2.4609713E-08 4.7775526E-08 1.8041701E-08 8.3633536E-09 2.2100254E-08 3.1808838E-08 1.1852996E-08 7.4762792E-09 3.1939884E-08 1.9391818E-08 1.1974683E-08 1.3673491E-08 2.9473162E-08 1.9412841E-08 1.5429285E-08 1.6338999E-08 1.9958913E-08  292.5026 294.9286 300.1891 302.0677 293.8972 299.4123 306.6444 301.8409 297.2790 303.2950 306.8810 304.2216 299.7034 304.2846 305.3688 303.0223 298.0124 301.9735 303.5651 302.8908  28.9826
1969 6.0483366E-08 3.2037722E-08 2.3177032E-08 2.7299873E-08 5.0503004E-08 2.4451742E-08 1.2913168E-08 2.5709513E-08 3.2265124E-08 1.4617278E-08 9.3097592E-09 3.2134288E-08 1.6798364E-08 9.5543982E-09 1.0433956E-08 2.4994838E-08 1.6312237E-08 1.4172115E-08 1.5702550E-08 1.8269894E-08  292.7703 294.3541 299.8180 302.3766 293.5117 298.9139 306.2420 302.0492 297.3297 302.8724 306.6398 304.2310 300.1949 304.3494 305.4713 303.5216 298.6254 302.3907 303.9583 303.4636  0
1970 6.5328578E-08 3.1835125E-08 2.1644020E-08 2.8469621E-08 5.0753620E-08 2.4627830E-08 1.2346226E-08 2.2401689E-08 2.6445079E-08 1.1153265E-08 7.6890050E-09 3.3388059E-08 1.4826226E-08 8.5007059E-09 1.1951311E-08 2.9258016E-08 1.7554930E-08 1.6030912E-08 1.8056054E-08 2.1761096E-08  292.4789 294.1883 299.7115 302.0687 293.4938 298.7087 305.9771 301.8276 297.4068 302.9702 306.5431 304.1954 300.2234 304.4446 305.4601 303.4314 298.3948 302.2484 303.8120 303.3036  0
1971 6.1384533E-08 3.0273888E-08 2.2645207E-08 3.4041125E-08 4.3147331E-08 2.2341906E-08 1.0525233E-08 2.2769028E-08 2.6456835E-08 1.2089611E-08 7.5576283E-09 3.0440265E-08 1.4656274E-08 7.4680662E-09 1.0492534E-08 2.5556124E-08 1.6765158E-08 1.3402315E-08 1.6987709E-08 1.9883061E-08  292.0660 293.9635 299.3307 301.9641 293.2674 298.3336 305.7395 301.7659 296.9860 302.6052 306.2975 304.0347 299.5694 304.0768 305.1324 303.2080 297.7919 301.7130 303.1808 302.6627  65.7703
1972 6.2326841E-08 2.4438256E-08 1.3325701E-08 1.5417445E-08 4.8007532E-08 1.6899325E-08 7.0366473E-09 1.5386725E-08 3.0427756E-08 9.9223074E-09 4.6240904E-09 2.5287768E-08 1.6787872E-08 7.4549913E-09 7.1839894E-09 2.1161672E-08 1.8154623E-08 1.5702602E-08 1.7792793E-08 2.0963061E-08  292.5318 294.7357 300.1562 302.1053 293.6336 299.2502 306.4677 301.8553 297.2527 303.2428 306.8253 304.1355 299.8299 304.3780 305.5393 303.2804 297.9572 301.9545 303.3042 302.5478  1.80065
1973 6.0118538E-08 2.5758000E-08 1.5563337E-08 2.3676549E-08 4.5894417E-08 1.7087274E-08 7.2938882E-09 2.0337254E-08 2.8685664E-08 1.1616484E-08 7.1058794E-09 2.8762173E-08 1.4971997E-08 8.6729406E-09 1.0673301E-08 2.5093767E-08 1.3779615E-08 1.2874483E-08 1.5005270E-08 1.7395859E-08  292.5709 294.8385 300.2316 302.1772 293.7643 299.1895 306.4494 301.9114 297.3325 303.0461 306.6472 304.2551 299.9704 304.3653 305.3773 303.3408 298.2940 302.3222 303.8379 303.1795  2583.32
1974 6.9870325E-08 2.7590271E-08 1.6780097E-08 2.5059661E-08 5.0697718E-08 1.9358344E-08 6.8718728E-09 1.9847109E-08 2.8880180E-08 9.9171906E-09 4.5876325E-09 2.7891986E-08 1.6592320E-08 6.7646626E-09 8.9069223E-09 2.6500189E-08 1.7680188E-08 1.3967931E-08 1.6918985E-08 2.0463290E-08  291.9073 294.4350 300.0941 302.0944 293.2981 298.9833 306.4872 301.8642 297.0255 303.1372 306.7567 304.1432 299.7319 304.4022 305.3576 302.9902 297.8948 302.0309 303.5340 302.9619  8.76774
1975 6.4395152E-08 2.9585825E-08 2.1562551E-08 3.2612082E-08 4.7593552E-08 1.9790461E-08 1.0199909E-08 2.5281267E-08 2.9587136E-08 1.2815411E-08 7.6593984E-09 3.1796347E-08 1.7902019E-08 1.0774226E-08 1.2965699E-08 2.7025672E-08 1.8653992E-08 1.5475237E-08 1.7437543E-08 2.2148548E-08  291.9039 294.3143 299.7455 302.0612 293.5118 298.7810 306.2808 301.8412 297.1240 302.9489 306.6012 304.1384 299.7528 304.1941 305.0668 302.9756 297.9099 301.8853 303.3693 302.8113  134.548
1976 5.2815746E-08 2.1127855E-08 1.8188823E-08 2.9075661E-08 3.8476429E-08 1.1556437E-08 7.7977864E-09 2.1014413E-08 2.4470438E-08 7.9590219E-09 5.8619238E-09 2.7252332E-08 1.6400634E-08 8.7499235E-09 1.0325069E-08 2.3257620E-08 1.7202646E-08 1.4749705E-08 1.5220682E-08 1.7447100E-08  292.6103 294.4297 299.4848 302.0117 293.6162 298.9655 305.9089 301.8072 297.0961 302.8715 306.3503 304.1759 299.6299 303.9032 304.9709 303.1795 297.7678 301.6655 303.3860 303.0062  956.548
1977 5.6150093E-08 2.4690413E-08 1.8189567E-08 2.6261205E-08 4.5306919E-08 1.7919227E-08 9.7168318E-09 2.3682430E-08 2.7479782E-08 1.1626867E-08 7.3318067E-09 2.8898222E-08 1.8038923E-08 9.7328252E-09 1.0686674E-08 2.4516501E-08 1.8552575E-08 1.7341218E-08 1.8201103E-08 1.8691845E-08  292.2682 294.3481 299.7483 302.0451 293.3686 298.9539 306.1686 301.8153 297.1043 302.9599 306.5095 303.9696 299.5518 303.9782 305.1065 303.0673 297.6921 301.5123 303.1078 302.8930  88.1935
1978 6.1492031E-08 2.7964326E-08 2.0647363E-08 2.2311955E-08 4.3646729E-08 2.0982437E-08 1.3214790E-08 2.3019146E-08 2.3819597E-08 1.0547882E-08 8.4630543E-09 3.1192403E-08 1.5713145E-08 8.3023544E-09 1.1293638E-08 2.5251406E-08 1.8645721E-08 1.4588701E-08 1.6161199E-08 1.9173626E-08  292.2392 294.4199 299.9154 302.0959 293.6384 298.9008 306.0605 301.8601 297.5052 303.1625 306.5249 304.1077 300.0075 304.5645 305.5396 303.6001 298.0345 302.2983 304.0267 303.5834  1.69097
1979 6.0102046E-08 2.5521372E-08 1.8761925E-08 2.2633348E-08 4.1797882E-08 1.4308775E-08 6.5994010E-09 1.8378735E-08 2.5084676E-08 8.8206242E-09 5.1807918E-09 2.6268941E-08 1.5656173E-08 7.8977154E-09 9.9821378E-09 2.3019906E-08 1.5279880E-08 1.3971212E-08 1.7418371E-08 1.8496870E-08  292.6998 294.8663 300.0338 302.2539 294.2314 299.6704 306.7111 301.9625 298.0061 303.7841 307.1075 304.5234 300.4833 304.8881 305.8690 303.9949 298.6570 302.6297 304.1515 303.9261  112.161
1980 6.0595212E-08 2.8844685E-08 1.9637568E-08 2.5839304E-08 4.6208495E-08 2.0050212E-08 9.6383586E-09 2.2361245E-08 2.8591440E-08 1.0368566E-08 6.7470980E-09 2.9860114E-08 1.6522511E-08 8.7668894E-09 9.3556185E-09 2.2339428E-08 1.7378909E-08 1.5533290E-08 1.4163189E-08 1.6605178E-08  292.5043 294.5174 299.8226 302.2874 293.6098 299.0538 306.1844 301.9893 297.0974 302.9347 306.4073 303.7650 299.7231 304.0566 305.0229 302.8111 298.0337 301.9128 303.5703 302.8849  0.0483871
1981 6.9328919E-08 2.9768618E-08 1.6887771E-08 2.1075511E-08 4.9756231E-08 2.3467386E-08 9.5117532E-09 2.3024191E-08 3.0032535E-08 1.3410761E-08 7.1277038E-09 2.9605429E-08 1.8251093E-08 1.0328037E-08 1.3803525E-08 2.8023667E-08 1.8108288E-08 1.7020751E-08 1.9253893E-08 2.2066912E-08  291.8754 294.5365 300.2152 302.0718 293.2147 299.0309 306.5208 301.8381 296.8663 302.9373 306.6780 304.3093 299.5247 304.2229 305.2034 303.1982 297.9339 301.9940 303.5618 302.9773  452.419
1982 6.3034200E-08 2.6303676E-08 1.9248841E-08 3.1357253E-08 4.1796014E-08 1.7147734E-08 8.6903080E-09 2.9446104E-08 2.5537021E-08 1.0091651E-08 5.1968425E-09 2.9843907E-08 1.6257516E-08 7.5241635E-09 9.1046353E-09 2.6949161E-08 1.7234964E-08 1.3256500E-08 1.5597482E-08 2.0023711E-08  292.4655 294.5708 299.7416 302.2307 294.1257 299.2396 306.3315 301.9736 297.5721 303.3820 306.8116 304.0746 299.9635 304.4907 305.4452 302.9892 298.1223 302.1022 303.5236 302.6617  24.0677
1983 5.6363945E-08 2.7662233E-08 1.8476658E-08 2.5109404E-08 4.3894147E-08 2.0104348E-08 1.0137307E-08 2.6062269E-08 2.7171483E-08 1.1310102E-08 9.2377146E-09 3.6449524E-08 1.4607092E-08 9.1597281E-09 1.1890466E-08 2.7340988E-08 1.6643133E-08 1.4192255E-08 1.4084647E-08 2.0583544E-08  293.4823 295.0141 300.1901 302.5015 294.4959 299.3425 306.4150 302.1370 297.8492 303.1585 306.5541 303.8490 300.4025 304.3015 305.2567 303.0183 298.6530 302.3960 303.8315 302.9982  9.09355
1984 5.8549652E-08 2.6791433E-08 1.7651027E-08 2.5396956E-08 3.9676070E-08 1.6481472E-08 9.8041317E-09 2.0726125E-08 2.3823221E-08 9.0476053E-09 6.8374573E-09 2.6330271E-08 1.4461447E-08 8.4955758E-09 1.1850357E-08 2.4903022E-08 1.5306158E-08 1.4412284E-08 1.7399072E-08 1.9052630E-08  292.0226 294.0274 299.6268 302.0440 293.2069 298.7158 306.1327 301.8310 296.9342 303.0174 306.7188 304.5331 299.5021 304.0597 305.1114 303.1719 297.7533 301.7892 303.2202 302.6898  0
1985 6.1370805E-08 2.0885762E-08 1.3166522E-08 2.0677387E-08 4.2114348E-08 1.5357973E-08 5.6543419E-09 1.7433820E-08 2.5637560E-08 9.7579020E-09 4.4434647E-09 2.7676167E-08 1.5609702E-08 8.8203347E-09 1.1370643E-08 2.2604461E-08 1.6007371E-08 1.4999268E-08 1.7010214E-08 1.9849349E-08  292.1280 294.7238 299.9847 302.1687 293.8489 299.3298 306.3047 301.9353 297.4652 303.3389 306.6681 304.2435 299.7840 304.3452 305.1996 303.4008 297.7921 301.7621 303.3949 302.9017  2.19097
1986 6.0203270E-08 2.5547450E-08 1.3997462E-08 2.1291719E-08 4.4546471E-08 1.7748700E-08 5.8365917E-09 1.8067929E-08 2.6341175E-08 9.0692209E-09 4.5440323E-09 2.8868467E-08 1.4431073E-08 8.0281053E-09 1.0600488E-08 2.4749328E-08 1.5253244E-08 1.5092608E-08 1.9269937E-08 2.1061936E-08  292.3068 294.6706 300.1162 302.3230 293.7478 299.2499 306.6254 302.0444 297.2627 303.2521 306.8174 304.2664 299.8009 304.1949 305.1854 303.2316 298.1223 301.8194 303.1513 302.6919  13.1906
1987 5.3978919E-08 2.6660180E-08 2.0432667E-08 2.4284388E-08 3.7850704E-08 1.7453214E-08 8.5362073E-09 1.8968787E-08 2.3316131E-08 9.1282075E-09 4.4807793E-09 2.5263835E-08 1.5187185E-08 6.8697696E-09 7.4247750E-09 2.2743230E-08 1.4809620E-08 1.1969637E-08 1.4280131E-08 1.9050296E-08  293.0798 294.7033 299.7818 302.4623 294.1678 299.2884 306.4185 302.1512 297.6850 303.2506 306.8875 304.2746 299.8719 304.2256 305.5060 303.1632 298.3243 302.2746 303.8287 302.9833  637
1988 5.9678982E-08 2.7608632E-08 2.0334175E-08 2.5997339E-08 4.4403624E-08 1.8977842E-08 1.1417347E-08 2.3370474E-08 2.7449978E-08 1.0462553E-08 7.1822788E-09 2.9854057E-08 1.5474507E-08 7.7131199E-09 1.0353562E-08 2.3673692E-08 1.5377074E-08 1.2459391E-08 1.3905163E-08 1.7025952E-08  292.1000 294.0529 299.5694 302.0099 293.0602 298.6568 305.9305 301.7866 296.8944 302.7893 306.5879 304.1624 299.7264 304.2030 305.3419 303.4554 298.1994 302.1712 303.9136 303.4870  147.516
1989 6.0767789E-08 2.6758638E-08 2.1658755E-08 2.8019960E-08 4.5428404E-08 1.9669617E-08 1.1853986E-08 2.5009303E-08 3.2643328E-08 1.4791175E-08 7.9853786E-09 3.2436851E-08 1.8763403E-08 1.1225679E-08 1.3086670E-08 2.8153533E-08 1.9491704E-08 1.6752018E-08 1.7423659E-08 2.1494586E-08  292.2667 294.4301 299.6205 302.1514 293.4268 298.7791 305.9673 301.9087 296.5714 302.4464 306.2815 303.8566 299.2020 303.5014 304.5592 302.6747 297.4864 301.2950 302.7413 302.3217  0
1990 5.8987784E-08 2.7248573E-08 2.1252964E-08 2.5062759E-08 3.7906993E-08 1.4812171E-08 9.3333954E-09 2.3878735E-08 2.0390919E-08 8.6515959E-09 6.0205609E-09 2.8254895E-08 1.2288811E-08 8.1442355E-09 9.6950954E-09 2.0956209E-08 1.2971928E-08 1.3034936E-08 1.4070172E-08 1.8461952E-08  292.7346 294.9150 300.0888 302.4304 294.2389 299.7027 306.4560 302.1399 298.2135 303.8337 307.0804 304.4269 300.7626 305.0778 305.9093 303.9335 298.9365 302.8619 304.3134 303.6990  737.226
1991 6.2835291E-08 2.8170076E-08 2.2801483E-08 2.8923065E-08 4.2631701E-08 2.0301966E-08 1.0438881E-08 2.7353613E-08 2.5663478E-08 1.0278583E-08 6.5940342E-09 2.9277643E-08 1.4584950E-08 7.3679707E-09 1.1085790E-08 2.6323828E-08 1.6933514E-08 1.3933307E-08 1.7171701E-08 2.1812141E-08  292.3916 294.3897 299.5135 302.4203 293.8585 298.9894 305.9261 302.1200 297.6226 303.1657 306.4027 303.6307 300.1735 304.4937 305.0589 302.7202 298.2884 302.2618 303.4794 302.6699  0
1992 6.0201771E-08 2.9112288E-08 1.9131495E-08 2.5225837E-08 4.0768775E-08 2.0581414E-08 1.1608835E-08 2.4963095E-08 2.4969413E-08 1.3399928E-08 8.3663609E-09 3.0630410E-08 1.5376980E-08 1.0040844E-08 1.1295863E-08 2.5067168E-08 1.7807794E-08 1.5695631E-08 1.7330636E-08 1.9880208E-08  292.8135 294.4992 299.7133 302.3201 294.0602 299.0385 305.8418 302.0384 297.3401 302.7992 306.1924 303.4944 299.4415 303.6656 304.7661 302.6125 297.6493 301.4048 302.8611 302.1906  304.097
1993 6.1630772E-08 2.9948009E-08 2.1151386E-08 2.7751680E-08 4.3303604E-08 2.1512228E-08 9.5153005E-09 2.1485935E-08 2.7974464E-08 1.2823063E-08 7.2962836E-09 2.6226108E-08 2.0032843E-08 1.1413747E-08 1.3154509E-08 2.4675623E-08 2.0929365E-08 1.8328540E-08 1.9002938E-08 1.9439712E-08  292.7137 294.3588 299.4865 302.1867 293.8294 298.9463 305.8761 301.9357 296.9685 302.8259 306.2402 303.9155 298.9474 303.4980 304.7222 303.0101 297.1586 301.2936 303.0890 302.9133  42.6452
1994 6.0459179E-08 2.3283489E-08 1.6553207E-08 2.2300275E-08 4.3659860E-08 1.4837432E-08 6.8901760E-09 1.5988158E-08 2.8167474E-08 1.0091216E-08 5.3394706E-09 2.5263551E-08 2.0055772E-08 1.0998660E-08 1.0539472E-08 2.1485047E-08 2.0177538E-08 1.7688791E-08 1.7558506E-08 1.8442460E-08  292.3319 294.7142 299.8014 302.1677 293.4391 299.3065 306.3902 301.9430 296.5764 303.1511 306.8580 304.3199 298.9431 303.9866 305.4279 303.5312 297.4578 301.6984 303.4436 303.0220  7.15806
1995 7.2000802E-08 3.1895109E-08 2.1018813E-08 2.2052784E-08 4.6970289E-08 2.3580384E-08 1.1960442E-08 1.9701879E-08 2.6363388E-08 1.3562199E-08 9.0118615E-09 3.2572558E-08 1.6016145E-08 9.4816954E-09 1.2588412E-08 2.4453923E-08 1.6558383E-08 1.4617715E-08 1.7550319E-08 1.8169693E-08  292.4897 294.6839 300.1295 302.5306 293.7648 299.1278 306.4162 302.1764 297.5001 303.1378 306.7513 304.3738 300.0175 304.4802 305.6827 303.9893 298.3326 302.4672 304.3477 304.1759  36.8968
1996 6.1229798E-08 2.8919496E-08 2.1199961E-08 2.7742894E-08 4.3151267E-08 2.0128759E-08 1.1101656E-08 2.2753328E-08 2.5589339E-08 1.0904935E-08 6.1680421E-09 2.8151417E-08 1.6085313E-08 7.7146103E-09 1.0890081E-08 2.4943626E-08 1.3916967E-08 1.2795313E-08 1.5501882E-08 2.0047562E-08  292.6142 294.7046 299.9569 302.3413 293.9105 299.1375 306.2801 302.0525 297.5347 303.2438 306.7283 304.4119 300.1322 304.4814 305.4789 303.5048 298.5283 302.4219 303.9473 303.3972  0
1997 6.4121224E-08 2.5673117E-08 1.7225076E-08 2.2744549E-08 4.9292922E-08 1.8651134E-08 7.4534698E-09 1.8441826E-08 3.1577230E-08 1.1179760E-08 4.2254378E-09 2.5424589E-08 2.0790383E-08 9.7614548E-09 1.0828801E-08 2.1788161E-08 2.0399879E-08 1.7521135E-08 2.0918820E-08 2.2459014E-08  292.1034 294.5504 299.9012 302.5392 293.0106 299.0891 306.6275 302.1827 296.6896 303.1635 307.1267 304.5520 299.2342 304.0992 305.5210 303.5918 297.5297 301.5408 303.0601 302.6411  352.935
1998 6.2629773E-08 2.9102575E-08 2.1663469E-08 2.8534695E-08 4.5281666E-08 2.1421599E-08 1.2378706E-08 2.3379325E-08 2.6132259E-08 1.1581105E-08 8.2420604E-09 3.3260722E-08 1.6278454E-08 8.7000291E-09 1.1533183E-08 2.3661960E-08 1.8641277E-08 1.6534695E-08 1.7483556E-08 2.0089750E-08  293.3113 295.1240 300.2220 302.4409 294.4015 299.3234 306.1651 302.1071 297.9160 303.2997 306.6303 304.1089 300.3566 304.5992 305.5542 303.6573 298.5603 302.4432 304.1016 303.6707  0
1999 7.0221382E-08 3.5523662E-08 2.2691028E-08 2.5610804E-08 4.8304162E-08 2.5579867E-08 1.0984254E-08 1.9996442E-08 3.0242248E-08 1.4815302E-08 7.2574231E-09 2.9915846E-08 1.5518026E-08 8.1990148E-09 1.1821852E-08 2.6091275E-08 1.6231004E-08 1.4468547E-08 1.8361668E-08 2.0752358E-08  292.4137 294.4721 300.0177 302.2156 293.7441 298.8155 306.2953 301.9660 297.5411 303.0905 306.6830 304.2795 300.4420 304.7196 305.5232 303.4053 298.6161 302.5160 304.0904 303.6423  53.3871
2000 5.6120069E-08 2.5091534E-08 1.7106247E-08 2.8297661E-08 3.4609961E-08 1.3227351E-08 5.9248220E-09 1.8148768E-08 1.9333468E-08 6.1554171E-09 3.9316870E-09 2.3404379E-08 1.2666964E-08 5.8515748E-09 7.9471993E-09 2.0630951E-08 1.5567075E-08 1.1977006E-08 1.5033256E-08 1.8423464E-08  292.5838 294.7429 300.0748 302.4418 294.2780 299.4266 306.5374 302.1300 298.1494 303.7728 307.0879 304.8132 300.5101 305.0237 305.7713 303.7341 298.2413 302.2802 303.7305 303.2706  0.0154839
2001 6.0897705E-08 3.4063977E-08 1.9971731E-08 2.2312237E-08 4.2494431E-08 2.6297842E-08 1.0653790E-08 2.1433550E-08 2.4323199E-08 1.1934345E-08 8.9455368E-09 3.3904065E-08 1.4047640E-08 7.7842897E-09 1.1939000E-08 2.7807101E-08 1.5426687E-08 1.3810499E-08 1.6102678E-08 1.9493726E-08  292.3404 294.1790 299.8879 302.5450 293.6836 298.9078 306.4282 302.1962 297.5079 303.3020 306.8985 304.2497 300.1239 304.6176 305.5192 303.2038 298.3658 302.2894 303.8410 303.2704  0.0677419
2002 6.2393632E-08 3.0450789E-08 2.3328088E-08 2.7710806E-08 3.9043758E-08 1.8868400E-08 1.1728416E-08 2.6419839E-08 2.3721279E-08 9.1423962E-09 5.6885119E-09 3.9181668E-08 1.4829677E-08 8.6935765E-09 1.1030354E-08 3.0044571E-08 1.5756648E-08 1.4915317E-08 1.7204616E-08 2.3513662E-08  292.6581 294.5996 299.8865 302.4292 294.1260 299.3961 306.3135 302.1151 297.8220 303.5271 306.8959 303.8214 300.3332 304.6212 305.4574 303.1004 298.4531 302.3163 303.7496 303.0990  5458.16
2003 6.6121800E-08 2.4507720E-08 1.9793420E-08 3.2499088E-08 4.4926622E-08 1.7742220E-08 1.0803255E-08 3.1127193E-08 2.5884148E-08 1.0390264E-08 6.3959895E-09 2.9697651E-08 1.3979530E-08 8.1851637E-09 9.7564170E-09 2.6001537E-08 1.5908421E-08 1.4846880E-08 1.6172160E-08 2.0092163E-08  292.8220 295.0238 300.1510 302.4084 294.3707 299.3961 306.2851 302.1019 298.1262 303.4789 306.7436 304.2641 300.6534 304.7871 305.6781 303.4633 298.8053 302.6541 304.0749 303.3293  1096.84
2004 6.2020732E-08 2.5462052E-08 1.6243996E-08 2.5072882E-08 4.5235371E-08 1.9881677E-08 7.8854123E-09 2.3108862E-08 2.7219670E-08 1.3574392E-08 7.1584947E-09 3.5400003E-08 1.6910297E-08 9.0108863E-09 1.1605130E-08 3.0958510E-08 1.8768178E-08 1.7512296E-08 1.8085172E-08 2.3369070E-08  292.9011 295.0044 300.2201 302.5083 294.0958 299.4180 306.5745 302.1696 297.5382 303.1578 306.5034 303.7659 299.9201 304.2363 304.9696 302.5869 298.1167 301.8130 303.1718 302.5219  1792.87
2005 6.6971744E-08 3.4302420E-08 2.4189081E-08 2.9155627E-08 4.6095433E-08 2.2297005E-08 1.2704110E-08 3.2393832E-08 2.8152607E-08 1.3829983E-08 1.0108652E-08 3.2742360E-08 1.6619534E-08 1.1107877E-08 1.5186282E-08 2.6805983E-08 1.6085693E-08 1.5601763E-08 1.7058866E-08 2.1335877E-08  292.9191 294.4283 299.9081 302.7439 294.2175 299.1118 306.2096 302.3490 297.8399 303.0569 306.3811 303.9424 300.4945 304.3299 304.9253 302.8622 298.7919 302.3689 303.6290 302.9686  41.0323
2006 6.3236826E-08 2.7856382E-08 1.7352839E-08 2.4443461E-08 4.2060741E-08 1.7731958E-08 8.2094047E-09 2.1833513E-08 2.4940229E-08 7.9299012E-09 5.8273404E-09 3.6137497E-08 1.2487433E-08 6.2214665E-09 1.0413816E-08 2.5985205E-08 1.2357128E-08 9.8710133E-09 1.4734908E-08 1.9104597E-08  292.7337 294.9510 300.3097 302.6095 294.2953 299.6955 306.8010 302.2533 298.3746 303.8042 307.0815 304.0908 301.1403 305.0607 305.5740 303.3477 299.3676 303.0683 304.3217 303.7724  0
2007 7.1011449E-08 3.0159562E-08 1.9421293E-08 2.1849129E-08 5.2123870E-08 2.2148116E-08 1.2132682E-08 2.3323427E-08 3.2688572E-08 1.2513549E-08 9.8091304E-09 3.4649979E-08 1.6453097E-08 8.4035578E-09 1.2282595E-08 2.7983148E-08 1.5039525E-08 1.5378205E-08 1.8840099E-08 2.2510058E-08  292.7227 295.0147 300.3068 302.5802 293.5691 299.3776 306.4882 302.2219 297.2744 303.4046 306.8250 303.9156 300.3915 304.6548 305.5251 303.0844 298.9248 302.5811 303.8284 303.1013  2710.16
2008 5.8155628E-08 2.4045473E-08 1.9752074E-08 2.5395188E-08 3.9980208E-08 1.7763758E-08 1.0250462E-08 2.3970097E-08 2.2441686E-08 9.9605488E-09 6.8158070E-09 2.9844710E-08 1.3271311E-08 7.2248652E-09 1.1735906E-08 2.7297615E-08 1.5705769E-08 1.2956241E-08 1.6088769E-08 2.1286858E-08  293.1960 295.2263 300.2869 302.3827 294.5065 299.4092 306.5725 302.0819 298.2882 303.6013 307.0498 304.7687 300.8545 305.0753 305.8429 303.7315 298.8563 302.6877 303.9738 303.3812  4.68645
2009 5.4205309E-08 2.6661562E-08 2.2017899E-08 3.1135158E-08 3.9454967E-08 1.8564625E-08 1.1229297E-08 2.3319243E-08 2.3740281E-08 9.6288915E-09 7.6494571E-09 2.7409886E-08 1.5424185E-08 7.3715678E-09 1.1302198E-08 2.1270280E-08 1.6995136E-08 1.4911636E-08 1.7026970E-08 1.9703405E-08  0.0000000E+00 0.0000000E+00 0.0000000E+00 0.0000000E+00 0.0000000E+00 0.0000000E+00 0.0000000E+00 0.0000000E+00 0.0000000E+00 0.0000000E+00 0.0000000E+00 0.0000000E+00 0.0000000E+00 0.0000000E+00 0.0000000E+00 0.0000000E+00 0.0000000E+00 0.0000000E+00 0.0000000E+00 0.0000000E+00  0
2010 6.2731608E-08 3.3986570E-08 2.2343423E-08 2.7505482E-08 4.3503388E-08 2.1453172E-08 1.2220531E-08 2.6237547E-08 2.5838347E-08 1.2552013E-08 8.1700637E-09 2.7008022E-08 1.4602744E-08 9.3014938E-09 1.0115416E-08 2.3701732E-08 1.4092372E-08 1.2947740E-08 1.2570132E-08 1.5667370E-08  293.2769 294.9752 300.4661 302.8894 294.7346 299.7001 306.8525 302.4471 298.6695 303.7442 307.2922 305.0441 301.0813 305.0401 306.1573 304.1061 299.2254 302.8940 304.7288 304.1826  3.80581
2011 5.8293587E-08 2.1961986E-08 1.6259101E-08 2.4221606E-08 3.8484320E-08 1.4162779E-08 8.5973788E-09 1.9733237E-08 2.2323555E-08 7.0821407E-09 5.7120864E-09 2.9947817E-08 1.3525196E-08 6.2281940E-09 9.0091348E-09 2.2181867E-08 1.3314376E-08 1.2591846E-08 1.4806371E-08 1.7669576E-08  293.1709 295.5250 300.5930 302.3914 294.6322 300.0282 306.9684 302.0790 298.3854 304.0472 307.2954 304.8344 300.9157 305.2382 306.0423 304.2730 299.0285 302.8881 304.5036 304.3416  0
2012 6.4115817E-08 3.3012487E-08 2.0549109E-08 2.7622905E-08 4.7256098E-08 2.5055957E-08 1.2035360E-08 2.9453334E-08 2.8566017E-08 1.4293330E-08 1.0131346E-08 3.6933894E-08 1.7560264E-08 1.0665829E-08 1.5161900E-08 2.8939064E-08 1.7610740E-08 1.7622266E-08 2.0424674E-08 2.2120529E-08  292.8586 294.4620 299.8213 302.2970 293.8846 298.9054 306.1477 302.0228 297.4901 302.8707 306.4396 303.6221 299.9837 303.9414 304.7412 302.6053 298.3181 301.8775 303.1168 302.7148  0
2013 6.6962293E-08 3.0026786E-08 2.4263121E-08 3.4845513E-08 5.3849998E-08 2.5178013E-08 1.4419444E-08 3.3584051E-08 3.3834251E-08 1.6124627E-08 1.4576130E-08 3.7081641E-08 1.6385879E-08 1.0974167E-08 1.7011761E-08 2.8429117E-08 1.6540593E-08 1.6379483E-08 1.9858071E-08 1.9148844E-08  292.5348 294.5362 299.8632 302.5826 293.0959 298.7104 306.0148 302.2459 296.8512 302.6147 306.0992 303.4998 300.0920 304.1927 304.7702 302.6255 298.6317 302.3965 303.6578 303.1076  0
2014 6.5389422E-08 2.7395608E-08 1.8348150E-08 2.3261515E-08 4.9384923E-08 1.6903225E-08 7.1300312E-09 1.7828347E-08 3.2346886E-08 9.3588541E-09 5.1994120E-09 2.7832817E-08 1.9484647E-08 9.6309192E-09 9.7610000E-09 2.2662556E-08 2.0570257E-08 1.4870258E-08 1.7141053E-08 2.0141838E-08  292.3052 294.7018 300.0243 302.6886 293.1985 299.3555 306.7091 302.2982 296.6654 303.4303 307.3043 304.7518 299.3850 304.3650 305.8996 304.1256 297.8641 302.0264 303.8004 303.4823  0.0374194
2015 6.6784487E-08 3.0060111E-08 1.8233324E-08 2.1372182E-08 4.6929717E-08 2.2271680E-08 8.3688922E-09 2.1690308E-08 2.8702591E-08 1.3425511E-08 8.4432434E-09 3.5635122E-08 2.0008208E-08 1.0577850E-08 1.3260145E-08 2.7548872E-08 1.7905693E-08 1.5519062E-08 1.7938996E-08 2.3491893E-08  292.5957 294.6773 299.8755 302.7355 293.9907 299.1364 306.3508 302.3470 297.2145 302.9677 306.5865 303.9716 299.3352 303.8431 304.8981 302.8617 298.0092 301.7715 303.1888 302.3893  7.03903
