STN,prec_1,prec_2,prec_3,prec_4,prec_5,prec_6,prec_7,prec_8,prec_9,prec_10,prec_11,prec_12,prec_13,prec_14,prec_15,prec_16,prec_17,prec_18,prec_19,prec_20,st_1,st_2,st_3,st_4,st_5,st_6,st_7,st_8,st_9,st_10,st_11,st_12,st_13,st_14,st_15,st_16,st_17,st_18,st_19,st_20,09.0
LAT,23.72017,23.72017,23.72017,23.72017,26.51077,26.51077,26.51077,26.51077,29.30136,29.30136,29.30136,29.30136,32.09194,32.09194,32.09194,32.09194,34.88252,34.88252,34.88252,34.88252,23.72017,23.72017,23.72017,23.72017,26.51077,26.51077,26.51077,26.51077,29.30136,29.30136,29.30136,29.30136,32.09194,32.09194,32.09194,32.09194,34.88252,34.88252,34.88252,34.88252,28.73664429
LON,-104.0625,-101.2500,-98.43750,-95.62500,-104.0625,-101.2500,-98.43750,-95.62500,-104.0625,-101.2500,-98.43750,-95.62500,-104.0625,-101.2500,-98.43750,-95.62500,-104.0625,-101.2500,-98.43750,-95.62500,-104.0625,-101.2500,-98.43750,-95.62500,-104.0625,-101.2500,-98.43750,-95.62500,-104.0625,-101.2500,-98.43750,-95.62500,-104.0625,-101.2500,-98.43750,-95.62500,-104.0625,-101.2500,-98.43750,-95.62500,-99.1447556
1958 1.4026655E-08 2.4216648E-08 2.8296036E-08 2.6131438E-08 1.4386636E-08 2.1698433E-08 1.7514617E-08 1.4548573E-08 1.5100500E-08 1.4716180E-08 1.2543514E-08 1.4771237E-08 9.7797237E-09 1.2077781E-08 1.7230894E-08 2.6660322E-08 9.1967296E-09 1.1563817E-08 1.7566215E-08 2.5989996E-08  286.7161 284.7074 288.8575 297.4177 283.1557 285.0303 290.2379 296.1268 281.2237 284.4294 287.5198 288.2527 280.2415 282.3566 282.8644 282.2001 276.0087 278.1617 278.0735 277.5127  968.367
1959 1.7825052E-08 2.6883933E-08 2.7232536E-08 2.1842997E-08 1.7847640E-08 2.5927207E-08 1.8706123E-08 1.6327837E-08 1.7114528E-08 1.7393150E-08 1.4589796E-08 1.6116063E-08 9.8789545E-09 1.1261336E-08 1.6348489E-08 2.5135312E-08 7.4115256E-09 9.3396988E-09 1.5827089E-08 2.3845436E-08  286.8699 285.1762 289.3263 297.3538 283.3342 285.3190 290.4599 296.0801 281.2849 284.6807 287.7176 288.4238 280.2175 282.7029 283.1342 282.4375 276.0698 278.5322 278.4227 277.8588  9.31667
1960 9.2826520E-09 1.5955225E-08 2.0747528E-08 1.6319722E-08 9.2604777E-09 1.5921565E-08 1.2616985E-08 1.2236993E-08 1.1418090E-08 1.1961001E-08 1.2045094E-08 1.4430454E-08 8.5900416E-09 1.0618995E-08 1.5152853E-08 2.2904761E-08 7.9624165E-09 1.0392989E-08 1.4976953E-08 2.2012676E-08  287.0169 285.6697 289.6842 297.4782 283.9800 286.1577 291.1650 296.1710 282.3210 285.5553 288.4793 288.9427 281.2206 283.4732 283.8542 283.0520 277.1543 279.2429 279.0697 278.5272  1.12333
1961 1.5291981E-08 2.3047255E-08 2.4191351E-08 2.0229981E-08 1.5531372E-08 2.0791187E-08 1.3557484E-08 1.3071304E-08 1.5956152E-08 1.3832507E-08 1.2728222E-08 1.6789068E-08 1.2026987E-08 1.2557533E-08 1.9186073E-08 3.0566479E-08 1.2812320E-08 1.4903407E-08 2.1188074E-08 3.0406454E-08  286.8362 285.5201 289.8113 297.4025 283.6822 286.0971 291.3546 296.1228 281.9117 285.5822 288.7739 289.1165 280.6992 283.3773 284.0330 283.2305 276.3537 278.8890 279.1425 278.7686  2.04667
1962 1.3902223E-08 2.0124638E-08 2.5389092E-08 1.9449802E-08 1.5223762E-08 2.2966121E-08 1.7530006E-08 1.2713167E-08 1.6512731E-08 1.7821199E-08 1.5202454E-08 1.6479079E-08 1.1253448E-08 1.4397478E-08 1.9303837E-08 2.5727438E-08 8.6562020E-09 1.2593935E-08 2.0935461E-08 2.7905914E-08  287.2382 285.8576 289.9050 297.3898 283.9532 286.1562 291.2084 296.1113 282.2097 285.4895 288.4992 289.1831 280.8501 283.3327 283.9094 283.3770 276.5566 279.1357 279.2992 278.9964  0
1963 1.1833717E-08 2.4075307E-08 3.0519704E-08 2.4576815E-08 1.3154600E-08 2.0531576E-08 1.8967613E-08 1.8673564E-08 1.6030361E-08 1.3558516E-08 1.6289999E-08 2.2699719E-08 1.2967615E-08 1.3129899E-08 2.0609948E-08 3.3524049E-08 1.1644636E-08 1.4777062E-08 2.2389949E-08 3.1347305E-08  286.7788 285.0563 289.1626 297.3760 283.1563 285.2021 290.1980 296.0986 281.3177 284.4618 287.4122 288.1432 280.2574 282.3367 282.6555 282.1209 276.2105 278.1199 277.8430 277.4796  0
1964 1.3190286E-08 1.8511873E-08 2.3041055E-08 1.8950008E-08 1.2209190E-08 1.8998559E-08 1.4464138E-08 1.2235757E-08 1.5818214E-08 1.3745388E-08 1.2170196E-08 1.4248698E-08 1.1684117E-08 1.1783932E-08 1.6964263E-08 2.2991005E-08 1.1535032E-08 1.3137435E-08 1.7785824E-08 2.2786194E-08  287.2008 285.9644 290.1945 297.6653 284.3145 286.4514 291.6789 296.3134 282.3964 285.7080 288.8086 289.3533 281.0507 283.4199 284.0983 283.4755 276.8174 278.9585 279.0182 278.6263  115.767
1965 2.7618160E-08 3.8139351E-08 3.5200440E-08 2.7427610E-08 2.6433092E-08 3.1506104E-08 2.5165837E-08 2.1854882E-08 2.2324388E-08 1.9065839E-08 1.8057802E-08 2.1343386E-08 1.4559778E-08 1.3483618E-08 1.7389505E-08 2.6644406E-08 1.2042030E-08 1.2960458E-08 1.6778746E-08 2.3014850E-08  285.4995 283.6435 288.1869 297.1679 281.8975 284.0062 289.3038 295.9480 280.4700 283.8006 286.8040 287.6150 279.7032 282.0539 282.6168 281.9287 275.6907 278.1914 278.3445 277.8874  0
1966 1.3735167E-08 2.3439712E-08 2.7293449E-08 2.0336497E-08 1.3865994E-08 2.1971372E-08 1.6900245E-08 1.4968219E-08 1.5172771E-08 1.7139662E-08 1.5193878E-08 1.8819831E-08 1.0697746E-08 1.3700826E-08 2.0129608E-08 2.8846575E-08 9.7743751E-09 1.3659386E-08 2.2394874E-08 2.8166500E-08  287.0215 285.6114 289.5566 297.4520 283.5354 285.7437 290.7801 296.1617 281.4618 284.9571 288.0312 288.6592 280.2747 282.8179 283.4222 282.7801 276.0348 278.2923 278.4341 278.2123  62.7057
1967 1.3939291E-08 2.1767018E-08 2.6603249E-08 2.2173920E-08 1.2847359E-08 1.9194029E-08 1.4900231E-08 1.5126661E-08 1.2910341E-08 1.1264635E-08 1.1968002E-08 1.6815957E-08 9.1697068E-09 9.3737347E-09 1.5475882E-08 2.4500373E-08 9.7058450E-09 1.2036126E-08 1.8621789E-08 2.4667514E-08  286.5636 285.2068 289.3763 297.5065 283.3694 285.4751 290.5741 296.1976 281.5680 284.8512 287.8208 288.3228 280.2802 282.7907 283.3263 282.5063 276.0986 278.5829 278.7241 278.1332  422.032
1968 1.9215033E-08 2.8122573E-08 3.2355224E-08 2.4460988E-08 2.1443340E-08 2.8118491E-08 2.1224739E-08 1.7775950E-08 2.0416653E-08 1.8068018E-08 1.7812727E-08 1.9277305E-08 1.2854137E-08 1.3546746E-08 2.0151958E-08 2.8909131E-08 1.2128597E-08 1.5941399E-08 2.2399240E-08 2.7616274E-08  286.6426 285.0324 288.9572 297.2631 283.0466 284.8537 289.8548 296.0159 281.0323 284.0397 286.9601 287.8610 279.7975 281.9776 282.4186 281.9022 275.2991 277.5254 277.7704 277.4348  2.76567
1969 2.1962741E-08 2.9532611E-08 3.2019145E-08 2.4433119E-08 2.2278121E-08 2.9843832E-08 2.2721785E-08 1.8531027E-08 1.9494943E-08 2.0752140E-08 2.0747621E-08 2.2926470E-08 1.2394437E-08 1.5852686E-08 2.4113682E-08 3.4894097E-08 1.1416216E-08 1.5689981E-08 2.3637352E-08 3.1947572E-08  286.8308 285.3056 289.5102 297.5410 283.3530 285.5338 290.6441 296.2247 281.5960 284.8896 287.8472 288.6170 280.5913 282.8444 283.2755 282.6324 276.3852 278.5955 278.5509 278.0100  0
1970 7.6282554E-09 1.4041904E-08 1.8702517E-08 1.5840479E-08 8.0947942E-09 1.3021676E-08 9.9274846E-09 9.4962758E-09 9.2184864E-09 8.5250731E-09 8.0781719E-09 9.6322745E-09 6.6508297E-09 7.3251853E-09 1.2246834E-08 1.8650937E-08 6.8357000E-09 8.6069178E-09 1.4256394E-08 2.0231321E-08  286.9507 285.5331 289.7301 297.4709 284.0659 286.3236 291.6279 296.1762 282.5371 286.0265 289.3356 289.7270 281.3392 283.9651 284.7280 284.0934 277.0928 279.6816 279.9145 279.5325  97.2
1971 1.3223667E-08 1.8397586E-08 2.2089385E-08 1.5921465E-08 1.2431005E-08 1.6920406E-08 1.3245722E-08 1.0983780E-08 1.2565827E-08 1.2175429E-08 1.2664514E-08 1.3954494E-08 1.0767590E-08 1.1411467E-08 1.8336012E-08 2.5938297E-08 9.8280877E-09 1.2360213E-08 1.9834683E-08 2.9825927E-08  286.5991 285.6566 289.9511 297.4613 283.5426 286.3510 291.6693 296.1743 282.0170 285.9297 289.1528 289.5384 280.8798 283.6936 284.4318 283.8870 276.5655 279.1236 279.3790 279.2090  116.467
1972 2.0820575E-08 2.9678462E-08 3.3311505E-08 2.5921869E-08 2.3026342E-08 2.7152021E-08 1.9981000E-08 1.9648503E-08 1.9760417E-08 1.7376802E-08 1.8195307E-08 2.3327805E-08 1.4136176E-08 1.5938147E-08 2.3703906E-08 3.3509924E-08 1.2200361E-08 1.5728263E-08 2.3148401E-08 3.0753906E-08  286.0033 284.3880 288.6570 297.1890 282.4540 284.5889 289.6943 295.9665 280.7103 284.0086 286.8939 287.5855 279.7231 281.9708 282.3183 281.5639 275.5160 277.7670 277.7901 277.1862  54.84
1973 7.7777642E-09 1.3855197E-08 2.0111665E-08 1.5396630E-08 7.5502236E-09 1.3437718E-08 9.9697770E-09 9.5878621E-09 9.5709156E-09 1.0072033E-08 9.2609547E-09 1.0606490E-08 7.8026190E-09 9.7745101E-09 1.3388775E-08 1.9723608E-08 8.8764684E-09 1.1677971E-08 1.7700211E-08 2.3003622E-08  287.3312 286.3672 290.6186 297.6161 284.7491 287.3575 292.5252 296.2867 283.2784 286.9588 290.0781 290.3448 281.8729 284.3410 285.0475 284.4111 277.4079 279.5027 279.4981 279.1235  497.6
1974 1.1668147E-08 1.7332262E-08 2.2634806E-08 1.8159561E-08 1.3509677E-08 1.8615491E-08 1.3288623E-08 1.3234331E-08 1.5005028E-08 1.2165479E-08 1.2665042E-08 1.6946403E-08 1.1769542E-08 1.1270878E-08 1.8976172E-08 2.8736393E-08 1.1787654E-08 1.4838369E-08 2.1308345E-08 3.0374231E-08  286.9269 285.7619 290.1056 297.5233 283.9087 286.4887 291.7773 296.2245 282.2208 286.0718 289.3215 289.6895 280.9381 283.7389 284.5053 283.8589 276.6386 279.2361 279.4592 279.1640  1411.3
1975 8.0423650E-09 1.4350398E-08 1.9147368E-08 1.4618442E-08 7.7497138E-09 1.5125162E-08 1.1797331E-08 9.6037622E-09 8.4961815E-09 9.1633252E-09 8.8231111E-09 1.1412681E-08 5.5374691E-09 6.4954859E-09 1.2004266E-08 1.9246409E-08 6.6170114E-09 8.2037888E-09 1.4471206E-08 2.2900826E-08  287.1082 285.9480 290.0279 297.4974 284.2124 286.5427 291.7076 296.1964 282.7517 286.2905 289.4334 289.7770 281.4354 283.9760 284.6932 283.9525 276.8822 279.0484 279.2569 278.9842  84.5
1976 1.6056914E-08 2.5283546E-08 2.9343369E-08 2.3280526E-08 1.6031422E-08 2.2243240E-08 1.8220053E-08 1.5332665E-08 1.4381918E-08 1.3104925E-08 1.4079584E-08 1.7644137E-08 9.1949195E-09 1.0239077E-08 1.8005673E-08 2.7385417E-08 9.8148032E-09 1.4320916E-08 2.3487583E-08 3.1591735E-08  286.1861 284.6040 289.1886 297.4568 282.6706 285.2509 290.5595 296.1700 281.0845 284.8641 288.0557 288.7595 280.1817 282.7746 283.4565 282.9614 275.8750 278.2849 278.3364 278.0956  154.267
1977 1.3147060E-08 2.1273557E-08 2.5810232E-08 2.0960298E-08 1.2375114E-08 1.7588716E-08 1.4170828E-08 1.4653188E-08 1.2261258E-08 1.1386033E-08 1.1378593E-08 1.5875839E-08 8.8472438E-09 9.9233262E-09 1.6102156E-08 2.4766710E-08 8.4901561E-09 1.0862636E-08 1.6899023E-08 2.4637977E-08  286.6839 285.4524 289.7458 297.3400 283.4719 286.0871 291.1995 296.0815 281.8015 285.5743 288.4932 288.7573 280.7967 283.4072 283.8380 282.8841 276.5332 279.0518 278.9096 278.2539  50.0667
1978 1.5827958E-08 2.2716383E-08 2.6251636E-08 2.2788125E-08 1.5009702E-08 1.9477666E-08 1.6550308E-08 1.5380355E-08 1.4717604E-08 1.2251877E-08 1.3693116E-08 1.5652562E-08 1.0180014E-08 1.0399917E-08 1.6777603E-08 2.4708104E-08 9.5532604E-09 1.1335636E-08 1.7678138E-08 2.5073264E-08  286.9615 285.8725 290.1951 297.6024 283.9312 286.3190 291.5347 296.2695 282.2127 285.6401 288.5955 289.2379 280.8293 283.1929 283.6672 282.9943 276.3364 278.5539 278.3746 277.8631  30.8
1979 1.5329368E-08 2.1022204E-08 2.4494263E-08 1.8442650E-08 1.3571847E-08 1.9244718E-08 1.6407579E-08 1.3783063E-08 1.4476773E-08 1.4578379E-08 1.6198017E-08 2.1270253E-08 1.1433540E-08 1.2876676E-08 2.0342375E-08 3.4217628E-08 1.1081198E-08 1.3948703E-08 2.1930287E-08 3.1050021E-08  286.7249 285.5623 289.8712 297.3101 283.4439 285.8980 290.9929 296.0556 281.5851 285.0791 288.0518 288.7090 280.2839 282.6093 283.0460 282.5716 275.7435 277.9564 278.0100 277.8157  33.8333
1980 1.7350343E-08 2.6108843E-08 2.7296744E-08 2.2097399E-08 1.7703677E-08 2.3697563E-08 1.6732020E-08 1.4873334E-08 1.6055230E-08 1.4974429E-08 1.4182590E-08 1.9313626E-08 1.0240958E-08 1.1041189E-08 1.7480046E-08 2.8031129E-08 8.5909564E-09 1.1224212E-08 1.7127444E-08 2.5329706E-08  286.7789 284.8910 288.9775 297.4499 283.4056 285.3253 290.4413 296.1574 281.8737 285.0055 287.8530 288.3743 280.7899 283.0983 283.4943 282.6210 276.7646 279.0900 279.0076 278.4209  365.691
1981 1.3801461E-08 2.1047514E-08 2.4820469E-08 2.0534808E-08 1.2949030E-08 1.9601391E-08 1.5972946E-08 1.3754613E-08 1.3055408E-08 1.1882960E-08 1.1914145E-08 1.5876976E-08 7.9310247E-09 8.7019760E-09 1.3358480E-08 2.3226434E-08 7.6922779E-09 9.9087760E-09 1.5193702E-08 2.4072678E-08  286.7703 285.2742 289.4281 297.3728 283.7061 285.7956 290.7779 296.1045 282.0891 285.2840 288.1790 288.7376 280.9981 283.2978 283.7624 283.0654 276.9054 279.0655 279.0405 278.6638  46.6
1982 1.7775372E-08 3.0355530E-08 3.5038234E-08 3.0937287E-08 1.8558142E-08 2.6090428E-08 2.1492777E-08 2.1405736E-08 1.7477269E-08 1.6912162E-08 1.7233056E-08 2.4221739E-08 1.2920791E-08 1.5840421E-08 2.0739817E-08 3.1082180E-08 1.1806488E-08 1.6384817E-08 2.3597380E-08 2.9743280E-08  285.7405 283.8633 288.1819 297.3502 281.9646 283.9595 289.2282 296.0927 280.2216 283.5751 286.6386 287.3195 279.3933 281.9263 282.4187 281.6727 275.2394 277.8021 277.9141 277.4950  9.25333
1983 1.6036033E-08 2.5594744E-08 3.0065710E-08 2.2951175E-08 1.6599225E-08 2.4478828E-08 1.9046691E-08 1.7283856E-08 1.7474969E-08 1.6767473E-08 1.7963931E-08 2.1885946E-08 1.1922256E-08 1.2572613E-08 2.0763126E-08 3.4002465E-08 1.1995916E-08 1.4535579E-08 2.2192513E-08 3.1710748E-08  287.1376 285.4773 289.5875 297.9280 283.4546 285.5113 290.5373 296.5259 281.3725 284.5228 287.3736 288.2921 280.1660 282.2729 282.4758 282.0418 275.7357 277.8372 277.7465 277.4309  11.82
1984 1.4837925E-08 2.2047246E-08 2.4863020E-08 1.8488299E-08 1.3253616E-08 1.9292658E-08 1.6166100E-08 1.3126971E-08 1.3016211E-08 1.1990924E-08 1.3262432E-08 1.7826444E-08 1.0753360E-08 1.0477872E-08 1.6134685E-08 2.7241530E-08 1.1523626E-08 1.3200069E-08 1.9217378E-08 2.7884964E-08  286.8012 285.6455 290.0491 297.2795 283.7232 286.4355 291.6670 296.0454 281.9457 285.7765 288.9032 289.3694 280.5675 283.2730 283.9880 283.3971 276.1975 278.7084 279.0341 278.8531  0
1985 2.0690987E-08 2.6142940E-08 2.9072611E-08 2.2081414E-08 2.0797859E-08 2.5899483E-08 2.2307542E-08 1.7160049E-08 1.9964965E-08 1.8582881E-08 1.8944112E-08 2.2869603E-08 1.2421337E-08 1.3565330E-08 2.0863034E-08 3.1933844E-08 1.1299112E-08 1.3612148E-08 2.1110147E-08 2.9354316E-08  286.6914 285.4744 289.8338 297.5619 283.3838 285.7624 290.9438 296.2511 281.5632 284.9541 288.0577 288.8253 280.2650 282.6403 283.2119 282.7712 275.6916 278.0359 278.1303 277.9250  0
1986 2.0770759E-08 3.1057503E-08 3.4359758E-08 3.1443626E-08 2.2914900E-08 2.7535840E-08 2.0731079E-08 2.0930162E-08 2.3638297E-08 1.9058946E-08 1.5899472E-08 2.1842558E-08 1.6144048E-08 1.4691923E-08 1.7251065E-08 2.7643436E-08 1.3282894E-08 1.4948132E-08 1.9710376E-08 2.6520869E-08  285.7160 283.7944 288.1087 297.8297 282.0172 283.8229 289.0590 296.4464 280.0095 283.1906 286.3630 287.3822 279.1122 281.5183 282.0369 281.5155 275.2375 277.6402 277.8754 277.4129  49.27
1987 1.7760597E-08 3.0540917E-08 3.5042593E-08 3.2827550E-08 1.6509885E-08 2.4594703E-08 1.9767826E-08 1.9743872E-08 1.6575937E-08 1.5641859E-08 1.6765535E-08 2.2222656E-08 1.3653920E-08 1.3911576E-08 2.1955824E-08 3.2554915E-08 1.3486378E-08 1.5490841E-08 2.4501034E-08 3.2072531E-08  285.9869 284.1126 288.2924 297.6965 282.2151 284.1570 289.2159 296.3499 280.3630 283.5546 286.4018 287.1140 279.3714 281.4995 281.9002 281.2408 275.1671 277.3570 277.4584 277.1541  265.6
1988 1.0340038E-08 1.6199344E-08 2.2641505E-08 1.6588540E-08 8.3692173E-09 1.3937987E-08 1.1519006E-08 1.1037131E-08 1.0460917E-08 1.0234835E-08 8.8697858E-09 1.2697968E-08 9.2447454E-09 1.0308597E-08 1.5375107E-08 2.1551282E-08 1.0606304E-08 1.2235064E-08 1.7867171E-08 2.4539460E-08  287.1303 286.3250 290.7366 297.6149 284.6229 287.3461 292.6739 296.2920 283.0686 286.7342 290.0414 290.4247 281.5888 283.9057 284.6075 284.2019 276.7152 278.7498 278.8659 278.8619  29.4667
1989 1.2924050E-08 1.9508027E-08 2.3090116E-08 1.6422076E-08 1.1870962E-08 1.7718358E-08 1.3132733E-08 1.1325741E-08 1.1712762E-08 1.2720401E-08 1.2299614E-08 1.5527322E-08 7.7192963E-09 1.0770426E-08 1.6898586E-08 2.4684793E-08 8.2388159E-09 1.2314787E-08 2.0148519E-08 2.7343102E-08  287.3616 286.1541 290.2913 297.6526 284.3454 286.8489 292.0770 296.3155 282.7004 286.2664 289.3969 289.9683 281.5039 283.9232 284.4942 284.0362 277.0769 279.3548 279.3911 279.2167  0
1990 1.6714678E-08 2.6586195E-08 3.1525790E-08 2.5538638E-08 2.0860275E-08 2.6501134E-08 1.8470164E-08 1.7635822E-08 1.9234914E-08 1.8533630E-08 1.7171143E-08 2.0753113E-08 1.1827445E-08 1.4229460E-08 2.3241354E-08 3.4097539E-08 1.2021506E-08 1.5486927E-08 2.4704084E-08 3.4582040E-08  286.3297 284.9608 289.3306 297.6177 282.8968 285.1549 290.4522 296.2832 281.1374 284.6104 287.6635 288.4597 279.9731 282.4866 283.0005 282.3972 275.7262 278.0260 278.0203 277.7113  0.011
1991 1.5213454E-08 2.3463235E-08 2.8375711E-08 2.5705818E-08 1.5521607E-08 2.0173408E-08 1.4914917E-08 1.5105231E-08 1.5427419E-08 1.3416522E-08 1.4765376E-08 2.0072333E-08 1.1935886E-08 1.3355591E-08 2.0859991E-08 3.3161630E-08 1.2473929E-08 1.5731210E-08 2.2181421E-08 2.9420091E-08  285.8068 284.2979 288.8289 297.5252 282.3763 284.6386 289.9031 296.2191 280.7014 284.0773 287.0959 287.6045 279.3952 281.7871 282.2622 281.5951 274.9951 277.4287 277.5762 277.2046  337.733
1992 2.0461750E-08 2.6067076E-08 2.8505852E-08 2.3158623E-08 2.2637190E-08 2.4980325E-08 1.7821860E-08 1.6257124E-08 2.4008147E-08 1.8850260E-08 1.5266545E-08 1.9495394E-08 1.5931654E-08 1.6456983E-08 2.0575207E-08 3.1075491E-08 1.2765162E-08 1.4809418E-08 2.2161924E-08 3.1284021E-08  286.6359 285.1586 289.4285 297.7336 283.1233 285.3196 290.4474 296.3675 281.1156 284.3932 287.3976 288.2525 279.8438 282.1051 282.4791 282.0153 275.4671 277.7349 277.6079 277.2252  75.0333
1993 2.9952176E-08 4.2249681E-08 3.7260961E-08 3.2667909E-08 2.8851563E-08 3.4537976E-08 2.5752124E-08 2.3051200E-08 2.2713110E-08 2.1060899E-08 2.2491259E-08 2.5911106E-08 1.4825839E-08 1.6648725E-08 2.4610403E-08 3.3452082E-08 1.3659236E-08 1.7326546E-08 2.3908944E-08 2.9770446E-08  285.7159 283.5171 287.8294 297.4823 281.7799 283.3936 288.4565 296.1909 279.8217 282.7322 285.6848 286.7166 278.8759 280.8317 281.3957 280.8701 274.8163 276.8696 277.0670 276.6733  22.3
1994 3.1187277E-08 3.9072294E-08 4.0535472E-08 3.0524550E-08 3.0388001E-08 3.5344879E-08 2.5735533E-08 2.1203286E-08 2.7155341E-08 2.4551486E-08 2.2488580E-08 2.4428125E-08 1.9014252E-08 2.1241423E-08 2.8128742E-08 3.8677410E-08 1.6259552E-08 2.0246027E-08 2.6665173E-08 3.4245474E-08  285.7949 284.2783 288.8312 297.5310 282.2512 284.3756 289.7369 296.2317 280.4164 283.7586 286.8825 287.8098 279.6226 281.8025 282.2120 281.6046 275.4882 277.6879 277.8032 277.3000  8.34333
1995 1.5898957E-08 2.3020240E-08 2.7543740E-08 2.1721817E-08 1.6787435E-08 2.1710855E-08 1.5877831E-08 1.5049139E-08 1.7603831E-08 1.6313905E-08 1.4404375E-08 1.6771645E-08 1.3905996E-08 1.5239017E-08 2.0122679E-08 2.6565132E-08 1.3137806E-08 1.6477465E-08 2.1214687E-08 2.7051632E-08  286.6551 285.2321 289.6658 297.6115 283.3727 285.7621 290.9109 296.2871 281.7400 284.9896 287.8672 288.3932 280.6092 282.6929 283.0521 282.3479 276.3883 278.3928 278.2684 277.8083  128.633
1996 1.3644327E-08 2.1337256E-08 2.6082549E-08 2.1411172E-08 1.5061456E-08 1.9066864E-08 1.4042350E-08 1.3274800E-08 1.6081788E-08 1.4970842E-08 1.4292788E-08 1.7064782E-08 1.1515939E-08 1.2925067E-08 1.9490029E-08 2.8262329E-08 1.0272207E-08 1.1925818E-08 1.8017902E-08 2.6028960E-08  286.8256 285.7021 289.8232 297.6166 283.7182 285.9504 291.1090 296.2924 281.9007 285.0808 288.0523 288.8484 280.6002 282.7251 283.2836 282.7991 276.3050 278.5316 278.6054 278.2784  0
1997 1.7251239E-08 2.9680052E-08 3.0851854E-08 2.7387644E-08 1.7886149E-08 2.2600135E-08 1.6142407E-08 1.8949779E-08 1.6118006E-08 1.4929709E-08 1.6353100E-08 2.2577728E-08 1.1716728E-08 1.3675588E-08 2.0098435E-08 3.0323271E-08 1.1640335E-08 1.4297759E-08 1.9212182E-08 2.5555025E-08  285.2003 282.9119 287.3989 297.2715 281.3958 283.2744 288.5273 296.0306 280.0286 283.1121 286.0528 286.6666 279.3292 281.5570 281.8257 280.9762 275.2982 277.5732 277.5897 277.1117  0.00666667
1998 9.0437977E-09 1.2255025E-08 1.5853722E-08 1.5259573E-08 7.9139557E-09 1.0880913E-08 6.8036692E-09 6.4697216E-09 8.2223490E-09 8.3485574E-09 7.6792173E-09 7.8777251E-09 6.4391035E-09 7.9525035E-09 1.1691890E-08 1.6795321E-08 6.0465917E-09 8.1826315E-09 1.2245083E-08 1.8256431E-08  287.2943 286.0629 290.2770 297.3739 284.7817 287.2804 292.4170 296.1143 283.4539 287.0554 290.0847 290.0418 282.3791 284.7809 285.4074 284.5207 278.3344 280.3790 280.2426 279.6066  95
1999 1.0903948E-08 1.6097557E-08 2.0873898E-08 1.4485413E-08 1.0513851E-08 1.6459918E-08 1.2868608E-08 1.2349007E-08 1.0991315E-08 1.1864089E-08 1.2020084E-08 1.4322089E-08 8.4741325E-09 1.0958104E-08 1.5486323E-08 2.2835961E-08 7.9269631E-09 1.1254764E-08 1.8316991E-08 2.3748422E-08  287.1624 286.5673 291.2212 297.6101 284.8886 287.9846 293.3409 296.2972 283.7718 287.9156 291.1735 291.2967 282.7240 285.6967 286.5437 285.8911 278.4431 281.0737 281.3100 281.1362  17.6
2000 1.4646342E-08 1.8801243E-08 2.2324940E-08 1.8699012E-08 1.5515011E-08 2.0196824E-08 1.5705675E-08 1.3222105E-08 1.4381865E-08 1.4053190E-08 1.3577563E-08 1.6611612E-08 9.7567359E-09 1.0954586E-08 1.8348802E-08 2.7681796E-08 9.7671391E-09 1.2128190E-08 2.1400499E-08 3.2526597E-08  287.2817 286.4705 290.8809 297.8282 284.3164 286.9788 292.2988 296.4492 282.7445 286.4105 289.6580 290.1501 281.5571 284.1492 284.8181 284.3045 277.0688 279.5685 279.7261 279.4364  0
2001 2.0547645E-08 2.6776664E-08 2.8402205E-08 2.1367262E-08 2.0340039E-08 2.4996853E-08 2.0265157E-08 1.6135841E-08 1.8218023E-08 1.8079922E-08 1.9308718E-08 2.1968626E-08 1.2478997E-08 1.6405087E-08 2.5718997E-08 3.5376591E-08 1.0550570E-08 1.4488122E-08 2.3220254E-08 3.1307870E-08  286.4273 285.0787 289.4738 297.7590 283.1811 285.4974 290.7910 296.3989 281.5858 285.1158 288.2569 288.9193 280.7335 283.2878 283.9167 283.3452 276.7574 279.1676 279.3762 279.2215  12.6967
2002 1.4008846E-08 2.2579016E-08 2.5423134E-08 2.1837550E-08 1.5166419E-08 2.2576213E-08 1.4432743E-08 1.4115148E-08 1.5591436E-08 1.5343428E-08 1.3987254E-08 1.6077310E-08 1.0821955E-08 1.2736604E-08 1.8740320E-08 2.6572019E-08 1.0779940E-08 1.4004464E-08 2.0324999E-08 2.7001608E-08  286.5098 284.9778 289.3130 297.5656 283.2557 285.5131 290.8150 296.2549 281.6740 285.0317 288.1390 288.8714 280.3755 282.9048 283.5871 283.1652 276.0821 278.6384 279.0104 278.9636  1130.83
2003 2.0667175E-08 2.7075222E-08 2.9102374E-08 2.2564763E-08 2.0635353E-08 2.5065397E-08 1.8939490E-08 1.6992699E-08 1.9341217E-08 1.7220634E-08 1.5414003E-08 1.8925427E-08 1.3105107E-08 1.4009285E-08 1.7544689E-08 2.7627687E-08 1.3036004E-08 1.6517884E-08 2.1087381E-08 2.6463148E-08  287.0119 285.7499 290.0314 297.8683 284.0026 286.3029 291.4497 296.4777 282.4771 285.6899 288.6707 289.2295 281.3026 283.5199 283.8943 283.2695 276.9197 279.0419 279.0325 278.5927  109.7
2004 1.6676314E-08 2.5903717E-08 2.7932360E-08 2.3028601E-08 1.8306151E-08 2.3507324E-08 1.6630722E-08 1.6097216E-08 1.8162323E-08 1.4508893E-08 1.4804471E-08 1.9415872E-08 1.3090245E-08 1.3150300E-08 1.9404604E-08 3.0243065E-08 1.2600218E-08 1.5537170E-08 2.1077179E-08 2.7972991E-08  287.0347 285.3074 289.1768 297.6400 283.4910 285.3768 290.2474 296.3004 281.3183 284.3891 287.3097 287.9429 279.7464 282.0544 282.5605 281.9628 275.3607 277.6798 277.8445 277.5038  133.1
2005 1.8892981E-08 2.7060967E-08 2.8667888E-08 2.2378456E-08 1.7960655E-08 2.5118020E-08 2.0469457E-08 1.6638563E-08 1.9410953E-08 1.8405018E-08 1.9073935E-08 2.1927317E-08 1.2916125E-08 1.4436438E-08 2.1737455E-08 3.3373595E-08 1.0633347E-08 1.3767647E-08 2.1624375E-08 3.1783600E-08  287.3437 285.7579 289.8155 297.5267 283.8143 285.9297 290.9690 296.2178 281.7410 285.0906 288.0956 288.7573 280.3281 282.9233 283.4335 282.7628 276.1851 278.7768 278.9382 278.4814  66.3333
2006 1.8031534E-08 2.7983031E-08 3.0674155E-08 2.3881455E-08 1.8386253E-08 2.4984748E-08 1.9628411E-08 1.5931917E-08 1.5884309E-08 1.7502725E-08 1.7494532E-08 2.0425365E-08 1.2476374E-08 1.4629365E-08 2.1519313E-08 3.3322760E-08 1.3043878E-08 1.5953102E-08 2.1062419E-08 2.9126285E-08  287.0278 285.4693 289.7533 297.7645 283.7445 285.9945 291.0766 296.4056 282.1875 285.4529 288.3789 288.9866 280.8941 283.2540 283.6819 283.0598 276.5508 278.8904 278.9502 278.5442  2.44733
2007 1.7011134E-08 2.0547587E-08 2.5330467E-08 2.1063917E-08 1.6711020E-08 2.1914023E-08 1.7962153E-08 1.4900815E-08 1.6357331E-08 1.5384506E-08 1.5934265E-08 1.6964387E-08 1.2036217E-08 1.3442255E-08 2.0908008E-08 2.8782997E-08 1.2587846E-08 1.5688679E-08 2.2415820E-08 3.0054757E-08  287.4046 286.5471 290.7043 297.8649 284.4980 286.8161 291.9430 296.4833 282.6852 285.8095 288.8504 289.4564 281.1366 283.2178 283.6898 283.1548 276.6007 278.5290 278.4514 278.1357  466.333
2008 8.6495664E-09 1.5692169E-08 1.9481423E-08 1.6133137E-08 8.9353183E-09 1.2670132E-08 9.9975281E-09 1.0750523E-08 1.0983396E-08 1.0717829E-08 1.0924690E-08 1.2863617E-08 8.9151522E-09 1.1128138E-08 1.6172903E-08 2.3836431E-08 7.8025142E-09 1.0914512E-08 1.8992372E-08 2.6362773E-08  286.8183 285.3878 289.5147 297.4534 283.8589 286.0061 291.0461 296.1674 282.1089 285.4654 288.4298 288.7837 280.7967 283.2009 283.7529 283.0677 276.6451 279.0111 278.9999 278.5790  15.8667
2009 1.5908237E-08 2.4787591E-08 2.5991154E-08 2.2066661E-08 1.7126233E-08 2.3825883E-08 1.8568642E-08 1.5688293E-08 1.5978053E-08 1.6394335E-08 1.6880994E-08 1.9468175E-08 1.0578344E-08 1.3880540E-08 2.2422316E-08 3.0157256E-08 1.0748950E-08 1.4481957E-08 2.3388543E-08 3.0973546E-08  286.4790 284.6026 289.0030 297.5018 282.8817 285.1647 290.4596 296.2078 281.4557 284.8810 287.8664 288.3242 280.7462 283.0883 283.4707 282.8438 276.7919 279.0665 279.0761 278.7698  122.641
2010 9.2067074E-09 1.3457038E-08 1.8153770E-08 1.6122799E-08 8.8950385E-09 1.4362770E-08 9.0344843E-09 9.4944870E-09 1.0670356E-08 1.1206583E-08 7.6037816E-09 9.8739203E-09 9.4242187E-09 1.1157121E-08 1.4069136E-08 2.0050937E-08 9.3255776E-09 1.2817231E-08 2.0088338E-08 2.5284411E-08  287.2606 286.1091 290.3814 297.9500 284.7723 287.1657 292.5342 296.5439 283.5052 287.0390 290.3887 290.5370 282.2840 284.7798 285.6071 284.8065 278.0009 280.0503 280.0734 279.7481  70.7767
2011 9.5271941E-09 1.6390127E-08 2.1013859E-08 1.6900907E-08 9.7969819E-09 1.6570834E-08 1.2135395E-08 1.0978248E-08 1.0446416E-08 1.0305390E-08 9.6600834E-09 1.2369876E-08 7.9157676E-09 8.4845206E-09 1.2716608E-08 1.9385000E-08 8.6708791E-09 1.0597660E-08 1.7253887E-08 2.3286235E-08  287.3813 286.3438 290.3504 297.3656 284.3581 286.9687 292.1980 296.1027 282.6456 286.4426 289.6526 289.7200 281.2411 284.1071 285.0023 284.1851 276.9833 279.5838 279.8207 279.4881  0
2012 1.6614321E-08 2.2235181E-08 2.5777446E-08 2.2467287E-08 1.7954640E-08 2.3184747E-08 1.7042858E-08 1.5278481E-08 1.9069535E-08 2.0111303E-08 1.6130961E-08 1.7814026E-08 1.5440932E-08 1.9023856E-08 2.4007960E-08 3.0267842E-08 1.3645137E-08 2.0409852E-08 2.8939160E-08 3.2931645E-08  286.5139 285.0373 289.4679 297.4330 283.3311 285.6787 291.0904 296.1425 281.9487 285.4273 288.5657 288.9830 280.9298 283.3557 283.8787 283.2784 276.7134 278.9549 279.0625 278.7609  1.92933
2013 1.4014444E-08 2.0551969E-08 2.4418691E-08 2.0069884E-08 1.3003582E-08 1.9993072E-08 1.7465833E-08 1.4831687E-08 1.3359953E-08 1.4638411E-08 1.5682366E-08 1.8666341E-08 1.0733787E-08 1.2237932E-08 1.8542828E-08 2.7216634E-08 1.2191939E-08 1.5074797E-08 1.9635371E-08 2.7207189E-08  287.1994 285.9757 290.1647 297.8050 284.2708 286.4804 291.5488 296.4319 282.6868 285.8443 288.7419 289.2367 281.4189 283.5814 283.9917 283.3286 277.0224 279.1801 279.0712 278.6338  0
2014 1.9546819E-08 2.8973300E-08 3.1483385E-08 2.5475092E-08 1.9575324E-08 2.5102427E-08 1.9202616E-08 1.6716829E-08 1.9521131E-08 1.7069056E-08 1.6845279E-08 2.1265597E-08 1.4822821E-08 1.6573827E-08 2.3749486E-08 3.1818288E-08 1.3668514E-08 1.6738804E-08 2.3723111E-08 2.8463234E-08  286.0639 284.4127 288.7856 297.3996 282.3528 284.6530 290.0168 296.1300 280.6513 284.3078 287.4663 288.1490 279.9679 282.5222 283.1288 282.5810 275.9761 278.5370 278.8319 278.5921  0
2015 2.6341006E-08 3.7491297E-08 3.7252956E-08 3.3864520E-08 2.5797732E-08 3.2053261E-08 2.7205010E-08 3.0087204E-08 2.0860488E-08 2.0017984E-08 2.4450205E-08 3.3597104E-08 1.4279114E-08 1.7248766E-08 2.5921986E-08 3.8108954E-08 1.3421640E-08 1.7106599E-08 2.4492255E-08 3.2872443E-08  285.0837 283.6153 288.1458 297.2716 281.0745 283.1931 288.5302 296.0303 279.3916 282.6615 285.3703 286.2517 279.2525 281.1255 281.1410 280.3886 275.5502 277.5400 277.1868 276.5857  0
