STN,prec_1,prec_2,prec_3,prec_4,prec_5,prec_6,prec_7,prec_8,prec_9,prec_10,prec_11,prec_12,prec_13,prec_14,prec_15,prec_16,prec_17,prec_18,prec_19,prec_20,st_1,st_2,st_3,st_4,st_5,st_6,st_7,st_8,st_9,st_10,st_11,st_12,st_13,st_14,st_15,st_16,st_17,st_18,st_19,st_20,01.0
LAT,23.72017,23.72017,23.72017,23.72017,26.51077,26.51077,26.51077,26.51077,29.30136,29.30136,29.30136,29.30136,32.09194,32.09194,32.09194,32.09194,34.88252,34.88252,34.88252,34.88252,23.72017,23.72017,23.72017,23.72017,26.51077,26.51077,26.51077,26.51077,29.30136,29.30136,29.30136,29.30136,32.09194,32.09194,32.09194,32.09194,34.88252,34.88252,34.88252,34.88252,28.73664429
LON,-104.0625,-101.2500,-98.43750,-95.62500,-104.0625,-101.2500,-98.43750,-95.62500,-104.0625,-101.2500,-98.43750,-95.62500,-104.0625,-101.2500,-98.43750,-95.62500,-104.0625,-101.2500,-98.43750,-95.62500,-104.0625,-101.2500,-98.43750,-95.62500,-104.0625,-101.2500,-98.43750,-95.62500,-104.0625,-101.2500,-98.43750,-95.62500,-104.0625,-101.2500,-98.43750,-95.62500,-104.0625,-101.2500,-98.43750,-95.62500,-99.1447556
1958 7.9727691E-09 2.5402365E-08 6.6352122E-08 1.7589278E-08 1.4413839E-08 3.2391355E-08 4.0413621E-08 1.6025920E-08 2.1716691E-08 3.0752137E-08 2.6464130E-08 3.2462601E-08 1.8103631E-08 2.5173460E-08 3.3930615E-08 4.1287922E-08 2.1219874E-08 3.4454999E-08 4.3253173E-08 4.5954749E-08  292.2782 292.1347 295.0591 297.1320 290.7785 293.5547 298.3442 295.6643 290.9473 294.6729 297.1748 296.2171 290.9503 293.6721 293.1996 291.7785 287.0531 289.5739 289.4919 289.0139  163.968
1959 1.1208368E-08 2.9509494E-08 6.5776668E-08 1.7784648E-08 1.4884255E-08 3.5396209E-08 3.7381298E-08 1.6186055E-08 2.0772598E-08 3.0048277E-08 2.5811062E-08 2.8398224E-08 1.9922734E-08 2.6682134E-08 3.7293791E-08 4.0655653E-08 2.2973756E-08 3.4487083E-08 4.5370417E-08 4.5569688E-08  291.6273 291.2714 294.4000 296.9402 290.2601 292.8625 297.9277 295.5256 290.4259 294.1030 296.8299 296.2401 290.1963 293.1188 292.9942 291.8113 286.3523 289.1336 289.2323 289.1306  17.4258
1960 9.8960760E-09 2.4942370E-08 6.4286837E-08 1.7894111E-08 1.4400463E-08 3.0735904E-08 3.5171297E-08 1.3680434E-08 2.0550159E-08 2.8803305E-08 2.1721396E-08 2.3705292E-08 1.8563545E-08 2.9307639E-08 3.3411307E-08 3.5609936E-08 2.2371767E-08 3.5994525E-08 4.1560057E-08 4.1148684E-08  292.1509 292.0151 295.0829 297.1994 290.7544 293.6296 298.7153 295.7146 291.0395 294.9590 297.7852 296.8257 290.8074 293.7521 293.6254 292.0929 286.8011 289.4883 289.5481 289.1645  1.93226
1961 8.4287146E-09 2.5590753E-08 6.1784533E-08 1.6170306E-08 1.2728861E-08 2.9883768E-08 3.6737067E-08 1.4527694E-08 1.7049741E-08 2.7815158E-08 2.1848875E-08 2.7794846E-08 1.6601296E-08 2.4144279E-08 3.3333585E-08 3.9324775E-08 1.9709942E-08 2.9186920E-08 4.3016236E-08 4.7768587E-08  293.1252 292.7122 295.5861 297.3529 291.7668 294.4630 299.2249 295.8261 292.0450 295.6745 298.4671 297.4537 291.7630 294.5205 294.4394 292.8427 287.6722 290.1494 290.0404 289.5591  2.13226
1962 1.0261156E-08 3.3690803E-08 6.6247701E-08 1.2355534E-08 1.1792994E-08 3.2157352E-08 3.3523804E-08 1.0928016E-08 1.5431764E-08 2.6513044E-08 1.9423942E-08 2.1700934E-08 1.3022358E-08 2.1655699E-08 3.0620466E-08 3.5614022E-08 1.5075978E-08 2.3799517E-08 3.5072372E-08 4.3987644E-08  293.5363 292.7971 295.8290 297.4837 292.3146 295.2884 300.0008 295.9334 292.7111 296.7962 299.5773 298.4316 292.5126 295.6026 295.4430 293.9320 288.5265 291.1595 291.1351 290.6217  16.3548
1963 1.3145673E-08 3.1973940E-08 6.6667809E-08 1.6457966E-08 1.5552303E-08 3.5249677E-08 3.7925947E-08 1.4005185E-08 2.0608093E-08 3.2524429E-08 2.5176501E-08 2.6929424E-08 1.9370255E-08 2.8181125E-08 3.4759104E-08 4.1625992E-08 2.1497289E-08 3.3500751E-08 3.8068254E-08 4.3134786E-08  292.5159 292.0404 295.2108 297.4809 291.0394 293.6870 298.8138 295.9239 291.2535 294.9757 297.7468 297.0640 291.2704 294.1629 294.0564 292.6110 287.7514 290.4387 290.5464 289.8734  0
1964 1.0277618E-08 2.4238823E-08 6.2993578E-08 1.6044346E-08 1.2015102E-08 2.9778208E-08 3.8781828E-08 1.3896302E-08 1.7381264E-08 3.0310471E-08 2.6568056E-08 2.8887047E-08 1.8889235E-08 2.9345497E-08 4.0051901E-08 4.0177863E-08 2.5060061E-08 3.8331883E-08 4.9925969E-08 5.1085813E-08  292.4276 292.2965 295.3145 297.3058 291.1613 293.9357 298.8385 295.7960 291.4559 295.0899 297.6973 296.7110 291.2082 293.9563 293.5835 292.2438 287.2826 289.9689 289.8349 289.4066  0
1965 1.0638682E-08 2.6917240E-08 6.9295432E-08 1.5426135E-08 1.2650966E-08 3.0910464E-08 3.8194710E-08 1.4622496E-08 1.7314798E-08 3.0218366E-08 2.2159899E-08 2.4430323E-08 1.7894251E-08 2.7937329E-08 3.1526131E-08 3.6266670E-08 2.1760052E-08 3.7859479E-08 4.2782251E-08 4.4991310E-08  292.6690 292.2243 294.8935 297.2195 291.3604 294.0034 298.8385 295.7405 291.6423 295.2342 298.0125 297.2888 291.3548 294.0184 294.0442 292.7226 287.4452 290.0509 290.2653 289.7423  0
1966 9.5603516E-09 2.7179109E-08 6.1501524E-08 1.5936932E-08 1.5257140E-08 3.8221266E-08 3.8316688E-08 1.3148817E-08 2.2360391E-08 3.6213372E-08 2.7076476E-08 2.9744390E-08 2.1422094E-08 3.0821067E-08 3.8997420E-08 4.4945804E-08 2.5157897E-08 3.6623458E-08 4.6605034E-08 4.9563642E-08  291.5764 291.2803 294.3708 296.7780 290.2569 292.7208 297.6192 295.4149 290.4832 293.8564 296.3469 295.5861 290.2909 292.8583 292.4731 291.2639 286.4732 289.2010 289.1810 288.8378  0
1967 1.2066448E-08 2.8255023E-08 6.0910423E-08 1.4758292E-08 1.3584769E-08 2.6997908E-08 3.3325794E-08 1.3199028E-08 1.5489778E-08 2.4564716E-08 2.2291680E-08 2.5787411E-08 1.4323596E-08 2.4257881E-08 3.3319559E-08 4.4219004E-08 1.9061787E-08 3.0535755E-08 4.3243372E-08 4.8966271E-08  292.9028 292.7086 295.6935 297.2624 291.4958 294.6338 299.6597 295.7672 291.8917 296.0586 298.8656 297.6249 291.7046 294.8326 294.7686 293.0385 287.6617 290.4886 290.3861 289.7510  0
1968 1.1658924E-08 3.1760738E-08 7.0847157E-08 1.7197609E-08 1.4510557E-08 3.4314748E-08 4.2848015E-08 1.6536024E-08 1.7396106E-08 3.1696725E-08 2.8864656E-08 3.7509434E-08 1.8568926E-08 2.6976412E-08 3.4767226E-08 4.1763286E-08 2.0643078E-08 3.0348758E-08 4.0041563E-08 4.3872571E-08  292.0735 291.7226 295.0571 297.5076 290.9392 293.6699 298.7412 295.9495 291.5079 295.1550 297.8544 296.9887 291.2737 294.1735 293.9819 292.5804 287.2904 289.9473 290.0215 289.6023  165.818
1969 1.0943329E-08 2.7367012E-08 6.7277519E-08 2.1275051E-08 1.3833549E-08 3.2386069E-08 3.8390201E-08 1.5861863E-08 1.7923806E-08 2.7783297E-08 2.2702244E-08 2.7095878E-08 1.7687785E-08 2.6974810E-08 3.5566270E-08 4.0094029E-08 2.4165830E-08 3.8546862E-08 4.6535163E-08 4.9063274E-08  291.7633 291.6771 294.9625 297.5340 290.5658 293.3315 298.3120 295.9530 290.9410 294.6091 297.3064 296.6333 290.6698 293.4712 293.2397 292.1975 286.6123 289.2623 289.5128 289.4105  0
1970 1.2569987E-08 2.7622569E-08 6.9360539E-08 1.8006844E-08 1.5599516E-08 3.5768117E-08 4.2285599E-08 1.6322826E-08 2.1522174E-08 3.1011904E-08 2.3422482E-08 2.7355348E-08 1.8881828E-08 2.4612099E-08 3.3128284E-08 3.6472844E-08 2.1677680E-08 3.0114840E-08 3.9576562E-08 4.1805677E-08  291.4492 291.4016 294.6648 297.1224 290.0917 292.9503 298.0223 295.6591 290.3107 294.2236 296.9158 296.2412 290.1844 293.2727 292.8220 291.7324 286.3290 289.1834 289.2386 289.0291  17.4839
1971 1.1019104E-08 2.9403690E-08 6.8332078E-08 1.6702007E-08 1.5248800E-08 3.2289513E-08 3.8382755E-08 1.6212843E-08 1.9048223E-08 2.7524786E-08 2.5000784E-08 2.9447246E-08 1.6033903E-08 2.2252401E-08 3.2824410E-08 3.8970590E-08 1.7671891E-08 2.7177684E-08 3.9753296E-08 4.2690360E-08  292.7292 292.3377 295.3694 297.6595 291.0436 293.9597 299.0568 296.0529 291.2307 295.3604 298.3380 297.6445 291.3011 294.4971 294.5708 293.1453 287.6924 290.7405 290.8452 290.1856  10.7871
1972 8.2663725E-09 2.2587995E-08 6.5527651E-08 1.4816080E-08 1.3703822E-08 3.1808952E-08 4.2272443E-08 1.3827725E-08 2.1763302E-08 3.3821550E-08 2.9695050E-08 3.5554454E-08 1.9614262E-08 3.0495631E-08 4.1875150E-08 4.5244537E-08 2.1088221E-08 3.5158291E-08 4.5051664E-08 4.7216297E-08  291.8901 291.8507 295.1037 297.5709 290.4290 293.6354 298.9058 296.0043 290.8263 295.1253 298.0948 297.2345 291.0581 294.2856 294.2597 292.8891 287.4279 290.3841 290.5703 290.0464  52.5806
1973 8.9693541E-09 2.4835897E-08 6.0028611E-08 1.3713405E-08 1.3981680E-08 3.5451208E-08 3.4612945E-08 1.3045819E-08 2.1599588E-08 3.5651251E-08 2.8066884E-08 3.0124156E-08 2.0368867E-08 2.8481130E-08 3.7968551E-08 4.6957233E-08 2.4555790E-08 3.3865660E-08 4.0454630E-08 4.5662027E-08  292.4284 292.3583 295.1583 297.1018 291.0388 293.6503 298.5507 295.6533 291.2159 294.5416 296.9642 295.9838 290.8999 293.2629 292.7217 291.3482 286.9188 289.1994 289.0586 288.7493  37.4839
1974 1.8686109E-08 3.9833068E-08 5.9575182E-08 1.1480850E-08 2.0288262E-08 3.8125247E-08 3.3457013E-08 1.1677773E-08 1.9540696E-08 2.8474959E-08 1.7924874E-08 2.2544603E-08 1.3741477E-08 1.8402076E-08 2.1718288E-08 2.6087040E-08 1.2745336E-08 2.1225059E-08 2.8816920E-08 3.4133166E-08  293.1451 292.3452 295.5007 297.6277 292.0118 294.7981 299.7622 296.0414 292.6725 296.6597 299.7232 298.7794 293.0773 296.1743 296.5274 294.9796 289.7396 292.4365 292.5411 291.8034  118.097
1975 1.0539670E-08 2.3028138E-08 6.4665656E-08 1.5286663E-08 1.3760474E-08 2.8191019E-08 4.0071701E-08 1.4684211E-08 1.8940808E-08 2.9990701E-08 2.8345788E-08 3.3378473E-08 1.8475410E-08 2.6886839E-08 3.5713427E-08 4.5090893E-08 2.3326466E-08 3.4374452E-08 4.5342532E-08 4.7363798E-08  291.7203 291.9082 295.4268 297.7401 290.3459 293.7673 298.9953 296.1227 290.7789 294.9537 297.8470 297.0860 290.7037 293.6494 293.5667 292.3433 286.6246 289.1456 289.3385 289.2525  115.29
1976 1.0088430E-08 2.7771655E-08 6.6018401E-08 1.3647341E-08 1.2812599E-08 3.0694824E-08 3.8541110E-08 1.2892778E-08 1.6548778E-08 2.7540883E-08 2.3088841E-08 2.6728065E-08 1.4347084E-08 2.2128475E-08 3.0957590E-08 3.5990233E-08 1.5552807E-08 2.4936373E-08 3.7526945E-08 4.2790528E-08  293.0262 292.8511 295.8752 297.7305 291.8145 294.8615 299.8656 296.1117 292.1211 296.3491 299.2604 298.1948 292.0952 295.3879 295.4407 293.8266 288.2153 291.1960 291.2820 290.5061  72.129
1977 9.4617114E-09 2.2412296E-08 6.3429638E-08 1.5371615E-08 1.4594717E-08 3.2610622E-08 4.0129869E-08 1.3026516E-08 2.1363656E-08 3.3835562E-08 3.1761587E-08 3.4602483E-08 2.4024104E-08 3.3500278E-08 4.1719954E-08 4.7028241E-08 2.9916787E-08 3.9005208E-08 4.4458165E-08 4.5714760E-08  291.0689 291.3598 294.6701 297.1050 289.6949 292.6444 297.8255 295.6527 289.9012 293.6748 296.4776 295.9645 289.6716 292.4266 292.3906 291.3951 285.7721 288.6448 289.0097 288.8411  222.774
1978 1.4058793E-08 3.2456878E-08 7.1582264E-08 1.8282366E-08 1.9246329E-08 3.7939916E-08 4.0246494E-08 1.5617044E-08 2.3005335E-08 3.0639271E-08 2.1678581E-08 2.6722804E-08 1.8037264E-08 2.3111783E-08 2.6359471E-08 3.1125438E-08 2.0567290E-08 2.7974558E-08 3.3984325E-08 3.5666464E-08  291.4194 290.7999 294.2168 297.4149 289.9607 292.6551 298.0526 295.8747 290.5272 294.4725 297.6294 296.7729 291.0154 294.1159 294.1411 292.5930 287.3585 290.3163 290.5541 289.9540  88.3871
1979 7.9249904E-09 2.1172244E-08 6.4779783E-08 1.4191756E-08 1.1787622E-08 2.7271554E-08 3.7167663E-08 1.3553828E-08 1.6127009E-08 2.5837656E-08 2.2499593E-08 2.7475901E-08 1.6812853E-08 2.4071461E-08 3.6236031E-08 4.1615454E-08 2.4527228E-08 3.8391054E-08 4.7565955E-08 5.1266166E-08  292.2030 292.4136 295.5120 297.2921 290.8147 294.0528 299.1394 295.7918 291.1872 295.2985 298.2452 297.2964 290.8922 294.0439 293.7904 292.4885 286.6894 289.5792 289.6724 289.4885  67.9032
1980 1.1716133E-08 2.8070733E-08 6.2587304E-08 1.4712597E-08 1.3064168E-08 2.8897206E-08 3.1881200E-08 1.1819099E-08 1.7125348E-08 2.7384068E-08 1.9826732E-08 2.3041448E-08 1.5342966E-08 2.3544880E-08 3.1765527E-08 4.0654633E-08 1.8546658E-08 2.9093229E-08 4.0410857E-08 4.7221970E-08  292.0568 291.8974 295.1262 297.3823 290.9978 293.9699 299.1252 295.8482 291.5253 295.5497 298.4684 297.3548 291.3086 294.4323 294.3901 292.8273 287.2946 290.1678 290.3674 289.9756  51.1935
1981 1.0977276E-08 2.6386239E-08 6.9655833E-08 1.9438692E-08 1.6070981E-08 3.3647250E-08 3.9140453E-08 1.5630832E-08 2.0133346E-08 3.2020100E-08 2.7920308E-08 2.8327831E-08 2.0910694E-08 3.1851872E-08 3.9633065E-08 3.9789949E-08 2.3220258E-08 3.5068137E-08 4.4895277E-08 4.7120867E-08  291.7550 291.6038 294.8735 297.2104 290.4516 293.4291 298.5790 295.7264 290.9546 294.9978 297.8109 297.0301 291.1541 294.1189 294.0654 292.7527 287.4683 290.2566 290.2513 289.8792  14.5613
1982 1.0057905E-08 2.6125232E-08 7.1180189E-08 2.1324199E-08 1.4147632E-08 3.2192006E-08 4.5224823E-08 1.9637023E-08 1.9029592E-08 2.9644836E-08 2.4671587E-08 2.9482207E-08 1.7240312E-08 2.2564898E-08 3.2272371E-08 3.8775696E-08 1.9036921E-08 2.9218119E-08 3.8371585E-08 4.1620371E-08  292.4987 292.3545 295.1654 297.3109 291.0334 293.8866 298.6521 295.8000 291.3117 295.1546 297.9208 296.9685 291.2699 294.2241 294.0298 292.4861 287.4343 290.1641 290.0872 289.4265  66.6774
1983 9.7085167E-09 2.2675104E-08 7.3009502E-08 1.9942226E-08 1.4182368E-08 3.5439214E-08 4.6703278E-08 1.8311164E-08 2.4682054E-08 3.7123534E-08 3.5378513E-08 3.8427395E-08 2.4404047E-08 3.4648622E-08 4.6984066E-08 5.4560196E-08 2.8872670E-08 4.0141273E-08 5.0313524E-08 5.3044918E-08  291.8069 292.1542 295.1111 297.0723 290.3156 293.1351 298.1427 295.6320 290.2359 293.7476 296.1885 295.5912 289.6674 292.1109 291.7509 290.8276 285.6720 288.2158 288.2726 288.2621  37.3548
1984 1.0794246E-08 3.5312336E-08 6.0936728E-08 1.1291029E-08 1.3954067E-08 3.4131492E-08 2.9380688E-08 8.2501552E-09 1.7093535E-08 2.8522239E-08 1.7080021E-08 1.9250615E-08 1.5172210E-08 2.2200171E-08 2.4044507E-08 2.8475700E-08 1.5957605E-08 2.4514266E-08 2.9505726E-08 3.4176832E-08  293.0734 292.2891 295.1906 297.1481 291.6880 294.4296 299.3700 295.6965 292.1562 296.0691 299.0132 298.2054 292.2465 295.3437 295.6107 294.0819 288.6110 291.5491 291.8139 291.0691  22.9355
1985 1.7989624E-08 3.6063081E-08 6.3620078E-08 1.4026121E-08 1.7370368E-08 3.3101703E-08 3.8283343E-08 1.2716900E-08 1.7888544E-08 2.7610062E-08 1.9049873E-08 2.2543713E-08 1.5325519E-08 2.1630004E-08 2.3554286E-08 2.7463274E-08 1.6208729E-08 2.1453115E-08 2.7590080E-08 3.0846447E-08  292.5572 291.8537 295.1326 297.1888 291.7368 294.5206 299.3288 295.7110 292.5470 296.5029 299.3866 298.3680 292.8483 296.0412 296.0049 294.4332 289.2451 292.1534 292.1409 291.4280  537.806
1986 1.0366437E-08 2.8591362E-08 6.4752257E-08 1.7727420E-08 1.5422225E-08 3.2933649E-08 3.9812218E-08 1.4497606E-08 1.8660696E-08 2.9079597E-08 2.5418030E-08 2.8208346E-08 1.4882535E-08 2.2178082E-08 3.1635906E-08 3.9230503E-08 1.7793086E-08 2.6138032E-08 3.3338999E-08 4.0078891E-08  291.9762 291.6990 294.8213 297.3347 290.6563 293.3853 298.3823 295.8287 291.0441 294.8696 297.7319 296.7688 291.1161 294.1280 293.8984 292.3203 287.1749 290.0687 290.1288 289.5078  23.9355
1987 1.1480531E-08 2.5397362E-08 6.9631916E-08 1.7707331E-08 1.4156846E-08 3.5046472E-08 4.2135710E-08 1.5830141E-08 1.9859451E-08 3.3409908E-08 2.8682566E-08 3.2485445E-08 2.0710711E-08 3.0894292E-08 3.7402568E-08 4.5699856E-08 2.7336064E-08 4.0979042E-08 4.9606644E-08 4.8987424E-08  291.2476 291.2798 294.5924 297.1222 290.2180 292.9634 297.9551 295.6745 290.5142 294.1675 296.8376 296.4518 290.3187 293.1436 293.0593 292.1002 286.2900 289.1908 289.6432 289.6192  170.645
1988 8.3681195E-09 2.0210363E-08 6.3532056E-08 1.2711799E-08 1.1612856E-08 2.7912607E-08 3.8301547E-08 1.2743203E-08 1.6755498E-08 2.6551428E-08 2.4918091E-08 2.9335695E-08 1.6687883E-08 2.5097087E-08 4.1072628E-08 4.2161609E-08 2.2721840E-08 3.8813081E-08 5.0828589E-08 4.8496474E-08  292.1993 292.5484 295.5445 296.7229 291.0345 294.2263 299.2656 295.3847 291.5671 295.5071 298.1877 297.0781 291.3124 294.1115 293.7455 292.5280 287.0484 289.6310 289.7679 289.6854  155.387
1989 1.9054914E-08 3.5209940E-08 6.2684670E-08 1.0966543E-08 1.8159636E-08 3.5232393E-08 3.4138342E-08 1.1640815E-08 2.1926397E-08 3.0118485E-08 1.7942275E-08 2.2348088E-08 1.6422851E-08 2.2771220E-08 2.3807887E-08 2.8008341E-08 1.5706622E-08 2.3601240E-08 3.0835658E-08 3.4504321E-08  292.8205 292.3028 295.5256 297.5358 291.9630 295.0497 300.2202 295.9723 292.8099 297.1807 300.2538 298.9230 293.2867 296.5972 296.8810 295.2191 289.7766 292.5692 292.6523 291.9259  53.1935
1990 1.0557510E-08 2.6576629E-08 7.0219414E-08 1.7567361E-08 1.4882177E-08 3.5215091E-08 4.2465818E-08 1.5582586E-08 2.1238385E-08 3.2503845E-08 2.5398897E-08 2.8412297E-08 1.8305462E-08 2.6678268E-08 3.5733645E-08 4.1464450E-08 2.0994817E-08 3.3425650E-08 4.4092715E-08 4.8405226E-08  292.0558 291.9109 295.1304 297.8198 290.5038 293.4949 298.6861 296.1777 290.7256 294.7740 297.9743 297.3474 290.7044 293.7013 293.6869 292.5823 286.9558 289.6065 289.7008 289.5712  0
1991 9.8950910E-09 2.4545843E-08 6.6006145E-08 1.6278880E-08 1.4494650E-08 3.1427241E-08 3.6644241E-08 1.5493871E-08 1.9779936E-08 2.9763996E-08 2.7511756E-08 3.3852409E-08 2.0824949E-08 3.0959516E-08 4.0428873E-08 4.8318856E-08 2.6326058E-08 3.7756287E-08 4.7266415E-08 5.1479226E-08  292.0182 292.0251 295.0863 297.4841 290.4019 293.1991 298.1918 295.9403 290.5154 294.2993 297.1652 296.4073 290.2676 293.2318 293.1538 291.8160 286.4133 289.2127 289.3926 289.0994  6.32032
1992 8.4425809E-09 2.0182975E-08 6.0781687E-08 1.5923916E-08 1.1170268E-08 2.7556093E-08 3.8706442E-08 1.2158274E-08 1.7825940E-08 3.0250177E-08 2.6929211E-08 3.3726707E-08 2.0309585E-08 3.3031501E-08 4.6233001E-08 4.8446108E-08 2.6979581E-08 4.3156689E-08 5.1649636E-08 5.3340347E-08  291.2315 291.4992 294.7105 297.0480 290.2182 293.0903 297.9375 295.6251 290.4818 294.0958 296.4001 295.6336 290.1151 292.7049 292.2412 291.1492 285.9930 288.6886 288.8076 288.6174  558.935
1993 8.5948786E-09 2.3348617E-08 6.4081910E-08 1.5219729E-08 1.0393745E-08 3.0619393E-08 4.0293010E-08 1.4429762E-08 1.8216170E-08 3.0873412E-08 2.6521212E-08 2.9610396E-08 2.0534472E-08 3.0180150E-08 3.8117850E-08 4.5220744E-08 2.5815847E-08 3.8285965E-08 4.6123816E-08 4.8527397E-08  291.5009 291.6462 294.8931 297.4428 290.4181 293.2280 298.3491 295.9055 290.5967 294.3337 297.1566 296.3285 290.0517 293.0162 292.9296 291.6453 285.8103 288.7546 289.0568 288.7718  139.387
1994 8.3598248E-09 2.5505573E-08 5.9174965E-08 1.6168048E-08 1.2265124E-08 3.1472993E-08 3.5037665E-08 1.3177647E-08 1.7340765E-08 2.8390462E-08 2.2164921E-08 2.6679242E-08 1.8438215E-08 2.7828261E-08 3.3800990E-08 3.6915829E-08 2.2911999E-08 3.3547604E-08 4.1424581E-08 4.4700677E-08  291.6337 291.7034 294.9239 297.0274 290.3099 293.2609 298.4100 295.6125 290.5628 294.4146 297.3035 296.4649 290.2402 293.0854 292.9623 291.6649 286.1105 288.7246 288.7452 288.5132  24.8387
1995 7.5059425E-09 2.2214531E-08 6.4090671E-08 1.4777938E-08 1.3256175E-08 3.5584385E-08 4.1122842E-08 1.5256317E-08 2.2842022E-08 3.3358404E-08 2.8372654E-08 2.8879272E-08 2.3969001E-08 3.4070119E-08 4.1897092E-08 4.0118550E-08 2.4700695E-08 3.5954539E-08 4.5748305E-08 4.4332058E-08  291.4534 291.6356 294.6787 297.2609 290.0486 292.7338 297.8581 295.7770 290.0295 293.7778 296.6372 296.1732 289.7918 292.7987 292.8506 291.8635 286.1621 289.2462 289.6479 289.3962  41.9677
1996 9.1244612E-09 2.6375462E-08 6.7033277E-08 1.6043529E-08 1.2698096E-08 3.1591050E-08 3.7315733E-08 1.5181511E-08 1.7223096E-08 3.0381127E-08 2.5159023E-08 2.6489515E-08 1.7533822E-08 2.6948321E-08 3.4729265E-08 3.9864727E-08 1.7746260E-08 3.0556748E-08 4.0519275E-08 4.2605357E-08  292.8670 292.4797 295.2301 297.3484 291.4362 294.1209 299.0283 295.8312 291.6782 295.4922 298.2800 297.4550 291.5923 294.6527 294.4957 293.2278 287.9378 290.7520 290.7502 290.3407  20.7097
1997 8.2450429E-09 2.5131428E-08 6.6096881E-08 1.4460370E-08 1.2825967E-08 2.8503916E-08 3.8967567E-08 1.2220269E-08 1.8806370E-08 2.8686472E-08 2.4904766E-08 3.0072194E-08 1.9521467E-08 2.7021265E-08 3.9244643E-08 4.4019149E-08 2.1782867E-08 3.1333290E-08 4.4228411E-08 4.5313922E-08  292.4480 292.1940 295.0316 297.6487 290.9302 293.6897 298.5642 296.0645 291.0970 294.8379 297.6240 296.9626 290.8305 293.6814 293.6178 292.4255 286.9611 289.7116 289.8009 289.4648  0
1998 9.6306820E-09 2.3164150E-08 6.2950399E-08 1.9314713E-08 1.5545602E-08 3.3126607E-08 3.6453208E-08 1.9962821E-08 2.2578662E-08 3.2080319E-08 3.3635462E-08 3.8377745E-08 2.4522226E-08 3.4195629E-08 4.8345928E-08 5.5334819E-08 3.0341972E-08 4.2357613E-08 5.0110632E-08 5.3983946E-08  291.7800 292.2390 295.1963 296.8492 290.2651 293.1676 298.3414 295.4707 290.2512 293.8468 296.3459 295.5143 289.6525 292.1644 291.8602 290.8060 285.6005 288.0756 288.2296 288.2155  1.24613
1999 1.0713106E-08 2.7290643E-08 5.5436590E-08 9.4186579E-09 1.1408016E-08 2.5472943E-08 2.6135046E-08 9.1246459E-09 1.3519784E-08 2.3264175E-08 1.5832198E-08 2.0255612E-08 1.3274342E-08 1.9364094E-08 2.4476734E-08 2.8657402E-08 1.4595266E-08 2.3591909E-08 3.3412256E-08 3.5714258E-08  293.5287 293.3282 296.2536 297.1335 292.5058 295.7421 300.7641 295.6763 293.1992 297.5209 300.3568 299.1175 293.2329 296.5239 296.7066 295.1397 289.3830 292.2164 292.2119 291.6295  85.7419
2000 1.2202309E-08 3.0490739E-08 6.0906906E-08 1.0261088E-08 1.2650855E-08 3.3670073E-08 3.3225287E-08 1.1992832E-08 1.6662369E-08 2.8863543E-08 2.0127841E-08 2.1819590E-08 1.2333047E-08 2.0819810E-08 2.5808266E-08 3.0848181E-08 1.4550486E-08 2.3489482E-08 3.2787927E-08 3.5085062E-08  293.6109 293.1402 296.2382 297.9155 292.7265 295.6024 300.6438 296.2493 293.4070 297.5469 300.5157 299.3353 293.4745 296.7491 297.0134 295.3545 289.6945 292.6020 292.6960 292.0960  26.7097
2001 9.6185380E-09 3.0244731E-08 7.3362905E-08 1.6340387E-08 1.4480573E-08 3.3434379E-08 4.4985761E-08 1.6479003E-08 1.9383018E-08 3.4658822E-08 2.8208778E-08 3.0793643E-08 1.7506824E-08 2.6204273E-08 3.3438045E-08 4.1059579E-08 1.7576236E-08 2.5601933E-08 3.5997651E-08 4.1121403E-08  292.8909 292.4467 295.5574 297.7878 291.5793 294.5731 299.4916 296.1635 291.9966 295.9606 298.8736 297.8981 291.9359 295.0202 295.0085 293.4220 288.3886 291.2612 291.3452 290.6539  21.871
2002 1.1009665E-08 2.5202453E-08 6.1718097E-08 1.5782330E-08 1.3136960E-08 2.7596908E-08 3.4181355E-08 1.5712962E-08 1.5720445E-08 2.3917183E-08 2.0496836E-08 2.4230495E-08 1.2681713E-08 1.8833713E-08 2.5383855E-08 3.1378420E-08 1.4994001E-08 2.4212502E-08 3.0717064E-08 3.3795772E-08  291.9301 291.8161 295.0783 297.6928 291.0161 293.9110 298.8213 296.0883 291.6645 295.6078 298.5694 297.5006 291.7831 295.1700 295.1576 293.5909 288.1544 291.3123 291.5549 291.0852  22.871
2003 9.5260289E-09 2.2303903E-08 6.2035554E-08 1.5248020E-08 1.2204977E-08 3.2090067E-08 4.0083318E-08 1.6216902E-08 2.1118280E-08 3.3321609E-08 3.1201356E-08 3.2398528E-08 2.1466482E-08 3.3670638E-08 4.2413436E-08 4.7070220E-08 2.3649031E-08 3.6942144E-08 4.6204118E-08 4.8854730E-08  291.4411 291.6818 294.9112 296.6385 290.3088 293.1039 298.0273 295.1805 290.5298 294.1480 296.6510 295.8193 290.3027 293.0300 292.7083 291.6933 286.5745 289.2900 289.4300 289.2196  169.194
2004 8.9031973E-09 2.6093906E-08 6.1047679E-08 1.2506056E-08 1.2536356E-08 3.1892341E-08 3.5783756E-08 1.1665667E-08 1.7754161E-08 2.9991476E-08 2.0340249E-08 2.4985066E-08 1.8203222E-08 2.7873897E-08 3.1953082E-08 3.5960419E-08 2.1254865E-08 3.2716727E-08 4.1088970E-08 4.4177824E-08  292.4767 292.4091 295.5230 296.9358 291.1130 294.1619 299.2735 295.5368 291.4882 295.3777 298.5173 297.5183 291.1365 294.2776 294.3886 293.0002 287.3133 290.2545 290.5283 290.0610  90.8387
2005 7.9302263E-09 2.0670235E-08 6.3611679E-08 1.6091995E-08 1.0614163E-08 2.9172817E-08 3.9320437E-08 1.4274994E-08 1.6947274E-08 3.0204866E-08 2.6033884E-08 2.5485305E-08 1.8887159E-08 3.2126092E-08 4.1950415E-08 4.3355435E-08 2.5413382E-08 4.1946244E-08 5.2796945E-08 5.1187861E-08  292.2180 292.4400 295.3430 297.2965 290.9136 293.8348 298.7250 295.7952 291.1636 294.8519 297.5598 296.7788 290.8400 293.5826 293.4656 292.4371 286.8048 289.6021 289.8560 289.7233  174.71
2006 7.8470945E-09 2.3975888E-08 6.6826601E-08 1.5143947E-08 1.3494205E-08 2.9796377E-08 3.7962572E-08 1.5143598E-08 1.8070519E-08 3.1037647E-08 2.5439226E-08 2.8828669E-08 1.8315200E-08 2.7738711E-08 3.7318838E-08 4.1636493E-08 2.0647347E-08 3.1610636E-08 4.7095341E-08 5.1499121E-08  292.6483 292.7300 295.6775 297.3825 291.3234 294.4588 299.4468 295.8634 291.7158 295.7005 298.6385 297.5798 291.5891 294.6110 294.5991 293.2662 287.6786 290.5001 290.6520 290.3225  63.8065
2007 1.0377160E-08 2.3034881E-08 5.7878218E-08 1.4919566E-08 1.2240314E-08 2.8270890E-08 3.6209578E-08 1.4808601E-08 1.5665373E-08 2.9233211E-08 2.6659935E-08 2.9910524E-08 1.7706153E-08 2.9908936E-08 3.8456271E-08 4.1606732E-08 1.9789956E-08 3.3080418E-08 4.4217025E-08 4.4899572E-08  292.0643 291.9146 295.1826 297.3535 290.8416 293.6255 298.6448 295.8407 291.2998 294.9152 297.5085 296.5281 291.0339 293.8128 293.4166 292.1596 287.0417 289.7019 289.6993 289.4566  0
2008 1.5388851E-08 3.4425337E-08 6.3560137E-08 1.2389517E-08 1.7646485E-08 3.7117008E-08 3.5842422E-08 1.1297245E-08 2.1444533E-08 3.2766216E-08 2.0597771E-08 2.2167406E-08 1.6312251E-08 2.5786141E-08 2.7314238E-08 3.0210895E-08 1.6166906E-08 2.4508131E-08 3.0738128E-08 3.4570622E-08  292.8505 292.1402 295.3240 297.8097 291.8161 294.5265 299.7715 296.1908 292.3660 296.2289 299.4989 298.6958 292.5428 295.5653 295.7944 294.5753 289.0200 291.7462 291.9509 291.4643  142.903
2009 1.1994644E-08 3.3142648E-08 7.0783877E-08 1.5893324E-08 1.4317912E-08 3.5217983E-08 4.1674600E-08 1.4236730E-08 1.7804668E-08 2.9526326E-08 2.3182350E-08 2.7292584E-08 1.6771894E-08 2.3525063E-08 2.6402700E-08 3.5874180E-08 1.6840232E-08 2.6511955E-08 3.2738143E-08 3.7941842E-08  293.0703 292.4382 295.2556 297.8503 291.5968 294.1615 298.9772 296.2038 291.9334 295.6595 298.5226 297.8153 292.0983 295.1581 294.9996 293.5546 288.6056 291.3911 291.4319 290.7898  19.2581
2010 1.0236914E-08 2.8062640E-08 5.9513532E-08 1.4595687E-08 1.5415642E-08 3.4423916E-08 3.4661166E-08 1.4242513E-08 2.0098982E-08 3.0772384E-08 2.3085027E-08 2.6217842E-08 1.9037621E-08 2.7463832E-08 3.4972842E-08 3.8846792E-08 2.1085452E-08 3.3867050E-08 4.1506002E-08 4.3094840E-08  0.0000000E+00 0.0000000E+00 0.0000000E+00 0.0000000E+00 0.0000000E+00 0.0000000E+00 0.0000000E+00 0.0000000E+00 0.0000000E+00 0.0000000E+00 0.0000000E+00 0.0000000E+00 0.0000000E+00 0.0000000E+00 0.0000000E+00 0.0000000E+00 0.0000000E+00 0.0000000E+00 0.0000000E+00 0.0000000E+00  3.68581
2011 1.5125966E-08 3.4929645E-08 5.1396160E-08 1.1210384E-08 1.5977502E-08 3.1762244E-08 2.3569914E-08 9.6991259E-09 1.6899316E-08 2.3655899E-08 1.1258174E-08 1.6777866E-08 1.1581911E-08 1.7286279E-08 1.7156387E-08 2.1561869E-08 1.0781377E-08 1.8022067E-08 2.4889092E-08 2.7352897E-08  293.7693 293.0565 296.0577 297.9014 292.8893 295.5248 300.7533 296.2463 293.5714 297.5093 300.4796 299.3940 293.7594 296.8331 297.1288 295.6270 290.0866 292.8084 292.9550 292.2786  2.0129
2012 9.1137879E-09 2.8567394E-08 7.3195459E-08 1.8067503E-08 1.4479565E-08 3.3794741E-08 4.1729297E-08 1.7035118E-08 1.9328835E-08 3.2182779E-08 2.4799686E-08 2.8788341E-08 1.7764082E-08 2.6514078E-08 3.5340722E-08 3.9360469E-08 1.7286647E-08 2.4857297E-08 3.6252597E-08 4.2369145E-08  293.1824 292.8369 295.5746 297.8799 291.5819 294.6464 299.4172 296.2312 291.8445 295.9854 298.9101 298.0151 291.9095 295.1640 295.1625 293.7783 288.3408 291.3525 291.5215 290.9013  0
2013 1.1367900E-08 3.1213144E-08 6.7793856E-08 1.7584476E-08 1.5295871E-08 3.4188616E-08 3.9334456E-08 1.4297829E-08 2.1055129E-08 3.1796311E-08 2.6632261E-08 2.7519349E-08 2.0458270E-08 2.7075620E-08 3.3651958E-08 4.1407180E-08 2.2854524E-08 3.0698853E-08 3.8730278E-08 4.4205187E-08  292.0815 291.5112 294.7468 297.5052 290.5234 293.1968 298.4209 295.9467 290.6963 294.5245 297.5605 296.8454 290.8239 293.7058 293.6759 292.3913 287.2249 290.0167 290.1931 289.7468  0
2014 9.1786561E-09 2.4673474E-08 5.8162193E-08 1.2832235E-08 1.3610157E-08 2.7366267E-08 3.2992808E-08 1.0945502E-08 1.8945212E-08 2.7568763E-08 2.2773193E-08 2.4740597E-08 1.7542865E-08 2.5132971E-08 3.2066179E-08 3.8922920E-08 1.9785491E-08 2.7854146E-08 3.7477797E-08 3.9669597E-08  292.1201 291.9164 295.0725 297.5323 290.7866 293.6028 298.5793 295.9699 291.0053 294.9089 297.7778 296.9146 290.9830 294.1980 294.1182 292.6517 287.3373 290.4378 290.5157 289.9388  0
2015 1.2754776E-08 2.7526875E-08 5.8818010E-08 1.6375433E-08 1.4709215E-08 3.3395359E-08 3.5199168E-08 1.2697145E-08 2.0674507E-08 3.0184552E-08 2.2401544E-08 2.3590349E-08 1.9379042E-08 2.5677734E-08 3.2661681E-08 3.6690782E-08 2.1339206E-08 3.0812586E-08 3.9130882E-08 4.1214545E-08  291.7065 291.5433 294.6877 296.6656 290.6080 293.2955 298.3695 295.3127 290.9297 294.7060 297.5309 296.7888 290.8714 293.9006 293.7989 292.6676 287.1528 290.1098 290.3715 290.1482  0
