STN,prec_1,prec_2,prec_3,prec_4,prec_5,prec_6,prec_7,prec_8,prec_9,prec_10,prec_11,prec_12,prec_13,prec_14,prec_15,prec_16,prec_17,prec_18,prec_19,prec_20,st_1,st_2,st_3,st_4,st_5,st_6,st_7,st_8,st_9,st_10,st_11,st_12,st_13,st_14,st_15,st_16,st_17,st_18,st_19,st_20,05.0
LAT,23.72017,23.72017,23.72017,23.72017,26.51077,26.51077,26.51077,26.51077,29.30136,29.30136,29.30136,29.30136,32.09194,32.09194,32.09194,32.09194,34.88252,34.88252,34.88252,34.88252,23.72017,23.72017,23.72017,23.72017,26.51077,26.51077,26.51077,26.51077,29.30136,29.30136,29.30136,29.30136,32.09194,32.09194,32.09194,32.09194,34.88252,34.88252,34.88252,34.88252,28.73664429
LON,-104.0625,-101.2500,-98.43750,-95.62500,-104.0625,-101.2500,-98.43750,-95.62500,-104.0625,-101.2500,-98.43750,-95.62500,-104.0625,-101.2500,-98.43750,-95.62500,-104.0625,-101.2500,-98.43750,-95.62500,-104.0625,-101.2500,-98.43750,-95.62500,-104.0625,-101.2500,-98.43750,-95.62500,-104.0625,-101.2500,-98.43750,-95.62500,-104.0625,-101.2500,-98.43750,-95.62500,-104.0625,-101.2500,-98.43750,-95.62500,-99.1447556
1958 8.6402245E-08 2.9147428E-08 1.7071567E-08 1.6157506E-08 5.5256361E-08 1.2495099E-08 4.7569544E-09 1.3066644E-08 2.3002000E-08 3.3403846E-09 2.1865851E-09 2.0124888E-08 1.3897641E-08 3.0171581E-09 5.2020899E-09 1.8561854E-08 1.8332724E-08 1.0056886E-08 1.1091260E-08 1.7281259E-08  294.2215 296.2650 300.9437 302.1815 296.5055 302.1531 307.9302 302.1781 301.2577 306.8325 309.0641 306.2342 304.2285 308.3039 308.9177 306.6898 302.9252 306.8372 308.6354 307.2253  153.281
1959 8.0148006E-08 2.4708010E-08 1.7421552E-08 1.9967729E-08 4.9187896E-08 7.8323206E-09 2.9857741E-09 1.5904918E-08 1.8802812E-08 1.3723758E-09 1.4075187E-09 2.0635504E-08 1.2918441E-08 1.9442041E-09 2.9756400E-09 1.3262095E-08 2.0618383E-08 9.5444648E-09 9.1111847E-09 1.4655340E-08  293.9000 296.0138 300.8247 302.1457 296.3145 302.4336 308.1442 302.1609 301.5558 307.1479 309.0364 305.9727 304.5718 308.6027 309.0222 306.6288 303.0187 307.1019 308.8914 307.3133  7.05484
1960 8.2986510E-08 2.3233635E-08 1.3821571E-08 1.5442094E-08 4.7066859E-08 8.8365013E-09 3.2685845E-09 1.3907309E-08 1.7917445E-08 2.0340938E-09 9.6696962E-10 1.5873097E-08 1.2669145E-08 2.3633653E-09 2.6442537E-09 1.1828212E-08 1.8726372E-08 9.4530055E-09 1.0755038E-08 1.4625816E-08  293.7540 295.8836 300.8889 302.0421 296.2599 302.3246 308.2123 302.0917 301.4394 307.2245 309.2615 306.6384 304.5107 308.8511 309.4774 307.4540 303.1611 307.6316 309.6336 308.7251  0
1961 8.3140591E-08 2.6084134E-08 1.6083479E-08 1.8874081E-08 5.2058805E-08 1.0110979E-08 3.7969685E-09 1.4506478E-08 2.1014548E-08 2.5487696E-09 1.5668373E-09 1.8573949E-08 1.3938188E-08 2.7038340E-09 3.2739804E-09 1.4600792E-08 2.1815822E-08 9.8832329E-09 1.0020405E-08 1.6983023E-08  293.6959 295.7883 300.8400 302.1024 296.0714 302.0619 308.0734 302.1327 301.1078 307.0819 309.1911 306.4070 304.2806 308.8230 309.4301 307.3567 302.4865 307.1857 309.3338 308.1657  0
1962 8.9878213E-08 2.1367596E-08 1.2740549E-08 1.6072136E-08 5.5058408E-08 7.8888389E-09 3.4442458E-09 1.4426224E-08 2.2375325E-08 2.1511282E-09 9.7450137E-10 1.8472274E-08 1.4529509E-08 2.0118982E-09 3.4412684E-09 1.6553603E-08 2.2902491E-08 1.0420610E-08 9.4055492E-09 1.5155956E-08  293.5335 296.0307 301.0206 302.0822 295.7980 302.2276 308.1833 302.1256 301.0036 307.1105 309.0694 306.1531 304.3297 308.9651 309.2173 306.8137 302.4693 307.3703 309.4401 308.2383  2.49032
1963 8.6018744E-08 2.5125571E-08 1.3946258E-08 1.5270530E-08 5.2842672E-08 1.1246956E-08 3.2576639E-09 1.4288302E-08 2.1514822E-08 2.7179796E-09 1.0512397E-09 1.7912935E-08 1.4418548E-08 3.3790988E-09 2.8561724E-09 1.3158861E-08 2.3399991E-08 1.1368357E-08 1.0488890E-08 1.8113505E-08  293.5964 295.9332 301.0540 302.1243 295.8910 302.2092 308.0718 302.1655 301.0525 307.0493 309.2141 306.3515 304.3951 308.7979 309.4227 306.7648 302.5490 307.1062 308.9668 307.1716  51.2
1964 8.3597953E-08 2.7309103E-08 1.8639900E-08 2.0553774E-08 5.0925728E-08 1.0289106E-08 4.1425148E-09 1.6148832E-08 1.9637920E-08 1.7603305E-09 2.1210802E-09 2.1026130E-08 1.3103028E-08 2.6823881E-09 3.9033514E-09 1.6213432E-08 1.9848825E-08 1.0119321E-08 1.1384089E-08 1.6229002E-08  293.7969 295.8832 300.8537 302.0530 296.2439 302.0313 307.9781 302.1010 301.2896 307.0054 309.0036 306.1514 304.6194 308.8630 309.3844 307.2344 302.9126 307.5269 309.4427 308.1296  0.435484
1965 8.1359488E-08 2.3268873E-08 1.5141341E-08 1.4904458E-08 4.6064315E-08 9.3275547E-09 3.1618208E-09 1.3803395E-08 2.0433852E-08 2.2354754E-09 1.8602649E-09 2.0091621E-08 1.5012738E-08 3.3807575E-09 4.3467212E-09 1.7652919E-08 2.0932221E-08 9.9300186E-09 1.0379898E-08 1.7758753E-08  293.8713 295.8245 300.5197 301.9067 296.2970 301.8174 307.4848 302.0034 300.9600 306.5536 308.6288 305.7198 303.8190 308.0547 308.4058 305.7489 302.2689 306.5918 308.1068 306.3957  69.671
1966 8.1588198E-08 2.5972193E-08 1.5636541E-08 1.8008091E-08 4.9796014E-08 1.2013770E-08 4.3267767E-09 1.7473306E-08 2.4164470E-08 3.0843212E-09 2.2242321E-09 2.1311527E-08 1.6620771E-08 3.4391787E-09 5.3481255E-09 2.0334410E-08 2.2556108E-08 1.0525341E-08 1.1396784E-08 1.9446086E-08  293.6677 295.6326 300.3884 301.8965 296.1326 301.7423 307.3528 301.9817 300.7594 306.4864 308.5664 305.3372 303.5538 307.8181 308.4454 305.4905 302.0533 306.2238 308.0173 306.3065  8.46935
1967 8.4791964E-08 2.2257293E-08 1.1322840E-08 1.5278363E-08 5.0237464E-08 8.8257988E-09 2.6315743E-09 1.3597469E-08 2.1467120E-08 1.6769102E-09 8.4317930E-10 1.4449681E-08 1.6050373E-08 2.9314668E-09 2.8129810E-09 1.3364780E-08 2.2215296E-08 1.0180546E-08 1.0288626E-08 1.8924132E-08  293.6495 295.9573 300.9405 302.0395 296.0897 302.2850 307.9900 302.1253 300.9423 307.1108 309.0633 306.3224 304.0696 308.6581 309.2275 306.9391 302.3897 307.2021 309.1896 307.6443  0
1968 8.4332449E-08 2.0739130E-08 1.4089714E-08 1.6248766E-08 4.4233975E-08 8.6722931E-09 2.9565330E-09 1.5413844E-08 1.6238042E-08 1.5066992E-09 1.3947599E-09 1.6538202E-08 1.3124163E-08 3.1805321E-09 3.2145557E-09 1.3924995E-08 2.3021000E-08 1.1010839E-08 1.2023416E-08 1.8361220E-08  293.6649 296.0967 300.8103 301.9966 296.3253 302.3563 307.9200 302.0906 301.4444 307.2029 308.9363 306.1450 304.2759 308.6339 309.1159 306.9535 302.4467 307.1157 308.8942 307.6356  513.89
1969 8.2768771E-08 3.1635423E-08 2.0048423E-08 1.7473941E-08 4.8215131E-08 1.2510621E-08 3.7953258E-09 1.2881801E-08 1.8281163E-08 2.2201709E-09 1.7793391E-09 2.6881509E-08 1.2530079E-08 1.7227061E-09 3.4454002E-09 2.1204478E-08 1.9149633E-08 7.0779165E-09 7.6437674E-09 1.5602033E-08  294.3664 296.0523 300.7811 302.4106 296.9862 302.2163 307.9930 302.3420 301.7157 307.0649 309.2558 306.3255 304.6114 308.7794 309.4997 307.1298 303.2011 307.6145 309.7677 308.4400  24.8035
1970 8.9087244E-08 3.2376914E-08 2.1672749E-08 2.0336540E-08 5.6381072E-08 1.4947794E-08 5.2836580E-09 1.6583646E-08 2.7497638E-08 4.4031556E-09 2.3927595E-09 2.2659869E-08 1.8832250E-08 4.2140287E-09 5.4053255E-09 1.9996723E-08 2.3189331E-08 1.1995084E-08 1.3572031E-08 2.1767438E-08  293.5402 295.5498 300.6690 302.0175 295.9070 301.8123 307.9459 302.0708 300.6975 306.8618 309.2442 306.3278 303.6895 308.3890 309.2389 306.9248 302.2729 306.7103 308.8251 307.4781  176.532
1971 8.7727862E-08 2.5637222E-08 1.4888851E-08 1.6764389E-08 4.9681109E-08 9.3115071E-09 2.5403604E-09 1.4392383E-08 2.0144711E-08 1.8421961E-09 1.1076620E-09 1.5776855E-08 1.6312848E-08 3.0676455E-09 4.0684731E-09 1.4903000E-08 2.4013135E-08 1.1562670E-08 1.2434349E-08 2.0062691E-08  293.1012 295.3621 300.5505 301.9307 295.6127 301.7360 307.8024 302.0118 300.8023 306.8731 308.8249 306.1549 303.9787 308.6273 308.9996 306.8021 301.9285 306.6379 308.7079 307.5131  0
1972 8.0842717E-08 2.0577719E-08 1.2784710E-08 1.5611272E-08 4.2916653E-08 7.3617246E-09 3.0336547E-09 1.4302690E-08 1.8422218E-08 1.9065041E-09 1.7685307E-09 1.6189235E-08 1.3878076E-08 3.5534797E-09 5.1451443E-09 1.3952367E-08 2.1138490E-08 1.3311436E-08 1.4582406E-08 2.1060032E-08  293.9417 296.0640 300.7464 302.0328 296.4836 302.2115 307.6078 302.0998 301.2180 307.0067 308.7910 305.7766 304.1823 308.3902 308.4713 305.7364 302.3473 306.2902 307.4911 305.8348  380.968
1973 8.4517410E-08 2.5993302E-08 1.5810260E-08 1.8084133E-08 5.0462802E-08 9.7118855E-09 3.1952949E-09 1.4857698E-08 2.1741167E-08 2.7523874E-09 1.3485423E-09 2.1917518E-08 1.5248233E-08 3.5327914E-09 4.0409418E-09 1.7880511E-08 2.2368281E-08 1.2951411E-08 1.2747526E-08 1.9443851E-08  293.6587 295.7705 300.6436 302.1066 296.0761 301.9600 307.7508 302.1312 301.0195 306.8253 309.0950 305.9338 304.0687 308.2948 309.0596 306.5396 302.4486 306.6777 308.6682 307.3564  26.3226
1974 9.2768154E-08 2.2816202E-08 1.1150686E-08 1.1440810E-08 5.2970154E-08 8.1331679E-09 1.2423347E-09 1.2168678E-08 2.7985491E-08 2.7105043E-09 7.5270401E-10 8.4762890E-09 2.1278778E-08 5.1413589E-09 5.5468479E-09 1.1891053E-08 2.5162302E-08 1.2626336E-08 1.4459162E-08 2.0491326E-08  292.5961 295.3203 300.7903 302.0157 294.9898 301.9941 308.1184 302.0915 299.9951 307.0143 309.1932 306.3210 303.0955 308.4084 309.1023 306.9529 301.5114 306.5242 308.4428 307.2254  191.645
1975 8.8949839E-08 2.2577078E-08 1.1210569E-08 1.2562195E-08 4.8712771E-08 7.9428970E-09 1.7340509E-09 1.2181445E-08 2.3740171E-08 1.8001716E-09 5.1832294E-10 1.4740302E-08 1.5276989E-08 3.0548970E-09 3.1358562E-09 1.3608625E-08 2.2515774E-08 1.0213373E-08 9.5470689E-09 1.6198531E-08  293.5144 296.0088 301.0681 302.0056 296.0274 302.3297 308.2984 302.0714 300.8237 307.2434 309.2609 306.3217 304.0186 308.8452 309.4166 307.0757 302.3520 307.3197 309.5311 308.1989  266.742
1976 8.2924650E-08 2.0802398E-08 1.0815351E-08 1.1602617E-08 4.5205709E-08 7.3936111E-09 1.7486329E-09 1.1994607E-08 1.9607933E-08 1.6370976E-09 8.3140766E-10 1.1944474E-08 1.5293137E-08 3.4813274E-09 2.8902454E-09 1.0994196E-08 2.4450063E-08 1.3948791E-08 1.4923145E-08 1.9928587E-08  293.2469 295.6887 300.8416 301.9236 295.7187 302.0431 307.8753 302.0210 300.7318 307.0724 309.0587 306.2774 303.8818 308.7104 309.3173 307.1912 301.8310 306.4203 308.3835 307.2346  576.387
1977 8.5351225E-08 2.5373144E-08 1.5494653E-08 1.7341534E-08 5.2828309E-08 1.0361891E-08 3.3213445E-09 1.4562143E-08 2.4050914E-08 2.4690323E-09 1.1190850E-09 2.0731774E-08 1.7569691E-08 2.8188241E-09 3.4999716E-09 1.6963689E-08 2.3049488E-08 1.0532684E-08 1.1533728E-08 1.9860300E-08  293.4922 295.7464 300.7251 301.8965 295.7269 301.8991 307.7767 301.9873 300.6078 306.7625 309.0069 306.0592 303.5679 308.1906 308.9755 306.5089 302.1205 306.4880 308.4652 306.9712  459.774
1978 8.7540720E-08 2.4858663E-08 1.4495021E-08 1.7957117E-08 5.2576034E-08 1.0331954E-08 3.9330881E-09 1.5944261E-08 2.4199032E-08 2.0820121E-09 1.2156005E-09 2.1429203E-08 1.5965378E-08 3.7661780E-09 4.7222604E-09 1.6908928E-08 2.2451713E-08 1.0331317E-08 1.0598697E-08 1.8202192E-08  293.4905 295.7644 300.6520 302.0638 295.8777 301.9254 307.8219 302.1037 300.8547 306.8974 308.9590 306.1110 303.9820 308.4538 309.0004 306.6395 302.3406 307.2117 309.2123 307.6273  22.2903
1979 8.6832060E-08 2.8206705E-08 1.6543209E-08 1.8807475E-08 5.1355421E-08 1.3071824E-08 3.9350692E-09 1.5498994E-08 2.3163715E-08 3.3504512E-09 1.8302646E-09 2.2545581E-08 1.5539925E-08 3.8999364E-09 5.3493978E-09 1.9914552E-08 2.0450685E-08 1.0131152E-08 1.0833230E-08 1.8109377E-08  293.9595 295.7686 300.6297 302.1310 296.3154 301.7449 307.6214 302.1630 300.9159 306.5596 308.7817 305.8784 304.0209 308.1627 308.6954 306.1895 302.5883 306.8912 308.5805 306.8470  161.29
1980 8.2730416E-08 2.5225138E-08 1.5100859E-08 1.6991672E-08 5.1127003E-08 8.9057179E-09 2.6826907E-09 1.5717351E-08 2.4209170E-08 1.5774199E-09 1.3388710E-09 2.1001423E-08 1.5721994E-08 2.9892893E-09 4.3841331E-09 1.8919257E-08 2.1172998E-08 1.1066665E-08 1.0504052E-08 1.7077328E-08  293.6060 295.6926 300.5856 302.1520 296.0735 302.0142 307.7953 302.1604 300.9221 306.8510 309.0314 305.9131 303.9583 308.1283 308.7516 306.1226 302.4413 306.4660 308.4231 306.9785  535.458
1981 8.7360313E-08 2.5354469E-08 1.4840308E-08 1.6810480E-08 5.3550067E-08 1.0106242E-08 2.5898106E-09 1.3885847E-08 2.3400020E-08 2.3656292E-09 1.5504140E-09 1.8642210E-08 1.6392908E-08 3.6123022E-09 5.1372298E-09 1.6735516E-08 2.2929150E-08 1.0068080E-08 1.1637623E-08 1.8211237E-08  293.5650 295.8694 300.9769 302.0237 295.9526 302.1848 308.1366 302.0858 301.0687 307.0292 308.9763 305.9562 304.3195 308.5876 308.9924 306.5565 302.5844 307.0792 308.8482 307.3800  412.29
1982 8.8607045E-08 2.9132588E-08 1.6817889E-08 1.5699097E-08 5.4528222E-08 1.1228073E-08 3.1639404E-09 1.2548512E-08 2.3748731E-08 2.3191378E-09 1.5945423E-09 1.7907647E-08 1.5236957E-08 3.4705225E-09 3.6599377E-09 1.3153738E-08 2.2015946E-08 1.1020961E-08 1.0441910E-08 1.5099706E-08  293.5088 295.6283 300.8073 302.2581 295.7588 301.9794 307.9346 302.2239 300.7739 306.9851 309.3077 306.3719 303.9551 308.5669 309.3544 306.9981 302.4265 306.7681 308.7523 307.3595  255
1983 8.3303306E-08 2.7474544E-08 1.5282952E-08 1.3880686E-08 4.9093565E-08 9.2351051E-09 2.8343228E-09 1.2875151E-08 2.3209743E-08 2.7383273E-09 2.2631526E-09 2.3099558E-08 1.5380831E-08 3.1007006E-09 6.1501098E-09 2.4940299E-08 1.9020995E-08 1.0297575E-08 1.0276088E-08 1.8763691E-08  294.7882 296.5676 300.9509 302.2642 297.1002 302.3510 307.9148 302.1731 301.3021 306.7800 308.9637 305.8258 303.9713 307.8937 308.2675 305.3030 302.7531 306.1947 307.5122 305.4644  9.0129
1984 9.1386902E-08 2.5546786E-08 1.4091685E-08 1.1585136E-08 5.3462166E-08 1.1107055E-08 3.0591265E-09 1.2960868E-08 2.5747841E-08 3.9092725E-09 1.8777482E-09 1.2838913E-08 1.8372621E-08 3.6228800E-09 3.6778254E-09 1.2307727E-08 2.5225047E-08 1.1859851E-08 1.2510888E-08 1.6788494E-08  292.9144 295.3712 300.6272 301.8486 295.1710 301.6971 307.9218 301.9657 300.3595 306.8596 309.1006 306.3914 303.4264 308.3245 309.1053 306.9413 301.7439 306.6339 308.8154 307.8464  0
1985 9.2627616E-08 2.6541453E-08 1.5318872E-08 1.3799758E-08 5.5250069E-08 9.1413792E-09 2.3862909E-09 1.2782897E-08 2.6813417E-08 3.7341934E-09 1.7813212E-09 1.5211619E-08 2.1116307E-08 5.3884746E-09 5.0581184E-09 1.7202346E-08 2.8607598E-08 1.5186732E-08 1.5938250E-08 2.4646196E-08  292.8783 295.1520 300.4686 302.0181 295.1865 301.7200 307.7206 302.0739 300.1935 306.6835 309.0902 306.1035 303.2968 307.9581 308.8374 306.1624 301.5193 306.0182 307.8166 306.0627  53.3032
1986 8.9307989E-08 2.4519139E-08 1.4000253E-08 1.3740003E-08 4.6914135E-08 7.1294837E-09 1.4447685E-09 1.2887538E-08 2.2553040E-08 3.0804668E-09 1.2567292E-09 1.5982724E-08 2.1217920E-08 5.1882632E-09 3.9199581E-09 1.8238932E-08 2.7746331E-08 1.7296502E-08 1.9245235E-08 2.9327012E-08  292.9145 295.2831 300.5027 302.1649 295.5023 301.9027 307.6472 302.2106 300.4108 306.9129 309.2089 305.9008 302.8952 307.9210 308.8819 305.6932 301.0096 305.2383 306.7066 304.9737  15.4677
1987 8.2202831E-08 2.4837739E-08 1.6122071E-08 1.6556596E-08 4.7929543E-08 1.0745387E-08 3.5297740E-09 1.3733921E-08 2.3542412E-08 3.0681011E-09 1.1423611E-09 1.8000939E-08 1.7930436E-08 3.5659331E-09 4.0756403E-09 1.8347514E-08 2.3988717E-08 1.4525475E-08 1.5496088E-08 2.4141363E-08  294.0307 295.9317 300.4211 302.1153 296.1514 301.7114 307.2546 302.1329 300.6270 306.3000 308.8346 305.9770 303.1732 307.5044 308.0678 305.6089 301.5261 305.1357 306.4160 304.8670  832.323
1988 9.0345040E-08 2.6661111E-08 1.6933855E-08 1.8726119E-08 5.2871211E-08 1.0286021E-08 3.0074068E-09 1.3492888E-08 2.4110657E-08 2.4764946E-09 1.2586650E-09 1.3069175E-08 1.8634372E-08 3.5920305E-09 3.2081013E-09 1.2217532E-08 2.3550001E-08 1.0872102E-08 1.0500296E-08 1.5201890E-08  292.8835 295.0542 300.3536 301.8170 295.1877 301.5929 307.6340 301.9076 300.3924 306.6248 308.9070 306.1878 303.4157 308.1479 309.0720 307.0204 302.0100 306.6419 308.9319 308.0068  54.8387
1989 9.5306376E-08 2.9468037E-08 1.5072706E-08 1.4344799E-08 5.7180518E-08 1.3478235E-08 3.1725520E-09 1.5713828E-08 2.7383718E-08 3.3903365E-09 1.1567159E-09 1.4501185E-08 2.0102869E-08 4.6423367E-09 5.0130815E-09 1.5774788E-08 2.6990962E-08 1.4861983E-08 1.6417138E-08 2.3140718E-08  292.5498 295.0143 300.6746 301.9536 294.9886 301.5746 307.9729 302.0217 300.2194 306.9279 309.2154 306.3522 303.3647 308.3106 309.0539 306.7527 301.5207 306.2003 308.1261 307.0439  17.1968
1990 8.6575568E-08 2.6414819E-08 1.5554910E-08 1.8068718E-08 5.3425161E-08 1.1010258E-08 3.3423997E-09 1.3946061E-08 2.4055248E-08 2.3957809E-09 1.1741437E-09 1.5063808E-08 1.8386867E-08 3.4312884E-09 2.5248397E-09 1.2592038E-08 2.4348092E-08 1.1979615E-08 1.1217847E-08 1.6688620E-08  293.6253 295.8240 300.6523 302.3246 295.7656 301.9468 307.7833 302.2898 300.8319 306.9012 309.1517 306.3177 303.7698 308.4410 309.2787 306.8792 302.2113 306.7156 308.7331 307.3080  43.4703
1991 8.8355947E-08 2.6900539E-08 1.5658211E-08 1.6806649E-08 4.9780752E-08 1.0043432E-08 2.5163414E-09 1.4579023E-08 2.5405209E-08 3.1125493E-09 2.1577378E-09 2.2809379E-08 1.7609233E-08 4.5265609E-09 4.6223798E-09 2.2533072E-08 2.6106147E-08 1.3209890E-08 1.2078348E-08 2.1777856E-08  293.7726 295.8682 300.7606 302.3431 296.1961 302.1047 307.7725 302.3297 301.0443 306.8242 308.9527 305.5544 303.8228 308.0437 308.4805 304.9104 302.1898 306.2274 307.6604 305.2433  36.989
1992 8.4704105E-08 2.2889537E-08 1.0085824E-08 1.1395133E-08 4.6301292E-08 8.2499065E-09 1.8050595E-09 1.1848646E-08 2.3060384E-08 2.5573688E-09 1.3827059E-09 1.7789803E-08 1.7857095E-08 4.1217416E-09 4.3987409E-09 1.9611187E-08 2.3697112E-08 1.4480523E-08 1.4541478E-08 2.2179719E-08  294.0754 296.2581 301.0053 302.1850 296.2539 302.2719 307.5472 302.2114 300.7410 306.5622 308.8192 305.3635 303.1442 307.4501 307.4207 304.2568 301.4480 304.8829 305.9745 304.1390  513.065
1993 8.7725589E-08 2.5852769E-08 1.4585924E-08 1.1986672E-08 4.9822425E-08 9.5421555E-09 2.6284048E-09 1.2664199E-08 2.4743136E-08 3.6185164E-09 1.1969687E-09 1.7751690E-08 1.6798996E-08 3.4099270E-09 3.7673327E-09 1.7905212E-08 2.2248342E-08 1.1259045E-08 1.1899168E-08 1.9791665E-08  293.8651 295.9084 300.5018 302.0213 296.1954 301.9635 307.4308 302.0887 300.8345 306.5795 308.9545 305.9781 303.6091 307.8167 308.6304 305.8927 302.3668 306.1536 307.9297 306.0202  174.29
1994 8.5438565E-08 2.2199776E-08 1.2708253E-08 1.4757958E-08 4.4040860E-08 7.8620666E-09 2.7380560E-09 1.2474381E-08 2.0238856E-08 1.8337653E-09 1.0259632E-09 1.3214228E-08 1.8673388E-08 3.4232819E-09 2.8212919E-09 1.3863845E-08 2.6915973E-08 1.3575008E-08 1.3418017E-08 2.0629315E-08  292.9815 295.1555 300.2619 301.9576 295.2099 301.6580 307.1230 302.0226 300.3996 306.7276 308.9820 305.7155 303.0103 307.8923 308.6652 305.2610 301.3050 305.5556 307.0354 304.8824  149.871
1995 8.3490995E-08 2.6856437E-08 1.4504283E-08 1.6722357E-08 5.5253846E-08 1.1258956E-08 2.7325091E-09 1.4286531E-08 2.4975606E-08 2.5713689E-09 1.0688285E-09 1.8545656E-08 1.6225959E-08 3.4295160E-09 4.3920250E-09 1.8591194E-08 2.1360515E-08 9.4247579E-09 9.6139585E-09 1.7747311E-08  293.4576 295.5520 300.5157 302.2410 295.4603 301.7570 307.6310 302.2406 300.3301 306.6126 309.0353 305.7818 303.3532 308.0616 308.8681 305.8842 302.2625 306.7401 308.5945 306.8204  25.4516
1996 8.6307033E-08 2.7483212E-08 1.9484776E-08 2.2523839E-08 5.0569295E-08 1.0952328E-08 5.0155391E-09 1.6820644E-08 2.1718574E-08 2.6948468E-09 1.9134136E-09 1.7215303E-08 1.4370926E-08 3.3728702E-09 3.5571586E-09 1.1733287E-08 1.8609443E-08 8.4273744E-09 9.7423793E-09 1.4238116E-08  293.5009 295.4738 300.3306 302.0734 295.8676 301.7125 307.6807 302.0758 300.8826 306.6501 308.8613 306.5107 304.1925 308.4205 309.0793 307.4281 302.7794 307.4377 309.4039 308.5732  0.0435484
1997 8.3442728E-08 2.5830337E-08 1.6364414E-08 1.8917971E-08 4.5951719E-08 8.6435845E-09 2.2450344E-09 1.3118852E-08 1.9771228E-08 1.9040520E-09 1.0582085E-09 1.5516338E-08 1.4455379E-08 3.1844498E-09 3.0074492E-09 1.3070843E-08 2.0909475E-08 1.0797729E-08 9.5725072E-09 1.5279660E-08  293.9537 295.9480 300.6433 302.2923 296.4697 302.2425 307.9226 302.2491 301.4251 307.1378 309.3000 306.6267 304.2916 308.5851 309.2965 307.1972 302.8412 306.9845 309.0420 307.7435  8.49935
1998 7.7152571E-08 2.9519130E-08 1.7174253E-08 1.7410121E-08 5.0580628E-08 1.0728564E-08 2.9723921E-09 1.2601084E-08 2.1373889E-08 2.0110524E-09 1.1967077E-09 2.5870554E-08 1.3256424E-08 1.5695518E-09 4.8273967E-09 2.2030420E-08 2.0479868E-08 8.5415337E-09 9.0417496E-09 1.8687317E-08  294.8122 296.3012 300.6654 302.0758 296.9716 302.1494 307.8873 302.1002 301.3421 306.8091 309.0250 305.8035 304.3179 308.1799 308.6559 305.8459 302.8661 306.6004 308.1380 306.3427  0.163548
1999 8.5703149E-08 2.1880165E-08 1.4725761E-08 1.7775509E-08 4.5898023E-08 7.9505034E-09 2.9489353E-09 1.4040598E-08 2.3176923E-08 2.8996141E-09 1.6938927E-09 1.3160357E-08 1.5930324E-08 4.4171777E-09 4.1825157E-09 1.1345811E-08 2.2721490E-08 1.1023020E-08 1.1404303E-08 1.4674034E-08  293.1169 295.4686 300.5008 301.9399 295.7497 301.8942 307.9256 302.0361 300.6874 306.8051 308.8423 306.2531 303.9519 308.4303 308.8733 307.2365 302.0837 306.9372 309.0763 308.6774  39.1613
2000 8.7195488E-08 2.6490209E-08 1.8179053E-08 1.8226054E-08 5.4965476E-08 1.1599497E-08 2.9658762E-09 1.4592842E-08 2.7914842E-08 2.8188765E-09 1.2273274E-09 1.7977326E-08 1.7844355E-08 3.5029710E-09 4.2906727E-09 1.6902556E-08 2.1746793E-08 8.3029557E-09 9.9646460E-09 1.5353756E-08  293.1177 295.0971 300.1417 302.3080 295.1664 301.3505 307.7323 302.3126 299.9987 306.5747 309.0136 306.2903 303.4387 308.4026 308.9925 306.9393 302.2133 307.2772 309.2409 308.4880  2.07935
2001 8.6166850E-08 2.5565305E-08 1.4457822E-08 1.5543183E-08 5.1235187E-08 1.1457695E-08 2.1661000E-09 1.4085219E-08 2.8340404E-08 5.5357399E-09 1.7455967E-09 1.7883405E-08 2.0284396E-08 5.5442548E-09 5.8083156E-09 1.8083654E-08 2.4328735E-08 1.2355065E-08 1.4470666E-08 2.1238321E-08  293.1475 295.1538 300.2822 302.3535 295.3677 301.6691 307.7621 302.3323 300.0561 306.6836 309.2202 306.3141 303.1927 308.0536 308.8843 306.1287 301.8364 306.4683 308.2232 306.5146  22.171
2002 8.9243393E-08 2.7002201E-08 1.7132782E-08 1.7571617E-08 5.2012613E-08 9.4788826E-09 2.9407405E-09 1.3263958E-08 2.4690886E-08 2.8970215E-09 1.1724999E-09 1.6870306E-08 1.8629086E-08 3.4452445E-09 4.3360751E-09 1.7761440E-08 2.5126054E-08 1.1889320E-08 1.1985835E-08 2.0214989E-08  293.4794 295.4857 300.4600 302.3382 295.8961 301.7706 307.6285 302.3390 300.7419 306.7560 309.1421 306.0944 303.6494 308.1630 308.9809 306.2146 301.9245 306.3453 308.3169 306.8584  6.89452
2003 8.5877275E-08 2.7082530E-08 1.6511102E-08 1.9057246E-08 5.0693242E-08 1.2441304E-08 4.3064148E-09 1.4767708E-08 2.4657631E-08 2.8602045E-09 1.2237468E-09 1.8255555E-08 1.8117541E-08 3.1703227E-09 3.3388621E-09 1.7535749E-08 2.2443720E-08 1.0111588E-08 9.8551052E-09 1.7689759E-08  293.5066 295.2271 300.2302 301.9773 295.7536 301.5603 307.2302 302.0321 300.7303 306.5016 308.8328 305.7719 303.4925 307.8750 308.5071 305.6438 302.0641 306.1759 307.9862 306.3138  50.7419
2004 8.4128935E-08 2.8464994E-08 2.0355715E-08 2.1934129E-08 5.1415881E-08 1.3084123E-08 3.6129459E-09 1.8043549E-08 2.4749193E-08 2.1788595E-09 2.0558222E-09 2.3755119E-08 1.6524115E-08 2.6467046E-09 4.5811221E-09 1.8252857E-08 2.1433575E-08 9.0840180E-09 9.8677351E-09 1.7695601E-08  293.6861 295.3607 300.2327 302.4100 295.8586 301.5990 307.6101 302.3876 300.8263 306.7384 308.9240 306.1243 303.9338 308.3626 308.9009 306.5798 302.5217 307.1367 309.0925 307.7360  231.452
2005 9.1256787E-08 3.4254644E-08 2.0544054E-08 1.8886826E-08 5.6560683E-08 1.4287566E-08 3.2322378E-09 1.3882717E-08 2.6343018E-08 2.8756517E-09 1.6950155E-09 2.0180595E-08 1.6510224E-08 3.1485841E-09 3.0868097E-09 1.6938690E-08 1.9505929E-08 9.4398516E-09 8.8078336E-09 1.5828386E-08  294.0930 295.9164 300.7844 302.4288 296.4422 301.9122 308.0056 302.3918 301.1030 306.7638 309.2518 306.8651 304.2453 308.3271 309.3167 307.3952 303.0177 307.2312 309.5140 308.3325  109.29
2006 9.2530975E-08 2.7508481E-08 1.8427784E-08 2.2237721E-08 5.4618415E-08 1.3278975E-08 4.3901132E-09 1.6262483E-08 2.2902812E-08 3.1868073E-09 9.4375274E-10 1.9945098E-08 1.4890266E-08 2.1445827E-09 3.0234426E-09 1.3786915E-08 2.2211076E-08 9.7355235E-09 9.8017763E-09 1.7935433E-08  293.2995 295.6446 300.5903 302.3145 295.6691 301.8283 307.8976 302.3169 300.8264 306.8952 309.0411 306.1594 304.1233 308.6938 309.1753 306.9901 302.6455 307.3073 309.3632 308.0311  7.59065
2007 9.2266397E-08 3.0763108E-08 1.8215253E-08 1.8294529E-08 5.7593237E-08 9.3176107E-09 2.4226885E-09 1.4017118E-08 2.6223521E-08 2.3426139E-09 1.7404632E-09 2.2316055E-08 1.5768896E-08 2.6479283E-09 3.6671408E-09 2.1029022E-08 2.1303073E-08 9.8424771E-09 9.9944559E-09 1.8150129E-08  293.5891 295.7254 300.8497 302.3861 295.8251 302.0467 308.0739 302.3235 300.8977 306.8862 309.2458 306.0423 304.0688 308.3729 309.2122 306.5524 302.8040 307.1162 309.1380 307.7624  322.268
2008 9.1737569E-08 2.6843640E-08 1.6279319E-08 1.8661305E-08 5.3968044E-08 1.3732834E-08 3.3658782E-09 1.4945662E-08 2.5332151E-08 4.2225938E-09 1.5912183E-09 1.4366936E-08 1.6571219E-08 3.5795558E-09 3.7411465E-09 1.3721138E-08 2.3637552E-08 1.0266453E-08 1.0582327E-08 1.6170082E-08  293.4597 295.7111 300.9267 302.1215 295.7043 301.8814 308.1332 302.1320 300.8541 306.9406 308.9949 306.4789 304.1123 308.7803 309.1471 307.2557 302.2901 307.2258 309.3928 308.4467  24.129
2009 8.2896342E-08 2.5286010E-08 1.4839662E-08 1.7505140E-08 4.9921358E-08 1.0368721E-08 3.5623986E-09 1.4439652E-08 2.6525349E-08 5.0327444E-09 2.7957563E-09 2.2897723E-08 1.5725137E-08 3.9320840E-09 4.8092068E-09 1.8824259E-08 1.9312164E-08 1.1086613E-08 1.1938799E-08 1.9083359E-08  293.7553 295.5782 300.5592 302.3173 295.9115 301.7398 307.7730 302.2887 300.5555 306.5267 308.8151 305.8284 303.9615 308.2365 308.7207 306.1602 302.7280 307.0372 308.7338 307.2932  0
2010 8.6972584E-08 2.7380590E-08 1.7396315E-08 1.6119035E-08 5.3816176E-08 1.0404391E-08 3.1011222E-09 1.3006924E-08 2.8446363E-08 3.4616801E-09 1.5708083E-09 1.9709443E-08 1.8310253E-08 3.2116059E-09 3.4936498E-09 1.9377438E-08 2.0052568E-08 9.2755981E-09 8.6990548E-09 1.6203257E-08  0.0000000E+00 0.0000000E+00 0.0000000E+00 0.0000000E+00 0.0000000E+00 0.0000000E+00 0.0000000E+00 0.0000000E+00 0.0000000E+00 0.0000000E+00 0.0000000E+00 0.0000000E+00 0.0000000E+00 0.0000000E+00 0.0000000E+00 0.0000000E+00 0.0000000E+00 0.0000000E+00 0.0000000E+00 0.0000000E+00  387.703
2011 8.8186681E-08 2.9825081E-08 1.4852570E-08 1.6607727E-08 5.1712465E-08 1.2332070E-08 3.2377019E-09 1.2399487E-08 2.2323453E-08 1.9667750E-09 9.4894637E-10 1.4178419E-08 1.3251578E-08 2.1574635E-09 3.1990308E-09 1.2643654E-08 1.9773948E-08 8.2474738E-09 8.2687759E-09 1.2374893E-08  293.4204 295.4363 300.6800 302.1554 295.8061 301.8511 308.1438 302.1841 300.8517 306.9763 309.1226 306.6966 304.3002 308.9474 309.3359 307.5695 302.9208 307.7510 309.9715 309.2150  0
2012 7.7437747E-08 2.3193863E-08 1.6999424E-08 2.0911674E-08 4.6239155E-08 1.0332302E-08 3.6251633E-09 1.5609663E-08 2.0440201E-08 2.1125588E-09 2.1601436E-09 1.8107004E-08 1.5596983E-08 2.6618878E-09 2.8836129E-09 1.0332833E-08 2.0599884E-08 8.9346326E-09 8.0278406E-09 1.1305032E-08  293.9868 295.8848 300.3483 302.0979 296.3341 301.7491 307.4984 302.1463 300.9160 306.5502 308.5877 306.2039 304.0221 308.2560 308.6798 306.7313 302.4725 306.8646 308.7139 307.5544  2.37452
2013 8.5748404E-08 2.7568014E-08 1.5563996E-08 1.5604165E-08 4.6585502E-08 9.3641725E-09 2.0602071E-09 1.2844187E-08 1.9179820E-08 1.7499419E-09 5.1217758E-10 1.7419829E-08 1.3019286E-08 1.6088419E-09 2.0134212E-09 1.1883230E-08 1.9742481E-08 7.1522179E-09 6.3706738E-09 1.2456248E-08  293.6255 295.4385 300.4119 302.0941 296.2300 301.8309 307.8074 302.0894 301.4620 306.9838 309.0913 306.6802 304.6247 308.7662 309.3554 307.6260 303.0763 307.6526 309.7692 308.8914  0
2014 8.6180258E-08 2.7295890E-08 1.6540097E-08 1.8395825E-08 5.0064997E-08 1.0593548E-08 3.3908616E-09 1.4169502E-08 2.1715207E-08 2.7523817E-09 2.0767839E-09 1.7417992E-08 1.6386801E-08 2.3584041E-09 3.1170735E-09 1.3720673E-08 2.2394250E-08 1.0887295E-08 1.0535075E-08 1.6904712E-08  293.4957 295.5222 300.4505 302.1538 295.8510 301.6784 307.4744 302.1235 300.9332 306.7322 308.8873 306.0443 303.8002 308.4322 309.0305 306.5327 302.2331 306.6409 308.5637 306.9122  190.258
2015 8.5637318E-08 2.4684628E-08 1.4954674E-08 1.7043959E-08 4.9124662E-08 8.8129468E-09 2.3840179E-09 1.4319248E-08 2.3815216E-08 1.8006143E-09 1.0799622E-09 1.6753788E-08 1.7974941E-08 4.3136006E-09 3.9947001E-09 1.9303597E-08 2.4362571E-08 1.3286031E-08 1.3582581E-08 2.2832952E-08  293.8184 295.7813 300.6458 302.2859 296.1707 302.1695 307.5418 302.2680 300.9871 307.0327 309.3290 306.0972 303.4609 308.0495 309.0771 306.1460 301.9195 306.0614 307.9290 306.2622  1286.45
