STN,prec_1,prec_2,prec_3,prec_4,prec_5,prec_6,prec_7,prec_8,prec_9,prec_10,prec_11,prec_12,prec_13,prec_14,prec_15,prec_16,prec_17,prec_18,prec_19,prec_20,st_1,st_2,st_3,st_4,st_5,st_6,st_7,st_8,st_9,st_10,st_11,st_12,st_13,st_14,st_15,st_16,st_17,st_18,st_19,st_20,04.0
LAT,23.72017,23.72017,23.72017,23.72017,26.51077,26.51077,26.51077,26.51077,29.30136,29.30136,29.30136,29.30136,32.09194,32.09194,32.09194,32.09194,34.88252,34.88252,34.88252,34.88252,23.72017,23.72017,23.72017,23.72017,26.51077,26.51077,26.51077,26.51077,29.30136,29.30136,29.30136,29.30136,32.09194,32.09194,32.09194,32.09194,34.88252,34.88252,34.88252,34.88252,28.73664429
LON,-104.0625,-101.2500,-98.43750,-95.62500,-104.0625,-101.2500,-98.43750,-95.62500,-104.0625,-101.2500,-98.43750,-95.62500,-104.0625,-101.2500,-98.43750,-95.62500,-104.0625,-101.2500,-98.43750,-95.62500,-104.0625,-101.2500,-98.43750,-95.62500,-104.0625,-101.2500,-98.43750,-95.62500,-104.0625,-101.2500,-98.43750,-95.62500,-104.0625,-101.2500,-98.43750,-95.62500,-104.0625,-101.2500,-98.43750,-95.62500,-99.1447556
1958 7.7642866E-08 2.3655803E-08 1.8378653E-08 2.2094991E-08 5.6049664E-08 1.2870089E-08 6.5374044E-09 1.8693068E-08 2.2915797E-08 4.1022168E-09 2.5136422E-09 2.2589751E-08 1.3032319E-08 2.8175304E-09 4.1476427E-09 1.5917580E-08 1.7412059E-08 1.1070814E-08 1.1661948E-08 1.5209201E-08  293.1976 295.5999 300.7749 302.5781 295.1340 301.3803 307.7057 302.4862 299.9624 306.1419 308.6496 305.8352 303.1649 307.8463 308.7466 306.9981 301.8179 306.4350 308.5795 308.1721  32.4467
1959 7.7749945E-08 2.5111303E-08 2.0404983E-08 2.7883168E-08 6.3432637E-08 1.4019048E-08 5.7190426E-09 2.0227921E-08 2.5696282E-08 4.0791335E-09 2.7166558E-09 2.9301322E-08 1.3411685E-08 3.9606873E-09 7.5879667E-09 2.3125565E-08 1.8550999E-08 1.0485396E-08 1.3637398E-08 1.8902703E-08  293.4037 295.8528 300.9320 302.5775 295.0794 301.3434 307.9493 302.4787 299.9606 306.0603 308.5710 305.9233 303.2066 307.8074 308.3635 306.5323 301.7802 306.6535 308.4236 307.7510  6.48667
1960 7.2382946E-08 2.0394213E-08 1.5810095E-08 2.0519510E-08 4.6503406E-08 9.8583088E-09 3.4411018E-09 1.5720531E-08 2.1330575E-08 4.0244115E-09 2.1779505E-09 2.3133355E-08 1.4389568E-08 4.3440682E-09 7.2225346E-09 2.1152502E-08 1.8213431E-08 1.1115282E-08 1.5395553E-08 2.1386613E-08  293.3704 295.9983 301.0866 302.4573 295.5587 301.8014 308.1773 302.4013 300.2957 306.4793 308.7889 306.3422 303.2181 308.1019 308.6682 307.1266 301.8653 306.5289 308.3985 308.0496  0.693333
1961 7.2387429E-08 2.3103128E-08 1.8098115E-08 2.6577025E-08 5.2020408E-08 1.1116090E-08 4.7325166E-09 2.0364643E-08 2.2782549E-08 3.9338612E-09 3.2624023E-09 2.5543574E-08 1.4268509E-08 3.7707668E-09 5.9672614E-09 1.6782316E-08 1.9153871E-08 1.1225539E-08 1.4491473E-08 1.8118786E-08  293.2440 295.4938 300.6111 302.4796 295.2690 301.3044 307.7705 302.4128 300.0559 306.1873 308.6615 306.2910 303.0379 307.9942 308.6788 307.2741 301.4666 306.4564 308.4919 308.3987  0.02
1962 8.0077633E-08 2.5735583E-08 1.9485780E-08 2.6548522E-08 5.3982955E-08 1.2920997E-08 5.1283946E-09 2.1631383E-08 2.3784736E-08 4.4964610E-09 2.3759217E-09 2.7928836E-08 1.3399539E-08 3.0227514E-09 5.3615392E-09 1.9602830E-08 1.9447233E-08 9.7434540E-09 1.1645693E-08 1.5447862E-08  292.9222 295.4686 300.7737 302.4290 295.1609 301.1505 307.8051 302.3788 299.9778 305.9972 308.5161 305.9871 303.1561 307.8789 308.4994 306.9530 301.4252 306.3039 308.4901 308.2516  31.0133
1963 8.2302797E-08 2.1752502E-08 1.4632070E-08 2.1936609E-08 4.8949715E-08 1.2125168E-08 4.5823021E-09 2.0402267E-08 2.5989129E-08 5.9348992E-09 2.7993003E-09 2.4264111E-08 1.8776474E-08 5.5535261E-09 7.7420310E-09 2.4349069E-08 2.3538547E-08 1.4801908E-08 1.9675182E-08 2.5196158E-08  293.4014 296.1575 301.1407 302.4307 295.6509 301.7859 308.0524 302.3808 300.2200 306.3571 308.8141 305.9130 302.8368 307.6968 308.4463 306.3742 300.9647 305.6667 307.5707 306.8979  0
1964 7.6159246E-08 2.4672284E-08 1.7931667E-08 2.3554422E-08 5.2697676E-08 1.2836813E-08 5.5484080E-09 1.7924309E-08 2.3128612E-08 3.4764476E-09 3.3897722E-09 2.3865109E-08 1.2640452E-08 3.3936793E-09 5.5608229E-09 1.7681938E-08 1.9788592E-08 1.1392236E-08 1.2268966E-08 1.6861778E-08  293.3733 295.9072 301.1391 302.5093 295.3606 301.6091 308.1806 302.4337 300.2030 306.3412 308.9090 306.4325 303.4999 308.1174 308.9465 307.2995 301.8329 306.6347 308.7022 308.3341  1.39
1965 7.4485371E-08 2.4113339E-08 1.6781515E-08 2.2339298E-08 4.6651994E-08 1.2660947E-08 4.2851251E-09 1.8927535E-08 2.1341387E-08 4.8501629E-09 3.5552397E-09 2.5895048E-08 1.2201014E-08 4.5660218E-09 7.0337283E-09 2.0208674E-08 1.7993161E-08 1.0849711E-08 1.3691510E-08 1.8908880E-08  293.3329 295.7233 300.6849 302.3378 295.6140 301.2717 307.6099 302.3179 300.1437 305.8362 308.2886 305.7987 303.2869 307.6149 308.2601 306.5113 301.6485 306.2514 308.1422 307.4584  54.1867
1966 7.8128487E-08 1.9812290E-08 1.4848420E-08 2.0894463E-08 5.0850240E-08 1.1211929E-08 4.0745101E-09 1.7715143E-08 2.5351124E-08 4.4944710E-09 2.0308382E-09 2.4201382E-08 1.5226451E-08 4.7456012E-09 5.3737566E-09 1.8013386E-08 1.9656312E-08 1.1451419E-08 1.3752184E-08 1.7790967E-08  292.7791 295.5725 300.6573 302.3266 294.7700 301.0619 307.4193 302.3093 299.3164 305.7226 308.1756 305.3430 302.2940 307.2756 308.1394 306.2420 300.8526 305.7700 307.8434 307.1855  21.0333
1967 7.7376079E-08 2.0572401E-08 1.5753693E-08 2.2937453E-08 4.8855433E-08 9.6381232E-09 4.7759072E-09 1.9920055E-08 2.2741901E-08 3.2981811E-09 2.2809992E-09 2.3139474E-08 1.5084529E-08 4.1217052E-09 4.8115196E-09 1.7034917E-08 2.1079472E-08 1.1142841E-08 1.3294350E-08 1.8590285E-08  292.7968 295.6180 300.7770 302.3341 295.0113 301.5007 307.8105 302.3124 299.7852 306.2235 308.5541 305.8060 302.9940 307.8860 308.5495 306.6666 301.2997 306.3338 308.3077 307.6291  32.7767
1968 8.5855042E-08 2.6007722E-08 1.2336733E-08 1.5389022E-08 4.8156423E-08 1.2512746E-08 2.9528371E-09 1.4951031E-08 2.3946658E-08 4.8816631E-09 2.6203790E-09 2.4069820E-08 1.8149242E-08 5.6958163E-09 7.8452587E-09 2.4621743E-08 2.3715108E-08 1.4466998E-08 1.7556577E-08 2.5886541E-08  293.0141 295.9131 301.2849 302.3776 295.5202 301.8477 308.2697 302.3523 300.1477 306.5300 308.8748 305.9962 302.8701 307.7882 308.4679 306.3094 301.0819 305.6469 307.5425 306.6189  57.8667
1969 7.9251187E-08 2.4557593E-08 1.4790616E-08 2.0595396E-08 5.4180550E-08 1.2663790E-08 4.4840953E-09 1.8716536E-08 2.5364498E-08 4.5872266E-09 3.3549918E-09 3.4309647E-08 1.5338468E-08 3.4716416E-09 9.2811403E-09 2.8906008E-08 1.7743394E-08 9.5594777E-09 1.3338056E-08 1.9828887E-08  293.7136 296.0384 301.1898 302.6757 295.6510 301.6102 308.1829 302.5523 300.2113 306.2562 308.8746 305.8404 303.2921 307.9147 308.5600 306.2507 301.9898 306.6299 308.4375 307.6877  0
1970 7.5727712E-08 2.6306626E-08 1.7594280E-08 2.3790738E-08 5.0088619E-08 1.3247154E-08 6.0497474E-09 2.0923716E-08 2.2685899E-08 5.2504361E-09 4.6747166E-09 3.0925431E-08 1.2638821E-08 3.5162364E-09 7.8635969E-09 2.5744994E-08 1.9766272E-08 1.0850964E-08 1.3378876E-08 1.9271955E-08  293.2121 295.6012 300.7898 302.3843 295.5791 301.3817 307.7820 302.3417 300.1761 305.9922 308.3081 305.6002 303.2620 307.7071 308.1712 306.2952 301.6063 306.2671 308.3040 307.8631  13.2267
1971 8.1674358E-08 2.1611276E-08 1.4519966E-08 2.0581053E-08 5.5266078E-08 9.6154142E-09 2.5153055E-09 1.6996870E-08 2.6777601E-08 3.0419529E-09 1.2669051E-09 2.0855314E-08 1.7648691E-08 3.7907664E-09 4.4444382E-09 1.8424554E-08 2.2025295E-08 1.0690999E-08 1.3494763E-08 1.9430175E-08  292.7505 295.6362 300.7713 302.3232 294.7687 301.4273 307.8998 302.3038 299.4151 306.1945 308.7926 306.0909 302.5840 307.8728 308.7018 306.8918 301.0020 306.1639 308.3084 307.9509  0
1972 7.4602440E-08 2.1461400E-08 1.5900962E-08 2.6448845E-08 4.7833229E-08 1.2227433E-08 5.1981148E-09 1.9711443E-08 2.4299668E-08 4.1223265E-09 1.8032578E-09 2.0156953E-08 1.3206022E-08 4.0174624E-09 4.6356230E-09 1.4794288E-08 1.5903176E-08 8.9375343E-09 1.2558148E-08 1.5948007E-08  293.0183 295.5790 300.6519 302.3702 295.0704 301.2793 307.7476 302.3377 299.8009 305.9745 308.6438 306.1312 303.1096 307.7482 308.6074 307.1644 301.9208 306.6765 308.7499 308.2938  18.1333
1973 8.4894374E-08 2.4705489E-08 1.2778459E-08 1.8059596E-08 5.7413292E-08 1.2500489E-08 2.8073370E-09 1.5694804E-08 2.4848616E-08 4.3712616E-09 2.4374418E-09 2.3241824E-08 1.5912635E-08 5.1078359E-09 6.2077148E-09 2.0944595E-08 2.0213639E-08 1.2091308E-08 1.3985248E-08 2.1776964E-08  292.6853 295.5912 301.0571 302.4610 294.5443 301.2998 307.9855 302.3987 299.7614 306.1500 308.7050 305.7696 302.9642 307.6090 308.4017 306.3778 301.2405 305.9321 307.8813 307.0857  86.8333
1974 8.1207453E-08 2.2541677E-08 1.5488265E-08 2.1367454E-08 4.4148916E-08 8.8192769E-09 4.1905324E-09 1.9698398E-08 1.8160661E-08 3.1399823E-09 2.3919624E-09 2.1607024E-08 1.4047490E-08 4.5269815E-09 5.9048859E-09 1.7217268E-08 2.0599327E-08 1.1522619E-08 1.4434296E-08 2.0174184E-08  292.4026 295.3010 300.6634 302.1815 294.8981 301.2622 307.7287 302.2049 299.8633 306.1135 308.4991 305.9327 303.0536 307.8995 308.3889 306.5990 301.1547 306.1209 308.0510 307.4098  58.4333
1975 7.9157985E-08 2.4741979E-08 1.6194322E-08 2.2470720E-08 4.8362644E-08 1.1553475E-08 4.1395065E-09 1.8192821E-08 2.3019188E-08 3.3221272E-09 2.1579170E-09 2.2862828E-08 1.5647194E-08 3.4527143E-09 5.2817595E-09 1.9287720E-08 1.9855264E-08 9.8144772E-09 1.3428185E-08 2.0139408E-08  292.9136 295.3769 300.6695 302.3903 295.3891 301.4552 307.9778 302.3516 300.2118 306.3649 308.7435 306.0823 303.2388 307.9323 308.4636 306.6699 301.5565 306.4685 308.4630 307.9689  141.933
1976 7.9208448E-08 2.2417424E-08 1.5434114E-08 1.9356976E-08 5.1207028E-08 9.5145944E-09 3.9707628E-09 1.7028727E-08 2.3050541E-08 3.5193322E-09 2.3192650E-09 2.2256685E-08 1.5744211E-08 4.0436419E-09 5.4028924E-09 1.9359186E-08 2.1820098E-08 1.2059897E-08 1.3346206E-08 1.8185176E-08  292.5099 295.2879 300.6226 302.1939 294.4934 301.1882 307.7193 302.2108 299.4217 306.0036 308.5300 305.9149 302.4993 307.5898 308.3601 306.5324 300.9254 305.8444 308.0276 307.6376  396.8
1977 8.1988823E-08 2.1940309E-08 1.3846937E-08 2.2497289E-08 5.2672412E-08 1.0029809E-08 3.0017664E-09 1.8188718E-08 2.4675487E-08 3.7860759E-09 1.5083709E-09 2.2703329E-08 1.6504799E-08 3.6203252E-09 5.0609805E-09 1.6544002E-08 1.9083899E-08 1.0935683E-08 1.2114859E-08 1.7962662E-08  292.9397 295.6400 300.7826 302.4385 295.1949 301.5215 307.7804 302.3823 299.9012 306.1848 308.5792 305.6140 302.7627 307.6001 308.3303 306.3991 301.4043 306.1796 308.1729 307.3953  452.333
1978 8.6816733E-08 2.3327512E-08 1.4781319E-08 2.0081725E-08 5.3689519E-08 1.0452040E-08 3.5114198E-09 1.4973836E-08 2.3747015E-08 3.5576335E-09 1.6592168E-09 2.0186048E-08 1.6618589E-08 4.5533062E-09 5.0934865E-09 1.8510869E-08 2.3271467E-08 1.3620786E-08 1.5157273E-08 1.9171813E-08  292.9116 295.8161 301.0667 302.4394 295.0782 301.7446 308.0962 302.3856 299.9877 306.4689 308.8471 306.0568 302.8717 307.9836 308.5762 306.6066 301.2008 306.0470 307.9634 307.4059  44.1
1979 8.6835975E-08 2.5974355E-08 1.8323266E-08 2.5123102E-08 5.9165163E-08 1.5363231E-08 4.2162256E-09 2.0778351E-08 2.9171321E-08 6.1700671E-09 3.2453109E-09 2.7812947E-08 1.7090303E-08 5.0254445E-09 6.5647288E-09 2.3165303E-08 2.1952440E-08 1.3229848E-08 1.5548986E-08 2.1635696E-08  292.7487 295.6468 300.9371 302.5674 294.7061 301.2794 307.9860 302.4782 299.4782 305.9971 308.6945 305.8789 302.6684 307.6594 308.5248 306.6017 301.1445 305.8990 307.8977 307.3308  420.533
1980 8.5077353E-08 3.1060768E-08 2.3731038E-08 2.6409282E-08 6.0149937E-08 1.6096834E-08 6.2537868E-09 1.9413799E-08 2.4621977E-08 2.9021030E-09 1.8832047E-09 2.2619856E-08 1.4549949E-08 3.2425318E-09 5.1705800E-09 2.0624407E-08 1.9633230E-08 1.0932148E-08 1.3959461E-08 2.2294973E-08  292.7265 295.1833 300.4857 302.5302 294.5965 301.0318 307.7050 302.4452 299.6917 306.2038 308.8312 306.0241 303.0651 307.9712 308.7332 306.5244 301.5072 306.3903 308.3848 307.3905  10.9133
1981 8.0867281E-08 2.3512676E-08 1.4533284E-08 2.2116662E-08 4.8816723E-08 9.4110586E-09 3.9507304E-09 1.9009024E-08 2.0958860E-08 4.0731556E-09 3.0611729E-09 2.3718325E-08 1.5052214E-08 4.3985828E-09 6.2076104E-09 1.8547917E-08 2.0216746E-08 1.1899738E-08 1.3464727E-08 1.9418065E-08  292.8272 295.5497 300.8123 302.3634 295.0001 301.4376 307.9527 302.3326 300.0805 306.2145 308.5991 305.9900 303.0712 307.8844 308.5585 306.8738 301.2286 306.1512 308.2933 307.8937  743.197
1982 7.9250633E-08 2.6739094E-08 1.9999884E-08 2.6465900E-08 5.1988017E-08 1.4820603E-08 6.8622898E-09 2.3651262E-08 2.3230916E-08 3.8056429E-09 2.8911813E-09 2.5281230E-08 1.3213114E-08 3.2335732E-09 3.4214520E-09 1.6804297E-08 1.7682702E-08 7.7254203E-09 9.5031663E-09 1.4731414E-08  293.1862 295.4798 300.6106 302.5988 295.3380 301.2549 307.6067 302.4987 300.1853 306.1012 308.4567 305.9284 303.5708 308.0252 308.7812 307.2144 302.0396 307.0174 309.1977 308.8478  52.1
1983 8.1740062E-08 2.2568171E-08 1.4956941E-08 2.3902004E-08 5.1916441E-08 1.1465571E-08 4.5280331E-09 2.0051987E-08 2.6646068E-08 5.3570095E-09 3.2500336E-09 2.8541294E-08 1.7687110E-08 3.9037817E-09 6.5198664E-09 2.2795774E-08 2.1364785E-08 1.3531935E-08 1.4029542E-08 2.1080089E-08  293.4147 295.9756 300.9194 302.7267 295.5372 301.5820 307.8845 302.5906 299.9166 306.1497 308.6400 305.5398 302.6461 307.4986 308.3116 305.9432 301.3474 305.8493 307.9670 306.9340  29.1
1984 7.8904499E-08 2.5312582E-08 1.7435527E-08 1.9277254E-08 4.7616780E-08 1.2856098E-08 4.2470680E-09 1.6955045E-08 2.2633415E-08 4.5780775E-09 2.1331035E-09 2.4009841E-08 1.5163668E-08 4.0801549E-09 5.3260258E-09 1.9636088E-08 1.9587954E-08 1.1207567E-08 1.2715127E-08 1.8723643E-08  292.5691 295.2846 300.4688 302.3315 294.7787 301.1127 307.6974 302.3149 299.7584 306.1201 308.6814 306.0633 302.7541 307.7576 308.5086 306.6519 301.1369 306.1636 308.2303 307.8492  1.09767
1985 9.3027118E-08 2.8693149E-08 1.6630716E-08 2.0549065E-08 6.3347656E-08 1.3476789E-08 3.3670160E-09 1.7244288E-08 3.4230556E-08 5.9757999E-09 2.4817852E-09 2.7373019E-08 2.0808100E-08 7.1727833E-09 8.0454612E-09 2.5642107E-08 2.3141000E-08 1.3118592E-08 1.6359047E-08 2.3585972E-08  292.0876 295.1202 300.7025 302.3387 293.8456 300.9370 307.9336 302.3152 298.7608 305.8237 308.6939 305.6783 301.9666 307.2602 308.0879 305.9904 300.6823 305.5814 307.6285 306.9792  16.1433
1986 8.3478660E-08 2.5770751E-08 1.7055919E-08 2.4348067E-08 4.7498443E-08 1.1422951E-08 4.0036920E-09 1.9191219E-08 2.5176677E-08 3.4716863E-09 3.2794378E-09 2.6783971E-08 1.8660650E-08 4.9349169E-09 8.4588194E-09 2.8150170E-08 2.4347429E-08 1.3596547E-08 1.7283169E-08 2.6254213E-08  292.5507 295.2041 300.5544 302.6673 295.0502 301.3162 307.6761 302.5535 299.8264 306.2358 308.5400 305.3970 302.4325 307.4454 308.0380 305.3061 300.7697 305.4523 307.0992 305.7975  11.7067
1987 8.3512290E-08 1.9283419E-08 1.2181697E-08 2.0143798E-08 4.5591079E-08 9.2286019E-09 2.7034499E-09 1.6825163E-08 2.2635058E-08 2.7458065E-09 1.5981513E-09 2.0747992E-08 1.5643543E-08 3.8255665E-09 4.2662482E-09 1.6560321E-08 2.0637859E-08 1.1265475E-08 1.2169756E-08 1.8075552E-08  293.0741 296.0444 300.9493 302.6653 295.4863 301.8209 307.9100 302.5630 299.9916 306.5099 308.8047 305.6423 302.7855 307.7830 308.6228 306.2321 301.1558 305.9396 308.0007 306.7224  99.5667
1988 8.7459256E-08 2.8885582E-08 1.7852543E-08 2.2692214E-08 5.5566616E-08 1.5080834E-08 5.6015397E-09 2.0763659E-08 3.0926678E-08 7.6330187E-09 4.1364610E-09 2.6824907E-08 1.8944963E-08 6.0982774E-09 8.5637692E-09 2.5945701E-08 2.3351715E-08 1.0736655E-08 1.6396253E-08 2.3412460E-08  292.3966 295.0984 300.5762 302.4322 294.4580 300.9572 307.7951 302.3746 299.0606 305.7129 308.4586 305.5142 302.1326 307.1142 307.7467 305.4665 300.7003 305.7193 307.5109 306.8008  84.2667
1989 8.3395555E-08 2.4981768E-08 1.4310603E-08 1.8493655E-08 5.2792000E-08 1.2855912E-08 4.1115626E-09 1.8471432E-08 2.9069680E-08 4.2667265E-09 2.8401583E-09 2.1717479E-08 1.7849379E-08 4.1050372E-09 6.1558056E-09 1.8467569E-08 1.8910258E-08 1.0134839E-08 1.4135588E-08 1.8465709E-08  292.2438 295.1449 300.6105 302.4127 294.2997 301.0097 307.9403 302.3697 298.9946 305.9853 308.9389 306.5173 302.1615 307.6952 308.5787 307.0485 300.9290 306.1455 308.4238 308.3786  30.2333
1990 7.7203751E-08 2.0372720E-08 1.6238163E-08 2.4028587E-08 4.1859796E-08 9.0971897E-09 4.4677950E-09 1.8543876E-08 2.1773603E-08 4.2292490E-09 2.0052584E-09 2.0609608E-08 1.3775566E-08 3.9226942E-09 5.1551869E-09 1.5788796E-08 2.0943956E-08 1.2599219E-08 1.4404731E-08 1.9855861E-08  293.1900 295.8394 300.6272 302.8402 295.7144 301.6376 307.7184 302.6844 300.3885 306.4455 308.7999 306.2004 303.1653 307.9666 308.7268 307.0277 301.3174 306.2750 308.2864 307.7207  8.04967
1991 8.2427839E-08 2.8456817E-08 1.9387192E-08 2.6392705E-08 5.7272651E-08 1.5029626E-08 6.4192083E-09 2.1678746E-08 2.7282152E-08 4.4139150E-09 3.7256096E-09 2.6173229E-08 1.5402385E-08 4.2487041E-09 6.3471539E-09 2.2166766E-08 2.1505844E-08 1.1494072E-08 1.3044349E-08 1.8916962E-08  292.7919 295.3083 300.6345 302.7464 294.7618 301.0847 307.5928 302.6124 299.6204 306.0089 308.5296 305.5905 302.6695 307.5572 308.3359 306.3791 301.1226 305.9645 308.0569 307.6298  28.1967
1992 8.1224783E-08 2.5055146E-08 1.7961421E-08 2.0549155E-08 4.7293955E-08 1.0868126E-08 4.7017679E-09 1.6651866E-08 2.3053316E-08 3.6362433E-09 2.1781530E-09 2.4054913E-08 1.6015145E-08 3.0470937E-09 5.0029039E-09 1.8831193E-08 1.8988858E-08 9.9002424E-09 1.1297491E-08 1.7185066E-08  293.2321 295.7744 300.7086 302.6306 295.4977 301.6217 307.7426 302.5307 300.2094 306.2843 308.7145 305.6760 302.8853 307.5853 308.4162 306.1509 301.5913 306.0710 308.1123 307.0201  677.733
1993 7.9480827E-08 1.8578698E-08 1.4491551E-08 2.2233667E-08 4.1894950E-08 7.2136723E-09 2.7744302E-09 1.7986272E-08 1.9289235E-08 3.0534011E-09 1.3570209E-09 2.0315087E-08 1.5587849E-08 3.7360230E-09 3.0428917E-09 1.2989103E-08 1.9121279E-08 9.9654818E-09 1.0297361E-08 1.4334861E-08  292.9734 295.5189 300.3381 302.4633 295.3619 301.5459 307.5505 302.4148 300.2321 306.2086 308.4841 305.6137 302.6849 307.4221 308.3371 306.5433 301.3359 306.0582 308.2744 307.6724  103.833
1994 9.0826106E-08 2.4150431E-08 1.6489604E-08 2.0721558E-08 5.6980230E-08 1.1475480E-08 4.0422874E-09 1.8772628E-08 2.8151616E-08 4.0999630E-09 2.8025757E-09 2.6561736E-08 1.9509574E-08 4.6867101E-09 5.9558478E-09 2.2677400E-08 2.1956851E-08 1.2179930E-08 1.1976383E-08 2.0359654E-08  292.2398 295.2604 300.5139 302.2642 294.3678 301.1181 307.5839 302.2712 299.0615 305.8929 308.4528 305.2618 302.1195 307.2247 308.1183 305.6086 300.8283 305.6358 307.7841 306.3917  30.6667
1995 7.5406398E-08 2.2383345E-08 1.4119202E-08 1.8751750E-08 4.8364480E-08 1.1912349E-08 4.4079536E-09 1.7826256E-08 2.2399673E-08 4.3892769E-09 2.4909674E-09 2.2556392E-08 1.3413360E-08 3.1645107E-09 5.2520996E-09 1.7943909E-08 1.8545348E-08 1.0175676E-08 1.2900169E-08 1.7901259E-08  293.3057 295.8375 300.9054 302.6601 295.4107 301.5126 307.8419 302.5526 300.1794 306.1906 308.5608 305.6917 303.1998 307.8644 308.5537 306.6132 301.7103 306.4700 308.5410 307.8575  52.2333
1996 7.3253815E-08 2.0939943E-08 1.7812177E-08 2.5659491E-08 4.7777792E-08 1.1685863E-08 4.4202091E-09 1.6672670E-08 2.3322494E-08 5.1570961E-09 2.1593189E-09 2.2105763E-08 1.4025121E-08 3.8984713E-09 5.4759601E-09 1.7313733E-08 1.9441664E-08 1.1347681E-08 1.4094836E-08 1.9358538E-08  293.3282 295.6342 300.5029 302.5612 295.0971 301.0688 307.5356 302.4846 299.8278 305.8761 308.5325 306.2427 303.0273 307.8510 308.4811 306.9783 301.2807 306.1314 308.1387 307.8905  5.807
1997 8.3559975E-08 2.2535366E-08 1.4049901E-08 1.9104929E-08 4.6782326E-08 1.0554743E-08 2.3966160E-09 1.5124863E-08 2.5119196E-08 4.4019615E-09 1.7703899E-09 1.8272797E-08 1.6899318E-08 3.9820138E-09 4.0915253E-09 1.2897488E-08 2.1449086E-08 1.0075437E-08 1.1477129E-08 1.6757063E-08  292.9205 295.6168 300.7069 302.6919 295.3505 301.5249 307.9137 302.5799 299.9683 306.3759 308.8726 306.4788 302.9294 307.9175 308.8214 307.3557 301.1359 306.2012 308.5015 308.1933  145.833
1998 8.3908802E-08 3.0094636E-08 2.0246228E-08 2.2544819E-08 5.1173959E-08 1.6781389E-08 6.2606036E-09 1.8268524E-08 2.5848266E-08 6.1505339E-09 3.4908503E-09 2.6798812E-08 1.8218222E-08 5.4474829E-09 8.0039371E-09 2.5735122E-08 2.0428782E-08 1.2526851E-08 1.4221767E-08 2.2251413E-08  293.3906 295.7730 300.9277 302.6528 295.5250 301.3709 307.8470 302.5345 300.1458 305.9929 308.4787 305.7185 302.9904 307.3560 308.0426 305.9776 301.4202 305.9096 307.8899 307.2133  13.3677
1999 8.7654072E-08 2.6803239E-08 1.8386588E-08 2.3205029E-08 5.4535292E-08 1.2326321E-08 5.6061302E-09 1.8050351E-08 2.7080642E-08 4.6775046E-09 3.0584657E-09 2.1831450E-08 1.7928555E-08 4.6578625E-09 5.3540870E-09 1.7591370E-08 2.1805599E-08 1.1359072E-08 1.3491823E-08 1.8076806E-08  292.6074 295.3742 300.7037 302.4141 294.7193 301.0881 307.6902 302.3681 299.5784 306.0657 308.6397 306.0851 302.7413 307.8465 308.5091 306.8520 301.1020 306.1356 308.2386 308.0676  60.4667
2000 8.2844544E-08 3.0648305E-08 2.1511532E-08 2.8569101E-08 5.3871133E-08 1.4542856E-08 6.1252003E-09 2.5126846E-08 2.7500255E-08 5.6103464E-09 4.2092463E-09 3.3483257E-08 1.6572653E-08 3.7927834E-09 6.9805233E-09 2.2392877E-08 1.9712134E-08 9.1647632E-09 1.1387352E-08 1.6743973E-08  292.6912 295.0808 300.3207 302.6556 294.6451 300.7625 307.5444 302.5407 299.5359 305.7790 308.5144 305.8372 302.7503 307.7737 308.3434 306.6879 301.4011 306.3837 308.5951 308.4176  7.64
2001 8.2563545E-08 2.7989717E-08 2.0718328E-08 2.4748545E-08 4.5808196E-08 1.2635279E-08 5.9571548E-09 2.1234486E-08 2.1534303E-08 3.7509071E-09 2.7790921E-09 2.4376675E-08 1.4322221E-08 3.8390895E-09 4.4118398E-09 1.8006057E-08 1.8161019E-08 9.5651105E-09 1.2222283E-08 1.8143028E-08  292.8351 295.2910 300.5830 302.6669 295.3130 301.3192 307.7509 302.5540 300.1155 306.3422 308.7371 306.0375 303.3533 308.1831 308.8489 307.0804 301.7144 306.8176 308.8673 308.2698  26.6667
2002 8.8140510E-08 2.5242011E-08 1.5949182E-08 2.2977094E-08 5.5084161E-08 1.2130978E-08 4.5528972E-09 1.9872397E-08 2.8278622E-08 5.9358642E-09 3.0984635E-09 2.7763519E-08 2.1675293E-08 6.9097217E-09 7.2499833E-09 2.1744768E-08 2.3115186E-08 1.2651293E-08 1.4087053E-08 2.0899773E-08  292.7563 295.7175 301.0032 302.6751 294.9897 301.4754 308.0322 302.5596 299.5356 306.1817 308.9308 306.1117 302.3311 307.5975 308.6639 306.7195 300.9861 306.0896 308.2312 307.7025  43.7333
2003 8.7576225E-08 2.7761796E-08 1.7816769E-08 2.3624027E-08 5.4191538E-08 1.0810737E-08 2.6788161E-09 1.6731933E-08 2.4451014E-08 2.3537001E-09 1.3917559E-09 2.1484823E-08 1.6297060E-08 3.3143617E-09 3.7310102E-09 1.5545920E-08 2.1105118E-08 9.0831431E-09 1.1657412E-08 1.8466038E-08  292.4384 295.2271 300.6901 302.6143 294.5159 301.2234 307.8673 302.5353 299.6379 306.3829 308.9310 306.1526 302.7025 307.8729 308.8990 307.1885 301.1241 306.3585 308.5782 308.0336  106.333
2004 7.8746005E-08 2.5162613E-08 1.9433299E-08 2.8539995E-08 4.5077414E-08 1.2150988E-08 4.7868611E-09 2.1119641E-08 2.4540499E-08 3.5390872E-09 2.4285851E-09 2.5966433E-08 1.6954244E-08 3.6552350E-09 5.3402851E-09 2.0066862E-08 2.0604066E-08 1.0407884E-08 1.3728918E-08 1.8016671E-08  293.1794 295.6509 300.6645 302.8584 295.6579 301.4071 307.7600 302.7154 300.2216 306.3231 308.8336 306.0941 302.8521 307.8745 308.7093 306.8590 301.3264 306.1789 308.2799 307.8367  1115.07
2005 8.3701856E-08 2.5824914E-08 1.5160888E-08 2.0725015E-08 5.3760452E-08 1.1772538E-08 4.0665880E-09 1.7606080E-08 2.6459062E-08 4.0869375E-09 3.7225310E-09 2.9072904E-08 1.6572875E-08 4.4439288E-09 6.8997084E-09 2.2888784E-08 2.2292722E-08 1.1560268E-08 1.4762810E-08 2.1958066E-08  293.2309 295.8540 301.1284 303.0187 295.2845 301.6834 308.2210 302.8324 300.0368 306.4650 308.9558 306.0275 302.9613 307.9199 308.6668 306.7084 301.2904 306.0937 308.2241 307.7913  162.7
2006 7.9592425E-08 2.6847299E-08 2.1803107E-08 2.7768394E-08 4.7170595E-08 1.3461250E-08 6.2615411E-09 2.3166381E-08 2.5351316E-08 4.6332063E-09 2.9867100E-09 3.1985103E-08 1.6429235E-08 4.2440633E-09 7.2649891E-09 2.4578295E-08 1.8477785E-08 1.0298938E-08 1.1104951E-08 1.6757577E-08  293.2509 295.6976 300.7816 302.7784 295.5099 301.3851 307.8763 302.6433 300.1050 306.1339 308.7440 306.0548 303.1779 307.8466 308.5149 306.7007 301.7885 306.4467 308.6073 308.1477  36.6667
2007 8.1718426E-08 2.7520001E-08 1.9935230E-08 2.9300198E-08 5.2580567E-08 1.2510100E-08 5.0431481E-09 2.0764634E-08 2.4726999E-08 3.5076466E-09 3.5335856E-09 3.1730409E-08 1.4697696E-08 2.7843361E-09 6.7477681E-09 2.4323004E-08 1.7352091E-08 7.6101987E-09 1.0957490E-08 1.9107647E-08  293.5950 295.8586 300.7663 302.9355 295.6656 301.5055 307.9324 302.7529 300.2659 306.2674 308.7494 305.8402 303.3477 308.0523 308.6639 306.6747 302.0664 306.9901 308.8246 308.0154  112.46
2008 7.8161492E-08 2.6691316E-08 2.0955499E-08 2.7492247E-08 5.0461722E-08 1.4661790E-08 5.2749884E-09 2.2061361E-08 2.6927985E-08 5.4026792E-09 2.4249087E-09 2.4769035E-08 1.6396525E-08 4.3788351E-09 6.2262764E-09 1.9247420E-08 1.9572621E-08 1.0318361E-08 1.2719486E-08 1.7935845E-08  293.2047 295.7597 300.8141 302.6197 295.4171 301.3439 307.9671 302.5186 299.9719 306.1917 308.8510 306.5221 303.2835 308.1436 308.7839 307.2187 301.7579 306.6964 308.7751 308.4931  44.9667
2009 8.6504699E-08 2.7227099E-08 1.7436520E-08 2.5002199E-08 5.4214677E-08 1.2805346E-08 4.0119126E-09 1.8509091E-08 2.5485885E-08 4.7224504E-09 2.9011797E-09 2.6135439E-08 1.6444480E-08 5.0800253E-09 7.0516482E-09 2.1173300E-08 1.8360632E-08 1.1823468E-08 1.3417035E-08 1.7924418E-08  292.6770 295.5281 300.8485 302.8251 294.6678 301.2838 307.9865 302.6848 299.7059 306.1744 308.8739 306.0750 303.0216 307.9355 308.7193 306.8258 301.6103 306.3650 308.4129 307.9660  2.223
2010 8.1092544E-08 2.5905354E-08 1.8846496E-08 2.9233972E-08 4.9403781E-08 1.2980865E-08 5.6937677E-09 1.9879872E-08 2.4353682E-08 3.4313035E-09 2.6538454E-09 2.5943550E-08 1.7203115E-08 5.1687277E-09 7.0749233E-09 2.2873445E-08 2.0071825E-08 1.0653397E-08 1.4358826E-08 1.7379268E-08  0.0000000E+00 0.0000000E+00 0.0000000E+00 0.0000000E+00 0.0000000E+00 0.0000000E+00 0.0000000E+00 0.0000000E+00 0.0000000E+00 0.0000000E+00 0.0000000E+00 0.0000000E+00 0.0000000E+00 0.0000000E+00 0.0000000E+00 0.0000000E+00 0.0000000E+00 0.0000000E+00 0.0000000E+00 0.0000000E+00  223.52
2011 8.2037836E-08 2.7202674E-08 1.6956031E-08 2.3892509E-08 5.7181818E-08 1.5541563E-08 5.5327471E-09 2.0882057E-08 2.8309680E-08 6.9280341E-09 3.4322092E-09 2.8436800E-08 1.7269645E-08 5.6410268E-09 6.6869505E-09 2.3145615E-08 2.2380480E-08 1.1465358E-08 1.3621400E-08 1.8734728E-08  293.1465 295.7289 301.0152 302.6628 295.0261 301.2895 308.0077 302.5540 299.7467 306.0350 308.6496 305.8958 302.8717 307.8180 308.3611 306.5030 301.3009 306.2780 308.3586 308.0120  0
2012 7.6703884E-08 2.3174978E-08 1.4627365E-08 1.8351470E-08 4.4378648E-08 1.1019840E-08 4.0974668E-09 1.7655905E-08 2.1207464E-08 3.8786805E-09 3.3922269E-09 2.2487269E-08 1.4066927E-08 2.9128600E-09 5.0292259E-09 1.6622469E-08 1.8327981E-08 9.5794279E-09 9.6085753E-09 1.2706494E-08  293.3710 295.8430 300.9107 302.4201 295.7885 301.5972 307.8589 302.3683 300.2143 306.3205 308.6174 306.2520 303.2452 308.0541 308.6965 307.2928 301.7570 306.8380 309.0913 309.0958  0
2013 8.1473253E-08 2.7741054E-08 1.7681730E-08 2.4655799E-08 5.3097430E-08 1.2483905E-08 3.9170551E-09 1.9447851E-08 2.5937915E-08 3.8180361E-09 3.1941030E-09 2.8090772E-08 1.5919026E-08 4.7475504E-09 6.0551408E-09 2.3754238E-08 1.9375189E-08 9.8903250E-09 1.1549858E-08 1.8084776E-08  293.2466 295.6619 300.7809 302.6033 295.2740 301.2219 307.8291 302.5100 300.0570 306.0792 308.6922 305.8682 303.1913 307.8606 308.5730 306.4290 301.7859 306.6068 308.5623 307.9082  0
2014 8.0328967E-08 2.3745466E-08 1.6001481E-08 2.1570731E-08 5.2732894E-08 1.0878621E-08 4.9049831E-09 1.6219243E-08 2.5158556E-08 4.7601132E-09 2.1864262E-09 1.9764300E-08 1.4159211E-08 3.8570218E-09 3.4064063E-09 1.3713841E-08 1.7572207E-08 8.1273255E-09 8.3810505E-09 1.3227599E-08  293.3161 295.9089 300.9175 302.6364 295.2596 301.4851 307.9402 302.5240 299.9335 306.0813 308.7077 306.4099 303.2939 307.9676 308.8439 307.3999 301.9026 306.9582 309.2218 308.8469  0
2015 8.0602305E-08 2.1751580E-08 1.5803856E-08 2.1935049E-08 4.7361969E-08 8.3780662E-09 4.1646548E-09 1.7504568E-08 1.9950473E-08 2.0009685E-09 1.1614364E-09 2.2759707E-08 1.4616804E-08 4.0835437E-09 5.6027609E-09 1.8969423E-08 1.8674411E-08 9.5996722E-09 1.3040165E-08 1.8674955E-08  292.7239 295.5424 300.5774 302.5789 295.0798 301.5515 307.7649 302.4812 300.0038 306.4898 308.8893 306.0306 302.7729 307.8291 308.7347 306.9234 301.3904 306.4002 308.5900 307.9665  5.24667
