STN,prec_1,prec_2,prec_3,prec_4,prec_5,prec_6,prec_7,prec_8,prec_9,prec_10,prec_11,prec_12,prec_13,prec_14,prec_15,prec_16,prec_17,prec_18,prec_19,prec_20,st_1,st_2,st_3,st_4,st_5,st_6,st_7,st_8,st_9,st_10,st_11,st_12,st_13,st_14,st_15,st_16,st_17,st_18,st_19,st_20,01.0
LAT,23.72017,23.72017,23.72017,23.72017,26.51077,26.51077,26.51077,26.51077,29.30136,29.30136,29.30136,29.30136,32.09194,32.09194,32.09194,32.09194,34.88252,34.88252,34.88252,34.88252,23.72017,23.72017,23.72017,23.72017,26.51077,26.51077,26.51077,26.51077,29.30136,29.30136,29.30136,29.30136,32.09194,32.09194,32.09194,32.09194,34.88252,34.88252,34.88252,34.88252,28.73664429
LON,-104.0625,-101.2500,-98.43750,-95.62500,-104.0625,-101.2500,-98.43750,-95.62500,-104.0625,-101.2500,-98.43750,-95.62500,-104.0625,-101.2500,-98.43750,-95.62500,-104.0625,-101.2500,-98.43750,-95.62500,-104.0625,-101.2500,-98.43750,-95.62500,-104.0625,-101.2500,-98.43750,-95.62500,-104.0625,-101.2500,-98.43750,-95.62500,-104.0625,-101.2500,-98.43750,-95.62500,-104.0625,-101.2500,-98.43750,-95.62500,-99.1447556
1958 1.0036207E-08 1.9027054E-08 4.3029111E-08 2.0940037E-08 1.1887858E-08 2.2971227E-08 2.8253677E-08 2.0742146E-08 1.5130835E-08 1.9881904E-08 2.3147942E-08 3.0531854E-08 1.5461973E-08 1.9188422E-08 2.9094362E-08 3.8341447E-08 2.0498314E-08 2.7310106E-08 3.2705408E-08 3.7741664E-08  288.3363 288.4033 291.7896 295.7711 285.7853 288.7085 293.6199 294.0808 285.2269 288.9229 291.1799 290.6021 284.7945 287.3563 286.7024 285.3213 280.7520 282.9717 282.5299 281.9048  163.968
1959 1.3693149E-08 2.5069877E-08 4.4678629E-08 1.8319481E-08 1.6006135E-08 2.6298103E-08 2.5407020E-08 1.7137289E-08 1.7180868E-08 2.0053605E-08 2.0543537E-08 2.6726456E-08 1.5232411E-08 2.0060757E-08 2.9228250E-08 3.6486369E-08 2.0072671E-08 2.5973543E-08 3.5524177E-08 3.8213589E-08  288.5104 288.0672 291.8024 295.7444 285.8106 288.8072 294.2445 294.0831 285.2941 289.3785 292.3210 291.9918 285.3091 288.1184 288.1191 286.8369 281.3578 283.9889 283.8389 283.3705  17.4258
1960 9.5218633E-09 1.9436541E-08 4.2131351E-08 1.6843009E-08 1.2639110E-08 2.0350736E-08 2.2818829E-08 1.5350308E-08 1.3988042E-08 1.7658829E-08 2.0428402E-08 2.5947944E-08 1.4145757E-08 1.7720323E-08 2.8473019E-08 4.0670983E-08 1.9375605E-08 2.2458021E-08 3.0909113E-08 4.0085460E-08  288.9290 288.7239 292.3631 295.8454 286.3115 289.4573 294.8448 294.1457 285.8354 289.9544 292.8306 292.2304 285.4469 288.2169 288.0241 286.6585 281.3226 283.6577 283.3751 282.9489  1.93226
1961 9.9092112E-09 1.9335291E-08 3.8350571E-08 1.4233105E-08 1.2929301E-08 2.0681851E-08 2.1540963E-08 1.2436413E-08 1.3004547E-08 1.5125913E-08 1.5616582E-08 2.0034296E-08 1.0309656E-08 1.1864048E-08 2.0781750E-08 3.1405229E-08 1.4227932E-08 1.7532038E-08 2.3700242E-08 3.1384879E-08  289.6556 289.4278 292.7373 295.9980 287.1586 290.2217 295.4258 294.2672 286.7310 290.8684 293.7116 293.0710 286.4985 289.4648 289.2899 287.7665 282.4285 285.0590 284.8711 284.2052  2.13226
1962 7.1093238E-09 1.6845906E-08 4.2190937E-08 1.5320262E-08 9.1688843E-09 1.8731535E-08 2.2677890E-08 1.4016862E-08 1.1455032E-08 1.5176083E-08 1.7830448E-08 2.0758543E-08 1.2169571E-08 1.5872951E-08 2.5382880E-08 3.3786861E-08 1.6563670E-08 2.0662471E-08 2.9011884E-08 3.5791004E-08  290.4343 290.3714 293.3441 296.1440 287.9173 291.0359 295.8746 294.3991 287.2759 291.2781 293.9547 293.3499 286.5339 289.4204 289.1201 287.7270 282.1006 284.7434 284.4586 283.8675  16.3548
1963 8.1805531E-09 1.8530455E-08 3.6364327E-08 1.4289827E-08 1.1405879E-08 1.8931116E-08 1.8579586E-08 1.2791286E-08 1.1999623E-08 1.3294058E-08 1.5290698E-08 1.8301664E-08 1.0352036E-08 1.2500282E-08 2.1653905E-08 3.1683534E-08 1.4415369E-08 1.7195699E-08 2.5517226E-08 3.3812089E-08  290.1368 290.0700 293.2015 296.1016 287.4853 290.4681 295.4744 294.3252 286.7444 290.7431 293.2535 292.8149 286.2070 289.0804 288.7349 287.3056 281.9276 284.6115 284.4221 283.6733  0
1964 7.8278237E-09 1.7649747E-08 3.9381518E-08 1.7337737E-08 1.0345904E-08 2.2094067E-08 2.3244947E-08 1.7492262E-08 1.4519722E-08 1.8549112E-08 2.2367873E-08 2.6728808E-08 1.2954876E-08 1.6718955E-08 2.7601986E-08 3.6939156E-08 1.6639845E-08 2.3586523E-08 3.1358816E-08 3.6361957E-08  289.1207 288.9105 292.3151 295.8922 286.7122 289.4770 294.6412 294.1891 286.1378 289.8901 292.3539 291.8240 285.8088 288.4232 287.9413 286.5372 281.6855 284.1354 283.9324 283.4033  0
1965 6.9128179E-09 1.7030054E-08 4.0995449E-08 1.5118092E-08 9.2397476E-09 1.8313454E-08 1.9362215E-08 1.3642105E-08 1.1679079E-08 1.4406690E-08 1.5765087E-08 2.0547027E-08 9.4897343E-09 1.1170789E-08 2.1662466E-08 3.3151238E-08 1.2063879E-08 1.6262501E-08 2.6469761E-08 3.6241609E-08  290.1850 290.3853 293.5504 295.9339 287.5205 290.9309 296.1810 294.2190 286.7237 291.2360 294.1489 293.5007 286.1105 289.4329 289.3632 287.8828 281.9297 284.8530 284.8367 284.1058  0
1966 9.2677928E-09 1.8781739E-08 4.0343757E-08 1.9283082E-08 1.1047559E-08 2.1033118E-08 2.4749944E-08 1.8110219E-08 1.5625504E-08 2.3010687E-08 2.7486431E-08 3.2701340E-08 1.7655163E-08 2.3039616E-08 3.5493350E-08 4.5517350E-08 2.1875282E-08 2.6808282E-08 3.6094988E-08 4.3199471E-08  287.9111 287.9968 291.7477 295.4761 285.6931 288.6904 293.9724 293.8933 285.1008 289.0128 291.3807 290.8259 284.6389 287.3340 286.9491 285.4958 280.5778 283.2299 283.0679 282.5368  0
1967 6.9934387E-09 1.6842566E-08 3.5687396E-08 1.5827519E-08 9.0520889E-09 1.8637897E-08 1.7527391E-08 1.2910243E-08 1.1435515E-08 1.3380938E-08 1.3716248E-08 1.8951367E-08 1.0619375E-08 1.3426235E-08 2.0222394E-08 2.9842511E-08 1.3774754E-08 1.7227777E-08 2.4615840E-08 3.2310499E-08  289.9386 289.5416 292.4825 295.9424 287.2948 290.0034 294.9488 294.2231 286.5693 290.4307 293.0983 292.4406 285.9726 288.8459 288.7371 287.1862 281.7267 284.3354 284.0137 283.4084  0
1968 1.2326773E-08 2.2349818E-08 4.1228489E-08 1.9749802E-08 1.4854282E-08 2.4490266E-08 2.2358231E-08 1.7922369E-08 1.7258845E-08 1.9801719E-08 2.0375573E-08 2.5070824E-08 1.5906764E-08 2.0265141E-08 2.8265696E-08 3.4922550E-08 1.8505208E-08 2.5161246E-08 3.2083893E-08 3.8560373E-08  288.9679 288.4055 291.8333 296.1533 286.2632 288.9045 294.1864 294.3929 285.6223 289.4028 292.1954 291.8894 285.4173 288.0097 287.8078 286.5330 281.2304 283.5097 283.3316 282.8195  165.818
1969 1.4049187E-08 2.4616561E-08 4.6581643E-08 2.2350166E-08 1.5905316E-08 2.8448515E-08 2.8215180E-08 2.1667146E-08 1.7736427E-08 2.5370566E-08 2.8169813E-08 3.1822204E-08 1.7939804E-08 2.5719107E-08 3.6353804E-08 4.3945182E-08 2.1914046E-08 2.8823928E-08 3.6127201E-08 3.9760259E-08  288.3716 287.9797 291.7487 296.2068 285.8979 288.7463 294.0043 294.3995 285.5607 289.4117 292.0115 291.7502 285.5251 288.0205 287.9386 286.8042 281.7029 284.1387 284.0835 283.7249  0
1970 1.0440038E-08 2.0150409E-08 4.4820084E-08 1.9933271E-08 1.2054380E-08 2.3376030E-08 2.4310602E-08 1.7056765E-08 1.6045632E-08 1.9248633E-08 2.3489569E-08 2.8677455E-08 1.7514639E-08 2.3579519E-08 3.5403993E-08 4.4697963E-08 2.1506029E-08 3.0728323E-08 4.0533862E-08 4.5177373E-08  288.0878 288.0836 291.9270 295.8653 285.7920 288.8716 294.1492 294.1530 285.4338 289.3573 291.8711 291.4940 285.2092 287.6931 287.3764 286.1528 281.1811 283.5307 283.3529 283.2355  17.4839
1971 9.7319743E-09 2.0953260E-08 4.1923599E-08 1.4922765E-08 1.2833031E-08 2.2427946E-08 2.4415950E-08 1.3851428E-08 1.5408776E-08 1.7489585E-08 1.6882604E-08 2.0922943E-08 1.1074481E-08 1.3784029E-08 2.2001084E-08 3.2848344E-08 1.2677824E-08 1.6375530E-08 2.4655469E-08 3.2671743E-08  290.2231 290.0713 293.2381 296.3465 287.6185 290.7297 295.9411 294.5150 286.7997 291.0587 294.1514 293.7151 286.1199 289.1868 289.3342 288.2215 281.8338 284.4842 284.4285 284.0508  10.7871
1972 1.1597704E-08 2.2151802E-08 5.0544298E-08 1.9714097E-08 1.3695948E-08 2.6709170E-08 2.9062122E-08 1.6510247E-08 1.7408357E-08 2.0536699E-08 2.0926324E-08 2.6168095E-08 1.5186622E-08 1.7223973E-08 2.5173859E-08 3.3783618E-08 1.6658717E-08 1.9880309E-08 2.5674607E-08 3.2492043E-08  288.9935 288.6777 292.4110 296.4732 286.4874 289.4029 294.8727 294.6370 285.9324 289.9441 292.8861 292.6342 285.7501 288.4592 288.3910 287.0964 281.6576 284.0927 284.0333 283.4566  52.5806
1973 7.9014137E-09 1.7971034E-08 3.9421749E-08 1.9121305E-08 8.9842658E-09 2.2402610E-08 2.2684757E-08 1.8275658E-08 1.1861541E-08 1.9844848E-08 2.3872197E-08 3.0909398E-08 1.3481987E-08 1.8845833E-08 3.2239345E-08 4.3332118E-08 1.8917310E-08 2.5731129E-08 3.6333059E-08 4.4705242E-08  288.3136 288.3407 291.8410 295.7979 286.0032 288.8387 293.9253 294.1454 285.6429 289.1958 291.2803 290.6477 285.1639 287.4917 286.7424 285.1186 280.8896 283.0325 282.4068 281.8301  37.4839
1974 8.2755154E-09 2.0211708E-08 4.3371326E-08 1.2548797E-08 1.1018542E-08 2.1095330E-08 2.2884874E-08 1.2515417E-08 1.1973286E-08 1.5172624E-08 1.6711475E-08 1.8293910E-08 9.3283035E-09 1.3044645E-08 2.1066217E-08 2.8963180E-08 1.0898646E-08 1.4727805E-08 2.2949992E-08 3.2977191E-08  290.6507 290.5152 293.6869 296.4102 288.4474 291.6442 296.8394 294.5790 288.0208 292.1975 295.2920 294.6668 287.3499 290.3027 290.5299 289.3770 282.9900 285.4888 285.3753 284.9367  118.097
1975 1.3312446E-08 2.4045670E-08 4.6246921E-08 2.0367931E-08 1.6052985E-08 2.5369689E-08 2.7045024E-08 1.5951517E-08 1.7520406E-08 2.0914351E-08 2.2705297E-08 2.5711527E-08 1.6357259E-08 2.0483775E-08 2.9384372E-08 3.8180577E-08 2.1164213E-08 2.6447076E-08 3.1534498E-08 3.5876209E-08  288.6741 288.1501 291.7690 296.4888 285.8844 288.7469 294.3127 294.6282 285.2836 289.3120 292.2853 292.0341 285.1180 287.8499 287.7633 286.5887 281.0974 283.3071 283.1310 282.6030  115.29
1976 7.5789144E-09 1.6894928E-08 4.0515179E-08 1.2638282E-08 9.9003241E-09 2.0725990E-08 2.2889077E-08 1.2651485E-08 1.1093161E-08 1.4992624E-08 1.5028229E-08 1.9611493E-08 8.5313054E-09 1.0088408E-08 1.8945890E-08 3.1367716E-08 1.1421679E-08 1.3710191E-08 2.3577968E-08 3.2263227E-08  290.3498 290.2943 293.5381 296.4104 288.0947 291.2364 296.3707 294.5656 287.5329 291.7711 294.7521 294.0686 286.8434 290.0380 289.9911 288.5016 282.4496 285.3638 285.1867 284.3653  72.129
1977 1.0636132E-08 2.0082402E-08 4.4120604E-08 2.0451207E-08 1.2765640E-08 2.4890081E-08 2.9879001E-08 1.9547533E-08 1.7172697E-08 2.4332852E-08 2.7825411E-08 3.3850604E-08 1.8221455E-08 2.4654858E-08 3.7282788E-08 4.1508411E-08 2.1898293E-08 2.8204811E-08 3.3848846E-08 3.6021589E-08  287.6069 287.4142 291.5442 295.8800 285.2217 288.4891 294.0152 294.1700 284.9716 289.1973 291.8650 291.6164 285.1097 287.9054 287.6310 286.5463 281.3618 283.9317 284.0132 283.6114  222.774
1978 1.7493948E-08 2.8511188E-08 4.9295362E-08 2.1207869E-08 1.9917053E-08 3.1042791E-08 2.9324813E-08 1.8252404E-08 1.8791527E-08 2.2210966E-08 2.1927987E-08 2.5249857E-08 1.5077848E-08 1.9294312E-08 2.7200644E-08 3.4830514E-08 1.7859966E-08 2.2549719E-08 2.7766937E-08 3.2727751E-08  288.2333 287.6073 291.4109 295.9631 285.5834 288.3357 293.7514 294.2508 285.2607 289.1248 291.9269 291.7294 285.5054 288.1084 287.8628 286.6573 281.5622 284.2000 284.2792 283.7436  88.3871
1979 1.0415232E-08 2.1646072E-08 4.2291390E-08 1.8251022E-08 1.4803444E-08 2.4642041E-08 2.3612539E-08 1.6489867E-08 1.7925069E-08 2.1968949E-08 2.2476179E-08 2.6150706E-08 1.6139952E-08 2.0404419E-08 3.1155196E-08 4.2860769E-08 2.0718268E-08 2.5029088E-08 3.3933951E-08 4.1589395E-08  288.7287 288.4507 291.9565 296.0743 285.9753 288.8582 294.2137 294.3367 285.4235 289.3134 291.9545 291.6488 285.2948 287.9335 287.4875 286.1461 281.1666 283.7294 283.5165 282.9674  67.9032
1980 1.3013951E-08 2.4436954E-08 4.3493841E-08 2.0642478E-08 1.4915839E-08 2.5465972E-08 2.3131799E-08 1.6042236E-08 1.5278060E-08 1.8932509E-08 1.8302570E-08 2.2261867E-08 1.4641743E-08 1.7627450E-08 2.4292492E-08 3.0904324E-08 1.7610343E-08 2.2089880E-08 2.7158830E-08 3.1534839E-08  288.1750 287.7204 291.6719 295.8888 285.7059 288.6892 294.3179 294.1862 285.5704 289.8088 292.6951 292.2535 285.7643 288.7625 288.5660 287.0870 281.8985 284.6168 284.4581 283.8820  51.1935
1981 1.2374967E-08 2.2865061E-08 4.0620797E-08 1.7210560E-08 1.6011214E-08 2.5544148E-08 2.4435789E-08 1.5422364E-08 1.7267093E-08 2.1893257E-08 1.9723423E-08 2.2950355E-08 1.3888038E-08 1.8498920E-08 2.6388770E-08 3.3471764E-08 1.6479506E-08 2.2074271E-08 2.8199590E-08 3.4041619E-08  288.5901 288.1903 291.9317 295.8610 285.9581 289.0453 294.5152 294.1497 285.7821 289.9413 292.8122 292.4520 286.0937 288.9477 288.7593 287.4667 282.4373 284.9301 284.7171 284.1490  14.5613
1982 7.2899589E-09 1.5880318E-08 4.0501327E-08 1.6159452E-08 9.3364809E-09 1.8677884E-08 2.0666866E-08 1.5216958E-08 1.0492396E-08 1.4323869E-08 1.6848210E-08 2.2138822E-08 1.0788362E-08 1.1960396E-08 2.2089619E-08 3.5168181E-08 1.5592269E-08 1.7487638E-08 2.5835744E-08 3.6991771E-08  289.6418 289.6759 292.9031 296.0445 287.2155 290.0869 295.1599 294.3044 286.5775 290.3851 292.9278 292.4728 285.9415 288.6322 288.1846 286.7233 281.5620 283.9095 283.4374 282.7235  66.6774
1983 5.7639427E-09 1.2168116E-08 3.0022438E-08 1.6119539E-08 7.5227167E-09 1.4691595E-08 1.8069855E-08 1.4229836E-08 9.7953521E-09 1.5107785E-08 2.4262068E-08 3.4909604E-08 1.3711390E-08 2.0507336E-08 4.0268219E-08 5.7450297E-08 2.2399091E-08 3.1719214E-08 4.7091373E-08 5.7834853E-08  288.0640 288.6013 292.3008 295.8951 285.7263 288.9453 294.1804 294.2417 285.2766 288.9900 291.0388 290.2751 284.4036 286.6405 285.9057 284.5827 279.8545 282.0351 281.5358 281.1393  37.3548
1984 7.5879854E-09 1.8835440E-08 4.5295216E-08 1.4248434E-08 1.1635485E-08 2.0714742E-08 2.7546761E-08 1.6013143E-08 1.4041285E-08 1.7834743E-08 2.0524139E-08 2.4493177E-08 1.1792522E-08 1.4788717E-08 2.4786978E-08 3.6568341E-08 1.4017847E-08 1.7807023E-08 2.6691209E-08 3.6879658E-08  289.7484 289.8368 293.5120 295.9208 287.0992 290.7400 296.1668 294.2439 286.5314 291.2657 294.5005 294.1739 286.1327 289.6293 289.9035 288.8618 282.0538 285.1936 285.5309 285.1245  22.9355
1985 1.0088168E-08 2.2493818E-08 4.7232273E-08 1.6705380E-08 1.1894768E-08 2.3349767E-08 2.4264704E-08 1.3567970E-08 1.3073842E-08 1.6536669E-08 1.4866609E-08 1.5606400E-08 1.0475945E-08 1.2196556E-08 1.9827215E-08 2.7651391E-08 1.2810990E-08 1.5842149E-08 2.5805338E-08 3.3404092E-08  290.2112 289.9188 293.0451 295.9105 288.0119 291.1985 296.1596 294.2253 287.5321 291.8189 294.7538 294.1877 287.0046 290.0787 289.9372 288.7474 282.9349 285.3848 285.1947 284.6289  537.806
1986 1.0585082E-08 2.0673456E-08 4.0631999E-08 1.7425366E-08 1.3227300E-08 2.2643757E-08 2.3532797E-08 1.4849382E-08 1.4592820E-08 1.7165867E-08 1.8156442E-08 2.2295449E-08 1.4175774E-08 1.7037342E-08 2.4560556E-08 3.2775709E-08 1.8704151E-08 2.1242750E-08 2.8316729E-08 3.3672499E-08  288.0998 287.8000 291.7403 296.2128 285.6630 288.7292 294.3029 294.4472 285.4284 289.5238 292.5137 292.0888 285.3416 288.2737 288.0808 286.7556 281.1825 283.7845 283.6690 283.1319  23.9355
1987 1.8867453E-08 2.9937482E-08 4.7514167E-08 2.2581013E-08 2.0601426E-08 3.3108332E-08 2.7472668E-08 1.8614179E-08 2.2077856E-08 2.6915670E-08 2.5278935E-08 2.9430256E-08 1.8685487E-08 2.3876847E-08 3.2219738E-08 4.0101831E-08 2.0918714E-08 2.9697645E-08 3.4927943E-08 3.8799964E-08  287.2617 286.7223 290.6880 295.9066 284.4372 287.3812 292.9657 294.2137 284.1468 288.1456 290.9492 290.8853 284.3573 287.0893 287.1185 285.9968 280.7588 283.3322 283.5265 283.3077  170.645
1988 1.1777263E-08 1.9652735E-08 3.9445514E-08 1.6504057E-08 1.3800131E-08 2.2270642E-08 2.3438396E-08 1.5988714E-08 1.5917452E-08 2.0139895E-08 2.2247667E-08 2.8627390E-08 1.8252850E-08 2.5478252E-08 3.7152610E-08 4.5153943E-08 2.3303590E-08 3.1264079E-08 4.0501156E-08 4.4983999E-08  288.1539 288.4131 292.4835 295.5707 285.7672 289.1942 294.8091 293.9719 285.4838 289.7191 292.5789 292.1484 285.1523 287.9074 287.9474 286.8655 281.1347 283.6548 283.7395 283.5742  155.387
1989 9.1216856E-09 1.7734079E-08 3.9669832E-08 1.0896203E-08 9.0740189E-09 1.7171322E-08 1.9193291E-08 9.8533244E-09 1.1842057E-08 1.7363815E-08 1.2862273E-08 1.5293965E-08 1.1485766E-08 1.6347206E-08 2.2026017E-08 2.8058919E-08 1.2783081E-08 1.7958776E-08 2.5592115E-08 3.3059582E-08  290.7982 290.6646 293.6278 296.2149 288.8997 292.0475 296.8002 294.4468 288.3159 292.4592 295.2251 294.4648 287.3269 290.3529 290.4645 289.2221 282.9453 285.4939 285.4935 285.0736  53.1935
1990 1.2964006E-08 2.3221308E-08 4.6836863E-08 2.0858904E-08 1.5718285E-08 2.5989564E-08 2.6119713E-08 1.6765576E-08 1.6944849E-08 2.0293996E-08 1.9462556E-08 2.3797439E-08 1.4891086E-08 1.7654365E-08 2.8671177E-08 3.8670095E-08 1.7826563E-08 2.3125347E-08 3.0918780E-08 3.9748905E-08  289.1822 288.9811 292.2537 296.5305 286.3909 289.1721 294.2681 294.6216 285.6095 289.4637 292.3351 292.2477 285.3502 287.9236 287.7316 286.5450 281.3911 283.7026 283.3479 282.8652  0
1991 1.1814343E-08 2.2612177E-08 4.3809710E-08 1.9369889E-08 1.7469382E-08 2.6186584E-08 2.4742851E-08 1.8019968E-08 1.9647160E-08 2.1663391E-08 2.4075566E-08 2.9877757E-08 1.6328597E-08 2.0075344E-08 3.0669547E-08 4.3094730E-08 2.0829201E-08 2.5266871E-08 3.3035793E-08 4.1900631E-08  288.4115 288.2374 292.0851 296.2505 285.3268 288.5101 294.1582 294.4724 284.8887 289.1547 292.1049 291.9301 285.0572 287.9522 287.8481 286.6425 281.1193 283.7746 283.7485 283.2543  6.32032
1992 1.0339396E-08 2.2656485E-08 4.7506482E-08 2.0763661E-08 1.3864393E-08 2.8775222E-08 2.9408655E-08 1.7773095E-08 1.8816580E-08 2.4905139E-08 2.6596950E-08 3.0542331E-08 1.8451324E-08 2.4093422E-08 3.4481523E-08 4.3220016E-08 2.2958146E-08 2.9525721E-08 3.5336864E-08 3.9024879E-08  287.1515 286.8307 290.6426 295.8624 284.7645 287.5138 292.8118 294.1935 284.3183 288.1323 290.6603 290.4973 284.3695 286.7653 286.4536 285.3140 280.5924 282.8526 282.6031 282.2887  558.935
1993 1.0945214E-08 2.2580325E-08 4.4679886E-08 1.9790289E-08 1.5880095E-08 2.7185701E-08 2.3910244E-08 1.6253400E-08 1.8954424E-08 2.1774355E-08 1.9992841E-08 2.5002180E-08 1.7802321E-08 2.1672935E-08 2.7231714E-08 3.2678205E-08 2.1717163E-08 2.5707669E-08 3.0494078E-08 3.3453340E-08  287.6770 287.3206 291.2194 296.2459 284.9175 287.8481 293.4978 294.4467 284.5688 288.6806 291.4464 291.3518 284.9963 287.6718 287.4013 286.1664 280.9792 283.6234 283.4297 282.8850  139.387
1994 1.0891463E-08 2.1323826E-08 4.0582322E-08 1.8031953E-08 1.4923682E-08 2.5421921E-08 2.4883219E-08 1.7124441E-08 1.8393475E-08 2.1294301E-08 2.0711516E-08 2.5296384E-08 1.7501881E-08 2.2078783E-08 2.9965612E-08 3.7551040E-08 2.1553490E-08 2.9720946E-08 3.6277864E-08 4.0174442E-08  288.2950 287.9926 291.5819 295.8490 285.7046 288.5797 293.8872 294.1686 285.2635 289.2763 291.9617 291.6416 285.3683 287.9609 287.6368 286.3276 281.4742 283.6842 283.3542 282.8754  24.8387
1995 9.4656754E-09 1.8862176E-08 3.8429622E-08 1.8193049E-08 1.3831762E-08 2.3966086E-08 2.3419370E-08 1.6903956E-08 1.5834223E-08 1.8987762E-08 2.1676312E-08 2.9240075E-08 1.7374697E-08 2.0724380E-08 3.2601989E-08 4.2477659E-08 2.4608418E-08 2.8548754E-08 3.6548336E-08 4.3488775E-08  287.0508 286.9323 291.0939 296.0500 284.5136 287.5690 293.2242 294.2991 284.3368 288.3510 291.2414 290.9583 284.5021 287.2910 287.1068 285.8963 280.5694 283.2266 283.3187 283.0427  41.9677
1996 9.1105132E-09 1.9089741E-08 3.8787871E-08 1.5924920E-08 1.0027695E-08 1.9679725E-08 2.1806882E-08 1.3208425E-08 1.1714307E-08 1.6871992E-08 1.7373393E-08 1.9891221E-08 1.1405834E-08 1.5799074E-08 2.6027191E-08 3.3426595E-08 1.5154898E-08 2.1814888E-08 2.9972657E-08 3.7745309E-08  289.8951 289.6485 292.9128 296.1248 287.4871 290.4406 295.4249 294.3449 286.9484 290.7945 293.4592 293.0183 286.3866 289.1020 288.7852 287.4740 282.1035 284.4016 284.1391 283.6110  20.7097
1997 1.0818292E-08 2.3795055E-08 4.9252204E-08 1.8114049E-08 1.4473607E-08 2.6052634E-08 2.7512938E-08 1.7358211E-08 1.6069974E-08 1.7720845E-08 1.8521444E-08 2.0796813E-08 1.0707672E-08 1.3447444E-08 2.2470729E-08 2.9785456E-08 1.5028547E-08 1.8437929E-08 2.5566523E-08 3.2026108E-08  289.4040 288.9043 292.2263 296.2104 286.7536 289.6695 294.8272 294.4055 286.0657 290.4227 293.3381 292.9732 286.1730 289.3355 289.1756 287.7432 282.2469 285.1106 285.0172 284.2550  0
1998 6.5589023E-09 1.1609373E-08 3.4023184E-08 1.4432247E-08 9.0949861E-09 1.6889850E-08 1.8700250E-08 1.4337541E-08 1.2817940E-08 1.6301218E-08 2.1624899E-08 2.9905216E-08 1.5419300E-08 1.9172996E-08 3.1642582E-08 4.7460425E-08 2.0167779E-08 2.7394320E-08 3.8073885E-08 4.7276956E-08  288.4254 289.1321 292.5051 295.6005 286.0498 289.2003 294.3304 293.9632 285.5486 289.1831 291.2326 290.5131 284.5565 287.0912 286.2286 284.7549 279.9837 282.1826 281.6274 281.2473  1.24613
1999 7.9564382E-09 1.7058570E-08 3.8456289E-08 1.1412569E-08 1.0289678E-08 1.8050828E-08 1.9700609E-08 1.0949704E-08 1.1245311E-08 1.5807212E-08 1.4521622E-08 1.5220332E-08 8.2785192E-09 1.1819806E-08 1.9275138E-08 2.7106394E-08 1.0443856E-08 1.4213044E-08 2.4912291E-08 3.1640166E-08  291.4016 291.4385 294.4543 296.2175 289.2380 292.6851 297.6589 294.4475 288.8141 293.3655 296.3669 295.4997 288.2372 291.6248 291.9374 290.5533 283.9677 286.9823 286.9309 286.3678  85.7419
2000 6.7910042E-09 1.5810416E-08 3.9694775E-08 1.0877837E-08 8.6532292E-09 1.5450645E-08 2.1170619E-08 1.1198101E-08 7.8690787E-09 1.1383076E-08 1.2226576E-08 1.6537538E-08 6.4095835E-09 8.5061806E-09 1.6056882E-08 2.6145528E-08 8.6369836E-09 1.2362781E-08 2.1494293E-08 3.0998919E-08  291.2036 291.4277 294.6574 296.4782 289.1274 292.7545 297.6895 294.6015 289.0277 293.6992 296.5736 295.6297 288.6225 292.0800 292.1651 290.6550 284.2176 287.0858 286.8615 286.1957  26.7097
2001 9.4322816E-09 2.0443027E-08 4.3825185E-08 1.5177475E-08 1.2818052E-08 2.2625535E-08 2.5373504E-08 1.3901867E-08 1.3278741E-08 1.6611400E-08 1.6327414E-08 2.0244082E-08 1.0348033E-08 1.1767201E-08 2.0512587E-08 3.1405413E-08 1.0901752E-08 1.5200252E-08 2.5113527E-08 3.3650586E-08  290.0521 289.8757 293.1567 296.4650 287.7179 290.8996 296.0663 294.6286 287.2870 291.3505 294.2996 293.7422 286.7506 289.7285 289.6249 288.2631 282.5833 285.2901 285.1415 284.5220  21.871
2002 1.5131823E-08 2.4488264E-08 4.2904414E-08 1.5623483E-08 1.6137587E-08 2.7129191E-08 2.5592746E-08 1.4341056E-08 1.7983204E-08 2.0012960E-08 2.0601824E-08 2.2436259E-08 1.6131890E-08 1.7423309E-08 2.4937078E-08 3.2169524E-08 1.8750937E-08 2.1398552E-08 2.7591474E-08 3.2736818E-08  288.2985 287.9685 291.9548 296.3564 285.9716 288.8846 294.5716 294.5416 285.6350 289.9213 293.0494 292.8014 285.7989 288.8107 288.9226 287.7707 282.0111 284.7002 284.7234 284.2953  22.871
2003 1.0162482E-08 1.7682062E-08 3.5668634E-08 1.5071510E-08 1.2615108E-08 2.3546873E-08 2.5323946E-08 1.4676067E-08 1.5357770E-08 2.1985574E-08 2.5186015E-08 3.0221042E-08 1.6271226E-08 2.2276096E-08 3.2763637E-08 4.1639435E-08 2.2059377E-08 2.8377219E-08 3.7311182E-08 4.1092754E-08  287.9307 288.0047 291.8945 295.5431 285.7951 288.8812 294.1741 293.8166 285.6494 289.5272 291.7505 291.3336 285.5659 287.9506 287.4503 286.3119 281.5661 283.8206 283.4939 283.3260  169.194
2004 1.0796282E-08 2.1715620E-08 4.0808704E-08 1.6153828E-08 1.3440093E-08 2.3757815E-08 1.9985729E-08 1.2540330E-08 1.4028955E-08 1.7798257E-08 1.4335071E-08 1.7265418E-08 1.1812268E-08 1.3896756E-08 2.0174751E-08 2.6527783E-08 1.5899619E-08 2.0199270E-08 2.5665365E-08 3.0875569E-08  288.6617 288.2025 291.8312 295.5837 286.4323 289.2341 294.5112 293.9547 286.2901 290.1196 292.8577 292.4530 286.4409 289.2372 288.9867 287.6584 282.6283 285.2063 285.0999 284.4778  90.8387
2005 1.1484839E-08 2.2438348E-08 4.2493845E-08 1.9679543E-08 1.6399298E-08 2.9457610E-08 2.9220722E-08 1.7881108E-08 2.0677806E-08 2.6272927E-08 2.4523654E-08 2.7567440E-08 1.8463977E-08 2.2776101E-08 2.9673423E-08 3.5535681E-08 2.1622061E-08 2.6950174E-08 3.1166032E-08 3.2181898E-08  288.3350 287.9449 291.7745 296.1021 285.6598 288.5260 293.9804 294.3507 285.2883 289.0105 291.8163 291.7008 285.5175 288.0294 287.9251 286.7751 281.8654 284.4378 284.5080 284.0998  174.71
2006 9.3618615E-09 2.1853957E-08 4.1687663E-08 1.7152573E-08 1.1562710E-08 2.2735922E-08 2.1881791E-08 1.5397081E-08 1.5654498E-08 2.0028763E-08 1.9490773E-08 2.1369967E-08 1.4419570E-08 1.8795905E-08 2.4373621E-08 2.9941077E-08 1.7579239E-08 2.2245763E-08 2.6793701E-08 3.1918624E-08  289.4558 289.1006 292.5129 296.3029 286.9687 289.9021 295.1478 294.4963 286.5988 290.6023 293.2517 292.8723 286.7526 289.2782 288.9555 287.7318 282.8436 285.0628 284.8101 284.3126  63.8065
2007 9.7378035E-09 2.1039149E-08 4.5882789E-08 1.9895467E-08 1.2460284E-08 2.6444376E-08 2.6186701E-08 1.7189695E-08 1.7164476E-08 2.0768372E-08 2.1934182E-08 2.6266500E-08 1.8582359E-08 2.2368662E-08 2.9784115E-08 3.5386591E-08 2.4283397E-08 3.0136007E-08 3.6304925E-08 3.6656527E-08  288.3095 287.9333 291.5966 296.0747 285.8470 288.5219 293.9161 294.3300 285.3143 288.9296 291.3485 291.1670 285.1038 287.3654 286.8890 285.8009 281.1768 283.2843 282.8926 282.6798  0
2008 8.6728962E-09 1.9531589E-08 4.3292534E-08 1.1648702E-08 1.0272454E-08 2.2451440E-08 2.2752479E-08 1.2755714E-08 1.2576345E-08 1.7021522E-08 1.7587817E-08 1.8167004E-08 1.0827438E-08 1.3886766E-08 2.4275403E-08 3.0562543E-08 1.3469474E-08 1.7993798E-08 2.7800306E-08 3.8115232E-08  290.4079 290.2859 293.6506 296.5458 288.2858 291.4495 296.6697 294.6881 287.7991 292.0944 295.1169 294.5164 287.2277 290.3106 290.5105 289.3043 283.0516 285.6828 285.6341 285.0616  142.903
2009 1.1886878E-08 2.1846594E-08 4.7152341E-08 1.6149299E-08 1.4109450E-08 2.6020558E-08 2.8301805E-08 1.5931324E-08 1.6115587E-08 2.0907716E-08 2.0975609E-08 2.3019467E-08 1.2359270E-08 1.7763270E-08 2.7172840E-08 3.4694164E-08 1.4517700E-08 2.0520435E-08 2.8811417E-08 3.6330174E-08  290.1473 290.1049 293.3581 296.4930 287.7762 290.9334 296.0339 294.6275 287.4481 291.6676 294.4800 294.0182 287.2577 290.1695 290.0179 288.7424 283.2372 285.6678 285.3442 284.8522  19.2581
2010 1.3997785E-08 2.7179054E-08 4.8800523E-08 2.2263350E-08 1.6370755E-08 3.0317509E-08 2.8010152E-08 1.7676353E-08 1.8314296E-08 2.3946400E-08 2.4101457E-08 2.6894272E-08 1.7459683E-08 2.2593980E-08 3.1220093E-08 3.6861675E-08 2.1126693E-08 2.8800665E-08 3.5646949E-08 3.8067945E-08  0.0000000E+00 0.0000000E+00 0.0000000E+00 0.0000000E+00 0.0000000E+00 0.0000000E+00 0.0000000E+00 0.0000000E+00 0.0000000E+00 0.0000000E+00 0.0000000E+00 0.0000000E+00 0.0000000E+00 0.0000000E+00 0.0000000E+00 0.0000000E+00 0.0000000E+00 0.0000000E+00 0.0000000E+00 0.0000000E+00  3.68581
2011 6.2999965E-09 1.4286309E-08 3.5982918E-08 1.0206946E-08 6.8037687E-09 1.6671237E-08 1.8239106E-08 1.0776604E-08 7.9185103E-09 1.3770032E-08 1.3744047E-08 1.4977321E-08 6.7899060E-09 1.0867900E-08 2.0674868E-08 2.8026138E-08 8.4985112E-09 1.2667695E-08 2.3117179E-08 3.2515516E-08  292.0436 292.3567 294.9594 296.4930 290.0094 293.3270 297.9988 294.6178 289.4047 293.3972 296.0680 295.4076 288.2686 291.0239 290.9578 289.9209 283.7064 286.0366 285.8423 285.4538  2.0129
2012 9.1825241E-09 1.7958115E-08 4.4369852E-08 1.2690315E-08 1.0117575E-08 1.8695165E-08 2.2598201E-08 1.4343235E-08 1.1445661E-08 1.7521415E-08 1.8149306E-08 2.2993817E-08 1.0337238E-08 1.5213292E-08 2.5714504E-08 3.6971521E-08 1.3416343E-08 1.6736161E-08 2.9047303E-08 3.8910823E-08  290.3131 290.6573 294.0763 296.4176 288.1210 291.5732 296.6485 294.5797 287.7408 291.9212 294.6217 294.1338 286.8550 289.6950 289.5116 288.4687 282.3023 284.6864 284.4916 284.1945  0
2013 1.4943986E-08 2.7067724E-08 4.8158952E-08 1.7414450E-08 1.7706478E-08 2.8406637E-08 3.0107316E-08 1.6276873E-08 1.7673832E-08 2.1715520E-08 2.2510086E-08 2.6851543E-08 1.4384282E-08 1.7385464E-08 2.8234874E-08 3.9565602E-08 1.7902627E-08 2.2434966E-08 3.0216722E-08 3.7081129E-08  289.0362 288.7232 292.4207 296.2114 286.6500 289.6469 295.0899 294.4250 286.2479 290.2979 293.2480 292.8221 286.1696 288.9168 288.7856 287.5218 282.2971 284.7601 284.7188 284.0612  0
2014 1.2806046E-08 2.5889989E-08 4.6270554E-08 1.7981661E-08 1.7196543E-08 3.0061397E-08 2.4510751E-08 1.5748087E-08 1.9295193E-08 2.1924409E-08 1.9286270E-08 2.0774863E-08 1.5301914E-08 1.7085394E-08 2.1896819E-08 2.5319284E-08 1.8336216E-08 2.0966089E-08 2.5999951E-08 2.9762804E-08  288.2569 287.3709 291.2321 296.3362 285.4420 288.0227 293.6098 294.5212 284.9684 289.0659 292.0930 292.0329 285.5904 288.5107 288.5067 287.2898 282.1516 284.9695 284.9646 284.4019  0
2015 1.4206949E-08 2.6717398E-08 4.4297284E-08 2.0402886E-08 1.8060790E-08 3.1648955E-08 3.0184722E-08 2.0654419E-08 2.2466704E-08 2.7060274E-08 2.6275343E-08 3.0415247E-08 2.1045478E-08 2.4201347E-08 2.8912348E-08 3.5038770E-08 2.2879759E-08 2.6481251E-08 2.9123214E-08 3.1678528E-08  287.7539 287.2159 291.1454 295.4780 285.1411 288.1052 293.8546 293.8427 284.8547 289.0879 291.8844 291.5655 285.3768 287.9814 287.8152 286.6667 281.9844 284.4099 284.1484 283.6534  0
