STN,prec_1,prec_2,prec_3,prec_4,prec_5,prec_6,prec_7,prec_8,prec_9,prec_10,prec_11,prec_12,prec_13,prec_14,prec_15,prec_16,prec_17,prec_18,prec_19,prec_20,st_1,st_2,st_3,st_4,st_5,st_6,st_7,st_8,st_9,st_10,st_11,st_12,st_13,st_14,st_15,st_16,st_17,st_18,st_19,st_20,11.0
LAT,23.72017,23.72017,23.72017,23.72017,26.51077,26.51077,26.51077,26.51077,29.30136,29.30136,29.30136,29.30136,32.09194,32.09194,32.09194,32.09194,34.88252,34.88252,34.88252,34.88252,23.72017,23.72017,23.72017,23.72017,26.51077,26.51077,26.51077,26.51077,29.30136,29.30136,29.30136,29.30136,32.09194,32.09194,32.09194,32.09194,34.88252,34.88252,34.88252,34.88252,28.73664429
LON,-104.0625,-101.2500,-98.43750,-95.62500,-104.0625,-101.2500,-98.43750,-95.62500,-104.0625,-101.2500,-98.43750,-95.62500,-104.0625,-101.2500,-98.43750,-95.62500,-104.0625,-101.2500,-98.43750,-95.62500,-104.0625,-101.2500,-98.43750,-95.62500,-104.0625,-101.2500,-98.43750,-95.62500,-104.0625,-101.2500,-98.43750,-95.62500,-104.0625,-101.2500,-98.43750,-95.62500,-104.0625,-101.2500,-98.43750,-95.62500,-99.1447556
1958 3.0848387E-08 3.6591643E-08 2.8644029E-08 7.8387288E-09 2.5693025E-08 3.4618054E-08 1.3812084E-08 5.9648388E-09 2.7302750E-08 2.5080578E-08 4.7043072E-09 8.0968583E-09 2.1623494E-08 2.5449181E-08 1.2206237E-08 1.7083680E-08 2.2140565E-08 3.1939670E-08 2.7045802E-08 2.8158961E-08  295.4955 294.5278 297.6385 299.1463 295.8086 297.8176 302.7275 298.2676 297.1073 300.4639 303.3174 302.0280 297.8588 300.3877 300.5043 298.5242 294.5852 296.8194 297.0384 296.1215  500.733
1959 3.3612515E-08 3.3224651E-08 2.7627957E-08 9.8208215E-09 2.8515553E-08 3.2170878E-08 1.0886360E-08 6.1438077E-09 2.8777379E-08 2.4124370E-08 5.6460472E-09 1.4724894E-08 2.1811687E-08 2.2461315E-08 1.3672417E-08 2.2895588E-08 2.2162583E-08 2.9243473E-08 2.6783583E-08 2.9101663E-08  295.5544 294.7477 298.0847 299.5188 295.5435 297.8226 303.1196 298.5381 296.8790 300.5050 303.5099 302.4736 297.8107 300.6717 300.9865 299.0147 294.6557 297.3011 297.5640 296.5491  4.61667
1960 2.9904665E-08 3.7405641E-08 3.1094299E-08 9.8415347E-09 2.4880089E-08 3.4995033E-08 1.3351256E-08 6.8986865E-09 2.6160244E-08 2.6216840E-08 5.8798224E-09 1.5682120E-08 2.1379586E-08 2.2590589E-08 1.6701527E-08 2.4577867E-08 2.2561956E-08 3.0071853E-08 2.9857187E-08 3.2098949E-08  295.8011 294.8852 298.1376 299.4100 295.9111 298.0133 303.1764 298.4549 297.2503 300.6443 303.7144 302.3545 298.0437 300.7735 300.7970 298.8757 294.5988 296.9118 296.9573 296.0520  8.62667
1961 3.3967872E-08 2.7749588E-08 2.4485653E-08 9.1816519E-09 2.9969765E-08 2.4789856E-08 1.0350345E-08 7.2512654E-09 3.2126074E-08 1.9427310E-08 4.8786699E-09 1.3801722E-08 2.2056318E-08 1.7886210E-08 1.2555712E-08 2.4055486E-08 1.9683444E-08 2.4550886E-08 2.3206194E-08 2.8363820E-08  295.4822 294.9618 298.0851 299.4245 295.6679 298.3384 303.4020 298.4722 297.1726 301.1794 304.2736 303.0041 298.5064 301.5402 301.9415 299.7472 295.6823 298.2598 298.5692 297.4048  12.42
1962 3.1967573E-08 3.7178470E-08 3.7075655E-08 8.9347569E-09 2.8304148E-08 3.5981316E-08 1.7886700E-08 6.4837802E-09 2.9658027E-08 2.8307960E-08 9.6579562E-09 1.7007697E-08 2.2499323E-08 2.3346658E-08 1.8385466E-08 2.5531154E-08 2.2013367E-08 3.2452760E-08 3.4555569E-08 3.9173727E-08  295.4978 294.7238 297.8817 299.4307 295.4700 297.7306 302.7429 298.4772 296.6116 300.1363 303.1861 302.1350 297.5873 300.3508 300.3163 298.5843 294.4888 296.8215 296.8173 295.9463  0
1963 2.7591863E-08 4.0085013E-08 4.3910990E-08 8.7419068E-09 2.2748312E-08 3.9678362E-08 2.4740817E-08 7.8677864E-09 2.5878517E-08 3.0698082E-08 1.2935851E-08 2.0168729E-08 1.9393278E-08 2.4183297E-08 1.9123897E-08 2.6475183E-08 1.9897476E-08 3.1779422E-08 3.3042006E-08 3.3593377E-08  295.6313 294.6645 297.6576 299.3336 295.7824 297.6836 302.2883 298.3999 296.9120 300.1271 302.6312 301.4412 297.7406 300.2771 299.7749 298.1545 294.6096 296.9022 296.7009 295.9172  0
1964 2.8186321E-08 3.6671011E-08 3.9783238E-08 8.9836627E-09 2.5885518E-08 3.5980563E-08 1.7205400E-08 7.6348332E-09 3.0437111E-08 2.7276295E-08 8.1393825E-09 1.5303051E-08 2.3240085E-08 2.4425654E-08 1.4999348E-08 2.4050776E-08 2.2664851E-08 3.2679548E-08 3.1926358E-08 3.1763534E-08  295.2821 294.2492 297.3369 299.1827 295.2684 297.4838 302.5997 298.3198 296.3966 300.1878 303.1294 302.0023 297.4005 300.2720 300.3580 298.5655 294.3937 296.7545 296.7307 295.9188  33.6033
1965 3.0166351E-08 3.2999441E-08 3.8193225E-08 1.0465820E-08 2.6025303E-08 3.2968522E-08 1.7530468E-08 7.1456303E-09 3.1051876E-08 3.0277874E-08 9.9115303E-09 1.7182012E-08 2.5777918E-08 2.5441560E-08 2.0287846E-08 2.6413009E-08 2.2001872E-08 3.3963730E-08 3.6386211E-08 3.5621213E-08  295.3581 294.7270 297.4484 299.0319 295.4783 297.6403 302.1924 298.1982 296.4223 299.5717 302.2289 301.0806 296.8399 299.3923 299.0606 297.4792 293.5179 296.0025 296.0022 295.2757  0
1966 3.4700960E-08 3.9993125E-08 4.2664006E-08 1.0882008E-08 2.9969254E-08 3.7842138E-08 1.7570144E-08 7.3615096E-09 2.9402880E-08 2.9839356E-08 9.9064632E-09 1.4725168E-08 2.1581856E-08 2.2839773E-08 1.6239614E-08 2.0748978E-08 2.0762050E-08 2.8742173E-08 2.9630883E-08 2.9739969E-08  295.1596 294.3310 297.4748 299.1909 295.2000 297.5140 302.7357 298.3123 296.6805 300.0949 303.0877 302.0766 297.5251 300.3033 300.2124 298.4512 294.5233 296.9361 296.8362 296.0143  0
1967 2.0533538E-08 3.8369862E-08 4.8480700E-08 9.4491970E-09 2.2141620E-08 4.3699686E-08 2.5971744E-08 8.1529761E-09 3.0416718E-08 3.9721165E-08 1.3650589E-08 2.6202976E-08 2.5222477E-08 3.1042294E-08 2.4095412E-08 3.7467249E-08 2.4188838E-08 3.6864243E-08 3.9004480E-08 3.9003318E-08  295.7361 294.5457 297.5612 299.6288 295.3337 297.3147 302.2390 298.6268 296.1199 299.4748 302.7325 301.5991 296.8130 299.5611 299.7190 297.9141 293.8170 296.4040 296.5930 295.8317  125.703
1968 2.4536588E-08 3.8456321E-08 5.1494816E-08 9.9553379E-09 2.1015991E-08 4.2263796E-08 2.7452110E-08 8.5532275E-09 2.7894211E-08 3.5743568E-08 1.1810440E-08 2.2250063E-08 2.5324161E-08 2.9537276E-08 2.1756835E-08 3.1459063E-08 2.5713666E-08 4.0018893E-08 3.9528359E-08 3.9493102E-08  295.9760 295.1204 297.9406 299.8018 295.8307 297.8939 302.7011 298.7341 296.9495 300.2863 303.2907 302.0218 297.5887 300.3089 300.1893 298.3115 294.1744 296.4986 296.4778 295.8979  0
1969 2.1427127E-08 3.4595605E-08 3.9300122E-08 1.0043309E-08 2.1897236E-08 3.6662996E-08 1.9799300E-08 7.3549504E-09 2.5153499E-08 2.6967554E-08 1.0361975E-08 1.5330544E-08 2.0613472E-08 2.2560716E-08 1.6205192E-08 2.0320906E-08 2.1987910E-08 3.3916351E-08 3.3540406E-08 3.2620243E-08  295.8767 294.6872 297.3875 299.2342 295.6667 297.5665 302.2153 298.3387 296.7511 300.1230 302.6240 301.2755 297.4277 300.2495 299.6579 297.7047 294.0859 296.4514 296.3272 295.4447  36.1
1970 3.3499290E-08 3.9682725E-08 4.4376286E-08 9.9118562E-09 2.7695933E-08 3.8145647E-08 2.0170518E-08 8.1597822E-09 3.1829813E-08 3.0778327E-08 1.1753119E-08 1.8161870E-08 2.4121741E-08 2.6875107E-08 1.9289732E-08 2.9340651E-08 2.2760114E-08 3.3678742E-08 3.4862950E-08 4.0332527E-08  294.9057 294.0922 297.3881 299.5613 294.9487 297.2595 302.5220 298.5714 296.2541 299.7982 303.0051 302.1064 297.3640 300.1030 300.1736 298.5095 294.3549 296.6564 296.8079 295.9969  12.4667
1971 2.5441645E-08 3.4839289E-08 4.5739558E-08 9.5640065E-09 2.5208031E-08 3.4380495E-08 2.4375431E-08 9.0009422E-09 2.6609380E-08 2.8194684E-08 1.3687102E-08 2.5540388E-08 2.3211523E-08 2.7152323E-08 2.0373081E-08 3.0906595E-08 2.4740988E-08 3.6780879E-08 3.3128327E-08 3.3358344E-08  295.1720 294.1033 296.9088 299.4086 294.8668 297.0570 301.7634 298.4741 296.1895 299.6760 302.3304 301.2848 297.1379 299.8720 299.7171 297.8773 294.1616 296.3808 296.3470 295.6003  214.533
1972 2.5266921E-08 3.1365069E-08 3.8033310E-08 9.3636334E-09 2.6464008E-08 3.7885815E-08 2.1513566E-08 8.6139469E-09 2.9802177E-08 3.2282710E-08 1.1034516E-08 1.8186075E-08 2.1337266E-08 2.4341622E-08 1.9664020E-08 2.3682388E-08 2.0335781E-08 3.0042056E-08 3.1818825E-08 3.2218622E-08  295.9267 295.3517 298.0594 299.2363 295.5986 297.7875 302.6314 298.3416 296.5850 299.8675 302.6562 301.4076 297.2255 299.7573 299.4128 297.8986 294.0429 296.3094 296.2911 295.5839  20.9333
1973 3.7187714E-08 3.2317192E-08 2.6411699E-08 7.6669631E-09 2.9762884E-08 2.9561580E-08 1.1213195E-08 7.4609385E-09 2.7405449E-08 1.9481222E-08 5.5301759E-09 1.6199618E-08 1.9878547E-08 1.7752708E-08 1.1043421E-08 2.2308049E-08 1.9923592E-08 2.6664082E-08 2.7269405E-08 2.8128900E-08  295.0738 294.5547 297.8924 299.2535 295.4114 298.0809 303.4218 298.3616 297.2325 301.2861 304.2504 302.8863 298.6121 301.6661 302.1658 299.9218 295.7603 298.2149 298.4820 297.1725  251.7
1974 2.7410625E-08 4.0743458E-08 5.4924708E-08 1.2388242E-08 2.5249332E-08 3.8440966E-08 3.1897414E-08 9.9988924E-09 3.1217965E-08 3.3059791E-08 1.4240780E-08 1.9668132E-08 2.4701766E-08 2.6144367E-08 2.1596653E-08 2.7776860E-08 2.1903936E-08 2.9707287E-08 3.1392531E-08 3.3606568E-08  295.1738 294.0976 297.1020 299.6324 294.8325 297.1828 302.1049 298.6232 296.0797 299.7894 302.8627 301.9144 297.0947 300.0538 300.0238 298.3349 294.1418 296.7021 296.5376 295.8499  134.667
1975 3.4393878E-08 3.5107099E-08 3.3506485E-08 1.3316146E-08 2.9046840E-08 3.0590897E-08 1.5186757E-08 8.5607779E-09 2.8412508E-08 2.1505144E-08 5.9459886E-09 1.5361122E-08 2.1280103E-08 2.0201822E-08 1.2788030E-08 1.9920519E-08 2.0694843E-08 2.7902610E-08 2.6416455E-08 2.6934655E-08  295.0716 294.3009 297.5950 299.5622 295.2983 297.8270 303.0427 298.5774 296.9894 300.8159 303.9202 302.7815 298.3391 301.2480 301.8025 300.1366 295.4507 297.8951 298.1701 297.2436  78.1333
1976 1.9907858E-08 3.8464648E-08 5.1726584E-08 9.2398551E-09 2.1349258E-08 4.1034529E-08 2.6404582E-08 8.2473868E-09 2.5335918E-08 3.3798408E-08 1.3693651E-08 2.0929276E-08 2.1831013E-08 2.9501583E-08 2.2711712E-08 2.8995178E-08 2.3026061E-08 3.8219660E-08 3.6318220E-08 3.7678909E-08  295.8812 294.7901 297.5398 299.3025 295.5905 297.5598 302.3236 298.3911 296.5855 299.7797 302.3958 301.2979 297.0976 299.5182 299.2780 297.6925 293.6772 296.0671 296.1749 295.4335  232.467
1977 3.1471256E-08 4.4025562E-08 4.4729358E-08 1.3602616E-08 2.8958425E-08 4.0064325E-08 2.3891069E-08 9.7053690E-09 2.8425264E-08 2.9326717E-08 9.9568389E-09 2.3029665E-08 1.9556031E-08 2.3316973E-08 1.8067784E-08 2.7943202E-08 2.0860158E-08 2.8754355E-08 3.0092476E-08 3.3072968E-08  295.2484 294.0392 297.3802 299.5018 295.3589 297.3301 302.3340 298.5284 296.8695 300.1842 303.1021 301.6228 297.8971 300.4640 300.4144 298.3380 294.6737 297.0094 296.9076 295.9605  123.7
1978 2.6154153E-08 3.7636436E-08 4.3632408E-08 1.0795969E-08 2.3195943E-08 3.5781873E-08 2.3297604E-08 9.3417967E-09 2.5374881E-08 2.7420541E-08 9.3099572E-09 2.1651124E-08 2.0566816E-08 2.1420810E-08 1.6808569E-08 3.1030940E-08 2.2876574E-08 3.3540232E-08 3.3720756E-08 3.7336992E-08  295.4741 294.4180 297.4421 299.4171 295.4561 297.6212 302.4214 298.4698 296.7870 300.2116 302.9316 301.5159 297.4677 300.1191 299.7896 297.7375 294.0333 296.1949 296.0907 295.3187  41.2
1979 2.4238924E-08 3.3816146E-08 3.4019628E-08 9.0649124E-09 2.3140112E-08 3.3988997E-08 1.6116648E-08 7.2269453E-09 2.4231804E-08 2.4027766E-08 6.6166148E-09 1.4295821E-08 1.8667563E-08 2.0742542E-08 1.3806074E-08 2.1153166E-08 1.7454708E-08 2.9823052E-08 2.9526374E-08 2.9830407E-08  295.9647 294.9030 297.7926 299.4586 296.0121 298.0978 302.7820 298.4928 297.4341 300.7988 303.4701 301.9610 298.1118 300.9551 300.9085 298.7652 294.9203 297.2793 297.3813 296.3444  33.3333
1980 3.5037086E-08 4.2038192E-08 3.7801104E-08 1.1492112E-08 3.2582829E-08 3.6579628E-08 1.6530988E-08 8.2884100E-09 2.9401347E-08 2.2720553E-08 7.3125910E-09 1.9913120E-08 2.1897142E-08 2.0784363E-08 1.5174008E-08 2.5164510E-08 2.1995344E-08 3.2982062E-08 3.0395487E-08 3.2899514E-08  294.9825 294.0267 297.4890 299.3076 295.0732 297.3217 302.7049 298.3915 296.6874 300.3277 303.2624 301.8802 297.8891 300.7462 300.8028 298.7286 295.0265 297.4653 297.5672 296.5310  5.7
1981 2.5480482E-08 3.4265359E-08 4.0793889E-08 1.3827492E-08 2.2947235E-08 3.6003112E-08 2.1124027E-08 8.6368921E-09 2.7151243E-08 2.8888945E-08 1.0621691E-08 1.7036145E-08 2.1846057E-08 1.9030306E-08 1.5581495E-08 2.8368001E-08 2.0983826E-08 2.4828877E-08 2.7016513E-08 3.2829810E-08  295.7823 294.8405 297.5267 299.3656 295.7398 297.7480 302.3457 298.4195 296.9412 300.3571 303.0098 301.9586 298.0487 300.8814 300.7643 298.6884 295.0468 297.5864 297.6292 296.3866  86.8333
1982 1.3982027E-08 3.7050530E-08 5.7350277E-08 8.8690797E-09 2.0049001E-08 4.2226876E-08 3.0211563E-08 7.3927562E-09 2.6769984E-08 3.7553047E-08 1.4355794E-08 1.8089782E-08 2.3641949E-08 3.2083047E-08 2.4688921E-08 2.9110764E-08 2.4641286E-08 4.1559620E-08 3.7970125E-08 4.1862560E-08  295.8737 294.7715 297.1866 299.1705 295.2615 297.1830 301.6538 298.2930 296.1785 299.2621 301.7857 300.8039 296.5125 298.8975 298.5785 297.3970 292.9828 295.2968 295.4220 294.9966  21.1333
1983 2.9177476E-08 3.7744005E-08 3.3938157E-08 8.0933811E-09 2.3399879E-08 3.3700129E-08 1.4689245E-08 6.9232318E-09 2.6735222E-08 2.4114199E-08 6.1521455E-09 1.5810436E-08 2.0233115E-08 2.4556824E-08 1.5934052E-08 2.3129783E-08 2.0562386E-08 2.7202951E-08 2.8047147E-08 2.9385710E-08  295.5430 294.5750 297.7651 299.1718 295.7780 298.0444 303.2025 298.3070 297.1461 300.8897 303.7848 302.4393 298.2392 301.0081 301.1188 299.1140 295.1007 297.5948 297.6073 296.6504  13.2133
1984 3.4803538E-08 3.7814743E-08 3.1875704E-08 8.5636245E-09 2.8676503E-08 3.2804614E-08 1.0875992E-08 6.7205557E-09 2.8663715E-08 2.2456895E-08 4.9134732E-09 1.2395811E-08 1.9882046E-08 2.0432971E-08 1.1788464E-08 2.0214751E-08 1.9114996E-08 2.4466837E-08 2.3050665E-08 2.6800526E-08  294.7344 293.6627 297.3097 299.2617 295.1974 297.5438 303.0009 298.3532 296.9078 300.8229 304.0327 302.7648 298.3052 301.3061 301.9261 300.0228 295.4318 297.9693 298.3580 297.3787  1.772
1985 2.7945191E-08 3.4799911E-08 4.5909676E-08 1.0159238E-08 2.3060057E-08 3.7590073E-08 2.2804761E-08 8.4356051E-09 3.0715913E-08 2.9560619E-08 1.2369049E-08 2.1805556E-08 2.3695813E-08 2.8099242E-08 2.1942896E-08 3.1917232E-08 2.7310724E-08 3.8672219E-08 3.9401186E-08 3.8519868E-08  295.1265 294.4031 297.3013 299.1398 295.1598 297.3781 302.1096 298.2755 296.0945 299.7610 302.5529 301.4341 296.9045 299.5792 299.5897 298.0160 293.5136 295.9464 296.2414 295.7260  35.5333
1986 1.8849864E-08 3.8233779E-08 5.9533015E-08 1.3583131E-08 2.3019963E-08 4.7962857E-08 3.6505313E-08 1.1134501E-08 3.3249801E-08 4.2303988E-08 1.8145840E-08 2.8365628E-08 2.8002011E-08 3.2618019E-08 2.8151499E-08 3.8788457E-08 2.8250922E-08 3.8037140E-08 4.2317644E-08 4.3275815E-08  295.2640 294.2265 297.1273 299.4780 294.7473 296.6384 301.3282 298.5165 295.4161 298.5763 301.4166 300.4555 295.7217 298.4501 298.1972 296.8303 292.5062 295.1269 295.4059 294.8987  95.4333
1987 1.9934138E-08 3.5231164E-08 4.2561567E-08 9.5689652E-09 2.1364936E-08 4.0189754E-08 2.1653745E-08 7.6914777E-09 2.7996260E-08 3.4141863E-08 1.0102930E-08 1.7727029E-08 2.4446258E-08 2.9649923E-08 1.8404343E-08 2.4123466E-08 2.4002649E-08 3.7464890E-08 3.1342879E-08 3.0864889E-08  295.9748 294.9052 297.5715 298.9113 295.7393 297.5830 302.1176 298.1057 296.6190 299.7297 302.2577 300.9032 297.0737 299.4650 298.9896 297.5420 293.7910 296.0002 296.2821 295.8006  146.2
1988 4.6309328E-08 4.3803844E-08 3.2193149E-08 9.7458885E-09 3.6748538E-08 3.2881079E-08 1.1340564E-08 7.7943803E-09 3.2935887E-08 2.2504588E-08 6.6156254E-09 1.8043865E-08 2.0199488E-08 1.7414603E-08 1.0590741E-08 2.2422951E-08 1.7114784E-08 2.3049170E-08 2.2110410E-08 2.7916297E-08  294.2226 293.5788 297.5605 299.5890 294.8555 297.6566 303.4279 298.5970 296.9338 301.0750 304.3470 302.9541 298.6883 301.7206 302.4734 300.3679 296.2686 298.6598 299.0441 297.8155  50.1333
1989 3.0686600E-08 4.5661437E-08 5.0550700E-08 1.3049537E-08 3.1627419E-08 4.2468965E-08 2.7119126E-08 1.0201158E-08 3.2612832E-08 3.2296533E-08 1.2019457E-08 2.1182499E-08 2.4035957E-08 2.4533975E-08 1.9612218E-08 2.9257189E-08 2.4633174E-08 3.0990456E-08 3.1909355E-08 3.7111832E-08  295.2190 293.8636 297.1268 299.6938 294.9376 297.0864 302.2458 298.6537 296.1313 299.7616 303.0600 301.9288 297.2184 300.2033 300.4620 298.4601 294.4294 297.0439 297.2085 296.0967  0.124333
1990 2.6768124E-08 3.6514191E-08 4.7593304E-08 1.0610311E-08 2.4119327E-08 4.0918135E-08 2.2891058E-08 7.6258200E-09 2.4606241E-08 3.2443197E-08 1.2487686E-08 1.5670082E-08 1.8906011E-08 2.6298013E-08 1.8593251E-08 2.6059714E-08 2.0973697E-08 3.2151089E-08 3.1784392E-08 3.2476652E-08  295.4560 294.6031 297.4511 299.2986 295.3293 297.3879 302.2693 298.3833 296.5918 299.8651 302.6564 301.6439 297.4126 300.0146 299.7744 298.1208 294.3420 296.8133 296.8650 296.0794  0
1991 2.0535522E-08 3.1928010E-08 5.0806392E-08 1.0921820E-08 2.1356016E-08 3.7848146E-08 2.9599718E-08 8.0978921E-09 2.8115602E-08 3.6047631E-08 1.7735152E-08 2.6266950E-08 2.3451674E-08 2.8622145E-08 2.9050137E-08 3.7007652E-08 2.4898277E-08 3.6477221E-08 3.7980431E-08 4.0561734E-08  295.5162 294.6178 297.2041 299.2514 295.2403 297.3438 301.6921 298.3542 296.1233 299.3231 301.9650 301.0944 296.6718 299.2272 298.8256 297.6031 293.4704 295.8711 296.1115 295.6128  43.822
1992 3.0222260E-08 4.8219373E-08 5.2608964E-08 1.0012489E-08 3.2068190E-08 5.1931423E-08 3.0263742E-08 1.0121369E-08 3.3562792E-08 3.5264986E-08 1.5450768E-08 2.2964407E-08 2.6388632E-08 3.0417812E-08 2.5320022E-08 3.5863359E-08 2.7196130E-08 3.6857742E-08 3.8954290E-08 4.2401886E-08  295.0333 293.8421 297.0092 299.2745 294.9148 296.7560 301.5852 298.3731 296.0279 299.2962 302.3189 301.2055 296.4796 299.2723 299.2853 297.6574 293.2290 295.8792 296.0814 295.4356  128.067
1993 2.6627180E-08 3.4243484E-08 4.7078515E-08 1.0351598E-08 2.6087754E-08 3.9909605E-08 2.6330447E-08 9.6775317E-09 3.0225852E-08 3.3859010E-08 1.4912624E-08 1.8827208E-08 2.4068486E-08 2.6163022E-08 2.1062426E-08 2.6505266E-08 2.4350488E-08 3.2375425E-08 3.3471501E-08 3.2176239E-08  295.2606 294.4871 297.2743 298.8815 295.0352 297.1795 301.8437 298.0941 295.8614 299.3303 302.0905 301.0536 296.5447 299.3470 299.1102 297.5886 293.5208 296.1187 296.2321 295.6428  20.7667
1994 1.6559468E-08 2.8495679E-08 5.5989961E-08 1.0214339E-08 2.3010507E-08 3.9298374E-08 3.1185490E-08 9.7354373E-09 3.0193291E-08 3.6616878E-08 1.9258168E-08 2.4960473E-08 2.7936027E-08 3.2964827E-08 3.4599378E-08 3.8837317E-08 2.9427856E-08 4.4165464E-08 4.5170072E-08 4.6029630E-08  295.6044 294.9744 297.1855 299.3378 294.7890 297.0072 301.4657 298.4240 295.4187 298.7990 301.5143 300.4787 295.7922 298.3409 297.9873 296.8466 292.5012 294.8662 295.0715 294.6900  35.5667
1995 3.1398496E-08 3.9613013E-08 4.2488814E-08 1.1088948E-08 2.7976892E-08 3.8959598E-08 2.0888249E-08 8.8678478E-09 3.0594400E-08 2.8138230E-08 8.8531396E-09 1.9579817E-08 2.0671090E-08 2.4549442E-08 1.7883984E-08 2.3736726E-08 1.9582108E-08 2.8786692E-08 2.9101624E-08 3.0067124E-08  295.3865 294.3177 297.5387 299.4861 295.3810 297.5576 302.6326 298.5144 296.7809 300.2625 303.2445 302.1674 297.9742 300.8205 300.8566 299.1280 295.3262 297.8887 298.0686 297.1516  17.98
1996 2.7022766E-08 4.3611088E-08 5.4402129E-08 1.0551911E-08 2.6794920E-08 4.2434269E-08 2.8391167E-08 9.0593160E-09 2.9571090E-08 3.1232712E-08 1.5618657E-08 2.0102046E-08 2.1675278E-08 2.5590996E-08 2.5108886E-08 2.9901276E-08 2.1203055E-08 3.1418555E-08 3.5950208E-08 3.6247947E-08  295.2730 294.0869 297.0834 299.6213 295.0079 296.9777 301.9077 298.6180 295.9873 299.4799 302.4635 301.4716 296.9485 299.7039 299.5895 298.0867 294.0526 296.5690 296.5031 295.8432  60.8407
1997 1.7791338E-08 3.4599008E-08 5.2137835E-08 9.9557580E-09 2.1922165E-08 4.2226592E-08 2.8012547E-08 8.8835090E-09 3.0808096E-08 3.4235029E-08 1.4790947E-08 1.8652194E-08 2.6805568E-08 2.9866214E-08 2.4612689E-08 2.7496084E-08 2.5315899E-08 3.5790070E-08 3.7310450E-08 3.5103877E-08  296.2241 295.1346 297.5127 298.8634 295.4475 297.3752 302.0726 298.0594 296.0117 299.2305 301.9412 300.5455 296.2950 298.8094 298.1872 297.1439 292.8909 295.4442 295.7306 295.3343  0
1998 2.7664125E-08 3.6738243E-08 3.3817035E-08 8.2670883E-09 2.6896247E-08 3.2826929E-08 1.5135756E-08 7.3281323E-09 2.6327843E-08 2.2797471E-08 7.8153475E-09 2.1315804E-08 1.9184425E-08 1.9283748E-08 1.3125978E-08 2.3329893E-08 1.8448903E-08 2.8517240E-08 2.4843272E-08 2.4648903E-08  295.5742 294.3482 297.2243 298.9915 295.4701 297.7778 302.9135 298.1645 297.0263 300.8495 303.8906 302.6548 298.4131 301.3532 301.9199 299.9417 295.8299 298.1882 298.5252 297.6263  233.333
1999 3.4201449E-08 4.1143995E-08 4.2561339E-08 9.0766763E-09 3.0620249E-08 3.6372096E-08 2.1320060E-08 8.0490166E-09 3.1181187E-08 2.3710054E-08 9.8604698E-09 1.6654711E-08 2.1285679E-08 2.0217085E-08 1.5797166E-08 2.3224157E-08 2.0173800E-08 2.6791847E-08 2.7349795E-08 3.0238265E-08  295.2493 294.4295 297.8289 299.8224 295.3157 297.8948 303.2634 298.7598 296.8722 301.0713 304.1288 303.0808 298.6013 301.6744 302.2147 300.8887 296.0975 298.7539 299.1736 298.5226  21.8333
2000 2.4575121E-08 3.6640067E-08 4.6563887E-08 9.1842773E-09 2.1825143E-08 3.8087975E-08 2.3540213E-08 7.9312601E-09 2.6652426E-08 3.0125126E-08 9.1683221E-09 1.8238707E-08 2.2748939E-08 2.7205164E-08 1.7202520E-08 2.4546486E-08 2.2415472E-08 3.4889641E-08 3.2914080E-08 3.3654306E-08  295.8313 294.8572 297.8044 299.8004 295.7563 297.9150 302.7898 298.7469 297.0213 300.5682 303.6299 302.3162 298.0327 300.8773 300.9802 299.0835 295.2076 297.7070 297.8876 296.8144  523.333
2001 2.8845641E-08 3.9903515E-08 4.8424223E-08 9.4533315E-09 2.6334543E-08 3.7702559E-08 2.5726406E-08 8.7568699E-09 2.8609000E-08 2.8498118E-08 1.2145109E-08 1.9951717E-08 2.4369710E-08 2.5621494E-08 2.1819060E-08 2.6749573E-08 2.4001853E-08 3.1757313E-08 3.4738658E-08 3.4110837E-08  295.5597 294.4746 297.5144 299.6978 295.4334 297.6536 302.5767 298.6753 296.7245 300.3959 303.3568 301.9904 297.4555 300.4709 300.5827 298.7037 294.5593 297.1854 297.2971 296.5433  397.587
2002 1.9034172E-08 3.4839061E-08 5.0992341E-08 9.0127719E-09 1.9538561E-08 3.9758255E-08 2.7585854E-08 8.8856380E-09 2.6977885E-08 3.5179387E-08 1.4482100E-08 1.9089871E-08 2.2756533E-08 2.9999480E-08 2.6534757E-08 2.9184728E-08 2.5937208E-08 4.1930527E-08 4.1243666E-08 4.0460950E-08  295.7272 294.8708 297.4446 299.3053 295.3936 297.3747 301.8041 298.3905 296.3299 299.6355 302.4199 301.2657 296.9234 299.5829 299.3516 297.8910 293.4348 295.9970 296.2194 295.6849  377.633
2003 3.0534608E-08 4.1738335E-08 4.1422798E-08 9.6396260E-09 2.8645058E-08 4.2651067E-08 2.0439034E-08 8.0983309E-09 3.1505675E-08 3.3140903E-08 9.7853290E-09 1.3880005E-08 2.4082960E-08 2.8020070E-08 1.8790836E-08 2.1936282E-08 2.3813888E-08 3.2291087E-08 3.0404657E-08 3.0444333E-08  295.5103 294.3690 297.4700 299.1897 295.4450 297.4654 302.4212 298.3092 296.6787 300.0887 303.1469 302.1182 297.6223 300.3724 300.3863 298.9009 294.6746 297.0572 297.3148 296.5735  98.0667
2004 2.3428219E-08 3.6879605E-08 4.2445745E-08 8.0434504E-09 2.3005143E-08 3.7150894E-08 2.1162794E-08 6.8797634E-09 2.8345415E-08 3.1942477E-08 1.1319834E-08 1.5923005E-08 2.2313861E-08 2.6820533E-08 1.9933646E-08 2.6120158E-08 2.2933875E-08 3.2375894E-08 3.4184890E-08 3.6347249E-08  295.9846 294.9093 297.6529 299.3609 295.8855 297.7603 302.4685 298.4147 296.8201 300.0574 302.9067 301.8387 297.4786 300.1590 300.1216 298.4257 294.3616 296.8699 296.9751 296.2121  428.1
2005 2.5524363E-08 3.2668947E-08 4.3174790E-08 9.7393666E-09 2.3838075E-08 3.9128988E-08 2.0884404E-08 7.4759798E-09 2.7355348E-08 2.8396617E-08 9.8070760E-09 1.4691500E-08 1.9548846E-08 2.5429696E-08 2.0751406E-08 2.5576547E-08 2.1093999E-08 3.4096253E-08 3.5505305E-08 3.6629022E-08  296.2523 295.4183 297.8905 299.2544 296.1667 297.9849 302.5045 298.3342 297.2532 300.4465 302.9475 301.9335 298.1424 300.6621 300.4048 298.7832 294.9211 297.2277 297.2570 296.4973  60
2006 1.8816596E-08 3.6624535E-08 4.8273474E-08 1.0171663E-08 2.3069758E-08 3.9366839E-08 2.3975195E-08 8.1753218E-09 2.5745489E-08 3.0769193E-08 1.3087444E-08 2.2177472E-08 2.1973639E-08 2.7266747E-08 1.8563043E-08 2.8082500E-08 2.2593632E-08 3.4977290E-08 3.2076816E-08 3.4599339E-08  296.0461 294.6884 297.4088 299.4785 295.5522 297.3516 301.9654 298.5108 296.6678 299.8054 302.4637 301.5090 297.5709 299.9413 299.6476 298.1753 294.6800 296.7669 296.8068 296.0824  0
2007 3.9075960E-08 4.5018052E-08 4.0242885E-08 1.0483240E-08 3.3523179E-08 3.9378961E-08 1.7997902E-08 8.0326323E-09 3.2664023E-08 2.8966099E-08 9.0542107E-09 2.1771671E-08 2.3089068E-08 2.2189756E-08 1.5926341E-08 3.0639530E-08 2.1773181E-08 2.8847236E-08 2.9384577E-08 3.5990535E-08  294.6251 293.6035 297.2324 299.5178 294.9688 297.3008 302.7242 298.5523 296.5586 300.2109 303.4733 302.4103 297.9935 300.8538 301.2349 299.3476 295.4728 297.9098 298.0569 297.1188  131.567
2008 3.2945316E-08 3.8813141E-08 4.6632397E-08 1.0445948E-08 2.6782779E-08 3.5045968E-08 2.3483278E-08 9.0809733E-09 2.3519979E-08 2.6161945E-08 1.0879456E-08 2.4762416E-08 1.6270837E-08 2.2772277E-08 2.0536474E-08 3.0273021E-08 1.9264284E-08 2.9256089E-08 3.4504975E-08 3.6247023E-08  295.3966 294.6478 297.8235 299.6353 295.6749 298.1141 303.1238 298.6179 297.4738 301.0586 303.9930 302.3777 298.7882 301.5366 301.4567 299.4044 295.6936 298.0310 297.8614 296.9841  8.59667
2009 1.8805123E-08 3.6555157E-08 3.9507860E-08 9.1113606E-09 2.1388590E-08 4.0559623E-08 2.1449118E-08 6.9080612E-09 2.8556288E-08 3.0193856E-08 1.0126176E-08 1.6438504E-08 2.3696460E-08 2.6323551E-08 2.0139021E-08 2.8226246E-08 2.3552660E-08 3.7431047E-08 3.6086991E-08 3.7619213E-08  295.8877 294.6755 297.3489 299.1108 295.6516 297.4612 301.9799 298.2224 296.5095 299.6420 302.1206 300.9483 297.1827 299.5131 298.9301 297.5400 294.0493 296.0916 296.2462 295.6552  5.28967
2010 3.2580651E-08 4.4207496E-08 3.7982925E-08 1.0147208E-08 2.8619674E-08 3.7706982E-08 1.6780147E-08 7.8483984E-09 2.8082940E-08 2.2974273E-08 6.1589249E-09 1.8930987E-08 1.8579604E-08 1.7752299E-08 1.3078766E-08 2.4538682E-08 1.5714837E-08 2.3661098E-08 2.6138686E-08 2.8925019E-08  295.2366 294.0942 297.7425 299.6666 295.2970 297.6994 303.3596 298.6645 297.0689 301.0186 304.1871 302.9084 298.7645 301.7807 302.3762 300.5605 296.1318 298.7073 299.1787 298.1412  0.007
2011 3.2745682E-08 3.6947853E-08 3.5763755E-08 9.2215036E-09 3.0680479E-08 3.5136736E-08 1.7362918E-08 7.2254247E-09 3.1356421E-08 2.5153273E-08 6.9719208E-09 1.4959445E-08 2.1790692E-08 2.1081251E-08 1.2148821E-08 2.0447754E-08 1.9626162E-08 2.6681345E-08 2.3195577E-08 2.6144543E-08  295.1866 294.3901 297.6473 299.6944 295.2229 297.8048 303.1356 298.6709 296.6549 300.7585 303.9459 302.8763 298.1438 301.0775 301.5687 299.6194 295.5942 298.0597 298.2399 297.1791  0
2012 2.8118414E-08 3.4462190E-08 4.1118700E-08 1.0570505E-08 2.3807146E-08 3.3092924E-08 1.9336570E-08 8.2029450E-09 2.6681777E-08 2.8680105E-08 9.8688444E-09 2.0612447E-08 2.0098607E-08 2.3833650E-08 1.8339552E-08 2.8837327E-08 1.9873131E-08 2.9379752E-08 3.0251304E-08 3.3239974E-08  295.8449 294.9113 297.7556 299.4369 295.9546 298.1386 302.7802 298.4692 297.3182 300.3618 303.0284 301.8069 298.2492 300.2727 299.8969 298.1998 295.3767 297.2626 296.9982 296.1323  0
2013 2.8477578E-08 3.8563314E-08 4.1277229E-08 1.1498403E-08 2.7158141E-08 3.4227831E-08 1.9809693E-08 7.7204616E-09 2.9076398E-08 2.8312195E-08 7.7499198E-09 1.3045365E-08 2.2397847E-08 2.4191587E-08 1.5104916E-08 2.1789846E-08 2.2953502E-08 3.0461351E-08 3.1726511E-08 3.2104413E-08  295.4654 294.3661 297.4632 299.5666 295.3228 297.6344 302.6976 298.5667 296.7230 300.4131 303.6035 302.4406 297.7993 300.8192 301.0575 299.0594 294.9092 297.3527 297.5049 296.6328  0
2014 1.9811131E-08 3.9483286E-08 5.0550252E-08 9.0502290E-09 2.2338446E-08 4.3570171E-08 2.4874057E-08 7.6633846E-09 3.2790748E-08 3.7332409E-08 1.1571911E-08 1.7391599E-08 2.5373536E-08 3.2166572E-08 2.3552719E-08 3.2036930E-08 2.4922535E-08 3.6920177E-08 3.9486366E-08 4.0481577E-08  295.9744 294.7337 297.2909 298.8356 295.4550 297.3198 302.0932 298.0214 296.2021 299.5461 302.3689 301.4885 296.8740 299.4421 299.1296 297.6761 293.5266 296.0577 296.1622 295.6280  0
2015 1.7307515E-08 3.2294778E-08 5.5152874E-08 1.0941580E-08 2.2921679E-08 4.2125361E-08 3.0150058E-08 9.1856114E-09 3.1639630E-08 3.7747583E-08 1.4804389E-08 2.1848990E-08 2.6081000E-08 3.2345941E-08 2.4617165E-08 3.0572654E-08 2.5894190E-08 4.0322352E-08 3.7967130E-08 3.6900257E-08  295.7751 294.7979 297.0171 298.5302 295.0878 297.0095 301.7106 297.7848 295.6763 298.8843 301.8887 300.7704 296.2319 298.6522 298.4518 297.1909 293.0504 295.3571 295.6274 295.0908  0.111333
