STN,prec_1,prec_2,prec_3,prec_4,prec_5,prec_6,prec_7,prec_8,prec_9,prec_10,prec_11,prec_12,prec_13,prec_14,prec_15,prec_16,prec_17,prec_18,prec_19,prec_20,st_1,st_2,st_3,st_4,st_5,st_6,st_7,st_8,st_9,st_10,st_11,st_12,st_13,st_14,st_15,st_16,st_17,st_18,st_19,st_20,08.0
LAT,23.72017,23.72017,23.72017,23.72017,26.51077,26.51077,26.51077,26.51077,29.30136,29.30136,29.30136,29.30136,32.09194,32.09194,32.09194,32.09194,34.88252,34.88252,34.88252,34.88252,23.72017,23.72017,23.72017,23.72017,26.51077,26.51077,26.51077,26.51077,29.30136,29.30136,29.30136,29.30136,32.09194,32.09194,32.09194,32.09194,34.88252,34.88252,34.88252,34.88252,28.73664429
LON,-104.0625,-101.2500,-98.43750,-95.62500,-104.0625,-101.2500,-98.43750,-95.62500,-104.0625,-101.2500,-98.43750,-95.62500,-104.0625,-101.2500,-98.43750,-95.62500,-104.0625,-101.2500,-98.43750,-95.62500,-104.0625,-101.2500,-98.43750,-95.62500,-104.0625,-101.2500,-98.43750,-95.62500,-104.0625,-101.2500,-98.43750,-95.62500,-104.0625,-101.2500,-98.43750,-95.62500,-104.0625,-101.2500,-98.43750,-95.62500,-99.1447556
1958 1.4991121E-08 2.2533207E-08 3.1995022E-08 1.9198964E-08 1.6066600E-08 2.2983741E-08 2.0299510E-08 1.6436267E-08 1.7706290E-08 1.8948377E-08 1.9793529E-08 2.4803413E-08 1.5135596E-08 1.8154752E-08 2.6088523E-08 3.6378385E-08 1.6359825E-08 2.0424002E-08 2.7922587E-08 3.6270208E-08  287.0148 286.3201 289.9769 295.4657 283.6841 286.3990 291.4886 293.7840 282.3380 286.0902 288.8292 288.7986 281.6176 284.0039 283.9687 282.9660 277.2633 279.4369 279.1096 278.5857  0.103226
1959 9.5340909E-09 1.8807679E-08 2.9425157E-08 1.8005055E-08 1.3274946E-08 2.4712106E-08 1.9519407E-08 1.5444913E-08 1.8893864E-08 2.1294710E-08 2.3247086E-08 2.3525342E-08 1.6234424E-08 1.7021867E-08 2.5905585E-08 3.6435722E-08 1.4589038E-08 1.6049452E-08 2.2928523E-08 3.2491343E-08  287.2231 286.4476 290.1434 295.5302 283.8585 286.3098 291.4082 293.8302 282.1869 285.6973 288.3901 288.5662 281.6081 283.6700 283.4107 282.2627 277.4242 279.2866 278.5292 277.4763  1.47419
1960 1.3250850E-08 2.3021295E-08 3.4091443E-08 2.1408749E-08 1.6455934E-08 2.3970493E-08 2.2098714E-08 1.6911901E-08 1.6629775E-08 1.7540280E-08 1.9204967E-08 2.2698098E-08 1.3294731E-08 1.4086959E-08 2.1717748E-08 3.2303397E-08 1.3363385E-08 1.5170784E-08 2.0983251E-08 2.8695773E-08  287.5605 286.6659 290.1286 295.5440 284.0887 286.4593 291.3245 293.8369 282.6671 286.0367 288.5909 288.5889 281.7920 283.9879 283.6467 282.3948 277.3790 279.2966 278.6733 277.8779  34.0968
1961 8.0236067E-09 1.4427340E-08 2.6680361E-08 1.6751704E-08 1.0444340E-08 1.7219060E-08 1.7505794E-08 1.5410832E-08 1.2699550E-08 1.5145046E-08 1.7448270E-08 2.0962354E-08 1.1831302E-08 1.3704533E-08 2.1453342E-08 3.0496917E-08 1.2810908E-08 1.5469789E-08 2.1411223E-08 2.7923926E-08  287.2115 286.5267 290.0891 295.5135 283.8710 286.3329 291.2878 293.8249 282.2791 285.6422 288.1807 288.4520 281.3386 283.4400 283.0960 282.1541 276.9107 278.9150 278.4837 277.8069  11.2387
1962 9.5777954E-09 1.6352663E-08 2.8395776E-08 1.6772370E-08 1.2735032E-08 1.9718211E-08 1.7926318E-08 1.3674368E-08 1.4937768E-08 1.6907446E-08 1.8175285E-08 2.0186183E-08 1.1749801E-08 1.2507818E-08 1.9792598E-08 3.1690675E-08 1.1929507E-08 1.3641146E-08 1.9588182E-08 2.9020033E-08  287.5370 286.8821 290.3810 295.7109 284.1159 286.7146 291.6571 293.9612 282.7227 286.1702 288.8150 288.8297 281.7722 284.0549 283.8681 282.6772 277.3847 279.5948 279.1436 278.4082  0
1963 1.0953128E-08 1.8107523E-08 2.7017478E-08 1.6467206E-08 1.5538749E-08 2.0970976E-08 1.8465471E-08 1.5386094E-08 1.6712407E-08 1.7751079E-08 2.0709999E-08 2.4595078E-08 1.4359154E-08 1.6504133E-08 2.4238606E-08 3.5769862E-08 1.5054599E-08 1.7839238E-08 2.3518755E-08 3.1101724E-08  286.6086 285.8323 289.7142 295.6013 283.2938 285.7445 290.9656 293.8908 282.1563 285.6296 288.1358 288.1459 281.4779 283.6846 283.3255 282.0075 276.9411 278.9436 278.3501 277.5612  0
1964 7.2842856E-09 1.6703632E-08 3.6044057E-08 1.6699044E-08 1.0649206E-08 1.9036456E-08 1.9970743E-08 1.5091885E-08 1.1938648E-08 1.2655007E-08 1.5845826E-08 2.1053980E-08 1.0182860E-08 1.0977343E-08 2.0950891E-08 3.2376946E-08 1.2315470E-08 1.6195244E-08 2.4211774E-08 3.0956802E-08  288.2038 287.6504 290.9905 295.8148 284.9555 287.6056 292.3636 294.0273 283.6025 287.0628 289.5215 289.5157 282.7017 284.7523 284.3271 283.1880 277.9657 279.7218 278.8218 278.1135  0
1965 1.5011711E-08 2.4124663E-08 3.2416754E-08 1.9133651E-08 1.6396271E-08 2.3715851E-08 2.1251994E-08 1.6435770E-08 1.6847130E-08 1.8171379E-08 1.9655705E-08 2.4036590E-08 1.2741513E-08 1.5539262E-08 2.3942667E-08 3.2809396E-08 1.2968649E-08 1.7453727E-08 2.3121963E-08 2.7200420E-08  286.2299 285.0776 289.2314 295.2764 282.6227 285.3976 290.6848 293.6580 281.7299 285.6725 288.2472 288.1357 281.9132 284.3548 283.9196 282.4740 277.8863 280.1135 279.5181 278.5366  0
1966 1.0237895E-08 2.0261650E-08 3.0136714E-08 1.7829633E-08 1.1378982E-08 1.9938799E-08 1.8806587E-08 1.4384680E-08 1.2796302E-08 1.3777461E-08 1.6122931E-08 1.9907342E-08 1.0429186E-08 1.3171093E-08 2.2106986E-08 3.2160415E-08 1.4899372E-08 1.9314029E-08 2.5081940E-08 3.1275377E-08  287.0664 286.0968 289.7670 295.5737 283.8913 286.2628 291.1841 293.8762 282.7598 286.1681 288.5715 288.4486 281.9882 283.9872 283.4347 282.1815 277.1950 278.7433 277.9978 277.2705  385.665
1967 1.5527121E-08 2.4466523E-08 3.4793729E-08 2.1819853E-08 2.0004268E-08 2.8019096E-08 2.5714611E-08 2.0703638E-08 2.1906892E-08 2.3050667E-08 2.5174229E-08 2.9438443E-08 1.6186592E-08 1.8662732E-08 2.8538420E-08 3.8942655E-08 1.4440435E-08 1.7850574E-08 2.4744763E-08 3.1841008E-08  286.3610 285.2869 289.2554 295.7863 282.6882 285.0693 290.2340 294.0240 281.3114 284.7973 287.2732 287.5247 280.9976 282.9923 282.5094 281.2971 277.0407 278.8620 278.0346 277.1561  0
1968 1.9236346E-08 2.7698261E-08 3.5559410E-08 2.3902535E-08 2.0441528E-08 2.6368337E-08 2.0652763E-08 1.8758039E-08 1.9451456E-08 1.7866576E-08 1.7092612E-08 2.1484071E-08 1.5643840E-08 1.6567760E-08 2.2945944E-08 3.0855816E-08 1.5094955E-08 1.7546165E-08 2.2718456E-08 2.8542376E-08  286.4632 285.3681 289.4176 295.5326 283.1133 285.8191 291.0751 293.8366 282.1124 285.8568 288.3916 288.2334 281.9652 284.2226 283.7891 282.3052 277.7758 279.8885 279.2160 278.1411  0
1969 1.2354531E-08 2.1617950E-08 3.3796336E-08 2.1484748E-08 1.5732162E-08 2.4766694E-08 2.3780702E-08 1.9985062E-08 1.6562414E-08 1.8868606E-08 2.3759581E-08 2.9335489E-08 1.3557304E-08 1.7353697E-08 3.0382061E-08 4.2215500E-08 1.4814543E-08 2.1380353E-08 3.2145731E-08 3.9789590E-08  286.4656 285.5254 289.4676 295.7404 282.9322 285.5000 290.6742 293.9961 281.6197 285.2731 287.7958 287.8499 280.9196 283.2818 283.1207 282.0633 276.4664 278.6376 278.4487 277.9724  0.000967742
1970 1.0467607E-08 1.9817731E-08 3.2139297E-08 1.9897870E-08 1.1680049E-08 1.7665958E-08 1.8113777E-08 1.5500435E-08 1.2600036E-08 1.3980003E-08 1.5772004E-08 1.8816856E-08 1.1231664E-08 1.3469778E-08 1.9259470E-08 2.9220118E-08 1.2404915E-08 1.4908309E-08 1.9817275E-08 2.8062953E-08  287.5334 286.8748 290.4097 295.8027 284.3574 286.8746 291.7844 294.0286 283.1483 286.4713 289.0598 288.9860 282.1084 284.1947 283.9468 282.7570 277.3878 279.4337 278.9596 278.2416  0
1971 9.1784749E-09 1.7320421E-08 3.1101788E-08 1.7982297E-08 1.2050702E-08 1.7908842E-08 1.8241733E-08 1.5263229E-08 1.4450690E-08 1.4138625E-08 1.5663931E-08 2.0581680E-08 1.2199962E-08 1.2666824E-08 2.1778996E-08 3.3175617E-08 1.4251000E-08 1.5960060E-08 2.3419901E-08 3.2583447E-08  287.1335 286.6673 290.5701 295.8923 283.9438 286.9145 292.1048 294.0978 282.6122 286.5540 289.2850 289.2433 281.7914 284.2499 284.1177 283.1018 277.0859 279.2621 278.8857 278.3278  5648.13
1972 1.9510976E-08 2.8312387E-08 3.9760600E-08 2.5660052E-08 2.1100902E-08 2.9236999E-08 2.6111007E-08 2.5034737E-08 1.9141428E-08 2.0345221E-08 2.3602922E-08 3.0779002E-08 1.5149496E-08 1.9190537E-08 2.8872682E-08 3.9485240E-08 1.7061915E-08 2.2742904E-08 2.9466635E-08 3.5754272E-08  285.5133 284.5808 288.6721 295.2882 281.8633 284.3909 289.6227 293.6735 280.7548 284.3401 286.9108 286.9868 280.8007 282.9368 282.4523 281.1126 276.6665 278.7167 277.9392 277.0713  221.565
1973 7.2087709E-09 1.5208446E-08 2.6766907E-08 1.4963685E-08 7.2568533E-09 1.4890237E-08 1.4321214E-08 1.3485066E-08 8.7191605E-09 1.0899488E-08 1.2596216E-08 1.8319323E-08 8.2735534E-09 9.9136370E-09 1.6429412E-08 2.7231520E-08 9.8442969E-09 1.3106916E-08 2.0369466E-08 2.8127634E-08  287.9652 287.3931 290.8685 295.8914 285.1172 287.9392 292.9456 294.1053 284.0276 287.9434 290.6616 290.2367 283.2522 285.8067 285.7517 284.3821 278.9026 281.0782 280.4952 279.5909  296.742
1974 1.2096801E-08 2.2097037E-08 3.4743451E-08 1.9878549E-08 1.3108751E-08 2.1372013E-08 2.0402100E-08 1.7007636E-08 1.5273399E-08 1.6153775E-08 1.8224453E-08 2.2198625E-08 1.3936475E-08 1.6281263E-08 2.3057227E-08 3.0992044E-08 1.3312166E-08 1.7351489E-08 2.2347274E-08 2.7486001E-08  286.8970 286.2348 290.1563 296.0141 283.5710 286.4405 291.6609 294.1952 282.3242 286.2371 288.9796 289.0877 281.7674 284.1720 284.0040 282.9834 277.3402 279.6870 279.3853 278.6953  138.89
1975 1.0937290E-08 1.7833532E-08 2.7286537E-08 1.6570496E-08 1.2777023E-08 1.9424938E-08 1.6990230E-08 1.3190571E-08 1.3643119E-08 1.6094642E-08 1.6366721E-08 1.8125499E-08 1.1465259E-08 1.3796670E-08 2.0824249E-08 2.9618009E-08 1.2761870E-08 1.5885632E-08 2.2372445E-08 2.8601360E-08  287.5465 286.8546 290.2397 295.8848 284.2925 286.7630 291.6956 294.0853 282.9632 286.1740 288.7641 288.6877 281.9312 283.9320 283.5287 282.2595 277.3647 279.2047 278.4013 277.5031  79.5161
1976 1.2869363E-08 2.3689505E-08 3.6578815E-08 2.2048180E-08 1.7559257E-08 2.5528443E-08 2.1822308E-08 1.7611120E-08 1.6370970E-08 1.7251814E-08 1.7375299E-08 2.2406770E-08 1.1680815E-08 1.3220387E-08 2.0970409E-08 3.0618313E-08 1.2867583E-08 1.6432473E-08 2.2376348E-08 2.8892718E-08  286.6818 285.5092 289.1917 295.9012 283.1316 285.5350 290.6210 294.1072 282.0096 285.5204 288.1377 288.3861 281.4961 283.6759 283.4665 282.4218 277.0558 279.1402 278.6159 277.9570  229.71
1977 6.9131825E-09 1.6534297E-08 2.9898775E-08 1.7694951E-08 8.2476488E-09 1.4915754E-08 1.5078347E-08 1.3993612E-08 9.9033075E-09 1.1573015E-08 1.2843545E-08 1.7366022E-08 1.0306686E-08 1.2530486E-08 1.8829150E-08 2.9681370E-08 1.2168281E-08 1.4416565E-08 2.0510592E-08 2.9872030E-08  287.3574 286.7936 290.2352 295.6024 284.1884 286.9953 291.9272 293.8994 282.8622 286.7097 289.2701 288.9309 281.8301 284.2747 283.9073 282.5424 276.9199 279.1536 278.6131 277.7737  57.6452
1978 1.5308053E-08 2.2954275E-08 3.5537763E-08 2.1867793E-08 1.7491633E-08 2.5443995E-08 2.3287813E-08 1.7435264E-08 1.7281533E-08 1.9452678E-08 2.0251390E-08 2.4105763E-08 1.4818992E-08 1.8029020E-08 2.5941151E-08 3.6565066E-08 1.5647160E-08 1.7922405E-08 2.4175613E-08 3.2960106E-08  287.2211 286.3616 289.9520 295.9319 283.8835 286.2964 291.1391 294.1343 282.5116 285.6572 288.0980 288.2532 281.6359 283.3611 282.9044 281.9075 277.2126 278.8105 278.1292 277.3877  391.806
1979 1.0047742E-08 1.7289763E-08 2.9081441E-08 1.6846405E-08 1.3245780E-08 1.9959096E-08 1.7914603E-08 1.4132780E-08 1.7065826E-08 1.4243593E-08 1.6813528E-08 2.2302061E-08 1.5342525E-08 1.4598178E-08 2.4595336E-08 3.5351583E-08 1.6608281E-08 2.0085295E-08 2.8005525E-08 3.4438465E-08  287.0181 286.3109 290.1654 295.5311 283.6039 286.2738 291.3777 293.8464 282.1226 285.8219 288.4531 288.4655 281.1540 283.5834 283.3666 282.3328 276.5152 278.5520 278.3595 277.7820  46.3226
1980 1.3706180E-08 2.7236567E-08 4.0742488E-08 2.7017778E-08 1.5974273E-08 2.7015695E-08 2.6780404E-08 2.3083539E-08 2.0841746E-08 2.1101501E-08 2.3856073E-08 2.8792680E-08 1.6029912E-08 1.7005917E-08 2.5348285E-08 3.5959317E-08 1.4470109E-08 1.7621518E-08 2.5255252E-08 3.1542640E-08  286.6688 285.6796 289.2986 295.6575 283.0794 285.3008 290.2122 293.9382 281.4265 284.7957 287.3649 287.6514 280.6158 282.8423 282.7117 281.5716 276.4164 278.6788 278.2289 277.4111  162.34
1981 1.1174428E-08 1.6386414E-08 2.6005811E-08 1.5514331E-08 1.3798179E-08 1.9985862E-08 1.7184492E-08 1.3245949E-08 1.5808817E-08 1.5861714E-08 1.7992640E-08 2.0519797E-08 1.1933277E-08 1.2743240E-08 2.2431459E-08 3.2597832E-08 1.1658219E-08 1.4385113E-08 2.3892435E-08 3.2903088E-08  287.4630 286.8276 290.4872 295.6036 284.2375 286.9498 291.9302 293.8987 282.8911 286.6504 289.2118 289.1462 282.3074 284.5692 284.2652 282.9973 277.7946 279.9421 279.3581 278.5794  58.3226
1982 1.9308539E-08 2.9760857E-08 4.5356050E-08 3.1314379E-08 2.1265455E-08 3.0797541E-08 2.8097102E-08 2.6238915E-08 2.1465045E-08 2.1727177E-08 2.6530534E-08 3.3514642E-08 1.6909569E-08 1.9722213E-08 2.8815220E-08 3.8653436E-08 1.7323899E-08 2.0940423E-08 2.6978041E-08 3.3449844E-08  285.7938 284.5605 288.4706 295.5812 282.2661 284.1572 289.3559 293.8903 280.8835 283.9833 286.3217 286.7303 280.4427 282.3549 281.8811 280.7632 276.1850 278.1881 277.5760 276.6010  5.72258
1983 1.4192248E-08 2.4588333E-08 3.4999349E-08 2.3672433E-08 1.7434854E-08 2.6384944E-08 2.1768614E-08 1.7228347E-08 1.7055047E-08 1.8295166E-08 1.9847951E-08 2.2270500E-08 1.2001356E-08 1.5204444E-08 2.4431555E-08 3.6675015E-08 1.2465359E-08 1.6998198E-08 2.5162013E-08 3.2079104E-08  286.6641 285.2685 288.8814 295.9965 283.1616 285.3589 290.4771 294.2035 281.8293 285.3536 288.1461 288.3401 281.2562 283.6856 283.8257 282.7552 277.0417 279.4571 279.4206 279.0237  16.041
1984 9.0404271E-09 1.8899938E-08 3.2210075E-08 1.9349077E-08 9.7975885E-09 1.7902019E-08 1.8756838E-08 1.5827331E-08 1.1564977E-08 1.2975613E-08 1.5208183E-08 1.7012132E-08 1.0090357E-08 1.1666378E-08 2.1887367E-08 3.0621560E-08 1.2096517E-08 1.5517248E-08 2.4742906E-08 3.4166515E-08  287.7167 287.0084 290.6673 295.8123 284.6189 287.4252 292.4819 294.0541 283.3553 287.2691 290.1210 290.1929 282.5103 285.1969 285.2477 284.2948 277.9131 280.3495 280.2020 279.7205  0
1985 1.1232679E-08 2.2649974E-08 3.3302165E-08 1.7787565E-08 1.3718423E-08 2.3445924E-08 2.0033822E-08 1.5466124E-08 1.7356202E-08 1.9889439E-08 1.9474280E-08 2.1423530E-08 1.4056865E-08 1.5262238E-08 2.3381421E-08 3.3347611E-08 1.2715667E-08 1.5563256E-08 2.3448205E-08 3.1182715E-08  287.6273 286.8247 290.3920 295.7925 284.1753 286.6360 291.7000 294.0400 282.4854 286.1931 288.8517 288.9636 281.7759 284.1607 283.9293 282.8398 277.3114 279.5426 279.2353 278.5386  0
1986 2.1996176E-08 3.1829185E-08 4.0151889E-08 2.3260192E-08 2.4669518E-08 3.2582577E-08 2.6227839E-08 1.8540499E-08 2.2908626E-08 2.1983400E-08 2.3497259E-08 2.5367394E-08 1.6310153E-08 1.9025219E-08 2.8832277E-08 3.7640191E-08 1.5332583E-08 1.9991937E-08 2.7504463E-08 3.3878301E-08  286.0404 284.8479 288.9216 295.8475 282.5064 284.8805 290.1501 294.0818 281.4810 285.2127 287.8977 288.1716 281.4954 283.9611 283.7497 282.4597 277.5066 279.9229 279.6539 278.7871  0
1987 1.5070063E-08 2.2666335E-08 3.3280184E-08 1.9803920E-08 1.9519248E-08 2.7408165E-08 2.6105214E-08 2.2124167E-08 2.1652140E-08 2.4623848E-08 2.8550721E-08 3.2986787E-08 1.7639884E-08 2.2656488E-08 3.6946474E-08 4.7130008E-08 1.6065668E-08 2.2481554E-08 3.2888913E-08 4.1784993E-08  286.2707 285.6813 289.6851 295.5999 283.1586 285.8993 291.1174 293.9336 282.0389 285.7718 288.2531 288.2418 281.6082 283.8303 283.4583 282.2215 277.5891 279.6053 279.0329 278.2603  200.323
1988 9.2540935E-09 1.6192439E-08 2.9017800E-08 1.5832734E-08 9.1355989E-09 1.5263929E-08 1.5801543E-08 1.2031295E-08 1.1359377E-08 1.2771528E-08 1.4001714E-08 1.7760872E-08 1.0810026E-08 1.1407868E-08 1.8294035E-08 2.7985962E-08 1.2474605E-08 1.3622089E-08 1.9340959E-08 2.7752117E-08  287.5887 287.1068 291.0006 295.8104 284.7863 287.7217 292.7861 294.0620 283.5594 287.3550 290.1443 289.9634 282.4440 284.9124 284.8402 283.7066 277.6984 279.9421 279.5722 278.7430  18.6452
1989 1.5862380E-08 2.6116771E-08 3.7618907E-08 2.4559260E-08 1.6705835E-08 2.4925344E-08 2.1928592E-08 1.8451900E-08 1.6418543E-08 1.7268505E-08 1.8931349E-08 2.2742606E-08 1.2690648E-08 1.3905805E-08 2.1408155E-08 3.1971929E-08 1.2434396E-08 1.4985307E-08 2.2891195E-08 3.2035306E-08  287.0181 285.7897 289.4921 295.9096 283.7936 286.0688 291.1244 294.1307 282.6876 286.1701 288.8625 288.9039 281.9422 284.3569 284.3245 283.2664 277.6362 279.8621 279.5110 278.9235  0
1990 1.4636210E-08 2.6774279E-08 4.0115932E-08 2.5312362E-08 1.7724238E-08 2.8205930E-08 2.4202272E-08 1.9216849E-08 1.9842961E-08 2.0009038E-08 2.0331717E-08 2.5289218E-08 1.5231217E-08 1.6840014E-08 2.5549230E-08 3.5339614E-08 1.4979760E-08 1.7077529E-08 2.4585987E-08 3.4002952E-08  286.6299 285.4662 289.2600 295.7517 283.1394 285.2672 290.3709 294.0162 281.5776 284.8695 287.5188 287.8844 280.8953 282.8792 282.6306 281.7122 276.3435 278.2190 277.6473 277.0524  58.22
1991 1.2001525E-08 2.1717728E-08 3.5334715E-08 2.1029967E-08 1.4605399E-08 2.5285409E-08 2.2151356E-08 1.7797813E-08 1.5639571E-08 1.8943034E-08 2.0038131E-08 2.6114325E-08 1.2882542E-08 1.4840278E-08 2.2955515E-08 3.4705362E-08 1.3905718E-08 1.4960444E-08 2.1696682E-08 3.0719736E-08  286.5900 285.7906 289.4797 296.0565 283.3157 285.6265 290.6870 294.2388 282.0225 285.3046 287.8304 287.8858 281.1785 283.3542 282.9716 281.7194 276.6715 278.8631 278.3504 277.5936  0
1992 2.6287237E-08 3.6825988E-08 4.6972541E-08 3.2770501E-08 2.9995917E-08 3.8100655E-08 3.4019799E-08 2.8049843E-08 2.6947323E-08 2.8275064E-08 2.9642770E-08 3.4211794E-08 1.8061444E-08 2.1051738E-08 2.8025749E-08 4.0698655E-08 1.6492356E-08 1.9719593E-08 2.4293632E-08 3.1102484E-08  285.5957 284.2843 288.4996 295.8533 281.7952 284.1385 289.5076 294.0958 280.5371 284.0190 286.7039 287.0236 280.5293 282.5790 282.2438 280.9106 276.6102 278.6925 277.9215 276.8057  115
1993 1.8513260E-08 2.7164518E-08 4.0537611E-08 2.9035810E-08 2.2738737E-08 3.0498050E-08 2.8425923E-08 2.5424834E-08 2.4010070E-08 2.4268465E-08 2.7552410E-08 3.4377866E-08 1.7977772E-08 1.9252468E-08 3.0180704E-08 4.1740300E-08 1.7824830E-08 2.1748363E-08 3.0087019E-08 3.5556418E-08  285.1454 284.5313 288.8532 295.4664 281.7479 284.6483 289.9712 293.8288 280.8264 284.5905 287.0155 287.0345 280.8964 282.9614 282.2431 280.9478 276.9630 278.7204 277.7155 276.9218  19.0968
1994 1.5515353E-08 2.6717780E-08 3.7535955E-08 2.1796492E-08 2.1505901E-08 2.9767468E-08 2.5622684E-08 2.1103615E-08 2.1838281E-08 2.3140645E-08 2.6778842E-08 3.0620257E-08 1.7232116E-08 2.2715206E-08 3.2401996E-08 4.0512685E-08 1.8018982E-08 2.3760025E-08 3.0091833E-08 3.4451293E-08  286.1688 285.2129 289.1889 295.7702 282.4556 284.9728 290.3217 294.0402 281.1258 284.7852 287.4265 287.7986 280.8712 283.0291 282.8481 281.7201 276.5143 278.6762 278.2654 277.6669  3.05806
1995 1.7354610E-08 2.6708861E-08 3.7511462E-08 2.0204707E-08 1.8152368E-08 2.5744930E-08 2.1920735E-08 1.5019120E-08 1.7453216E-08 1.5889349E-08 1.7484240E-08 2.0070376E-08 1.3365869E-08 1.4264124E-08 2.1097520E-08 3.2712364E-08 1.5101879E-08 1.7880277E-08 2.5173239E-08 3.4596347E-08  287.0223 286.0080 289.8361 295.8759 283.6251 286.0852 291.2218 294.1089 282.3289 285.9327 288.6871 288.9169 281.6939 283.9393 283.7807 282.8024 277.0957 279.1954 278.7433 278.2965  4.10323
1996 1.2654009E-08 2.1963876E-08 3.1814558E-08 1.8584959E-08 1.6469279E-08 2.2503057E-08 1.8542490E-08 1.5663046E-08 1.8356740E-08 1.8469253E-08 1.7758847E-08 2.1220695E-08 1.3951562E-08 1.5636671E-08 2.2124281E-08 3.0857713E-08 1.4358413E-08 1.8195831E-08 2.2958096E-08 2.9340752E-08  286.8963 285.7656 289.5165 295.8242 283.3535 285.7153 290.8037 294.0681 281.9794 285.5921 288.1949 288.2779 281.4556 283.7658 283.4936 282.2135 277.3104 279.2213 278.5775 277.6779  0
1997 1.1487019E-08 2.1574117E-08 3.5611485E-08 2.5384033E-08 1.3811428E-08 2.4379942E-08 2.5840638E-08 2.3492463E-08 1.6306222E-08 2.0237101E-08 2.3236597E-08 2.9033320E-08 1.4365104E-08 1.8108476E-08 2.6850614E-08 3.7731095E-08 1.5586405E-08 2.0861263E-08 2.8316546E-08 3.5479339E-08  285.4280 284.7772 288.9544 295.3932 282.2692 285.0234 290.1222 293.7700 281.3643 285.0065 287.3070 287.3077 281.0363 283.0613 282.7351 281.4814 276.8927 278.8784 278.2361 277.6288  9.83065
1998 8.2679472E-09 1.6203506E-08 2.6763258E-08 1.2908744E-08 9.8444808E-09 1.8338900E-08 1.5498511E-08 1.1530616E-08 1.3874918E-08 1.6265611E-08 1.2560448E-08 1.3704941E-08 1.0721089E-08 1.2789595E-08 1.7948823E-08 2.4965709E-08 1.0328409E-08 1.2959613E-08 1.9051619E-08 2.6561850E-08  288.7008 288.0736 291.6781 295.6685 286.3820 289.1885 294.0921 293.9693 285.2515 289.0301 291.7297 291.3276 284.1912 286.4796 286.4057 285.1947 279.7121 281.5485 280.9199 280.1107  897.183
1999 8.8557233E-09 1.6431606E-08 2.5277648E-08 1.2342563E-08 9.2905470E-09 1.7285318E-08 1.2262285E-08 9.4484083E-09 1.0883818E-08 1.4333862E-08 1.3399735E-08 1.3505946E-08 9.4907806E-09 1.1922086E-08 1.8819179E-08 2.7191899E-08 1.0054547E-08 1.2618663E-08 1.8725745E-08 2.6325999E-08  288.1431 287.2719 290.7727 296.0874 285.4648 287.9216 292.9521 294.2546 284.3900 287.8781 290.7018 290.5580 283.2218 285.5824 285.8044 284.7969 278.6423 280.8659 280.7474 280.2015  15.6774
2000 1.3425073E-08 2.4517320E-08 3.2390393E-08 2.1535879E-08 1.4020443E-08 2.1957751E-08 1.7079097E-08 1.4728433E-08 1.3863308E-08 1.3379825E-08 1.4924943E-08 2.0389006E-08 9.9644719E-09 9.9947570E-09 1.7993123E-08 2.8456160E-08 1.0738172E-08 1.3203851E-08 1.9592409E-08 2.6502075E-08  286.7946 285.4291 289.5408 296.3057 283.8446 286.2517 291.5037 294.4148 283.1662 286.8314 289.4432 289.2873 282.9153 285.2393 284.8444 283.3551 278.7646 280.6938 279.9528 278.9776  0
2001 1.1637233E-08 1.9641666E-08 2.8144422E-08 1.6094836E-08 1.2319686E-08 1.9520275E-08 1.6098980E-08 1.3092242E-08 1.5418275E-08 1.5025057E-08 1.4541556E-08 1.6804265E-08 1.2619338E-08 1.3083331E-08 1.9934443E-08 2.9709053E-08 1.2826177E-08 1.4410940E-08 2.0985107E-08 2.8647955E-08  287.5764 286.6512 290.2877 296.1716 284.7216 287.0692 292.0670 294.3243 283.5398 286.9980 289.5648 289.4465 282.8309 285.0140 284.7024 283.4609 278.7376 280.5569 279.8270 278.9415  0
2002 1.7590548E-08 2.7925381E-08 3.7307061E-08 2.1110100E-08 2.2895239E-08 3.0920820E-08 2.4074224E-08 1.9040780E-08 2.2802130E-08 2.3787409E-08 2.2979030E-08 2.6878057E-08 1.5834482E-08 1.9167102E-08 2.8344711E-08 3.6525719E-08 1.4528865E-08 1.8176483E-08 2.4252744E-08 3.1350346E-08  286.4563 285.3665 289.4611 296.0967 282.9067 285.4581 290.9500 294.2702 281.8750 285.6483 288.5432 288.8817 281.7555 284.2687 284.2391 283.0744 277.6822 280.1410 279.9099 279.0315  121.742
2003 1.1982857E-08 2.1287308E-08 2.9771376E-08 1.7757548E-08 1.3419199E-08 2.2301382E-08 1.7147762E-08 1.2824893E-08 1.4239799E-08 1.5909359E-08 1.6833242E-08 2.0482775E-08 1.1816676E-08 1.3861231E-08 2.1289582E-08 3.0173599E-08 1.2917941E-08 1.5921469E-08 2.1042995E-08 2.7312927E-08  287.1585 285.9130 289.5068 296.1938 283.8150 285.8610 290.8864 294.3483 282.6144 285.7125 288.0928 288.1963 281.9641 283.8514 283.2595 281.8757 277.5476 279.3350 278.5437 277.5438  94.0645
2004 2.2278043E-08 3.5431480E-08 4.5773074E-08 2.9781910E-08 2.4551671E-08 3.3413716E-08 3.0711163E-08 2.4934343E-08 2.1418264E-08 2.3646821E-08 2.4819704E-08 2.9667898E-08 1.5189670E-08 1.8504830E-08 2.6586241E-08 3.5731961E-08 1.5808647E-08 1.9635186E-08 2.5628930E-08 3.3194915E-08  286.2127 284.8548 288.9652 295.7585 282.6725 285.0946 290.4496 294.0035 281.5841 285.0931 287.8409 288.0940 281.1275 283.3656 283.2747 282.2650 276.8658 279.0369 278.8059 278.2128  396.032
2005 1.8435529E-08 2.8420178E-08 3.6544638E-08 2.3927388E-08 2.1648233E-08 2.7734075E-08 2.2922533E-08 1.9812703E-08 2.1129500E-08 2.1002059E-08 2.0635467E-08 2.4374796E-08 1.6195612E-08 1.8417238E-08 2.6412776E-08 3.5471050E-08 1.6740618E-08 2.0093978E-08 2.6235950E-08 3.2795686E-08  286.7755 285.8794 289.9307 295.7281 283.3581 286.0376 291.3372 293.9988 282.2066 285.9490 288.4823 288.5847 282.2096 284.2432 283.6465 282.3575 278.2212 279.9437 278.8553 277.8437  44.7742
2006 1.4261304E-08 2.4994115E-08 3.6663852E-08 2.1034385E-08 1.6873614E-08 2.4480450E-08 2.0829182E-08 1.6869910E-08 1.8029988E-08 1.6984297E-08 1.8617373E-08 2.4807294E-08 1.3587657E-08 1.5032382E-08 2.3860137E-08 3.6837889E-08 1.3242807E-08 1.6722653E-08 2.3351715E-08 3.3167765E-08  287.0115 285.8760 289.7957 295.9921 283.6648 286.0626 291.2247 294.2156 282.4822 286.0390 288.6518 288.9265 282.2227 284.3659 284.1092 283.0615 278.1661 280.1192 279.5009 278.8142  0
2007 1.2421958E-08 2.2376950E-08 3.3160898E-08 1.9944466E-08 1.5087837E-08 2.3945644E-08 1.8365105E-08 1.4411508E-08 1.4714605E-08 1.4495494E-08 1.3610934E-08 1.6428313E-08 8.5427434E-09 7.9555855E-09 1.2702595E-08 2.3270585E-08 9.7362909E-09 1.0290807E-08 1.5162863E-08 2.2147074E-08  287.7701 286.6141 289.9349 296.1032 284.3546 286.4871 291.5245 294.2825 283.0101 286.3665 289.1620 289.2599 282.2537 284.5785 284.5575 283.3026 277.8386 280.0345 279.6739 278.7801  1069.68
2008 9.0002912E-09 1.5980824E-08 2.6999032E-08 1.3938431E-08 1.1311999E-08 1.9033479E-08 1.9128189E-08 1.3439397E-08 1.3637155E-08 1.5774148E-08 1.5987993E-08 1.7619513E-08 9.8969046E-09 1.2002030E-08 1.9464832E-08 2.7045484E-08 1.0146416E-08 1.2063376E-08 1.9258428E-08 2.8746181E-08  288.3679 287.7701 291.0447 295.5426 285.5498 288.1654 292.7975 293.8399 284.3605 287.8957 290.3628 290.1690 283.3070 285.5925 285.4286 284.2882 278.7329 280.8768 280.4406 279.7486  20.2903
2009 1.1771668E-08 2.0312605E-08 3.0504900E-08 1.9439506E-08 1.2856265E-08 2.2107979E-08 1.9062391E-08 1.7051470E-08 1.4429848E-08 1.8546825E-08 2.0788077E-08 2.7837569E-08 1.5039072E-08 1.9063297E-08 3.0127524E-08 3.9837637E-08 1.6521559E-08 2.3288925E-08 3.1929289E-08 3.8092672E-08  286.4704 285.7585 289.6596 295.7180 283.3682 285.8864 291.0547 294.0032 282.3321 285.7390 288.1108 287.8775 281.7251 283.8536 283.2543 281.8502 277.3964 279.2320 278.4165 277.5234  0
2010 9.6798036E-09 1.7247727E-08 2.8479784E-08 1.6165998E-08 1.0977637E-08 1.7526272E-08 1.7358168E-08 1.3759284E-08 1.1892373E-08 1.3122272E-08 1.2923932E-08 1.6080106E-08 9.1106838E-09 9.7719965E-09 1.5779460E-08 2.4564466E-08 1.0228733E-08 1.1387949E-08 1.5151770E-08 2.0967295E-08  288.0846 287.4239 291.2644 296.5152 285.3663 288.2495 293.4186 294.5786 284.4229 288.1752 291.0217 290.8336 283.4890 285.8988 285.8859 284.6770 278.9489 281.0754 280.7666 280.0506  0.0180645
2011 1.0305689E-08 1.6180302E-08 3.0906033E-08 1.5898388E-08 1.3054047E-08 2.0110429E-08 2.0188667E-08 1.5509558E-08 1.5596248E-08 1.5750704E-08 1.7994301E-08 2.1667582E-08 1.2841129E-08 1.2434928E-08 2.1676867E-08 3.3922952E-08 1.3119348E-08 1.4354868E-08 2.4047996E-08 3.4339976E-08  288.2454 287.9974 291.3975 295.8045 284.9994 287.9108 292.9127 294.0375 283.6145 287.3842 289.9745 289.8931 282.7314 285.0602 284.6441 283.5286 278.1372 280.1859 279.2929 278.6411  0
2012 1.2354930E-08 2.0597396E-08 3.5994073E-08 2.0457477E-08 1.4721426E-08 2.4403581E-08 2.5359350E-08 2.0886727E-08 1.6398230E-08 2.0669168E-08 2.4688235E-08 2.6464328E-08 1.5308743E-08 1.8155736E-08 3.0241868E-08 4.3068514E-08 1.5792287E-08 1.8871775E-08 2.9797452E-08 4.2490253E-08  287.5690 287.0327 290.7319 295.3715 284.4059 287.1607 292.0727 293.7203 283.1520 286.7065 289.2347 289.4590 282.2271 284.4550 284.1971 283.3612 277.7350 279.8649 279.3927 278.9047  8.7229
2013 1.0033171E-08 1.9856422E-08 3.0480010E-08 1.9134154E-08 1.3220052E-08 2.0764677E-08 1.7260005E-08 1.5359166E-08 1.4395557E-08 1.3971616E-08 1.3682919E-08 1.6473503E-08 1.1479160E-08 1.2828876E-08 1.8847471E-08 2.5353776E-08 1.1925518E-08 1.4073200E-08 2.1055605E-08 2.6578158E-08  287.8671 286.7623 290.2872 295.7890 284.5319 286.9243 291.7127 294.0214 283.1768 286.7146 289.2448 289.3080 282.4848 284.6988 284.4785 283.3551 278.0424 280.1729 279.6562 278.9803  0
2014 2.1908523E-08 3.0712801E-08 3.9434948E-08 2.5162720E-08 2.3233426E-08 2.9706010E-08 2.8240255E-08 2.3261800E-08 2.1026082E-08 2.2561718E-08 2.7848822E-08 3.3372924E-08 1.6861257E-08 2.1630756E-08 3.4202291E-08 4.5095067E-08 1.7677287E-08 2.3733314E-08 3.2380342E-08 3.8998177E-08  285.9040 284.9175 289.0152 295.5031 282.2443 284.8225 290.2703 293.8226 281.1611 284.8535 287.4624 287.6331 281.2263 283.3726 282.9347 281.7727 277.2415 279.3080 278.7096 277.8830  0
2015 1.3170013E-08 1.8686029E-08 2.9863092E-08 2.2458321E-08 1.5334903E-08 2.0166903E-08 2.2743652E-08 2.2732497E-08 1.6122721E-08 1.6804963E-08 2.4102102E-08 3.3326138E-08 1.4502186E-08 1.7645963E-08 3.2240610E-08 4.5082952E-08 1.6631066E-08 2.3002681E-08 3.4124795E-08 4.1764839E-08  285.3741 285.2830 289.5781 295.2543 282.2377 285.2651 290.3606 293.6587 281.1737 284.8346 286.9075 286.6175 280.7005 282.6903 281.9925 280.5837 276.6316 278.4169 277.4613 276.6288  0
