STN,00.0
LAT,28.73664429
LON,-99.1447556
1958 3.44839
1959 59.7742
1960 2.67419
1961 7.60968
1962 13.9355
1963 0
1964 0
1965 0
1966 13.1826
1967 0
1968 17.1161
1969 0
1970 30.0645
1971 11.9806
1972 78.4516
1973 29.7097
1974 136.419
1975 111.871
1976 73.6452
1977 234.419
1978 105.323
1979 43.7419
1980 51.4194
1981 6.97419
1982 71.9032
1983 28.6452
1984 17.1613
1985 0.592258
1986 28.3548
1987 153.71
1988 155.516
1989 41.8065
1990 0
1991 0
1992 949.62
1993 148.742
1994 23.0645
1995 37.9677
1996 24.6774
1997 0.00451613
1998 0.0609677
1999 117.097
2000 26.0645
2001 26.5484
2002 24.5806
2003 208.71
2004 84.5806
2005 224.161
2006 61.0323
2007 0
2008 148.161
2009 16.9355
2010 0.428387
2011 0
2012 0
2013 0
2014 0
2015 0
