STN,01.0
LAT,28.73664429
LON,-99.1447556
1958 163.968
1959 17.4258
1960 1.93226
1961 2.13226
1962 16.3548
1963 0
1964 0
1965 0
1966 0
1967 0
1968 165.818
1969 0
1970 17.4839
1971 10.7871
1972 52.5806
1973 37.4839
1974 118.097
1975 115.29
1976 72.129
1977 222.774
1978 88.3871
1979 67.9032
1980 51.1935
1981 14.5613
1982 66.6774
1983 37.3548
1984 22.9355
1985 537.806
1986 23.9355
1987 170.645
1988 155.387
1989 53.1935
1990 0
1991 6.32032
1992 558.935
1993 139.387
1994 24.8387
1995 41.9677
1996 20.7097
1997 0
1998 1.24613
1999 85.7419
2000 26.7097
2001 21.871
2002 22.871
2003 169.194
2004 90.8387
2005 174.71
2006 63.8065
2007 0
2008 142.903
2009 19.2581
2010 3.68581
2011 2.0129
2012 0
2013 0
2014 0
2015 0
