STN,02.0
LAT,28.73664429
LON,-99.1447556
1958 193.179
1959 8.67143
1960 1.41724
1961 84.9
1962 12.0214
1963 0
1964 0
1965 4.56071
1966 0
1967 0
1968 87.2414
1969 0
1970 13
1971 0.799286
1972 40.931
1973 43.75
1974 99.0357
1975 484.357
1976 51.1379
1977 275.393
1978 64.4643
1979 50.0714
1980 26.7931
1981 11.0179
1982 47.2857
1983 34.5714
1984 12.8
1985 34.8929
1986 17.9179
1987 103.821
1988 131.241
1989 62.7857
1990 0
1991 6.22143
1992 988.103
1993 123.143
1994 24.1429
1995 27.8571
1996 12.3034
1997 0
1998 17.2289
1999 55
2000 23.9655
2001 21.7143
2002 14.7857
2003 160.143
2004 84.6552
2005 221.643
2006 61.0357
2007 0
2008 108.828
2009 7.48571
2010 17.8936
2011 4.375
2012 0
2013 0
2014 0
2015 0
