STN,03.0
LAT,28.73664429
LON,-99.1447556
1958 302.968
1959 1.35806
1960 2.00323
1961 20.5065
1962 7
1963 0
1964 8.66452
1965 1.03226
1966 0
1967 0
1968 114.742
1969 0
1970 18.8387
1971 0.00290323
1972 28.4516
1973 42.8387
1974 83.6129
1975 127.677
1976 40.129
1977 207.226
1978 51.4194
1979 245.903
1980 15.6452
1981 7.72581
1982 64.4516
1983 34.2903
1984 2.72903
1985 80.2903
1986 6.56452
1987 142.29
1988 101.903
1989 49.6129
1990 0.00322581
1991 3.76774
1992 1079.1
1993 122.742
1994 37.6774
1995 41.3226
1996 6.24194
1997 0
1998 203.055
1999 61.5484
2000 17.6774
2001 26.9032
2002 12.3161
2003 167.387
2004 231.677
2005 276.71
2006 49.3548
2007 7.33548
2008 86.5484
2009 5.33258
2010 4.34194
2011 0.426774
2012 0
2013 0
2014 0
2015 0
