STN,04.0
LAT,28.73664429
LON,-99.1447556
1958 32.4467
1959 6.48667
1960 0.693333
1961 0.02
1962 31.0133
1963 0
1964 1.39
1965 54.1867
1966 21.0333
1967 32.7767
1968 57.8667
1969 0
1970 13.2267
1971 0
1972 18.1333
1973 86.8333
1974 58.4333
1975 141.933
1976 396.8
1977 452.333
1978 44.1
1979 420.533
1980 10.9133
1981 743.197
1982 52.1
1983 29.1
1984 1.09767
1985 16.1433
1986 11.7067
1987 99.5667
1988 84.2667
1989 30.2333
1990 8.04967
1991 28.1967
1992 677.733
1993 103.833
1994 30.6667
1995 52.2333
1996 5.807
1997 145.833
1998 13.3677
1999 60.4667
2000 7.64
2001 26.6667
2002 43.7333
2003 106.333
2004 1115.07
2005 162.7
2006 36.6667
2007 112.46
2008 44.9667
2009 2.223
2010 223.52
2011 0
2012 0
2013 0
2014 0
2015 5.24667
