STN,08.0
LAT,28.73664429
LON,-99.1447556
1958 0.103226
1959 1.47419
1960 34.0968
1961 11.2387
1962 0
1963 0
1964 0
1965 0
1966 385.665
1967 0
1968 0
1969 0.000967742
1970 0
1971 5648.13
1972 221.565
1973 296.742
1974 138.89
1975 79.5161
1976 229.71
1977 57.6452
1978 391.806
1979 46.3226
1980 162.34
1981 58.3226
1982 5.72258
1983 16.041
1984 0
1985 0
1986 0
1987 200.323
1988 18.6452
1989 0
1990 58.22
1991 0
1992 115
1993 19.0968
1994 3.05806
1995 4.10323
1996 0
1997 9.83065
1998 897.183
1999 15.6774
2000 0
2001 0
2002 121.742
2003 94.0645
2004 396.032
2005 44.7742
2006 0
2007 1069.68
2008 20.2903
2009 0
2010 0.0180645
2011 0
2012 8.7229
2013 0
2014 0
2015 0
