STN,09.0
LAT,28.73664429
LON,-99.1447556
1958 968.367
1959 9.31667
1960 1.12333
1961 2.04667
1962 0
1963 0
1964 115.767
1965 0
1966 62.7057
1967 422.032
1968 2.76567
1969 0
1970 97.2
1971 116.467
1972 54.84
1973 497.6
1974 1411.3
1975 84.5
1976 154.267
1977 50.0667
1978 30.8
1979 33.8333
1980 365.691
1981 46.6
1982 9.25333
1983 11.82
1984 0
1985 0
1986 49.27
1987 265.6
1988 29.4667
1989 0
1990 0.011
1991 337.733
1992 75.0333
1993 22.3
1994 8.34333
1995 128.633
1996 0
1997 0.00666667
1998 95
1999 17.6
2000 0
2001 12.6967
2002 1130.83
2003 109.7
2004 133.1
2005 66.3333
2006 2.44733
2007 466.333
2008 15.8667
2009 122.641
2010 70.7767
2011 0
2012 1.92933
2013 0
2014 0
2015 0
