STN,prec_1,prec_2,prec_3,prec_4,prec_5,prec_6,prec_7,prec_8,prec_9,prec_10,prec_11,prec_12,prec_13,prec_14,prec_15,prec_16,st_1,st_2,st_3,st_4,st_5,st_6,st_7,st_8,st_9,st_10,st_11,st_12,st_13,st_14,st_15,st_16,02.0
LAT,37.67308,37.67308,37.67308,37.67308,40.46365,40.46365,40.46365,40.46365,43.25420,43.25420,43.25420,43.25420,46.04472,46.04472,46.04472,46.04472,37.67308,37.67308,37.67308,37.67308,40.46365,40.46365,40.46365,40.46365,43.25420,43.25420,43.25420,43.25420,46.04472,46.04472,46.04472,46.04472,41.78058635
LON,-95.62500,-92.81250,-90.00000,-87.18750,-95.62500,-92.81250,-90.00000,-87.18750,-95.62500,-92.81250,-90.00000,-87.18750,-95.62500,-92.81250,-90.00000,-87.18750,-95.62500,-92.81250,-90.00000,-87.18750,-95.62500,-92.81250,-90.00000,-87.18750,-95.62500,-92.81250,-90.00000,-87.18750,-95.62500,-92.81250,-90.00000,-87.18750,-90.252073
1958 3.5610842E-08 3.8058143E-08 4.1647166E-08 4.3416509E-08 3.9183615E-08 4.3980624E-08 4.2548098E-08 3.7568885E-08 4.3179035E-08 4.5429228E-08 4.0490431E-08 2.6442120E-08 4.0425402E-08 4.5331756E-08 4.3459270E-08 3.4620658E-08  294.5373 294.1916 293.8352 292.7659 293.4325 292.2685 292.1060 292.1330 291.0988 289.7049 289.5232 278.5913 288.9998 287.2660 286.7250 287.2215  20875
1959 3.9242224E-08 4.0100975E-08 4.1458623E-08 4.3528310E-08 3.9787054E-08 4.7457618E-08 4.9873272E-08 4.0945515E-08 4.2861981E-08 5.1256951E-08 5.0575856E-08 3.4748204E-08 3.9877296E-08 5.0089785E-08 5.1356775E-08 4.2969631E-08  294.5387 294.1999 293.8535 292.7415 293.0365 291.7524 291.4775 291.5369 290.5561 288.9535 288.6645 278.5913 288.2560 286.4742 285.8817 286.2053  15582.1
1960 3.4726643E-08 3.4291379E-08 3.6422360E-08 4.0444760E-08 3.2738015E-08 3.9992951E-08 4.1774669E-08 3.8530555E-08 3.5266662E-08 4.3558110E-08 4.1788525E-08 2.7532309E-08 4.0571393E-08 4.5393289E-08 4.4475819E-08 3.7024869E-08  295.1206 294.7572 294.2993 293.1458 294.0294 292.7375 292.2829 292.1039 291.7498 290.2295 289.7821 278.5912 288.8781 287.1969 286.6245 286.8762  25706.9
1961 3.7819508E-08 3.8470766E-08 4.0008366E-08 4.1239662E-08 4.0196497E-08 4.6699608E-08 4.4378414E-08 3.6494086E-08 3.6302943E-08 4.3967002E-08 4.0537731E-08 2.7213689E-08 3.8261557E-08 4.4508155E-08 4.5052758E-08 3.7465487E-08  295.1715 294.7015 294.3459 293.2463 293.6760 292.4737 292.2370 292.2839 291.2903 289.8112 289.5673 278.5913 288.7475 286.9382 286.3252 286.7270  22003.6
1962 3.2799257E-08 3.5756663E-08 3.7439886E-08 4.1427835E-08 3.2144374E-08 4.0721329E-08 4.1280519E-08 3.6765833E-08 3.3964010E-08 4.1260293E-08 4.0446785E-08 2.5438871E-08 3.3825408E-08 3.8676990E-08 3.5884582E-08 2.8925639E-08  295.3153 294.5997 293.9680 292.6169 294.0629 292.5535 291.8915 291.6083 291.9060 290.0572 289.4717 278.5913 289.3678 287.3553 286.7404 286.9420  21142.9
1963 3.5238717E-08 3.7242781E-08 3.7508279E-08 3.8485251E-08 3.3776661E-08 4.2246988E-08 4.5423253E-08 4.0984958E-08 4.1072006E-08 5.1275372E-08 4.8449390E-08 3.3664577E-08 4.0657138E-08 4.7040150E-08 4.4960082E-08 3.6580197E-08  295.4304 294.8148 294.2256 292.9832 293.9401 292.5299 291.9281 291.7022 291.2144 289.3780 288.8733 278.5913 288.4186 286.6104 285.9692 286.3166  19617.9
1964 3.0747721E-08 3.4087840E-08 3.7715349E-08 4.2806484E-08 4.0520113E-08 4.6137703E-08 4.6464830E-08 4.3607095E-08 4.1744819E-08 4.8203166E-08 4.6003922E-08 3.1911753E-08 4.2134928E-08 4.4396533E-08 4.2704809E-08 3.6081268E-08  294.9574 294.6099 294.2787 293.1844 293.5048 292.2840 292.0612 292.1010 291.1711 289.7821 289.4435 278.5913 288.8932 287.2186 286.6378 286.9052  17724.1
1965 3.7065629E-08 3.6520646E-08 3.9684853E-08 4.2883389E-08 3.3971421E-08 3.9430351E-08 3.8418911E-08 3.4412324E-08 3.6319065E-08 4.4012960E-08 4.1103807E-08 2.5221979E-08 3.6010697E-08 4.3388482E-08 4.3791982E-08 3.4641026E-08  295.0898 294.5206 293.9999 292.8036 294.0267 292.6130 292.1035 291.8684 291.7267 290.0480 289.5205 278.5913 289.1192 287.1595 286.4875 286.7088  23264.3
1966 3.7853702E-08 3.8813230E-08 4.0412452E-08 4.3148351E-08 3.9402803E-08 4.7838160E-08 4.7304905E-08 4.1645311E-08 3.8575163E-08 4.6665804E-08 4.4438945E-08 2.9339327E-08 3.7711441E-08 4.4588361E-08 4.3225072E-08 3.4212334E-08  294.6879 294.2081 293.7856 292.5975 293.4495 292.1471 291.8292 291.6916 291.3581 289.8912 289.5182 278.5913 289.2357 287.4136 286.7375 287.1210  65682.1
1967 3.5669554E-08 3.7593850E-08 3.9831324E-08 4.4642128E-08 3.7180733E-08 4.5418524E-08 4.6813550E-08 3.9421682E-08 3.5504325E-08 4.4128623E-08 4.4178964E-08 2.9576706E-08 3.9686046E-08 4.5457710E-08 4.5010754E-08 3.7390627E-08  294.7588 294.4268 294.0389 292.9021 293.4646 292.2887 292.1089 292.1798 291.3431 289.8914 289.5604 278.5912 289.0103 287.1812 286.6684 287.0606  29046.4
1968 4.0046260E-08 4.0821284E-08 4.1316980E-08 4.4605361E-08 3.9618797E-08 4.5851863E-08 4.6239332E-08 4.2192372E-08 4.0170146E-08 4.7743566E-08 4.4761705E-08 2.9249133E-08 3.4693993E-08 4.1545782E-08 4.1103217E-08 3.3636798E-08  295.1924 294.8248 294.5716 293.4344 294.0605 292.7464 292.4186 292.3017 291.9126 290.1026 289.6391 278.5913 289.7290 287.6737 286.9931 287.3440  21737.9
1969 3.9305668E-08 4.1715708E-08 4.4621672E-08 4.7681990E-08 4.3329671E-08 4.8218588E-08 4.7026532E-08 4.1598888E-08 4.0937703E-08 4.4757204E-08 4.2200536E-08 2.7661331E-08 3.8213535E-08 4.1780403E-08 3.7785295E-08 2.9068405E-08  295.1220 294.6540 294.0896 292.8379 293.7104 292.4268 291.9529 291.8555 291.5666 290.1836 289.7014 278.5912 289.5297 287.8406 287.3158 287.6978  38000
1970 3.8160898E-08 4.1647908E-08 4.2250903E-08 4.4155474E-08 4.0892125E-08 4.8629715E-08 4.9860827E-08 4.3396824E-08 4.1971397E-08 4.9707644E-08 4.6049649E-08 3.0533105E-08 4.0759701E-08 4.4052008E-08 4.2369685E-08 3.2747064E-08  294.4288 294.0922 293.7346 292.5810 293.0812 291.7499 291.3575 291.3408 290.6991 289.0154 288.6628 278.5913 288.3497 286.5858 286.1275 286.5910  26628.6
1971 3.5913672E-08 3.9820208E-08 4.1988976E-08 4.5096645E-08 3.9311665E-08 4.8403731E-08 4.9751890E-08 4.2939057E-08 3.8732004E-08 4.9668376E-08 4.9397819E-08 3.4374729E-08 3.5628254E-08 4.2428713E-08 4.3137877E-08 3.4905170E-08  295.5359 294.7705 294.0360 292.6294 293.5018 292.0880 291.3704 291.0924 290.6332 288.8644 288.3972 278.5913 287.8354 286.0081 285.3143 285.6235  39571.4
1972 3.3764962E-08 3.5534846E-08 3.4572295E-08 3.6743124E-08 3.7109896E-08 4.3075946E-08 4.3427065E-08 3.7326949E-08 3.8055195E-08 4.4894062E-08 4.1799073E-08 2.6331941E-08 3.6157964E-08 4.2763027E-08 4.3619277E-08 3.4553796E-08  295.0824 294.5047 293.9733 292.7107 293.8181 292.3246 291.7833 291.5692 291.6384 289.7863 289.2679 278.5912 289.2170 287.1459 286.3688 286.5595  24069
1973 3.8396589E-08 4.2733781E-08 4.8267385E-08 4.8829566E-08 3.5549462E-08 4.4551211E-08 4.7325361E-08 4.2098296E-08 3.8505465E-08 4.6257213E-08 4.6611163E-08 3.4103881E-08 4.3277613E-08 4.9699125E-08 4.8525656E-08 4.0470443E-08  294.5530 294.1404 293.5962 292.4498 293.4235 292.2325 291.6788 291.5363 291.2585 289.5609 288.9298 278.5913 288.6819 286.7549 285.9796 286.2408  44489.3
1974 2.7973435E-08 2.9315178E-08 3.2698612E-08 3.9816296E-08 3.2838955E-08 4.0828816E-08 4.2480128E-08 3.7142787E-08 3.3612178E-08 4.6763034E-08 4.8125564E-08 3.5827632E-08 3.4461902E-08 4.2775333E-08 4.4194934E-08 3.7780300E-08  296.6198 295.9655 295.1776 293.7525 294.3243 292.7878 292.1755 291.9908 291.6288 289.6631 288.9693 278.5913 288.5597 286.5687 285.7597 285.9434  29867.9
1975 3.6320372E-08 3.7417522E-08 4.0473015E-08 4.6392334E-08 3.3651119E-08 4.0559271E-08 4.2955815E-08 3.8133823E-08 3.7786972E-08 4.6705175E-08 4.3113715E-08 2.8251657E-08 3.6834521E-08 4.4777352E-08 4.4267015E-08 3.5896555E-08  295.0652 294.6456 294.1555 292.9808 293.6751 292.3585 291.8702 291.8018 291.4664 289.6759 289.1862 278.5912 288.9591 286.9731 286.1947 286.3644  22989.3
1976 3.8501749E-08 3.9469793E-08 4.0996412E-08 4.6428990E-08 3.8283218E-08 4.4045994E-08 4.6071868E-08 4.1696083E-08 3.4848370E-08 4.2536254E-08 4.0771745E-08 2.7145491E-08 3.5651301E-08 4.0572441E-08 3.9228272E-08 3.3858360E-08  295.0519 294.4969 293.8993 292.5529 293.3904 292.0236 291.3966 291.1821 291.1928 289.4329 288.8161 278.5913 288.5777 286.5921 285.8359 285.9571  36679.3
1977 4.2957602E-08 4.3688704E-08 4.5908092E-08 4.8855998E-08 4.1722721E-08 4.6450882E-08 4.7655693E-08 4.1730832E-08 4.0273886E-08 4.7365411E-08 4.3032774E-08 2.6165713E-08 3.5884980E-08 4.0299540E-08 3.7074450E-08 2.8786005E-08  294.2264 293.9268 293.6370 292.5154 293.1118 291.9647 291.6593 291.5960 291.0290 289.4623 289.0973 278.5913 289.1599 287.2949 286.7029 287.0413  19182.1
1978 3.8435026E-08 4.2580247E-08 4.5314756E-08 4.8039695E-08 4.0090949E-08 4.8956533E-08 4.9862685E-08 4.2762132E-08 4.2709168E-08 4.9996839E-08 4.7789545E-08 3.2915263E-08 4.0546038E-08 4.4169237E-08 4.2193310E-08 3.3931688E-08  294.3220 293.7718 293.3659 292.3691 293.0846 291.6239 291.3002 291.2774 290.8312 289.1380 288.6591 278.5913 288.5357 286.6508 286.0556 286.4845  21335.7
1979 3.3900314E-08 3.8432653E-08 4.0665668E-08 4.8377228E-08 3.6383920E-08 4.4838256E-08 4.7022350E-08 4.2071068E-08 3.9900538E-08 4.9951559E-08 4.7714273E-08 3.0744545E-08 4.1313385E-08 4.6850545E-08 4.2378453E-08 3.4001264E-08  295.3912 294.8204 294.2816 292.9761 294.1801 292.6967 292.0984 291.9580 291.8125 289.9029 289.4128 278.5913 289.4957 287.5104 286.8007 287.0513  19278.6
1980 3.4663284E-08 3.5081356E-08 3.8124281E-08 4.2089354E-08 3.8542165E-08 4.7529873E-08 4.9541462E-08 4.3514436E-08 4.0326189E-08 4.9888957E-08 4.9498567E-08 3.5670318E-08 3.5997246E-08 4.2812552E-08 4.3286757E-08 3.5834418E-08  294.8196 294.3788 293.9073 292.6664 293.4886 292.0202 291.5720 291.3553 291.1972 289.3834 288.8400 278.5913 288.8778 286.7932 286.0656 286.3820  23620.7
1981 3.2598255E-08 3.3804266E-08 3.4206451E-08 3.7884575E-08 3.9288519E-08 4.7856936E-08 4.7579512E-08 4.0352784E-08 3.6826254E-08 4.4745764E-08 4.5616051E-08 3.0692426E-08 3.7372946E-08 4.4041791E-08 4.3468376E-08 3.6371272E-08  295.6652 294.9650 294.4357 293.2273 294.1093 292.6732 292.2289 292.2410 291.6547 290.1013 289.5754 278.5913 289.2467 287.2913 286.5547 286.7619  31717.9
1982 4.1516298E-08 4.6180443E-08 5.3575132E-08 5.5926019E-08 4.3107907E-08 5.7037706E-08 6.0789212E-08 5.2184458E-08 4.0225572E-08 4.9789652E-08 4.8326157E-08 3.4235249E-08 3.6015905E-08 4.0859355E-08 4.2207752E-08 3.4667664E-08  294.9023 294.5992 294.0819 292.8948 293.4285 292.0594 291.5960 291.5491 291.0462 289.3013 288.7855 278.7275 288.6349 286.6945 286.0448 286.3756  22925
1983 4.3560494E-08 4.4178229E-08 4.6739530E-08 4.6873570E-08 4.3987484E-08 4.6554192E-08 4.4485120E-08 3.8679751E-08 4.5559034E-08 4.7445887E-08 3.9633743E-08 2.1633916E-08 4.4661913E-08 4.7715481E-08 4.4050410E-08 3.3193341E-08  294.3927 294.4241 294.3818 293.4815 293.6163 292.6502 292.7834 292.9879 291.4919 290.4176 290.4525 278.7732 289.6883 288.2227 287.8030 288.2855  47332.1
1984 3.9135376E-08 4.1035527E-08 4.3201087E-08 4.5704617E-08 3.6108514E-08 4.3576396E-08 4.5647383E-08 3.9943849E-08 3.5112404E-08 4.3776950E-08 4.2505636E-08 2.8864385E-08 3.3635740E-08 4.1274181E-08 4.2722181E-08 3.3623742E-08  295.5094 295.0677 294.4379 293.1007 293.5677 292.3810 291.9399 291.7344 291.0758 289.5604 289.0857 278.6033 288.7393 286.8140 286.0868 286.2706  53679.3
1985 3.1662090E-08 3.5039033E-08 4.0582655E-08 4.3187676E-08 3.4226971E-08 4.2236632E-08 4.4143416E-08 3.8427530E-08 3.3942349E-08 4.2408278E-08 3.9954184E-08 2.6074138E-08 3.4971379E-08 4.2432571E-08 4.1817742E-08 3.2799655E-08  295.6047 295.0342 294.4600 293.1172 294.1660 292.7443 292.0709 291.8799 291.9388 290.2015 289.6613 278.6968 289.2782 287.2132 286.6774 287.1687  40689.3
1986 3.2107653E-08 3.8910152E-08 4.2947590E-08 4.4990362E-08 3.4643776E-08 4.2569926E-08 4.5002626E-08 4.1759524E-08 3.9469974E-08 4.8712952E-08 4.8822965E-08 3.2351021E-08 3.7032528E-08 4.4584841E-08 4.4196323E-08 3.5497827E-08  295.5320 294.8776 294.1862 292.8941 293.8330 292.4440 291.9519 291.8133 291.1220 289.4606 289.0234 278.6635 288.7259 286.7261 286.0485 286.3251  32214.3
1987 3.7412214E-08 3.8929684E-08 4.0137270E-08 4.4367624E-08 3.9248615E-08 4.4367294E-08 4.3487425E-08 3.9418094E-08 3.9138886E-08 4.5272316E-08 4.3629669E-08 2.7682498E-08 3.7010299E-08 4.3455788E-08 4.3265235E-08 3.7020566E-08  294.4081 294.0598 293.7953 292.8136 293.3585 292.1733 291.8768 291.8994 291.5033 289.7982 289.2976 278.6959 289.4766 287.5609 286.7151 286.8369  39278.6
1988 3.7546236E-08 4.1616055E-08 4.6724281E-08 5.1905570E-08 4.0278493E-08 4.8308976E-08 5.3199514E-08 4.8018492E-08 4.2174698E-08 5.3125468E-08 5.0005070E-08 3.1503124E-08 4.0101810E-08 4.7717979E-08 4.8236167E-08 3.8874003E-08  294.4348 294.1609 293.7902 292.6804 292.9791 291.8698 291.5912 291.5699 290.5802 289.1232 288.9230 278.8206 288.2631 286.5089 286.0180 286.4466  26206.9
1989 2.7410454E-08 2.9265639E-08 3.3593921E-08 3.9566956E-08 2.8912995E-08 3.8577703E-08 4.1536467E-08 3.8940147E-08 3.2904946E-08 4.3237460E-08 4.2299046E-08 3.0177652E-08 3.2337162E-08 3.8049109E-08 3.9136086E-08 3.3143319E-08  296.4314 295.7567 294.9272 293.4119 294.4899 292.9333 292.2089 291.8611 291.8207 289.8659 289.2047 278.6566 289.0157 286.8378 286.0435 286.2649  23896.4
1990 3.7963190E-08 3.8889272E-08 4.2302126E-08 4.6296321E-08 4.0224563E-08 4.5000636E-08 4.5999517E-08 3.9981273E-08 4.1601080E-08 4.8741377E-08 4.4707207E-08 2.9253489E-08 3.4108197E-08 4.0793715E-08 4.2534328E-08 3.3945213E-08  294.9873 294.6334 294.0099 292.6161 293.4136 292.2221 291.7355 291.5719 291.1544 289.4141 288.9171 278.7776 289.2590 287.2855 286.5508 286.9159  20096.4
1991 3.7562117E-08 4.0711505E-08 4.5240423E-08 5.0263466E-08 4.0475882E-08 4.6635126E-08 4.8804679E-08 4.5425040E-08 4.1725929E-08 4.5351698E-08 4.0857739E-08 2.8230259E-08 3.4948716E-08 3.9633925E-08 3.5882888E-08 2.8407872E-08  294.6310 294.2215 293.7408 292.3809 293.4303 291.9779 291.5186 291.4222 291.1363 289.4207 289.0383 278.8234 289.2628 287.2617 286.6326 287.0706  24571.4
1992 4.1689720E-08 4.2275946E-08 4.4818517E-08 4.7388664E-08 4.1780424E-08 4.5211294E-08 4.5764466E-08 4.0965759E-08 4.1600600E-08 4.5403574E-08 4.1294484E-08 2.6199949E-08 3.9085336E-08 4.3484356E-08 4.0156177E-08 3.2173613E-08  294.1035 293.8941 293.7071 292.7784 293.1929 292.0791 291.8968 291.9719 291.2937 289.8636 289.5473 278.7300 289.4422 287.6275 287.0734 287.4507  46269
1993 3.9192198E-08 4.0163922E-08 4.2302883E-08 4.5927447E-08 4.3863047E-08 5.2689391E-08 5.1277791E-08 4.2208661E-08 4.4748553E-08 5.0508980E-08 4.8002875E-08 3.1167747E-08 4.1053369E-08 4.5292147E-08 4.3837137E-08 3.6974246E-08  294.7921 294.4383 294.1815 293.0714 293.3030 292.0343 291.8652 291.9529 290.9320 289.4055 289.0689 278.5184 288.7701 286.8814 286.2543 286.6153  33442.9
1994 3.9921641E-08 4.0166800E-08 4.2091198E-08 4.4955101E-08 3.7065096E-08 4.5065242E-08 4.5612424E-08 3.9658755E-08 3.6584950E-08 4.2523968E-08 4.0206690E-08 2.3810003E-08 3.5377347E-08 3.9937500E-08 3.8399239E-08 3.0061258E-08  294.2824 293.9473 293.7425 292.7086 293.3711 292.0953 291.8600 291.9281 291.4949 289.9999 289.7309 278.5677 289.6040 287.8651 287.3631 287.7463  48035.7
1995 3.7235377E-08 3.9856776E-08 4.4373753E-08 4.8932531E-08 3.9906219E-08 4.5187438E-08 4.8163859E-08 4.2069999E-08 4.2155282E-08 4.8302383E-08 4.3897735E-08 2.8719075E-08 3.8796436E-08 4.6046036E-08 4.4426894E-08 3.5124344E-08  294.6535 294.3626 293.9908 292.8130 293.4193 292.2671 291.9451 291.9437 291.3109 289.7405 289.4191 278.7830 289.2342 287.3076 286.6196 286.9844  33210.7
1996 3.3008671E-08 3.8791281E-08 4.4846001E-08 4.4628791E-08 3.5685428E-08 4.1243318E-08 4.4344180E-08 4.1110319E-08 4.2087109E-08 5.2738265E-08 5.2221772E-08 3.5781223E-08 4.0042405E-08 4.8583203E-08 4.8765678E-08 4.2168121E-08  295.5638 294.9820 294.3663 293.1979 294.1624 292.8623 292.3657 292.1947 291.4320 289.7427 289.2130 278.5531 288.6379 286.6595 285.9189 286.0383  39817.2
1997 3.8952628E-08 4.1613148E-08 4.6711556E-08 4.9358910E-08 4.2937550E-08 5.2914476E-08 5.3894585E-08 4.7964754E-08 4.5477314E-08 5.5730840E-08 5.2452485E-08 3.6485357E-08 4.0570601E-08 4.9251458E-08 4.9583644E-08 4.0615763E-08  295.0694 294.7890 294.4777 293.3929 293.8508 292.5727 292.3253 292.3462 291.4495 289.7140 289.4182 278.3927 289.0213 287.2740 286.5627 286.8873  49382.1
1998 4.3095291E-08 4.5358618E-08 4.7854083E-08 4.8124893E-08 4.5645582E-08 5.3021381E-08 5.1666298E-08 4.4793573E-08 4.3393467E-08 4.8478807E-08 4.6188344E-08 3.0984840E-08 4.0141241E-08 4.2864510E-08 4.2368267E-08 3.4404270E-08  293.5125 293.3394 293.1680 292.1947 292.0639 290.9279 290.9078 291.0049 290.0380 288.6247 288.4894 278.7626 288.1738 286.5208 286.0957 286.5726  44057.1
1999 2.9394950E-08 3.0911593E-08 3.4813272E-08 4.0167070E-08 3.4279140E-08 4.2713339E-08 4.4410900E-08 4.0215131E-08 3.3750759E-08 4.1902922E-08 4.4756181E-08 3.1703333E-08 3.3042273E-08 3.8588684E-08 4.0343480E-08 3.4060019E-08  296.3735 295.7859 294.9661 293.5484 294.1696 292.8393 292.3593 292.2345 291.3402 289.7874 289.3094 278.7297 288.5764 286.8446 286.1319 286.3463  43467.9
2000 3.0403775E-08 3.1737173E-08 3.2940811E-08 3.8094978E-08 3.2564152E-08 3.8660286E-08 4.2143864E-08 3.7027693E-08 3.5705209E-08 4.4852062E-08 4.5844168E-08 3.2199939E-08 3.3956209E-08 4.2072458E-08 4.3239119E-08 3.7989849E-08  297.3872 296.8323 295.9863 294.4747 295.4900 294.1611 293.3643 293.1304 292.5406 290.8471 290.1520 278.7397 289.4759 287.4967 286.6983 286.7699  35227.6
2001 3.2204280E-08 3.3736221E-08 3.6645076E-08 4.3484611E-08 3.2450579E-08 3.6361374E-08 3.8833271E-08 3.7312834E-08 3.4474589E-08 4.3041272E-08 4.2624091E-08 2.5203651E-08 3.2511849E-08 4.1028027E-08 4.0885617E-08 3.3813151E-08  296.1652 295.6714 295.0828 293.7287 294.9207 293.5591 292.9429 292.7522 292.6921 290.7301 290.0613 278.6673 290.0196 287.9152 287.0345 287.1960  39589.3
2002 3.5483453E-08 3.8857017E-08 4.4771692E-08 4.8443759E-08 4.0153992E-08 4.7599642E-08 4.7300176E-08 4.2055593E-08 4.0129816E-08 4.8171497E-08 4.4033456E-08 2.7606269E-08 3.6260303E-08 4.2686437E-08 4.2619195E-08 3.3801214E-08  296.0129 295.3871 294.6340 293.0815 294.2267 292.8823 292.1733 291.8270 291.7049 290.0117 289.4286 278.9869 289.1934 287.2493 286.5167 286.8324  35789.3
2003 3.8639403E-08 4.0632710E-08 4.2937323E-08 4.6168040E-08 3.2395587E-08 3.7995850E-08 3.9533752E-08 3.7234599E-08 3.3721875E-08 3.7598010E-08 3.5957449E-08 2.3101556E-08 3.4344236E-08 3.8313186E-08 3.7036763E-08 2.9218890E-08  295.1714 294.7869 294.3643 293.1747 294.2606 292.9727 292.5309 292.3717 292.2748 290.5973 290.0985 278.6925 289.8324 287.7867 287.1266 287.4990  26539.3
2004 3.1523363E-08 3.4788318E-08 4.0842799E-08 4.3212484E-08 3.5427792E-08 4.4236742E-08 4.7647234E-08 4.1760917E-08 3.9072098E-08 4.9775686E-08 5.0499228E-08 3.3409901E-08 4.0106592E-08 5.0233997E-08 5.0815210E-08 4.0948787E-08  295.5762 294.9744 294.3169 293.0285 294.2219 292.7291 292.0379 291.8094 291.5017 289.5288 288.9076 278.6574 288.6707 286.6256 285.7978 286.1682  21475.9
2005 3.7741547E-08 4.1651642E-08 4.7204736E-08 5.0675037E-08 4.2260282E-08 5.2123244E-08 5.6137296E-08 4.9710295E-08 4.3488566E-08 5.0607067E-08 4.9429651E-08 3.3917235E-08 4.0893973E-08 4.9157169E-08 4.9596682E-08 4.0941980E-08  295.0007 294.6338 294.2495 293.2290 293.6299 292.3149 291.8917 291.9056 291.2387 289.5210 289.2122 278.7833 288.8953 286.9500 286.2999 286.6492  46164.3
2006 3.3704890E-08 3.4493461E-08 3.5187476E-08 3.8458023E-08 3.5906439E-08 4.3172612E-08 4.2760355E-08 3.9270521E-08 3.8573766E-08 4.3847500E-08 4.0966523E-08 2.7279441E-08 3.6514123E-08 4.3665711E-08 4.4052303E-08 3.5611304E-08  295.5491 295.0340 294.5360 293.3570 294.2510 292.8750 292.3672 292.2467 291.7004 290.0588 289.5926 278.6195 289.1466 287.3202 286.7491 287.2418  38450
2007 3.4180356E-08 3.9816804E-08 4.4451131E-08 4.9128598E-08 3.3752858E-08 4.1822776E-08 4.6411550E-08 4.3901665E-08 3.5389760E-08 4.4694914E-08 4.4411379E-08 3.0458164E-08 3.6671061E-08 4.2899092E-08 4.2437982E-08 3.4862829E-08  294.6798 294.3083 293.8464 292.5719 293.4210 292.2293 291.8535 291.6394 291.2088 289.6483 289.1920 278.8586 288.7938 286.9232 286.2688 286.5796  25507.1
2008 3.1692142E-08 3.5615919E-08 3.9367510E-08 4.3920146E-08 3.3332000E-08 4.4240661E-08 4.8237137E-08 4.3121410E-08 3.4556152E-08 4.4842885E-08 4.3712639E-08 2.9196606E-08 3.1133148E-08 3.8470525E-08 3.9533752E-08 3.2684458E-08  296.0774 295.3322 294.6055 293.1958 294.1827 292.5605 291.9809 291.7953 291.6954 289.5782 288.9934 278.6647 288.9361 286.7055 285.8532 286.0665  31458.6
2009 3.3105941E-08 3.7070965E-08 4.2609276E-08 4.7433101E-08 3.5986549E-08 4.5015042E-08 4.7682100E-08 4.5041546E-08 3.7658442E-08 4.6813142E-08 4.6913570E-08 3.3873015E-08 3.7046071E-08 4.4741050E-08 4.5047120E-08 3.8545625E-08  295.7373 295.2387 294.6958 293.3625 294.1402 292.6860 292.0865 291.7664 291.7289 289.6847 288.9690 278.5869 289.0792 286.9248 285.9291 285.9945  37414.3
2010 4.3791200E-08 4.4021981E-08 4.3955033E-08 4.5498236E-08 3.9789533E-08 4.4293419E-08 4.6007969E-08 4.0087190E-08 3.5383522E-08 3.9811642E-08 3.7149050E-08 2.2594923E-08 3.1368376E-08 3.6177351E-08 3.6971485E-08 2.9880241E-08  0.0000000E+00 0.0000000E+00 0.0000000E+00 0.0000000E+00 0.0000000E+00 0.0000000E+00 0.0000000E+00 0.0000000E+00 0.0000000E+00 0.0000000E+00 0.0000000E+00 0.0000000E+00 0.0000000E+00 0.0000000E+00 0.0000000E+00 0.0000000E+00  27960.7
2011 2.8417347E-08 3.0240436E-08 3.2482529E-08 3.6348851E-08 3.3355704E-08 4.1716284E-08 4.4350465E-08 3.8737365E-08 3.1099404E-08 3.9435815E-08 4.1989143E-08 2.8985584E-08 3.0817361E-08 3.6917413E-08 3.9193257E-08 3.4273818E-08  296.6614 295.9475 295.2760 293.9956 294.6758 293.2213 292.6927 292.5056 292.0143 290.3180 289.6226 278.6319 289.1856 287.1423 286.2973 286.5190  52350
2012 3.1728906E-08 3.1427547E-08 3.2642429E-08 3.7067540E-08 3.6056495E-08 4.5570967E-08 4.6576670E-08 4.0674074E-08 3.5882007E-08 4.5786368E-08 4.5681432E-08 2.9925296E-08 3.6875484E-08 4.2092644E-08 4.1620130E-08 3.3316539E-08  296.0091 295.4771 294.8962 293.5324 294.4019 292.8133 292.2071 291.9112 291.6960 289.8562 289.2579 278.8361 288.8626 286.9942 286.3401 286.6764  28796.6
2013 3.4567709E-08 3.9313761E-08 4.3545370E-08 4.7768530E-08 4.0357836E-08 4.7827712E-08 4.9688150E-08 4.2927525E-08 4.1366516E-08 4.9388046E-08 4.6996302E-08 3.1277658E-08 4.0276802E-08 4.6893501E-08 4.7101100E-08 3.7953360E-08  295.6077 294.7643 294.1341 292.8905 293.8319 292.3569 291.7714 291.6776 291.1135 289.4067 288.8499 278.8273 288.4329 286.5365 285.9506 286.3190  23621.4
2014 3.5519911E-08 3.8369862E-08 4.3488697E-08 4.8205258E-08 3.7118081E-08 4.6176599E-08 5.1122122E-08 4.5347413E-08 3.4200763E-08 4.5882409E-08 4.7853465E-08 3.4329627E-08 3.0745873E-08 3.7644750E-08 3.9827093E-08 3.4198688E-08  295.6108 295.1242 294.6140 293.4140 294.0226 292.7085 292.1297 291.9751 291.7354 289.9001 289.2807 278.3966 289.4280 287.4449 286.5251 286.7371  26153.6
2015 3.9077300E-08 3.8982655E-08 4.0363155E-08 4.3457032E-08 3.8384297E-08 4.2939803E-08 4.0533063E-08 3.6205662E-08 3.7498321E-08 4.0644640E-08 3.8566888E-08 2.2029500E-08 3.5672056E-08 4.1007937E-08 4.0501391E-08 3.4613194E-08  295.1782 294.8958 294.4363 293.2131 294.1586 293.1153 292.7505 292.5928 292.1648 290.8905 290.5117 278.5177 290.0912 288.2971 287.5626 287.7136  32121.4
