STN,prec_1,prec_2,prec_3,prec_4,prec_5,prec_6,prec_7,prec_8,prec_9,prec_10,prec_11,prec_12,prec_13,prec_14,prec_15,prec_16,st_1,st_2,st_3,st_4,st_5,st_6,st_7,st_8,st_9,st_10,st_11,st_12,st_13,st_14,st_15,st_16,10.0
LAT,37.67308,37.67308,37.67308,37.67308,40.46365,40.46365,40.46365,40.46365,43.25420,43.25420,43.25420,43.25420,46.04472,46.04472,46.04472,46.04472,37.67308,37.67308,37.67308,37.67308,40.46365,40.46365,40.46365,40.46365,43.25420,43.25420,43.25420,43.25420,46.04472,46.04472,46.04472,46.04472,41.78058635
LON,-95.62500,-92.81250,-90.00000,-87.18750,-95.62500,-92.81250,-90.00000,-87.18750,-95.62500,-92.81250,-90.00000,-87.18750,-95.62500,-92.81250,-90.00000,-87.18750,-95.62500,-92.81250,-90.00000,-87.18750,-95.62500,-92.81250,-90.00000,-87.18750,-95.62500,-92.81250,-90.00000,-87.18750,-95.62500,-92.81250,-90.00000,-87.18750,-90.252073
1958 3.4366803E-08 4.2302865E-08 5.2394853E-08 5.9065993E-08 2.8380699E-08 3.7471871E-08 4.4669246E-08 4.4397854E-08 2.1853337E-08 3.0849769E-08 3.5447574E-08 3.3464016E-08 1.7485306E-08 2.3710973E-08 2.8552090E-08 3.1204305E-08  281.0090 281.1411 281.2257 280.2924 278.2003 276.6619 276.7216 277.3250 273.6649 271.5817 272.4250 275.4735 270.7605 269.4302 269.6279 270.7224  17825.8
1959 3.4840241E-08 4.1953491E-08 5.0858358E-08 5.8305162E-08 3.0637761E-08 3.7432304E-08 4.2911275E-08 4.2127400E-08 2.5917567E-08 3.3044721E-08 3.7041548E-08 3.3795779E-08 2.2680647E-08 2.8564115E-08 3.2065817E-08 3.2636954E-08  281.5664 281.3993 281.2602 280.3724 279.0208 277.6141 277.2561 277.6395 274.0949 272.0036 272.7975 275.4732 271.1299 269.7679 270.0081 271.1171  52832.3
1960 2.9012137E-08 3.4638600E-08 4.3784731E-08 5.0824291E-08 2.5444002E-08 3.2662417E-08 3.9527233E-08 4.0394191E-08 2.1334316E-08 2.9252098E-08 3.3974281E-08 3.1470464E-08 1.6598499E-08 2.3863086E-08 2.9044882E-08 3.1694825E-08  282.1177 281.8492 281.5861 280.4125 279.4961 277.9191 277.5203 277.6537 274.8072 272.2851 272.8068 275.4735 271.7635 269.9366 269.8284 270.8008  26461.3
1961 2.5646253E-08 3.1617169E-08 4.0886967E-08 5.0530108E-08 2.2422443E-08 2.9339738E-08 3.6752123E-08 3.8084945E-08 1.9680005E-08 2.4492843E-08 2.7209023E-08 2.7857109E-08 1.8123648E-08 2.2053353E-08 2.3699572E-08 2.5170904E-08  280.5677 280.3961 280.2997 279.1501 277.3326 275.8185 275.6901 276.2355 272.2600 270.4225 271.1916 275.4735 269.2975 268.2296 268.4505 269.5657  32341.9
1962 3.1024641E-08 3.6898715E-08 4.4871914E-08 5.0336872E-08 2.4828946E-08 3.2153356E-08 3.9091265E-08 3.8126029E-08 1.8929557E-08 2.4163405E-08 2.6812423E-08 2.6686523E-08 1.7024275E-08 2.1343599E-08 2.3415986E-08 2.4768120E-08  282.1901 281.7527 281.2113 279.7447 279.2877 277.7226 277.0261 276.9945 274.3068 272.0945 272.3199 275.4735 271.0510 269.2402 269.1777 270.0027  39729
1963 3.1642198E-08 3.5111714E-08 4.3887564E-08 5.1180464E-08 2.5090495E-08 3.1800340E-08 3.6215969E-08 3.6589658E-08 2.0315403E-08 2.7057723E-08 2.8314544E-08 2.4981141E-08 1.8054742E-08 2.3753541E-08 2.8014636E-08 2.8827897E-08  282.4457 282.1528 281.7843 280.5909 279.8853 278.4433 277.9808 278.2435 275.5715 273.7718 274.1548 275.4732 272.7117 271.3613 271.4305 272.0638  18964.5
1964 2.8120811E-08 3.0957040E-08 3.7655948E-08 4.7268536E-08 2.2267139E-08 2.9861340E-08 3.6869753E-08 3.7384158E-08 1.9639169E-08 2.6770016E-08 3.0117778E-08 2.8427529E-08 1.7009000E-08 2.2530894E-08 2.6072822E-08 2.8010966E-08  281.1461 281.1940 281.1959 279.9652 277.7009 276.4674 276.3220 276.7446 272.9056 270.9355 271.5726 275.4736 269.7363 268.5451 268.7557 270.0108  25132.3
1965 2.6598613E-08 3.0643125E-08 3.8381796E-08 4.3180425E-08 2.1842906E-08 2.8195091E-08 3.4460388E-08 3.4357249E-08 1.9800417E-08 2.4851504E-08 2.7233121E-08 2.5998048E-08 1.6316797E-08 1.9911402E-08 2.2474552E-08 2.3875407E-08  281.5947 281.0692 280.5797 279.2552 278.5345 276.8208 276.5105 276.6631 273.8244 271.8541 272.3151 275.4736 271.0463 269.6324 269.5734 270.3170  67441.9
1966 3.4473910E-08 4.0841545E-08 5.0162704E-08 5.7590359E-08 3.0423060E-08 3.8524298E-08 4.5919457E-08 4.6174808E-08 2.5193764E-08 3.1452679E-08 3.3911761E-08 3.1098473E-08 1.9289740E-08 2.4738453E-08 2.7772453E-08 2.8875982E-08  281.5146 281.4753 281.3768 280.4052 278.2569 277.0140 276.9355 277.4387 273.5018 271.4731 272.1921 275.4735 270.6376 269.3275 269.6032 270.6774  27567.7
1967 3.3325954E-08 3.9924149E-08 4.8662073E-08 5.4738756E-08 2.6457894E-08 3.2376395E-08 3.6530054E-08 3.5292288E-08 2.1512795E-08 2.5271278E-08 2.5993696E-08 2.4663171E-08 1.8808072E-08 2.0905443E-08 2.2527670E-08 2.3784329E-08  280.5840 280.4276 280.2458 279.0114 277.6562 276.0441 275.7088 276.2217 272.8884 270.7480 271.4907 275.4732 270.0195 268.6750 268.9365 270.0858  22909.7
1968 3.4569432E-08 4.0968313E-08 4.9218276E-08 5.3075780E-08 2.5461729E-08 3.0489829E-08 3.6866997E-08 3.7771223E-08 2.0953154E-08 2.4478929E-08 2.5665120E-08 2.5280098E-08 1.8069036E-08 2.1279149E-08 2.2989843E-08 2.4610223E-08  280.4630 280.0195 279.7471 278.5126 277.3918 275.9520 275.7584 276.1401 272.6095 271.0188 271.9222 275.4735 269.8844 268.9543 269.5476 270.7349  64177.4
1969 3.2496196E-08 4.0766835E-08 5.5463595E-08 6.5724549E-08 2.6642189E-08 3.3389622E-08 4.2755545E-08 4.6560203E-08 2.1524034E-08 2.7406422E-08 3.1779049E-08 3.2330149E-08 1.7687736E-08 2.2911765E-08 2.6895911E-08 2.8853627E-08  281.5718 281.2726 280.9701 279.8372 278.7921 277.3428 276.9407 277.1704 274.1277 272.1257 272.7472 275.4735 270.9400 269.4520 269.7039 270.8144  27880.6
1970 2.7031961E-08 3.4803662E-08 4.3894435E-08 5.2666891E-08 2.2525928E-08 2.9847495E-08 3.6788485E-08 3.6378061E-08 1.8834664E-08 2.3281446E-08 2.6268030E-08 2.5636337E-08 1.7424982E-08 2.1624849E-08 2.4394254E-08 2.6877052E-08  280.7918 280.4375 280.1800 278.8509 277.6724 275.9111 275.4658 275.9674 272.5027 270.2986 271.0221 275.4735 269.1983 268.0489 268.3158 269.5059  32583.9
1971 2.9515190E-08 3.5496626E-08 4.4054779E-08 5.2836000E-08 2.5906919E-08 3.4131858E-08 4.0180897E-08 3.9961886E-08 2.2264937E-08 2.8647250E-08 3.2673665E-08 3.1458040E-08 1.9979817E-08 2.5065647E-08 2.8992634E-08 3.1194883E-08  282.1082 281.8769 281.7286 280.4503 279.0914 277.7914 277.4169 277.6729 273.9438 271.9704 272.5574 275.4732 270.5254 269.3064 269.4712 270.5062  34454.8
1972 3.4249016E-08 3.5337749E-08 4.0345583E-08 4.6391687E-08 2.6288406E-08 2.9232361E-08 3.1967534E-08 3.1495311E-08 2.0273845E-08 2.3559085E-08 2.4250102E-08 2.2924091E-08 1.6626844E-08 1.9931942E-08 2.1646983E-08 2.3118831E-08  281.2763 281.0130 280.6442 279.4633 278.7837 277.1924 276.9937 277.2839 274.5312 272.3806 273.2462 275.4735 272.2604 270.5934 270.7202 271.6184  75371
1973 2.6498594E-08 3.5728537E-08 4.5293838E-08 5.0321752E-08 2.2775167E-08 3.2149636E-08 4.1708024E-08 4.1764999E-08 2.2985169E-08 3.1347934E-08 3.5747743E-08 3.3515960E-08 2.2020116E-08 2.7903257E-08 3.0580988E-08 3.1545525E-08  281.9277 281.8310 281.7363 280.5806 278.7354 277.2782 277.0658 277.3757 273.3241 271.3305 271.8044 275.4735 269.9449 268.4698 268.6336 269.7024  53000
1974 2.6761471E-08 3.2036791E-08 3.9946233E-08 4.5313687E-08 2.1858741E-08 2.6513039E-08 3.1507614E-08 3.2795750E-08 1.8698403E-08 2.3487143E-08 2.4975730E-08 2.4822935E-08 1.4873763E-08 2.0063256E-08 2.3862642E-08 2.6080285E-08  281.4405 281.0275 280.5907 279.2769 278.4215 276.8034 276.2425 276.3240 273.5894 271.2650 271.9267 275.4735 270.3620 268.8261 268.8363 269.7138  24880.6
1975 2.6922867E-08 3.3812707E-08 4.4684938E-08 5.5355013E-08 2.4055533E-08 3.1818288E-08 3.9218367E-08 4.1950241E-08 1.8991122E-08 2.4574488E-08 2.8082248E-08 2.8158848E-08 1.7709841E-08 2.2423290E-08 2.5074701E-08 2.6514313E-08  280.8006 280.7618 280.7026 279.5102 277.2964 275.7650 275.7023 276.1554 272.1327 270.4435 271.3690 275.4732 269.1271 268.1697 268.5851 269.7083  26432.3
1976 3.4047268E-08 3.9747224E-08 4.8834668E-08 5.3892105E-08 2.5613902E-08 3.2133883E-08 3.8108052E-08 4.0137191E-08 2.0004046E-08 2.4476897E-08 2.7179237E-08 2.7939532E-08 1.7230741E-08 2.0417191E-08 2.1885356E-08 2.3560549E-08  280.7501 280.6202 280.3965 279.2405 278.0663 276.3247 276.2673 276.7067 273.4102 271.4623 272.1395 275.4735 270.8282 269.8227 269.9991 270.7303  15964.5
1977 2.9242754E-08 3.7455688E-08 4.8822148E-08 5.5884882E-08 2.3504720E-08 3.2435750E-08 3.8959232E-08 3.8432475E-08 2.0518497E-08 2.7908689E-08 3.1444490E-08 2.8333876E-08 1.8048267E-08 2.4283198E-08 2.8397096E-08 2.9396945E-08  281.9371 281.7696 281.6375 280.6371 279.2675 277.7601 277.4368 277.7215 274.6940 272.4354 273.0768 275.4735 271.6322 269.8697 269.8464 270.8821  48477.4
1978 2.7131936E-08 3.4214928E-08 4.2307615E-08 4.9719002E-08 2.2590251E-08 3.1476148E-08 3.9269207E-08 3.9416079E-08 1.7743202E-08 2.4295726E-08 2.7584290E-08 2.7152497E-08 1.6468901E-08 2.1199629E-08 2.4141508E-08 2.6859436E-08  281.6811 281.2784 281.0305 279.6321 278.4565 276.6476 276.2505 276.5216 273.4409 270.9285 271.5594 275.4735 269.9574 268.5919 268.7874 269.8922  38067.7
1979 2.8353186E-08 3.5158433E-08 4.5415451E-08 5.1655785E-08 2.3337915E-08 3.1077413E-08 3.9608882E-08 4.1185526E-08 1.9411168E-08 2.6712355E-08 3.1489719E-08 2.9634693E-08 1.6674997E-08 2.0467253E-08 2.4046523E-08 2.6290618E-08  282.6698 282.3293 282.0257 280.7956 279.9921 278.4223 277.9213 278.0464 275.7809 273.1104 273.4235 275.4732 272.4068 270.6526 270.4131 271.1143  32361.3
1980 3.2577173E-08 3.9960177E-08 5.1263264E-08 5.7989169E-08 2.7740718E-08 3.6482685E-08 4.5440487E-08 4.6192596E-08 2.4385088E-08 3.1498470E-08 3.5367105E-08 3.4458218E-08 2.0101764E-08 2.5358780E-08 2.8600068E-08 3.1176995E-08  281.2873 281.0297 280.8969 279.9425 278.5785 277.1725 276.8250 277.3119 273.7683 271.7807 272.4051 275.4735 270.6527 269.2467 269.4151 270.5995  48064.5
1981 3.4318223E-08 4.1005954E-08 5.1189687E-08 5.7468746E-08 2.6141549E-08 3.4095201E-08 4.2821053E-08 4.4090822E-08 2.2919194E-08 2.8110652E-08 3.1066968E-08 2.9892874E-08 2.0586400E-08 2.5136988E-08 2.7309563E-08 2.8327110E-08  281.8387 281.4386 281.1124 279.8754 278.9973 277.3084 276.8477 277.2128 273.9851 271.4876 272.1334 275.4735 270.8772 269.4945 269.6783 270.6527  47112.9
1982 3.0889254E-08 3.6427199E-08 4.5938563E-08 5.0260571E-08 2.4228139E-08 3.0001651E-08 3.5794361E-08 3.7594951E-08 2.0587439E-08 2.5994797E-08 2.8058063E-08 2.7356428E-08 1.7904277E-08 2.2161144E-08 2.4890205E-08 2.5775465E-08  281.7043 281.4237 280.9879 279.9129 279.4764 277.6969 277.3957 277.6596 275.2880 273.3218 273.5333 275.3227 272.5280 271.0578 270.8794 271.5835  61967.7
1983 3.3519051E-08 4.3067867E-08 5.4555422E-08 5.9443590E-08 2.9810106E-08 3.9840909E-08 5.0227047E-08 4.9138713E-08 2.6549186E-08 3.4076788E-08 3.8552905E-08 3.6908613E-08 2.3208333E-08 2.7928827E-08 3.1307454E-08 3.2765335E-08  282.9104 282.8013 282.8353 281.9065 280.3245 279.0075 278.9422 279.2758 275.1491 273.2977 274.0563 275.6729 272.0460 270.8054 270.9091 271.8760  53061.3
1984 2.6848747E-08 3.4256296E-08 4.7633332E-08 5.9900323E-08 2.7046763E-08 3.7826830E-08 4.7246218E-08 4.8299857E-08 2.5496803E-08 3.5602081E-08 4.1906283E-08 3.8589196E-08 2.3729996E-08 3.0084870E-08 3.5216871E-08 3.6736008E-08  282.4746 282.4637 282.5251 281.3871 279.2616 277.9449 277.8046 278.1002 273.9245 272.1141 272.5999 275.3782 270.4039 268.9013 269.2412 270.4897  51103.2
1985 2.5053385E-08 3.2173265E-08 4.1054111E-08 4.6916206E-08 2.2179139E-08 2.9957008E-08 3.8095052E-08 3.8748116E-08 2.1043018E-08 2.7930845E-08 3.0677196E-08 2.7685802E-08 1.8312019E-08 2.4003565E-08 2.6371577E-08 2.6502535E-08  282.8539 282.5696 282.2809 281.1204 280.0367 278.5154 278.1808 278.2891 274.9900 272.8188 273.3961 275.5275 271.9235 270.4049 270.3905 271.3386  89838.7
1986 2.8546326E-08 3.3436113E-08 4.2346343E-08 4.6957421E-08 2.4540830E-08 3.0153938E-08 3.5079395E-08 3.5051276E-08 1.9589832E-08 2.3657680E-08 2.5624981E-08 2.3290726E-08 1.6264099E-08 2.0034571E-08 2.1929274E-08 2.2729589E-08  282.8792 282.5103 282.0522 280.6647 280.5896 279.0065 278.4232 278.4223 276.8704 274.7742 274.7994 275.2984 274.2575 272.5173 272.0478 272.2538  149442
1987 3.5794610E-08 4.4881848E-08 5.5106344E-08 6.1406517E-08 2.7682564E-08 3.7076731E-08 4.5310244E-08 4.7242782E-08 2.2942254E-08 2.9278825E-08 3.3574132E-08 3.2842060E-08 2.0535310E-08 2.4440981E-08 2.6523928E-08 2.7464356E-08  281.6081 281.5161 281.3564 280.3613 279.3088 277.6294 277.3515 277.7268 274.8871 272.8886 273.3933 275.4846 271.6916 270.4413 270.6506 271.5310  22229
1988 2.6472765E-08 3.4273601E-08 4.5015774E-08 5.5319468E-08 2.3462327E-08 3.4847609E-08 4.7021569E-08 4.8795435E-08 2.2599867E-08 3.0506047E-08 3.5266947E-08 3.4287954E-08 2.0174673E-08 2.5358256E-08 2.8777535E-08 3.0374878E-08  282.7207 282.7833 282.7937 281.4705 279.0646 277.8542 277.5289 277.6511 273.5872 271.7125 272.2460 275.3654 269.8611 268.5978 268.6810 269.8961  21903.2
1989 2.4429713E-08 3.3670965E-08 4.6814680E-08 5.6684922E-08 2.3475398E-08 3.2865685E-08 4.4255845E-08 4.5491099E-08 1.9627885E-08 2.6650408E-08 3.0823006E-08 3.0797555E-08 1.9413040E-08 2.3898698E-08 2.6959539E-08 2.9132950E-08  281.9539 281.7321 281.6685 280.5872 278.7092 277.2401 277.0334 277.2336 273.4543 271.2494 272.0355 275.5331 269.7816 268.5518 268.8032 269.9928  17771
1990 3.1294846E-08 3.6711054E-08 4.2479584E-08 4.6510518E-08 2.7021306E-08 3.2304943E-08 3.5900062E-08 3.3575514E-08 2.0482057E-08 2.5864985E-08 2.7922292E-08 2.4910889E-08 1.8670478E-08 2.2939368E-08 2.4986686E-08 2.5069262E-08  281.3712 281.1476 280.7840 279.5040 278.9381 277.4225 276.9786 277.0622 274.2759 272.3794 272.9415 275.6299 271.2559 269.8827 269.8600 270.9108  37454.8
1991 3.4643080E-08 4.0082295E-08 4.6560451E-08 4.9995279E-08 2.8576597E-08 3.3974871E-08 3.7164106E-08 3.5910727E-08 2.4097902E-08 2.8511925E-08 3.0146840E-08 2.7683829E-08 2.0656282E-08 2.5243718E-08 2.7028911E-08 2.7317032E-08  280.6667 280.3879 280.1014 279.0983 278.2467 276.9198 276.6266 276.8779 274.1549 272.3351 272.6848 275.6399 271.1702 269.7021 269.6819 270.5065  37480.6
1992 3.0317302E-08 3.6500925E-08 4.5888068E-08 5.1172059E-08 2.3233834E-08 3.1184932E-08 3.9158810E-08 4.0131496E-08 1.7837163E-08 2.3686709E-08 2.6238173E-08 2.5764372E-08 1.5090922E-08 1.8007832E-08 2.0487894E-08 2.2650131E-08  280.7596 280.6347 280.2878 279.1451 278.2333 276.4127 276.0240 276.4732 273.9793 271.7732 272.1397 275.2700 271.7184 270.2291 269.9720 270.6346  43441.9
1993 3.7812377E-08 4.0174239E-08 4.5150252E-08 4.8206704E-08 2.9301704E-08 3.4588197E-08 3.8119037E-08 3.6874042E-08 2.3086443E-08 2.9000233E-08 3.1286913E-08 2.8812611E-08 1.8782625E-08 2.3197510E-08 2.5887081E-08 2.7703585E-08  280.9835 280.6193 280.2878 279.0869 278.1176 276.5777 276.2950 276.5835 273.6342 271.7338 272.2069 275.3749 270.8860 269.5236 269.5122 270.3839  55977.4
1994 3.4645385E-08 4.1074177E-08 5.1175622E-08 5.6341609E-08 2.8167040E-08 3.6146577E-08 4.4486981E-08 4.4410811E-08 2.1026787E-08 2.6137361E-08 2.9674483E-08 2.9367117E-08 1.7746576E-08 2.1859430E-08 2.4080252E-08 2.5615849E-08  281.2486 281.2148 281.2428 280.3706 278.9132 277.5779 277.5178 277.9698 275.2545 273.2322 273.6807 275.4776 272.6399 270.8672 270.6176 271.4614  59464.5
1995 3.0941468E-08 3.5553281E-08 4.4445077E-08 5.1320686E-08 2.7228737E-08 3.5973443E-08 4.3331891E-08 4.2624233E-08 2.2428674E-08 3.0932341E-08 3.5652906E-08 3.3246241E-08 2.0112358E-08 2.6009239E-08 2.9754911E-08 3.0776885E-08  282.0530 281.8773 281.7418 280.5094 279.3470 277.9241 277.6208 277.8825 274.7610 272.5550 272.8852 275.5088 271.5172 269.9265 269.7082 270.6580  63854.8
1996 3.0277214E-08 3.7372661E-08 4.7296588E-08 5.5395464E-08 2.5438043E-08 3.3426922E-08 4.1265974E-08 4.1598184E-08 2.1819632E-08 2.8223592E-08 3.2110012E-08 3.0889737E-08 1.9676095E-08 2.4195696E-08 2.7155544E-08 2.8422928E-08  282.0550 281.8219 281.6726 280.6037 279.3138 277.8163 277.4336 277.6382 274.8395 272.4739 273.0307 275.5246 271.4297 269.9275 269.9889 271.0429  30954.8
1997 4.3244665E-08 4.8909222E-08 5.6597479E-08 6.0382824E-08 3.4948076E-08 3.9960167E-08 4.3653074E-08 4.0989033E-08 2.8404868E-08 3.0590286E-08 3.0502189E-08 2.8329287E-08 2.2438899E-08 2.5165228E-08 2.6613227E-08 2.6732801E-08  281.2408 281.2574 281.1526 280.1852 279.1178 277.8350 277.7989 278.1659 275.2448 273.5552 274.1502 275.3517 272.5078 271.4218 271.5779 272.2666  43332.3
1998 2.4582373E-08 3.0660964E-08 3.9485290E-08 5.0353588E-08 2.0823423E-08 3.0109256E-08 3.8876561E-08 3.9798149E-08 1.9337946E-08 2.7202583E-08 3.2171258E-08 3.0378953E-08 1.8834426E-08 2.4963549E-08 2.8790000E-08 3.1040969E-08  282.7971 282.7045 282.6271 281.5012 279.2497 278.0552 277.8182 278.1370 273.9314 272.1247 273.0152 275.7744 270.2006 268.9551 269.3479 270.5771  36422.6
1999 3.0056192E-08 4.0541689E-08 5.2511840E-08 6.1418881E-08 2.5997352E-08 3.7180396E-08 4.9113968E-08 5.1761042E-08 2.3018202E-08 3.1461941E-08 3.9068961E-08 3.8833836E-08 2.3235213E-08 3.0059372E-08 3.4026780E-08 3.5659347E-08  283.6712 283.6941 283.7859 282.6822 280.2138 279.1776 279.0676 279.1655 274.6873 273.0104 273.4193 275.5649 270.6269 269.5421 269.7744 270.9019  34438.7
2000 3.3259749E-08 3.9582275E-08 4.9092403E-08 5.6811089E-08 2.7243130E-08 3.5922927E-08 4.3764132E-08 4.3790969E-08 2.3125446E-08 3.0586026E-08 3.4801420E-08 3.2996166E-08 2.1028114E-08 2.6707012E-08 2.9783138E-08 3.1300669E-08  282.6557 282.7593 282.6706 281.4989 279.4542 278.2914 278.0448 278.3060 274.1667 272.2066 272.8782 275.5267 270.5132 269.2919 269.4127 270.4589  25045.2
2001 2.8606994E-08 3.5864304E-08 4.7164910E-08 5.4385698E-08 2.3747358E-08 3.2365179E-08 4.1761194E-08 4.2463583E-08 2.2709864E-08 2.8834819E-08 3.3391302E-08 3.2503486E-08 2.1517144E-08 2.7323953E-08 3.1306712E-08 3.4079214E-08  282.4136 282.2515 282.1000 280.9167 279.5616 278.3399 278.1162 278.2693 274.5375 272.6475 273.3974 275.5136 270.9845 269.7714 269.9844 271.2117  30045.2
2002 2.9205710E-08 3.6848878E-08 4.4507022E-08 4.9898247E-08 2.2818000E-08 2.9743797E-08 3.5710588E-08 3.4760365E-08 2.0412200E-08 2.5761084E-08 2.7477254E-08 2.5042750E-08 1.7605053E-08 2.2180778E-08 2.4274815E-08 2.4752739E-08  281.6770 281.1942 280.8965 279.6476 278.9663 277.2654 276.8490 277.1065 274.1516 272.0745 272.6133 275.7712 271.3127 269.7932 269.7501 270.6088  74612.9
2003 2.8917629E-08 3.4470030E-08 4.2655220E-08 5.0236839E-08 2.4717151E-08 3.1272315E-08 3.8203904E-08 3.7907895E-08 2.2644429E-08 2.9153808E-08 3.1636606E-08 2.8880308E-08 2.0129308E-08 2.5012136E-08 2.7345047E-08 2.8079770E-08  281.9308 281.5929 281.3718 280.0146 278.6951 277.2936 277.0340 277.2554 273.5827 271.3243 272.0750 275.7354 270.1082 268.8712 269.2332 270.3306  19503.2
2004 2.8163539E-08 3.3176899E-08 4.2020716E-08 4.8044281E-08 2.1922697E-08 2.6713456E-08 3.2255269E-08 3.5522653E-08 1.9163378E-08 2.3209717E-08 2.5554694E-08 2.5154135E-08 1.8565849E-08 2.2372024E-08 2.4712246E-08 2.5158851E-08  282.0550 281.8412 281.6390 280.4800 279.9019 278.3971 277.8976 278.0921 276.3132 274.0715 274.1998 275.6203 273.4907 271.7547 271.2758 271.6587  40851.6
2005 2.9669289E-08 3.5670709E-08 4.5826265E-08 5.2121184E-08 2.5499018E-08 3.4681289E-08 4.3333337E-08 4.3035055E-08 2.2788416E-08 2.9677329E-08 3.3760578E-08 3.2562536E-08 1.8325867E-08 2.3572959E-08 2.7611577E-08 3.0298171E-08  282.1512 281.9109 281.5941 280.3331 279.3901 278.0417 277.7669 277.8282 274.4817 272.3340 272.9889 275.7281 271.3768 269.7902 269.9338 270.8625  61512.9
2006 2.6599524E-08 3.3314187E-08 4.3865001E-08 5.3050254E-08 1.9639421E-08 2.6302482E-08 3.5820339E-08 3.8636443E-08 1.7839678E-08 2.2252317E-08 2.6796613E-08 2.6989198E-08 1.6348977E-08 2.0752879E-08 2.3928411E-08 2.5673479E-08  282.1962 281.8968 281.6709 280.5428 279.7944 278.1346 277.5400 277.6240 275.5398 272.9868 273.1594 275.5095 272.6306 270.8433 270.5454 271.1399  26200
2007 2.9733357E-08 3.7541426E-08 5.2053668E-08 6.1401721E-08 2.5877128E-08 3.6311086E-08 4.7177625E-08 4.9049518E-08 2.2994385E-08 3.0774483E-08 3.5523939E-08 3.4907714E-08 2.0454213E-08 2.4905631E-08 2.6664372E-08 2.8174680E-08  281.5302 281.5646 281.5912 280.3794 277.7334 276.3783 276.2422 276.6580 272.0527 270.4244 271.0709 275.6149 269.0541 268.1475 268.2841 269.3215  69409.7
2008 2.8541301E-08 3.6159530E-08 4.7193684E-08 5.6532542E-08 2.3267146E-08 3.1549668E-08 3.9287066E-08 4.0178119E-08 1.9701369E-08 2.7276339E-08 3.1169638E-08 2.9980487E-08 1.8519831E-08 2.3973934E-08 2.7464210E-08 2.9642258E-08  282.2951 282.1203 282.0313 280.8480 279.4000 278.1849 277.8948 278.0082 274.4679 272.2459 272.8842 275.6327 270.5110 269.1828 269.4290 270.6535  29922.6
2009 4.0382723E-08 4.5991349E-08 5.2587289E-08 5.5718559E-08 2.6916652E-08 3.2923371E-08 3.9183465E-08 3.7773560E-08 2.1643910E-08 2.7682969E-08 2.9100672E-08 2.5939647E-08 1.8962130E-08 2.3311221E-08 2.5371635E-08 2.5108974E-08  281.0673 280.7881 280.6242 279.7248 278.7537 277.1943 276.8015 277.2487 274.4443 272.1974 273.0120 275.5442 271.7963 270.1617 270.3772 271.3260  40409.7
2010 2.3458334E-08 2.9255919E-08 3.9751349E-08 5.0409792E-08 2.2147240E-08 3.0247168E-08 3.9749782E-08 4.1966455E-08 2.0774797E-08 2.8807699E-08 3.3781248E-08 3.2988606E-08 1.9065167E-08 2.5137364E-08 2.9687628E-08 3.2773574E-08  282.8599 282.6947 282.5992 281.3478 279.5704 278.2069 277.8770 278.0567 274.3438 272.2925 272.7587 275.6141 270.8812 269.2965 269.4081 270.4301  122484
2011 2.9669843E-08 3.7295656E-08 4.7096449E-08 5.4426202E-08 2.4634566E-08 3.5115168E-08 4.4510625E-08 4.4393630E-08 2.2640217E-08 3.0841111E-08 3.6204884E-08 3.4551697E-08 2.1284800E-08 2.7892037E-08 3.2816846E-08 3.5833953E-08  283.1338 283.0657 283.0246 282.0249 280.2510 279.0235 278.7648 279.0160 274.9039 272.8835 273.6507 275.4952 270.6125 269.5161 269.7744 271.0030  31671
2012 3.0044838E-08 3.5949711E-08 4.6618897E-08 5.4783232E-08 2.6495425E-08 3.3839907E-08 3.9930526E-08 3.9250594E-08 2.2093262E-08 2.8575009E-08 3.1645310E-08 2.9416888E-08 1.8985894E-08 2.3550276E-08 2.6042404E-08 2.7949451E-08  281.4079 281.4503 281.3751 280.3526 278.2914 277.2183 277.1181 277.4104 273.3100 271.7862 272.3099 275.6839 270.1208 269.0154 269.2154 270.3853  18780.6
2013 2.5952319E-08 3.3362507E-08 4.3780680E-08 5.1855089E-08 2.1197790E-08 2.8976649E-08 3.6671025E-08 3.7350897E-08 1.8668565E-08 2.5276050E-08 2.8727497E-08 2.7855929E-08 1.7300525E-08 2.2488347E-08 2.6105711E-08 2.8496919E-08  281.3488 281.1527 280.9535 279.6784 278.0455 276.6234 276.3830 276.7264 273.0836 271.3181 271.8362 275.6064 270.1050 268.7501 268.8598 269.9817  37854.8
2014 3.7356575E-08 4.3108876E-08 4.9563042E-08 5.4867442E-08 2.9046756E-08 3.4735056E-08 3.8377809E-08 3.6733688E-08 2.1396891E-08 2.5185191E-08 2.6144253E-08 2.5547489E-08 1.8962977E-08 2.1349956E-08 2.3557122E-08 2.5928234E-08  280.8259 280.6700 280.4109 279.1366 277.8789 276.6300 276.4430 276.7065 273.7101 271.9080 272.6457 275.4403 270.9308 269.9013 269.8907 270.7116  48267.7
2015 3.1591313E-08 3.6805250E-08 4.3253056E-08 4.6104557E-08 2.8513272E-08 3.5094100E-08 3.8129478E-08 3.5007616E-08 2.1371545E-08 2.6333170E-08 2.8671078E-08 2.5578473E-08 1.5712162E-08 1.8652425E-08 2.1610138E-08 2.2933193E-08  280.2397 280.2241 280.1989 279.3253 278.0536 276.6935 276.7569 277.3159 274.1667 272.5805 273.5411 275.6245 272.2182 271.0122 271.1914 271.9417  30551.6
