STN,prec_1,prec_2,prec_3,prec_4,prec_5,prec_6,prec_7,prec_8,prec_9,prec_10,prec_11,prec_12,prec_13,prec_14,prec_15,prec_16,st_1,st_2,st_3,st_4,st_5,st_6,st_7,st_8,st_9,st_10,st_11,st_12,st_13,st_14,st_15,st_16,11.0
LAT,37.67308,37.67308,37.67308,37.67308,40.46365,40.46365,40.46365,40.46365,43.25420,43.25420,43.25420,43.25420,46.04472,46.04472,46.04472,46.04472,37.67308,37.67308,37.67308,37.67308,40.46365,40.46365,40.46365,40.46365,43.25420,43.25420,43.25420,43.25420,46.04472,46.04472,46.04472,46.04472,41.78058635
LON,-95.62500,-92.81250,-90.00000,-87.18750,-95.62500,-92.81250,-90.00000,-87.18750,-95.62500,-92.81250,-90.00000,-87.18750,-95.62500,-92.81250,-90.00000,-87.18750,-95.62500,-92.81250,-90.00000,-87.18750,-95.62500,-92.81250,-90.00000,-87.18750,-95.62500,-92.81250,-90.00000,-87.18750,-95.62500,-92.81250,-90.00000,-87.18750,-90.252073
1958 3.9782869E-08 4.5214904E-08 5.2273847E-08 5.8114253E-08 3.4040170E-08 4.0527539E-08 4.5758533E-08 4.3361073E-08 2.3718574E-08 2.9765056E-08 3.2660719E-08 3.0233544E-08 1.8667068E-08 2.3932367E-08 2.7279194E-08 2.8279894E-08  281.5540 281.2977 281.0019 279.8641 278.7238 277.2477 276.9604 277.2490 274.1781 272.0458 272.6825 275.4735 271.4193 269.9297 270.0582 271.0577  23300
1959 2.3867759E-08 3.0389383E-08 3.9574893E-08 4.6745242E-08 2.0308722E-08 2.7847364E-08 3.6274699E-08 3.9093106E-08 1.7244236E-08 2.4038405E-08 2.8888854E-08 2.9256674E-08 1.8517058E-08 2.3654882E-08 2.6600528E-08 2.8642518E-08  281.9025 281.7575 281.6941 280.5258 279.6228 278.0296 277.7150 277.8550 275.2010 272.9116 273.0307 275.4732 271.7786 270.0942 269.7455 270.4955  43413.3
1960 2.7563953E-08 3.5049805E-08 4.6554845E-08 5.6819442E-08 2.3980904E-08 3.1892704E-08 4.1136769E-08 4.3942585E-08 1.9796294E-08 2.5881420E-08 3.1069231E-08 3.1152180E-08 1.7794699E-08 2.2798142E-08 2.6759645E-08 3.0007264E-08  281.7898 281.5234 281.3212 279.9636 279.0249 277.3997 276.9367 277.0927 274.2204 271.8336 272.0563 275.4735 271.1613 269.3300 269.2794 270.1410  34706.7
1961 2.8167280E-08 3.4247215E-08 4.2352269E-08 4.9819647E-08 2.3965784E-08 3.2651460E-08 4.0693671E-08 4.1107473E-08 2.2412349E-08 3.0146346E-08 3.4229469E-08 3.1159182E-08 1.9266837E-08 2.6428314E-08 2.9834485E-08 2.9753339E-08  282.3929 282.0704 281.8554 280.8571 279.4945 277.8738 277.5609 277.8554 274.3271 272.1368 272.8713 275.4735 271.1739 269.6224 269.6371 270.7608  49610
1962 2.8585443E-08 3.7751281E-08 4.9018244E-08 5.7375139E-08 2.4106066E-08 3.2800759E-08 4.1139028E-08 4.1472546E-08 2.0633523E-08 2.7082987E-08 3.0931808E-08 2.9453931E-08 1.8660236E-08 2.2393730E-08 2.5406750E-08 2.7276599E-08  281.1256 280.9502 280.7448 279.4196 277.9181 276.3865 276.0738 276.3543 272.7771 270.7906 271.3738 275.4735 269.6723 268.3521 268.6670 269.8358  28643.3
1963 3.0063415E-08 3.5086213E-08 4.1354276E-08 4.6926711E-08 2.2175415E-08 2.8904777E-08 3.4907533E-08 3.2815489E-08 1.7799447E-08 2.2158515E-08 2.4833053E-08 2.2990889E-08 1.5276846E-08 1.9254227E-08 2.1556318E-08 2.2601823E-08  281.1851 280.8478 280.5749 279.4768 278.7185 277.2253 276.9739 277.1671 274.0104 272.2921 272.7969 275.4732 271.3429 269.8670 269.8992 270.7771  19933.3
1964 2.7942896E-08 3.6845528E-08 5.0461502E-08 5.7961596E-08 2.1773488E-08 3.0300519E-08 3.9750457E-08 4.1260584E-08 1.8158413E-08 2.3055181E-08 2.6995217E-08 2.6980729E-08 1.7694504E-08 2.0633079E-08 2.3184263E-08 2.6252509E-08  281.9884 281.8056 281.5187 280.4041 279.2865 277.6493 277.2094 277.3541 274.9235 272.4591 272.8060 275.4735 271.6317 270.0146 269.9278 270.8273  24880
1965 2.8107726E-08 3.2004209E-08 4.0581508E-08 4.6536105E-08 2.2081203E-08 2.7371970E-08 3.1455997E-08 3.1122067E-08 1.7039214E-08 2.0983832E-08 2.2851395E-08 2.0990690E-08 1.4548988E-08 1.8955681E-08 2.1967544E-08 2.2239576E-08  281.3993 281.0450 280.6319 279.4006 278.9769 277.3390 276.8248 276.9324 274.8423 272.7173 273.4023 275.4735 272.2632 270.8615 270.7585 271.6060  43893.3
1966 3.6255319E-08 4.5402430E-08 5.5577246E-08 5.9521295E-08 2.9255565E-08 3.9096218E-08 4.8191044E-08 4.7922565E-08 2.5174185E-08 3.1857248E-08 3.4943724E-08 3.3121804E-08 2.2155154E-08 2.6153140E-08 2.7286214E-08 2.7753728E-08  281.0934 280.7667 280.4698 279.4403 278.0001 275.9295 275.6089 276.4287 272.8726 270.7988 271.4235 275.4735 270.0443 268.7969 268.9802 270.1648  25060
1967 2.5657707E-08 3.0353327E-08 3.7371777E-08 4.2154308E-08 2.0060833E-08 2.4836616E-08 3.0609961E-08 3.1851801E-08 1.5231331E-08 2.0184753E-08 2.3363462E-08 2.3377099E-08 1.4606330E-08 1.8340407E-08 2.1680574E-08 2.4138268E-08  281.6383 281.1379 280.6513 279.1466 279.1528 277.1485 276.4160 276.4059 274.6903 271.9629 272.2875 275.4732 271.5791 269.6967 269.5699 270.4441  27280
1968 2.4862983E-08 3.2072013E-08 4.2957023E-08 5.1583758E-08 2.2489283E-08 2.8314242E-08 3.5842060E-08 3.7686327E-08 1.9839996E-08 2.4931074E-08 2.8501585E-08 2.7483717E-08 1.8312903E-08 2.1804427E-08 2.3399531E-08 2.4676391E-08  281.3897 280.9452 280.4390 279.1481 278.2603 276.8181 276.2274 276.4855 273.8340 271.4644 271.9485 275.4735 270.8463 269.1829 269.1625 270.2567  64180
1969 3.4477271E-08 4.0885880E-08 4.8956338E-08 5.2404140E-08 2.8794332E-08 3.4528700E-08 3.9959101E-08 4.0022076E-08 2.1416190E-08 2.5786383E-08 2.7908234E-08 2.6774346E-08 1.7535395E-08 2.1245741E-08 2.3230069E-08 2.4115486E-08  280.9580 280.8745 280.8059 279.7126 278.4157 276.9146 276.5789 276.9034 273.9270 272.0442 272.3946 275.4735 271.1322 269.9256 269.7750 270.6748  28460
1970 2.8162695E-08 3.2696843E-08 3.8654900E-08 4.5437496E-08 2.0648532E-08 2.6840544E-08 3.3243118E-08 3.3857820E-08 1.6505130E-08 2.1842315E-08 2.5112339E-08 2.5440240E-08 1.4266254E-08 1.7959980E-08 2.0537007E-08 2.3450012E-08  280.9696 280.7148 280.3617 279.0782 277.8633 276.2590 275.7195 275.9423 272.8516 270.6202 270.9963 275.4735 269.8189 268.3067 268.5030 269.6822  60056.7
1971 2.6228777E-08 3.4323879E-08 4.5277673E-08 5.3722907E-08 2.0997355E-08 3.0447641E-08 4.0663878E-08 4.1318902E-08 1.9553127E-08 2.5896195E-08 3.0806994E-08 3.0325175E-08 1.8665499E-08 2.3542276E-08 2.6447312E-08 2.8043496E-08  281.0712 280.9896 281.0452 279.9090 277.2939 275.9317 275.7442 276.3203 271.5555 269.8867 270.7656 275.4732 268.4948 267.7466 268.2432 269.2806  59676.7
1972 3.1458764E-08 3.4912681E-08 3.8711928E-08 4.2636383E-08 2.3010399E-08 2.7322224E-08 3.0533755E-08 2.9636364E-08 1.8635856E-08 2.3852785E-08 2.6079272E-08 2.4266191E-08 1.5225927E-08 1.9703373E-08 2.2450166E-08 2.3254408E-08  280.6898 280.4885 280.3228 279.1429 278.4051 276.7972 276.6848 276.8792 274.5487 272.4727 273.0533 275.4736 271.9268 270.6342 270.6302 271.3554  73153.3
1973 2.6270820E-08 3.3134203E-08 4.3029232E-08 5.3148128E-08 2.4842027E-08 3.3768728E-08 4.1629100E-08 4.2773468E-08 2.2261649E-08 2.9684823E-08 3.4150755E-08 3.3225358E-08 2.0144112E-08 2.5515197E-08 2.8432014E-08 3.0023642E-08  281.2522 281.1723 281.1306 280.0400 277.4687 276.1013 276.1670 276.6404 272.3324 270.5096 271.4160 275.4735 269.1591 268.1384 268.3889 269.4914  46436.7
1974 2.8538691E-08 3.7056729E-08 4.9878828E-08 5.9382284E-08 2.3440514E-08 3.2703564E-08 4.2838678E-08 4.3341167E-08 2.1130550E-08 2.7050911E-08 3.1786637E-08 3.1691908E-08 1.9050237E-08 2.3581544E-08 2.6587600E-08 2.9284797E-08  280.7208 280.6618 280.5727 279.6453 277.4282 276.0403 275.8383 276.3242 272.3200 270.5176 271.1433 275.4735 269.0780 267.9676 268.2019 269.4340  34136.7
1975 2.3577030E-08 2.8614453E-08 4.0707295E-08 5.3261338E-08 2.1634735E-08 3.0600226E-08 4.1297596E-08 4.3528924E-08 1.9497470E-08 2.7259773E-08 3.2744662E-08 3.2270751E-08 1.8713317E-08 2.4373426E-08 2.7860718E-08 3.0172448E-08  282.2932 282.1898 282.0481 280.7786 278.6599 277.3760 276.9686 277.2106 273.4090 271.4790 272.1049 275.4732 269.7992 268.5735 268.7877 269.8615  40633.3
1976 2.7960164E-08 3.6160522E-08 4.6584045E-08 5.3484566E-08 2.5072868E-08 3.2553320E-08 3.9240422E-08 3.8289219E-08 2.2413701E-08 2.8568081E-08 3.2417205E-08 3.0568387E-08 1.9896337E-08 2.4029388E-08 2.7220214E-08 2.8900589E-08  281.7449 281.3131 280.9930 279.9036 278.9699 277.4239 277.0551 277.3327 273.8061 271.8824 272.6344 275.4735 270.7042 269.3841 269.6364 270.8652  14740
1977 3.2765151E-08 3.9842579E-08 5.0566378E-08 5.7954967E-08 2.4743798E-08 3.4157356E-08 4.1974275E-08 4.1403752E-08 2.1868889E-08 2.8917611E-08 3.2859479E-08 3.0346040E-08 1.9136223E-08 2.4524777E-08 2.8063893E-08 3.0314411E-08  282.1561 281.9110 281.6482 280.5399 279.5912 278.1864 277.8448 277.9911 274.8866 272.4662 273.2608 275.4735 271.4730 269.8445 269.8968 271.1012  39210
1978 2.9682894E-08 3.5231288E-08 4.4621359E-08 5.1786188E-08 2.4417540E-08 3.2174942E-08 4.0879574E-08 4.1282131E-08 2.0682275E-08 2.6140645E-08 3.0008749E-08 3.0097514E-08 1.7629343E-08 2.1134296E-08 2.3038657E-08 2.4304320E-08  281.5576 281.2313 281.1613 280.0930 278.4715 276.9819 276.6143 276.9558 273.5695 271.5076 272.0758 275.4735 270.3704 269.1182 269.2214 270.3352  32146.7
1979 2.7026097E-08 3.3111032E-08 4.1037936E-08 4.6836114E-08 2.4439347E-08 2.8656478E-08 3.4202866E-08 3.4273238E-08 2.1739481E-08 2.5966369E-08 2.6344935E-08 2.3239171E-08 1.8944750E-08 2.4181851E-08 2.6458196E-08 2.5790827E-08  282.1811 281.7460 281.3983 280.1082 279.7188 278.0292 277.3669 277.4970 275.2121 272.7708 273.3531 275.4732 271.8675 270.2023 270.4080 271.4171  50406.7
1980 3.2788829E-08 4.2881677E-08 5.6564105E-08 6.6325427E-08 2.6153728E-08 3.6344247E-08 4.7023402E-08 4.8502123E-08 2.3687686E-08 2.9261773E-08 3.2408742E-08 3.1595135E-08 2.0162339E-08 2.4157693E-08 2.7276213E-08 2.9249415E-08  280.9268 280.8958 280.9807 280.0544 277.9703 276.6480 276.5711 277.0435 273.2680 271.3708 271.9671 275.4735 270.5018 269.3403 269.4670 270.4859  36266.7
1981 2.5648857E-08 3.2830105E-08 4.4320227E-08 5.2836107E-08 2.3686605E-08 3.2105198E-08 4.0226130E-08 4.1436742E-08 2.3634442E-08 3.1392890E-08 3.5079193E-08 3.2369606E-08 2.0028887E-08 2.5515099E-08 2.8642273E-08 2.9448112E-08  282.0712 281.7163 281.5600 280.4894 278.8465 277.4577 277.2171 277.5184 273.8626 271.8672 272.4993 275.4735 270.8366 269.4026 269.4811 270.6322  41820
1982 3.7864577E-08 4.2033228E-08 4.9184965E-08 5.2486627E-08 3.5064236E-08 4.0422901E-08 4.2407603E-08 3.9173436E-08 2.8136554E-08 3.2538434E-08 3.2794240E-08 2.8514528E-08 2.2525770E-08 2.5732016E-08 2.7361098E-08 2.7926173E-08  281.1511 281.1747 281.0460 280.0165 278.7018 277.5008 277.5382 277.8754 274.2229 272.9756 273.8556 275.5712 271.2401 270.4277 270.8586 271.7681  77876.7
1983 2.9993423E-08 3.6339554E-08 4.7439400E-08 5.6677006E-08 2.8551515E-08 3.7632404E-08 4.6289273E-08 4.6160118E-08 2.7069664E-08 3.5394297E-08 3.9021671E-08 3.4892871E-08 2.4925932E-08 3.1388609E-08 3.4771194E-08 3.4026360E-08  282.3762 282.4435 282.4171 281.3546 278.9635 277.8618 277.8602 278.2649 273.8077 272.0799 273.2059 275.6237 270.4010 269.1724 269.4103 270.8208  53110
1984 2.7934401E-08 3.6242263E-08 4.5690363E-08 5.3334933E-08 2.2116058E-08 3.2933382E-08 4.4526455E-08 4.5872646E-08 2.1999021E-08 2.9011689E-08 3.3372050E-08 3.2397306E-08 2.0997165E-08 2.5561302E-08 2.8476380E-08 3.0551192E-08  282.5953 282.4748 282.3516 281.2220 279.3484 278.0434 277.6081 277.7828 274.1703 272.1968 272.6830 275.6397 270.3684 268.9825 269.2008 270.4147  68623.3
1985 3.0814757E-08 3.6195999E-08 4.5912113E-08 5.2638711E-08 2.1283252E-08 2.7773991E-08 3.5807442E-08 3.8121886E-08 1.8323636E-08 2.3209815E-08 2.5512206E-08 2.4148090E-08 1.8634863E-08 2.2174508E-08 2.3889708E-08 2.5037608E-08  282.2072 281.9277 281.5357 280.2269 279.8442 278.1475 277.5909 277.5444 275.1982 272.5959 272.9575 275.3580 271.5841 269.5981 269.5754 270.5767  64416.7
1986 2.8888572E-08 3.2959299E-08 3.9883364E-08 4.6001052E-08 2.4360201E-08 2.9597446E-08 3.3736335E-08 3.5209528E-08 2.1121270E-08 2.6378165E-08 2.8441338E-08 2.6729808E-08 1.7357960E-08 2.1088148E-08 2.3586550E-08 2.4228372E-08  281.0718 280.7675 280.4252 279.0671 278.4614 276.8043 276.4373 276.6177 274.3524 272.0399 272.4094 275.5330 271.5146 269.8974 269.8364 270.5965  65533.3
1987 3.5007986E-08 4.2002352E-08 5.3235834E-08 5.8236299E-08 2.6070236E-08 3.3444767E-08 4.1502446E-08 4.1307736E-08 2.3652618E-08 2.9568403E-08 3.3588140E-08 3.0895894E-08 2.1049349E-08 2.6456402E-08 3.0697372E-08 3.1561509E-08  282.3770 282.0646 281.8193 280.8593 280.2624 278.7209 278.4747 278.7134 275.9964 273.8702 274.3024 275.3708 272.8885 271.3438 271.2434 272.1707  28780
1988 2.5641040E-08 3.4155089E-08 4.6233549E-08 5.6167359E-08 2.3882819E-08 3.3970171E-08 4.5110411E-08 4.6423217E-08 2.2511170E-08 3.1223426E-08 3.5588144E-08 3.3425277E-08 2.3008290E-08 2.8051659E-08 3.1066271E-08 3.2536548E-08  282.4503 282.4626 282.5206 281.3181 278.9803 277.5969 277.1709 277.6126 273.6545 271.3338 271.9026 275.4110 269.9700 268.6646 268.8600 269.9305  26540
1989 2.9053492E-08 3.7939845E-08 5.2012503E-08 6.3510001E-08 2.4576821E-08 3.3457766E-08 4.5082679E-08 4.7577124E-08 2.3543134E-08 2.9633034E-08 3.3052878E-08 3.1968973E-08 2.1385707E-08 2.6078359E-08 2.8021550E-08 2.9081752E-08  281.0754 281.1555 281.2441 280.3326 277.8984 276.7842 276.6135 277.0000 273.0818 271.3534 271.8770 275.3314 269.9449 268.7408 268.8310 269.8014  24203.3
1990 3.2256203E-08 3.7123137E-08 4.4484853E-08 4.9314032E-08 2.6346449E-08 3.2497731E-08 3.8417490E-08 3.7114695E-08 2.1668344E-08 2.7012781E-08 2.9576110E-08 2.6766582E-08 1.8041769E-08 2.2036659E-08 2.4083068E-08 2.4530314E-08  282.3282 281.9438 281.4204 280.0110 280.0463 278.3712 277.7134 277.5609 275.8122 273.3863 273.4345 275.4096 272.5621 270.8830 270.6439 271.1830  31473.3
1991 3.0215176E-08 3.5930984E-08 4.5719389E-08 5.2781715E-08 2.6394261E-08 3.3308361E-08 3.9875218E-08 3.9650722E-08 2.2126054E-08 2.8681951E-08 3.0777315E-08 2.8859676E-08 1.5241032E-08 2.0217845E-08 2.3866781E-08 2.5492204E-08  281.9359 281.5843 281.2556 280.1388 279.5081 277.9341 277.4666 277.6659 275.2587 273.1861 273.5262 275.2845 272.6410 270.7676 270.6905 271.4756  72996.7
1992 2.5617743E-08 3.1865337E-08 3.9804942E-08 4.4995851E-08 2.2450658E-08 2.9790867E-08 3.7305696E-08 3.7961438E-08 1.9003830E-08 2.4651062E-08 2.7049179E-08 2.6835368E-08 1.5652740E-08 2.0286150E-08 2.2452078E-08 2.4155879E-08  281.7917 281.1440 280.4694 279.0810 278.8370 276.8199 276.1581 276.4104 274.1805 271.5346 271.9471 275.4213 271.5375 269.7419 269.5858 270.4787  59073.3
1993 3.0334881E-08 3.5123545E-08 4.2264020E-08 4.9952892E-08 2.2893060E-08 2.9990339E-08 3.6393594E-08 3.6334988E-08 1.7371818E-08 2.2505889E-08 2.6996760E-08 2.7556089E-08 1.6645735E-08 2.0028011E-08 2.2483608E-08 2.4801391E-08  280.9493 280.5625 280.2300 279.0681 278.2757 276.5367 276.1072 276.4850 273.7145 271.3803 271.7660 275.1089 270.6558 269.1592 269.3550 270.2567  50410
1994 3.3969020E-08 3.8610100E-08 4.5600377E-08 4.9449433E-08 2.8602805E-08 3.4835846E-08 3.8796809E-08 3.6422783E-08 2.0937607E-08 2.7391859E-08 3.1672755E-08 2.9551472E-08 1.8594385E-08 2.3630092E-08 2.7703193E-08 2.8067534E-08  281.5576 281.4129 281.2103 280.1086 279.4242 277.8901 277.5801 277.8364 275.5283 273.2258 273.5341 275.7443 272.5565 270.8326 270.6230 271.3184  52313.3
1995 2.7681006E-08 3.6289322E-08 4.8366360E-08 5.8547158E-08 2.3374662E-08 3.0723001E-08 3.9732328E-08 4.2236440E-08 2.0877813E-08 2.6002311E-08 2.8766800E-08 2.6854288E-08 1.8714065E-08 2.2897162E-08 2.5855627E-08 2.6843876E-08  282.2122 282.1781 282.1092 280.7555 279.3474 277.9557 277.6392 277.6655 274.6086 272.5536 272.7383 275.4732 271.3048 269.8316 269.7412 270.6570  73333.3
1996 3.3471057E-08 3.9846128E-08 4.6786791E-08 5.1441727E-08 2.7675588E-08 3.5584815E-08 4.2632951E-08 4.2345814E-08 2.3076925E-08 2.9633183E-08 3.3164209E-08 3.3125897E-08 1.8886526E-08 2.2929321E-08 2.5489371E-08 2.7211767E-08  280.7415 280.5587 280.5062 279.3331 277.4460 276.1035 275.9427 276.3904 272.4437 270.7640 271.4824 275.3912 269.4813 268.5671 268.8456 269.9627  57226.7
1997 3.8709196E-08 4.4655589E-08 5.2170034E-08 5.5340852E-08 2.8649110E-08 3.5370029E-08 4.0174893E-08 3.8309700E-08 1.9216973E-08 2.3852898E-08 2.7077141E-08 2.5165770E-08 1.6854873E-08 2.0059101E-08 2.2329010E-08 2.3040069E-08  280.1284 280.3842 280.4688 279.6333 277.9594 276.6261 276.9714 277.5728 273.8046 272.3155 273.1640 275.7369 271.7398 270.8583 271.1345 272.0064  38183.3
1998 3.1639743E-08 3.7066275E-08 4.5106567E-08 5.0335892E-08 3.0502971E-08 3.8680515E-08 4.5356757E-08 4.3356135E-08 2.6206019E-08 3.5458640E-08 3.9990088E-08 3.6645265E-08 2.0741805E-08 2.7715034E-08 3.3418033E-08 3.5501159E-08  283.1005 282.9435 282.9438 281.7857 279.4920 278.3583 278.4160 278.7162 274.5224 272.5840 273.5576 275.9313 271.0651 269.8631 270.1727 271.3765  47700
1999 2.4326710E-08 3.3674944E-08 4.6539537E-08 5.7317145E-08 2.3271433E-08 3.3746559E-08 4.5662329E-08 4.8846804E-08 2.2366303E-08 3.1405936E-08 3.7815845E-08 3.6618001E-08 2.0839533E-08 2.5882194E-08 3.0123498E-08 3.2872098E-08  284.1360 283.8479 283.6650 282.3147 280.4677 279.0856 278.6913 278.7224 275.1360 273.1242 273.3225 275.5370 271.1629 269.4060 269.4586 270.3840  34126.7
2000 2.8115899E-08 3.7865213E-08 4.9998643E-08 5.8946402E-08 2.2419474E-08 3.1458150E-08 4.2197016E-08 4.4049447E-08 1.9488587E-08 2.6841329E-08 3.1625266E-08 3.0781351E-08 1.9020522E-08 2.4576840E-08 2.8394517E-08 3.0644046E-08  282.4251 282.3536 282.2647 281.0113 279.2146 277.9514 277.5781 277.7541 273.8196 272.0934 272.4965 275.6745 270.5933 268.9592 269.0340 270.2407  40946.7
2001 2.5974199E-08 3.5211173E-08 4.8149282E-08 5.9262863E-08 2.3000947E-08 3.3043964E-08 4.2858197E-08 4.5041325E-08 2.0787505E-08 2.7114297E-08 3.1312027E-08 3.0768526E-08 1.7867263E-08 2.2835261E-08 2.5885766E-08 2.8453503E-08  282.0299 282.2010 282.2169 281.1656 279.0175 277.8915 277.7822 278.0552 274.1605 272.5692 273.1781 275.5426 271.1146 269.9792 270.1030 271.1403  33083.3
2002 3.0798503E-08 3.6777056E-08 4.5739625E-08 4.8978436E-08 2.6150568E-08 3.3586414E-08 3.8728825E-08 3.6460857E-08 2.1946352E-08 2.8513822E-08 3.1891080E-08 2.9394272E-08 1.9230512E-08 2.4104265E-08 2.7862079E-08 2.9401221E-08  281.9404 281.6391 281.2007 279.9001 279.4777 278.1248 277.5756 277.7072 275.2374 273.0420 273.4381 275.6805 272.3883 270.6267 270.5639 271.4406  47660
2003 2.6815963E-08 3.0203413E-08 3.4867071E-08 4.0541284E-08 2.3820485E-08 3.0271259E-08 3.5997306E-08 3.6387242E-08 2.0129550E-08 2.5895739E-08 2.8227660E-08 2.6642827E-08 1.7003380E-08 2.2127793E-08 2.4587246E-08 2.4708038E-08  282.9174 282.4324 282.0230 280.5771 280.1535 278.3997 277.7848 277.7607 275.5352 273.0235 273.0071 275.6279 272.5026 270.2330 269.8782 270.5931  26700
2004 2.2584024E-08 2.7139643E-08 3.6204582E-08 4.4055867E-08 2.1639098E-08 2.7011154E-08 3.2446216E-08 3.3120088E-08 1.9393356E-08 2.5491621E-08 2.8013488E-08 2.5883347E-08 1.7148647E-08 2.2476064E-08 2.6120112E-08 2.8476045E-08  282.4884 282.1812 281.7363 280.3514 279.7212 278.1183 277.6468 277.7518 274.9673 272.8656 273.2835 275.7144 271.8160 270.0747 270.0459 270.9701  48453.3
2005 2.9158009E-08 3.4050736E-08 4.1096182E-08 4.6499448E-08 2.1761968E-08 2.8777963E-08 3.5307135E-08 3.5589135E-08 1.7949692E-08 2.4386221E-08 2.8682949E-08 2.7440700E-08 1.6478356E-08 2.1826798E-08 2.6172797E-08 2.8495917E-08  282.0217 281.7745 281.5351 280.2784 279.4695 277.9616 277.5397 277.5307 275.0560 272.6969 273.3121 275.9388 271.7795 269.8563 269.7003 270.6607  38756.7
2006 3.3127080E-08 3.9111914E-08 4.7098787E-08 5.3503761E-08 2.6810664E-08 3.3327218E-08 3.9860495E-08 4.1114117E-08 1.9472420E-08 2.5593469E-08 2.9362777E-08 2.8774302E-08 1.6085092E-08 2.0999810E-08 2.3616733E-08 2.5801652E-08  281.9242 281.4999 281.1961 279.9277 279.3965 277.6238 277.0159 277.1166 275.0170 272.6541 272.7072 275.4222 271.8929 269.8073 269.6024 270.5456  23493.3
2007 2.5161484E-08 3.0738931E-08 4.2313513E-08 5.3372339E-08 2.2415975E-08 3.0991629E-08 4.1071029E-08 4.3506372E-08 2.2294406E-08 3.1935262E-08 3.7596141E-08 3.5773475E-08 2.0561149E-08 2.7599844E-08 3.2303788E-08 3.5100435E-08  282.2284 282.0649 281.9215 280.6559 278.7692 277.3983 276.9064 277.1286 273.5391 271.2810 271.8858 276.0164 269.6786 268.3616 268.5576 269.7186  47743.3
2008 2.8409678E-08 3.5467597E-08 4.6502993E-08 5.5144241E-08 2.4065061E-08 3.2133226E-08 4.1671317E-08 4.4059394E-08 2.0096863E-08 2.6345441E-08 3.0545831E-08 2.9709689E-08 1.6916887E-08 2.1586912E-08 2.4578460E-08 2.6019237E-08  283.4987 283.3285 283.0934 281.9489 280.6227 279.2292 278.6928 278.8365 276.1880 274.0184 274.2232 275.7444 272.8206 270.9104 270.8345 271.7012  33450
2009 3.0243214E-08 3.5141358E-08 4.1865380E-08 4.5162771E-08 2.2570045E-08 3.0462136E-08 3.6369485E-08 3.5036937E-08 1.6313919E-08 2.1994550E-08 2.5834197E-08 2.3929173E-08 1.5156074E-08 1.8298605E-08 2.1075701E-08 2.2264661E-08  282.4337 282.1032 281.7341 280.4763 280.5532 278.9112 278.3397 278.3139 276.9190 274.6082 274.6949 275.1879 274.1560 272.4313 271.9832 272.3503  52086.7
2010 3.3104044E-08 4.3900535E-08 5.9271979E-08 6.9575854E-08 2.8408868E-08 4.1917300E-08 5.6970073E-08 5.8613804E-08 2.3741855E-08 3.4242671E-08 4.2808406E-08 4.3153690E-08 2.1236920E-08 2.8629353E-08 3.3513782E-08 3.6390340E-08  282.9405 283.1819 283.4325 282.4944 278.7768 277.8353 277.9789 278.5471 273.2014 271.7128 272.5324 275.7894 269.8189 268.6097 268.9231 270.1312  86040
2011 2.8671884E-08 3.6956394E-08 5.1711783E-08 6.2604670E-08 2.4887084E-08 3.5942826E-08 4.7294268E-08 4.8993613E-08 2.2304381E-08 3.0314791E-08 3.5313853E-08 3.4390617E-08 1.8223670E-08 2.3483553E-08 2.7104816E-08 2.9756457E-08  282.0241 281.9731 282.0983 281.0916 278.1888 276.8614 276.6925 277.1193 272.9531 270.9221 271.6155 275.4573 269.8516 268.7001 268.9894 270.0187  32630
2012 2.7341654E-08 3.6083279E-08 4.7621644E-08 5.6191212E-08 2.5252710E-08 3.4304463E-08 4.3623601E-08 4.3688360E-08 2.0789106E-08 2.7703326E-08 3.2075395E-08 3.0199541E-08 1.6418088E-08 2.0920307E-08 2.4129761E-08 2.6021924E-08  281.6289 281.4239 281.3362 280.3891 278.9562 277.3218 276.9519 277.2440 274.1199 271.5884 272.2815 275.7228 270.6685 269.0527 269.3277 270.3448  21200
2013 2.4602571E-08 3.0676702E-08 4.1056818E-08 5.0488776E-08 2.3129610E-08 3.0054821E-08 3.7812899E-08 3.9075584E-08 2.2531607E-08 2.9293407E-08 3.3437075E-08 3.2526227E-08 1.9691296E-08 2.5441828E-08 2.9171591E-08 3.1060978E-08  282.2539 282.1328 282.0660 280.9267 278.9641 277.8770 277.6383 277.8552 273.8382 271.9861 272.4965 275.9163 270.5555 268.9188 269.1209 270.1519  37756.7
2014 2.9262452E-08 3.3052867E-08 4.2783210E-08 5.0398395E-08 2.2795092E-08 2.7948124E-08 3.1864900E-08 3.2267540E-08 1.9866363E-08 2.4079347E-08 2.4907997E-08 2.2677241E-08 1.7026352E-08 2.1423725E-08 2.3327786E-08 2.4271188E-08  281.6828 281.5266 281.3081 280.1496 279.1939 277.8970 277.6471 277.7435 274.9750 273.3870 273.9248 275.5671 272.1433 270.8171 270.8758 271.6498  38230
2015 3.4078322E-08 3.9079023E-08 4.8507285E-08 5.3257548E-08 2.6453545E-08 3.2025412E-08 3.6924945E-08 3.7090214E-08 2.2641535E-08 2.5426864E-08 2.6271753E-08 2.3662716E-08 1.8438415E-08 2.1448930E-08 2.2272937E-08 2.1903844E-08  281.1210 280.8920 280.6418 279.6636 278.8232 277.3046 277.2863 277.5467 274.5879 273.2298 273.8106 275.5955 272.3865 271.3421 271.4996 272.2475  60953.3
