STN,prec_1,prec_2,prec_3,prec_4,prec_5,prec_6,prec_7,prec_8,prec_9,prec_10,prec_11,prec_12,prec_13,prec_14,prec_15,prec_16,st_1,st_2,st_3,st_4,st_5,st_6,st_7,st_8,st_9,st_10,st_11,st_12,st_13,st_14,st_15,st_16,04.0
LAT,37.67308,37.67308,37.67308,37.67308,40.46365,40.46365,40.46365,40.46365,43.25420,43.25420,43.25420,43.25420,46.04472,46.04472,46.04472,46.04472,37.67308,37.67308,37.67308,37.67308,40.46365,40.46365,40.46365,40.46365,43.25420,43.25420,43.25420,43.25420,46.04472,46.04472,46.04472,46.04472,41.78058635
LON,-95.62500,-92.81250,-90.00000,-87.18750,-95.62500,-92.81250,-90.00000,-87.18750,-95.62500,-92.81250,-90.00000,-87.18750,-95.62500,-92.81250,-90.00000,-87.18750,-95.62500,-92.81250,-90.00000,-87.18750,-95.62500,-92.81250,-90.00000,-87.18750,-95.62500,-92.81250,-90.00000,-87.18750,-95.62500,-92.81250,-90.00000,-87.18750,-90.252073
1958 2.4397419E-08 2.9660352E-08 4.0675282E-08 5.8226998E-08 3.4887471E-08 4.7480725E-08 5.2362100E-08 5.0055579E-08 2.7019476E-08 4.0974552E-08 4.0629136E-08 1.7338643E-08 2.2109811E-08 3.2415436E-08 3.3435281E-08 2.2978901E-08  305.5518 304.0438 302.4157 300.4973 303.6045 301.6666 300.8710 300.7493 302.3373 300.4065 299.5805 289.7923 300.3982 298.1179 297.4467 298.2987  49173.3
1959 3.1852132E-08 3.4317708E-08 4.0797268E-08 5.4090506E-08 2.9272133E-08 3.9029576E-08 4.6716650E-08 4.4594323E-08 2.0604155E-08 3.2386964E-08 3.3583333E-08 1.6032615E-08 1.9848788E-08 2.7361809E-08 2.8796373E-08 2.0622183E-08  305.9171 304.4757 302.6653 300.5843 303.6837 301.8154 300.9238 300.9458 302.4135 300.6370 299.8141 289.7923 300.5484 298.2642 297.7848 298.7519  57343.3
1960 2.4022889E-08 2.8816041E-08 3.4420125E-08 4.9935061E-08 2.6857645E-08 3.7030208E-08 4.0070926E-08 3.9549601E-08 2.0068260E-08 3.0711874E-08 3.3680511E-08 1.5744257E-08 1.9097138E-08 2.8200958E-08 2.9829824E-08 2.0895719E-08  307.1774 305.6899 303.5365 301.2107 304.4218 302.3105 301.4298 301.3682 302.5939 300.8811 299.9366 289.7923 300.6326 298.3510 297.7238 298.5378  92466.7
1961 2.4409188E-08 2.6547387E-08 3.1639338E-08 4.3532662E-08 2.6213003E-08 3.5242227E-08 3.7142708E-08 3.5433544E-08 2.4253177E-08 3.3029973E-08 3.1164177E-08 1.5845979E-08 2.1277776E-08 2.8989614E-08 2.9894309E-08 2.3928353E-08  308.1171 306.8182 304.5504 301.7965 304.7603 302.5446 301.5186 301.4807 302.6860 300.7234 299.8342 289.7923 300.6767 298.2844 297.5070 298.0910  81436.7
1962 2.3789079E-08 2.7698595E-08 3.1985220E-08 4.3442817E-08 2.4972762E-08 3.4522909E-08 3.8239790E-08 3.6535187E-08 2.0710063E-08 3.0749696E-08 3.0919644E-08 1.5327974E-08 2.0416747E-08 2.8861558E-08 3.0117508E-08 2.1633943E-08  307.4503 305.6847 303.5391 301.3186 304.5966 302.4299 301.5580 301.6097 302.7708 300.9309 300.1649 289.7923 300.8686 298.6193 298.0283 298.8456  119433
1963 2.8496913E-08 3.2172444E-08 4.0254587E-08 5.3411121E-08 3.0398574E-08 4.0394816E-08 4.5273417E-08 4.3770292E-08 2.0538080E-08 3.0147209E-08 3.3457951E-08 1.5128796E-08 1.8788123E-08 2.7826516E-08 3.0085232E-08 2.4161096E-08  306.8163 305.2339 303.1060 300.6359 304.4393 302.2422 301.1339 300.8539 302.5186 300.7548 299.7520 289.7923 300.2285 297.8766 297.2301 297.8892  63973.3
1964 2.5457641E-08 2.7268685E-08 3.3801186E-08 4.5765049E-08 2.6286513E-08 3.8765084E-08 4.2249621E-08 4.0275605E-08 1.9712223E-08 3.0996517E-08 3.1804163E-08 1.6132187E-08 2.1165055E-08 2.7752092E-08 2.7623889E-08 2.1798593E-08  307.1975 305.6161 303.3477 301.0367 304.0770 301.8821 300.9820 300.9700 302.3700 300.4300 299.4843 289.7923 300.1084 297.8384 297.3107 298.0786  41796.7
1965 2.7004779E-08 3.1480369E-08 4.0072894E-08 5.5591499E-08 3.1881434E-08 4.3662460E-08 4.7128747E-08 4.5005091E-08 2.3119975E-08 3.2102047E-08 3.4253972E-08 1.6535965E-08 2.2475438E-08 3.1482632E-08 3.4294874E-08 2.5414705E-08  305.5330 303.9376 302.1139 300.0077 303.4537 301.2850 300.3883 300.1872 302.1192 300.1244 299.0946 289.7923 300.1610 297.7611 296.8421 297.4299  169887
1966 2.9643873E-08 3.6161346E-08 4.3486491E-08 5.7534212E-08 3.0779997E-08 4.3870632E-08 5.1792810E-08 5.0176141E-08 2.2750761E-08 3.5551555E-08 3.7156802E-08 1.4941413E-08 2.1330820E-08 2.8820089E-08 3.1233085E-08 2.3011328E-08  305.3932 303.9278 302.2769 300.4314 304.0590 302.0919 301.1609 301.1408 302.6267 300.7335 299.9178 289.7923 300.7144 298.4362 297.4911 298.2357  105623
1967 2.5145262E-08 2.7999592E-08 3.3083332E-08 4.5393659E-08 2.9434036E-08 3.8891368E-08 4.3113204E-08 4.0736523E-08 2.5497936E-08 3.6709210E-08 3.8459554E-08 1.8732436E-08 2.1343251E-08 3.0223784E-08 3.3151277E-08 2.6471954E-08  306.5256 304.9019 302.8429 300.6346 303.6781 301.6317 300.8025 300.6421 302.0696 300.1670 299.1794 289.7923 300.1139 297.7472 296.9924 297.6324  143477
1968 2.8080597E-08 3.2461731E-08 4.1027683E-08 5.6370542E-08 2.8851867E-08 3.9593349E-08 4.4262912E-08 4.2878820E-08 2.2857344E-08 3.2258484E-08 3.4964280E-08 1.7195491E-08 2.1343364E-08 3.0429149E-08 3.0644905E-08 2.2555636E-08  305.7940 304.4425 302.4275 300.1993 303.6710 301.5123 300.5737 300.3850 301.8077 299.8730 298.9343 289.7923 299.8317 297.2282 296.5374 297.2448  42143.3
1969 2.3521210E-08 2.7518777E-08 3.8202089E-08 5.4247590E-08 2.9853442E-08 4.4746415E-08 4.9909296E-08 4.7152234E-08 3.1902147E-08 4.4114991E-08 4.1568811E-08 2.1933833E-08 2.3983134E-08 3.1222090E-08 3.3875555E-08 2.4946546E-08  307.1346 305.6866 303.5181 301.0743 304.2978 301.9906 301.0233 300.8264 301.9978 299.8810 298.9319 289.7923 299.9810 297.5215 296.6528 297.4311  153860
1970 2.0688438E-08 2.4600954E-08 3.0483235E-08 4.4618876E-08 2.4415224E-08 3.4664442E-08 4.1610772E-08 4.1028439E-08 1.9765352E-08 3.3205222E-08 3.4877722E-08 1.5183817E-08 1.9076458E-08 2.7442438E-08 3.1234748E-08 2.3066921E-08  307.0487 305.4514 303.2733 301.1575 304.3544 302.2907 301.4757 301.4702 303.1113 301.1044 300.2554 289.7923 301.2851 298.9601 298.2566 298.9916  53716.7
1971 2.1633806E-08 2.5019846E-08 3.0460097E-08 4.2805247E-08 2.5203624E-08 3.6466300E-08 4.0639936E-08 3.8587409E-08 2.3225274E-08 3.4371997E-08 3.7338658E-08 1.8593338E-08 2.1697836E-08 2.8121985E-08 2.9868556E-08 2.2364484E-08  307.7426 306.1561 304.0155 301.3053 304.8086 302.4287 301.4310 301.3752 302.6807 300.7933 299.7458 289.7923 300.6408 298.3217 297.6366 298.2940  128923
1972 2.4572318E-08 3.2614278E-08 4.0413894E-08 5.3014475E-08 2.7267108E-08 4.2449695E-08 4.7476963E-08 4.5015341E-08 2.3485498E-08 3.4568746E-08 3.6494558E-08 1.8227572E-08 2.0168585E-08 3.0092707E-08 3.1128671E-08 2.2633602E-08  305.8863 304.2166 302.3897 300.2708 303.6910 301.5743 300.6714 300.5356 302.0753 299.9934 299.0660 289.7924 299.8615 297.3227 296.7180 297.5038  103757
1973 2.8848399E-08 3.2634897E-08 4.2949790E-08 5.7072693E-08 2.6185775E-08 4.1014630E-08 4.8662383E-08 4.5661579E-08 2.3078966E-08 3.7326366E-08 4.1793136E-08 1.7972194E-08 2.3963253E-08 3.3614405E-08 3.4772896E-08 2.8176458E-08  305.6884 304.1819 302.3772 300.4671 304.1163 302.0287 301.1883 301.2639 302.6218 300.7031 299.7649 289.7923 300.3657 298.0195 297.4960 298.2637  126630
1974 3.0247740E-08 3.4185451E-08 3.8639683E-08 5.1301438E-08 2.5844329E-08 3.7315047E-08 4.3068766E-08 4.1204064E-08 1.8514632E-08 2.9812266E-08 2.9657340E-08 1.3120186E-08 1.9333458E-08 2.8268024E-08 3.1104502E-08 2.1388137E-08  306.1557 304.2603 302.0905 299.8853 303.6090 301.3601 300.4526 300.2884 302.0544 300.0309 299.1511 289.7923 300.2520 297.8042 297.0643 297.8177  90256.7
1975 2.0931502E-08 2.6351559E-08 3.4121335E-08 4.8588777E-08 2.8559429E-08 4.1381952E-08 4.5770250E-08 4.2388809E-08 2.0673184E-08 3.2970167E-08 3.5006405E-08 1.6924057E-08 1.9662169E-08 2.7451003E-08 3.0008625E-08 2.2789681E-08  307.8908 305.8621 303.3252 300.8233 304.6945 302.1770 300.9418 300.8929 302.6111 300.4934 299.4095 289.7923 300.4868 298.0673 297.2090 297.9070  72010
1976 2.5061956E-08 2.9163850E-08 3.6989213E-08 5.1284630E-08 2.7222880E-08 3.8777767E-08 4.4556849E-08 4.3616922E-08 2.0843448E-08 3.2561502E-08 3.5989455E-08 1.4889329E-08 1.9097808E-08 2.6730834E-08 2.7185356E-08 1.8007364E-08  306.7519 305.0315 302.6754 300.3601 304.1982 301.7306 300.7370 300.7247 302.3338 300.3116 299.3199 289.7923 300.4437 298.1300 297.4461 298.2919  118517
1977 2.4341201E-08 2.6656293E-08 3.3497813E-08 4.6129067E-08 2.7103230E-08 3.5705483E-08 3.7800984E-08 3.6559694E-08 2.3859943E-08 3.6806675E-08 3.6514489E-08 1.6596488E-08 2.3365303E-08 3.2144747E-08 3.3378843E-08 2.5059938E-08  306.3396 304.9370 302.8542 300.7794 304.0811 302.0181 301.2289 301.2153 302.4478 300.5447 299.6143 289.7923 300.6126 298.1768 297.3584 298.0520  37653.3
1978 2.6849785E-08 3.3195874E-08 4.1570882E-08 5.5859907E-08 2.8710760E-08 4.0233370E-08 4.7473545E-08 4.4380283E-08 2.3736295E-08 3.5097532E-08 3.4638727E-08 1.5397770E-08 1.9908196E-08 2.8631552E-08 3.0041139E-08 1.9745402E-08  306.1656 304.4698 302.5287 300.3663 303.8755 301.6840 300.7397 300.7789 302.4595 300.5682 299.8362 289.7923 300.5981 298.2404 297.6793 298.5861  94620
1979 2.5437590E-08 3.2288952E-08 3.9479392E-08 5.0409707E-08 3.2360440E-08 4.3428816E-08 4.9197187E-08 4.4402064E-08 2.4908811E-08 3.4837573E-08 3.5976448E-08 1.8934218E-08 2.1743221E-08 2.8521615E-08 2.9484413E-08 2.2819361E-08  306.6260 304.7563 302.5833 300.5234 303.8582 301.5529 300.4097 300.4284 301.9574 299.9229 298.8981 289.7923 299.9171 297.5223 296.9352 297.7480  137633
1980 2.4433728E-08 2.7063415E-08 3.4157242E-08 4.9118956E-08 3.0139820E-08 3.9363336E-08 4.2377412E-08 4.1613433E-08 2.3710502E-08 3.7984737E-08 3.7028617E-08 1.6813358E-08 2.1418261E-08 2.8788826E-08 3.0676134E-08 2.1861794E-08  306.6813 305.2347 303.2160 301.0137 304.3028 302.1465 301.3312 301.3362 302.7130 300.6898 299.8573 289.7923 300.7003 298.3435 297.6291 298.3954  73943.3
1981 2.2922517E-08 2.6234931E-08 3.3475722E-08 4.5620084E-08 3.0336555E-08 4.0510493E-08 4.4979004E-08 4.2723649E-08 2.1912987E-08 3.3169172E-08 3.4295173E-08 1.5475310E-08 2.0057371E-08 2.6710596E-08 2.8730494E-08 1.9275141E-08  307.4262 305.7459 303.2451 300.8893 304.0603 301.9029 300.9234 300.7658 302.3843 300.4654 299.5545 289.7923 300.6027 298.2952 297.5856 298.4165  64403.3
1982 2.2853120E-08 2.7008255E-08 3.5467828E-08 5.0507637E-08 2.8617050E-08 3.9384140E-08 4.3884647E-08 4.4118170E-08 2.4124953E-08 3.5677854E-08 3.6166515E-08 1.8250384E-08 2.1000853E-08 2.9117984E-08 2.9095986E-08 2.3153154E-08  306.7735 304.9019 302.6867 300.5614 304.2420 301.8737 300.9225 300.8305 302.4346 300.3749 299.4920 289.8270 300.3382 297.9657 297.3045 297.9373  127260
1983 2.3723363E-08 3.1704019E-08 4.3587693E-08 6.2357792E-08 3.0634613E-08 3.9839513E-08 4.6543732E-08 4.6449880E-08 2.5298702E-08 3.7174310E-08 3.7003542E-08 1.9187778E-08 2.6375618E-08 3.5591484E-08 3.7193757E-08 2.7160485E-08  305.1157 303.6413 302.1683 300.4499 303.3953 301.8506 301.0801 301.2122 302.3239 300.4117 299.6041 289.9957 300.0461 297.7604 297.1243 297.9635  111843
1984 2.5895247E-08 2.7992819E-08 3.4791693E-08 4.5402643E-08 2.5096373E-08 3.4372221E-08 3.8836447E-08 3.6005151E-08 2.0815884E-08 3.0791917E-08 3.0040479E-08 1.2469501E-08 1.9500584E-08 2.7096583E-08 2.9769577E-08 2.0869500E-08  307.4214 306.0686 303.5121 300.9333 304.2661 302.0425 301.1091 301.2040 302.3470 300.4444 299.8088 289.7965 300.5912 298.3081 297.7206 298.6815  95550
1985 2.6467047E-08 2.8469161E-08 3.2776249E-08 4.4538961E-08 2.5110280E-08 3.5139109E-08 4.0382979E-08 3.7831828E-08 1.9208741E-08 3.0143941E-08 3.2617663E-08 1.4365272E-08 1.7696394E-08 2.6293627E-08 2.8356782E-08 2.1144832E-08  307.5272 306.1914 303.7323 301.1595 304.9682 302.3905 301.3493 301.3114 302.6435 300.6650 299.8193 289.8922 300.7915 298.2581 297.5268 298.2677  111303
1986 2.9111080E-08 3.4131055E-08 4.2069182E-08 5.5899498E-08 2.6790728E-08 3.8231217E-08 4.7407500E-08 4.6003677E-08 2.2838833E-08 3.5002262E-08 3.7353047E-08 1.5598118E-08 2.1448519E-08 2.7809984E-08 2.9640750E-08 2.1373117E-08  305.2576 303.8687 301.9759 299.9123 303.6870 301.6419 300.6480 300.4243 302.1609 300.2076 299.2485 289.8110 299.7343 297.3615 296.7457 297.5819  152667
1987 3.5717452E-08 4.2675801E-08 5.1816315E-08 6.5679004E-08 2.8461022E-08 4.1028517E-08 4.6796220E-08 4.5968839E-08 2.4604581E-08 3.5028670E-08 3.8404192E-08 1.4466362E-08 2.2515611E-08 3.0697976E-08 3.3419909E-08 2.2362165E-08  304.2476 303.0678 301.6479 299.9404 303.5151 301.7059 300.9147 300.9243 302.6225 300.6675 299.8545 289.9757 300.6051 298.3337 297.5886 298.5338  54963.3
1988 2.0307722E-08 2.3335593E-08 3.0369073E-08 4.1868212E-08 2.5494446E-08 3.6338793E-08 4.2566427E-08 3.9370661E-08 2.1833015E-08 3.4014842E-08 3.6872400E-08 1.7439914E-08 1.9042293E-08 2.9453467E-08 3.0575418E-08 2.3234401E-08  307.8923 306.5286 303.8939 301.4695 304.5092 302.5761 301.7350 301.7650 302.8439 301.0064 300.1670 289.9372 301.0233 298.7446 298.1076 298.8547  54780
1989 2.5670296E-08 2.9193107E-08 3.3730327E-08 4.4217945E-08 2.7624724E-08 3.5163456E-08 3.8190155E-08 3.5129204E-08 2.0939213E-08 3.1992244E-08 3.3436923E-08 1.5083055E-08 1.9358261E-08 2.8582205E-08 2.8927548E-08 2.1509498E-08  307.9177 306.1841 303.5782 300.9837 304.6497 302.0705 300.9900 301.0519 302.2745 300.1960 299.3575 289.7972 300.3690 297.9173 297.3277 298.2488  73276.7
1990 2.7415453E-08 3.1039708E-08 4.0168885E-08 5.5173263E-08 2.9474339E-08 3.8457653E-08 4.3179657E-08 4.3214332E-08 2.0555222E-08 2.9426996E-08 3.5344971E-08 1.5372658E-08 2.1648635E-08 2.8647673E-08 3.1480631E-08 2.3230596E-08  306.5537 304.9169 302.7134 300.5516 304.3719 302.2033 301.2380 301.1689 302.5313 300.6120 299.6785 289.9008 300.4631 298.0447 297.3626 298.2059  36790
1991 2.5995568E-08 3.1678418E-08 3.7993406E-08 5.5624650E-08 3.2208842E-08 4.3929436E-08 4.9803326E-08 5.0408556E-08 2.3518426E-08 3.5448625E-08 3.7236759E-08 1.8120655E-08 2.0666086E-08 2.9752835E-08 3.2356649E-08 2.5631961E-08  305.9655 304.3365 302.2679 300.2254 303.6007 301.5227 300.6098 300.4184 302.0579 300.2409 299.3891 289.9283 300.1032 297.6683 297.0881 297.9248  109987
1992 2.4977817E-08 3.0894721E-08 4.2045468E-08 5.9408336E-08 2.6076449E-08 3.8214345E-08 4.5061430E-08 4.6523734E-08 2.7899034E-08 4.2034046E-08 4.1603737E-08 2.0038129E-08 2.4053913E-08 3.4358006E-08 3.6114717E-08 2.6536593E-08  305.5480 304.1052 302.4127 300.5816 304.0541 302.0933 301.1484 301.0729 302.5077 300.3902 299.3955 289.7799 300.4157 297.8784 297.0261 297.7318  101990
1993 2.4430065E-08 3.0721075E-08 4.0761840E-08 5.3890112E-08 3.2854004E-08 4.4212982E-08 4.9805863E-08 4.7748983E-08 2.5832886E-08 3.8656378E-08 3.9993097E-08 1.8190892E-08 2.5753437E-08 3.2132117E-08 3.5539816E-08 2.7029849E-08  305.4827 304.0624 302.1409 300.1750 303.4687 301.7189 300.8560 300.6845 302.0847 300.3537 299.5112 289.8928 300.1214 297.8551 297.1938 297.8937  152900
1994 3.1570689E-08 3.7588304E-08 4.7188845E-08 6.0086023E-08 2.9895652E-08 4.4256765E-08 5.1043553E-08 5.1439422E-08 2.1046715E-08 3.3372380E-08 3.5546012E-08 1.4515805E-08 1.9199970E-08 3.1331908E-08 3.2867785E-08 2.2020135E-08  304.4805 302.9362 301.4472 299.6565 303.1618 301.2441 300.4152 300.3221 301.8365 300.1426 299.3657 289.6390 299.7495 297.4510 296.9330 297.8767  84576.7
1995 2.5958270E-08 2.8622114E-08 3.9606913E-08 5.2093910E-08 2.7614934E-08 4.0016626E-08 4.3577820E-08 4.2408470E-08 2.2004871E-08 3.6477335E-08 3.7187363E-08 1.6529048E-08 2.0434891E-08 2.8715254E-08 3.4268254E-08 2.5358871E-08  306.0764 304.6274 302.3847 300.4272 303.9981 301.9236 301.0510 301.0004 302.5778 300.6030 299.6948 289.9370 300.6911 298.2661 297.3381 298.2149  101707
1996 2.3109269E-08 2.6102342E-08 3.0812718E-08 4.2681023E-08 2.4975122E-08 3.3664392E-08 3.7057461E-08 3.6895919E-08 1.9510132E-08 3.1114659E-08 3.2201349E-08 1.4657259E-08 1.7762776E-08 2.8492362E-08 2.9351993E-08 2.2096859E-08  307.0916 305.5638 303.5423 301.1945 304.3395 302.0194 301.1942 301.2497 302.4540 300.4554 299.6365 289.6624 300.5787 298.1231 297.4292 298.0930  114783
1997 2.6188539E-08 3.0783479E-08 3.7745188E-08 5.1745104E-08 2.9518104E-08 4.3185572E-08 4.8486111E-08 4.5847525E-08 2.3156124E-08 3.5474763E-08 3.7520344E-08 1.6339369E-08 2.2245272E-08 3.0944701E-08 3.1261276E-08 2.0945885E-08  306.2144 304.2979 302.3162 300.1549 303.8708 301.5464 300.5381 300.5092 302.1313 300.2988 299.3275 289.7581 300.0565 297.6706 297.1182 298.0455  175857
1998 2.2654779E-08 2.6631204E-08 3.6407826E-08 5.0320619E-08 2.5498126E-08 3.5616605E-08 4.3317009E-08 3.9364576E-08 2.3793413E-08 3.5918582E-08 3.3781788E-08 1.3576422E-08 2.6301969E-08 3.2958173E-08 3.3842692E-08 2.3923244E-08  306.3152 304.9571 303.0398 301.0100 304.0677 302.3972 301.6241 301.7459 302.6906 300.8991 300.3392 290.1707 300.2707 298.1954 297.6171 298.5245  136100
1999 1.8508391E-08 2.2954977E-08 2.8851577E-08 4.0462879E-08 2.0618227E-08 3.0177421E-08 3.4346314E-08 3.0744086E-08 1.9089176E-08 2.8756920E-08 3.0151867E-08 1.2666978E-08 1.7888267E-08 2.4590443E-08 2.7804198E-08 1.9859872E-08  308.9095 307.4813 304.8952 301.9893 306.0856 303.5589 302.4167 302.8022 303.5267 301.6367 300.9406 290.0918 301.7039 299.7593 299.0376 299.8050  98506.7
2000 2.0199790E-08 2.4586123E-08 2.7320477E-08 3.7456989E-08 2.1797890E-08 3.1651446E-08 3.6109203E-08 3.4373961E-08 1.9449086E-08 2.9607753E-08 3.0057222E-08 1.2849930E-08 1.7980470E-08 2.3139213E-08 2.4528035E-08 1.9576159E-08  308.6578 307.1106 304.8170 301.7271 305.8860 303.2629 301.8483 301.9709 303.3834 301.4294 300.6649 290.1985 301.5007 299.3272 298.5525 299.2853  45016.7
2001 2.3655469E-08 3.0359004E-08 3.8314408E-08 5.1819331E-08 2.4011667E-08 3.4716169E-08 4.1805880E-08 3.9947210E-08 1.9487253E-08 3.2359313E-08 3.3802774E-08 1.2585401E-08 2.0566453E-08 2.7453499E-08 3.0687811E-08 2.2630486E-08  306.8210 305.1243 302.9548 300.7897 304.8462 302.4306 301.4767 301.4244 303.1632 301.1078 300.2046 289.9088 301.2243 298.6599 297.8574 298.6461  160847
2002 2.4498343E-08 3.0083225E-08 3.6301476E-08 4.7531127E-08 2.3268939E-08 3.5287663E-08 4.2115300E-08 4.0222709E-08 1.9982705E-08 3.1015482E-08 3.2934086E-08 1.5673463E-08 2.0950958E-08 2.8404642E-08 3.0739880E-08 2.2426335E-08  307.0137 305.1795 302.9574 300.9183 305.0319 302.5262 301.3615 301.3705 303.0808 300.9137 300.0134 290.2162 300.9859 298.4487 297.6467 298.4743  98423.3
2003 2.5750222E-08 2.8654716E-08 3.9048036E-08 5.5217477E-08 2.4685690E-08 3.6401186E-08 4.3779757E-08 4.1030393E-08 2.0641862E-08 3.4210256E-08 3.7496484E-08 1.4068811E-08 2.2878650E-08 3.3239981E-08 3.4042678E-08 2.4753009E-08  306.0442 304.5956 302.6967 300.5873 304.2777 302.2706 301.3055 301.4578 302.7836 300.7150 299.9295 289.8013 300.4304 298.0917 297.4469 298.4424  67473.3
2004 2.3568687E-08 3.0902360E-08 3.8502375E-08 5.1479407E-08 2.5508950E-08 3.7335369E-08 4.4341455E-08 3.9234266E-08 1.9403682E-08 3.0322450E-08 3.1656526E-08 1.3979922E-08 2.1926047E-08 2.8928357E-08 3.1507632E-08 2.3758457E-08  307.3510 305.5413 303.2431 300.9380 304.8957 302.4923 301.3242 301.3093 302.8628 300.8422 299.9967 289.9803 300.6109 298.2852 297.5862 298.4371  74580
2005 2.6380453E-08 2.9543987E-08 3.7826581E-08 5.5341733E-08 2.4123054E-08 3.6101103E-08 4.3671708E-08 4.3481393E-08 2.2765116E-08 3.2791661E-08 3.1947177E-08 1.5300525E-08 2.1138918E-08 2.7234501E-08 2.9497395E-08 2.1927235E-08  307.4121 305.8719 303.4423 300.9350 304.6443 302.3964 301.3357 301.1433 302.7145 300.6814 299.8347 290.0258 300.9153 298.6410 297.8015 298.5894  98296.7
2006 2.4243011E-08 2.9913441E-08 3.6265760E-08 5.0748852E-08 2.5768959E-08 3.6117751E-08 3.9642355E-08 3.7501383E-08 2.2100377E-08 3.1166039E-08 3.2053233E-08 1.4969659E-08 2.0518554E-08 2.8255359E-08 3.0756553E-08 2.1841059E-08  307.2759 305.5592 303.4174 300.9888 304.5763 302.1987 301.1235 300.9966 302.6667 300.6252 299.7610 289.9859 300.6570 298.1766 297.3780 298.2074  104900
2007 2.4350753E-08 2.8094304E-08 3.5698388E-08 4.7576968E-08 2.8862354E-08 3.9192361E-08 4.4466287E-08 4.3197367E-08 2.5237295E-08 3.8655067E-08 3.8404174E-08 1.8309221E-08 2.4885781E-08 3.4770501E-08 3.4184794E-08 2.6028907E-08  307.3016 305.6318 303.4194 301.2514 305.0096 302.6815 301.6438 301.6261 303.0147 300.9111 300.0470 289.9073 300.7962 298.1819 297.3782 298.2417  100577
2008 2.2704510E-08 2.4123148E-08 2.9858324E-08 4.1359328E-08 2.3232674E-08 3.2758102E-08 3.7852892E-08 3.5148666E-08 2.0132292E-08 2.9103230E-08 3.2881427E-08 1.5544561E-08 1.9977143E-08 2.8431053E-08 3.0612473E-08 2.2218234E-08  308.8698 307.4568 304.7207 301.7795 305.4842 302.7374 301.6012 301.9066 303.1711 301.0008 300.0405 289.8463 301.1843 298.8220 298.1395 298.9732  123377
2009 2.2758877E-08 2.8059345E-08 3.5094327E-08 4.8297704E-08 2.6598732E-08 3.5666773E-08 3.9396092E-08 3.8421504E-08 1.9812861E-08 3.0718496E-08 3.2656889E-08 1.3778116E-08 1.9319208E-08 2.7445259E-08 2.8148794E-08 2.0185860E-08  307.4347 305.8764 303.7574 301.3710 305.1927 302.8545 301.9583 301.9890 303.2050 301.3791 300.5781 289.7566 301.2532 298.9612 298.3897 299.2467  84053.3
2010 2.2010667E-08 2.5992986E-08 3.5118369E-08 5.1965287E-08 2.4870117E-08 3.4646316E-08 4.1780545E-08 4.1301703E-08 1.9182785E-08 3.2760710E-08 3.2867607E-08 1.4414737E-08 2.3129715E-08 2.8733577E-08 3.2402607E-08 2.4096826E-08  0.0000000E+00 0.0000000E+00 0.0000000E+00 0.0000000E+00 0.0000000E+00 0.0000000E+00 0.0000000E+00 0.0000000E+00 0.0000000E+00 0.0000000E+00 0.0000000E+00 0.0000000E+00 0.0000000E+00 0.0000000E+00 0.0000000E+00 0.0000000E+00  93933.3
2011 2.2928505E-08 2.5728893E-08 2.8423099E-08 3.8987864E-08 2.6530261E-08 3.5213802E-08 3.7878912E-08 3.4652160E-08 2.1955527E-08 3.0403754E-08 3.3487616E-08 1.5610530E-08 2.1068914E-08 2.8573965E-08 3.0098221E-08 2.2135639E-08  308.5668 307.2680 304.7287 301.8091 305.2377 302.6759 301.5803 301.7177 302.6642 300.7711 299.8583 289.8638 300.6435 298.3279 297.6511 298.5169  186033
2012 2.2025137E-08 2.5499455E-08 3.0592105E-08 4.1824993E-08 2.2948850E-08 3.2818615E-08 3.8198198E-08 3.4474706E-08 2.0520771E-08 2.9837107E-08 3.2780317E-08 1.6914397E-08 1.8844174E-08 2.6585179E-08 2.9986026E-08 2.2292935E-08  308.0757 306.5527 304.1304 301.4075 305.3468 302.7331 301.3865 301.4302 302.8277 300.8036 299.7394 290.2411 300.8000 298.3560 297.5193 298.2405  47296.7
2013 2.1548093E-08 2.6528463E-08 3.7243232E-08 5.3826682E-08 2.5948946E-08 3.7759442E-08 4.3585541E-08 4.0563112E-08 2.1569562E-08 3.5732768E-08 3.6882149E-08 1.6089958E-08 2.1227583E-08 3.1411826E-08 3.3173027E-08 2.4284283E-08  306.6744 305.1677 302.9275 300.6910 304.4624 302.2768 301.4369 301.3577 302.6913 300.7647 299.9092 289.9388 300.4832 298.0452 297.4864 298.4308  118490
2014 1.9079609E-08 2.1348056E-08 2.8154265E-08 4.4077897E-08 2.3442331E-08 3.3026289E-08 3.8688722E-08 3.8289091E-08 2.3506134E-08 3.4203218E-08 3.5874418E-08 1.7741895E-08 2.2676318E-08 3.0591490E-08 3.0740399E-08 2.4077462E-08  307.7074 306.2218 303.9100 301.3535 304.6003 302.3169 301.3747 301.4173 302.6195 300.6232 299.7315 289.5891 300.6547 298.1997 297.6100 298.2360  108357
2015 2.3879883E-08 3.0817727E-08 4.1392823E-08 5.7028068E-08 3.1024399E-08 4.2429658E-08 4.9820674E-08 4.5831019E-08 2.4095614E-08 3.6686497E-08 3.5736345E-08 1.4083872E-08 2.1938117E-08 3.2108012E-08 3.1720969E-08 2.1812902E-08  306.4464 304.8260 302.5948 300.4608 304.5739 302.4498 301.3047 301.2089 302.9821 300.9652 300.0941 289.6704 300.8609 298.4102 297.7105 298.6671  56710
