STN,prec_1,prec_2,prec_3,prec_4,prec_5,prec_6,prec_7,prec_8,prec_9,prec_10,prec_11,prec_12,prec_13,prec_14,prec_15,prec_16,st_1,st_2,st_3,st_4,st_5,st_6,st_7,st_8,st_9,st_10,st_11,st_12,st_13,st_14,st_15,st_16,08.0
LAT,37.67308,37.67308,37.67308,37.67308,40.46365,40.46365,40.46365,40.46365,43.25420,43.25420,43.25420,43.25420,46.04472,46.04472,46.04472,46.04472,37.67308,37.67308,37.67308,37.67308,40.46365,40.46365,40.46365,40.46365,43.25420,43.25420,43.25420,43.25420,46.04472,46.04472,46.04472,46.04472,41.78058635
LON,-95.62500,-92.81250,-90.00000,-87.18750,-95.62500,-92.81250,-90.00000,-87.18750,-95.62500,-92.81250,-90.00000,-87.18750,-95.62500,-92.81250,-90.00000,-87.18750,-95.62500,-92.81250,-90.00000,-87.18750,-95.62500,-92.81250,-90.00000,-87.18750,-95.62500,-92.81250,-90.00000,-87.18750,-95.62500,-92.81250,-90.00000,-87.18750,-90.252073
1958 1.8019389E-08 2.3776247E-08 3.3822626E-08 4.3478607E-08 1.5085645E-08 2.1887127E-08 2.9374942E-08 3.3182488E-08 1.7198349E-08 2.3275405E-08 2.6085745E-08 3.3499703E-08 1.9324141E-08 2.3316034E-08 2.5423459E-08 2.9414727E-08  274.7729 274.9094 275.5388 275.2357 271.7295 270.9684 271.7390 272.9814 267.2805 266.5891 268.0037 278.3985 265.2200 264.8759 265.9830 268.0415  17303.2
1959 2.0428816E-08 2.6936847E-08 3.6533777E-08 4.5796448E-08 1.6935891E-08 2.4214836E-08 3.1969019E-08 3.5175848E-08 1.7524236E-08 2.3590660E-08 2.6523415E-08 3.2851695E-08 1.8314898E-08 2.1733344E-08 2.2916810E-08 2.5381530E-08  275.4847 275.7368 276.4297 276.0971 272.3586 271.7075 272.6020 273.8410 267.9056 267.3476 268.6711 278.3985 265.5818 265.1422 266.1679 268.1536  26367.7
1960 2.1847089E-08 2.6810151E-08 3.3934320E-08 4.0880970E-08 1.7257188E-08 2.5004017E-08 3.0991867E-08 3.1119573E-08 1.6357445E-08 2.2923182E-08 2.6013877E-08 3.2515906E-08 1.7426203E-08 2.0965121E-08 2.2749104E-08 2.6765003E-08  274.7668 275.0024 275.6095 275.2347 271.6304 270.9347 271.7811 273.0525 267.3867 266.7667 268.0797 278.3985 265.3779 265.0345 266.0653 267.9663  24616.1
1961 1.9407654E-08 2.4861006E-08 3.1526653E-08 3.7986251E-08 1.6434187E-08 2.4498975E-08 3.1386485E-08 3.3273881E-08 1.6833715E-08 2.3423784E-08 2.6612216E-08 3.2823792E-08 1.7418680E-08 2.1464128E-08 2.3143077E-08 2.6249618E-08  275.8123 276.0900 276.6419 276.1317 272.5454 271.7527 272.4466 273.6676 268.2581 267.4233 268.5807 278.3985 266.0260 265.5371 266.4343 268.3154  21700
1962 1.6952191E-08 2.0920623E-08 2.9335462E-08 4.0413315E-08 1.5018021E-08 2.0659714E-08 2.8362589E-08 3.2553537E-08 1.7204465E-08 2.4007191E-08 2.7326870E-08 3.4173507E-08 1.8701764E-08 2.3186660E-08 2.5685702E-08 3.0207726E-08  276.0250 276.3372 276.9729 276.5305 272.7399 272.2641 273.0823 274.2867 268.1408 267.5659 268.9440 278.3985 265.7660 265.4180 266.4742 268.4005  37638.7
1963 2.5079624E-08 3.2593476E-08 4.0973827E-08 4.6927095E-08 1.8342561E-08 2.6786660E-08 3.4755647E-08 3.6228933E-08 1.5660142E-08 2.2265272E-08 2.5200608E-08 3.0850611E-08 1.6592967E-08 2.0305750E-08 2.1936733E-08 2.4227727E-08  276.0627 276.2858 276.6458 276.1077 272.7658 272.0030 272.6226 273.8174 268.7287 267.7960 268.8379 278.3985 266.5947 265.9981 266.7334 268.5185  26274.2
1964 1.4368408E-08 1.8969942E-08 2.4232950E-08 3.1542893E-08 1.1360617E-08 1.7689679E-08 2.3635282E-08 2.4964663E-08 1.1990744E-08 1.8562986E-08 2.1928559E-08 2.9478674E-08 1.4308442E-08 1.8832461E-08 2.1420540E-08 2.5425699E-08  275.2536 275.3695 275.8851 275.2076 272.0943 271.3012 271.8791 272.8661 267.8011 266.9673 267.9431 278.3985 265.7823 265.0824 265.6821 267.4799  14616.1
1965 2.0846118E-08 2.6052764E-08 3.5207346E-08 4.4586557E-08 1.6646702E-08 2.4262398E-08 3.1449659E-08 3.3334349E-08 1.6279886E-08 2.2583487E-08 2.6067122E-08 3.2598724E-08 1.6405810E-08 1.9938232E-08 2.1531470E-08 2.4636508E-08  274.6042 274.6457 275.1584 274.8307 271.5075 270.7192 271.4302 272.6548 267.0926 266.4848 267.8624 278.3985 265.0705 264.8391 265.8920 267.8914  28190.3
1966 1.6644671E-08 2.2682553E-08 2.7987440E-08 3.1966433E-08 1.2300696E-08 1.8747444E-08 2.4598901E-08 2.6685980E-08 1.2996439E-08 1.7851306E-08 1.9303059E-08 2.7365113E-08 1.5379296E-08 1.7578696E-08 1.8261330E-08 2.2070955E-08  274.6707 274.7633 275.1405 274.5167 271.9708 271.0326 271.5857 272.6696 267.8357 266.9351 268.0965 278.3986 265.6829 265.0887 265.9375 267.9361  29671
1967 2.0098890E-08 2.5979189E-08 3.3158440E-08 4.1527066E-08 1.2852087E-08 2.0017653E-08 2.7775123E-08 3.0650725E-08 1.3175313E-08 1.8775351E-08 2.1336639E-08 2.7559199E-08 1.4938211E-08 1.9280714E-08 2.0934474E-08 2.2704993E-08  275.3783 275.5610 276.2105 275.9464 272.6119 271.7596 272.4170 273.6740 268.3503 267.6817 268.9568 278.3985 266.1069 265.7845 266.7531 268.6765  24419.4
1968 1.7490997E-08 2.4018268E-08 3.4646789E-08 4.4564572E-08 1.4091461E-08 2.1489937E-08 2.9457993E-08 3.2204284E-08 1.5860078E-08 2.1413106E-08 2.3785658E-08 3.1318812E-08 1.7798753E-08 2.1153395E-08 2.2126160E-08 2.4482981E-08  274.1534 274.3157 275.0269 274.8431 271.2528 270.3611 271.1503 272.5541 267.2517 266.5108 267.6841 278.3985 265.3436 264.8827 265.7879 267.6888  44829
1969 1.9818103E-08 2.5761455E-08 3.5299895E-08 4.4507480E-08 1.6102256E-08 2.3018863E-08 3.0018239E-08 3.3208568E-08 1.6250917E-08 2.2238252E-08 2.5076021E-08 3.2565115E-08 1.8427347E-08 2.2171994E-08 2.3542604E-08 2.6026267E-08  275.4178 275.4826 275.8268 275.2911 272.3773 271.4734 272.0599 273.2558 268.1691 267.2696 268.5218 278.3985 265.8725 265.3321 266.3312 268.2462  27887.1
1970 1.7676951E-08 2.2908901E-08 3.0480862E-08 3.7408594E-08 1.5205973E-08 2.1903425E-08 2.7425862E-08 2.9806269E-08 1.6025377E-08 2.2373793E-08 2.3973906E-08 2.9927889E-08 1.8573903E-08 2.1954909E-08 2.2821741E-08 2.5106250E-08  275.5645 275.7024 276.1956 275.6431 272.3333 271.6074 272.2465 273.3456 267.8430 267.1839 268.4131 278.3985 265.4568 265.1326 266.0591 268.0965  22400
1971 1.5386687E-08 1.8601018E-08 2.5605861E-08 3.2768575E-08 1.1929311E-08 1.6801808E-08 2.1713507E-08 2.3682567E-08 1.2656674E-08 1.7306885E-08 1.8460135E-08 2.3309140E-08 1.4857463E-08 1.8358216E-08 1.9480906E-08 2.1559904E-08  276.0229 276.0424 276.3409 275.5987 273.2049 272.2643 272.5856 273.4944 269.0990 267.9931 268.8743 278.3985 266.6602 265.8720 266.5502 268.3752  26112.9
1972 2.6846509E-08 3.3408941E-08 4.2637577E-08 5.0302486E-08 1.9555239E-08 2.8109143E-08 3.6713942E-08 3.8100406E-08 1.6962021E-08 2.3920467E-08 2.8123523E-08 3.5003762E-08 1.7238960E-08 2.1204617E-08 2.3941595E-08 2.7609472E-08  274.1258 274.5211 275.2773 274.9578 271.1074 270.6270 271.5367 272.9448 267.3379 266.7613 268.1497 278.3985 265.6078 265.3341 266.3019 268.3229  81906.5
1973 1.6800161E-08 1.9748390E-08 2.5903882E-08 3.3371322E-08 1.4059667E-08 1.9736483E-08 2.4425603E-08 2.6289730E-08 1.5318754E-08 2.0551466E-08 2.1875747E-08 2.8564102E-08 1.7638003E-08 2.0743585E-08 2.1148026E-08 2.4001729E-08  275.9749 275.7914 276.0190 275.3620 272.8799 271.7693 272.1999 273.2539 268.5576 267.5359 268.4580 278.3985 266.0181 265.3214 266.1219 267.9845  38132.3
1974 1.8042689E-08 2.4049804E-08 3.2938765E-08 4.1424052E-08 1.4181747E-08 2.1014829E-08 2.8034746E-08 3.0210710E-08 1.5679694E-08 2.1752982E-08 2.4659336E-08 2.9828804E-08 1.8081842E-08 2.2893650E-08 2.4690666E-08 2.6966553E-08  276.3507 276.6009 277.2857 276.8687 272.9385 272.1192 272.9234 274.1674 268.2533 267.4844 268.8112 278.3985 265.9051 265.3485 266.3336 268.3604  32712.9
1975 1.9004796E-08 2.4446535E-08 3.2065078E-08 3.7621973E-08 1.7318925E-08 2.3908379E-08 3.0138121E-08 3.1756525E-08 1.7986199E-08 2.3295955E-08 2.6212771E-08 3.3057425E-08 1.8327366E-08 2.1958773E-08 2.3622601E-08 2.6993476E-08  275.8980 275.9877 276.4353 275.7567 272.5300 271.6875 272.3200 273.5009 267.9721 267.1719 268.4490 278.3985 265.8619 265.2966 266.1541 268.0913  32406.5
1976 1.8316841E-08 2.3899439E-08 3.2866229E-08 4.1969439E-08 1.5398440E-08 2.2844024E-08 2.9858466E-08 3.2249307E-08 1.6283245E-08 2.2047390E-08 2.5013465E-08 3.2280226E-08 1.8327565E-08 2.1396604E-08 2.2513976E-08 2.5039030E-08  275.6364 275.7251 276.1237 275.6224 272.6443 271.7409 272.3524 273.4727 268.1463 267.3501 268.4663 278.3985 265.7053 265.2700 266.2049 268.1704  17148.4
1977 1.8220030E-08 2.3565459E-08 3.2089435E-08 4.0342680E-08 1.5651349E-08 2.2811816E-08 2.8368492E-08 3.0303113E-08 1.7007597E-08 2.3012930E-08 2.4810406E-08 3.2292569E-08 1.9346819E-08 2.2788994E-08 2.4013472E-08 2.6729058E-08  274.7489 274.6997 274.9787 274.3481 271.3344 270.3553 270.9945 272.2731 266.9333 266.0964 267.3665 278.3985 264.7424 264.3685 265.4727 267.6295  15360
1978 2.2968361E-08 2.8741615E-08 3.6734662E-08 4.5883301E-08 1.6940229E-08 2.4457092E-08 3.2166486E-08 3.4402991E-08 1.9230352E-08 2.5252421E-08 2.7303530E-08 3.3363662E-08 1.9143576E-08 2.3547827E-08 2.5191387E-08 2.7379551E-08  274.8141 275.2475 276.0182 275.7169 271.3168 270.8111 271.6390 272.9888 266.6305 266.1679 267.6624 278.3985 264.3127 264.0838 265.2923 267.4291  42287.1
1979 2.1893754E-08 2.9792709E-08 3.8589622E-08 4.4432007E-08 1.8975854E-08 2.8263331E-08 3.6723257E-08 3.8442415E-08 1.8967151E-08 2.6316382E-08 2.9618130E-08 3.7218346E-08 1.9132004E-08 2.3076348E-08 2.5082379E-08 2.8693988E-08  275.0555 275.1595 275.5949 275.1152 271.8217 271.0719 271.8461 273.1173 267.5056 266.8265 268.1865 278.3985 265.4348 265.1059 266.1029 268.1233  59093.5
1980 1.8037882E-08 2.3998080E-08 3.3560831E-08 4.3301181E-08 1.4313776E-08 2.0777177E-08 2.8182669E-08 3.1211918E-08 1.5210016E-08 2.0978772E-08 2.3518904E-08 3.1328625E-08 1.6846236E-08 2.0842425E-08 2.2409594E-08 2.4486505E-08  274.4922 274.6563 275.2972 274.9660 271.6947 270.9970 271.6776 272.9074 267.5763 266.8887 268.1221 278.3985 265.4416 265.0469 265.9822 267.8983  40064.5
1981 2.0528796E-08 2.5580022E-08 3.2988936E-08 3.8810118E-08 1.7059277E-08 2.5107264E-08 3.1647826E-08 3.1188431E-08 1.7447501E-08 2.4733112E-08 2.7229207E-08 3.1823472E-08 1.9097062E-08 2.4196718E-08 2.6418000E-08 2.9481859E-08  274.8425 275.1877 275.9630 275.6062 272.2055 271.5910 272.4066 273.7141 268.4028 267.8658 269.0921 278.3986 266.4096 265.9967 266.8322 268.5508  46458.1
1982 2.1231333E-08 2.7391074E-08 3.6011702E-08 4.3856883E-08 1.6698749E-08 2.2868237E-08 2.9205420E-08 3.0679288E-08 1.5897895E-08 2.1357888E-08 2.3839947E-08 2.9232748E-08 1.6292070E-08 2.0392834E-08 2.2280899E-08 2.5820343E-08  275.1548 275.3300 275.9525 275.6239 272.5355 271.6089 272.2057 273.3880 268.6131 267.6269 268.6616 277.5452 266.4709 265.8791 266.5735 268.3955  29741.9
1983 1.8929736E-08 2.3199467E-08 3.1478418E-08 4.0855056E-08 1.6643355E-08 2.4245674E-08 3.2450355E-08 3.4791555E-08 1.6593889E-08 2.4146894E-08 2.8610593E-08 3.3214953E-08 1.7980845E-08 2.2249703E-08 2.4768440E-08 2.7638057E-08  276.2151 276.5702 277.1197 276.6547 273.2641 272.7165 273.4225 274.5179 269.0556 268.3690 269.5525 279.0046 266.7145 266.2357 267.0552 268.8089  37448.4
1984 1.7920859E-08 2.3787747E-08 3.3027124E-08 4.3888960E-08 1.4489673E-08 2.1674220E-08 2.9807165E-08 3.2787124E-08 1.4553584E-08 2.0760124E-08 2.4146393E-08 3.0066641E-08 1.6871516E-08 2.1452681E-08 2.2662620E-08 2.4797556E-08  275.6424 275.8645 276.4659 276.0432 272.5336 271.5838 272.2034 273.5574 268.1419 267.2859 268.3782 278.1942 265.8803 265.2577 266.1528 268.0198  34709.7
1985 1.8787624E-08 2.5429948E-08 3.5775219E-08 4.5257345E-08 1.3613827E-08 2.2361526E-08 3.2549003E-08 3.6426428E-08 1.3804999E-08 2.0479961E-08 2.5741038E-08 3.3606661E-08 1.7466469E-08 2.2009752E-08 2.4167012E-08 2.7732307E-08  275.7746 275.8554 276.4006 276.0131 272.8261 271.9771 272.5731 273.7743 268.4757 267.5632 268.6890 278.4982 265.9420 265.3651 266.1505 268.0669  36287.1
1986 1.8820899E-08 2.3756678E-08 3.0285971E-08 3.8431157E-08 1.4877294E-08 2.1630601E-08 2.7605159E-08 2.9126907E-08 1.6284403E-08 2.1496747E-08 2.3759570E-08 3.0079502E-08 1.7915735E-08 2.1742672E-08 2.2952570E-08 2.6199517E-08  275.4129 275.4401 275.7900 275.2415 272.5092 271.6206 272.2208 273.3609 268.5089 267.7173 268.7113 278.2745 266.6864 266.0289 266.6914 268.4080  61480.6
1987 2.4200501E-08 3.1650547E-08 4.2107310E-08 5.0054094E-08 1.8432331E-08 2.7750460E-08 3.6362895E-08 3.8315864E-08 1.6206043E-08 2.3012149E-08 2.7310527E-08 3.4603058E-08 1.8186434E-08 2.1725409E-08 2.4000148E-08 2.7869600E-08  275.2462 275.4053 275.9986 275.4991 272.0942 271.4066 272.2792 273.6086 268.0559 267.3400 268.6522 278.9678 265.9893 265.5544 266.4406 268.3648  36587.1
1988 1.7341980E-08 2.2874705E-08 2.9959864E-08 3.5941490E-08 1.3479498E-08 2.1586475E-08 3.0111586E-08 3.1866389E-08 1.4169747E-08 2.1423141E-08 2.5148129E-08 3.2807900E-08 1.7342776E-08 2.1374950E-08 2.3345859E-08 2.7036601E-08  275.8702 276.1986 276.9260 276.3368 272.1740 271.5381 272.3332 273.4852 267.7151 266.9536 268.1100 278.5862 265.3768 264.8811 265.6726 267.4695  15154.8
1989 1.9243879E-08 2.4352968E-08 3.3273611E-08 4.2944830E-08 1.6013034E-08 2.3068885E-08 3.0425877E-08 3.3107078E-08 1.6320914E-08 2.1883931E-08 2.5216597E-08 3.1361424E-08 1.7393942E-08 2.0935293E-08 2.2378341E-08 2.4824853E-08  276.0847 276.2738 276.6877 276.0785 272.8221 272.0287 272.6825 273.8154 268.7449 267.8478 268.8866 278.4372 266.6337 266.0290 266.7533 268.4792  17912.9
1990 1.8764529E-08 2.2481467E-08 2.9539819E-08 3.9173944E-08 1.6763179E-08 2.3121386E-08 2.8931860E-08 3.1087058E-08 1.6956319E-08 2.2748452E-08 2.5868856E-08 3.3492402E-08 1.5841440E-08 1.9074605E-08 2.0492505E-08 2.3903697E-08  274.7128 274.9225 275.3350 274.8988 271.4295 270.6740 271.3185 272.6080 267.3289 266.4502 267.5728 277.9907 265.3630 264.7741 265.5557 267.4397  57138.7
1991 2.5346852E-08 3.2848483E-08 4.3059170E-08 5.2265754E-08 1.9857847E-08 2.9097492E-08 3.7836617E-08 3.9952148E-08 1.8146633E-08 2.5311850E-08 2.9141209E-08 3.4426268E-08 1.8305974E-08 2.2695346E-08 2.4517021E-08 2.7209429E-08  274.7488 275.3562 276.2198 275.9803 271.8434 271.5904 272.6124 274.0132 267.8759 267.5883 269.0693 279.0694 265.7261 265.6197 266.7792 268.7052  45325.8
1992 2.3558863E-08 2.7731407E-08 3.5321417E-08 4.4096282E-08 1.9132287E-08 2.5869761E-08 3.1224683E-08 3.2611613E-08 1.8707690E-08 2.4395291E-08 2.6233833E-08 3.1624307E-08 1.8867201E-08 2.2302675E-08 2.3663953E-08 2.6401564E-08  274.2933 274.4134 274.9031 274.5908 271.4503 270.7393 271.4666 272.7103 267.4241 266.7753 268.1126 278.0908 265.3704 265.0483 266.0246 268.0148  31158.1
1993 2.0896946E-08 2.3119687E-08 2.9152263E-08 3.4826460E-08 1.8960261E-08 2.4664658E-08 2.9266584E-08 2.8797286E-08 1.8277783E-08 2.2459686E-08 2.3713209E-08 2.8758253E-08 1.6720421E-08 1.9627825E-08 2.0712417E-08 2.2475573E-08  275.1064 275.1993 275.5858 274.9131 272.0512 271.3712 272.1219 273.2361 268.1766 267.5358 268.7437 278.3572 266.3976 265.9559 266.8273 268.5513  113419
1994 1.9757238E-08 2.3191525E-08 2.8836128E-08 3.7080447E-08 1.6580159E-08 2.2615787E-08 2.7034929E-08 2.8192400E-08 1.5825769E-08 2.1830445E-08 2.3529193E-08 2.8816057E-08 1.6297154E-08 2.0710193E-08 2.2205141E-08 2.4940070E-08  275.8992 275.9674 276.3437 275.7452 273.0377 272.3059 272.8574 273.8240 269.0125 268.2854 269.3026 278.1569 266.7867 266.2827 266.9870 268.6094  48271
1995 1.7312683E-08 2.3892133E-08 3.3628950E-08 4.1754259E-08 1.6552352E-08 2.3849747E-08 3.1579393E-08 3.3643637E-08 1.8396737E-08 2.4578627E-08 2.7600464E-08 3.3819951E-08 2.0300270E-08 2.4000059E-08 2.5575178E-08 2.8676929E-08  275.2408 275.4373 275.9934 275.4507 272.1564 271.4650 272.1637 273.3911 268.0361 267.2699 268.4023 278.7138 265.9537 265.4209 266.1596 267.9554  65061.3
1996 1.8826015E-08 2.5629840E-08 3.4157935E-08 4.1180542E-08 1.6337459E-08 2.5252255E-08 3.4377717E-08 3.6608519E-08 1.7004350E-08 2.4667944E-08 2.8421056E-08 3.4559836E-08 1.9546141E-08 2.4478162E-08 2.6821265E-08 3.0161758E-08  276.1338 276.3182 276.8013 276.2391 273.2616 272.4668 273.0453 273.9636 269.0353 268.1623 269.0730 277.7483 266.7352 266.0776 266.6359 268.3442  35951.6
1997 2.3340768E-08 2.7118446E-08 3.3766238E-08 4.1311470E-08 2.0290363E-08 2.6676329E-08 3.1393693E-08 3.3099830E-08 2.2166194E-08 2.7513957E-08 2.7893469E-08 3.1257954E-08 2.1645540E-08 2.3325379E-08 2.3408335E-08 2.5298807E-08  275.4978 275.6087 276.0068 275.4136 272.6247 271.9091 272.5744 273.5953 268.5189 267.9383 269.1972 278.2364 266.6029 266.2123 267.0193 268.6015  60974.2
1998 1.6452683E-08 2.2286395E-08 2.8552993E-08 3.6303234E-08 1.4705713E-08 2.2886237E-08 3.1399757E-08 3.2841470E-08 1.5570885E-08 2.3210470E-08 2.7204928E-08 3.5187064E-08 1.7573802E-08 2.2364130E-08 2.4074101E-08 2.7458478E-08  276.1991 276.4044 276.9707 276.3813 272.5552 271.7527 272.4823 273.6627 268.0235 267.2858 268.4308 279.2029 265.6303 265.0759 265.8813 267.8006  39796.8
1999 1.7263165E-08 2.0555934E-08 2.6606591E-08 3.3202586E-08 1.4177073E-08 2.0653275E-08 2.7086951E-08 2.9057986E-08 1.5361076E-08 2.2322405E-08 2.5427905E-08 3.1242251E-08 1.6894186E-08 2.1588317E-08 2.3457432E-08 2.6039890E-08  276.8657 277.1145 277.6034 276.9214 273.5040 272.6633 273.2584 274.4200 268.9893 268.2137 269.2725 279.0054 266.9505 266.3652 266.9938 268.5785  65629
2000 1.6479708E-08 2.0715198E-08 2.9390160E-08 3.8838632E-08 1.3260210E-08 1.9915600E-08 2.7391007E-08 3.1118777E-08 1.4189937E-08 2.0441847E-08 2.3199281E-08 3.0936725E-08 1.6220014E-08 2.0319121E-08 2.1852337E-08 2.5002542E-08  275.6337 275.7086 276.2495 275.8115 272.4404 271.6426 272.3145 273.4411 267.9897 267.1363 268.3538 278.6333 265.7678 265.2036 266.0482 267.9631  38251.6
2001 1.8008052E-08 2.2352019E-08 3.1128387E-08 4.0836781E-08 1.5253304E-08 2.2052486E-08 2.8722678E-08 3.2256704E-08 1.6120500E-08 2.2860290E-08 2.5455718E-08 3.2193427E-08 1.6739873E-08 2.1686967E-08 2.3440597E-08 2.5597076E-08  275.2378 275.4425 275.9710 275.5068 272.4128 271.5690 272.1003 273.2685 268.3226 267.5075 268.5850 278.8483 266.3068 265.6438 266.2986 268.0049  37041.9
2002 1.8490763E-08 2.3293161E-08 2.9942736E-08 3.7464279E-08 1.5083099E-08 2.0330011E-08 2.6206513E-08 2.8320192E-08 1.5089404E-08 1.9387562E-08 2.1422874E-08 2.8055979E-08 1.6409961E-08 1.9603364E-08 2.0629182E-08 2.3094559E-08  275.5435 275.8423 276.4173 275.8617 272.9094 272.2300 272.9158 273.9868 269.0908 268.3951 269.4844 279.0586 267.0783 266.5017 267.2213 269.0210  61880.6
2003 2.0402448E-08 2.6040849E-08 3.7358546E-08 4.8345441E-08 1.7713413E-08 2.5054424E-08 3.4302897E-08 3.7326778E-08 1.7073353E-08 2.3696874E-08 2.6729271E-08 3.3123023E-08 1.5709848E-08 1.9891644E-08 2.1220277E-08 2.4489472E-08  275.1773 275.7139 276.5374 276.2422 271.6491 271.1695 272.0751 273.4467 267.3505 266.6704 267.9158 278.2352 265.2928 264.6934 265.4595 267.3614  25838.7
2004 2.0049386E-08 2.6788179E-08 3.9454640E-08 4.8837666E-08 1.6173930E-08 2.4128239E-08 3.2880269E-08 3.5764327E-08 1.7852717E-08 2.3721160E-08 2.6025550E-08 3.2932853E-08 1.8768839E-08 2.2500501E-08 2.3977885E-08 2.6768092E-08  275.2702 275.4257 275.9976 275.5482 272.0118 271.2531 271.9743 273.2035 267.7327 267.0066 268.2582 278.5650 265.6993 265.2771 266.2229 268.1082  34900
2005 1.9571980E-08 2.3383171E-08 3.0645054E-08 3.8553846E-08 1.5224160E-08 2.1221933E-08 2.8118457E-08 3.0511554E-08 1.5475290E-08 2.0802831E-08 2.3087457E-08 3.0562084E-08 1.7798918E-08 2.0855051E-08 2.1890655E-08 2.4687592E-08  275.6733 275.6446 275.9713 275.3634 272.6691 271.7529 272.2620 273.3718 268.4888 267.5230 268.5922 279.1339 266.2490 265.6032 266.4279 268.2898  25683.9
2006 1.6732828E-08 2.0671690E-08 2.8881326E-08 3.8144826E-08 1.3604601E-08 2.0183631E-08 2.7092055E-08 3.1036830E-08 1.4173350E-08 1.9774880E-08 2.2529481E-08 3.0462310E-08 1.5965638E-08 1.9284894E-08 2.1215177E-08 2.4935243E-08  275.5070 275.6042 276.1409 275.6397 272.6488 271.6540 272.1903 273.3722 268.5426 267.5347 268.5245 278.9894 266.2502 265.5287 266.1678 267.9119  26735.5
2007 1.7226949E-08 2.0718709E-08 2.6772963E-08 3.5135002E-08 1.4200953E-08 2.1145928E-08 2.7800663E-08 3.0597892E-08 1.4662701E-08 2.1652166E-08 2.5204253E-08 3.2674421E-08 1.6874820E-08 2.0173385E-08 2.1126423E-08 2.4121521E-08  276.0417 276.1972 276.6339 275.8329 272.8389 271.8645 272.3250 273.3139 268.6055 267.4898 268.3475 278.5537 266.4599 265.6759 266.2068 267.7728  50719.4
2008 1.8690210E-08 2.2575160E-08 3.0101702E-08 3.7674081E-08 1.6728055E-08 2.3035442E-08 2.9474213E-08 3.1494938E-08 1.7486242E-08 2.4206615E-08 2.6934471E-08 3.2675725E-08 1.8149731E-08 2.2343775E-08 2.4666056E-08 2.7781072E-08  276.0562 276.1159 276.4928 275.9463 272.7682 271.8661 272.4429 273.6451 268.2446 267.4445 268.6364 278.4222 265.7035 265.2922 266.3035 268.2804  28748.4
2009 2.2129537E-08 2.6883484E-08 3.3739639E-08 4.1993768E-08 1.7270096E-08 2.2985938E-08 2.8819345E-08 2.9893027E-08 1.6837024E-08 2.2026754E-08 2.4901288E-08 2.9536661E-08 1.7903956E-08 2.2244697E-08 2.4029067E-08 2.6461615E-08  275.5895 275.8331 276.4148 275.9210 272.8098 272.2346 272.9504 274.0096 268.8577 268.3408 269.5797 278.3452 266.7168 266.3443 267.2016 268.9660  37419.4
2010 1.5831594E-08 1.9565018E-08 2.6563159E-08 3.3599289E-08 1.4660052E-08 2.1496692E-08 2.7951222E-08 2.9894391E-08 1.5331224E-08 2.1757335E-08 2.3502308E-08 3.1407716E-08 1.6493068E-08 2.0058103E-08 2.0701016E-08 2.3355465E-08  275.8125 275.8305 276.2240 275.6407 272.3648 271.3132 271.8695 273.0900 267.9108 266.8599 267.9606 279.3617 265.6428 264.9375 265.7079 267.6177  82545.2
2011 1.5300877E-08 2.0529670E-08 2.9176128E-08 3.7019287E-08 1.3813269E-08 2.0476026E-08 2.7938615E-08 3.0508900E-08 1.5419184E-08 2.1329475E-08 2.3906248E-08 2.9667774E-08 1.8543076E-08 2.2104993E-08 2.2592292E-08 2.4691603E-08  277.1166 277.1179 277.4577 276.7533 273.9824 272.9878 273.3260 274.3308 269.4177 268.3275 269.2263 278.7638 266.8721 266.1333 266.7319 268.3767  80025.8
2012 2.1436945E-08 2.5909607E-08 3.3111636E-08 4.0328285E-08 1.6564517E-08 2.4414167E-08 3.1841338E-08 3.2713380E-08 1.6151333E-08 2.1950955E-08 2.5578967E-08 3.1226030E-08 1.9553957E-08 2.3113573E-08 2.4520093E-08 2.7454648E-08  276.5324 276.8167 277.4690 277.1065 273.5192 272.7702 273.5892 274.9028 269.1927 268.5992 269.8586 279.3976 266.7542 266.4701 267.5143 269.4310  24209.7
2013 2.2862039E-08 2.7407612E-08 3.5169766E-08 4.2917712E-08 1.8197159E-08 2.4646591E-08 3.1239161E-08 3.2513761E-08 1.6940662E-08 2.3257682E-08 2.5932913E-08 3.1130512E-08 1.8510937E-08 2.3197051E-08 2.4875980E-08 2.6905177E-08  276.3937 276.6237 277.1952 276.7460 273.3357 272.5703 273.1174 274.2779 268.7816 268.1438 269.3191 278.7633 266.2896 265.8345 266.6580 268.4872  32545.2
2014 2.1133886E-08 2.5529085E-08 3.1609577E-08 3.8771692E-08 1.7330905E-08 2.4483276E-08 3.0095389E-08 3.1657450E-08 1.6423581E-08 2.2496886E-08 2.4641675E-08 2.9070820E-08 1.7639515E-08 2.2368862E-08 2.4661471E-08 2.7225388E-08  276.0378 276.1905 276.6271 276.0564 273.0933 272.3933 272.9972 274.0680 268.9160 268.1551 269.2132 277.7387 266.7721 266.2376 266.9707 268.6399  42109.7
2015 2.4149903E-08 2.7870547E-08 3.4183330E-08 4.2201755E-08 2.0382416E-08 2.5630161E-08 3.0376754E-08 3.2775105E-08 1.7911090E-08 2.2723492E-08 2.4463587E-08 2.9322221E-08 1.6024117E-08 1.9093093E-08 2.0780826E-08 2.3764551E-08  276.3351 276.5254 276.8988 276.2487 273.5760 272.8001 273.4529 274.5183 269.8224 269.0992 270.1648 278.1650 267.6554 267.1655 267.8955 269.5356  40116.1
