STN,prec_1,prec_2,prec_3,prec_4,prec_5,prec_6,prec_7,prec_8,prec_9,prec_10,prec_11,prec_12,prec_13,prec_14,prec_15,prec_16,st_1,st_2,st_3,st_4,st_5,st_6,st_7,st_8,st_9,st_10,st_11,st_12,st_13,st_14,st_15,st_16,11.0
LAT,37.67308,37.67308,37.67308,37.67308,40.46365,40.46365,40.46365,40.46365,43.25420,43.25420,43.25420,43.25420,46.04472,46.04472,46.04472,46.04472,37.67308,37.67308,37.67308,37.67308,40.46365,40.46365,40.46365,40.46365,43.25420,43.25420,43.25420,43.25420,46.04472,46.04472,46.04472,46.04472,41.78058635
LON,-95.62500,-92.81250,-90.00000,-87.18750,-95.62500,-92.81250,-90.00000,-87.18750,-95.62500,-92.81250,-90.00000,-87.18750,-95.62500,-92.81250,-90.00000,-87.18750,-95.62500,-92.81250,-90.00000,-87.18750,-95.62500,-92.81250,-90.00000,-87.18750,-95.62500,-92.81250,-90.00000,-87.18750,-95.62500,-92.81250,-90.00000,-87.18750,-90.252073
1958 2.4723771E-08 2.7943479E-08 3.2329169E-08 3.4699443E-08 1.9392397E-08 2.5530523E-08 3.0325079E-08 2.8859168E-08 1.6081820E-08 2.2207647E-08 2.5079572E-08 2.6105667E-08 1.7269283E-08 2.2253943E-08 2.5142480E-08 2.6015442E-08  281.7725 282.1365 282.6423 281.8500 279.1676 278.5343 278.9416 279.7876 275.3850 274.6943 275.4200 281.5336 272.7478 272.1049 272.5900 274.0249  23300
1959 1.9410063E-08 2.2454641E-08 2.8927049E-08 3.5500758E-08 1.8145087E-08 2.3856197E-08 3.0101937E-08 3.1116528E-08 1.6403881E-08 2.1750461E-08 2.4681174E-08 2.6607378E-08 1.7903352E-08 2.1514786E-08 2.3111330E-08 2.4763775E-08  282.7915 282.9871 283.0841 281.9856 280.1427 279.4713 279.6922 280.2742 276.1002 275.5036 276.3390 281.5336 273.2984 272.8200 273.4379 274.9010  43413.3
1960 2.6954254E-08 3.3682745E-08 3.9434866E-08 4.4251827E-08 1.9639497E-08 2.9665133E-08 3.7723876E-08 3.5909771E-08 1.9224251E-08 2.5647351E-08 2.9300121E-08 3.0322209E-08 1.9770324E-08 2.3224914E-08 2.4334255E-08 2.5732321E-08  282.5621 282.8560 283.1465 282.2305 279.4019 278.7956 279.2434 280.0468 274.6590 274.1418 275.1935 281.5336 271.8339 271.5077 272.2095 273.8071  34706.7
1961 2.3903258E-08 2.9145527E-08 3.4764479E-08 3.6968949E-08 1.8478692E-08 2.5955767E-08 3.3605446E-08 3.2996486E-08 1.5336653E-08 2.2476186E-08 2.6532209E-08 2.8121789E-08 1.4854451E-08 2.0450225E-08 2.3717213E-08 2.5474520E-08  283.0921 283.5124 283.8521 282.8231 280.1929 279.5414 279.9323 280.8456 276.1181 275.5421 276.4514 281.5336 273.5871 273.0905 273.6133 275.0269  49610
1962 1.7658033E-08 2.2636389E-08 3.0994070E-08 3.7106403E-08 1.5252114E-08 2.1417190E-08 2.9790920E-08 3.1383848E-08 1.4751333E-08 2.0795024E-08 2.3789173E-08 2.5309527E-08 1.6296234E-08 1.9824931E-08 2.0789059E-08 2.1589956E-08  283.9458 283.9493 283.9202 282.7521 280.4821 279.6118 279.8024 280.5744 275.5027 274.7728 275.6809 281.5336 272.5040 271.9706 272.6725 274.2438  28643.3
1963 2.7599555E-08 3.2927542E-08 3.8367112E-08 3.8792731E-08 2.2017922E-08 3.0810163E-08 3.7480511E-08 3.5486018E-08 1.9798373E-08 2.6194618E-08 3.0634354E-08 3.1806191E-08 1.9947848E-08 2.5238331E-08 2.8370959E-08 3.0028747E-08  283.5606 283.6846 283.8446 282.7757 280.8997 280.1751 280.3898 281.0250 276.9415 276.3257 277.0203 281.5336 274.0801 273.5899 274.0907 275.3625  19933.3
1964 1.7567183E-08 1.9896619E-08 2.4130564E-08 2.9320596E-08 1.7231304E-08 2.2555785E-08 2.6002946E-08 2.5678032E-08 1.6051757E-08 2.2646432E-08 2.4968109E-08 2.4561249E-08 1.5765432E-08 2.0772976E-08 2.3155893E-08 2.4631188E-08  283.5588 283.6208 283.5436 282.2091 280.4493 279.6793 279.8415 280.4717 276.1454 275.4567 276.1816 281.5336 273.3117 272.5811 273.0197 274.3825  24880
1965 2.4930372E-08 2.7912769E-08 3.0169858E-08 3.3505707E-08 1.7989104E-08 2.4233076E-08 2.7692646E-08 2.7480480E-08 1.6511153E-08 2.2138900E-08 2.5084660E-08 2.7135268E-08 1.4472706E-08 1.9105727E-08 2.1645791E-08 2.3566322E-08  282.7062 282.5673 282.4318 281.3003 280.1762 279.2481 279.3569 279.9113 276.1942 275.3449 275.8705 281.5336 273.5121 272.7290 272.9728 274.1388  43893.3
1966 2.2380556E-08 2.4271902E-08 2.6659684E-08 2.8711302E-08 1.8107141E-08 2.5218911E-08 3.0657635E-08 2.8822178E-08 1.3360044E-08 1.9509905E-08 2.3016520E-08 2.4676769E-08 1.3336225E-08 1.6921540E-08 1.8874292E-08 2.0110830E-08  283.4082 283.6694 283.6878 282.4469 280.2584 279.6335 279.9137 280.4872 276.3166 275.5913 276.2812 281.5336 273.8258 273.1100 273.4247 274.6490  25060
1967 2.5694169E-08 2.6068403E-08 2.9274821E-08 3.2278589E-08 2.1677261E-08 2.8375071E-08 3.3488227E-08 3.1007652E-08 1.7846505E-08 2.5070465E-08 2.7924701E-08 2.7545850E-08 1.7953194E-08 2.3123125E-08 2.4760807E-08 2.5565953E-08  283.2627 283.5363 283.6858 282.5569 279.9579 279.3134 279.6806 280.4955 275.6898 275.1214 275.9975 281.5336 272.8843 272.3851 273.0647 274.5211  27280
1968 2.7528969E-08 2.9325907E-08 3.4212466E-08 3.8912241E-08 2.4537966E-08 3.1067419E-08 3.5610139E-08 3.4275864E-08 2.1804732E-08 3.0070481E-08 3.2323577E-08 3.1644152E-08 1.8782648E-08 2.5217773E-08 2.8286157E-08 2.8841802E-08  282.3799 282.8387 283.2811 282.3341 279.2466 278.7829 279.3166 280.2496 274.9464 274.4899 275.4596 281.5336 272.2562 271.7665 272.3678 273.9433  64180
1969 2.3924247E-08 2.8608572E-08 3.4762149E-08 3.7611393E-08 1.8456825E-08 2.5035767E-08 3.0551554E-08 3.1107426E-08 1.5194766E-08 2.1198908E-08 2.4704127E-08 2.5851419E-08 1.6905810E-08 2.0222229E-08 2.1709381E-08 2.3011843E-08  283.5781 283.8800 284.0681 283.0059 280.7596 280.1150 280.3773 281.0800 276.8009 276.1450 276.8126 281.5337 274.3101 273.6911 274.0274 275.1888  28460
1970 1.6853893E-08 2.0544714E-08 2.6075597E-08 3.1777031E-08 1.5008697E-08 2.0723460E-08 2.6394002E-08 2.7543388E-08 1.7362831E-08 2.2393122E-08 2.4836798E-08 2.6280036E-08 1.9931360E-08 2.5038998E-08 2.6993096E-08 2.8727916E-08  283.9132 284.0555 284.1039 282.9397 280.6251 279.8550 280.1201 280.9662 276.3116 275.6020 276.3880 281.5336 273.2047 272.6475 273.2397 274.7445  60056.7
1971 2.2550774E-08 2.5889277E-08 3.1575549E-08 3.4621173E-08 1.9157216E-08 2.7129621E-08 3.2525925E-08 3.0174000E-08 1.5605711E-08 2.3766017E-08 2.8377018E-08 2.8328341E-08 1.5845536E-08 2.1384272E-08 2.4905075E-08 2.7061271E-08  283.0585 283.5023 283.7344 282.5473 279.9115 279.3307 279.7503 280.6115 275.4549 274.8673 275.9145 281.5336 272.4488 271.9164 272.6263 274.2768  59676.7
1972 2.2892305E-08 2.8480049E-08 3.6082305E-08 4.2964334E-08 1.7555044E-08 2.4607209E-08 3.0656842E-08 3.1943536E-08 1.5492652E-08 2.1552069E-08 2.4003505E-08 2.6134710E-08 1.7303606E-08 2.2148523E-08 2.4739865E-08 2.5398844E-08  281.8400 281.9764 282.1314 281.1887 279.3024 278.6085 279.0115 279.7969 275.5675 274.8974 275.7459 281.5336 272.9813 272.3677 272.9241 274.3435  73153.3
1973 1.7759245E-08 2.1529971E-08 2.6247102E-08 3.0488227E-08 1.5397255E-08 2.1638744E-08 2.7702669E-08 2.7148857E-08 1.4313255E-08 2.0567228E-08 2.4699897E-08 2.5730039E-08 1.4431025E-08 1.8933264E-08 2.2077741E-08 2.5291294E-08  283.8501 284.0179 284.0348 282.7596 280.6882 279.9527 280.1670 280.8533 276.3694 275.5883 276.3943 281.5336 273.5298 272.7848 273.3016 274.7021  46436.7
1974 1.9693708E-08 2.3438973E-08 3.0373755E-08 3.1675704E-08 1.6911276E-08 2.4281839E-08 3.3771567E-08 3.3916372E-08 1.5363852E-08 2.1877861E-08 2.6242335E-08 2.9213586E-08 1.7175630E-08 2.2111276E-08 2.4388228E-08 2.5521746E-08  283.1299 283.4302 283.4798 282.3011 280.0347 279.4857 279.8599 280.5977 275.7956 275.3047 276.2063 281.5336 273.0616 272.5229 273.1072 274.4986  34136.7
1975 1.6588332E-08 1.8800915E-08 2.3255518E-08 2.9727454E-08 1.6277628E-08 2.1046940E-08 2.5666054E-08 2.6946479E-08 1.5747995E-08 2.0990417E-08 2.3118000E-08 2.4064933E-08 1.4359456E-08 1.9040238E-08 2.1991058E-08 2.3432071E-08  283.9254 284.1283 284.3163 283.0091 280.6957 280.1035 280.4330 281.1035 276.1219 275.6507 276.6620 281.5336 273.1715 272.8091 273.5575 275.1046  40633.3
1976 2.7764537E-08 3.1918994E-08 3.9211518E-08 4.5044871E-08 2.2494490E-08 2.8223841E-08 3.3428321E-08 3.4328338E-08 2.1184844E-08 2.6079382E-08 2.7384745E-08 2.7658180E-08 2.1012990E-08 2.4067257E-08 2.4549999E-08 2.5305921E-08  281.9339 282.1469 282.3705 281.5165 279.2975 278.5797 278.8677 279.6562 275.1118 274.4362 275.3162 281.5336 272.4102 271.9550 272.6012 274.1031  14740
1977 2.7466596E-08 2.9977148E-08 3.5195743E-08 3.9131368E-08 2.2409340E-08 2.9255427E-08 3.5009656E-08 3.4089140E-08 1.8231171E-08 2.5292582E-08 2.8957617E-08 2.9955306E-08 1.6950796E-08 2.2530530E-08 2.5086294E-08 2.6950435E-08  283.4604 283.6807 283.7979 282.8010 280.7460 280.0534 280.3643 281.1266 276.7554 276.1737 276.8914 281.5336 274.0469 273.4280 273.8057 274.9620  39210
1978 2.4878153E-08 3.0457112E-08 3.7195498E-08 4.0808263E-08 1.8903595E-08 2.7676382E-08 3.6127290E-08 3.5379841E-08 1.7157841E-08 2.2529727E-08 2.5556579E-08 2.7831128E-08 1.6844204E-08 2.0659535E-08 2.1276485E-08 2.2036572E-08  281.9118 282.2004 282.5522 281.6080 278.9743 278.3255 278.7083 279.6735 274.8834 274.3142 275.2422 281.5336 272.3811 271.8871 272.5677 274.0437  32146.7
1979 2.2049006E-08 2.5170745E-08 3.1431838E-08 3.7156042E-08 2.0347901E-08 2.7283406E-08 3.1877779E-08 3.2201601E-08 1.6796353E-08 2.3604988E-08 2.6131156E-08 2.7875849E-08 1.5448100E-08 2.0967951E-08 2.3012788E-08 2.3766296E-08  282.5731 282.7538 282.8394 281.6139 279.8190 279.0101 279.3823 280.0503 275.7606 274.9970 275.8422 281.5336 273.1386 272.4074 273.0269 274.5895  50406.7
1980 2.6737141E-08 2.5322327E-08 2.7463930E-08 3.0462587E-08 2.3180966E-08 2.8569943E-08 3.0537159E-08 2.7526994E-08 1.9808438E-08 2.7331733E-08 2.8415096E-08 2.8227918E-08 1.7025299E-08 2.2197204E-08 2.5007798E-08 2.6755938E-08  282.7335 282.8524 282.7161 281.5371 279.8742 279.2009 279.4609 280.1197 275.8583 275.1818 276.0648 281.5336 273.2573 272.5915 273.1232 274.4987  36266.7
1981 2.1340004E-08 2.4885022E-08 3.0813787E-08 3.4953860E-08 1.9194522E-08 2.5665781E-08 3.1809481E-08 3.1849599E-08 1.6515173E-08 2.2445800E-08 2.5770493E-08 2.6890858E-08 1.5055305E-08 1.8838918E-08 2.1076486E-08 2.2286565E-08  282.9055 282.9720 283.1104 281.9523 279.8921 279.0207 279.2864 280.0793 275.8202 275.0133 275.7955 281.5336 273.4483 272.6554 273.0371 274.3803  41820
1982 2.9428294E-08 3.3918855E-08 4.0480156E-08 4.2938357E-08 2.6478501E-08 3.3594343E-08 4.0901526E-08 3.9388329E-08 2.5117483E-08 3.1213798E-08 3.3778672E-08 3.3992212E-08 2.0342513E-08 2.4666679E-08 2.7245328E-08 2.8587511E-08  281.6719 281.8746 282.2333 281.6246 279.2685 278.5998 279.1770 280.1150 275.5384 275.0061 275.9938 281.9044 273.1388 272.6636 273.2917 274.6807  77876.7
1983 2.1867427E-08 2.5817329E-08 3.2352194E-08 3.6159623E-08 1.9608105E-08 2.5998080E-08 3.1963605E-08 3.1522706E-08 1.9273743E-08 2.6247283E-08 2.9566726E-08 3.0313934E-08 1.8915737E-08 2.3990870E-08 2.6599068E-08 2.8105793E-08  283.6954 283.8086 283.7992 282.5581 280.1800 279.5203 279.9585 280.7297 275.7382 275.1729 276.1331 282.1059 272.7920 272.1975 272.8333 274.3501  53110
1984 2.1818858E-08 2.2526082E-08 2.7061276E-08 3.1334018E-08 1.8842469E-08 2.4370737E-08 2.9917011E-08 2.9830680E-08 1.6572155E-08 2.2905247E-08 2.6699041E-08 2.9009389E-08 1.5513097E-08 2.0703826E-08 2.4196055E-08 2.6319174E-08  283.9456 284.2691 284.3101 282.8993 280.6328 280.0396 280.4041 281.1717 276.0652 275.5841 276.5022 282.1631 273.2705 272.6325 273.1382 274.4882  68623.3
1985 2.5384377E-08 2.9205280E-08 3.4758305E-08 4.1285602E-08 2.1712486E-08 2.9538695E-08 3.6941568E-08 3.7700651E-08 2.0818614E-08 2.9478874E-08 3.3938790E-08 3.5759445E-08 1.9204396E-08 2.5262239E-08 2.8884687E-08 3.2163879E-08  283.0941 283.2993 283.4073 282.3278 279.9999 279.4102 279.7482 280.5216 275.6522 275.0331 275.7802 281.1023 272.6881 272.0878 272.4566 273.6696  64416.7
1986 2.6485489E-08 3.0968046E-08 3.6109956E-08 3.9808917E-08 1.9951560E-08 2.8271435E-08 3.4423277E-08 3.3948822E-08 1.5388668E-08 2.3050692E-08 2.7258839E-08 2.8318937E-08 1.3828124E-08 1.8232983E-08 2.1744254E-08 2.3769124E-08  282.5247 282.7798 283.0821 282.2220 279.9307 279.3411 279.8159 280.6585 276.3199 275.6271 276.3028 281.7593 274.0036 273.2908 273.5919 274.7765  65533.3
1987 2.4056474E-08 3.0327300E-08 3.7694146E-08 4.1906102E-08 2.0444084E-08 2.5578990E-08 3.0851808E-08 3.1764376E-08 1.9599486E-08 2.4849419E-08 2.6754076E-08 2.7231275E-08 1.8388635E-08 2.3729138E-08 2.6046511E-08 2.6926150E-08  282.6082 282.8132 282.8701 281.8751 280.2706 279.5651 279.7694 280.4744 276.5643 275.8684 276.4511 281.1487 274.0045 273.2686 273.6140 274.9236  28780
1988 2.0028038E-08 2.1878956E-08 2.4077726E-08 2.7777414E-08 1.8529278E-08 2.6281521E-08 3.1827060E-08 3.1369535E-08 1.5936617E-08 2.4292458E-08 2.8658036E-08 2.9633066E-08 1.5289881E-08 2.0848281E-08 2.4393550E-08 2.6298791E-08  284.1724 284.3250 284.4172 283.0269 280.7226 279.9942 280.3039 281.0724 276.2891 275.4953 276.3497 281.2966 273.5029 272.6986 273.1499 274.5620  26540
1989 2.3012051E-08 2.7990971E-08 3.4066307E-08 3.8889972E-08 1.9242947E-08 2.6121105E-08 3.1999139E-08 3.0795416E-08 2.0158575E-08 2.7750170E-08 2.9746841E-08 2.9848003E-08 2.0422986E-08 2.6653982E-08 2.9742916E-08 3.0853020E-08  282.5348 282.8193 283.1690 282.2790 279.5204 278.8897 279.2296 280.0918 275.0764 274.6599 275.5793 280.9970 272.2190 271.7861 272.4263 273.8016  24203.3
1990 2.7084454E-08 3.2847009E-08 4.0889852E-08 4.6288175E-08 2.0820584E-08 2.7057673E-08 3.5032219E-08 3.5970935E-08 1.9118531E-08 2.3741636E-08 2.5698920E-08 2.6157483E-08 1.8458472E-08 2.2653744E-08 2.3572159E-08 2.2552948E-08  282.5408 282.7431 283.0225 282.1688 279.7625 279.0602 279.3581 280.0969 275.7402 275.1100 275.8607 281.2957 272.8956 272.3801 272.8312 274.1398  31473.3
1991 2.7785170E-08 3.1180274E-08 3.4435192E-08 3.6675853E-08 2.0347510E-08 2.6096021E-08 2.9837722E-08 2.7788541E-08 1.6155679E-08 2.1917469E-08 2.4477112E-08 2.4145374E-08 1.5468171E-08 2.0002934E-08 2.2428605E-08 2.3130779E-08  282.5673 282.6560 282.6002 281.5779 279.9980 279.1082 279.3057 279.9815 276.2507 275.4627 276.0308 280.8180 273.6395 272.8365 273.1161 274.2693  72996.7
1992 2.1755959E-08 2.4509413E-08 2.8936718E-08 3.3994151E-08 1.7077358E-08 2.2127475E-08 2.7110049E-08 2.8158293E-08 1.6268160E-08 2.1205022E-08 2.3335060E-08 2.6925232E-08 1.5688622E-08 1.9282998E-08 2.1336511E-08 2.3464418E-08  281.1038 281.1269 281.0807 280.1575 278.4214 277.4415 277.7051 278.4237 274.7576 273.7311 274.4016 281.3379 272.3871 271.5506 271.8845 273.1926  59073.3
1993 2.3328363E-08 2.8378929E-08 3.5392610E-08 4.0484665E-08 1.8619959E-08 2.5407347E-08 3.2420271E-08 3.2843019E-08 1.6174033E-08 2.1878005E-08 2.5214085E-08 2.7591799E-08 1.5549151E-08 1.9196436E-08 2.0600584E-08 2.1909889E-08  281.6224 281.7417 281.8345 280.8710 278.8782 278.0617 278.3630 279.0444 275.0218 274.1407 274.6822 280.1528 272.6058 271.7105 272.0135 273.3254  50410
1994 2.7250547E-08 3.0444465E-08 3.6281463E-08 4.0652893E-08 2.2433381E-08 3.0368444E-08 3.6357818E-08 3.6001190E-08 2.0007031E-08 2.8450065E-08 3.1636514E-08 3.3003943E-08 1.8887446E-08 2.4969626E-08 2.8493158E-08 3.0671963E-08  282.8141 283.1096 283.3709 282.4952 280.0088 279.4737 279.8778 280.7020 275.9204 275.5620 276.4924 282.5622 273.2026 272.8318 273.5108 274.7928  52313.3
1995 1.8100010E-08 1.9946256E-08 2.5410975E-08 2.8880775E-08 1.5656031E-08 2.1956351E-08 2.8344953E-08 2.8821441E-08 1.5969135E-08 2.2928038E-08 2.7500439E-08 2.9556819E-08 1.7116747E-08 2.2273376E-08 2.4775021E-08 2.5898165E-08  283.5812 283.7420 283.6832 282.3752 280.3784 279.6561 279.8741 280.5809 275.9786 275.3528 276.1511 281.5298 272.9928 272.5019 273.0422 274.4493  73333.3
1996 2.1773197E-08 2.4748138E-08 2.7527593E-08 3.0672496E-08 1.8631580E-08 2.5465017E-08 3.0703173E-08 2.9435697E-08 1.9281851E-08 2.5819030E-08 2.8885847E-08 2.9483843E-08 1.9521391E-08 2.4121693E-08 2.5908115E-08 2.7474780E-08  283.2641 283.4565 283.5758 282.4819 280.3847 279.7170 279.9707 280.6115 276.3135 275.5422 276.1830 281.2211 273.5948 272.8149 273.1107 274.2594  57226.7
1997 2.7345486E-08 3.2056708E-08 4.0091752E-08 4.4950713E-08 2.1344855E-08 2.9886930E-08 3.5925151E-08 3.4643492E-08 1.7274886E-08 2.5254893E-08 3.0195142E-08 3.1411094E-08 1.6981531E-08 2.1679023E-08 2.6773307E-08 3.0106765E-08  281.5783 281.7302 282.0095 281.2095 279.2387 278.4334 278.9933 279.8781 275.9342 275.2016 276.0891 282.5325 273.6687 273.1638 273.6790 275.0119  38183.3
1998 1.7688413E-08 2.1957430E-08 2.6973549E-08 3.0065589E-08 1.5075903E-08 2.2573040E-08 2.8857890E-08 2.8501647E-08 1.4213486E-08 1.9990049E-08 2.2533177E-08 2.4522135E-08 1.5863723E-08 2.0260011E-08 2.1803681E-08 2.2829495E-08  283.5803 283.7247 283.6945 282.4715 280.2216 279.4951 279.8323 280.5103 275.8554 275.2154 276.2010 283.2669 273.2010 272.6488 273.2531 274.7540  47700
1999 1.6966798E-08 1.8588789E-08 2.1076779E-08 2.3505628E-08 1.6969992E-08 2.0526798E-08 2.3178133E-08 2.1411655E-08 1.5299312E-08 2.1272056E-08 2.1964103E-08 2.1041973E-08 1.5750693E-08 2.1656511E-08 2.3466846E-08 2.2350781E-08  285.1324 285.2929 285.2419 283.8981 281.8900 281.1480 281.2017 281.8574 277.5466 276.8843 277.5884 281.7809 274.6046 274.0827 274.5908 275.8491  34126.7
2000 2.7422633E-08 3.0377354E-08 3.4246060E-08 3.4636525E-08 1.9385380E-08 2.6556858E-08 3.1602788E-08 2.9726207E-08 1.6439476E-08 2.3830767E-08 2.6445575E-08 2.6357839E-08 1.6288631E-08 2.2010497E-08 2.5012064E-08 2.5925269E-08  283.3842 283.7010 283.9326 282.9413 280.2005 279.5173 279.8451 280.7100 276.0215 275.2426 276.1328 282.2988 273.1233 272.4440 272.9845 274.4926  40946.7
2001 1.9613845E-08 2.1415062E-08 2.4894470E-08 2.7453670E-08 1.7136410E-08 2.1395072E-08 2.5452378E-08 2.4455487E-08 1.6359182E-08 2.1578003E-08 2.3783368E-08 2.5378405E-08 1.6425863E-08 2.1427407E-08 2.3539670E-08 2.4137746E-08  283.0779 283.2615 283.3624 282.2212 279.8480 279.2067 279.3030 280.0588 275.5084 274.8577 275.5887 281.7935 272.8634 272.1859 272.5565 273.8579  33083.3
2002 2.6704402E-08 3.2291407E-08 3.9049173E-08 4.4435097E-08 2.1734397E-08 2.9117370E-08 3.6492526E-08 3.6027167E-08 1.9121877E-08 2.4847346E-08 2.8069357E-08 3.0224019E-08 1.7155761E-08 2.2169550E-08 2.4328573E-08 2.4635268E-08  283.0243 283.2000 283.3581 282.4380 280.2222 279.6043 279.9017 280.7104 276.1081 275.4930 276.1849 282.3173 273.4435 272.8140 273.2329 274.6524  47660
2003 2.2912722E-08 2.7884766E-08 3.2909103E-08 3.3875946E-08 2.0171614E-08 2.6210968E-08 3.1386563E-08 2.9913739E-08 1.8620261E-08 2.4728497E-08 2.6963439E-08 2.6696586E-08 1.7530850E-08 2.2535867E-08 2.5825811E-08 2.7291980E-08  283.9830 284.1513 284.2893 283.1306 280.8041 280.0442 280.2896 280.9927 276.6475 275.9663 276.7475 282.1206 274.0375 273.4685 273.8463 275.0282  26700
2004 2.8979461E-08 3.2859656E-08 3.7853752E-08 3.9558980E-08 2.3214037E-08 3.2611737E-08 3.8912798E-08 3.6220495E-08 1.8056959E-08 2.6276959E-08 3.0985746E-08 3.3324564E-08 1.6961799E-08 2.2242034E-08 2.5396924E-08 2.8168444E-08  281.9385 282.1892 282.3364 281.3739 279.1011 278.4589 278.7535 279.4694 275.0424 274.4183 275.2284 282.4462 272.4564 271.8631 272.3190 273.6138  48453.3
2005 2.1607054E-08 2.3904930E-08 2.6588346E-08 2.7403221E-08 1.7249336E-08 2.3505175E-08 2.8176185E-08 2.6597398E-08 1.5488501E-08 2.1409157E-08 2.4451509E-08 2.5884313E-08 1.4941184E-08 1.9109258E-08 2.1277129E-08 2.2493445E-08  284.3037 284.5143 284.7235 283.6169 281.4289 280.8034 281.0561 281.7638 277.3473 276.7263 277.5113 283.2957 274.6489 274.0898 274.5453 275.8843  38756.7
2006 2.8686049E-08 3.5270595E-08 4.1653514E-08 4.5341089E-08 2.0316055E-08 2.9116585E-08 3.6493809E-08 3.5745437E-08 1.6651409E-08 2.3379329E-08 2.6077819E-08 2.6299725E-08 1.5518559E-08 2.0039932E-08 2.1696190E-08 2.3542031E-08  282.7546 282.9017 283.2401 282.4650 280.1983 279.3237 279.6248 280.4419 276.2973 275.5743 276.3401 281.3405 273.7691 273.1508 273.7163 275.1043  23493.3
2007 2.5125669E-08 2.8804219E-08 3.4013127E-08 3.9775671E-08 2.3265613E-08 3.2371446E-08 3.9979785E-08 3.8880771E-08 1.8225121E-08 2.7988545E-08 3.4445009E-08 3.6007403E-08 1.8885585E-08 2.3877767E-08 2.6936792E-08 2.9775030E-08  284.3851 284.8048 285.1111 283.9356 280.7666 280.3858 280.9318 281.7373 276.2060 275.7552 276.8114 283.5930 273.3114 272.8213 273.4837 274.9250  47743.3
2008 2.0920348E-08 2.5924251E-08 3.1045968E-08 3.3572576E-08 1.6914473E-08 2.4785635E-08 3.1650984E-08 3.1338647E-08 1.5732924E-08 2.2928084E-08 2.7239818E-08 2.9902345E-08 1.9401314E-08 2.4545036E-08 2.7642610E-08 3.0322642E-08  283.9952 284.1436 284.2225 283.1422 280.6854 280.1501 280.4570 281.1509 276.0597 275.7727 276.8345 282.5598 272.8587 272.5845 273.3677 274.9165  33450
2009 3.1466953E-08 3.5583476E-08 4.3344812E-08 4.8978006E-08 2.4950698E-08 3.1328792E-08 3.7046124E-08 3.6693649E-08 1.9662863E-08 2.6747946E-08 2.8990012E-08 2.8950302E-08 1.6733178E-08 2.2818186E-08 2.6234249E-08 2.8525617E-08  281.5247 281.8768 282.3061 281.5893 279.0894 278.5034 278.8482 279.6248 275.2128 274.5079 275.3288 280.4532 272.7675 272.2231 272.6792 274.0137  52086.7
2010 1.2408417E-08 1.3941851E-08 1.6638744E-08 1.8819929E-08 1.2393626E-08 1.7548892E-08 2.1519901E-08 2.0462364E-08 1.3456131E-08 1.9538115E-08 2.2512202E-08 2.3614536E-08 1.6971038E-08 2.1298057E-08 2.3186244E-08 2.4580133E-08  285.0553 285.2696 285.3213 283.9332 281.3794 280.6649 280.8206 281.5305 276.7680 276.1229 277.0387 282.7304 273.8084 273.2332 273.9285 275.3593  86040
2011 2.0509344E-08 2.3766518E-08 2.7546667E-08 3.0246543E-08 1.9730813E-08 2.8027477E-08 3.3798528E-08 3.1887105E-08 1.6533861E-08 2.4532879E-08 2.8981683E-08 2.9928305E-08 1.4858887E-08 2.0211077E-08 2.2848797E-08 2.5470237E-08  283.9642 284.3030 284.4972 283.2577 280.7645 280.0707 280.3802 281.0321 276.4593 275.7870 276.5908 281.4746 273.6779 273.0047 273.4933 274.7845  32630
2012 2.7829248E-08 3.1863635E-08 3.4479278E-08 3.6732178E-08 2.1203501E-08 3.1092458E-08 3.7839037E-08 3.5598553E-08 1.7273498E-08 2.5991596E-08 3.0442948E-08 3.2258768E-08 1.6756239E-08 2.1670429E-08 2.3778171E-08 2.5136622E-08  282.1410 282.5211 282.9559 282.1646 279.1652 278.6245 279.0460 279.9974 274.8203 274.2134 275.2539 282.4781 272.0673 271.6221 272.3314 273.9585  21200
2013 2.3393582E-08 2.7352996E-08 3.1274990E-08 3.4046774E-08 1.8654159E-08 2.5148244E-08 3.1069671E-08 3.0536885E-08 1.8590086E-08 2.5614934E-08 2.8529021E-08 2.9668364E-08 1.8521833E-08 2.4699895E-08 2.6621860E-08 2.6601393E-08  283.7278 284.0370 284.1872 283.2494 280.4811 280.0382 280.4476 281.2950 276.1011 275.6243 276.5716 283.2107 273.5303 272.9575 273.5056 274.9556  37756.7
2014 2.7957364E-08 2.6878389E-08 2.9798354E-08 3.6607936E-08 2.3396039E-08 2.8452000E-08 3.0882067E-08 3.1077022E-08 1.9058898E-08 2.4990387E-08 2.6222128E-08 2.5930783E-08 1.7470150E-08 2.2723178E-08 2.4904214E-08 2.5509015E-08  283.5886 283.5585 283.5221 282.3853 280.9123 280.0477 280.1815 280.8751 277.1631 276.3916 277.0335 281.8888 274.6843 273.9232 274.2001 275.3634  38230
2015 2.7892938E-08 3.3961907E-08 4.2930459E-08 4.8788010E-08 2.0793275E-08 2.7501239E-08 3.5486821E-08 3.7928210E-08 1.8411463E-08 2.2985176E-08 2.5522008E-08 2.8342276E-08 1.5191949E-08 1.8778534E-08 1.9831011E-08 2.1367194E-08  282.0976 282.1560 282.2654 281.2708 279.8811 279.1456 279.4020 279.9828 276.4704 275.7312 276.3557 281.9979 274.2927 273.5887 273.9164 275.1436  60953.3
