STN,prec_1,prec_2,prec_3,prec_4,prec_5,prec_6,prec_7,prec_8,prec_9,prec_10,prec_11,prec_12,prec_13,prec_14,prec_15,prec_16,st_1,st_2,st_3,st_4,st_5,st_6,st_7,st_8,st_9,st_10,st_11,st_12,st_13,st_14,st_15,st_16,01.0
LAT,37.67308,37.67308,37.67308,37.67308,40.46365,40.46365,40.46365,40.46365,43.25420,43.25420,43.25420,43.25420,46.04472,46.04472,46.04472,46.04472,37.67308,37.67308,37.67308,37.67308,40.46365,40.46365,40.46365,40.46365,43.25420,43.25420,43.25420,43.25420,46.04472,46.04472,46.04472,46.04472,41.78058635
LON,-95.62500,-92.81250,-90.00000,-87.18750,-95.62500,-92.81250,-90.00000,-87.18750,-95.62500,-92.81250,-90.00000,-87.18750,-95.62500,-92.81250,-90.00000,-87.18750,-95.62500,-92.81250,-90.00000,-87.18750,-95.62500,-92.81250,-90.00000,-87.18750,-95.62500,-92.81250,-90.00000,-87.18750,-95.62500,-92.81250,-90.00000,-87.18750,-90.252073
1958 2.9731506E-08 3.5337351E-08 4.2882686E-08 4.9927678E-08 2.4299872E-08 2.9552909E-08 3.4433956E-08 3.6205918E-08 2.1808686E-08 2.5747624E-08 2.7105697E-08 2.9255254E-08 1.8535975E-08 2.1593468E-08 2.3211680E-08 2.5757213E-08  274.9806 275.1090 275.6320 275.1709 271.3310 270.3911 271.1494 272.4232 266.8640 266.3140 267.7650 275.5627 265.3528 265.1193 265.8433 267.1491  21322.6
1959 2.0699396E-08 2.5146669E-08 3.2163090E-08 3.9417454E-08 1.5351100E-08 2.1288221E-08 2.7837352E-08 2.9787456E-08 1.5606270E-08 1.9667292E-08 2.1533030E-08 2.5988257E-08 1.5639893E-08 1.8053271E-08 1.9504522E-08 2.2819599E-08  275.4348 275.1208 275.1585 274.2164 272.0405 270.5514 270.8160 271.5298 267.1869 266.1199 267.2003 275.5627 265.0626 264.6312 265.1705 266.3567  14545.2
1960 2.2720918E-08 2.7314947E-08 3.3647826E-08 3.9474109E-08 1.7132610E-08 2.3294669E-08 2.8564607E-08 2.9700740E-08 1.5946407E-08 2.1320801E-08 2.4093261E-08 2.7949783E-08 1.6924435E-08 2.1183899E-08 2.3677767E-08 2.6967784E-08  276.6646 276.6306 276.6057 275.5804 273.1382 271.8370 271.8493 272.5374 268.1218 267.0197 267.9116 275.5642 265.8937 265.2476 265.6378 266.8355  42183.9
1961 1.7166828E-08 2.2203656E-08 2.9213364E-08 3.5627096E-08 1.4315617E-08 2.0754380E-08 2.7239407E-08 2.9029488E-08 1.5289990E-08 2.0691655E-08 2.3886699E-08 2.8627761E-08 1.6529290E-08 1.9456012E-08 2.0818018E-08 2.3500718E-08  276.6650 276.0638 275.8050 274.6916 272.9927 271.2053 271.0168 271.5852 267.6855 266.3304 267.0610 275.5627 265.2004 264.4652 264.9040 266.2035  18477.4
1962 2.1161826E-08 2.7741470E-08 3.8856456E-08 4.8293415E-08 1.6286508E-08 2.4035499E-08 3.2000354E-08 3.4420946E-08 1.6654996E-08 2.1742572E-08 2.5050939E-08 3.0028527E-08 1.6364762E-08 2.0039334E-08 2.1856389E-08 2.4539588E-08  275.1212 274.9302 275.2400 274.7963 271.5562 270.1741 270.3637 271.4033 266.4575 265.2343 266.4346 275.5627 264.1183 263.5325 264.2231 265.9228  20838.7
1963 1.8747597E-08 2.3650452E-08 3.3402355E-08 4.5146159E-08 1.3748125E-08 1.9933292E-08 2.7171744E-08 3.0959910E-08 1.3770363E-08 1.8989548E-08 2.1880679E-08 2.6006257E-08 1.4801285E-08 1.8468901E-08 2.0522561E-08 2.3660576E-08  275.9290 275.6792 275.8772 275.3350 272.0468 270.7117 270.9881 272.0217 266.3570 265.4403 266.6874 275.5627 264.1115 263.9090 264.6599 266.1558  20145.2
1964 2.2836559E-08 2.8622784E-08 3.6989835E-08 4.5040242E-08 1.7946562E-08 2.4595980E-08 3.2347856E-08 3.4170505E-08 1.5889318E-08 2.1947479E-08 2.4800070E-08 2.8116999E-08 1.5469150E-08 2.0392847E-08 2.2916762E-08 2.5066960E-08  275.5957 275.5933 275.9330 275.2751 272.1673 271.0770 271.5949 272.5998 267.4303 266.3940 267.6254 275.5643 265.3919 264.8721 265.4547 266.8222  17580.6
1965 2.6716851E-08 3.4249741E-08 4.4680128E-08 5.4140365E-08 1.9622815E-08 2.7737828E-08 3.6311384E-08 3.8403719E-08 1.7708574E-08 2.3668058E-08 2.6954087E-08 3.0735393E-08 1.6493622E-08 2.0188519E-08 2.2272152E-08 2.5025699E-08  276.1740 275.9977 276.3666 275.7453 272.0924 270.9600 271.3895 272.4166 266.7941 265.9608 267.2221 275.5627 264.1777 263.9187 264.7649 266.4458  20548.4
1966 2.9860736E-08 3.4985767E-08 4.1471868E-08 4.5977124E-08 2.3946786E-08 3.0027092E-08 3.4965069E-08 3.4679296E-08 2.0994579E-08 2.3116025E-08 2.4519400E-08 2.8537581E-08 1.9133752E-08 1.9791068E-08 2.0067835E-08 2.2319485E-08  274.4726 274.6135 275.0419 274.4301 270.8921 269.8300 270.6335 271.8746 266.4036 265.7484 267.2283 275.5627 264.9041 264.7220 265.6502 267.2034  36122.6
1967 2.2674289E-08 2.8435412E-08 3.9987619E-08 4.9279070E-08 1.8699835E-08 2.7397645E-08 3.6955470E-08 3.8991445E-08 1.8198362E-08 2.4258316E-08 2.8317697E-08 3.2136811E-08 1.7282764E-08 2.0858748E-08 2.3051067E-08 2.6721185E-08  276.0234 275.9220 276.0256 275.1029 272.3279 271.1566 271.5051 272.3803 267.4941 266.4731 267.8478 275.5627 265.3772 264.9669 265.5679 267.0461  24787.1
1968 2.5483738E-08 3.2330220E-08 4.3512973E-08 5.2149684E-08 1.9162496E-08 2.5635142E-08 3.4731549E-08 3.8558195E-08 1.8199449E-08 2.3366749E-08 2.6332270E-08 3.0864459E-08 1.7541176E-08 2.1380938E-08 2.3240258E-08 2.6058061E-08  275.3487 275.5780 276.0438 275.6652 271.6923 270.8164 271.3683 272.4931 266.8058 266.0133 267.2450 275.5643 264.8752 264.5633 265.2234 266.6478  19783.9
1969 2.0953669E-08 2.5493293E-08 3.3990709E-08 4.0616715E-08 1.7672546E-08 2.5092630E-08 3.1988236E-08 3.4291666E-08 1.5354804E-08 2.1005075E-08 2.4371630E-08 2.8629152E-08 1.5304067E-08 1.7735177E-08 1.9155074E-08 2.1695389E-08  276.4795 276.1784 276.1684 275.1304 272.8965 271.5809 271.7292 272.2974 268.4717 267.2152 267.9533 275.5627 266.3176 265.5634 265.8303 266.8051  33932.3
1970 2.3080659E-08 2.7596313E-08 3.5307831E-08 4.0442952E-08 1.7650340E-08 2.3917242E-08 3.0636979E-08 3.1703664E-08 1.4620190E-08 1.9760463E-08 2.3159782E-08 2.8131893E-08 1.3359358E-08 1.6599317E-08 1.9046139E-08 2.2200117E-08  275.8652 275.7694 275.8585 275.0038 272.8549 271.3589 271.3830 272.0958 268.0912 266.8343 267.6471 275.5627 266.0243 265.2802 265.5564 266.5530  25058.1
1971 2.5497345E-08 3.3633057E-08 4.5014442E-08 5.2667911E-08 1.8652440E-08 2.8614076E-08 3.7644725E-08 3.9431782E-08 1.6491967E-08 2.4508688E-08 2.9126896E-08 3.1965119E-08 1.7694948E-08 2.1882446E-08 2.4305866E-08 2.7524688E-08  276.9975 276.8058 276.8689 276.1146 273.0565 271.7320 271.8996 272.8497 267.8124 266.5304 267.5560 275.5627 265.5090 264.9524 265.4056 266.7409  25935.5
1972 1.7325336E-08 2.1894177E-08 2.9684770E-08 3.8532946E-08 1.4591736E-08 2.0263505E-08 2.5284601E-08 2.7305179E-08 1.4565194E-08 1.9307800E-08 2.1016772E-08 2.5802764E-08 1.5835319E-08 1.8272903E-08 1.9148048E-08 2.1750926E-08  275.3698 275.1178 275.3870 274.6975 271.3585 269.9154 270.1807 271.2142 266.3258 264.9597 266.1743 275.5643 263.8623 263.3748 263.9208 265.3438  28322.6
1973 2.8694544E-08 3.2573450E-08 3.8017649E-08 4.3658471E-08 2.1427809E-08 2.5729072E-08 2.8255153E-08 2.9923104E-08 1.8005249E-08 2.0712669E-08 2.0434239E-08 2.4087262E-08 1.5567279E-08 1.7028585E-08 1.7613466E-08 1.9725427E-08  273.2900 273.4334 273.7720 273.2028 269.9023 268.8905 269.7407 271.0444 265.8354 265.4911 267.1123 275.5627 264.5466 264.5157 265.3695 266.9343  54103.2
1974 2.1452969E-08 2.8752410E-08 3.9437726E-08 4.8825214E-08 1.7104115E-08 2.6610801E-08 3.7346354E-08 3.9885109E-08 1.5976914E-08 2.4282688E-08 3.0210845E-08 3.6111452E-08 1.7731354E-08 2.2509436E-08 2.5958336E-08 2.9867664E-08  276.4400 276.7018 277.0720 276.1931 272.5257 271.4275 271.7396 272.6033 267.1967 266.1786 267.3691 275.5627 264.5916 264.2934 264.9312 266.2508  31141.9
1975 2.2027047E-08 2.6190836E-08 3.1935553E-08 3.7986318E-08 1.5035765E-08 2.1616822E-08 2.8003628E-08 3.1064758E-08 1.3091014E-08 1.7993230E-08 2.0818042E-08 2.7172828E-08 1.3982587E-08 1.6386199E-08 1.8179746E-08 2.2010877E-08  275.7037 275.6376 275.8892 275.0352 272.0133 270.4196 270.7285 271.7431 266.9062 265.5388 266.5232 275.5627 264.5580 263.8515 264.2783 265.6626  20729
1976 2.0881393E-08 2.7601187E-08 3.6720564E-08 4.6354746E-08 1.6193180E-08 2.4835852E-08 3.3851734E-08 3.6468307E-08 1.5548990E-08 2.1813454E-08 2.5583565E-08 3.2320692E-08 1.6699323E-08 2.0517856E-08 2.2412976E-08 2.6307003E-08  274.8669 274.7594 275.0448 274.3886 270.6682 269.2686 269.7760 270.9678 265.1371 264.3350 265.6957 275.5643 263.1426 262.7829 263.5145 265.1067  25354.8
1977 2.0023380E-08 2.5663068E-08 3.3085310E-08 3.9239879E-08 1.4872511E-08 1.9624176E-08 2.4821391E-08 2.7189170E-08 1.5216500E-08 1.7474607E-08 1.8371782E-08 2.3732818E-08 1.4298009E-08 1.6256790E-08 1.6738396E-08 1.9385784E-08  274.5253 274.3813 274.6169 273.9362 270.8404 269.5792 269.9500 270.9755 265.8275 264.9931 266.2932 275.5627 264.1929 263.9025 264.4784 265.7853  11651.6
1978 2.1172688E-08 2.6770069E-08 3.4932047E-08 4.2570612E-08 1.5617106E-08 2.2743590E-08 2.9271760E-08 3.2216210E-08 1.4793278E-08 2.0717300E-08 2.4367100E-08 2.7811691E-08 1.6206101E-08 1.9403201E-08 2.1274023E-08 2.3096600E-08  276.1830 276.0434 276.1518 275.2996 272.6172 271.2967 271.4893 272.4101 267.6875 266.3954 267.4182 275.5627 265.6151 265.0548 265.3769 266.4822  29709.7
1979 2.0800780E-08 2.7222727E-08 3.7164501E-08 4.5233936E-08 1.6851665E-08 2.3733676E-08 3.2041509E-08 3.3173681E-08 1.4842810E-08 1.9634209E-08 2.2797060E-08 2.7968106E-08 1.3828950E-08 1.7543769E-08 1.9874946E-08 2.3119794E-08  275.1685 275.0468 275.3443 274.4178 271.3323 270.1918 270.5297 271.3687 266.5117 265.0849 266.5692 275.5627 264.2030 263.5031 264.0296 265.4680  17745.2
1980 2.0836401E-08 2.6333396E-08 3.5169261E-08 4.3251841E-08 1.6418344E-08 2.3263970E-08 3.1312830E-08 3.4298509E-08 1.4901843E-08 1.9147633E-08 2.2465992E-08 2.8100608E-08 1.4341476E-08 1.6855926E-08 1.8346030E-08 2.1474701E-08  275.1964 274.8508 274.8988 274.0228 271.3987 269.7580 270.0014 270.9932 266.4448 265.2933 266.4656 275.5643 264.3097 263.9397 264.6869 266.1116  28564.5
1981 2.4467806E-08 2.8591515E-08 3.4292047E-08 3.9208807E-08 1.8870644E-08 2.5461912E-08 3.0704321E-08 3.0393075E-08 1.6889851E-08 2.2515591E-08 2.6168184E-08 2.9010808E-08 1.5981698E-08 1.9967565E-08 2.1718481E-08 2.3582798E-08  276.7741 276.5033 276.3693 275.2787 273.0813 271.7344 271.8234 272.5250 268.2561 267.0739 268.0183 275.5627 266.1508 265.3785 265.6339 266.6729  20461.3
1982 2.3242194E-08 2.8992211E-08 3.7703572E-08 4.5854819E-08 1.8230814E-08 2.5871087E-08 3.2705692E-08 3.4377312E-08 1.7359953E-08 2.3599744E-08 2.6571858E-08 3.1085115E-08 1.5809682E-08 2.0043489E-08 2.2526960E-08 2.6082603E-08  275.8231 275.5287 275.6267 274.9180 272.1093 270.8009 270.9307 271.8572 267.1245 265.7450 266.8064 275.5627 264.8793 264.3593 264.8934 266.2033  20461.3
1983 2.9312698E-08 3.4252871E-08 4.0600273E-08 4.6723542E-08 2.2462096E-08 2.7960759E-08 3.0809009E-08 3.2040688E-08 1.8053393E-08 2.2648285E-08 2.4404601E-08 2.7121017E-08 1.6040488E-08 1.8221431E-08 2.0292948E-08 2.2474790E-08  273.0866 273.0445 273.3756 272.7810 269.5431 268.7078 269.8069 271.0734 265.5776 265.1869 266.9187 275.5726 264.5942 264.4774 265.3851 266.8473  45648.4
1984 2.0863958E-08 2.7297864E-08 3.6827533E-08 4.7532854E-08 1.4575364E-08 2.1580185E-08 3.0320408E-08 3.4364223E-08 1.4173297E-08 1.9936316E-08 2.3743333E-08 2.9746763E-08 1.4605238E-08 1.8434131E-08 2.0838915E-08 2.4702983E-08  275.1731 274.8174 275.0811 274.4571 271.2507 269.8015 270.2401 271.2367 266.1620 264.9811 266.1664 275.4395 264.2582 263.7758 264.4317 265.8978  36454.8
1985 1.7560595E-08 2.1117033E-08 3.0220022E-08 4.0492328E-08 1.4320423E-08 1.9952473E-08 2.6198023E-08 2.9866218E-08 1.5046872E-08 2.0995262E-08 2.3711626E-08 2.7299139E-08 1.6777172E-08 2.1800334E-08 2.3401522E-08 2.4860398E-08  277.2045 277.2250 277.4988 276.5753 273.2217 271.9170 272.1086 273.0077 267.5038 266.2812 267.4412 275.3960 264.8874 264.4685 264.9547 266.2004  37658.1
1986 1.8740931E-08 2.4159531E-08 3.0551142E-08 3.6907416E-08 1.4759209E-08 2.0059025E-08 2.5053874E-08 2.6805001E-08 1.3592493E-08 1.7976623E-08 1.9385610E-08 2.4600546E-08 1.3509923E-08 1.6146299E-08 1.6956239E-08 1.9616131E-08  274.7256 274.2467 274.1335 273.1626 270.9591 269.3357 269.4431 270.3831 266.2018 264.7861 265.8738 275.4509 263.8369 263.2380 263.8604 265.2697  35580.6
1987 2.2230614E-08 2.6518325E-08 3.2452146E-08 3.7611827E-08 1.8675481E-08 2.3736700E-08 2.7520844E-08 2.7451243E-08 1.6585924E-08 2.0050129E-08 2.1877593E-08 2.3179002E-08 1.5477422E-08 1.8506224E-08 2.0078089E-08 2.1065407E-08  277.1190 276.9555 276.9982 276.1429 274.1781 272.7427 272.8776 273.6055 269.5977 268.4262 269.2955 275.1880 267.5634 266.7473 267.0941 268.1158  42938.7
1988 2.6658300E-08 3.2640514E-08 3.9833587E-08 4.4184262E-08 1.8188199E-08 2.2437563E-08 2.7998077E-08 3.0865902E-08 1.6374084E-08 1.9349876E-08 2.1163371E-08 2.4330571E-08 1.4968295E-08 1.6912310E-08 1.8796376E-08 2.1351891E-08  276.6363 276.1969 276.0362 275.0622 273.5880 272.1105 272.1779 272.9287 269.1242 267.8209 268.9083 275.6439 267.2083 266.3750 266.8899 268.0309  23483.9
1989 2.4336954E-08 3.0857688E-08 4.2569368E-08 5.6431563E-08 2.0479980E-08 2.9486529E-08 3.8350912E-08 4.1528693E-08 1.6421321E-08 2.5046178E-08 3.0507632E-08 3.3357093E-08 1.5010137E-08 2.0670324E-08 2.4244006E-08 2.7646104E-08  276.0398 276.5237 277.3316 277.0637 271.8433 271.1078 271.6824 272.8414 266.9341 266.0466 267.2801 275.3405 264.2531 264.0551 264.7274 266.1828  22474.2
1990 2.3730896E-08 2.9317238E-08 3.6254523E-08 4.1634248E-08 1.6596658E-08 2.3177266E-08 2.9993199E-08 3.1993348E-08 1.4398689E-08 1.9557357E-08 2.2649623E-08 2.6715343E-08 1.4731932E-08 1.8896705E-08 2.1607972E-08 2.4603827E-08  275.9267 275.8954 276.1185 275.3981 272.0745 270.9243 271.1566 272.0268 266.6839 265.6877 266.8515 275.2004 264.3329 263.8181 264.3421 265.7969  19725.8
1991 1.8415635E-08 2.4270575E-08 3.2090973E-08 3.7344606E-08 1.3581539E-08 1.8961089E-08 2.4028020E-08 2.6052799E-08 1.2414467E-08 1.6821215E-08 1.9227603E-08 2.4081460E-08 1.3890723E-08 1.7390690E-08 1.9058678E-08 2.1645233E-08  275.9134 275.4855 275.5490 274.5751 272.7680 271.0401 271.0959 271.9840 268.0583 266.5363 267.4657 275.7701 265.9728 265.1073 265.3970 266.5678  22345.2
1992 2.8690728E-08 3.0973673E-08 3.3942758E-08 3.6046305E-08 1.8047539E-08 2.1554172E-08 2.4703390E-08 2.5553364E-08 1.4537801E-08 1.8334685E-08 2.0010312E-08 2.2813847E-08 1.3677512E-08 1.6168087E-08 1.8251932E-08 2.0112660E-08  275.2997 275.2237 275.3832 274.6535 271.9955 270.9555 271.4508 272.3268 267.3096 266.6016 268.0091 275.2344 265.7219 265.3761 266.0202 267.2036  48071
1993 1.8528855E-08 2.5246585E-08 3.4132754E-08 3.9855685E-08 1.5242177E-08 2.1544707E-08 2.7062663E-08 2.8289563E-08 1.4017527E-08 1.7503812E-08 1.8907858E-08 2.3364656E-08 1.5093773E-08 1.7552194E-08 1.8516273E-08 2.1003576E-08  275.7398 275.1314 274.8842 273.9888 272.4691 270.6721 270.5769 271.3845 268.0897 266.6128 267.4479 275.4573 266.4267 265.4378 265.7331 266.9841  38090.3
1994 2.1224304E-08 2.4912881E-08 3.1830851E-08 3.8099021E-08 1.5977308E-08 2.2204675E-08 2.9012858E-08 3.1606795E-08 1.4381605E-08 1.8838119E-08 2.1864874E-08 2.7009129E-08 1.4318719E-08 1.6618348E-08 1.7563528E-08 1.9921565E-08  274.1887 273.9835 274.1262 273.2933 270.5200 269.2862 269.6752 270.7031 265.7514 264.7409 266.0309 275.1340 263.9785 263.4960 264.1805 265.7054  37677.4
1995 1.9661750E-08 2.2252681E-08 2.5232840E-08 2.9435425E-08 1.4800330E-08 2.0202561E-08 2.3562810E-08 2.3546844E-08 1.3814219E-08 1.8197630E-08 2.0394532E-08 2.2511090E-08 1.3696546E-08 1.6835461E-08 1.8201622E-08 1.9522085E-08  276.9513 276.7196 276.8166 275.9340 273.6317 272.3224 272.4868 273.2733 268.6103 267.5519 268.8624 275.9567 266.7325 266.0540 266.6139 267.9025  36187.1
1996 1.9807755E-08 2.3875282E-08 3.0393224E-08 3.8057149E-08 1.5580893E-08 2.2802073E-08 2.8478009E-08 3.0159541E-08 1.4369034E-08 2.1172143E-08 2.5158579E-08 2.9703299E-08 1.5872789E-08 1.9642755E-08 2.1438002E-08 2.4094584E-08  275.7483 275.5143 275.5156 274.5209 271.9677 270.3540 270.3277 271.1674 266.4566 264.9870 266.0048 275.0082 264.0329 263.4663 263.9644 265.3456  36935.5
1997 1.8999312E-08 2.2859409E-08 3.0818423E-08 4.1290615E-08 1.5449755E-08 2.1978542E-08 2.7906509E-08 2.9926674E-08 1.4296855E-08 1.9147283E-08 2.1807429E-08 2.6307669E-08 1.3700041E-08 1.7810860E-08 1.9974328E-08 2.3142382E-08  276.0492 275.7840 275.9012 275.0835 272.5396 270.9655 271.1424 271.9187 267.5594 266.2290 266.8701 275.3165 265.4412 264.5822 264.7658 265.8518  41774.2
1998 2.9868620E-08 3.6859731E-08 4.6453117E-08 5.3797081E-08 2.4711689E-08 3.0680347E-08 3.5038134E-08 3.5725076E-08 2.0149898E-08 2.3966143E-08 2.5206496E-08 2.9028369E-08 1.6209990E-08 2.0251401E-08 2.2009667E-08 2.4567504E-08  271.9552 272.2353 272.8715 272.5060 268.3396 267.6678 268.9672 270.7913 264.3795 264.4614 266.6308 275.7616 263.4058 263.7579 265.2182 266.9225  31296.8
1999 2.1574259E-08 2.7117160E-08 3.5067618E-08 4.4186951E-08 1.7318619E-08 2.6422244E-08 3.3820445E-08 3.4914088E-08 1.5788400E-08 2.2568615E-08 2.6271595E-08 2.9791055E-08 1.6335889E-08 2.0662300E-08 2.3409534E-08 2.6145058E-08  276.7171 276.7612 277.0099 276.2805 272.4029 271.3385 271.8107 272.8287 267.1071 266.3414 267.5522 276.1021 264.6910 264.1994 264.9315 266.4336  34483.9
2000 1.9441043E-08 2.6331866E-08 3.5742822E-08 4.3779018E-08 1.5497168E-08 2.3927480E-08 3.3499841E-08 3.6424805E-08 1.5735553E-08 2.3198529E-08 2.8757269E-08 3.4634834E-08 1.6553415E-08 2.1939469E-08 2.5051788E-08 2.9787369E-08  277.1855 277.1540 277.4678 276.7214 272.5760 271.4157 272.0214 273.0150 266.8758 265.8048 267.0976 276.3016 264.3792 263.9438 264.6400 266.0960  29716.1
2001 2.2797993E-08 2.9720711E-08 3.9842782E-08 4.7309076E-08 1.6228803E-08 2.5374828E-08 3.5136623E-08 3.8748837E-08 1.5885186E-08 2.2534291E-08 2.6874497E-08 3.1792830E-08 1.5811544E-08 1.9717787E-08 2.1765267E-08 2.5027415E-08  276.0630 276.1772 276.6052 275.8977 272.1160 270.8119 271.0796 272.1506 266.9993 265.8215 266.8007 275.4887 264.6436 263.9075 264.3606 265.7661  30580.6
2002 1.7351718E-08 2.1739838E-08 2.8639812E-08 3.5838088E-08 1.2857874E-08 1.8232424E-08 2.4241356E-08 2.6701986E-08 1.1517163E-08 1.5094026E-08 1.7238790E-08 2.4566557E-08 1.1990109E-08 1.4778460E-08 1.6345176E-08 1.9200694E-08  275.3902 275.0014 274.9705 273.9544 271.4928 269.8455 270.0215 271.0578 266.5582 265.2155 266.1980 276.4943 264.3122 263.4716 263.8773 265.2404  29471
2003 2.4515799E-08 2.9364308E-08 3.4788862E-08 3.5590578E-08 1.9092285E-08 2.4482654E-08 2.7674755E-08 2.7352314E-08 1.5462410E-08 1.7978087E-08 1.8850331E-08 2.2096103E-08 1.4219865E-08 1.5807910E-08 1.6776216E-08 1.8799113E-08  275.9067 275.7663 275.7838 274.9212 272.4641 271.0942 271.4863 272.4803 268.0097 267.0902 268.3354 275.6348 266.3869 265.9282 266.3797 267.4801  28209.7
2004 1.7223904E-08 2.1000920E-08 2.5814305E-08 3.0591060E-08 1.2793800E-08 1.6561707E-08 2.0937540E-08 2.3801094E-08 1.2043103E-08 1.6335090E-08 1.9065350E-08 2.3726157E-08 1.3064267E-08 1.6185094E-08 1.8259890E-08 2.1599305E-08  276.8857 276.3149 276.0779 274.9762 273.7880 271.9229 271.7585 272.3654 269.0379 267.3637 268.2232 275.6521 266.7089 265.7760 266.0083 267.0932  16396.8
2005 2.0384631E-08 2.5055463E-08 3.0170717E-08 3.4043524E-08 1.6947572E-08 2.2672568E-08 2.7506326E-08 2.7568094E-08 1.4593899E-08 1.8691432E-08 1.9994429E-08 2.4906047E-08 1.3584578E-08 1.6267215E-08 1.7544860E-08 1.9855838E-08  276.4337 275.9739 275.7252 274.7359 272.6193 271.1647 271.3852 272.2816 267.6915 266.5044 267.6663 276.1287 265.5058 264.9492 265.5251 266.8680  33345.2
2006 2.0445995E-08 2.4242937E-08 2.8828691E-08 3.3731759E-08 1.5166602E-08 2.1020114E-08 2.7032472E-08 2.7807944E-08 1.3942272E-08 1.9545350E-08 2.2534788E-08 2.5436469E-08 1.4428995E-08 1.7728226E-08 1.9536548E-08 2.1859401E-08  277.5123 277.1940 277.2101 276.2571 274.0043 272.5174 272.4421 272.8536 268.8955 267.6042 268.3202 275.1595 266.7205 265.9078 266.0508 266.9322  41877.4
2007 2.4725608E-08 2.7438713E-08 3.3254381E-08 3.7111231E-08 1.8982625E-08 2.1765768E-08 2.4760851E-08 2.5028140E-08 1.6255200E-08 1.8053923E-08 1.8902870E-08 2.1710182E-08 1.4574872E-08 1.6362572E-08 1.7243078E-08 1.9956509E-08  275.7183 275.6436 275.7209 274.8937 272.4590 271.3345 271.7066 272.4897 267.7831 266.9876 268.3753 275.7175 265.5724 265.3757 266.1165 267.3872  30300
2008 2.0429617E-08 2.6549667E-08 3.4618630E-08 4.1698843E-08 1.5663463E-08 2.3891037E-08 3.2838379E-08 3.5397854E-08 1.5912958E-08 2.3488244E-08 2.9175949E-08 3.4154226E-08 1.7797019E-08 2.2518906E-08 2.5391333E-08 2.8882546E-08  277.1770 277.0244 277.1774 276.2436 273.0461 271.7041 271.8755 272.6683 267.2672 266.1398 267.1152 275.6350 264.7589 264.2497 264.7550 265.9741  35290.3
2009 1.9376246E-08 2.5792824E-08 3.5875310E-08 4.7793062E-08 1.5959603E-08 2.4041908E-08 3.2698310E-08 3.4984662E-08 1.5494891E-08 2.2213790E-08 2.6784514E-08 3.1463145E-08 1.4561104E-08 1.8323073E-08 2.1236742E-08 2.5108706E-08  276.6464 276.6174 276.7060 275.8903 272.5130 271.3099 271.4938 272.1423 267.0766 265.8224 266.8913 275.6170 264.3129 263.7044 264.2348 265.6002  29474.2
2010 2.4244200E-08 2.8984397E-08 3.7380040E-08 4.3592266E-08 1.9690527E-08 2.4850282E-08 2.8328122E-08 2.9064033E-08 1.6748475E-08 2.0037145E-08 2.1318472E-08 2.4474607E-08 1.4195982E-08 1.6925229E-08 1.8973864E-08 2.1630942E-08  0.0000000E+00 0.0000000E+00 0.0000000E+00 0.0000000E+00 0.0000000E+00 0.0000000E+00 0.0000000E+00 0.0000000E+00 0.0000000E+00 0.0000000E+00 0.0000000E+00 0.0000000E+00 0.0000000E+00 0.0000000E+00 0.0000000E+00 0.0000000E+00  29925.8
2011 1.8241909E-08 2.4437812E-08 3.5808274E-08 4.9015661E-08 1.5621049E-08 2.3605200E-08 3.3171254E-08 3.8398404E-08 1.6501970E-08 2.3093756E-08 2.6745486E-08 3.0933208E-08 1.6801772E-08 2.1276627E-08 2.3277890E-08 2.6053197E-08  277.5259 277.5497 277.9690 277.3784 273.3123 271.9887 272.2315 273.1907 267.4292 266.3435 267.4440 276.0343 264.8698 264.4890 265.1653 266.4710  50793.5
2012 2.1157005E-08 2.7903299E-08 3.7480181E-08 4.5794192E-08 1.7096195E-08 2.6485958E-08 3.6773532E-08 4.0696815E-08 1.5840911E-08 2.4086953E-08 2.8824012E-08 3.3810505E-08 1.5730519E-08 2.1186574E-08 2.4635018E-08 2.8121692E-08  277.5952 277.5909 277.8499 277.0529 273.2053 272.0197 272.3325 273.1519 267.3777 266.1987 267.3322 276.1872 264.5960 264.0347 264.6785 266.1375  26487.1
2013 1.8483785E-08 2.4458799E-08 3.3669121E-08 4.2906830E-08 1.5098948E-08 2.0989500E-08 2.7782447E-08 3.1074862E-08 1.4122710E-08 1.9193136E-08 2.1236072E-08 2.5976755E-08 1.5104773E-08 1.9049905E-08 2.0154339E-08 2.2486953E-08  277.0603 276.6850 276.7237 275.8873 273.3242 271.6657 271.8486 272.6348 268.2652 266.9248 267.8941 276.5419 265.8810 265.0570 265.5042 266.8206  18687.1
2014 1.7717095E-08 2.0384125E-08 2.4685438E-08 2.8996514E-08 1.4088955E-08 1.7743487E-08 2.1062874E-08 2.1515646E-08 1.2614430E-08 1.6653656E-08 1.8669668E-08 2.2641983E-08 1.2682245E-08 1.5566071E-08 1.7226952E-08 1.9838343E-08  276.5699 275.9347 275.8051 274.8302 273.3178 271.4998 271.4921 272.2429 268.4193 267.0176 267.8493 275.4041 266.4975 265.6263 265.9448 267.0059  25641.9
2015 2.3246194E-08 2.7146434E-08 3.3962593E-08 3.9746926E-08 1.6181424E-08 2.0908203E-08 2.6171628E-08 2.9102473E-08 1.4534561E-08 1.8678399E-08 2.0642776E-08 2.4994002E-08 1.5057021E-08 1.8245716E-08 2.0675513E-08 2.2683357E-08  276.1747 275.6607 275.6779 274.8802 272.9138 271.2328 271.6288 272.5417 268.1077 267.0063 268.2354 275.5997 266.2537 265.7136 266.3078 267.5751  34154.8
