STN,prec_1,prec_2,prec_3,prec_4,prec_5,prec_6,prec_7,prec_8,prec_9,prec_10,prec_11,prec_12,prec_13,prec_14,prec_15,prec_16,st_1,st_2,st_3,st_4,st_5,st_6,st_7,st_8,st_9,st_10,st_11,st_12,st_13,st_14,st_15,st_16,10.0
LAT,37.67308,37.67308,37.67308,37.67308,40.46365,40.46365,40.46365,40.46365,43.25420,43.25420,43.25420,43.25420,46.04472,46.04472,46.04472,46.04472,37.67308,37.67308,37.67308,37.67308,40.46365,40.46365,40.46365,40.46365,43.25420,43.25420,43.25420,43.25420,46.04472,46.04472,46.04472,46.04472,41.78058635
LON,-95.62500,-92.81250,-90.00000,-87.18750,-95.62500,-92.81250,-90.00000,-87.18750,-95.62500,-92.81250,-90.00000,-87.18750,-95.62500,-92.81250,-90.00000,-87.18750,-95.62500,-92.81250,-90.00000,-87.18750,-95.62500,-92.81250,-90.00000,-87.18750,-95.62500,-92.81250,-90.00000,-87.18750,-95.62500,-92.81250,-90.00000,-87.18750,-90.252073
1958 1.9502314E-08 1.9399707E-08 2.1205087E-08 2.4167846E-08 1.9823167E-08 2.4329720E-08 2.6955492E-08 2.4477067E-08 1.9986640E-08 2.5794902E-08 2.6988271E-08 2.2646542E-08 2.0051694E-08 2.5301336E-08 2.7824694E-08 2.5773396E-08  293.1309 293.2851 292.8783 290.8194 289.7386 288.8994 288.6745 289.1292 285.6617 284.9391 285.1640 286.2425 282.9815 282.1505 282.2820 283.1706  17825.8
1959 2.0450367E-08 1.7446048E-08 1.9450203E-08 2.1261052E-08 2.2452948E-08 2.3442773E-08 2.4811294E-08 2.1937510E-08 2.5726811E-08 2.9310963E-08 2.5503983E-08 1.8916188E-08 2.5516570E-08 2.9687920E-08 2.9041297E-08 2.3762610E-08  293.4493 293.3372 292.6232 290.7183 290.8387 289.6172 289.1936 289.5706 287.2223 286.4823 286.7172 286.2425 284.4456 283.7987 283.9991 284.9006  52832.3
1960 1.7224785E-08 1.7159964E-08 1.8859902E-08 2.4274245E-08 1.8883417E-08 2.3342670E-08 2.5854508E-08 2.4928868E-08 1.9162503E-08 2.4830014E-08 2.6574620E-08 2.3532033E-08 1.8870088E-08 2.3332145E-08 2.5632501E-08 2.5058521E-08  293.5084 293.4560 292.8849 291.0019 290.6921 289.6633 289.3718 289.7968 286.7832 286.1024 286.4399 286.2425 283.9046 283.2324 283.3486 284.1400  26461.3
1961 1.0343632E-08 9.4597992E-09 1.0202651E-08 1.2682755E-08 1.0792063E-08 1.1751315E-08 1.3421487E-08 1.3669520E-08 1.2637197E-08 1.5658532E-08 1.5799571E-08 1.4176592E-08 1.3149874E-08 1.7023201E-08 1.8072917E-08 1.7107444E-08  294.3546 293.9670 292.7662 290.2992 291.3820 289.8853 289.1707 289.4736 287.3939 286.4151 286.4966 286.2425 284.6837 283.7551 283.7006 284.4715  32341.9
1962 1.3024351E-08 1.3912160E-08 1.6330324E-08 1.7961744E-08 1.3533256E-08 1.5158927E-08 1.6943199E-08 1.5940923E-08 1.6921545E-08 2.0311353E-08 1.9876380E-08 1.6031134E-08 1.9354538E-08 2.4020952E-08 2.4892548E-08 2.1703128E-08  293.8383 293.6930 292.9598 290.8731 291.0669 289.9083 289.4591 289.9202 286.8478 286.0633 286.3127 286.2425 283.7882 282.9992 283.0401 283.9915  39729
1963 2.0360629E-08 1.9751601E-08 1.9416539E-08 2.1203002E-08 1.7167100E-08 2.0566063E-08 2.2529678E-08 2.0230424E-08 1.6699362E-08 2.2266633E-08 2.3129909E-08 1.9493598E-08 1.7628114E-08 2.3514980E-08 2.5987688E-08 2.4692472E-08  293.4755 293.4401 292.5654 290.3704 290.3280 289.1263 288.7563 289.1107 286.4684 285.6896 285.9281 286.2425 283.7531 282.9340 282.9987 283.8637  18964.5
1964 1.3767500E-08 1.3385107E-08 1.5255072E-08 1.8397422E-08 1.2868140E-08 1.5665691E-08 1.8344119E-08 1.8007260E-08 1.3582151E-08 1.8194850E-08 2.0292456E-08 1.7424110E-08 1.6927068E-08 2.0357831E-08 2.1393435E-08 2.0334982E-08  293.8347 293.7525 292.8944 290.7166 290.9348 289.6942 289.0799 289.5348 286.9332 286.2177 286.3974 286.2425 283.8452 283.2824 283.4365 284.2084  25132.3
1965 1.8288391E-08 1.8435674E-08 1.9632839E-08 2.1736241E-08 1.6628675E-08 2.0550095E-08 2.1513880E-08 1.9595491E-08 1.7201820E-08 2.1592717E-08 2.2831344E-08 2.0036541E-08 1.7643874E-08 2.1957426E-08 2.3664697E-08 2.2653785E-08  292.5960 292.2435 291.3311 289.3589 289.6223 288.2572 287.7256 288.1038 285.8480 284.8917 285.0703 286.2425 283.3605 282.4586 282.3470 283.1398  67441.9
1966 1.4775955E-08 1.5086624E-08 1.6235589E-08 1.7457634E-08 1.4674669E-08 1.7356177E-08 1.9058218E-08 1.8587610E-08 1.3319663E-08 1.6973946E-08 1.8718122E-08 1.6992072E-08 1.3517914E-08 1.7889910E-08 2.0492427E-08 1.9969338E-08  293.8269 293.3117 292.0548 289.8712 290.6598 289.2008 288.6697 288.7738 286.9012 285.8987 285.8085 286.2425 284.3007 283.3386 283.1313 283.7353  27567.7
1967 1.1773452E-08 1.2044877E-08 1.2448496E-08 1.3780835E-08 1.1510181E-08 1.4664347E-08 1.6514031E-08 1.4944195E-08 1.3435129E-08 1.7774449E-08 1.8643622E-08 1.4879809E-08 1.4724460E-08 1.8974522E-08 2.0426059E-08 1.8828841E-08  294.2383 293.8353 292.7010 290.4014 291.1287 289.6363 289.1515 289.5198 287.2932 286.3873 286.5441 286.2425 284.6016 283.7600 283.8073 284.5863  22909.7
1968 1.7260977E-08 1.4672929E-08 1.4412012E-08 1.6183574E-08 1.9032170E-08 2.2542574E-08 2.2755348E-08 2.0112958E-08 1.9812868E-08 2.6524512E-08 2.8939610E-08 2.3840048E-08 1.9592456E-08 2.6794169E-08 2.9936054E-08 3.0239899E-08  294.0435 293.9331 293.0089 290.7310 290.5598 289.4603 289.0311 289.4991 286.4663 285.7467 286.0110 286.2425 283.6728 282.9591 283.0678 283.7720  64177.4
1969 1.1914559E-08 1.1554652E-08 1.2396269E-08 1.4424343E-08 1.3629715E-08 1.5951056E-08 1.7757488E-08 1.5457760E-08 1.4823690E-08 1.8587903E-08 2.0671987E-08 1.8769960E-08 1.4767861E-08 1.9679682E-08 2.1832811E-08 2.2083324E-08  294.3028 294.0736 293.1674 290.8084 290.9082 289.6901 289.1186 289.5091 286.5672 285.6768 285.8784 286.2425 283.6826 282.8014 282.7205 283.5136  27880.6
1970 1.3030641E-08 1.3113251E-08 1.3351243E-08 1.5748798E-08 1.3090978E-08 1.6908780E-08 1.8219312E-08 1.7109413E-08 1.3960409E-08 1.8709786E-08 2.0576980E-08 1.8988036E-08 1.4180857E-08 1.8329841E-08 1.9708915E-08 1.9303009E-08  293.5956 293.2664 292.3118 290.2623 291.0267 289.7251 289.1894 289.5657 287.1227 286.2689 286.4682 286.2425 284.2601 283.4721 283.4629 284.1933  32583.9
1971 1.4329239E-08 1.2450989E-08 1.2676907E-08 1.5216390E-08 1.3593771E-08 1.5098324E-08 1.5441888E-08 1.5376147E-08 1.3492715E-08 1.7419836E-08 1.7693711E-08 1.4267802E-08 1.6156305E-08 1.9599247E-08 2.0352099E-08 1.8766066E-08  292.7531 292.7533 292.0585 289.7193 289.9611 288.7936 288.1964 288.5693 286.0921 285.1996 285.3800 286.2425 283.0989 282.2093 282.2738 283.1529  34454.8
1972 2.5373337E-08 2.6212144E-08 2.7775409E-08 3.0427522E-08 2.2783189E-08 2.8436288E-08 3.0341074E-08 2.7495338E-08 2.2105588E-08 2.9059194E-08 2.8674748E-08 2.3394003E-08 1.8200435E-08 2.3798444E-08 2.5508999E-08 2.3762807E-08  292.1091 292.1357 291.5532 289.7174 288.8997 287.9424 287.7568 288.1510 285.3769 284.6268 284.8245 286.2425 282.9122 282.0896 282.1106 282.9507  75371
1973 1.4147662E-08 1.4333311E-08 1.7367279E-08 2.0247034E-08 1.4041507E-08 1.7595406E-08 2.0185654E-08 2.0547512E-08 1.4538908E-08 1.9990077E-08 2.1193157E-08 1.8164451E-08 1.5650341E-08 2.1065588E-08 2.5015437E-08 2.5293224E-08  293.3145 293.2540 292.4815 290.3835 290.4153 289.2800 288.7998 289.1262 286.5427 285.8996 286.1218 286.2425 283.5925 283.0102 283.2477 284.1268  53000
1974 1.4311548E-08 1.4281847E-08 1.5509336E-08 1.7917566E-08 1.4522990E-08 1.6570613E-08 1.8583680E-08 1.7854708E-08 1.3919852E-08 1.7383387E-08 1.8077687E-08 1.5446412E-08 1.4255169E-08 1.8535777E-08 1.9178676E-08 1.6939769E-08  293.4616 293.2911 292.3765 290.3137 290.1233 288.9953 288.6510 289.1071 286.3823 285.5939 285.8715 286.2425 283.9325 283.1577 283.2635 284.1651  24880.6
1975 1.9117943E-08 1.8411933E-08 1.8589576E-08 2.0788391E-08 1.7224782E-08 2.1066006E-08 2.2930365E-08 2.1257984E-08 1.6915614E-08 2.2501768E-08 2.3252253E-08 2.0161711E-08 1.7996493E-08 2.1996954E-08 2.3135469E-08 2.1074921E-08  292.6942 292.6921 292.2854 290.0992 290.2631 289.0142 288.4381 288.8169 286.4406 285.4803 285.6328 286.2425 283.6748 282.7783 282.7591 283.5497  26432.3
1976 1.6972072E-08 1.6924670E-08 1.7667041E-08 2.0000135E-08 1.5796982E-08 1.9333786E-08 1.9991653E-08 1.8231923E-08 1.6420071E-08 2.0995323E-08 2.0979352E-08 1.7424270E-08 1.8274147E-08 2.2631909E-08 2.3708955E-08 2.2078913E-08  292.8316 292.6464 292.0869 290.0849 289.9633 288.6188 288.1248 288.4295 286.0729 285.1244 285.2072 286.2425 283.1321 282.2330 282.1665 282.9314  15964.5
1977 2.0414086E-08 1.8887317E-08 1.8789265E-08 2.0648987E-08 1.8497673E-08 2.2455090E-08 2.4282024E-08 2.1316334E-08 1.9318110E-08 2.5427815E-08 2.6220516E-08 2.0947773E-08 1.8056038E-08 2.3678977E-08 2.5739759E-08 2.3544018E-08  293.6327 293.4039 292.4507 290.3504 290.6861 289.3787 288.9545 289.2844 286.8604 285.9688 286.1824 286.2425 284.1819 283.3553 283.3314 284.0532  48477.4
1978 1.7548548E-08 1.8268031E-08 1.8522719E-08 1.8861167E-08 1.8951051E-08 2.3405008E-08 2.4980270E-08 2.2728564E-08 2.0750985E-08 2.7105466E-08 2.8592757E-08 2.4028886E-08 1.7328755E-08 2.2985001E-08 2.6357963E-08 2.5866930E-08  293.8350 293.7075 292.9619 290.7469 290.7446 289.6310 289.0491 289.4135 286.4038 285.6591 285.8638 286.2425 283.4538 282.6118 282.6422 283.3377  38067.7
1979 1.7435653E-08 1.7505714E-08 1.8530896E-08 2.2067985E-08 1.4824344E-08 1.9356847E-08 2.2848953E-08 2.2513003E-08 1.6186853E-08 2.3413913E-08 2.6711508E-08 2.3059973E-08 1.7588157E-08 2.3747306E-08 2.6375021E-08 2.5053520E-08  293.9420 293.7169 292.9584 290.8071 290.8490 289.5610 289.2226 289.5727 286.7643 286.0067 286.2292 286.2425 283.8281 283.0286 283.0715 283.7868  32361.3
1980 1.2825621E-08 1.3577683E-08 1.4525744E-08 1.6889951E-08 1.6055669E-08 1.8498286E-08 2.0334753E-08 1.8662819E-08 1.8227563E-08 2.1346883E-08 2.2846898E-08 1.9861750E-08 1.7438996E-08 2.0915628E-08 2.2103134E-08 2.1512182E-08  293.9076 293.5319 292.2901 290.1363 290.3702 289.1760 288.6328 288.8911 286.1373 285.3592 285.4799 286.2425 283.2268 282.3172 282.2756 283.1303  48064.5
1981 1.5069707E-08 1.4863647E-08 1.4872276E-08 1.5790770E-08 1.3081549E-08 1.6597999E-08 1.8642144E-08 1.6952805E-08 1.4624423E-08 1.9497710E-08 2.1330674E-08 1.8874523E-08 1.5126938E-08 1.9603677E-08 2.0995481E-08 2.0271868E-08  293.6122 293.1968 292.3184 290.2866 291.1128 289.7389 289.0658 289.3267 287.3456 286.3862 286.4428 286.2425 284.4342 283.5070 283.4772 284.3274  47112.9
1982 2.0404912E-08 2.2598016E-08 2.5814753E-08 2.9223262E-08 1.8271809E-08 2.4129967E-08 2.7248644E-08 2.6313630E-08 2.1155795E-08 2.7055682E-08 2.8212630E-08 2.3241883E-08 1.9682224E-08 2.3930976E-08 2.6073129E-08 2.4962278E-08  292.7534 292.6606 291.9106 290.0880 290.1443 288.9295 288.5514 288.9498 286.5991 285.6820 285.7740 285.4521 283.9289 283.0733 282.9477 283.5498  61967.7
1983 1.3623889E-08 1.3134512E-08 1.3718630E-08 1.5583856E-08 1.4558414E-08 1.7615521E-08 1.8631141E-08 1.6609368E-08 1.4289951E-08 1.9127668E-08 2.0220243E-08 1.7664933E-08 1.4332950E-08 1.8454747E-08 1.9738899E-08 1.8655472E-08  294.3277 293.9860 293.0425 290.6439 290.9850 289.8130 289.4019 289.7561 287.1435 286.3849 286.6577 287.2988 284.5555 283.8420 283.9544 284.8205  53061.3
1984 1.4227131E-08 1.4355686E-08 1.5790659E-08 1.5712603E-08 1.3555102E-08 1.6925934E-08 1.9307363E-08 1.7256291E-08 1.4948338E-08 1.9248358E-08 2.0422430E-08 1.8058437E-08 1.4910436E-08 1.9035483E-08 2.0783336E-08 2.0276568E-08  294.3891 294.3181 293.3052 290.7142 291.1194 289.8260 289.1897 289.6074 286.8732 286.0911 286.2404 285.7452 283.9296 283.1693 283.1469 283.8459  51103.2
1985 2.2019472E-08 2.2421652E-08 2.5031227E-08 2.6112287E-08 2.0464970E-08 2.4897417E-08 2.7714684E-08 2.6131802E-08 2.0406770E-08 2.5483894E-08 2.6157849E-08 2.2868301E-08 1.8731656E-08 2.2764249E-08 2.3296311E-08 2.2035483E-08  293.0977 292.7975 291.8943 289.8288 290.1109 288.8086 288.3116 288.5571 286.2180 285.3615 285.4375 286.5259 283.4441 282.5985 282.5543 283.2716  89838.7
1986 2.5502946E-08 2.4831218E-08 2.3207612E-08 2.4495433E-08 2.2447612E-08 2.7801526E-08 2.9574831E-08 2.5792817E-08 2.1323533E-08 2.7938796E-08 2.9055586E-08 2.3457691E-08 2.0412230E-08 2.6029815E-08 2.8517226E-08 2.6747957E-08  293.2913 293.2777 292.6128 290.6686 290.7826 289.6083 289.2629 289.6106 287.2486 286.4289 286.4679 285.3226 284.5736 283.7491 283.5447 284.0976  149442
1987 2.2829411E-08 2.0956254E-08 2.0881441E-08 2.3050140E-08 2.0057447E-08 2.3102448E-08 2.3887157E-08 2.2010022E-08 1.8952152E-08 2.2600428E-08 2.2478165E-08 1.9447342E-08 1.8102146E-08 2.1049834E-08 2.0996721E-08 1.9472461E-08  292.7160 292.7062 291.9344 290.0880 290.2699 289.1991 288.7260 289.1091 286.9928 286.0805 286.1982 286.3017 284.5197 283.5682 283.4629 284.1936  22229
1988 9.8267012E-09 1.0220027E-08 1.0877599E-08 1.1386977E-08 9.8598205E-09 1.2321356E-08 1.3312841E-08 1.1760590E-08 1.0837338E-08 1.4450377E-08 1.4710158E-08 1.2349174E-08 1.2438965E-08 1.5844517E-08 1.7073212E-08 1.6117866E-08  294.8221 294.4573 293.5115 291.0337 291.8098 290.5088 289.6412 289.9187 287.6014 286.7717 286.8797 285.6734 284.6733 283.8589 283.9230 284.7081  21903.2
1989 1.2406259E-08 1.2191673E-08 1.3963526E-08 1.5827180E-08 1.4188953E-08 1.6184643E-08 1.7489405E-08 1.6176944E-08 1.5303099E-08 1.8992127E-08 1.9585531E-08 1.5725295E-08 1.4565670E-08 1.9089679E-08 2.0096223E-08 1.8744274E-08  294.4550 294.1955 293.5253 291.3209 291.3618 290.0394 289.3809 289.9867 287.1333 286.3225 286.7238 286.5546 284.2652 283.6403 283.9053 284.8142  17771
1990 1.9415030E-08 1.7862034E-08 1.7601351E-08 2.0495007E-08 1.7588466E-08 2.0634610E-08 2.2125400E-08 2.1195509E-08 1.6465217E-08 2.1623919E-08 2.3427212E-08 2.1143091E-08 1.6265243E-08 2.0846615E-08 2.2636652E-08 2.2215024E-08  293.0191 292.9354 292.1559 290.1387 289.8618 288.6626 288.3863 288.6762 286.2921 285.2616 285.3359 287.0667 283.8130 282.8502 282.7511 283.4271  37454.8
1991 1.8837605E-08 1.7157843E-08 1.8827718E-08 1.9621616E-08 2.0099407E-08 2.2959416E-08 2.3388147E-08 2.1858947E-08 2.0348541E-08 2.5669191E-08 2.5519588E-08 2.0516483E-08 2.0283057E-08 2.3936460E-08 2.4380613E-08 2.1979487E-08  293.6161 293.1835 291.9613 290.1016 291.0081 289.6146 289.1470 289.4586 287.4064 286.5601 286.6921 287.1196 284.6634 283.8327 283.8114 284.5553  37480.6
1992 2.5204720E-08 2.4695369E-08 2.4730456E-08 2.4661405E-08 2.4274472E-08 2.9283813E-08 3.1513466E-08 2.8644775E-08 2.1807436E-08 2.9196942E-08 3.1735489E-08 2.7702436E-08 1.9508997E-08 2.5590101E-08 2.8786577E-08 2.9170465E-08  292.2278 292.0580 291.1744 289.4487 289.0321 288.0601 287.9507 288.2888 285.6189 284.8937 285.1021 285.1707 282.9548 282.1276 282.0090 282.5352  43441.9
1993 2.0670207E-08 2.1829113E-08 2.4705049E-08 2.7178652E-08 2.0371855E-08 2.6034160E-08 2.9091808E-08 2.7104676E-08 2.3614424E-08 3.0057727E-08 3.0641804E-08 2.6008900E-08 2.3181393E-08 2.9361686E-08 2.9851432E-08 2.7597267E-08  293.2260 293.2568 292.4534 290.3754 289.9583 288.8603 288.5336 288.8935 285.9177 285.1487 285.3937 285.7175 283.1877 282.3524 282.3281 283.1234  55977.4
1994 2.5695156E-08 2.3047342E-08 2.1156513E-08 2.0175870E-08 2.4163226E-08 2.7546072E-08 2.7417290E-08 2.2138279E-08 2.4091069E-08 2.9579139E-08 2.8727689E-08 2.2953630E-08 2.3840366E-08 2.8572945E-08 2.8493641E-08 2.5772932E-08  293.4284 293.3212 292.5023 290.5817 290.4528 289.5093 289.3110 289.6938 286.9061 286.3568 286.7804 286.2704 284.5039 283.8758 283.9847 284.7272  59464.5
1995 1.0228584E-08 1.0414022E-08 1.1354347E-08 1.2187948E-08 1.3781795E-08 1.6894333E-08 1.8839172E-08 1.7996499E-08 1.5241067E-08 2.0062776E-08 2.1118190E-08 1.8437444E-08 1.4698643E-08 1.9942270E-08 2.1317147E-08 1.9677071E-08  295.0349 294.7282 293.4881 290.9029 291.6713 290.3309 289.6117 289.9007 287.3262 286.4444 286.5599 286.4314 284.3517 283.5081 283.5275 284.2604  63854.8
1996 1.4534385E-08 1.5171700E-08 1.7409898E-08 2.1142798E-08 1.4593121E-08 1.9479021E-08 2.2848262E-08 2.2891790E-08 1.7310494E-08 2.2551372E-08 2.4720379E-08 2.1859353E-08 1.8973356E-08 2.3271534E-08 2.5029614E-08 2.3419487E-08  293.5343 293.4408 292.7988 290.7427 290.2792 289.1275 288.7607 289.2641 286.0208 285.2422 285.6107 286.5113 283.1581 282.4261 282.5152 283.4024  30954.8
1997 2.7990772E-08 2.8314540E-08 3.1934185E-08 3.3874230E-08 2.6407220E-08 3.1574800E-08 3.5004295E-08 3.1249293E-08 2.5181464E-08 3.1123996E-08 3.1175002E-08 2.5411710E-08 2.3576218E-08 2.9351325E-08 2.9769561E-08 2.6249582E-08  291.8661 291.7368 291.1791 289.4535 289.2653 288.1565 287.8288 288.1095 285.7609 284.8427 284.9262 285.6085 283.1556 282.2750 282.2375 283.0048  43332.3
1998 1.0462430E-08 9.8667297E-09 1.1449545E-08 1.3790910E-08 1.2397017E-08 1.5448695E-08 1.7486794E-08 1.6198365E-08 1.3905270E-08 1.8134513E-08 1.9550290E-08 1.7901824E-08 1.6075454E-08 2.0141343E-08 2.1554714E-08 2.0937495E-08  294.5380 294.0895 292.9904 290.8254 291.0003 289.9775 289.5965 290.0500 286.8619 286.2129 286.6126 287.8380 283.8135 283.0958 283.3965 284.3708  36422.6
1999 1.0989950E-08 1.0397950E-08 1.0862435E-08 1.3992635E-08 1.1619528E-08 1.3949951E-08 1.6065432E-08 1.5751926E-08 1.2694366E-08 1.7028059E-08 1.8178412E-08 1.5139795E-08 1.2004556E-08 1.5808006E-08 1.7236680E-08 1.6475548E-08  295.2752 295.1871 294.5994 292.2827 292.1294 291.0190 290.3140 290.8908 287.4138 286.6598 286.8999 286.7290 284.2606 283.5811 283.7473 284.7081  34438.7
2000 1.1179502E-08 1.0955530E-08 1.1827388E-08 1.3909521E-08 1.2336793E-08 1.6582561E-08 1.7577968E-08 1.5967375E-08 1.3392155E-08 1.8269814E-08 1.8937946E-08 1.6850160E-08 1.3647225E-08 1.7201172E-08 1.8763266E-08 1.8712752E-08  294.4767 294.1639 293.2045 290.8436 291.0325 289.7628 288.9066 289.1851 286.6786 285.6871 285.8909 286.5271 283.7587 282.8907 282.9476 283.8396  25045.2
2001 1.2449862E-08 1.3471592E-08 1.4151577E-08 1.6333543E-08 1.2025418E-08 1.6546077E-08 2.0026704E-08 1.9162915E-08 1.5487803E-08 2.0602528E-08 2.1947711E-08 1.9066215E-08 1.7307679E-08 2.2381743E-08 2.3879727E-08 2.2918385E-08  294.8218 294.4869 293.4085 290.8366 291.7234 290.4268 289.6243 289.9537 287.1682 286.3546 286.6307 286.4536 283.9888 283.3063 283.4290 284.2582  30045.2
2002 1.5559548E-08 1.5037195E-08 1.4125039E-08 1.3904073E-08 1.6724242E-08 1.8341789E-08 1.9458611E-08 1.6532134E-08 1.8513559E-08 2.4095877E-08 2.5298450E-08 2.0647827E-08 1.8572738E-08 2.4284306E-08 2.5706779E-08 2.3115318E-08  294.2167 294.0463 292.9830 290.6600 291.6231 290.2657 289.5744 289.8739 287.7410 286.7958 286.8373 287.8161 284.8085 283.9441 283.8425 284.4691  74612.9
2003 1.2086585E-08 1.2364510E-08 1.4670694E-08 1.7286858E-08 1.1684727E-08 1.4566899E-08 1.6682881E-08 1.6630867E-08 1.2452833E-08 1.7475276E-08 2.0017588E-08 1.7709100E-08 1.2501136E-08 1.6734562E-08 1.9007437E-08 1.8881668E-08  295.1984 294.9775 294.0059 291.4073 291.7109 290.3351 289.5909 290.0546 287.3865 286.4099 286.4932 287.6307 284.6142 283.6646 283.5385 284.2742  19503.2
2004 2.0657486E-08 1.8782792E-08 1.8211944E-08 2.0417289E-08 2.0290399E-08 2.6288820E-08 2.8212675E-08 2.4675874E-08 1.9665105E-08 2.6618341E-08 2.7260555E-08 2.2857668E-08 1.7627022E-08 2.3487472E-08 2.4941471E-08 2.3168569E-08  292.6393 292.4202 291.5429 289.6722 289.7912 288.5454 288.0733 288.3790 286.0070 285.0847 285.2592 287.0192 283.2171 282.2572 282.2023 283.0178  40851.6
2005 1.4028110E-08 1.5148487E-08 1.6148682E-08 1.8190502E-08 1.3732325E-08 1.6392987E-08 1.9620591E-08 1.9156371E-08 1.4189646E-08 1.7299827E-08 1.8574259E-08 1.6641035E-08 1.6980373E-08 2.0114372E-08 2.0661481E-08 1.9459138E-08  294.4080 293.9903 293.0820 290.7860 291.1398 289.8318 289.1434 289.4565 286.7376 285.9048 286.1846 287.5888 283.6231 282.8564 283.0670 284.0746  61512.9
2006 1.9950740E-08 1.9980169E-08 1.8220749E-08 2.0185588E-08 1.7633367E-08 2.2906658E-08 2.5077139E-08 2.1611955E-08 1.8570452E-08 2.5072746E-08 2.7226875E-08 2.2687180E-08 2.0968173E-08 2.5908928E-08 2.7873092E-08 2.6678803E-08  294.2205 294.2224 293.6842 291.6154 290.8319 289.6471 289.3004 289.8227 286.3446 285.6608 285.9677 286.4337 283.2165 282.5321 282.6568 283.6205  26200
2007 1.2920295E-08 1.3113779E-08 1.5844400E-08 1.8110287E-08 1.5379760E-08 1.8085528E-08 1.9123828E-08 1.8523579E-08 1.5566414E-08 2.0761775E-08 2.2261224E-08 1.9019671E-08 1.6845355E-08 2.2006803E-08 2.3734177E-08 2.2621025E-08  294.9195 294.6870 293.9933 291.7828 291.8456 290.5043 290.0456 290.5739 287.5153 286.6401 286.9398 286.9935 284.3971 283.7042 283.7891 284.5992  69409.7
2008 1.2896670E-08 1.3090022E-08 1.5505346E-08 1.7079486E-08 1.2893866E-08 1.5754818E-08 1.9851743E-08 1.9788182E-08 1.3247104E-08 1.6802659E-08 1.8704704E-08 1.7715307E-08 1.4761807E-08 1.7781266E-08 1.9211962E-08 1.9384661E-08  294.7632 294.5076 293.9383 291.8306 291.7377 290.3451 289.6352 290.0812 287.5143 286.5108 286.6447 287.0851 284.4365 283.6378 283.7236 284.4895  29922.6
2009 1.6739891E-08 1.6860605E-08 1.9194832E-08 2.1918776E-08 1.7225110E-08 2.0352388E-08 2.3087908E-08 2.2697090E-08 1.7950843E-08 2.2704402E-08 2.3205388E-08 2.0571809E-08 1.6919001E-08 2.2266082E-08 2.4028230E-08 2.2474566E-08  293.6613 293.4714 292.7707 290.6803 290.5256 289.2143 288.6960 289.0560 286.4552 285.4873 285.6277 286.6168 283.7988 282.9188 282.9301 283.6923  40409.7
2010 1.0979954E-08 1.1036857E-08 1.0934534E-08 1.1988666E-08 1.2164537E-08 1.4496102E-08 1.5417712E-08 1.4171059E-08 1.4408450E-08 1.9010720E-08 1.9288162E-08 1.5734194E-08 1.5238871E-08 2.0366718E-08 2.2384580E-08 2.0868939E-08  295.0258 294.9740 294.2037 291.7358 291.2466 290.1893 289.6204 290.0950 286.8062 286.1486 286.3991 286.9867 283.9244 283.1287 283.1792 284.0520  122484
2011 1.0592600E-08 1.1621748E-08 1.1893968E-08 1.3006316E-08 1.1221404E-08 1.4306486E-08 1.5941003E-08 1.5150450E-08 1.5699934E-08 1.9990361E-08 1.9827246E-08 1.5910643E-08 1.6962225E-08 2.1968555E-08 2.2682508E-08 2.1688848E-08  294.7124 294.4326 293.6227 291.2402 291.2954 289.8767 289.1251 289.4444 286.5938 285.7703 285.9402 286.3599 283.3597 282.5924 282.7272 283.5445  31671
2012 1.7892560E-08 1.6048199E-08 1.5442941E-08 1.4556992E-08 2.1572459E-08 2.3158368E-08 2.2844292E-08 1.9208665E-08 1.9704823E-08 2.3084240E-08 2.3149637E-08 1.9199899E-08 1.5689047E-08 1.9672541E-08 2.1829880E-08 2.1742338E-08  294.6763 294.4279 293.5581 291.3717 291.2151 290.0125 289.4048 289.8174 286.9343 286.2154 286.4512 287.3555 284.0399 283.3634 283.4282 284.2864  18780.6
2013 1.1305096E-08 1.0233938E-08 1.1155160E-08 1.2950814E-08 1.1129174E-08 1.2766705E-08 1.3704534E-08 1.3181340E-08 1.3532353E-08 1.7133505E-08 1.7917575E-08 1.5414464E-08 1.4700048E-08 1.9487571E-08 2.0722721E-08 1.9080383E-08  295.4443 295.0851 294.0383 291.7198 292.0117 290.6672 289.8002 290.2240 287.7531 286.7603 286.8383 286.9461 284.9992 284.0688 283.9435 284.6666  37854.8
2014 1.4122128E-08 1.2450724E-08 1.3700142E-08 1.6151727E-08 1.4896484E-08 1.7365092E-08 1.7798250E-08 1.5532919E-08 1.2228895E-08 1.7595209E-08 1.9105270E-08 1.6866762E-08 1.2491237E-08 1.6598920E-08 1.9314257E-08 1.8770233E-08  294.0444 293.6643 292.6219 290.3798 291.2902 289.8210 289.1857 289.5508 287.7690 286.7312 286.8662 286.0679 285.4036 284.3858 284.1350 284.8243  48267.7
2015 3.1599743E-08 3.1030044E-08 3.0718176E-08 3.0942360E-08 2.8100569E-08 3.3960340E-08 3.5967584E-08 3.3963602E-08 2.7839574E-08 3.5478475E-08 3.6682426E-08 3.0972821E-08 2.9931329E-08 3.6127943E-08 3.6430816E-08 3.3096764E-08  292.4340 292.4836 292.2177 290.8679 290.0947 289.1949 289.2273 289.7560 286.7839 286.2080 286.5441 287.0442 284.3321 283.6772 283.8273 284.5860  30551.6
