STN,prec_1,prec_2,prec_3,prec_4,prec_5,prec_6,prec_7,prec_8,prec_9,prec_10,prec_11,prec_12,prec_13,prec_14,prec_15,prec_16,st_1,st_2,st_3,st_4,st_5,st_6,st_7,st_8,st_9,st_10,st_11,st_12,st_13,st_14,st_15,st_16,03.0
LAT,37.67308,37.67308,37.67308,37.67308,40.46365,40.46365,40.46365,40.46365,43.25420,43.25420,43.25420,43.25420,46.04472,46.04472,46.04472,46.04472,37.67308,37.67308,37.67308,37.67308,40.46365,40.46365,40.46365,40.46365,43.25420,43.25420,43.25420,43.25420,46.04472,46.04472,46.04472,46.04472,41.78058635
LON,-95.62500,-92.81250,-90.00000,-87.18750,-95.62500,-92.81250,-90.00000,-87.18750,-95.62500,-92.81250,-90.00000,-87.18750,-95.62500,-92.81250,-90.00000,-87.18750,-95.62500,-92.81250,-90.00000,-87.18750,-95.62500,-92.81250,-90.00000,-87.18750,-95.62500,-92.81250,-90.00000,-87.18750,-95.62500,-92.81250,-90.00000,-87.18750,-90.252073
1958 4.1901739E-08 4.4707203E-08 4.8335238E-08 4.9998444E-08 4.2655977E-08 5.1423552E-08 5.0841575E-08 4.4174040E-08 4.1512347E-08 5.2429893E-08 5.1794366E-08 3.4945916E-08 3.8566075E-08 4.5706383E-08 4.5852257E-08 3.7872439E-08  294.2888 294.0920 293.8718 292.8713 293.5611 292.2547 292.1116 292.1411 291.4675 289.8410 289.5183 278.5913 289.1607 287.2626 286.6267 287.0131  32200
1959 3.7194379E-08 3.9576978E-08 4.1848686E-08 4.4347100E-08 3.7691422E-08 4.6850406E-08 4.9690136E-08 4.3882054E-08 3.7005712E-08 4.8124271E-08 4.8263935E-08 3.2585135E-08 3.7804405E-08 4.6064489E-08 4.6467736E-08 3.8587213E-08  294.7381 294.3358 293.9809 292.9190 293.3618 292.1392 291.8486 291.7689 291.0619 289.4467 289.0057 278.5913 288.5349 286.7449 286.0613 286.3539  40954.8
1960 3.3116127E-08 3.3373503E-08 3.5207613E-08 3.9393733E-08 3.3521513E-08 4.0136282E-08 4.1548770E-08 3.7129706E-08 3.9191878E-08 4.8797435E-08 4.5928001E-08 2.9878276E-08 3.6724423E-08 4.4585946E-08 4.3561702E-08 3.6952088E-08  295.6362 295.0215 294.4311 293.3101 293.8580 292.5671 291.9997 291.8820 291.1408 289.4941 288.8750 278.5912 288.3565 286.3661 285.5555 285.7086  31058.1
1961 3.4531489E-08 3.5703991E-08 3.5081555E-08 4.0810789E-08 3.6339635E-08 4.2171692E-08 4.1676635E-08 3.7886544E-08 3.6968686E-08 4.4923453E-08 4.3072671E-08 2.7978166E-08 3.4389220E-08 4.1141636E-08 4.0071214E-08 3.0492561E-08  295.3000 294.7478 294.2216 292.9414 293.6462 292.2276 291.6498 291.3672 291.2407 289.4798 288.8192 278.5913 288.7513 286.6768 285.9455 286.2227  58112.9
1962 3.3783579E-08 3.6874223E-08 3.9649674E-08 4.2900759E-08 3.8100993E-08 4.7569877E-08 4.8286587E-08 4.3566558E-08 4.0920948E-08 4.9476959E-08 4.9452204E-08 3.4976519E-08 3.5367030E-08 4.1912145E-08 4.2723620E-08 3.5103703E-08  295.6106 295.1057 294.5396 293.2768 294.0536 292.5787 291.9980 291.7421 291.6404 289.8053 289.2357 278.5913 289.2366 287.2447 286.6026 286.9146  48067.7
1963 3.6724089E-08 3.7622975E-08 4.0060836E-08 4.2644650E-08 3.5370508E-08 4.1390546E-08 4.0832425E-08 3.5534480E-08 3.5295855E-08 4.0782780E-08 4.0700925E-08 2.6359363E-08 3.8711512E-08 4.5125788E-08 4.2921251E-08 3.4034013E-08  295.7882 295.2766 294.6129 293.3371 294.5094 293.1089 292.6214 292.4102 292.0194 290.4384 289.9408 278.5913 289.4184 287.4812 286.8012 287.0437  52541.9
1964 3.2601108E-08 3.5795722E-08 4.0713385E-08 4.4485674E-08 3.8513154E-08 4.7055067E-08 4.7293724E-08 4.0610104E-08 4.2579575E-08 5.2080999E-08 4.9770030E-08 3.4982381E-08 4.2381291E-08 5.0541150E-08 4.9844900E-08 4.0120810E-08  294.9514 294.3741 293.7382 292.5207 293.2155 291.9282 291.3512 291.1733 290.5289 288.9052 288.3483 278.5913 288.1453 286.2685 285.4463 285.5776  25280.6
1965 3.3894803E-08 3.5248267E-08 3.8843062E-08 4.3515055E-08 3.2994375E-08 3.7095027E-08 3.9483723E-08 3.5770473E-08 3.7587547E-08 4.1827931E-08 3.9683361E-08 2.5840222E-08 3.8561634E-08 4.2701892E-08 4.0322426E-08 3.2140854E-08  294.7401 294.3480 293.9252 292.7047 293.4527 292.3192 291.8735 291.7702 291.3401 289.7430 289.2993 278.5913 288.9785 287.1278 286.4384 286.7179  48703.2
1966 3.6131787E-08 3.9160970E-08 4.3005759E-08 4.5671008E-08 3.8996586E-08 4.4392905E-08 4.7093859E-08 4.0895657E-08 3.8508151E-08 4.4725883E-08 4.4292584E-08 2.8846930E-08 3.5270485E-08 4.0834404E-08 4.0612310E-08 3.4152514E-08  294.6494 294.2505 293.8106 292.6785 293.6105 292.4022 291.9320 291.7388 291.5312 289.8586 289.3906 278.5913 289.3415 287.4086 286.7201 286.9701  84638.7
1967 3.4157960E-08 3.4780125E-08 3.6009940E-08 4.0011084E-08 3.9083151E-08 4.6113072E-08 4.5870571E-08 4.1232404E-08 3.9941277E-08 4.9623953E-08 4.7160128E-08 3.1591256E-08 3.8621248E-08 4.5196511E-08 4.3094968E-08 3.3501188E-08  295.5864 295.0923 294.7571 293.6232 293.9432 292.7651 292.4552 292.3401 291.5054 289.8697 289.4120 278.5913 288.9609 286.9254 286.1064 286.2960  46232.3
1968 3.7125346E-08 3.9147299E-08 4.1372292E-08 4.1759240E-08 4.2048054E-08 4.9472252E-08 4.9717919E-08 4.2320316E-08 4.6557428E-08 5.6669982E-08 5.3192178E-08 3.4169364E-08 3.8862890E-08 4.7418592E-08 4.5764402E-08 3.6287474E-08  295.1775 294.6412 294.1168 292.9503 293.6795 292.1715 291.6628 291.6516 290.9881 288.9108 288.5521 278.5913 288.3634 286.3051 285.6234 286.0055  27754.8
1969 4.3039140E-08 4.4597567E-08 4.5618343E-08 4.5615508E-08 3.7147398E-08 4.6199482E-08 4.8736286E-08 4.3476959E-08 3.6561033E-08 4.4873389E-08 4.4206345E-08 3.0334718E-08 3.5474837E-08 4.3722050E-08 4.5767365E-08 3.8302620E-08  294.7273 294.4608 294.1038 293.0394 293.7528 292.5433 292.1328 292.1416 291.7443 290.1043 289.6111 278.5913 289.3997 287.4732 286.6547 287.0063  57264.5
1970 2.9629030E-08 3.2917352E-08 3.6685410E-08 4.2446068E-08 3.4144204E-08 4.0869995E-08 4.3166754E-08 3.9487396E-08 3.9162419E-08 4.6895504E-08 4.5734851E-08 2.9904225E-08 3.7492040E-08 4.3898861E-08 4.2836842E-08 3.3361022E-08  294.7281 294.2487 293.8060 292.4980 293.4025 292.0706 291.5062 291.2477 291.2035 289.2491 288.6935 278.5913 288.9361 286.8866 286.1035 286.3609  38522.6
1971 3.8198696E-08 4.2226251E-08 4.5079180E-08 4.7713716E-08 3.5427806E-08 4.3299213E-08 4.5677890E-08 4.0841002E-08 3.4460609E-08 4.3749420E-08 4.3241741E-08 2.9495588E-08 3.4764255E-08 4.1504578E-08 4.1262613E-08 3.5506684E-08  295.2090 294.5331 293.8202 292.4834 293.2250 291.8447 291.1732 291.0009 290.8529 288.9026 288.2853 278.5913 288.0607 285.9136 285.1169 285.3170  61158.1
1972 4.4505978E-08 4.7280349E-08 5.1687021E-08 5.2391076E-08 4.3698979E-08 5.2372037E-08 5.4005731E-08 4.7030582E-08 4.1349214E-08 4.8034011E-08 4.5878416E-08 2.9779661E-08 3.3380918E-08 4.0410292E-08 3.8661739E-08 3.0065760E-08  294.8708 294.2986 293.6398 292.5411 293.4871 292.1041 291.4831 291.3950 291.1880 289.4466 288.9833 278.5913 289.0990 287.1702 286.5109 286.8117  57767.7
1973 4.3605471E-08 4.2991100E-08 4.4421718E-08 4.6772701E-08 4.1880039E-08 5.0033901E-08 5.0352650E-08 4.3886974E-08 3.8940996E-08 4.6031541E-08 4.4893724E-08 2.8406475E-08 3.5887716E-08 4.3050598E-08 4.1318710E-08 3.3233913E-08  294.3269 294.1303 293.8617 292.7933 293.3053 292.1490 291.9178 291.9595 291.3027 289.8659 289.6130 278.5913 289.3632 287.5038 287.0978 287.5410  127510
1974 3.1724831E-08 3.2927229E-08 3.3937084E-08 4.1054719E-08 3.4003627E-08 4.1255589E-08 4.1842021E-08 3.6288881E-08 3.5536058E-08 4.6304439E-08 4.6141832E-08 3.3589863E-08 3.6910933E-08 4.6142105E-08 4.8122796E-08 4.0921147E-08  295.6418 295.0958 294.5104 293.2510 293.7347 292.5037 292.1756 292.0699 291.2051 289.6153 289.1318 278.5913 288.3838 286.5168 285.8051 285.9725  60241.9
1975 3.1471167E-08 3.4565875E-08 4.0665078E-08 4.6821143E-08 3.6550396E-08 4.5103160E-08 4.8724132E-08 4.4104379E-08 3.6980730E-08 4.6216226E-08 4.5160157E-08 3.0258818E-08 3.4078354E-08 4.1427242E-08 4.0834792E-08 3.1729307E-08  295.6519 295.2181 294.6510 293.3618 294.0424 292.7808 292.3382 292.1976 291.7343 290.0641 289.5231 278.5913 289.3101 287.3380 286.7057 287.1144  48754.8
1976 2.7374321E-08 2.8887447E-08 3.4184691E-08 3.9454484E-08 3.2147106E-08 4.1181782E-08 4.3991193E-08 3.9272635E-08 3.3599889E-08 4.2806487E-08 4.0275111E-08 2.6332723E-08 3.4284398E-08 4.0223426E-08 4.1340570E-08 3.3114070E-08  296.0796 295.1849 294.3918 293.1594 294.4235 292.7879 292.2356 292.1144 291.8494 290.1375 289.6563 278.5913 289.0888 287.1306 286.5234 286.9344  64600
1977 3.4570359E-08 3.9771564E-08 4.5746898E-08 4.7606481E-08 3.9511583E-08 4.4755190E-08 4.4629672E-08 3.8501373E-08 3.8756493E-08 4.3862162E-08 4.1628024E-08 2.4935090E-08 3.9421518E-08 4.1786635E-08 4.0913722E-08 3.3848512E-08  294.4991 294.2130 293.8212 292.7075 293.5408 292.3136 292.0168 292.0182 291.4545 289.9334 289.6037 278.5913 289.3971 287.6826 287.0763 287.3687  34658.1
1978 3.2876514E-08 3.6956980E-08 4.1390606E-08 4.6435435E-08 4.0777820E-08 4.9374247E-08 5.0911595E-08 4.5046292E-08 4.7191975E-08 5.3505094E-08 4.8603830E-08 3.1068190E-08 4.4046782E-08 4.9804143E-08 4.6801759E-08 3.5603247E-08  295.2205 294.5942 294.0605 292.8234 293.5004 292.0619 291.6427 291.5740 290.7143 289.1894 288.9182 278.5913 288.3326 286.5224 286.0196 286.4799  30183.9
1979 3.8920565E-08 4.2842775E-08 4.7022603E-08 4.9276757E-08 3.6393320E-08 4.5826656E-08 4.6984230E-08 3.9427391E-08 3.7568618E-08 4.5416932E-08 4.4371735E-08 2.9043155E-08 3.6992521E-08 4.3760426E-08 4.2731553E-08 3.4901152E-08  294.3586 293.9947 293.5079 292.3272 293.2419 291.8855 291.4993 291.4651 290.7976 289.1393 288.7090 278.5913 288.5419 286.6506 285.8676 286.2247  60506.5
1980 3.8768480E-08 4.2514106E-08 4.5046814E-08 4.7346319E-08 3.8802057E-08 4.6210978E-08 4.7073637E-08 4.0907523E-08 3.9557644E-08 4.7099743E-08 4.4702830E-08 3.0157459E-08 3.7728594E-08 4.4401069E-08 4.1833715E-08 3.3003754E-08  294.1787 293.7780 293.3433 292.1408 292.8312 291.5408 291.1831 291.2238 290.6683 289.0358 288.6348 278.5913 288.4378 286.5287 285.9093 286.2796  44977.4
1981 3.9751033E-08 4.3528551E-08 4.4926701E-08 4.7014048E-08 4.0573287E-08 5.0831819E-08 5.4489014E-08 4.6949715E-08 3.9804878E-08 4.9534474E-08 4.7472625E-08 3.1837249E-08 3.6485581E-08 4.4980887E-08 4.4306105E-08 3.6926124E-08  294.8610 294.3928 293.9308 292.7321 293.3284 291.9096 291.4346 291.3355 290.8979 289.2034 288.8300 278.5913 288.7394 286.7917 286.2090 286.4953  40554.8
1982 3.6287293E-08 3.8956394E-08 3.9976854E-08 4.1687919E-08 4.1680572E-08 4.7132616E-08 4.5039883E-08 3.8109398E-08 4.1566711E-08 4.7926861E-08 4.4639471E-08 2.9696478E-08 4.0026887E-08 4.3476845E-08 4.2447368E-08 3.5330938E-08  295.2716 294.5534 294.0068 292.8481 293.8461 292.2974 291.6978 291.6253 291.4618 289.4767 288.9184 278.7430 288.9038 286.9195 286.1928 286.4601  54296.8
1983 4.2513783E-08 4.3910351E-08 4.5501125E-08 4.7991584E-08 3.9804956E-08 4.3285006E-08 4.2397193E-08 3.7625725E-08 4.0113392E-08 4.5180652E-08 4.0245851E-08 2.1499821E-08 3.5194187E-08 4.2726725E-08 4.1626162E-08 3.1058367E-08  293.9731 293.9576 293.8564 293.0286 293.3113 292.3470 292.3501 292.5237 291.4878 290.3630 290.2734 278.8955 289.9693 288.2422 287.7410 288.1979  121035
1984 2.6857659E-08 2.9662242E-08 3.2009368E-08 3.5822911E-08 3.0083317E-08 3.6212498E-08 3.8949768E-08 3.3111952E-08 3.7450032E-08 4.6747093E-08 4.5879993E-08 2.8806081E-08 3.8095092E-08 4.6747960E-08 4.7128474E-08 3.9717463E-08  296.5909 296.1100 295.5065 294.1972 295.1122 293.8843 293.3067 293.2059 292.5827 290.7007 290.1418 278.4948 289.4850 287.4198 286.5923 286.7388  68693.5
1985 2.7261427E-08 2.8427680E-08 3.5341646E-08 4.1659806E-08 3.1736054E-08 4.1692640E-08 4.7505608E-08 4.5442562E-08 3.3026783E-08 4.4453287E-08 4.6754952E-08 3.2353260E-08 3.2674809E-08 4.0232027E-08 4.1284753E-08 3.4876759E-08  297.1594 296.5244 295.6544 294.0643 295.1952 293.6600 292.9189 292.4716 292.2845 290.5117 289.5450 278.6654 289.3262 287.1733 286.1699 286.1461  84016.1
1986 3.2832094E-08 3.5896875E-08 3.9935884E-08 4.3525826E-08 3.2593594E-08 3.8857092E-08 4.2210306E-08 3.8452971E-08 4.1155651E-08 4.8791144E-08 4.5418098E-08 3.0250426E-08 4.2350543E-08 4.7859160E-08 4.6642828E-08 3.8399488E-08  295.6355 295.0374 294.5068 293.2505 294.2780 293.0348 292.5991 292.4722 291.6891 290.0360 289.7612 278.6298 289.1929 287.3536 286.7937 287.0759  65422.6
1987 4.3978588E-08 4.5944724E-08 5.0687635E-08 5.6106767E-08 4.0808615E-08 4.9305111E-08 5.1174496E-08 4.4988525E-08 4.3626262E-08 5.0081766E-08 4.6992913E-08 2.9918642E-08 3.5185433E-08 3.8412850E-08 3.6732189E-08 3.0117061E-08  294.0580 293.8036 293.5233 292.5164 292.9396 291.6631 291.4454 291.5360 290.8076 289.2040 288.8567 278.8230 288.8573 287.1476 286.5356 286.8997  48854.8
1988 3.4501706E-08 3.8480533E-08 4.1975131E-08 4.7683404E-08 3.5362643E-08 4.3588784E-08 4.5484509E-08 3.9982169E-08 3.8341241E-08 4.5489237E-08 3.9611912E-08 2.3526189E-08 3.9325837E-08 4.4514255E-08 4.0765915E-08 3.1937695E-08  295.6570 295.2059 294.7498 293.5121 294.3107 293.0741 292.6664 292.6122 291.9816 290.4742 290.2275 279.0364 289.5139 287.7840 287.3181 287.6900  45125.8
1989 2.6392220E-08 2.8792297E-08 3.4302776E-08 3.9623817E-08 2.9023505E-08 3.7803105E-08 4.1695934E-08 3.7190691E-08 2.9553640E-08 4.0276415E-08 4.2014946E-08 2.7854972E-08 3.3627998E-08 4.2894332E-08 4.3056428E-08 3.6649382E-08  298.0844 297.1827 296.0981 294.4995 295.7868 294.3591 293.5613 293.2237 292.8469 291.1920 290.5001 278.7886 289.6427 287.6812 286.9575 287.0743  40416.1
1990 3.6317914E-08 3.9056022E-08 4.5544489E-08 4.9744180E-08 3.8019060E-08 4.4465409E-08 4.5808743E-08 4.0502506E-08 4.1455046E-08 4.9893302E-08 4.3961254E-08 2.5807273E-08 4.0941259E-08 4.5889436E-08 4.2749686E-08 3.3784168E-08  295.2599 294.7788 294.2579 293.0966 294.0731 292.7954 292.3350 292.2534 291.8712 290.0512 289.7859 278.8669 289.4792 287.5116 286.8809 287.4298  67587.1
1991 4.0571855E-08 4.4021554E-08 4.7165898E-08 5.0444335E-08 4.4908628E-08 5.6140635E-08 5.4700333E-08 4.8714305E-08 4.9358146E-08 5.5851380E-08 5.1857072E-08 3.4616821E-08 4.3457579E-08 4.9312838E-08 4.7533494E-08 3.6748972E-08  295.0533 294.5991 294.1483 292.9410 293.5125 292.0909 291.7164 291.7621 290.8518 289.0518 288.6927 278.8302 288.5557 286.6885 286.0097 286.4309  50419.4
1992 4.1301423E-08 4.6389808E-08 4.8936325E-08 4.9138112E-08 3.8252260E-08 4.6451529E-08 4.9613394E-08 4.4608726E-08 3.9394099E-08 4.6876593E-08 4.6048200E-08 2.8124452E-08 3.4984264E-08 4.1323503E-08 3.9946404E-08 2.9825927E-08  294.4109 294.1213 293.9679 293.0001 293.8775 292.6198 292.3542 292.4314 291.8897 290.4008 290.1080 278.7735 290.0530 288.2487 287.6383 288.0831  99048.4
1993 3.6724984E-08 3.9638024E-08 4.1461782E-08 4.3774349E-08 3.9600952E-08 4.6633254E-08 4.7454002E-08 4.1895365E-08 4.2656669E-08 5.0981804E-08 4.8093515E-08 3.0723744E-08 4.2330193E-08 4.9559695E-08 4.9201567E-08 4.1175426E-08  295.0840 294.6140 294.2136 293.1458 293.7064 292.4887 292.3047 292.2858 291.3282 289.8621 289.6391 278.7495 289.1925 287.3552 286.7610 286.9488  53093.5
1994 3.9264265E-08 4.0451731E-08 4.2470386E-08 4.8091771E-08 4.0256062E-08 4.7277819E-08 4.8446761E-08 4.1977415E-08 4.1843368E-08 5.1127177E-08 4.6577682E-08 3.2601040E-08 4.3781057E-08 5.0312607E-08 4.8862255E-08 3.9405609E-08  294.8394 294.3420 293.9864 292.8359 293.6385 292.2003 291.6584 291.5120 291.3593 289.3692 288.8023 278.4171 288.7055 286.7497 285.8599 286.0143  74529
1995 4.0277310E-08 4.3229395E-08 4.7920974E-08 5.0115673E-08 4.1079907E-08 4.7954206E-08 5.0356860E-08 4.5188646E-08 4.1158884E-08 5.0562214E-08 4.6384621E-08 2.9217052E-08 4.2627150E-08 4.6509893E-08 4.3005041E-08 3.5050729E-08  294.7587 294.5322 294.2754 293.1688 293.7688 292.6412 292.4581 292.4904 291.6045 290.0257 289.8618 278.7449 289.3532 287.6478 287.1027 287.4497  61774.2
1996 3.8682575E-08 4.2497621E-08 4.3558149E-08 4.4886590E-08 4.4990855E-08 5.4627538E-08 5.7394896E-08 4.9389566E-08 4.1194625E-08 5.1698738E-08 4.9092737E-08 3.3454441E-08 3.5820563E-08 4.1029505E-08 4.1413760E-08 3.4241488E-08  295.3995 294.7163 293.9948 292.7879 293.4816 291.8967 291.3162 291.2060 291.0302 289.2014 288.7486 278.5810 288.7405 286.8159 286.1593 286.4666  61574.2
1997 3.6719626E-08 4.0944794E-08 4.2373884E-08 4.6372090E-08 3.8996649E-08 4.6366342E-08 4.5927024E-08 4.0696261E-08 3.8819994E-08 4.5972222E-08 4.3176144E-08 2.8345445E-08 3.8842536E-08 4.2260464E-08 3.8535084E-08 3.0073654E-08  295.1148 294.5334 294.0616 292.8909 293.8044 292.3551 291.9211 291.8485 291.5642 289.7864 289.3688 278.2795 289.2083 287.3768 286.7707 287.2063  65722.6
1998 4.2560849E-08 4.5468479E-08 5.1203415E-08 5.3087319E-08 3.7680920E-08 4.6496570E-08 5.0448410E-08 4.5028862E-08 3.5969897E-08 4.3069402E-08 4.2171308E-08 2.4161745E-08 3.3969098E-08 3.9929187E-08 3.8482714E-08 2.9711030E-08  294.3185 294.3035 294.1556 293.1342 293.3512 292.3829 292.2385 292.2912 291.5243 290.2955 290.0873 279.0273 289.4608 287.9530 287.5726 288.0422  74071
1999 2.6080224E-08 2.8053330E-08 3.1564404E-08 3.7102382E-08 3.0183507E-08 3.7911576E-08 4.2419636E-08 4.0313523E-08 3.3177759E-08 4.4926903E-08 4.6176869E-08 3.3966369E-08 3.2318830E-08 4.1115495E-08 4.4943349E-08 3.9991242E-08  296.6728 296.1424 295.2486 293.7560 294.3173 293.0210 292.4650 292.1457 291.4022 289.8103 289.1810 279.1294 288.4575 286.4530 285.5479 285.5825  46464.5
2000 2.5557187E-08 2.8985799E-08 3.3897901E-08 4.0449194E-08 2.8933394E-08 4.1270560E-08 4.4513946E-08 4.1654683E-08 3.0005751E-08 4.0686700E-08 4.3572161E-08 3.1948428E-08 2.6478178E-08 3.5722234E-08 3.8253237E-08 3.3407609E-08  298.4082 297.4236 296.2176 294.4250 295.9839 294.2420 293.2034 292.7061 292.9375 290.8614 289.7994 278.8575 289.9603 287.5973 286.4974 286.5573  58632.3
2001 3.4729787E-08 3.6771013E-08 3.9185181E-08 4.3847454E-08 3.3301319E-08 4.1199730E-08 4.1724700E-08 3.8647045E-08 3.3297415E-08 4.2373806E-08 4.2897096E-08 2.8091549E-08 3.1620736E-08 3.9363439E-08 4.0574207E-08 3.3570807E-08  296.2398 295.6441 295.0967 293.9053 295.2424 293.8359 293.2382 293.0120 293.1025 291.1411 290.5336 278.8226 290.4156 288.3308 287.4356 287.5583  41158.1
2002 3.2240738E-08 3.3506645E-08 3.7132551E-08 4.2626798E-08 3.4957250E-08 4.1719566E-08 4.4156419E-08 4.1789839E-08 3.6533088E-08 4.4250310E-08 4.5167383E-08 3.0912712E-08 3.4664041E-08 4.0812047E-08 3.8880458E-08 3.1613027E-08  296.4748 295.8274 295.0576 293.6487 294.9550 293.6943 292.8492 292.5456 292.4351 290.5376 289.8568 279.3425 289.8078 287.7544 286.9416 287.2580  44661.3
2003 3.9472585E-08 4.1225864E-08 4.1961986E-08 4.3503260E-08 3.7157655E-08 4.6174314E-08 4.6121897E-08 3.9040039E-08 3.8773258E-08 4.4800331E-08 4.3428596E-08 2.6787088E-08 3.9809702E-08 4.4178471E-08 4.2621895E-08 3.3004049E-08  295.2227 294.8394 294.3566 293.2198 294.2776 292.8961 292.5173 292.5448 292.0762 290.4452 289.9717 278.6279 289.6036 287.7203 287.2391 287.7869  40519.4
2004 3.1036620E-08 3.5100229E-08 4.0230457E-08 4.5352500E-08 3.8774225E-08 4.8319876E-08 4.8238032E-08 4.0401936E-08 4.0674742E-08 4.9537249E-08 4.6480835E-08 3.0525928E-08 3.6422591E-08 4.3402590E-08 4.2638305E-08 3.5781319E-08  296.1932 295.4734 294.7529 293.3785 294.5062 293.0023 292.3035 292.0344 291.7070 289.9304 289.2977 278.8076 289.1087 287.0770 286.3392 286.5399  55871
2005 4.1049773E-08 4.3321336E-08 4.8314444E-08 5.1433460E-08 3.9351647E-08 4.5847123E-08 4.5988674E-08 4.0448779E-08 4.3684178E-08 5.4068991E-08 4.9651682E-08 3.1260832E-08 4.0988443E-08 4.7977927E-08 4.9496300E-08 4.1642313E-08  295.4116 294.8127 294.3289 293.1978 294.2123 292.9540 292.5142 292.4767 291.9967 289.9992 289.5813 278.9333 289.5479 287.5091 286.6321 286.8333  40200
2006 3.7311622E-08 3.6773230E-08 3.9459330E-08 4.4769855E-08 3.4974839E-08 4.3026663E-08 4.4655589E-08 3.9736459E-08 3.7128814E-08 4.6081151E-08 4.4767763E-08 2.9614887E-08 3.9984570E-08 4.6355687E-08 4.5118057E-08 3.8333113E-08  295.5737 295.0791 294.5836 293.2916 294.1363 292.7522 292.3026 292.0718 291.5352 289.7348 289.3438 278.9155 288.5891 286.6014 286.0172 286.2973  46593.5
2007 3.6986915E-08 3.7219024E-08 3.9986084E-08 4.4497636E-08 3.8596507E-08 4.6161148E-08 4.9675979E-08 4.4487770E-08 4.1770072E-08 4.7801578E-08 4.6373426E-08 3.0317938E-08 4.3449237E-08 4.8021803E-08 4.4460659E-08 3.5718617E-08  295.5203 295.1303 294.6510 293.2921 294.2437 292.9760 292.4914 292.2932 291.7963 290.2195 289.7014 278.7268 289.2999 287.5100 286.8387 287.2733  68316.1
2008 3.4507153E-08 3.7139227E-08 3.9248363E-08 4.3584230E-08 3.8172050E-08 4.8651188E-08 5.2469964E-08 4.6017746E-08 3.7908240E-08 4.8433645E-08 5.2459061E-08 3.6757349E-08 3.4812960E-08 4.1027942E-08 4.2816936E-08 3.6562113E-08  297.2570 296.5500 295.7121 294.2395 294.8954 293.4781 292.7055 292.4488 291.6537 289.9486 289.1425 278.7114 288.7706 286.7962 285.9587 286.2284  45764.5
2009 3.1464261E-08 3.3485716E-08 3.5889869E-08 3.8211002E-08 3.6864034E-08 4.7598640E-08 4.9953634E-08 4.0727613E-08 3.7762813E-08 4.9322026E-08 4.8601933E-08 3.3785486E-08 4.0133365E-08 4.6933177E-08 4.7000686E-08 3.8187860E-08  296.5081 295.9389 295.2149 293.8543 294.6920 293.3058 292.6571 292.4259 292.0801 290.2006 289.5352 278.4995 289.0598 287.1830 286.4481 286.6797  56019.4
2010 3.5771432E-08 4.0000842E-08 4.4623519E-08 4.7688143E-08 4.0342677E-08 4.7980727E-08 4.8869694E-08 4.3682075E-08 3.6338879E-08 4.6909697E-08 4.3936879E-08 2.9188136E-08 3.8231317E-08 4.4749850E-08 4.3679702E-08 3.3733006E-08  0.0000000E+00 0.0000000E+00 0.0000000E+00 0.0000000E+00 0.0000000E+00 0.0000000E+00 0.0000000E+00 0.0000000E+00 0.0000000E+00 0.0000000E+00 0.0000000E+00 0.0000000E+00 0.0000000E+00 0.0000000E+00 0.0000000E+00 0.0000000E+00  79829
2011 3.2880934E-08 3.4836624E-08 3.7176822E-08 3.9789391E-08 3.4617887E-08 4.3595996E-08 4.6256840E-08 4.0806999E-08 3.4913878E-08 4.4586510E-08 4.3722206E-08 3.0634016E-08 3.3358386E-08 3.9572051E-08 3.8475545E-08 3.3009911E-08  295.7709 295.0719 294.4272 293.1453 293.8302 292.4041 291.7411 291.5546 291.2892 289.5895 288.9902 278.7708 288.5537 286.5543 285.7992 286.1190  86187.1
2012 3.0059656E-08 3.2713320E-08 3.5258775E-08 3.7877491E-08 3.1614228E-08 4.1280497E-08 4.2438192E-08 3.7330860E-08 3.0366920E-08 3.9668784E-08 4.0823778E-08 2.8013943E-08 3.0625522E-08 3.8321900E-08 3.9858975E-08 3.3910855E-08  295.8069 295.2140 294.7048 293.4169 294.2462 292.7769 292.2442 292.0780 292.0331 290.0479 289.3976 278.9721 289.1725 287.0300 286.2747 286.4671  56638.7
2013 3.3143817E-08 3.7002550E-08 4.1194372E-08 4.6099462E-08 3.6394876E-08 4.6999837E-08 5.0160757E-08 4.5933980E-08 3.7891802E-08 4.9096776E-08 4.8307779E-08 2.9667088E-08 3.5016235E-08 4.0306276E-08 4.1295667E-08 3.3492409E-08  295.6973 294.9805 294.4256 293.1418 294.1499 292.6763 292.0435 291.8354 291.5791 289.6693 289.1338 278.9179 289.2411 287.3107 286.5676 286.8273  39825.8
2014 3.2443232E-08 3.3608227E-08 3.5699191E-08 3.7365727E-08 3.4935297E-08 4.0982755E-08 4.2113282E-08 3.7514290E-08 3.7361087E-08 4.8474359E-08 4.6387978E-08 3.1781390E-08 3.4519051E-08 4.0895912E-08 4.1369141E-08 3.5206288E-08  295.3989 294.9460 294.4635 293.2711 294.2457 292.8505 292.3217 292.1425 291.9287 290.0987 289.5446 278.2951 289.4397 287.4338 286.6673 286.8229  45454.8
2015 3.6441342E-08 4.1960895E-08 4.4446725E-08 4.8250822E-08 3.7305107E-08 4.5079084E-08 4.6006871E-08 4.1741863E-08 4.0617731E-08 4.5942667E-08 4.2785423E-08 2.6480420E-08 3.9888075E-08 4.4182141E-08 4.2163855E-08 3.3914347E-08  294.9477 294.5612 294.1002 292.7256 293.6360 292.4321 291.9023 291.5991 291.5120 289.8880 289.4037 278.5564 289.2710 287.4670 286.8272 287.1571  44222.6
