STN,prec_1,prec_2,prec_3,prec_4,prec_5,prec_6,prec_7,prec_8,prec_9,prec_10,prec_11,prec_12,prec_13,prec_14,prec_15,prec_16,st_1,st_2,st_3,st_4,st_5,st_6,st_7,st_8,st_9,st_10,st_11,st_12,st_13,st_14,st_15,st_16,11.0
LAT,37.67308,37.67308,37.67308,37.67308,40.46365,40.46365,40.46365,40.46365,43.25420,43.25420,43.25420,43.25420,46.04472,46.04472,46.04472,46.04472,37.67308,37.67308,37.67308,37.67308,40.46365,40.46365,40.46365,40.46365,43.25420,43.25420,43.25420,43.25420,46.04472,46.04472,46.04472,46.04472,41.78058635
LON,-95.62500,-92.81250,-90.00000,-87.18750,-95.62500,-92.81250,-90.00000,-87.18750,-95.62500,-92.81250,-90.00000,-87.18750,-95.62500,-92.81250,-90.00000,-87.18750,-95.62500,-92.81250,-90.00000,-87.18750,-95.62500,-92.81250,-90.00000,-87.18750,-95.62500,-92.81250,-90.00000,-87.18750,-95.62500,-92.81250,-90.00000,-87.18750,-90.252073
1958 1.6883485E-08 2.2483201E-08 3.0125545E-08 3.7345984E-08 1.3089169E-08 1.8721337E-08 2.4952623E-08 2.7856355E-08 1.4861767E-08 1.9398890E-08 2.1098865E-08 2.8300150E-08 1.7296635E-08 1.9881288E-08 2.0518510E-08 2.2676614E-08  274.6401 274.8297 275.4389 274.9429 271.6601 270.9479 271.6826 272.7785 267.4657 266.8953 268.0972 278.3985 265.3782 264.9879 265.8253 267.6578  23300
1959 2.1089683E-08 2.6253650E-08 3.2605382E-08 3.9466535E-08 1.4870026E-08 2.2443222E-08 2.9650343E-08 3.0522664E-08 1.4983026E-08 2.1388548E-08 2.4491928E-08 2.9958933E-08 1.7751221E-08 2.1711319E-08 2.2920517E-08 2.5072705E-08  275.8015 275.9971 276.4663 275.9960 273.0007 272.1648 272.7913 273.8025 268.8699 268.0835 269.1261 278.3985 266.5743 266.1155 266.9573 268.6846  43413.3
1960 1.8255925E-08 2.3432200E-08 2.9713648E-08 3.5555324E-08 1.3818899E-08 2.1070269E-08 2.8325946E-08 3.0298239E-08 1.3958386E-08 2.0024590E-08 2.3024894E-08 2.9538899E-08 1.4629634E-08 1.9236552E-08 2.1103546E-08 2.4136387E-08  275.7238 276.0036 276.5934 276.0752 272.8203 272.2002 272.9173 273.9144 268.4460 267.8842 269.0831 278.3986 266.5247 266.1722 267.0647 268.7854  34706.7
1961 2.0581920E-08 2.8079983E-08 3.9693148E-08 4.9520544E-08 1.4752267E-08 2.2318620E-08 3.1665010E-08 3.5006181E-08 1.5056900E-08 2.1513687E-08 2.4116211E-08 2.9636954E-08 1.5976681E-08 2.0767747E-08 2.2807647E-08 2.5292737E-08  275.0617 275.4695 276.3909 276.2718 271.8739 271.2773 272.1376 273.6549 267.4066 266.9508 268.3226 278.3986 265.1922 264.9266 265.9301 268.1145  49610
1962 1.6324783E-08 2.0740716E-08 2.6205299E-08 2.9832929E-08 1.2104923E-08 1.8339419E-08 2.5164047E-08 2.6545965E-08 1.3771885E-08 2.0095008E-08 2.3107148E-08 2.9089529E-08 1.7847242E-08 2.2565443E-08 2.4652406E-08 2.7079560E-08  276.6889 276.7512 277.1076 276.3548 273.4426 272.5723 272.9737 273.9266 268.7006 267.9102 269.0074 278.3985 266.1238 265.6699 266.5555 268.3687  28643.3
1963 2.2509113E-08 2.8810941E-08 3.7910887E-08 4.3945843E-08 1.7603659E-08 2.5466186E-08 3.3314528E-08 3.4437701E-08 1.8722629E-08 2.5884040E-08 2.8264516E-08 3.3726380E-08 1.8991846E-08 2.3795225E-08 2.5316403E-08 2.8436192E-08  275.3466 275.6127 276.1817 275.7146 272.3874 271.6871 272.3603 273.5524 268.1028 267.3742 268.5902 278.3985 265.9662 265.4882 266.3575 268.2265  19933.3
1964 1.7588656E-08 2.1609841E-08 2.9043218E-08 3.8278500E-08 1.4459008E-08 2.1676822E-08 2.8529493E-08 3.0750531E-08 1.5036118E-08 2.1664192E-08 2.4981352E-08 3.3238376E-08 1.7505757E-08 2.1102599E-08 2.2554721E-08 2.6305022E-08  276.0616 276.0699 276.4198 275.7433 272.5268 271.4216 271.8900 272.9823 267.6224 266.6045 267.5823 278.3985 264.9034 264.3998 265.2564 267.1559  24880
1965 2.0205675E-08 2.6369392E-08 3.5014988E-08 4.0858282E-08 1.6200937E-08 2.3362560E-08 3.0238962E-08 3.2181347E-08 1.4853325E-08 2.0051841E-08 2.2658227E-08 2.9561157E-08 1.5130583E-08 1.7981728E-08 1.8941792E-08 2.1213086E-08  275.0802 275.1467 275.6904 275.2192 272.4553 271.7325 272.4041 273.5208 268.5443 267.9051 269.0557 278.3986 266.5354 266.1131 266.8536 268.5636  43893.3
1966 2.3192005E-08 2.9150170E-08 3.6979028E-08 4.4528750E-08 1.8262202E-08 2.5638252E-08 3.2275725E-08 3.4868968E-08 1.6228981E-08 2.1866763E-08 2.4341867E-08 3.2648174E-08 1.6124028E-08 2.0189001E-08 2.1979627E-08 2.5567035E-08  274.8448 274.9557 275.4387 274.9240 271.6946 270.6920 271.3420 272.6418 267.6429 266.7461 267.8911 278.3985 265.6820 265.0701 265.9013 267.8219  25060
1967 2.1299812E-08 2.7154428E-08 3.4998816E-08 4.1569212E-08 1.6781952E-08 2.6105530E-08 3.4340022E-08 3.5592340E-08 1.6514091E-08 2.3504787E-08 2.8252522E-08 3.4524270E-08 1.6804661E-08 2.1245794E-08 2.3493802E-08 2.7646236E-08  275.6908 276.0280 276.7885 276.4164 272.3333 271.7059 272.4642 273.7657 267.7082 267.0870 268.3751 278.3985 265.5245 265.1725 266.0577 267.9465  27280
1968 1.7760158E-08 2.3302887E-08 3.3095255E-08 4.2449276E-08 1.4993963E-08 2.1280673E-08 2.8461960E-08 3.1722102E-08 1.6270304E-08 2.1813655E-08 2.4565992E-08 3.1119200E-08 1.7483211E-08 2.1263640E-08 2.3323837E-08 2.6142830E-08  274.9168 275.1299 275.7975 275.5672 271.9633 271.2174 271.9231 273.2339 267.7617 267.0108 268.2698 278.3985 265.8017 265.3057 266.2767 268.2665  64180
1969 1.8717971E-08 2.3240466E-08 3.0792748E-08 3.9863142E-08 1.5794946E-08 2.1749955E-08 2.7660340E-08 2.9333597E-08 1.5931381E-08 2.1665093E-08 2.3814781E-08 3.0202848E-08 1.6571477E-08 2.0143526E-08 2.1282494E-08 2.4498554E-08  275.3538 275.4380 275.9600 275.5825 272.5280 271.5754 272.1233 273.2949 268.5857 267.6330 268.6639 278.3985 266.4623 265.8152 266.5526 268.3900  28460
1970 2.1947884E-08 2.7871764E-08 3.5135141E-08 4.2043244E-08 1.7680454E-08 2.6762667E-08 3.5144620E-08 3.7144897E-08 1.8497969E-08 2.7411115E-08 3.1836716E-08 3.7185526E-08 2.0177255E-08 2.5390035E-08 2.7436009E-08 2.9867682E-08  275.8789 276.1952 276.8463 276.4293 272.4103 271.5245 272.2083 273.4777 267.5487 266.6790 267.9696 278.3985 264.8868 264.5204 265.5120 267.5247  60056.7
1971 1.8484487E-08 2.5009895E-08 3.4321001E-08 4.2175753E-08 1.4926602E-08 2.2300878E-08 3.0375393E-08 3.4420726E-08 1.5003275E-08 2.0118684E-08 2.2842054E-08 3.1427351E-08 1.7607402E-08 2.0688599E-08 2.0995937E-08 2.2739501E-08  274.9944 275.3373 276.0044 275.6179 271.4586 270.7796 271.5560 272.8597 266.8514 266.2630 267.4782 278.3985 264.5140 264.1600 265.1631 267.2213  59676.7
1972 2.0927077E-08 2.5243866E-08 3.3234482E-08 4.0473871E-08 1.8122975E-08 2.3505732E-08 2.8129715E-08 2.9572707E-08 1.8362124E-08 2.3570983E-08 2.5313700E-08 3.2294029E-08 1.9782451E-08 2.3604034E-08 2.4890793E-08 2.7483525E-08  274.6865 274.8205 275.3401 274.8308 271.8826 271.2034 272.0293 273.2638 268.0278 267.4172 268.7184 278.3985 265.9650 265.6948 266.6736 268.5541  73153.3
1973 1.7115012E-08 2.5250324E-08 3.8871775E-08 5.1900024E-08 1.4962479E-08 2.3437556E-08 3.3329513E-08 3.7931958E-08 1.7334125E-08 2.4317965E-08 2.7908763E-08 3.3204429E-08 2.0243645E-08 2.5005921E-08 2.6839588E-08 3.0078731E-08  277.0144 277.4362 278.1554 277.7523 273.5893 272.9129 273.6330 274.9050 268.7387 268.0536 269.3002 278.3985 265.9606 265.5987 266.5955 268.5460  46436.7
1974 1.9089738E-08 2.3161896E-08 2.8395906E-08 3.4896729E-08 1.3963287E-08 2.0859707E-08 2.7494020E-08 2.9216105E-08 1.3730818E-08 2.0353164E-08 2.4452280E-08 3.1158475E-08 1.5530334E-08 2.0337042E-08 2.2682785E-08 2.5731673E-08  276.3787 276.5598 276.9625 276.2594 273.3138 272.5266 273.1044 274.1123 269.0465 268.2314 269.2900 278.3985 266.8296 266.0160 266.6437 268.3043  34136.7
1975 1.7501954E-08 2.3333740E-08 3.0667319E-08 3.7557459E-08 1.5098543E-08 2.4201704E-08 3.3353800E-08 3.4949679E-08 1.6544712E-08 2.3430735E-08 2.7104059E-08 3.2484436E-08 1.8640639E-08 2.2307271E-08 2.4135012E-08 2.6323292E-08  277.3856 277.5266 277.9147 277.0768 273.6068 272.7087 273.2811 274.3269 268.6709 267.8329 269.0384 278.3985 266.0800 265.6079 266.4867 268.3289  40633.3
1976 1.9997007E-08 2.7983347E-08 3.9968533E-08 4.9959773E-08 1.6339417E-08 2.5251792E-08 3.3688615E-08 3.7406430E-08 1.6907656E-08 2.3169374E-08 2.6255016E-08 3.3167805E-08 1.7722574E-08 2.0948370E-08 2.2520448E-08 2.5606598E-08  274.6068 275.0023 275.7878 275.5202 271.6815 271.1575 272.0220 273.3121 267.7183 267.1442 268.5011 278.3985 265.7446 265.5116 266.5568 268.5119  14740
1977 2.4245530E-08 3.0102296E-08 3.7397523E-08 4.3512582E-08 1.6647643E-08 2.5224029E-08 3.1703955E-08 3.2273011E-08 1.5295086E-08 2.2450344E-08 2.6379944E-08 3.0547071E-08 1.7157056E-08 2.1958821E-08 2.4583795E-08 2.7360299E-08  275.7437 276.0928 276.6334 276.1010 273.0765 272.3724 272.9353 274.0053 269.3631 268.4496 269.3588 278.3985 267.2947 266.6083 267.1938 268.8542  39210
1978 2.2952925E-08 2.8547630E-08 3.6491006E-08 4.4004430E-08 1.7821357E-08 2.5340920E-08 3.3616821E-08 3.6233960E-08 1.6495807E-08 2.3307454E-08 2.6338489E-08 3.3772352E-08 1.7073820E-08 2.0823874E-08 2.2331825E-08 2.5092692E-08  274.8687 275.2071 275.8410 275.3385 271.5707 270.8620 271.6042 272.8518 267.1437 266.4063 267.7073 278.3985 265.2946 264.8539 265.8326 267.7250  32146.7
1979 1.7928061E-08 2.4321320E-08 3.4874901E-08 4.5321134E-08 1.4983582E-08 2.3363574E-08 3.2028048E-08 3.4865945E-08 1.6264689E-08 2.2621025E-08 2.5578922E-08 3.3115811E-08 1.7989116E-08 2.2261620E-08 2.3261634E-08 2.5114259E-08  274.0968 274.3579 275.1222 274.9471 270.9849 270.1524 271.0434 272.4388 266.8690 266.2260 267.5389 278.3985 265.0599 264.6593 265.7025 267.7729  50406.7
1980 2.2978908E-08 2.9605147E-08 3.7768849E-08 4.5035456E-08 1.6725135E-08 2.7353648E-08 3.5964668E-08 3.6303700E-08 1.5229961E-08 2.2383796E-08 2.6392863E-08 3.3666396E-08 1.5812548E-08 1.9431045E-08 2.0738586E-08 2.3108525E-08  273.9023 274.3172 275.1346 274.9803 270.6618 269.9730 271.0056 272.5275 266.8350 266.0052 267.2355 278.3985 265.0336 264.4584 265.3184 267.2062  36266.7
1981 2.0755495E-08 2.4599768E-08 3.1656661E-08 3.8729169E-08 1.6823225E-08 2.4245843E-08 3.0385422E-08 3.1835917E-08 1.6635310E-08 2.3828470E-08 2.6839350E-08 3.2430059E-08 1.7588921E-08 2.3492936E-08 2.6643349E-08 2.8765790E-08  276.1891 276.4347 276.9139 276.3789 273.0404 272.2894 272.9913 274.1093 268.7022 267.8687 269.0677 278.3985 266.3064 265.8489 266.6378 268.4556  41820
1982 2.1380492E-08 2.6349840E-08 3.2782932E-08 3.9915623E-08 1.4750623E-08 2.0523576E-08 2.6636865E-08 3.0305650E-08 1.3766746E-08 1.7989551E-08 2.0835708E-08 2.7704637E-08 1.6188274E-08 1.8408608E-08 1.9327819E-08 2.1799535E-08  275.2625 275.4034 276.0652 275.7111 272.6618 271.8693 272.4986 273.6266 269.0221 268.2300 269.2405 278.6637 266.9022 266.5378 267.3088 268.9212  77876.7
1983 2.1524823E-08 3.0704388E-08 4.2662204E-08 4.9726140E-08 1.5383005E-08 2.4833673E-08 3.5576431E-08 3.7956205E-08 1.6316680E-08 2.3874941E-08 2.8494595E-08 3.4631654E-08 1.7377916E-08 2.2492005E-08 2.5082933E-08 2.7754700E-08  275.7435 276.1358 276.7747 276.4685 272.2274 271.5688 272.4441 273.8816 268.0144 267.3092 268.6440 278.8074 265.8055 265.4217 266.3790 268.2671  53110
1984 1.7826197E-08 2.0180355E-08 2.6461349E-08 3.7068595E-08 1.4419268E-08 2.0589747E-08 2.7116627E-08 2.9179596E-08 1.5496381E-08 2.1940592E-08 2.4745550E-08 3.1694530E-08 1.7894815E-08 2.2005089E-08 2.3512785E-08 2.6693527E-08  275.6614 276.0825 276.7318 276.2129 272.3866 271.7557 272.3605 273.4941 267.9779 267.1785 268.2555 278.8496 265.4036 264.8392 265.5425 267.3169  68623.3
1985 1.7261030E-08 2.1577899E-08 2.8097052E-08 3.6036212E-08 1.4858997E-08 2.1952276E-08 2.9114869E-08 3.1662779E-08 1.7625961E-08 2.3374181E-08 2.5495888E-08 3.2934913E-08 1.8153449E-08 2.2141586E-08 2.2816685E-08 2.5458508E-08  274.9893 275.1559 275.7144 275.2969 271.7956 270.9079 271.6154 272.9113 267.3963 266.5684 267.6570 278.0848 265.2277 264.6504 265.3952 267.2435  64416.7
1986 1.6820085E-08 2.0778874E-08 2.7962852E-08 3.7859337E-08 1.3508393E-08 1.9901615E-08 2.6489149E-08 2.9907213E-08 1.4344534E-08 1.9636078E-08 2.3216490E-08 3.0249055E-08 1.5799234E-08 1.9049756E-08 2.1360645E-08 2.5408102E-08  274.7438 274.8849 275.4578 275.1714 272.1898 271.2999 271.9649 273.1687 268.4384 267.5098 268.4615 278.5599 266.4666 265.8123 266.3790 268.0852  65533.3
1987 1.9460565E-08 2.6314041E-08 3.4434557E-08 3.9929343E-08 1.6262891E-08 2.3057899E-08 2.9802026E-08 3.1704857E-08 1.4887932E-08 2.0833919E-08 2.3827706E-08 2.9852938E-08 1.5955919E-08 1.9387350E-08 2.1095016E-08 2.4407559E-08  275.4428 275.4615 275.7967 275.2673 272.9057 272.1184 272.6028 273.5809 269.0714 268.1941 269.0910 278.1204 266.9296 266.2455 266.8641 268.5060  28780
1988 1.5097788E-08 1.9484919E-08 2.7280276E-08 3.5876472E-08 1.3132821E-08 1.9358524E-08 2.6752279E-08 3.0847371E-08 1.5400630E-08 2.1249647E-08 2.4173675E-08 3.0771165E-08 1.7118392E-08 2.1380437E-08 2.2209576E-08 2.4311754E-08  277.4790 277.5969 278.0179 277.2367 273.7848 272.8101 273.2975 274.2675 268.9856 267.9630 268.8812 278.2287 266.3008 265.5409 266.2901 268.1172  26540
1989 2.0676383E-08 2.8170600E-08 3.8604391E-08 4.7332907E-08 1.5313612E-08 2.3501730E-08 3.2369574E-08 3.5708464E-08 1.5133182E-08 2.1061336E-08 2.4172270E-08 3.2997377E-08 1.6914512E-08 2.0892950E-08 2.2470457E-08 2.5361958E-08  274.9097 275.2216 275.8728 275.5904 271.6111 270.6794 271.4096 272.7951 267.2051 266.4163 267.5749 278.0127 265.0860 264.5385 265.3192 267.2240  24203.3
1990 1.6144018E-08 1.9061655E-08 2.5295332E-08 3.2721427E-08 1.2655153E-08 1.7110011E-08 2.1630148E-08 2.4134902E-08 1.3407126E-08 1.7390073E-08 1.9140083E-08 2.6062143E-08 1.4780372E-08 1.7543124E-08 1.8780415E-08 2.1391886E-08  275.6953 275.5343 275.8382 275.3034 273.0018 271.9031 272.3931 273.3741 269.1129 268.1220 269.0035 278.2249 267.0642 266.3296 266.8848 268.5363  31473.3
1991 1.9089779E-08 2.5535217E-08 3.3559321E-08 4.0125499E-08 1.3538994E-08 1.9934085E-08 2.7653842E-08 3.0648248E-08 1.4820583E-08 1.9060531E-08 2.0780806E-08 2.6594471E-08 1.7441533E-08 2.0447819E-08 2.1124844E-08 2.2964198E-08  275.1545 275.4493 275.9275 275.5577 272.4781 271.6998 272.2749 273.4907 268.7968 268.0414 269.0051 277.8856 266.8807 266.2790 266.8912 268.3800  72996.7
1992 1.6296964E-08 1.9942847E-08 2.7471637E-08 3.5851517E-08 1.4621161E-08 1.9912010E-08 2.6255837E-08 2.9255178E-08 1.4744243E-08 1.9662163E-08 2.1583416E-08 3.1098775E-08 1.5668263E-08 1.8836078E-08 2.0061766E-08 2.2972454E-08  274.2623 274.2386 274.5644 274.0574 271.0830 270.0898 270.5919 271.7545 266.9528 265.8130 266.8603 278.2568 265.0095 264.1277 264.6912 266.4644  59073.3
1993 1.7072184E-08 2.3764686E-08 3.3484927E-08 4.0351882E-08 1.2669121E-08 1.9322567E-08 2.6453231E-08 3.0511792E-08 1.3248975E-08 1.7985384E-08 1.9678899E-08 2.6595711E-08 1.6220589E-08 1.9305450E-08 1.9462568E-08 2.0879051E-08  275.0942 275.0970 275.4245 274.7558 272.6187 271.4960 271.9299 272.9095 268.8869 267.7405 268.5351 277.4084 266.8829 266.0930 266.6691 268.3223  50410
1994 1.9299335E-08 2.5151017E-08 3.1781870E-08 3.8551992E-08 1.2381062E-08 1.8830169E-08 2.5488548E-08 2.7423152E-08 1.2995866E-08 1.7352953E-08 1.9959561E-08 2.6929502E-08 1.4753340E-08 1.7884744E-08 1.9039650E-08 2.1606901E-08  275.6840 275.8053 276.3216 275.8054 273.0623 272.2454 272.7706 273.8768 269.0434 268.3049 269.3033 279.1338 267.0851 266.5357 267.3200 269.0076  52313.3
1995 1.9126128E-08 2.5165310E-08 3.4105096E-08 4.1848118E-08 1.4692913E-08 2.2262917E-08 3.0709089E-08 3.3999527E-08 1.3754477E-08 2.0131129E-08 2.3870449E-08 3.1235672E-08 1.5937230E-08 2.0841608E-08 2.2739966E-08 2.5812316E-08  275.5624 275.7902 276.4502 276.0572 272.3973 271.4721 272.1049 273.3109 268.0234 267.0398 268.1121 278.3986 265.6198 265.0085 265.8213 267.7593  73333.3
1996 1.8876687E-08 2.5000492E-08 3.2030716E-08 3.8679108E-08 1.2695653E-08 2.0476500E-08 2.9882226E-08 3.3402905E-08 1.3920504E-08 1.8904238E-08 2.1651747E-08 3.0768025E-08 1.7477989E-08 2.0562256E-08 2.1735541E-08 2.4802580E-08  275.6921 275.7146 276.0648 275.5354 272.2838 271.3037 271.7540 272.8145 267.5149 266.6095 267.6725 278.1748 264.8904 264.2805 265.0219 266.8383  57226.7
1997 2.9217004E-08 3.4995285E-08 4.2626795E-08 4.7695512E-08 2.2402592E-08 3.2062747E-08 3.7727816E-08 3.5846327E-08 2.0778783E-08 2.7862635E-08 3.0350996E-08 3.3713359E-08 1.9156236E-08 2.2483004E-08 2.4001807E-08 2.5592145E-08  274.7471 275.1313 275.7839 275.3488 271.9490 271.5096 272.4302 273.7605 268.2688 267.8197 269.3361 279.1135 266.1826 266.0256 267.1006 268.9284  38183.3
1998 1.5379678E-08 2.0199588E-08 2.7935034E-08 3.5524291E-08 1.2950864E-08 2.0340334E-08 2.8770158E-08 3.1500441E-08 1.3373050E-08 1.9489985E-08 2.3319291E-08 3.1590094E-08 1.6511203E-08 2.0247915E-08 2.2212093E-08 2.6154805E-08  277.5279 277.8274 278.3376 277.6357 273.8497 273.1686 273.9038 275.0276 269.3022 268.6121 269.7234 279.6412 266.8960 266.3766 267.0716 268.7370  47700
1999 1.2538632E-08 1.6208242E-08 2.4943734E-08 3.4488469E-08 1.1129856E-08 1.6875857E-08 2.4551102E-08 2.8285614E-08 1.2717432E-08 1.8564894E-08 2.1573880E-08 2.9246442E-08 1.5171640E-08 1.8871058E-08 1.9976428E-08 2.2285718E-08  276.7411 276.9148 277.3978 276.8037 273.4352 272.4131 272.8026 273.8937 268.9637 268.0208 268.9312 278.5720 266.6334 266.0195 266.5729 268.1646  34126.7
2000 1.6250487E-08 2.0767288E-08 2.7924237E-08 3.6540204E-08 1.3975856E-08 2.0006951E-08 2.5927013E-08 2.8508218E-08 1.5545808E-08 2.0584926E-08 2.1971895E-08 2.8525411E-08 1.7283208E-08 2.1911598E-08 2.3156822E-08 2.4870479E-08  276.4652 276.5156 276.9314 276.4105 273.4374 272.3969 272.7383 273.7888 269.1813 268.1928 269.0874 278.9441 266.9787 266.2158 266.8923 268.5554  40946.7
2001 1.3220453E-08 1.5210063E-08 1.9540177E-08 2.6443507E-08 1.1142623E-08 1.6576763E-08 2.1491340E-08 2.3621135E-08 1.2406374E-08 1.8433203E-08 2.0755282E-08 2.8720969E-08 1.6134857E-08 2.0100886E-08 2.1137740E-08 2.3928466E-08  276.1555 276.0174 276.2479 275.5388 272.9669 271.8946 272.2326 273.2455 268.4391 267.4015 268.3896 278.5859 265.8621 265.1851 265.8900 267.7698  33083.3
2002 1.5588675E-08 1.9206038E-08 2.5107679E-08 3.2084337E-08 1.3270586E-08 1.8791171E-08 2.3659814E-08 2.5679478E-08 1.5033551E-08 1.9447462E-08 2.0749320E-08 2.8136109E-08 1.5725734E-08 1.8814999E-08 1.9809685E-08 2.1277518E-08  274.8998 274.7536 275.0591 274.4481 271.8331 270.9199 271.5418 272.6942 267.6250 266.8405 268.0092 278.9602 265.8029 265.2909 266.0601 267.8822  47660
2003 1.8533722E-08 2.5845365E-08 3.4378328E-08 3.9261000E-08 1.4560292E-08 2.2583656E-08 3.1141482E-08 3.2954926E-08 1.5174939E-08 2.1420592E-08 2.4955822E-08 3.2395512E-08 1.8105446E-08 2.2085986E-08 2.3280617E-08 2.5930374E-08  275.7739 276.0694 276.5980 276.0793 272.7827 271.9936 272.6635 273.8407 268.5282 267.8659 268.9740 278.8188 266.4677 265.9211 266.6138 268.3120  26700
2004 1.7626549E-08 2.1819679E-08 2.9177277E-08 3.8374449E-08 1.5244845E-08 2.1311715E-08 2.7918935E-08 3.0947877E-08 1.5114088E-08 2.1141757E-08 2.3757742E-08 3.4408497E-08 1.5823264E-08 1.8917548E-08 2.0347006E-08 2.3351124E-08  273.8718 274.1407 274.7567 274.3364 270.4431 269.7365 270.4480 271.7332 265.7186 265.0673 266.5135 279.0524 263.6693 263.3149 264.1993 266.1777  48453.3
2005 1.5260120E-08 1.9292253E-08 2.6233538E-08 3.0889648E-08 1.3439045E-08 1.9222645E-08 2.5365972E-08 2.7092957E-08 1.5214782E-08 2.1447846E-08 2.4306217E-08 3.3157068E-08 1.6387075E-08 2.1386619E-08 2.3823578E-08 2.6846180E-08  276.3521 276.4008 276.8027 276.1779 273.0362 272.2251 272.7704 273.9493 268.6727 267.6153 268.7307 279.6617 266.2953 265.6017 266.4397 268.2825  38756.7
2006 2.0803428E-08 2.7555435E-08 3.5772342E-08 4.2192404E-08 1.5386133E-08 2.2999357E-08 3.0689666E-08 3.2274563E-08 1.6127620E-08 2.2667436E-08 2.6225452E-08 3.1886703E-08 1.7170674E-08 2.0876326E-08 2.2818519E-08 2.6270817E-08  275.1412 275.3308 276.0210 275.6332 272.4137 271.5478 272.2395 273.4723 268.3469 267.6246 268.6684 278.2593 266.3005 265.9214 266.6807 268.3839  23493.3
2007 2.2612655E-08 2.5346335E-08 3.1862797E-08 4.1985512E-08 1.8192120E-08 2.3652508E-08 2.9546385E-08 3.1778846E-08 1.7943359E-08 2.3553042E-08 2.4728870E-08 3.1617880E-08 1.8676991E-08 2.3378314E-08 2.4512159E-08 2.6195243E-08  275.8983 276.3197 277.1802 276.8606 272.5851 271.9255 272.7452 274.0637 267.8951 267.4386 268.7788 279.8748 265.5010 265.1887 266.1577 267.9338  47743.3
2008 2.1396175E-08 2.5599395E-08 3.2684021E-08 4.0974452E-08 1.5987764E-08 2.3283940E-08 3.0964806E-08 3.3319115E-08 1.4723160E-08 2.2105212E-08 2.5412794E-08 3.2534572E-08 1.7113988E-08 2.2266935E-08 2.4332584E-08 2.7123990E-08  276.0520 276.3059 276.8839 276.4744 272.8463 271.9540 272.5240 273.7499 268.2770 267.4602 268.5569 279.1338 265.7815 265.3347 266.2027 268.1032  33450
2009 2.2160487E-08 2.5732797E-08 3.0009751E-08 3.4909199E-08 1.6050411E-08 2.2657780E-08 2.8067168E-08 2.8268566E-08 1.5625130E-08 2.1735977E-08 2.4517439E-08 3.0290888E-08 1.6266126E-08 1.9921142E-08 2.2031914E-08 2.5627868E-08  275.0023 275.0557 275.5688 275.0809 272.3322 271.5026 272.0783 273.0988 268.3773 267.5270 268.5833 277.6228 266.3292 265.8289 266.5375 268.1675  52086.7
2010 1.2021796E-08 1.5306913E-08 2.1036948E-08 2.7835673E-08 9.9325002E-09 1.6028427E-08 2.1610536E-08 2.3927411E-08 1.1614608E-08 1.7819465E-08 2.0467221E-08 3.0974707E-08 1.5426483E-08 1.9913060E-08 2.1709774E-08 2.4748992E-08  275.9436 275.8559 276.1685 275.2624 272.2004 271.0762 271.5042 272.5511 267.5745 266.4147 267.5086 279.2562 265.1417 264.3685 265.1194 267.0240  86040
2011 1.5273013E-08 2.0737611E-08 2.8159130E-08 3.7565854E-08 1.1801758E-08 1.9033866E-08 2.7221301E-08 3.0551462E-08 1.4179578E-08 1.9816218E-08 2.3117007E-08 3.0070641E-08 1.7825538E-08 2.1497884E-08 2.2799393E-08 2.5381897E-08  275.9984 276.2398 276.8853 276.4390 272.8746 272.0083 272.5859 273.7011 268.3993 267.6359 268.5706 278.3555 266.0623 265.6023 266.3142 268.0378  32630
2012 1.9359492E-08 2.5394703E-08 3.3743266E-08 4.0916198E-08 1.5121465E-08 2.1866931E-08 2.9396118E-08 3.1336182E-08 1.5643669E-08 2.2117595E-08 2.4752236E-08 3.3774949E-08 1.7682277E-08 2.2334538E-08 2.4505471E-08 2.8111716E-08  274.6217 274.8826 275.5905 275.2448 271.3802 270.6620 271.5547 272.9632 266.8853 266.3030 267.6666 279.0752 264.7748 264.5444 265.6762 267.7310  21200
2013 1.6054390E-08 1.8987217E-08 2.3528084E-08 2.8615377E-08 1.2762848E-08 1.8997170E-08 2.3548647E-08 2.3107344E-08 1.2647876E-08 1.8144156E-08 1.9786894E-08 2.7427269E-08 1.5529052E-08 1.9274296E-08 2.0326809E-08 2.3037588E-08  275.8134 275.8179 276.2626 275.6956 272.7092 271.9182 272.4995 273.5912 268.4854 267.7631 268.9019 279.6007 266.3386 265.7676 266.4859 268.2255  37756.7
2014 1.5351421E-08 2.0490560E-08 2.6968937E-08 3.4090696E-08 1.1756859E-08 1.7120410E-08 2.3108962E-08 2.6961510E-08 1.3740779E-08 1.8796067E-08 2.0161167E-08 2.7299304E-08 1.6172947E-08 1.9737969E-08 2.0616467E-08 2.2046875E-08  276.2415 275.9076 276.1172 275.4289 273.5967 272.3398 272.5736 273.4962 269.6552 268.5713 269.3372 278.6525 267.3810 266.6215 267.0987 268.4298  38230
2015 2.1981613E-08 2.7479500E-08 3.7475118E-08 4.8710341E-08 1.9763499E-08 2.6641780E-08 3.3771975E-08 3.7258765E-08 1.9169132E-08 2.4690912E-08 2.7114359E-08 3.2974071E-08 1.9627265E-08 2.2775531E-08 2.3743075E-08 2.6726457E-08  276.2431 276.2611 276.5822 276.0421 273.5078 272.7687 273.2820 274.2692 269.7398 268.8989 269.8805 278.7307 267.6457 267.0829 267.7401 269.4210  60953.3
