STN,prec_1,prec_2,prec_3,prec_4,prec_5,prec_6,prec_7,prec_8,prec_9,prec_10,prec_11,prec_12,prec_13,prec_14,prec_15,prec_16,st_1,st_2,st_3,st_4,st_5,st_6,st_7,st_8,st_9,st_10,st_11,st_12,st_13,st_14,st_15,st_16,02.0
LAT,37.67308,37.67308,37.67308,37.67308,40.46365,40.46365,40.46365,40.46365,43.25420,43.25420,43.25420,43.25420,46.04472,46.04472,46.04472,46.04472,37.67308,37.67308,37.67308,37.67308,40.46365,40.46365,40.46365,40.46365,43.25420,43.25420,43.25420,43.25420,46.04472,46.04472,46.04472,46.04472,41.78058635
LON,-95.62500,-92.81250,-90.00000,-87.18750,-95.62500,-92.81250,-90.00000,-87.18750,-95.62500,-92.81250,-90.00000,-87.18750,-95.62500,-92.81250,-90.00000,-87.18750,-95.62500,-92.81250,-90.00000,-87.18750,-95.62500,-92.81250,-90.00000,-87.18750,-95.62500,-92.81250,-90.00000,-87.18750,-95.62500,-92.81250,-90.00000,-87.18750,-90.252073
1958 2.7133467E-08 3.3748215E-08 4.2024034E-08 4.7627871E-08 2.3005018E-08 3.0770892E-08 3.6675562E-08 3.6540037E-08 1.9140211E-08 2.4826907E-08 2.8298624E-08 3.0039402E-08 1.5809112E-08 1.8943910E-08 2.1815719E-08 2.4833762E-08  275.2725 275.1888 275.5254 274.9474 272.0668 270.9729 271.4127 272.5214 267.5905 266.6140 268.0591 275.5639 265.8724 265.3388 265.9319 267.3369  20875
1959 2.5553243E-08 3.1408746E-08 4.0770821E-08 5.0738187E-08 1.8213500E-08 2.5386596E-08 3.3793004E-08 3.5756329E-08 1.7518630E-08 2.3250671E-08 2.6145972E-08 2.9215233E-08 1.6213590E-08 2.0066702E-08 2.1711326E-08 2.4400510E-08  275.5961 275.2542 275.5060 274.9370 271.9852 270.4095 270.6751 271.8158 267.0826 265.9224 267.1113 275.5639 265.1553 264.7157 265.3072 266.8248  15582.1
1960 2.1273317E-08 2.8049113E-08 3.6058491E-08 4.2471498E-08 1.6727586E-08 2.4100382E-08 3.3393729E-08 3.6066332E-08 1.5598829E-08 2.1761739E-08 2.5714412E-08 2.9408085E-08 1.5561042E-08 1.9975538E-08 2.1914463E-08 2.4351788E-08  277.2190 276.8448 276.8667 275.9886 273.5373 272.0515 272.3086 273.1457 268.5092 267.3950 268.4295 275.5654 266.3760 265.8233 266.2359 267.3987  25706.9
1961 2.0612243E-08 2.6870584E-08 3.5261284E-08 4.3773980E-08 1.7696525E-08 2.4369756E-08 3.2211283E-08 3.4173674E-08 1.7529088E-08 2.2188337E-08 2.4283500E-08 2.9201329E-08 1.7929288E-08 2.0576509E-08 2.1242849E-08 2.3068283E-08  275.6010 275.1971 275.1520 274.2663 271.7626 270.1415 270.2871 271.1884 266.7878 265.4788 266.4667 275.5639 264.6292 264.0840 264.6353 266.0171  22003.6
1962 2.3009408E-08 2.7072039E-08 3.4084902E-08 4.3450886E-08 1.8275442E-08 2.4234648E-08 3.0619780E-08 3.3721811E-08 1.7260476E-08 2.3484651E-08 2.5834808E-08 2.8857938E-08 1.7225187E-08 2.2331990E-08 2.4815190E-08 2.6721718E-08  277.0615 277.0004 277.1177 276.3990 273.5891 272.3601 272.4209 273.1426 268.5290 267.1716 268.2082 275.5639 265.9294 265.1809 265.6774 267.0938  21142.9
1963 1.8790679E-08 2.4820064E-08 3.3507217E-08 4.2609319E-08 1.5283314E-08 2.2953763E-08 3.2349281E-08 3.5634855E-08 1.4920468E-08 2.1229511E-08 2.5450015E-08 3.0995700E-08 1.6109569E-08 2.0279316E-08 2.2302471E-08 2.5197917E-08  276.1213 276.1260 276.4709 275.8652 272.0234 270.8180 271.1046 272.2609 266.4589 265.6168 266.7943 275.5639 264.1498 263.7393 264.3630 265.7058  19617.9
1964 2.7124441E-08 3.2559427E-08 4.1165702E-08 4.7688914E-08 2.0230447E-08 2.6754288E-08 3.2454501E-08 3.3862491E-08 1.6668496E-08 2.3090367E-08 2.6954394E-08 2.8296785E-08 1.6165155E-08 2.0667137E-08 2.3376309E-08 2.5609731E-08  276.3816 276.5614 276.8106 276.2086 273.2732 272.2473 272.6579 273.5411 268.5965 267.4835 268.5909 275.5654 266.6658 266.1180 266.5649 267.7081  17724.1
1965 2.3017224E-08 3.0052590E-08 3.9866645E-08 4.6879673E-08 1.6813557E-08 2.4611348E-08 3.2642909E-08 3.4930093E-08 1.6625936E-08 2.2051740E-08 2.4717989E-08 2.6993504E-08 1.6717317E-08 2.0816266E-08 2.2527660E-08 2.4748266E-08  277.0042 276.7805 276.9336 276.2065 273.1784 271.8422 272.0030 272.9382 267.9206 266.9180 267.9866 275.5639 265.7511 265.2789 265.8372 267.1263  23264.3
1966 2.4716284E-08 3.0253329E-08 3.8034120E-08 4.2003556E-08 1.9535872E-08 2.4692641E-08 2.9437103E-08 2.9151520E-08 1.7116541E-08 2.1366379E-08 2.2601737E-08 2.4807401E-08 1.6016907E-08 1.8714044E-08 2.0796563E-08 2.3117281E-08  274.5447 274.3571 274.6152 273.9872 271.1623 269.9955 270.6004 271.7594 266.7469 265.9777 267.4826 275.5639 264.9350 264.7827 265.6893 267.1982  65682.1
1967 2.2383729E-08 2.9101367E-08 3.9191235E-08 4.9285561E-08 1.8777170E-08 2.7252471E-08 3.6022396E-08 3.8842220E-08 1.6692177E-08 2.2641256E-08 2.6349616E-08 3.0147621E-08 1.5645220E-08 1.9048692E-08 2.0962704E-08 2.3796654E-08  275.6441 275.4435 275.4345 274.6434 271.8654 270.5758 270.7423 271.6661 267.1293 266.0764 267.1464 275.5639 265.1132 264.5820 265.1636 266.5991  29046.4
1968 2.0345032E-08 2.4616977E-08 3.1803545E-08 4.0580062E-08 1.5783403E-08 2.2589083E-08 2.9981546E-08 3.2647268E-08 1.4703983E-08 2.0463879E-08 2.3634424E-08 2.6342045E-08 1.5597456E-08 1.9393465E-08 2.1370480E-08 2.4036533E-08  276.8497 276.7251 276.9098 276.1413 273.6987 272.3541 272.4073 273.1100 269.1205 267.9048 268.5504 275.5654 266.8163 266.0318 266.3361 267.3929  21737.9
1969 2.1622014E-08 2.5199567E-08 3.1778484E-08 3.7301440E-08 1.7730750E-08 2.1444702E-08 2.5532026E-08 2.7828092E-08 1.6417111E-08 1.9217991E-08 2.0717087E-08 2.3300402E-08 1.5097859E-08 1.7794424E-08 1.9648853E-08 2.1904738E-08  277.1359 276.8230 276.6582 275.5660 273.8563 272.4046 272.4103 273.0807 269.2560 268.0212 268.8998 275.5639 267.3277 266.5765 266.9005 267.8326  38000
1970 2.9296498E-08 3.5584787E-08 4.1716643E-08 4.4683667E-08 2.2177021E-08 3.0182235E-08 3.4451585E-08 3.1475167E-08 1.7826453E-08 2.3630491E-08 2.5884074E-08 2.7075444E-08 1.7508839E-08 2.1297078E-08 2.3349882E-08 2.5282027E-08  275.9074 276.0594 276.3763 275.6239 272.5996 271.5654 272.0746 273.0108 268.0725 267.0692 268.4156 275.5639 265.8909 265.5615 266.1979 267.5545  26628.6
1971 1.9750178E-08 2.6963031E-08 3.7524075E-08 4.8030206E-08 1.6281513E-08 2.3181983E-08 3.1004660E-08 3.4328107E-08 1.6739552E-08 2.3396847E-08 2.6413735E-08 2.9705618E-08 1.8009795E-08 2.3835861E-08 2.6934664E-08 2.8319487E-08  277.2211 277.1449 277.3368 276.5087 273.1955 271.7162 271.8791 272.7823 267.4852 266.3337 267.5847 275.5639 264.8642 264.4753 265.1027 266.5374  39571.4
1972 2.2013223E-08 2.9994666E-08 4.1360934E-08 4.8590366E-08 1.7457374E-08 2.5393783E-08 3.4715285E-08 3.8306446E-08 1.7131534E-08 2.4025017E-08 2.7271328E-08 3.1720418E-08 1.6391185E-08 2.0987805E-08 2.3187079E-08 2.6371469E-08  276.8674 276.8962 277.2385 276.4767 272.5901 271.3625 271.8132 272.8103 266.7366 265.7114 267.0391 275.5654 264.4143 264.0397 264.6319 266.1516  24069
1973 2.1979751E-08 2.8014972E-08 3.6467732E-08 4.0557740E-08 1.6833447E-08 2.2630021E-08 2.8034092E-08 2.9308826E-08 1.6450640E-08 1.9972443E-08 2.0892351E-08 2.4847871E-08 1.5014940E-08 1.6915378E-08 1.8282556E-08 2.0951848E-08  274.3117 274.0989 274.2412 273.6037 271.0649 269.7276 270.1165 271.2045 266.6937 265.8889 267.0776 275.5639 265.1330 264.7514 265.4424 266.8294  44489.3
1974 2.0193456E-08 2.8001201E-08 3.9398330E-08 5.0733323E-08 1.6450270E-08 2.5026342E-08 3.5163907E-08 3.8989455E-08 1.6167675E-08 2.2896893E-08 2.7099183E-08 3.0839644E-08 1.6110208E-08 1.9797023E-08 2.2402658E-08 2.5751662E-08  276.6385 276.7722 277.2332 276.7498 272.5431 271.3123 271.6992 272.7047 267.1784 266.1671 267.3568 275.5639 264.7389 264.3660 264.8880 266.2386  29867.9
1975 2.4160611E-08 2.7853412E-08 3.5640756E-08 4.4522839E-08 2.1036486E-08 2.6215252E-08 3.2159328E-08 3.4431668E-08 1.8606302E-08 2.3610601E-08 2.5689662E-08 2.9614846E-08 1.8530521E-08 2.1768734E-08 2.2573985E-08 2.4061531E-08  276.6856 276.3481 276.3543 275.5834 272.7369 271.1141 271.2087 272.2528 267.4854 266.1352 267.1993 275.5639 265.0984 264.6470 265.0988 266.4200  22989.3
1976 2.1941720E-08 2.7894551E-08 3.7421017E-08 4.6632152E-08 1.8908244E-08 2.8233961E-08 3.6772125E-08 3.8616026E-08 1.8886979E-08 2.6388664E-08 2.9544884E-08 3.3378065E-08 1.7851040E-08 2.2488782E-08 2.5161508E-08 2.8233853E-08  275.3330 275.4320 275.9189 275.3584 270.7384 269.4539 269.9738 271.2411 265.1109 264.4245 265.9191 275.5654 262.9892 262.9307 263.7963 265.3379  36679.3
1977 2.2395906E-08 2.5599023E-08 3.1065543E-08 3.6218914E-08 1.5657303E-08 1.9191445E-08 2.2927667E-08 2.4975844E-08 1.2956821E-08 1.5392807E-08 1.6940225E-08 2.2092280E-08 1.3036443E-08 1.5181316E-08 1.6414871E-08 1.9470841E-08  275.3203 274.9488 274.8847 274.0176 272.0392 270.6413 270.7704 271.4898 267.1794 266.1284 267.2896 275.5639 265.5092 265.0899 265.5300 266.6706  19182.1
1978 2.6486660E-08 3.2955239E-08 4.0372175E-08 4.7210115E-08 1.6337506E-08 2.3269976E-08 2.9893403E-08 3.2442429E-08 1.3650161E-08 1.7851049E-08 2.0851807E-08 2.6606720E-08 1.3737734E-08 1.6486347E-08 1.8194623E-08 2.1904615E-08  274.1863 273.9845 274.1301 273.3774 270.4636 269.1439 269.6230 270.7726 266.1185 264.9339 266.3122 275.5639 264.3364 263.8537 264.5769 266.0536  21335.7
1979 2.1586814E-08 2.5648260E-08 3.3733855E-08 4.1162316E-08 1.6631589E-08 2.2423016E-08 2.8377912E-08 2.9753135E-08 1.4772119E-08 2.0172239E-08 2.1763510E-08 2.6325530E-08 1.4644370E-08 1.7336399E-08 1.8179133E-08 2.0979391E-08  274.7136 274.7279 274.9203 274.1348 271.0121 269.7708 270.0693 271.1292 266.1551 265.0540 266.1817 275.5639 263.9611 263.4612 264.1670 265.6913  19278.6
1980 2.2667738E-08 2.6280718E-08 3.2453276E-08 3.7299728E-08 1.7583329E-08 2.3490596E-08 2.8969295E-08 2.9813979E-08 1.6736600E-08 2.1639030E-08 2.4199458E-08 2.7620576E-08 1.5228300E-08 1.7723629E-08 1.9927484E-08 2.3193742E-08  275.7121 275.2299 275.2567 274.3489 272.3205 270.8510 270.9975 271.8315 267.7596 266.3777 267.3807 275.5654 265.6245 264.9008 265.4266 266.7139  23620.7
1981 2.5003658E-08 3.0716979E-08 4.0607773E-08 5.0749595E-08 2.0480314E-08 2.8099905E-08 3.6304680E-08 3.9007535E-08 1.7345522E-08 2.3342581E-08 2.7445317E-08 3.2378594E-08 1.5013441E-08 1.8498474E-08 2.0692971E-08 2.3714989E-08  275.1961 275.1046 275.2563 274.6046 271.0953 269.8175 270.1816 271.2966 266.2404 265.2146 266.4723 275.5638 264.2413 263.8497 264.5147 266.0091  31717.9
1982 2.0889626E-08 2.7570618E-08 3.6370256E-08 4.6953041E-08 1.6222135E-08 2.2545514E-08 3.0134824E-08 3.5015230E-08 1.4919241E-08 1.9550775E-08 2.2542864E-08 2.8284978E-08 1.5645037E-08 1.8494303E-08 1.9441096E-08 2.2496529E-08  274.9979 274.8794 275.2565 274.6836 271.5634 270.2355 270.6435 271.6474 266.7037 265.6426 266.9189 275.9355 264.7293 264.3883 265.1869 266.5330  22925
1983 2.2119462E-08 2.8910287E-08 3.6489631E-08 4.1615731E-08 1.8967819E-08 2.3835156E-08 2.8595258E-08 3.0588915E-08 1.7183378E-08 1.9856882E-08 2.0846867E-08 2.7623582E-08 1.5417044E-08 1.7491203E-08 1.9018744E-08 2.2701354E-08  271.8983 271.8756 272.3591 271.7611 268.6305 267.5604 268.6330 270.1060 264.4788 263.9696 265.8627 276.0609 263.1794 263.1488 264.3754 266.1960  47332.1
1984 2.4312998E-08 2.8710577E-08 3.4462662E-08 4.1081801E-08 1.8253099E-08 2.4706864E-08 3.0541820E-08 3.1922461E-08 1.4790309E-08 1.9466020E-08 2.1777272E-08 2.6588818E-08 1.3971088E-08 1.7565153E-08 1.9787411E-08 2.2976423E-08  275.6183 275.4074 275.3947 274.4612 271.5835 270.2418 270.4286 271.3101 266.6127 265.3894 266.5858 275.5901 264.8955 264.1761 264.6928 266.1584  53679.3
1985 2.2161554E-08 2.7820674E-08 3.3884195E-08 4.1881616E-08 1.6828416E-08 2.4396453E-08 3.1402369E-08 3.3332377E-08 1.4655016E-08 2.0482698E-08 2.4109921E-08 2.8591684E-08 1.4862758E-08 1.9096596E-08 2.1233319E-08 2.4543981E-08  276.1917 276.1030 276.4959 275.7394 272.1378 270.9153 271.4505 272.4511 266.7821 265.8863 267.1466 275.8507 264.6394 264.2551 264.8271 266.2964  40689.3
1986 1.5971391E-08 1.9404832E-08 2.6376217E-08 3.4046575E-08 1.3067155E-08 1.7376763E-08 2.2718575E-08 2.6090197E-08 1.3423414E-08 1.8040508E-08 1.9946063E-08 2.6424471E-08 1.3154770E-08 1.6412320E-08 1.8189738E-08 2.1543023E-08  274.8979 274.4440 274.4790 273.5876 271.1552 269.7897 270.0212 270.9292 266.3911 265.1172 266.1355 275.7577 264.3571 263.6221 264.0955 265.3995  32214.3
1987 2.1871669E-08 2.6265230E-08 3.1152716E-08 3.4735805E-08 1.3883762E-08 1.8677689E-08 2.2848225E-08 2.4036341E-08 1.1567112E-08 1.4914106E-08 1.6292812E-08 2.1037778E-08 1.2618625E-08 1.4459382E-08 1.5250597E-08 1.7656694E-08  274.9758 274.6065 274.5634 273.7112 271.7928 270.0926 270.2347 271.1392 267.3708 266.0902 267.0690 275.8438 265.8362 264.9890 265.3200 266.3607  39278.6
1988 2.1273884E-08 2.5265852E-08 3.1046110E-08 3.6597758E-08 1.6391846E-08 2.2385365E-08 2.7550236E-08 2.8711641E-08 1.5583108E-08 2.0250347E-08 2.1931449E-08 2.5906907E-08 1.5507911E-08 1.9353866E-08 2.0835952E-08 2.3154911E-08  276.2901 275.9903 275.8194 274.8324 272.8665 271.5916 271.6772 272.3221 267.8531 266.8044 267.9835 276.1800 265.9053 265.2132 265.6868 266.9378  26206.9
1989 2.2138588E-08 2.8639311E-08 3.6255081E-08 4.3076412E-08 1.5175953E-08 2.3528651E-08 3.2929762E-08 3.6253276E-08 1.4284927E-08 2.1664539E-08 2.6769467E-08 3.0488238E-08 1.6917555E-08 2.2580753E-08 2.5266690E-08 2.7875940E-08  278.3044 278.4280 278.7622 277.9022 274.4709 273.4729 273.7996 274.4302 269.1928 267.8878 268.9245 275.7354 266.4248 265.8307 266.2212 267.4468  23896.4
1990 1.9271646E-08 2.3391603E-08 2.8710668E-08 3.5044220E-08 1.5486274E-08 2.1827496E-08 2.8287188E-08 3.1164468E-08 1.3001671E-08 1.8512221E-08 2.2374216E-08 2.8781436E-08 1.3159046E-08 1.7252896E-08 1.9264833E-08 2.2071978E-08  276.1319 275.9016 275.8945 274.8953 272.5495 271.1327 271.1359 271.8296 267.5988 266.2812 267.3332 276.0548 265.3385 264.5359 264.9901 266.3134  20096.4
1991 2.1548143E-08 2.5516453E-08 3.3754681E-08 4.3099092E-08 1.8541131E-08 2.3251090E-08 2.7936153E-08 2.9249795E-08 1.6195608E-08 1.9940510E-08 2.1539655E-08 2.6480214E-08 1.4337039E-08 1.7738936E-08 1.9285832E-08 2.1276199E-08  275.1375 275.0802 275.4074 274.6568 271.5135 270.3770 270.8900 271.8797 266.5614 265.5164 266.8727 276.1918 264.3822 263.9609 264.6297 266.1358  24571.4
1992 2.5950937E-08 3.0475611E-08 3.8677609E-08 4.5192852E-08 1.7830791E-08 2.1316685E-08 2.6722178E-08 2.9949682E-08 1.7046739E-08 1.9813234E-08 2.0645055E-08 2.4064862E-08 1.5770603E-08 1.7900936E-08 1.8276847E-08 1.9702075E-08  275.9691 275.9426 276.1588 275.5151 272.8000 271.7542 272.1833 273.1226 267.9454 267.1293 268.4630 275.9391 265.9659 265.6099 266.3703 267.6948  46269
1993 2.1790965E-08 2.5395307E-08 3.2829803E-08 3.9457639E-08 1.8066233E-08 2.3914657E-08 3.0076624E-08 3.1728330E-08 1.5823957E-08 2.0646537E-08 2.2335783E-08 2.5664058E-08 1.5211324E-08 1.8624258E-08 2.0049676E-08 2.2026176E-08  275.3917 275.0692 275.0992 274.2137 271.4960 270.1992 270.5052 271.4855 266.8665 265.9589 267.0951 275.3659 264.9425 264.3803 264.9431 266.1376  33442.9
1994 2.0716961E-08 2.5935764E-08 3.4366792E-08 4.2699750E-08 1.6954347E-08 2.2875948E-08 2.9250971E-08 3.1818846E-08 1.5507261E-08 2.0576175E-08 2.3073452E-08 2.6590801E-08 1.5278967E-08 1.8699252E-08 2.0215076E-08 2.2402714E-08  276.2108 275.8862 275.8002 274.9752 272.9922 271.4318 271.4092 272.1465 268.2416 266.9656 267.7746 275.4905 266.2245 265.4558 265.8346 267.0471  48035.7
1995 2.2661595E-08 2.7056075E-08 3.3575319E-08 3.8846583E-08 1.6357786E-08 2.1459870E-08 2.5479471E-08 2.6683157E-08 1.4388161E-08 1.8417145E-08 1.9861760E-08 2.3727301E-08 1.3777371E-08 1.6112217E-08 1.6765464E-08 1.9181323E-08  275.1567 274.8484 274.9460 274.1001 271.9018 270.5176 270.8734 271.8054 267.7957 266.7134 267.7900 276.0815 265.9539 265.3346 265.9510 267.1172  33210.7
1996 2.1937522E-08 2.7008142E-08 3.4967012E-08 4.4841446E-08 1.7223593E-08 2.3990451E-08 3.1301639E-08 3.3989654E-08 1.7093161E-08 2.2315945E-08 2.5181436E-08 3.1482184E-08 1.7626661E-08 2.0948351E-08 2.2240419E-08 2.4706395E-08  273.9828 274.0443 274.4274 273.8939 269.8595 268.7119 269.1562 270.3796 264.6505 263.6585 264.9628 275.4518 262.7685 262.5024 263.3633 264.9735  39817.2
1997 2.0885661E-08 2.5424562E-08 3.2821738E-08 4.0116330E-08 1.5908130E-08 2.1862608E-08 2.7869635E-08 3.0811442E-08 1.4871644E-08 1.9802236E-08 2.1405160E-08 2.6773680E-08 1.5136299E-08 1.8159794E-08 1.8981890E-08 2.1222462E-08  273.9933 273.6796 273.8098 273.1211 270.3658 268.9255 269.1586 270.1980 265.6306 264.3218 265.3522 275.0212 263.5284 262.9006 263.3983 264.8849  49382.1
1998 3.4956852E-08 4.0675790E-08 5.0273126E-08 5.7285519E-08 2.6978515E-08 3.2209240E-08 3.7145398E-08 3.7478141E-08 1.9808265E-08 2.3561995E-08 2.6646052E-08 2.9728323E-08 1.5270070E-08 1.7604341E-08 1.9897046E-08 2.2742663E-08  272.7089 272.8621 273.2716 272.8781 269.6183 268.7016 269.5197 270.9019 265.9847 265.4235 267.0670 276.0269 264.5416 264.4834 265.5935 267.2380  44057.1
1999 2.6956027E-08 3.1675828E-08 3.9926732E-08 5.0500464E-08 2.0590150E-08 2.9880219E-08 3.9770693E-08 4.1136808E-08 1.5935793E-08 2.3518826E-08 2.8831261E-08 3.2556041E-08 1.5400287E-08 2.0392667E-08 2.3334611E-08 2.6137343E-08  277.5088 277.7952 278.2966 277.7406 273.1736 272.3582 272.9524 273.9130 267.5702 266.8235 267.9383 275.9375 265.3434 265.0056 265.5243 266.8061  43467.9
2000 2.0468725E-08 2.4199931E-08 3.1194045E-08 4.0775387E-08 1.8498135E-08 2.7034636E-08 3.5567190E-08 3.7884146E-08 1.7872260E-08 2.4852355E-08 2.9495787E-08 3.3682838E-08 1.7896532E-08 2.2312950E-08 2.4525432E-08 2.6952451E-08  277.2799 277.6544 278.1558 277.5323 272.6279 271.7390 272.2852 273.1558 266.8379 265.8153 267.0832 275.9679 263.8300 263.4498 264.1232 265.7018  35227.6
2001 2.2063036E-08 2.6313216E-08 3.2895791E-08 4.0621881E-08 1.6925766E-08 2.4369399E-08 3.1568124E-08 3.3310592E-08 1.4388782E-08 2.0762911E-08 2.4612541E-08 2.7197581E-08 1.4635644E-08 1.8952242E-08 2.0550885E-08 2.2461240E-08  276.7274 276.6204 276.8816 276.0665 273.3405 272.0647 272.2396 273.0145 268.6134 267.3938 268.3452 275.7686 266.1678 265.4528 265.7739 266.9864  39589.3
2002 1.7343364E-08 2.1261942E-08 2.9708112E-08 3.9303885E-08 1.3475005E-08 1.9368890E-08 2.6007143E-08 2.7884944E-08 1.2539742E-08 1.7493189E-08 2.0076028E-08 2.4856877E-08 1.4467830E-08 1.7963032E-08 1.9356202E-08 2.1370081E-08  275.8185 275.6490 275.7703 274.8923 272.3454 271.1013 271.1720 271.9901 267.4067 266.2399 267.3046 276.6269 264.8774 264.3177 264.8027 266.0601  35789.3
2003 2.7117961E-08 2.8818166E-08 3.3723087E-08 3.7690690E-08 2.2640869E-08 2.7205710E-08 3.1196631E-08 3.1355079E-08 1.8646338E-08 2.2844061E-08 2.4702043E-08 2.6652472E-08 1.5996873E-08 1.8530384E-08 1.9201638E-08 2.0679087E-08  276.7445 276.3768 276.2289 275.2233 273.2015 272.0228 272.1784 272.9255 268.3932 267.4076 268.6965 275.8375 266.2442 265.8232 266.4278 267.6237  26539.3
2004 2.3819286E-08 2.7814790E-08 3.3463163E-08 4.0506311E-08 1.6169505E-08 2.2348855E-08 2.8029886E-08 2.9922205E-08 1.2297701E-08 1.6580438E-08 1.9467052E-08 2.4757387E-08 1.1848901E-08 1.5433203E-08 1.7194630E-08 2.0141945E-08  275.6779 275.4703 275.6523 274.8178 272.0855 270.7399 270.7436 271.5686 267.5351 266.3557 267.2850 275.7438 265.5251 264.8857 265.2464 266.4230  21475.9
2005 2.1996016E-08 2.8828332E-08 3.7344869E-08 4.0934129E-08 1.6221787E-08 2.1698257E-08 2.8572060E-08 3.1389924E-08 1.5484567E-08 1.9876891E-08 2.1666571E-08 2.6037718E-08 1.3960116E-08 1.6801078E-08 1.8455767E-08 2.1360778E-08  277.3905 277.0768 277.1262 276.2225 273.8708 272.3240 272.3909 273.2513 268.6953 267.3520 268.3301 276.0842 266.6300 265.9722 266.3477 267.5614  46164.3
2006 2.1701744E-08 2.7878103E-08 3.4254406E-08 3.9756930E-08 1.6112658E-08 2.4381565E-08 3.1480067E-08 3.1971826E-08 1.5708697E-08 2.1928543E-08 2.5077869E-08 2.8231169E-08 1.6662833E-08 2.1077406E-08 2.3166647E-08 2.5176883E-08  276.6286 276.5374 276.9383 276.1827 273.1807 271.8316 272.1507 273.0234 268.4678 267.3338 268.3868 275.6393 266.0191 265.5210 266.1018 267.3117  38450
2007 3.0993952E-08 3.7105000E-08 4.3281847E-08 4.5655170E-08 2.3089987E-08 3.0410899E-08 3.6557520E-08 3.7394624E-08 1.9313319E-08 2.4106820E-08 2.6265953E-08 2.8701690E-08 1.5467526E-08 1.8406128E-08 2.0848546E-08 2.3203183E-08  278.0457 277.8007 277.9259 277.0986 274.9147 273.4732 273.5061 274.2975 269.9977 268.8696 269.7923 276.2889 267.7827 267.0967 267.3741 268.3185  25507.1
2008 1.9004011E-08 2.4471595E-08 3.3767069E-08 4.2923570E-08 1.6863300E-08 2.3986477E-08 3.2972029E-08 3.6262836E-08 1.5147055E-08 2.2472733E-08 2.7377144E-08 3.1193046E-08 1.5800667E-08 2.1432754E-08 2.4479828E-08 2.7241949E-08  278.1373 278.0641 278.1453 277.1668 274.6107 273.2928 273.3694 273.8879 269.2570 267.9077 268.8376 275.7639 266.4205 265.6473 266.0471 267.3033  31458.6
2009 2.4747147E-08 3.1426602E-08 3.9485286E-08 4.6975373E-08 1.9657149E-08 2.8326328E-08 3.5841932E-08 3.7007833E-08 1.6985325E-08 2.2728559E-08 2.6401013E-08 3.1068566E-08 1.6175299E-08 1.9946103E-08 2.2189058E-08 2.4713096E-08  276.4565 276.2961 276.6346 276.1281 272.1447 270.8834 271.1917 272.2637 266.7577 265.6398 266.7445 275.5507 264.5967 264.0672 264.5272 265.7444  37414.3
2010 3.1380004E-08 3.2216242E-08 3.5402593E-08 4.0068265E-08 2.6750945E-08 3.0137734E-08 3.2543067E-08 3.1244987E-08 2.2977359E-08 2.5827694E-08 2.6596423E-08 2.8472030E-08 1.7806542E-08 2.0013109E-08 2.2049786E-08 2.4434712E-08  0.0000000E+00 0.0000000E+00 0.0000000E+00 0.0000000E+00 0.0000000E+00 0.0000000E+00 0.0000000E+00 0.0000000E+00 0.0000000E+00 0.0000000E+00 0.0000000E+00 0.0000000E+00 0.0000000E+00 0.0000000E+00 0.0000000E+00 0.0000000E+00  27960.7
2011 2.1100687E-08 2.7022081E-08 3.6508318E-08 4.8058908E-08 1.8899641E-08 2.8541674E-08 3.9680398E-08 4.2155200E-08 1.8796948E-08 2.6976949E-08 3.2570320E-08 3.6347593E-08 1.7477918E-08 2.2539638E-08 2.5843526E-08 2.9664010E-08  275.9755 276.1358 276.7111 276.3477 271.3671 270.3528 271.0519 272.4242 266.0490 265.4029 266.9308 275.6731 263.6721 263.6254 264.5441 266.0345  52350
2012 1.9838739E-08 2.5093506E-08 3.4705582E-08 4.5799233E-08 1.5846387E-08 2.2784079E-08 3.1879647E-08 3.6538733E-08 1.7076458E-08 2.3467575E-08 2.6965338E-08 3.0470304E-08 1.7927736E-08 2.3133687E-08 2.5567383E-08 2.8331188E-08  277.1428 277.2933 277.6695 277.0312 273.1719 272.3344 272.6613 273.4260 267.4815 266.8526 268.0372 276.2293 265.0334 264.6993 265.3498 266.6700  28796.6
2013 2.0284091E-08 2.4274474E-08 3.1526564E-08 3.9529915E-08 1.6022952E-08 2.1073326E-08 2.6838403E-08 2.8944475E-08 1.6560890E-08 2.0605912E-08 2.2125262E-08 2.6489346E-08 1.7052452E-08 2.0519122E-08 2.0704395E-08 2.2390612E-08  276.6025 276.2524 276.2180 275.2359 272.8357 271.4735 271.5753 272.3912 267.4851 266.3696 267.5150 276.2036 265.2452 264.8395 265.3548 266.4654  23621.4
2014 2.5040654E-08 2.8420471E-08 3.3008639E-08 3.8584776E-08 1.9600591E-08 2.6468300E-08 3.2198415E-08 3.2784808E-08 1.6211470E-08 2.2641926E-08 2.5562901E-08 2.8098366E-08 1.5439655E-08 2.0042686E-08 2.2474115E-08 2.5158570E-08  276.7830 276.5862 276.6925 275.7545 273.3553 271.9317 271.9507 272.5050 268.3296 266.8833 267.6692 275.0340 265.7355 264.9574 265.2498 266.3344  26153.6
2015 2.3678401E-08 2.6269428E-08 3.2293467E-08 3.8220971E-08 2.0076492E-08 2.5221082E-08 3.1496928E-08 3.1985714E-08 1.9111301E-08 2.2982233E-08 2.5661235E-08 2.7258491E-08 1.6893441E-08 1.9951582E-08 2.1749212E-08 2.3695650E-08  277.5749 277.3759 277.5439 276.6647 273.7592 272.5787 272.8629 273.5718 269.0977 268.1392 269.2890 275.3630 267.1170 266.6158 267.0008 267.8813  32121.4
