STN,prec_1,prec_2,prec_3,prec_4,prec_5,prec_6,prec_7,prec_8,prec_9,prec_10,prec_11,prec_12,prec_13,prec_14,prec_15,prec_16,st_1,st_2,st_3,st_4,st_5,st_6,st_7,st_8,st_9,st_10,st_11,st_12,st_13,st_14,st_15,st_16,06.0
LAT,37.67308,37.67308,37.67308,37.67308,40.46365,40.46365,40.46365,40.46365,43.25420,43.25420,43.25420,43.25420,46.04472,46.04472,46.04472,46.04472,37.67308,37.67308,37.67308,37.67308,40.46365,40.46365,40.46365,40.46365,43.25420,43.25420,43.25420,43.25420,46.04472,46.04472,46.04472,46.04472,41.78058635
LON,-95.62500,-92.81250,-90.00000,-87.18750,-95.62500,-92.81250,-90.00000,-87.18750,-95.62500,-92.81250,-90.00000,-87.18750,-95.62500,-92.81250,-90.00000,-87.18750,-95.62500,-92.81250,-90.00000,-87.18750,-95.62500,-92.81250,-90.00000,-87.18750,-95.62500,-92.81250,-90.00000,-87.18750,-95.62500,-92.81250,-90.00000,-87.18750,-90.252073
1958 2.1321160E-08 2.3863340E-08 3.0198184E-08 4.4985022E-08 2.2314625E-08 2.9681678E-08 3.2996240E-08 3.0715839E-08 2.1872527E-08 3.2529513E-08 3.2063497E-08 1.6687380E-08 2.0321957E-08 2.8283376E-08 2.8955728E-08 2.1495000E-08  306.8944 305.5282 303.2904 300.5391 303.4503 301.2407 300.3743 300.6297 301.4787 299.5215 298.8657 292.9886 299.8826 297.9073 297.1513 297.7358  33576.7
1959 2.1259771E-08 2.1719645E-08 2.6487413E-08 3.7263774E-08 2.0128621E-08 2.5956201E-08 2.9834119E-08 2.8779022E-08 1.8234255E-08 2.5832307E-08 2.6302349E-08 1.2409425E-08 1.7510354E-08 2.3041911E-08 2.4233232E-08 2.0775520E-08  307.1335 305.7008 303.1941 300.5765 303.6786 301.4615 300.5104 300.6808 301.5739 299.8807 299.2700 292.9886 300.2696 298.3348 297.5882 298.2108  39063.3
1960 2.0623990E-08 2.2936891E-08 2.7900311E-08 3.9934950E-08 1.6969727E-08 2.5357318E-08 3.0139162E-08 3.0779045E-08 1.6556552E-08 2.3927630E-08 2.5308490E-08 1.2175615E-08 1.5318660E-08 2.3398593E-08 2.5023009E-08 2.0669779E-08  307.6959 306.4927 304.2733 301.2166 304.4217 301.9959 300.9972 301.1821 301.9687 300.1628 299.6061 292.9886 300.5036 298.5133 297.7448 298.3614  73010
1961 1.8514045E-08 2.1441259E-08 2.7443841E-08 4.0870390E-08 1.7669059E-08 2.4798945E-08 3.1002696E-08 3.0943070E-08 1.7407578E-08 2.5809589E-08 2.9123253E-08 1.3747329E-08 1.7107601E-08 2.3020295E-08 2.6343974E-08 2.1346372E-08  307.6620 306.3534 303.8463 300.7367 304.5477 301.8336 300.8000 300.8318 302.0233 300.1154 299.4121 292.9886 300.3925 298.4276 297.7131 298.4561  37796.7
1962 2.1671180E-08 2.6914964E-08 3.4994326E-08 4.8850911E-08 2.0201490E-08 3.0261962E-08 3.5291677E-08 3.3238663E-08 1.7634331E-08 2.8485964E-08 2.9449561E-08 1.4862539E-08 1.7499401E-08 2.3405345E-08 2.4047800E-08 1.8920218E-08  306.9107 305.4472 302.9666 300.1796 304.2813 301.7114 300.5742 300.7524 301.8575 300.0466 299.5162 292.9887 300.1952 298.2968 297.7588 298.5055  83146.7
1963 2.1772788E-08 2.7886461E-08 3.4193135E-08 4.3841386E-08 2.3331783E-08 3.2275910E-08 3.7774768E-08 3.4885666E-08 2.0592397E-08 3.0222125E-08 3.2562284E-08 1.7844718E-08 1.7482973E-08 2.4126772E-08 2.7359750E-08 2.2250687E-08  306.5924 305.1231 302.9048 300.3714 303.4843 301.2964 300.1953 300.1979 301.1136 299.3726 298.5604 292.9886 299.3109 297.3716 296.6489 297.3769  47170
1964 2.6048372E-08 2.6884221E-08 3.0813847E-08 4.1031917E-08 2.0537358E-08 2.7988007E-08 3.1972444E-08 2.9417496E-08 1.7121021E-08 2.5989792E-08 2.7493643E-08 1.2850365E-08 1.7034550E-08 2.3436931E-08 2.5269799E-08 2.0373287E-08  306.1611 304.7639 302.4128 300.0083 303.1273 300.9582 300.1841 300.3615 301.1902 299.5755 299.0584 292.9886 299.3620 297.6440 297.1439 297.9441  28940
1965 2.3300261E-08 2.6077069E-08 3.2858612E-08 4.6023182E-08 2.1790322E-08 3.0603907E-08 3.6679410E-08 3.5266375E-08 1.8311143E-08 2.8677972E-08 3.3075640E-08 1.5370999E-08 1.8201007E-08 2.5185686E-08 2.8290216E-08 2.2393094E-08  306.6100 305.2345 302.8083 300.2206 303.6595 301.3022 300.3438 300.4162 301.5403 299.7162 298.9958 292.9886 299.9118 298.1098 297.2088 297.7390  89766.7
1966 2.1070205E-08 2.5988578E-08 3.4667963E-08 4.7391175E-08 2.2686567E-08 3.2309103E-08 3.6651215E-08 3.6326234E-08 2.0354790E-08 2.8211346E-08 2.9571163E-08 1.6636273E-08 1.6881970E-08 2.4164683E-08 2.7223757E-08 2.2246779E-08  306.3998 304.6421 302.2796 299.8940 303.2815 300.9772 300.1404 300.1414 301.4756 299.5846 298.7940 292.9886 300.0256 297.9220 296.9899 297.5630  48733.3
1967 2.1153891E-08 2.5101478E-08 3.3810728E-08 4.4802253E-08 1.9209644E-08 2.8713567E-08 3.4612981E-08 3.2325932E-08 2.0198751E-08 2.9017963E-08 2.9686777E-08 1.5187721E-08 1.7598209E-08 2.3408125E-08 2.7230787E-08 2.2439533E-08  307.1039 305.6163 303.1866 300.5016 304.0789 301.5786 300.6399 300.7081 301.6248 299.8634 299.1818 292.9886 300.1352 298.1795 297.4587 298.0296  62373.3
1968 2.1769907E-08 2.3926814E-08 2.8252071E-08 3.6998102E-08 2.2368795E-08 3.0623120E-08 3.5437008E-08 3.3943405E-08 1.9469109E-08 2.7412336E-08 2.9979926E-08 1.7034266E-08 1.7055303E-08 2.4261855E-08 2.5723248E-08 2.0824647E-08  306.4403 304.9116 302.6346 300.2018 303.1980 300.8617 299.7556 299.8896 301.0338 299.1355 298.3136 292.9886 299.3536 297.2293 296.4822 297.1046  72153.3
1969 1.7856408E-08 1.9267729E-08 2.6192904E-08 3.7182840E-08 1.9433099E-08 2.7938494E-08 3.0431337E-08 2.8339469E-08 1.8222668E-08 2.7709529E-08 3.0499116E-08 1.6509871E-08 1.7183813E-08 2.3415097E-08 2.5848315E-08 2.3111143E-08  308.7817 307.6273 304.8524 301.7508 305.2791 302.5805 301.3781 301.5172 302.4019 300.5557 299.7762 292.9886 300.5231 298.5679 297.7974 298.3829  56343.3
1970 2.0477302E-08 2.1266370E-08 2.7444679E-08 3.8503590E-08 2.1659369E-08 2.9065879E-08 3.3385142E-08 3.1453865E-08 1.7720902E-08 2.8639695E-08 2.7873892E-08 1.5070363E-08 1.7820229E-08 2.2621606E-08 2.6753433E-08 2.1008224E-08  307.7413 306.3764 303.7263 300.9352 304.0650 301.7409 300.8171 301.0078 301.8730 300.1054 299.4875 292.9886 300.1270 298.3508 297.5446 298.2399  66223.3
1971 2.1315319E-08 2.5279999E-08 3.1936622E-08 4.4264574E-08 2.2051713E-08 2.9812515E-08 3.3891794E-08 3.3921619E-08 1.6953003E-08 2.5004224E-08 2.6263898E-08 1.2197721E-08 1.7108324E-08 2.1685786E-08 2.3076955E-08 1.9340302E-08  307.2254 305.5589 303.1722 300.2539 304.2298 301.6624 300.5738 300.6950 301.8451 299.9809 299.2987 292.9886 300.2274 298.3964 297.5262 298.2362  65326.7
1972 1.8825570E-08 2.2099218E-08 2.9549170E-08 3.9770761E-08 2.1895968E-08 2.8072400E-08 3.1633459E-08 3.0938278E-08 2.0484517E-08 2.7489820E-08 2.9036777E-08 1.4783075E-08 1.8888059E-08 2.5807781E-08 2.7538267E-08 2.1902743E-08  307.4333 306.1450 303.5552 300.7489 304.0290 301.7010 300.6726 300.6944 301.5852 299.8442 299.0970 292.9886 299.5955 297.6519 297.0583 297.7956  51146.7
1973 2.0325160E-08 2.4356469E-08 3.1414164E-08 4.1199296E-08 1.7985585E-08 2.6891222E-08 3.2423188E-08 3.0603044E-08 1.7172255E-08 2.4781215E-08 2.7066644E-08 1.2172882E-08 1.5881128E-08 2.2398101E-08 2.5553563E-08 1.8192409E-08  306.6890 305.1571 302.7892 300.2510 303.5636 301.5151 300.6202 300.7307 301.6614 300.1105 299.5857 292.9886 300.1359 298.3809 297.6730 298.4077  88663.3
1974 2.1422697E-08 2.5033401E-08 3.0695990E-08 4.0036777E-08 1.7902492E-08 2.6848461E-08 3.3167495E-08 3.0776157E-08 1.7070040E-08 2.5187415E-08 2.6476279E-08 1.1958714E-08 1.5920088E-08 2.2660563E-08 2.5596856E-08 1.9845931E-08  306.3689 304.8803 302.5411 300.0068 303.3071 301.2379 300.4885 300.5213 301.5191 299.9324 299.4146 292.9886 300.1657 298.4436 297.7202 298.3922  99990
1975 1.8670343E-08 2.0899337E-08 2.8213728E-08 3.9588791E-08 1.6978440E-08 2.3171431E-08 2.8968749E-08 2.8450224E-08 1.3141049E-08 2.2173705E-08 2.5128449E-08 1.1288211E-08 1.3182801E-08 1.8024821E-08 2.2126894E-08 1.8181694E-08  308.0700 306.8045 304.0264 300.9143 305.1390 302.3587 301.1566 301.5703 302.6139 300.6032 300.0064 292.9886 301.0262 299.2279 298.3009 298.9558  68553.3
1976 2.0557033E-08 2.2547871E-08 2.7784804E-08 3.3211492E-08 2.2071497E-08 2.8582470E-08 3.2532451E-08 3.0489328E-08 1.6944050E-08 2.7621530E-08 2.9704051E-08 1.7007133E-08 1.6053320E-08 2.4469587E-08 2.6485264E-08 2.1361284E-08  306.6690 305.1096 302.6126 300.1512 303.6525 301.1798 299.9642 300.0652 301.3494 299.4118 298.6890 292.9886 299.6174 297.6549 296.9805 297.6520  25643.3
1977 1.8728823E-08 2.0882108E-08 2.5197112E-08 3.5258815E-08 2.1944521E-08 2.9519436E-08 3.1857851E-08 2.9062472E-08 2.0659202E-08 2.9580157E-08 3.1790105E-08 1.7769406E-08 1.6398864E-08 2.2963569E-08 2.3973129E-08 2.0628743E-08  307.1514 305.7876 303.2088 300.5232 303.7607 301.3567 300.2814 300.5325 301.2921 299.5161 298.8653 292.9886 299.9711 297.9904 297.2500 297.8413  22726.7
1978 2.0552765E-08 2.1933825E-08 2.6902821E-08 3.7002525E-08 2.1487992E-08 2.8084960E-08 3.0387092E-08 2.9477267E-08 1.6402836E-08 2.7545212E-08 3.0444742E-08 1.6785146E-08 1.7466668E-08 2.4330390E-08 2.7716395E-08 2.3037931E-08  307.6963 306.3536 303.7073 300.8237 304.2468 301.6813 300.6454 300.7230 301.6602 299.8029 299.0006 292.9886 299.7689 297.7621 296.9727 297.4611  60866.7
1979 2.1006914E-08 2.5056300E-08 3.1325108E-08 4.0329638E-08 2.0336442E-08 3.0038652E-08 3.5506091E-08 3.3515800E-08 1.8402426E-08 2.8559775E-08 2.9410277E-08 1.3822389E-08 1.5907869E-08 2.1240472E-08 2.4622626E-08 1.8569507E-08  307.1580 305.4053 302.8461 300.3652 304.0732 301.5874 300.5526 300.5896 301.7752 299.8424 299.1876 292.9886 300.2302 298.2925 297.5164 298.3021  79620
1980 2.2135243E-08 2.6109422E-08 2.9653155E-08 4.0740655E-08 2.5010474E-08 3.3529595E-08 3.6250846E-08 3.4935397E-08 2.2976204E-08 3.2815151E-08 3.4632638E-08 1.9008425E-08 2.2093685E-08 3.1017933E-08 3.1947902E-08 2.7262326E-08  306.8110 305.0966 302.8620 300.3652 303.7739 301.5058 300.5261 300.6000 301.4968 299.6422 298.9156 292.9886 299.3866 297.2766 296.5338 297.0364  61640
1981 1.9759701E-08 2.4056153E-08 3.0309604E-08 4.2922455E-08 1.9078598E-08 2.8317142E-08 3.4305401E-08 3.5115843E-08 1.7044856E-08 2.6799977E-08 2.8689044E-08 1.4650937E-08 1.5504838E-08 2.3419497E-08 2.5546019E-08 1.9930763E-08  307.8084 306.6207 304.0963 300.9879 305.1328 302.3242 301.1524 301.3700 302.3840 300.4054 299.7552 292.9886 300.5738 298.5196 297.8958 298.7346  49953.3
1982 2.1153223E-08 2.4232168E-08 3.0748517E-08 4.2681251E-08 2.3305894E-08 3.3211130E-08 3.6906151E-08 3.4764827E-08 2.0107315E-08 3.1387621E-08 3.1452220E-08 1.7018181E-08 1.5965671E-08 2.3077884E-08 2.6671970E-08 2.1719719E-08  306.5508 304.9942 302.6177 300.2147 303.2582 300.9835 299.9962 300.0745 301.1646 299.3495 298.5726 292.5021 299.1714 297.2656 296.6269 297.4133  63990
1983 1.8207590E-08 1.9885920E-08 2.8360191E-08 4.0702698E-08 1.8663048E-08 2.7377251E-08 3.3737361E-08 3.2731275E-08 2.2203048E-08 3.1827092E-08 3.3805872E-08 1.7382236E-08 2.0494831E-08 2.8073574E-08 3.1036663E-08 2.5054026E-08  307.0199 305.6102 303.3206 300.9192 303.6867 301.8126 300.9275 301.1731 301.7046 299.9801 299.3354 293.1050 299.8494 298.0056 297.2793 297.9639  58310
1984 2.3335540E-08 2.4959265E-08 2.9407426E-08 3.9544680E-08 1.8803727E-08 2.7349245E-08 3.2131567E-08 3.1105120E-08 1.6651530E-08 2.5826063E-08 2.8021178E-08 1.2648490E-08 1.3879711E-08 1.7672050E-08 2.0409569E-08 1.6697683E-08  306.7090 305.5653 303.2327 300.2794 304.2748 301.7576 300.8047 301.1434 301.6398 299.9796 299.7144 292.6160 300.3100 298.8197 298.1564 298.8171  90203.3
1985 1.9981904E-08 2.3614021E-08 2.9116416E-08 3.9867835E-08 1.9240160E-08 2.7088038E-08 3.3329190E-08 3.0137809E-08 1.7268924E-08 2.5939087E-08 2.9477485E-08 1.2551046E-08 1.4678474E-08 2.0193561E-08 2.2053488E-08 1.9579714E-08  307.0648 305.4189 303.0145 300.3106 304.2097 301.6074 300.5508 300.6320 301.6720 299.9667 299.4832 292.8018 300.4340 298.5897 297.9233 298.5001  52526.7
1986 2.2973717E-08 2.9348779E-08 3.9088182E-08 4.8912458E-08 1.9627494E-08 2.9219670E-08 3.5702090E-08 3.3778157E-08 1.6617578E-08 2.5501093E-08 2.9329117E-08 1.3998148E-08 1.6679742E-08 2.2644556E-08 2.5790888E-08 1.8837897E-08  305.9487 304.1513 301.9188 299.5565 303.5660 301.1386 300.2238 300.2920 301.4035 299.7492 299.3053 292.8428 299.9191 298.2872 297.5430 298.3155  71500
1987 1.9560565E-08 2.4176790E-08 3.4064531E-08 4.7502969E-08 1.7006181E-08 2.6484724E-08 3.4274226E-08 3.3647634E-08 1.8202217E-08 2.6892655E-08 3.0121512E-08 1.3483649E-08 1.7054701E-08 2.3627221E-08 2.6370202E-08 2.2232680E-08  307.1814 305.5617 302.9480 300.5306 304.9822 302.5839 301.3017 301.4317 302.3655 300.6077 299.9851 293.6254 300.6092 298.8360 298.0232 298.5420  38036.7
1988 1.7879676E-08 1.9741117E-08 2.4757176E-08 3.6353285E-08 1.6935381E-08 2.1933639E-08 2.5381507E-08 2.5008434E-08 1.5850677E-08 2.3905523E-08 2.5602471E-08 1.1740719E-08 1.5942222E-08 2.1797264E-08 2.5080347E-08 1.8675637E-08  308.2598 307.2715 304.7494 301.4919 304.9055 302.6360 301.5418 302.0428 302.3293 300.6420 300.1176 292.8488 300.7872 299.0289 298.3740 299.1714  15420
1989 2.0930543E-08 2.7359468E-08 3.4372750E-08 4.4217586E-08 1.7354910E-08 2.7524333E-08 3.2080887E-08 3.0773482E-08 1.7016959E-08 2.5453268E-08 2.7788090E-08 1.2695333E-08 1.6144817E-08 2.1845322E-08 2.4620849E-08 1.9366761E-08  307.6600 306.1782 303.8504 300.7086 305.2568 302.3528 300.9243 301.1315 302.3360 300.2582 299.7408 292.8430 300.5747 298.7097 297.8833 298.5807  42656.7
1990 1.7596603E-08 2.1547399E-08 2.7937169E-08 3.9645062E-08 2.0140371E-08 2.8449582E-08 3.3124827E-08 3.2021752E-08 1.8684126E-08 3.0602550E-08 3.2330803E-08 1.7178239E-08 1.7055996E-08 2.5322132E-08 2.6157744E-08 2.0625775E-08  307.8500 306.2229 303.5240 300.8434 304.3616 301.8790 300.7438 300.7347 301.8297 299.9461 299.1630 292.8509 299.9958 297.8022 297.1306 297.9351  79743.3
1991 2.3976924E-08 2.5488916E-08 3.1574359E-08 4.5030141E-08 1.9635181E-08 2.7878972E-08 3.2437278E-08 3.3201136E-08 1.6248066E-08 2.7899508E-08 3.1880841E-08 1.7375402E-08 1.7815356E-08 2.6125413E-08 3.0562774E-08 2.5993034E-08  306.8600 305.1097 302.4981 300.2036 303.8926 301.4615 300.5350 300.4568 301.5231 299.7557 298.9917 293.3690 299.5707 297.4238 296.7692 297.4528  106623
1992 2.2041473E-08 2.4754627E-08 3.3398273E-08 4.5667385E-08 2.3111649E-08 3.2725346E-08 3.7537788E-08 3.7216154E-08 2.0536566E-08 3.2936324E-08 3.3088448E-08 1.5467689E-08 1.8566253E-08 2.5773280E-08 2.6492517E-08 2.0810187E-08  305.1308 303.7719 301.7961 299.7020 303.0963 301.1760 300.4388 300.2894 301.7177 299.8282 299.2417 293.0279 300.3130 298.2529 297.4261 298.0868  37653.3
1993 2.4133399E-08 2.7264413E-08 3.2135873E-08 4.3224002E-08 2.6291444E-08 3.6441545E-08 3.8104602E-08 3.7134289E-08 2.1363764E-08 3.0334842E-08 3.2921690E-08 1.8857023E-08 1.6115074E-08 2.1127880E-08 2.4914147E-08 2.0209241E-08  306.3019 304.6027 302.3810 300.0816 303.1281 300.8668 300.0507 300.1003 300.9465 299.2312 298.5335 292.8080 299.4441 297.5847 296.8217 297.4742  141067
1994 2.3071765E-08 2.7103756E-08 3.4383500E-08 4.3602466E-08 1.9068549E-08 2.8795029E-08 3.4039338E-08 3.0935965E-08 1.7233468E-08 2.5469618E-08 2.7373600E-08 1.0647355E-08 1.6434516E-08 2.1799064E-08 2.5083503E-08 2.0140353E-08  305.6165 304.2316 302.1207 299.8069 303.5019 301.3344 300.5056 300.6151 301.5104 299.9030 299.4063 292.6768 299.7345 297.8879 297.3033 298.0655  54430
1995 1.9687068E-08 2.0540121E-08 2.7339802E-08 3.9028979E-08 2.0193498E-08 2.7056059E-08 3.1135585E-08 3.0223120E-08 2.0485079E-08 3.0213965E-08 3.1324543E-08 1.6741252E-08 1.8520566E-08 2.7176378E-08 2.8899219E-08 2.2208788E-08  308.1990 306.9751 304.2892 301.3066 304.9841 302.5009 301.1852 301.2682 302.1492 300.0561 299.2429 293.0751 300.1752 298.1052 297.2941 298.1076  70260
1996 1.9944382E-08 2.2776192E-08 2.7927761E-08 3.9134942E-08 2.2128347E-08 3.1118855E-08 3.4223795E-08 3.3320962E-08 2.0907112E-08 2.9269160E-08 3.1654459E-08 1.7066265E-08 1.9034530E-08 2.4737547E-08 2.7346660E-08 2.3263459E-08  307.4490 306.1077 303.5424 300.6062 304.1111 301.4979 300.4331 300.5417 301.2923 299.4300 298.7964 292.3593 299.4396 297.4693 296.7560 297.4580  95753.3
1997 2.0398824E-08 2.6206305E-08 3.0504516E-08 3.9332829E-08 2.3762627E-08 3.1225532E-08 3.7337312E-08 3.7389025E-08 2.1304336E-08 3.1948336E-08 3.6546012E-08 2.0451697E-08 1.7787270E-08 2.4495911E-08 2.8335389E-08 2.2047869E-08  307.1703 305.6799 303.1801 300.4604 303.7661 301.3855 300.2473 300.2762 301.3574 299.4807 298.7280 292.6355 299.4380 297.4293 296.6962 297.4489  52006.7
1998 2.0962613E-08 2.4938929E-08 3.2569730E-08 4.4658993E-08 2.1328436E-08 3.0489907E-08 3.4551068E-08 3.6479584E-08 1.6195786E-08 2.5443613E-08 2.7164134E-08 1.4551265E-08 1.7588119E-08 2.5315112E-08 2.8339631E-08 2.2423212E-08  306.6255 305.1891 302.9738 300.7266 303.4372 301.7327 301.0706 301.1674 302.1271 300.5492 300.0522 294.1523 300.3495 298.7066 298.1609 298.9229  63423.3
1999 2.0459849E-08 2.4030475E-08 2.8894352E-08 4.0818364E-08 1.9883378E-08 2.6835389E-08 3.2431135E-08 3.0714187E-08 1.7252036E-08 2.3241810E-08 2.4371074E-08 1.1411274E-08 1.5207926E-08 1.8558209E-08 2.1351392E-08 1.6453088E-08  307.9422 306.7877 304.6995 301.3918 304.9751 302.4396 301.2740 301.6448 302.2615 300.4989 300.1324 293.6768 300.8623 299.3894 298.7174 299.4126  90166.7
2000 1.8270146E-08 2.1628086E-08 2.7857208E-08 3.5695525E-08 2.0431479E-08 2.7294467E-08 2.8752050E-08 2.6826433E-08 1.8247897E-08 2.7133327E-08 2.9328504E-08 1.5301612E-08 1.4702403E-08 2.1429548E-08 2.3792722E-08 1.9966990E-08  308.3595 307.0944 304.6330 301.3373 305.2527 302.6284 301.2569 301.6357 302.4023 300.2486 299.6620 293.8312 300.6760 298.7534 297.9232 298.6313  98136.7
2001 2.0351798E-08 2.5462947E-08 3.4321445E-08 4.4864585E-08 1.8502336E-08 2.8189065E-08 3.4658051E-08 3.3667952E-08 1.3361397E-08 2.2755280E-08 2.6015046E-08 1.0230266E-08 1.3548252E-08 1.8403528E-08 2.0934189E-08 1.7813029E-08  307.4739 305.8635 303.2313 300.6723 305.5622 302.5765 301.2571 301.4396 303.2761 301.0358 300.4215 293.1816 301.5155 299.7033 298.8100 299.4025  114107
2002 1.7465682E-08 2.1927615E-08 2.8498579E-08 3.8553349E-08 1.7761236E-08 2.5611316E-08 2.9494490E-08 2.9982836E-08 1.6214628E-08 2.5641418E-08 2.6808660E-08 1.2296231E-08 1.4567756E-08 1.8972836E-08 2.2950724E-08 1.7560630E-08  308.1476 306.7185 304.3018 301.4787 305.3409 302.7740 301.6927 302.0201 302.8781 300.7591 300.2614 293.0936 301.3359 299.4200 298.5527 299.4367  83880
2003 1.8071667E-08 2.2057119E-08 2.9756160E-08 4.0611528E-08 1.6410388E-08 2.4828827E-08 3.1185728E-08 3.0568447E-08 1.4810187E-08 2.4628257E-08 2.8172021E-08 1.4143553E-08 1.4276584E-08 2.0977453E-08 2.4426200E-08 1.9170017E-08  307.9502 306.4146 303.5152 300.8309 304.8077 302.2474 301.1953 301.2532 302.4073 300.5768 299.9323 292.7868 300.5626 298.5634 297.9937 298.8320  58593.3
2004 2.0717096E-08 2.4527743E-08 2.9554991E-08 3.8717804E-08 1.7924975E-08 2.4803240E-08 2.9734116E-08 2.9690122E-08 1.5306817E-08 2.3618759E-08 2.3628580E-08 1.0604209E-08 1.5518241E-08 2.2279082E-08 2.3859576E-08 1.9656495E-08  307.8673 306.5012 303.8117 301.0150 305.1110 302.5503 301.4723 301.6254 302.7312 300.8790 300.3852 293.0166 300.7877 298.7525 298.1305 298.9176  139200
2005 2.2476375E-08 2.5799595E-08 3.1030115E-08 4.4809600E-08 2.3105812E-08 3.1355011E-08 3.3440337E-08 3.2604348E-08 2.0463224E-08 3.0860772E-08 3.2580211E-08 1.7877575E-08 1.7753568E-08 2.4719602E-08 2.9517143E-08 2.3618925E-08  307.7366 306.3662 303.9688 301.0561 304.4154 301.8357 300.8403 301.0119 302.0431 300.0475 299.5090 293.1404 300.5044 298.5808 297.7641 298.4710  70000
2006 1.7829773E-08 2.0514669E-08 2.7204083E-08 3.7858477E-08 2.0043135E-08 2.9413265E-08 3.3956006E-08 3.1966238E-08 2.0094417E-08 2.9758974E-08 3.1557725E-08 1.6379367E-08 1.7133601E-08 2.5374042E-08 2.7370113E-08 2.2212676E-08  308.3066 306.9985 304.4556 301.4323 304.9193 302.2118 301.0548 301.2653 301.9373 299.9875 299.2409 293.2830 299.9770 297.7823 297.1197 297.9157  49666.7
2007 1.6748171E-08 1.9798762E-08 2.5766823E-08 3.7438028E-08 1.8890598E-08 2.5411364E-08 2.9645461E-08 2.8832885E-08 1.6887981E-08 2.6209543E-08 2.5700240E-08 1.3327152E-08 1.4852799E-08 2.1095603E-08 2.2208603E-08 1.7448267E-08  309.0669 307.8405 305.3469 302.1597 305.8643 302.9953 301.7378 302.0748 302.9001 300.9099 300.3107 293.0366 301.4655 299.5258 298.7269 299.5543  44503.3
2008 1.9373221E-08 2.3869235E-08 2.9713336E-08 3.9146400E-08 1.6371333E-08 2.3930784E-08 2.7878162E-08 2.6680288E-08 1.7126295E-08 2.4610314E-08 2.5940430E-08 1.3342897E-08 1.7927821E-08 2.3895385E-08 2.4288022E-08 2.0333781E-08  308.2532 306.7957 304.3196 301.3082 306.2277 303.1752 301.6785 302.0767 303.2541 301.0022 300.3430 292.9982 301.4322 299.5708 298.6747 299.2148  134467
2009 2.1088747E-08 2.3915238E-08 2.7266720E-08 3.7053905E-08 1.9723968E-08 2.8620549E-08 3.3261735E-08 3.1957221E-08 2.0306819E-08 2.8350623E-08 3.1927954E-08 1.7242352E-08 1.8481863E-08 2.4670287E-08 2.7185562E-08 2.2475525E-08  307.4937 305.9098 303.6192 300.8603 304.8809 302.0797 300.8403 300.7801 302.0755 300.0378 299.2531 292.7145 300.1616 298.1525 297.4033 298.1486  43526.7
2010 1.7510862E-08 2.1574925E-08 2.8127666E-08 4.0189853E-08 2.0088613E-08 2.8251153E-08 3.0770767E-08 3.2138765E-08 1.6169523E-08 2.5281707E-08 2.5991030E-08 1.2201696E-08 1.4388835E-08 1.9259756E-08 2.1384507E-08 1.6271992E-08  308.1217 306.3726 303.8076 300.9435 304.7432 302.0278 300.9185 301.1428 302.3276 300.4326 299.8006 293.5190 300.6415 298.7182 298.3027 299.2091  61830
2011 1.5163630E-08 1.8960089E-08 2.3525379E-08 3.4002227E-08 1.7358444E-08 2.4080313E-08 2.7582425E-08 2.8319434E-08 1.7718753E-08 2.7081603E-08 2.8894561E-08 1.6456225E-08 1.7711621E-08 2.1849990E-08 2.3661075E-08 1.8377692E-08  309.6395 308.5530 305.9675 302.5690 306.1805 303.2910 301.9325 302.1461 302.5245 300.6745 299.8966 292.7636 300.6269 298.7463 298.0591 298.8400  99496.7
2012 1.5715262E-08 1.9247716E-08 2.6294000E-08 3.7439374E-08 1.6212260E-08 2.4799402E-08 2.9378807E-08 2.8474412E-08 1.5126554E-08 2.4513593E-08 2.6958903E-08 1.1289640E-08 1.4747837E-08 2.0104954E-08 2.3601457E-08 1.8498380E-08  309.2392 308.2547 305.7842 302.3604 306.3606 303.4556 302.2544 302.6780 303.2632 301.3305 300.7378 294.4362 301.3342 299.6574 298.9163 299.7305  90500
2013 1.6647999E-08 2.1067907E-08 2.6668230E-08 3.6582350E-08 1.6473322E-08 2.6651483E-08 3.2148790E-08 3.0793483E-08 1.8909107E-08 2.7364251E-08 2.9213332E-08 1.4116959E-08 1.7616561E-08 2.4257650E-08 2.4890349E-08 1.7341293E-08  308.8597 307.3173 304.8033 301.9615 305.9882 303.1984 301.8112 302.2665 302.6303 300.6628 300.0899 293.2652 300.7789 298.8690 298.2788 299.1427  136863
2014 1.7841209E-08 2.0317898E-08 2.5470412E-08 3.6116930E-08 1.7505490E-08 2.6983576E-08 3.0060935E-08 2.9895507E-08 1.6782796E-08 2.7136480E-08 2.9430321E-08 1.4463369E-08 1.7060733E-08 2.3144400E-08 2.6925040E-08 2.0633898E-08  308.7315 307.5688 304.9145 301.8891 305.3734 302.9551 302.0033 302.3946 302.4028 300.5869 300.1596 292.6321 300.8394 299.0625 298.3574 299.1293  129933
2015 1.9544318E-08 2.2353527E-08 2.7972924E-08 4.1033179E-08 1.9948342E-08 2.8703049E-08 3.2906190E-08 2.9404962E-08 1.8632434E-08 2.6594229E-08 2.7477016E-08 1.3959591E-08 1.5937548E-08 2.0812855E-08 2.2288713E-08 1.7704837E-08  307.7004 306.3419 304.1255 301.2079 305.0548 302.5931 301.3832 301.6814 302.4691 300.5735 299.9584 293.0197 300.7846 298.7769 297.8796 298.6006  90580
