STN,prec_1,prec_2,prec_3,prec_4,prec_5,prec_6,prec_7,prec_8,prec_9,prec_10,prec_11,prec_12,prec_13,prec_14,prec_15,prec_16,st_1,st_2,st_3,st_4,st_5,st_6,st_7,st_8,st_9,st_10,st_11,st_12,st_13,st_14,st_15,st_16,03.0
LAT,37.67308,37.67308,37.67308,37.67308,40.46365,40.46365,40.46365,40.46365,43.25420,43.25420,43.25420,43.25420,46.04472,46.04472,46.04472,46.04472,37.67308,37.67308,37.67308,37.67308,40.46365,40.46365,40.46365,40.46365,43.25420,43.25420,43.25420,43.25420,46.04472,46.04472,46.04472,46.04472,41.78058635
LON,-95.62500,-92.81250,-90.00000,-87.18750,-95.62500,-92.81250,-90.00000,-87.18750,-95.62500,-92.81250,-90.00000,-87.18750,-95.62500,-92.81250,-90.00000,-87.18750,-95.62500,-92.81250,-90.00000,-87.18750,-95.62500,-92.81250,-90.00000,-87.18750,-95.62500,-92.81250,-90.00000,-87.18750,-95.62500,-92.81250,-90.00000,-87.18750,-90.252073
1958 2.7017133E-08 3.1717956E-08 4.4513641E-08 5.8557092E-08 2.8527559E-08 4.0011066E-08 4.7157627E-08 4.5130683E-08 2.3908820E-08 3.6236770E-08 3.4383302E-08 1.5096420E-08 2.2096032E-08 3.0447122E-08 3.1849737E-08 2.4993081E-08  305.7244 304.2554 302.3023 300.3624 303.9081 302.0253 301.1222 300.9989 302.4317 300.3630 299.5205 289.7923 300.2538 297.7682 297.0343 297.8411  32200
1959 2.0618101E-08 2.4624194E-08 3.5879456E-08 5.1961162E-08 2.6829419E-08 4.0647990E-08 4.3468212E-08 4.3668361E-08 2.4188690E-08 3.6076020E-08 3.7007915E-08 1.8461918E-08 2.1495950E-08 3.2501767E-08 3.5042401E-08 2.4466249E-08  306.9647 305.3399 303.1468 300.9699 304.0433 301.9360 301.0540 300.8902 302.5143 300.2398 299.1432 289.7923 300.2090 297.6984 296.8796 297.6869  40954.8
1960 2.4019499E-08 2.6000922E-08 3.1989948E-08 4.4768527E-08 2.4062457E-08 3.3874684E-08 3.8278031E-08 3.8117147E-08 2.3955334E-08 3.5381948E-08 3.7226307E-08 1.9442362E-08 2.1766430E-08 3.0139358E-08 3.2950751E-08 2.4182741E-08  307.5542 306.0902 303.9332 301.5304 304.8592 302.4931 301.5158 301.4927 302.6115 300.6320 299.5080 289.7923 300.4282 297.9016 297.0455 297.8494  31058.1
1961 2.6435782E-08 3.0754467E-08 3.6945909E-08 4.9780052E-08 2.3837520E-08 3.5299312E-08 4.2535881E-08 4.1097493E-08 2.0144494E-08 3.1285470E-08 3.2120230E-08 1.6275360E-08 2.0385350E-08 2.6958384E-08 2.9350304E-08 2.2179952E-08  307.1392 305.6490 303.5338 301.1465 304.5337 302.2361 301.3419 301.2150 302.7998 300.7759 299.8300 289.7923 300.8746 298.4620 297.7195 298.4469  58112.9
1962 2.2827912E-08 2.6018309E-08 2.9745729E-08 4.2287212E-08 2.7048914E-08 3.4870673E-08 3.9379270E-08 3.9803819E-08 2.2162508E-08 3.3330647E-08 3.5354212E-08 1.9151729E-08 2.0882352E-08 2.7777336E-08 2.9930479E-08 2.3500917E-08  307.8713 306.1305 303.4431 300.9482 304.7629 302.1844 301.0721 300.9073 302.5161 300.4993 299.3731 289.7923 300.5324 298.0000 297.1372 297.7692  48067.7
1963 2.6617595E-08 2.7870563E-08 3.3563150E-08 4.7233147E-08 2.6964154E-08 3.5846373E-08 4.1587896E-08 3.8213301E-08 2.1106633E-08 3.1621504E-08 3.2634645E-08 1.4982929E-08 2.0506242E-08 2.8026726E-08 3.0375780E-08 2.1190484E-08  307.1730 305.5738 303.2667 300.7327 304.2527 302.0534 300.9674 300.9666 302.3051 300.4129 299.5857 289.7923 300.4433 298.2154 297.5489 298.3750  52541.9
1964 2.4000238E-08 2.6693058E-08 3.6523105E-08 4.7809564E-08 3.0430733E-08 4.2112976E-08 4.5593122E-08 4.4356828E-08 2.5602528E-08 3.8006359E-08 3.7979092E-08 2.0356403E-08 2.2361485E-08 3.2664019E-08 3.2362948E-08 2.2754978E-08  306.9329 305.2738 303.0141 300.9747 304.0135 301.9856 301.0924 300.8582 302.3528 300.1677 299.1244 289.7923 300.1649 297.6907 296.9800 297.8374  25280.6
1965 2.5280352E-08 3.0546545E-08 3.6071672E-08 5.0684690E-08 2.9067790E-08 3.9917566E-08 4.7987445E-08 4.5577945E-08 2.5009646E-08 3.8186190E-08 4.2467324E-08 2.2632827E-08 2.3585173E-08 3.1376338E-08 3.3340122E-08 2.3872758E-08  306.3420 304.7674 302.7517 300.5671 304.0160 301.8787 300.9947 300.9257 302.1925 300.2751 299.4002 289.7923 299.8993 297.6979 297.0681 297.8111  48703.2
1966 2.6126001E-08 3.0715587E-08 3.7001790E-08 5.1897388E-08 2.7791573E-08 3.9222808E-08 4.3215966E-08 4.2642000E-08 2.0752321E-08 3.3344431E-08 3.5221007E-08 1.5355322E-08 1.9746709E-08 2.8413950E-08 3.0682742E-08 2.2923023E-08  306.1496 304.7073 302.6771 300.5289 303.9830 301.9970 301.0844 300.9747 302.4697 300.6584 299.7580 289.7923 300.6474 298.3407 297.5753 298.3623  84638.7
1967 2.5685623E-08 2.9995068E-08 3.4333301E-08 4.5349658E-08 3.1431409E-08 4.1969408E-08 4.4543146E-08 4.0307818E-08 2.1567621E-08 3.2364436E-08 3.4826574E-08 1.8701806E-08 2.1636497E-08 2.8900981E-08 3.0835075E-08 2.3608726E-08  307.2019 305.4464 303.1341 300.9258 304.0471 301.8287 300.9418 300.8330 302.2555 300.1714 299.1061 289.7923 300.0248 297.5853 296.8406 297.5275  46232.3
1968 2.8677739E-08 3.3570000E-08 4.1874493E-08 5.4963444E-08 3.4022456E-08 4.8158789E-08 5.3890727E-08 4.9965802E-08 2.4769063E-08 3.7641289E-08 3.9507739E-08 2.0068626E-08 2.5489934E-08 3.3314013E-08 3.5220719E-08 2.5631911E-08  305.6545 304.0881 302.0781 299.9998 303.3456 301.1266 300.2606 300.1336 301.6121 299.7290 298.7490 289.7923 299.5215 297.0120 296.3140 297.1676  27754.8
1969 2.2767324E-08 2.7557912E-08 3.6255347E-08 5.3156960E-08 2.9826573E-08 4.2567070E-08 4.7682736E-08 4.3996796E-08 2.7809467E-08 3.9350031E-08 3.9310617E-08 1.8635268E-08 2.3270669E-08 3.2705003E-08 3.1855443E-08 2.3395906E-08  307.0624 305.5559 303.4713 301.2943 304.5161 302.3467 301.3412 301.2594 302.7432 300.7943 299.8292 289.7923 300.7228 298.3982 297.6822 298.3826  57264.5
1970 2.2930745E-08 2.8372096E-08 3.7579948E-08 5.1851242E-08 2.8908458E-08 4.1153502E-08 4.6758863E-08 4.6286225E-08 2.4432680E-08 3.2852903E-08 3.5378239E-08 1.7492400E-08 2.1550040E-08 3.0444806E-08 3.1810789E-08 2.2336813E-08  306.8823 305.1785 302.9922 300.7316 304.1132 302.0219 300.9942 300.7115 302.6456 300.6242 299.5411 289.7923 300.6162 298.1009 297.3277 297.9938  38522.6
1971 2.5866827E-08 3.0595473E-08 3.6568910E-08 4.8438743E-08 2.4968564E-08 3.4808650E-08 3.8047510E-08 3.6385931E-08 2.1907743E-08 3.1944133E-08 3.3848636E-08 1.5671652E-08 2.1088420E-08 2.9685426E-08 3.0104914E-08 2.1643253E-08  307.3290 305.3191 303.0102 300.6881 304.2194 301.8277 300.7477 300.6078 302.3461 300.3072 299.2883 289.7923 300.0428 297.5826 296.8814 297.6612  61158.1
1972 2.4313076E-08 2.7216668E-08 3.4053159E-08 4.5678789E-08 2.8619816E-08 4.2479137E-08 4.6150042E-08 4.3121648E-08 2.4622068E-08 3.8557943E-08 3.7750112E-08 1.8773170E-08 2.0739876E-08 2.8603869E-08 3.2025127E-08 2.4061894E-08  306.4565 304.7115 302.5238 300.3345 303.7861 301.4612 300.3488 300.1285 301.8129 299.6700 298.7123 289.7923 299.7318 297.4065 296.6458 297.3380  57767.7
1973 2.4920521E-08 2.9169740E-08 3.6403804E-08 4.7274924E-08 2.8418814E-08 3.8385050E-08 4.3157470E-08 4.2420005E-08 2.0460753E-08 3.2326984E-08 3.4124671E-08 1.4933430E-08 2.1559851E-08 3.1453801E-08 3.1836070E-08 2.3263150E-08  305.9586 304.5789 302.7286 300.8397 303.9965 302.2928 301.4728 301.4399 302.9107 301.1497 300.2429 289.7923 300.7585 298.3474 297.6400 298.3311  127510
1974 2.6023018E-08 2.9502498E-08 3.4666378E-08 4.6791389E-08 2.6037627E-08 3.6415628E-08 3.9213610E-08 3.7458591E-08 1.8716449E-08 3.0986225E-08 3.3143721E-08 1.5463273E-08 1.9667908E-08 2.9537814E-08 3.2350211E-08 2.3082659E-08  307.2914 305.8361 303.5640 300.9463 304.4126 302.0533 301.0111 301.0353 302.5120 300.4922 299.5820 289.7923 300.4607 298.0682 297.3504 298.2216  60241.9
1975 2.3912431E-08 2.8170522E-08 3.4727890E-08 4.8727752E-08 2.6434002E-08 3.7903742E-08 4.4502645E-08 4.1284178E-08 2.4099819E-08 3.6089897E-08 3.6101383E-08 1.8624585E-08 2.0585384E-08 2.9732572E-08 3.1409105E-08 2.2040734E-08  307.8254 306.0910 303.2749 300.8311 304.6190 302.0827 300.8988 300.8000 302.4344 300.2941 299.3503 289.7923 300.4620 297.9470 297.2627 298.0211  48754.8
1976 2.7550563E-08 3.1593157E-08 3.4333262E-08 4.3319940E-08 2.5594954E-08 3.4339514E-08 3.9400309E-08 3.6660666E-08 2.0564634E-08 3.0814611E-08 3.2056697E-08 1.6136216E-08 2.2662045E-08 3.1541283E-08 3.1075942E-08 2.3101876E-08  307.1684 305.6834 303.3992 301.0186 304.5922 302.1301 301.0664 301.2289 302.4547 300.4294 299.5876 289.7923 300.2175 297.7626 297.0877 297.8331  64600
1977 2.2837295E-08 2.8732570E-08 3.7151743E-08 5.2303555E-08 2.8604598E-08 4.0908095E-08 4.4774595E-08 4.3139515E-08 2.3205230E-08 3.4896036E-08 3.5013162E-08 1.5483741E-08 2.2405823E-08 3.0354446E-08 3.2278223E-08 2.5805253E-08  306.5483 304.9831 302.8326 300.6104 304.2143 302.0714 301.1914 301.1529 302.4708 300.5307 299.6401 289.7923 300.4345 298.1514 297.4755 298.2297  34658.1
1978 2.2566324E-08 2.7602013E-08 3.5885297E-08 4.7279727E-08 3.1797274E-08 4.1861156E-08 4.4394259E-08 4.1514660E-08 2.3593760E-08 3.5801083E-08 3.5804174E-08 1.8304833E-08 2.4486267E-08 3.3545174E-08 3.3601136E-08 2.5094250E-08  307.0225 305.1364 302.8541 300.8752 303.6194 301.4162 300.6117 300.7107 301.9112 299.8859 299.0052 289.7923 299.7395 297.3064 296.6277 297.4508  30183.9
1979 2.5659491E-08 3.0196208E-08 3.9854250E-08 5.7891544E-08 2.6748506E-08 3.7585668E-08 4.4152401E-08 4.2298360E-08 1.9991049E-08 2.9846426E-08 3.3456637E-08 1.6327080E-08 2.3635728E-08 3.3147501E-08 3.3174786E-08 2.3308999E-08  305.9230 304.3159 302.3957 300.3263 304.2412 301.9970 300.9986 300.9844 302.6715 300.6383 299.6210 289.7923 300.3741 297.9147 297.2034 298.0416  60506.5
1980 2.5765800E-08 2.9419374E-08 3.6890675E-08 5.0881621E-08 2.7613970E-08 3.9904215E-08 4.5870486E-08 4.1778172E-08 2.3087882E-08 3.3378537E-08 3.4546304E-08 1.7858774E-08 2.3788086E-08 3.4119132E-08 3.8371613E-08 2.9701056E-08  306.7058 304.9145 302.8187 300.6928 304.3859 302.0613 301.0478 301.0351 302.4708 300.3515 299.4313 289.7923 300.1924 297.5555 296.6098 297.2101  44977.4
1981 2.2551269E-08 2.7893334E-08 3.4474045E-08 4.8562146E-08 2.8390271E-08 3.7821305E-08 4.4789093E-08 4.4666233E-08 2.2092944E-08 3.2484426E-08 3.6966640E-08 1.8884368E-08 2.1729431E-08 3.0956645E-08 3.2764635E-08 2.3171022E-08  307.2392 305.4625 303.1465 300.8489 304.2302 302.0841 300.9913 300.8815 302.3790 300.3548 299.2187 289.7923 300.1481 297.6376 296.8633 297.6992  40554.8
1982 2.6014785E-08 3.0196723E-08 3.6325275E-08 5.0675489E-08 2.8805308E-08 3.8319456E-08 4.1642782E-08 3.8439385E-08 2.1200794E-08 3.2582797E-08 3.2834457E-08 1.6631089E-08 2.1808779E-08 2.9984527E-08 3.3710421E-08 2.4968879E-08  306.8444 305.0174 302.9604 300.8450 304.2857 302.0130 301.0480 300.9755 302.6296 300.6132 299.5565 289.8702 300.5955 298.1074 297.2886 297.9558  54296.8
1983 2.3327667E-08 2.8830879E-08 4.0192411E-08 5.6038960E-08 3.2016864E-08 4.5561741E-08 5.1202782E-08 5.0741090E-08 3.0959530E-08 4.4638064E-08 4.6092207E-08 2.3464386E-08 2.6961208E-08 3.8899792E-08 3.9415291E-08 3.0689218E-08  305.7556 304.2731 302.5014 300.5707 303.9149 302.1375 301.3270 301.3093 302.3343 300.3955 299.5082 289.9486 300.2315 297.8069 297.0240 297.6837  121035
1984 2.4044606E-08 2.9016277E-08 3.6425192E-08 4.7541672E-08 2.4239295E-08 3.4297820E-08 3.9973006E-08 3.7239378E-08 2.1496987E-08 3.1002383E-08 3.2820488E-08 1.3471769E-08 2.2028553E-08 2.9032913E-08 3.1908876E-08 2.3820389E-08  307.5193 305.9830 303.6216 301.1576 304.5153 302.3321 301.3867 301.5627 302.3878 300.6578 299.9114 289.7427 300.2370 298.0253 297.3636 298.2576  68693.5
1985 2.2664480E-08 2.5825393E-08 3.1382292E-08 4.3289894E-08 2.7865811E-08 3.6099021E-08 4.1553001E-08 3.8469651E-08 2.1575909E-08 3.1306371E-08 3.2461859E-08 1.5252340E-08 1.8036189E-08 2.3621020E-08 2.7556140E-08 1.9749500E-08  307.9829 306.4198 303.8292 301.1600 304.8327 302.3401 301.2801 301.2376 302.6938 300.5223 299.5934 289.8304 300.6412 298.0731 297.2886 298.1044  84016.1
1986 2.6509277E-08 2.9746451E-08 3.6309718E-08 5.1491327E-08 2.6958489E-08 3.6413049E-08 4.3300485E-08 4.1441957E-08 2.2634699E-08 3.1864477E-08 3.5456818E-08 1.6873129E-08 1.9903208E-08 2.9612462E-08 3.1516375E-08 2.3453117E-08  306.7155 305.1512 302.9017 300.5494 304.2963 302.0237 301.0127 300.9609 302.3468 300.6158 299.6515 289.8121 300.2385 298.0233 297.3437 298.0450  65422.6
1987 2.7265212E-08 3.2526149E-08 4.3552991E-08 5.8693843E-08 2.9370609E-08 4.4136957E-08 4.8758150E-08 4.8420002E-08 2.5736309E-08 3.9127741E-08 4.1375429E-08 1.6409336E-08 2.2393476E-08 3.0354592E-08 3.4898989E-08 2.6371286E-08  305.2720 303.6692 301.9730 300.1527 303.6147 301.5761 300.7603 300.6889 302.4806 300.6792 299.8125 289.9113 300.6677 298.4578 297.6239 298.4036  48854.8
1988 2.7247829E-08 3.0994673E-08 3.8435772E-08 5.1467453E-08 2.5203592E-08 3.6029512E-08 4.3915556E-08 4.1970559E-08 2.1966912E-08 3.2770640E-08 3.3248384E-08 1.1907895E-08 2.0307288E-08 3.0122099E-08 3.1655834E-08 2.1618130E-08  306.1198 304.6834 302.7086 300.4389 304.0753 302.0611 301.2309 301.2435 302.3405 300.7005 300.0550 290.0210 300.1776 298.0540 297.6014 298.5148  45125.8
1989 2.6726342E-08 3.0197672E-08 3.5216775E-08 4.5994714E-08 2.5838830E-08 3.5019699E-08 4.0090072E-08 3.8934377E-08 1.8985354E-08 3.2242067E-08 3.3728107E-08 1.5388085E-08 1.9372621E-08 2.6784889E-08 2.6728451E-08 1.8946537E-08  307.4422 305.9973 303.7627 300.9123 304.6234 302.1004 300.9174 300.9921 302.3022 300.2264 299.2930 289.8937 300.1258 297.7512 297.2292 297.9987  40416.1
1990 2.3866368E-08 3.0109035E-08 3.6881630E-08 5.0196352E-08 2.5614582E-08 3.7301184E-08 4.0909494E-08 3.9133710E-08 2.1451116E-08 3.1746627E-08 3.0097851E-08 1.4737861E-08 2.2100783E-08 2.9887548E-08 3.0254906E-08 2.2679128E-08  307.1713 305.2412 302.8985 300.8383 304.7779 302.3581 301.3096 301.2972 302.9213 300.8456 299.8610 289.9338 300.8084 298.3069 297.4950 298.0865  67587.1
1991 2.3910983E-08 2.8870122E-08 3.5309235E-08 4.6355240E-08 2.7127378E-08 3.6147981E-08 4.3450999E-08 4.1483887E-08 2.5916565E-08 3.8613152E-08 4.0261789E-08 2.0714227E-08 2.1796239E-08 2.9328568E-08 3.1967701E-08 2.5099606E-08  307.0240 305.3077 303.1866 301.0636 304.5087 302.2684 301.3028 301.1982 302.6037 300.4465 299.4815 289.9150 300.3859 297.8892 297.0447 297.7708  50419.4
1992 2.1340519E-08 2.6349971E-08 3.6263017E-08 5.0267889E-08 2.6731893E-08 3.9354248E-08 4.5401531E-08 4.5346493E-08 2.4461771E-08 3.8214150E-08 3.9953072E-08 1.7389363E-08 2.3351523E-08 3.2649243E-08 3.6743792E-08 2.7629794E-08  306.0759 304.3534 302.5101 300.5409 304.4477 302.2798 301.3780 301.2892 302.8911 300.9185 300.0367 289.8859 300.6770 298.4306 297.7216 298.4828  99048.4
1993 2.5289964E-08 3.1152538E-08 4.0271896E-08 5.4696390E-08 3.1359740E-08 4.3571184E-08 4.9352508E-08 4.5475296E-08 2.3382720E-08 3.5686423E-08 3.7538381E-08 1.8005641E-08 2.2151818E-08 3.1633572E-08 3.2842980E-08 2.2960471E-08  306.1949 304.4151 302.4540 300.3458 303.6329 301.6615 300.7394 300.5691 302.0521 300.2204 299.3339 289.8736 300.2256 297.7859 297.0751 297.8684  53093.5
1994 2.6141201E-08 2.9391959E-08 3.7030311E-08 5.3053348E-08 2.6913369E-08 3.8566881E-08 4.4971411E-08 4.0921229E-08 2.1377700E-08 3.2195892E-08 3.5566998E-08 1.4874773E-08 2.0850086E-08 2.9106056E-08 3.2722834E-08 2.4272506E-08  306.1780 304.4615 302.4056 300.3541 303.8705 301.8108 300.9343 300.8838 302.2326 300.4240 299.5155 289.7028 300.0763 297.7912 297.1241 297.8799  74529
1995 2.8594226E-08 3.5514919E-08 4.3401407E-08 5.8333157E-08 3.3277544E-08 4.6357044E-08 5.0614776E-08 4.7409454E-08 2.2694582E-08 3.3396756E-08 3.4088227E-08 1.5838593E-08 2.2654783E-08 3.3185064E-08 3.2859070E-08 2.3996453E-08  305.7843 304.1710 302.3736 300.3296 303.7486 301.6151 300.6581 300.4194 302.3742 300.3411 299.3654 289.8712 300.1206 297.6786 297.0370 297.7612  61774.2
1996 2.5041507E-08 2.7546806E-08 3.1273270E-08 4.4942556E-08 2.8353726E-08 3.9210057E-08 4.3484075E-08 4.2438852E-08 2.6191044E-08 3.9351988E-08 3.8700353E-08 1.6908416E-08 2.2892353E-08 3.1046671E-08 3.3077814E-08 2.3610705E-08  306.6219 305.0153 303.0071 300.8055 304.1018 302.0365 301.0756 300.8911 302.2621 300.2538 299.4378 289.7870 300.2547 297.9241 297.2842 298.2132  61574.2
1997 2.3430355E-08 2.6343910E-08 3.3571300E-08 4.7624724E-08 2.4822862E-08 3.8200181E-08 4.1660108E-08 3.8262279E-08 2.1638334E-08 3.4665064E-08 3.6070542E-08 1.5862229E-08 2.1265167E-08 3.2103170E-08 3.3672222E-08 2.4063294E-08  307.0107 305.3636 303.3494 300.9784 304.4968 302.2044 301.2704 301.3491 302.4533 300.4834 299.6682 289.6322 300.4644 298.1110 297.4142 298.2251  65722.6
1998 1.9935021E-08 2.4642578E-08 3.6334267E-08 5.0856393E-08 2.5339331E-08 3.8420843E-08 4.5758007E-08 4.2600011E-08 2.4074884E-08 3.7647730E-08 3.9301145E-08 1.5188323E-08 2.7253504E-08 3.4668652E-08 3.5624364E-08 2.5590001E-08  306.0276 304.9018 303.0997 301.0914 303.9974 302.3486 301.6286 301.6962 302.7799 300.8399 300.0657 290.0163 300.2906 298.1845 297.6111 298.6326  74071
1999 2.1858185E-08 2.3991687E-08 2.8151275E-08 3.7947913E-08 2.3700647E-08 3.1090909E-08 3.4875303E-08 3.5404408E-08 1.8601737E-08 2.8677976E-08 2.9786134E-08 1.2524537E-08 1.6600698E-08 2.4505171E-08 2.5980672E-08 1.9486560E-08  308.6552 307.2070 304.6437 301.7959 305.2175 302.7597 301.7075 301.8169 303.0353 301.1861 300.4377 290.0687 301.2828 299.0767 298.4207 299.1628  46464.5
2000 2.2492681E-08 2.6400830E-08 3.2078891E-08 4.2545366E-08 2.1607557E-08 3.2661514E-08 3.5598099E-08 3.3399914E-08 1.9008164E-08 2.8358798E-08 3.0045854E-08 1.3437552E-08 1.6813249E-08 2.4489104E-08 2.6661743E-08 1.9627613E-08  309.0074 307.4871 304.8641 301.7931 306.0811 303.1960 301.7346 301.7569 303.4266 301.1929 300.2283 289.9291 301.5789 299.0291 298.1959 299.0460  58632.3
2001 2.1629951E-08 2.6926413E-08 3.4875320E-08 4.5969490E-08 2.3556959E-08 3.2231441E-08 3.8146656E-08 3.5937870E-08 2.1768365E-08 3.2380608E-08 3.1841900E-08 1.5392901E-08 1.9982458E-08 2.7552630E-08 2.8017247E-08 2.0271619E-08  307.9989 306.1374 303.5418 301.1587 305.6120 302.8236 301.4507 301.4847 303.2098 300.8998 299.9743 289.9111 301.3984 298.8166 297.9338 298.6151  41158.1
2002 2.4467731E-08 2.4492948E-08 3.0433473E-08 4.3305540E-08 2.5532922E-08 3.5952240E-08 4.2806029E-08 4.0180129E-08 2.0233013E-08 3.0877132E-08 3.3480195E-08 1.4821804E-08 1.9968038E-08 2.7673778E-08 2.8358039E-08 2.0119025E-08  308.0312 306.6533 304.0080 301.2950 305.4073 302.8526 301.5499 301.5145 303.1714 301.0739 300.2056 290.1782 301.2310 298.9575 298.2292 298.9949  44661.3
2003 2.8975583E-08 3.7543447E-08 4.4365446E-08 5.7896546E-08 2.7581514E-08 4.1669320E-08 4.8141995E-08 4.3980023E-08 1.8392472E-08 3.0204038E-08 3.1445747E-08 1.2099289E-08 1.8438627E-08 2.8720994E-08 2.9312043E-08 2.1861174E-08  306.5152 304.8039 302.7988 300.7159 304.6700 302.3612 301.3382 301.4419 302.9770 301.1272 300.4293 289.8111 300.9496 298.8328 298.3878 299.3296  40519.4
2004 2.2814195E-08 2.8071625E-08 3.5221333E-08 4.9567220E-08 2.5483219E-08 3.8002536E-08 4.3363048E-08 4.0288544E-08 2.3197254E-08 3.3855258E-08 3.4120607E-08 1.6882238E-08 2.2812861E-08 3.0004941E-08 3.1744491E-08 2.6037608E-08  308.0042 306.0511 303.5374 301.1520 304.9779 302.5186 301.2561 301.1883 302.8076 300.7377 299.6698 289.9035 300.6936 298.2097 297.4128 298.0778  55871
2005 2.6924999E-08 3.1337532E-08 3.9769784E-08 5.7744447E-08 2.8694178E-08 4.0135156E-08 4.5806836E-08 4.2980329E-08 2.5964477E-08 3.7082941E-08 3.5290860E-08 1.6730862E-08 2.1857936E-08 2.9738018E-08 3.3164270E-08 2.5157645E-08  306.8197 304.9242 302.8205 300.7047 304.4868 302.2690 301.2769 301.2046 302.6411 300.5733 299.6267 289.9680 300.5273 298.0600 297.1945 297.8958  40200
2006 2.1452310E-08 2.5767536E-08 3.1911728E-08 4.4152145E-08 2.3102324E-08 3.2244099E-08 3.8108180E-08 3.4054555E-08 2.1606128E-08 3.3547412E-08 3.3148055E-08 1.5149817E-08 2.0378593E-08 2.9545966E-08 3.2861283E-08 2.4105315E-08  307.5623 305.7140 303.3257 301.1310 304.8734 302.4225 301.4099 301.4670 302.8293 300.7397 299.8039 289.9589 300.6010 298.1484 297.4857 298.4113  46593.5
2007 2.0778234E-08 2.4845363E-08 3.2553544E-08 4.7913094E-08 2.7676526E-08 3.9129915E-08 4.1926903E-08 4.0459025E-08 2.4814749E-08 3.7880511E-08 3.6692612E-08 1.8320538E-08 2.3667003E-08 3.2302662E-08 3.3778878E-08 2.6217863E-08  307.7861 305.9489 303.5039 301.3223 304.8211 302.4266 301.5198 301.4939 302.9441 300.8104 299.9141 289.8619 300.7672 298.2404 297.3451 298.1898  68316.1
2008 2.4469649E-08 2.8212174E-08 3.4426563E-08 4.8309619E-08 2.4581979E-08 3.5695347E-08 4.0645926E-08 3.5334960E-08 1.8387164E-08 2.9213640E-08 3.0492600E-08 1.2569877E-08 1.8452456E-08 2.5230682E-08 2.8015563E-08 2.0747594E-08  307.5243 305.8437 303.5470 300.9286 304.6071 302.1706 301.1819 301.2927 302.6985 300.6438 299.8672 289.8540 300.7840 298.3651 297.7415 298.6328  45764.5
2009 2.4946390E-08 2.7996352E-08 3.4586982E-08 4.9023637E-08 2.2080828E-08 3.3565989E-08 4.1799240E-08 4.3171514E-08 1.9189137E-08 3.0616032E-08 3.2318948E-08 1.4809265E-08 2.0730326E-08 2.8950591E-08 3.1867152E-08 2.3969214E-08  307.7156 306.3946 303.9637 301.3015 305.5327 302.9333 301.7142 301.5490 303.2162 301.1273 300.1084 289.7451 300.8476 298.2631 297.5001 298.3066  56019.4
2010 2.3315781E-08 2.5948502E-08 3.1273260E-08 4.6509580E-08 2.7371055E-08 3.7053290E-08 4.1814552E-08 4.1457142E-08 2.3403372E-08 3.4480745E-08 3.5876099E-08 1.7257939E-08 2.0426144E-08 2.8258784E-08 3.1853958E-08 2.5024452E-08  0.0000000E+00 0.0000000E+00 0.0000000E+00 0.0000000E+00 0.0000000E+00 0.0000000E+00 0.0000000E+00 0.0000000E+00 0.0000000E+00 0.0000000E+00 0.0000000E+00 0.0000000E+00 0.0000000E+00 0.0000000E+00 0.0000000E+00 0.0000000E+00  79829
2011 2.1134820E-08 2.3715366E-08 2.9080862E-08 3.9333948E-08 2.2974106E-08 3.2047712E-08 3.6415674E-08 3.5106869E-08 2.1418453E-08 3.2669881E-08 3.5050178E-08 1.6858221E-08 1.9326173E-08 2.9379956E-08 3.3106730E-08 2.5200487E-08  308.0331 306.6176 304.2829 301.7046 305.1455 302.7243 301.8053 301.7256 303.1283 301.2014 300.2334 289.8845 301.0099 298.6068 297.8147 298.5225  86187.1
2012 2.2510797E-08 2.8727799E-08 3.4554457E-08 4.7609984E-08 2.6857112E-08 3.6904005E-08 4.2252459E-08 4.2438650E-08 2.2350614E-08 3.3603222E-08 3.5886668E-08 1.7855358E-08 1.9409413E-08 2.8011703E-08 2.8707021E-08 2.1083999E-08  307.9278 306.1143 303.6532 301.0988 305.0128 302.3212 301.2683 301.2534 302.9102 300.7436 299.6690 289.9879 300.8183 298.3495 297.6519 298.3951  56638.7
2013 2.8021015E-08 3.3274162E-08 4.0107238E-08 5.3576127E-08 2.4457565E-08 3.6208490E-08 4.1591058E-08 3.8194010E-08 1.8557206E-08 2.9823628E-08 3.2706776E-08 1.3591650E-08 1.8058325E-08 2.7358436E-08 3.1962351E-08 2.4046710E-08  306.7585 304.8051 302.6483 300.5567 304.3025 302.0118 301.1012 301.0634 302.7468 300.8315 299.9727 289.9601 300.6385 298.1704 297.4931 298.3630  39825.8
2014 1.9788104E-08 2.4229607E-08 3.1974778E-08 4.7958849E-08 2.5380503E-08 3.6571237E-08 4.0575884E-08 4.0446356E-08 2.3479798E-08 3.3990080E-08 3.5485172E-08 1.8820351E-08 2.0905061E-08 2.9427611E-08 3.0574959E-08 2.3500501E-08  307.9301 306.1679 303.5650 301.1942 304.9595 302.4473 301.3513 301.0773 303.0580 300.9081 299.8590 289.6402 301.2144 298.6408 297.8057 298.4429  45454.8
2015 2.4330895E-08 3.0750478E-08 3.8403435E-08 5.1787076E-08 2.6015808E-08 4.1040348E-08 4.6918373E-08 4.4168317E-08 2.1682897E-08 3.6306460E-08 3.6178626E-08 1.6937376E-08 2.5087992E-08 3.4058715E-08 3.6377841E-08 2.7666484E-08  307.1530 305.1920 303.0732 300.9875 305.1299 302.7221 301.6231 301.5332 303.2450 301.1023 300.0994 289.7744 301.1603 298.6624 297.6811 298.4341  44222.6
