STN,prec_1,prec_2,prec_3,prec_4,prec_5,prec_6,prec_7,prec_8,prec_9,prec_10,prec_11,prec_12,prec_13,prec_14,prec_15,prec_16,st_1,st_2,st_3,st_4,st_5,st_6,st_7,st_8,st_9,st_10,st_11,st_12,st_13,st_14,st_15,st_16,05.0
LAT,37.67308,37.67308,37.67308,37.67308,40.46365,40.46365,40.46365,40.46365,43.25420,43.25420,43.25420,43.25420,46.04472,46.04472,46.04472,46.04472,37.67308,37.67308,37.67308,37.67308,40.46365,40.46365,40.46365,40.46365,43.25420,43.25420,43.25420,43.25420,46.04472,46.04472,46.04472,46.04472,41.78058635
LON,-95.62500,-92.81250,-90.00000,-87.18750,-95.62500,-92.81250,-90.00000,-87.18750,-95.62500,-92.81250,-90.00000,-87.18750,-95.62500,-92.81250,-90.00000,-87.18750,-95.62500,-92.81250,-90.00000,-87.18750,-95.62500,-92.81250,-90.00000,-87.18750,-95.62500,-92.81250,-90.00000,-87.18750,-95.62500,-92.81250,-90.00000,-87.18750,-90.252073
1958 1.7626908E-08 1.5792454E-08 1.4672879E-08 1.6767450E-08 2.0422464E-08 2.2424192E-08 2.2712413E-08 1.9238394E-08 1.8112011E-08 2.3409966E-08 2.4822526E-08 2.2187386E-08 1.7259564E-08 2.2000377E-08 2.4815799E-08 2.4383704E-08  292.4212 292.3326 291.6795 289.7641 289.4307 288.3826 288.1465 288.4556 285.7918 285.0742 285.3287 286.2437 283.1399 282.3234 282.4761 283.3904  29264.5
1959 1.5235905E-08 1.5778300E-08 1.5357722E-08 1.7257634E-08 1.3471454E-08 1.6956268E-08 1.9139133E-08 1.8104300E-08 1.4466212E-08 1.9865068E-08 2.0844737E-08 1.7369119E-08 1.5546762E-08 2.0938959E-08 2.2968507E-08 2.1251633E-08  293.7115 293.5772 292.7835 290.5822 290.7120 289.5658 289.0722 289.3535 287.0355 286.1092 286.2906 286.2437 284.5465 283.6798 283.6021 284.3850  41790.3
1960 1.5487862E-08 1.5132827E-08 1.5592207E-08 1.6084087E-08 1.4985202E-08 2.0091020E-08 2.2311648E-08 2.0125102E-08 1.5538731E-08 2.2112763E-08 2.3937636E-08 2.1197373E-08 1.5387720E-08 2.1218836E-08 2.3715069E-08 2.3675321E-08  293.7458 293.5695 292.9300 290.7572 290.6638 289.4572 288.9346 289.2528 286.3849 285.5346 285.7183 286.2437 283.4380 282.6036 282.6758 283.5453  117584
1961 2.3307631E-08 2.5002050E-08 2.2807304E-08 2.2020540E-08 2.0305507E-08 2.7283361E-08 3.1748662E-08 2.6848385E-08 1.9805677E-08 2.7487211E-08 2.9830506E-08 2.6163310E-08 1.8232331E-08 2.4347242E-08 2.7372391E-08 2.6451110E-08  293.0228 293.1989 292.8014 290.8766 290.0048 289.0912 288.8198 289.2832 286.0701 285.3513 285.6005 286.2437 283.4797 282.6676 282.6711 283.4135  63351.6
1962 1.7860822E-08 1.7013104E-08 1.5891398E-08 1.5128750E-08 1.9079632E-08 2.2560288E-08 2.4183233E-08 2.1048272E-08 1.6075617E-08 2.1991905E-08 2.3420952E-08 2.0263506E-08 1.5558216E-08 1.9556389E-08 2.1017852E-08 1.9907544E-08  292.9851 293.0773 292.5602 290.4032 289.5758 288.3685 288.0518 288.4827 285.7669 284.7861 284.9259 286.2437 283.3257 282.3186 282.1959 282.9637  84677.4
1963 1.7339312E-08 1.7790184E-08 1.8186713E-08 1.9663801E-08 1.8990043E-08 2.1974694E-08 2.3482052E-08 2.1799201E-08 2.0827708E-08 2.6247028E-08 2.5423558E-08 2.1726148E-08 2.0585540E-08 2.5717544E-08 2.6397304E-08 2.3865265E-08  293.2998 293.1003 292.4836 290.5552 290.4131 289.2411 288.8394 289.1722 286.5230 285.7845 286.0069 286.2437 283.6361 282.9283 282.9642 283.7621  56596.8
1964 1.6651001E-08 1.7198415E-08 1.7712956E-08 2.1397968E-08 1.7537802E-08 1.9945748E-08 2.0359828E-08 1.7918433E-08 1.7035488E-08 2.1699217E-08 2.2278963E-08 1.8090741E-08 1.8311775E-08 2.2876664E-08 2.3920293E-08 2.2676836E-08  293.3790 293.1541 292.2850 290.1968 290.1008 288.8828 288.4458 288.8308 286.3263 285.4112 285.5768 286.2437 283.7510 282.8410 282.7986 283.5247  68993.5
1965 1.6717816E-08 1.7578666E-08 1.9423288E-08 2.0646238E-08 1.7661925E-08 2.2145619E-08 2.4309497E-08 2.3177174E-08 1.5985371E-08 2.0987196E-08 2.1602380E-08 1.9252694E-08 1.5503533E-08 2.0433445E-08 2.1850626E-08 2.1248148E-08  292.9553 292.5134 291.6169 289.6451 290.0732 288.6638 288.2265 288.4480 286.5563 285.5486 285.6467 286.2437 283.9428 283.0256 282.8651 283.5481  157581
1966 1.9744382E-08 2.1446519E-08 2.4588484E-08 2.6821828E-08 1.8979454E-08 2.3565788E-08 2.7101610E-08 2.6165340E-08 1.8086459E-08 2.4968475E-08 2.6079114E-08 2.2572271E-08 1.8393582E-08 2.4615476E-08 2.7379189E-08 2.6445385E-08  293.1814 293.2383 292.7002 290.7164 290.1214 289.1881 288.9394 289.3197 286.3936 285.5945 285.7674 286.2437 283.6584 282.7310 282.6040 283.2364  73064.5
1967 2.0223222E-08 2.0764112E-08 2.3250138E-08 2.7432867E-08 1.8146023E-08 2.2192909E-08 2.4108319E-08 2.4131266E-08 1.9234248E-08 2.4999826E-08 2.6432232E-08 2.3226837E-08 2.1033371E-08 2.6509317E-08 2.8644029E-08 2.6888539E-08  293.7307 293.6269 292.9809 290.8568 291.0044 289.8646 289.4466 289.7952 287.0136 286.2993 286.5467 286.2437 283.9958 283.2770 283.3991 284.1720  56500
1968 2.1971822E-08 2.2718638E-08 2.3336101E-08 2.2057954E-08 2.1124215E-08 2.5846447E-08 2.7306301E-08 2.3480325E-08 1.9732010E-08 2.5324507E-08 2.6814568E-08 2.2424222E-08 1.9421403E-08 2.3749672E-08 2.4638030E-08 2.2989068E-08  293.0598 292.9751 292.4242 290.4899 290.0012 288.8928 288.5272 289.0222 286.2693 285.4531 285.6528 286.2437 283.6935 282.9132 282.9122 283.6627  57796.8
1969 1.9879488E-08 1.9526695E-08 1.9470207E-08 2.0735488E-08 1.9204304E-08 2.3186699E-08 2.5365962E-08 2.2391561E-08 1.9031386E-08 2.5344848E-08 2.5964731E-08 2.1804455E-08 2.1728686E-08 2.5249861E-08 2.5969475E-08 2.3807573E-08  293.4379 293.2995 292.5838 290.4036 290.3206 289.2251 288.8253 289.1762 286.4429 285.7089 285.9892 286.2437 283.3885 282.6884 282.8553 283.7764  119345
1970 1.7139165E-08 1.5798934E-08 1.7235662E-08 1.9401288E-08 1.8865888E-08 2.1486871E-08 2.2216746E-08 2.0843364E-08 1.6747235E-08 2.2122345E-08 2.2998838E-08 1.9253285E-08 1.7553521E-08 2.2962801E-08 2.4878066E-08 2.3014930E-08  293.6066 293.4055 292.5852 290.4659 290.2842 289.2055 288.7285 289.1155 286.3296 285.5410 285.8467 286.2437 283.5889 282.7644 282.8163 283.6634  67554.8
1971 1.8955754E-08 1.8040256E-08 1.7930683E-08 2.0961661E-08 1.9056179E-08 2.2851840E-08 2.4003601E-08 2.0871427E-08 1.7778483E-08 2.3947994E-08 2.4540471E-08 2.0467851E-08 1.5838213E-08 2.0974534E-08 2.2459465E-08 2.1081838E-08  292.9281 292.6921 292.1401 290.1815 290.2105 288.9138 288.4485 288.8348 286.5696 285.5423 285.6190 286.2437 284.0003 283.0695 282.9673 283.6297  69380.6
1972 1.6835623E-08 1.6762460E-08 1.8948915E-08 2.2020679E-08 1.5835539E-08 1.8041055E-08 2.0094841E-08 2.0549844E-08 1.7397108E-08 2.1095422E-08 2.1819393E-08 1.9763968E-08 1.7777818E-08 2.2815371E-08 2.4123176E-08 2.2965464E-08  292.7353 292.3376 291.2640 289.3622 289.7763 288.4835 288.0372 288.2296 286.0075 285.0385 285.2141 286.2437 283.1515 282.1512 282.1771 283.0329  98777.4
1973 1.8936348E-08 1.9897756E-08 1.9909843E-08 2.0344620E-08 1.9599486E-08 2.3962585E-08 2.4131202E-08 2.0664494E-08 1.7430045E-08 2.5188495E-08 2.7210969E-08 2.1699000E-08 1.4039727E-08 1.9909425E-08 2.3469886E-08 2.2706564E-08  292.7436 292.8312 292.2489 290.1154 289.4028 288.6780 288.5133 288.9888 285.6162 285.0183 285.5284 286.2437 283.1509 282.4467 282.6802 283.6756  128297
1974 1.5971406E-08 1.7934852E-08 1.8766109E-08 1.8657069E-08 1.7545686E-08 2.3311985E-08 2.4990465E-08 2.1290544E-08 1.8045023E-08 2.5110813E-08 2.6643599E-08 2.1761711E-08 1.6444483E-08 2.1645540E-08 2.4678872E-08 2.4539123E-08  293.5033 293.2867 292.5080 290.3845 290.3651 289.0857 288.7347 289.1959 286.4722 285.6975 285.9775 286.2437 283.7310 283.0145 283.1378 284.0389  88451.6
1975 1.6022829E-08 1.5353208E-08 1.5896788E-08 1.6013519E-08 1.8163895E-08 2.0729486E-08 2.2425402E-08 1.8552477E-08 2.0519893E-08 2.5398535E-08 2.4481734E-08 1.8999492E-08 1.8771720E-08 2.3478520E-08 2.4215996E-08 2.1853598E-08  293.9745 293.7360 292.8657 290.5776 291.0455 289.6867 289.0031 289.3888 286.8905 285.9603 285.9899 286.2437 284.1106 283.1494 283.0406 283.7748  149168
1976 1.8779762E-08 1.8110814E-08 1.8205487E-08 1.8491212E-08 1.9426693E-08 2.3595977E-08 2.5639753E-08 2.2138350E-08 2.1271232E-08 2.7582090E-08 2.8102365E-08 2.2644697E-08 2.0392172E-08 2.6637036E-08 2.8839469E-08 2.7317949E-08  292.7253 292.6469 292.0947 289.9932 289.7543 288.6188 288.3171 288.6871 285.7492 284.9854 285.2498 286.2437 282.8407 282.0258 282.1359 282.9485  50164.5
1977 1.7512063E-08 1.7213795E-08 1.8266110E-08 1.9515220E-08 1.5758634E-08 1.9420384E-08 2.0798437E-08 1.8517305E-08 1.5588881E-08 1.9871681E-08 2.1288605E-08 1.7616239E-08 1.6979136E-08 2.1238245E-08 2.3231900E-08 2.2388148E-08  293.2005 293.0717 292.3899 290.3843 290.3701 289.1065 288.7077 289.0721 286.6959 285.7207 285.7592 286.2437 284.0012 282.9775 282.8089 283.4275  23190.3
1978 1.9116952E-08 2.0888343E-08 2.1590536E-08 2.2491063E-08 1.8357921E-08 2.3936229E-08 2.5235529E-08 1.9827867E-08 1.9457541E-08 2.5084743E-08 2.5550598E-08 1.9271045E-08 1.7660110E-08 2.2995209E-08 2.4155982E-08 2.2307848E-08  293.7014 293.4465 292.7519 290.9123 290.9233 289.6955 289.2137 289.5725 287.1464 286.2658 286.3381 286.2437 284.5839 283.6992 283.5684 284.1993  59651.6
1979 2.0466965E-08 2.0988287E-08 2.2383665E-08 2.4204223E-08 1.7996896E-08 2.1959947E-08 2.3883816E-08 2.2578421E-08 1.6306689E-08 1.9710354E-08 2.0002588E-08 1.7246849E-08 1.6145384E-08 2.0057517E-08 2.1726667E-08 2.0338760E-08  292.9249 292.8790 292.2195 290.2128 290.2569 289.0821 288.7737 289.1786 286.7898 285.9244 286.1274 286.2437 284.2054 283.3798 283.4232 284.2335  132161
1980 1.8903940E-08 1.9159893E-08 2.0012033E-08 2.1735787E-08 1.6841582E-08 2.0647731E-08 2.2794024E-08 2.0544014E-08 1.5103334E-08 1.9625370E-08 2.1016046E-08 1.8499906E-08 1.7918330E-08 2.1965658E-08 2.2335627E-08 2.1666562E-08  293.0176 292.9222 292.4380 290.5018 290.2322 289.1067 288.7112 289.1590 286.5823 285.7621 285.9483 286.2437 283.8604 283.1185 283.1100 283.8174  31248.4
1981 1.5203772E-08 1.3778103E-08 1.6075537E-08 1.7739117E-08 1.5816005E-08 1.9233998E-08 2.1271902E-08 1.9718799E-08 1.8569377E-08 2.3358986E-08 2.3673556E-08 1.9726279E-08 1.8555330E-08 2.2643935E-08 2.3759650E-08 2.2116067E-08  293.3983 293.3842 292.6123 290.5548 290.6011 289.3886 288.8969 289.3044 286.8636 285.9387 286.1224 286.2437 284.1343 283.2889 283.3235 284.1543  58971
1982 1.8022215E-08 1.7947691E-08 2.0158737E-08 2.3278554E-08 1.7002094E-08 1.9550294E-08 2.0946063E-08 1.9659394E-08 1.9183336E-08 2.3195106E-08 2.2541975E-08 1.8701677E-08 1.8105412E-08 2.3441588E-08 2.5309282E-08 2.3768647E-08  293.8285 293.7291 292.9265 290.9245 291.0047 289.8871 289.5089 289.8376 287.1947 286.4557 286.6193 286.1135 284.3070 283.5314 283.4973 284.2021  111629
1983 1.6335964E-08 1.7169015E-08 1.8440469E-08 1.8350132E-08 1.4908172E-08 1.9361222E-08 2.1838606E-08 1.9244442E-08 1.4442168E-08 2.0119641E-08 2.3011733E-08 1.9861178E-08 1.5322906E-08 1.8972532E-08 2.1367901E-08 2.1606827E-08  293.6422 293.4076 292.4750 290.2273 290.3543 289.2384 288.9049 289.1987 286.8712 286.0634 286.2147 286.2441 284.4604 283.6346 283.6694 284.3230  100303
1984 1.8585576E-08 1.8712971E-08 2.0016698E-08 2.0142929E-08 2.0264141E-08 2.4581675E-08 2.5288461E-08 2.0408311E-08 1.8661336E-08 2.4976838E-08 2.5603608E-08 2.1133078E-08 1.5711965E-08 2.0932854E-08 2.3824759E-08 2.3442254E-08  293.0597 293.0516 292.5087 290.4134 290.5333 289.4966 289.0312 289.5617 286.8331 286.0825 286.3445 286.1771 284.0769 283.3385 283.4554 284.2765  110813
1985 1.4374352E-08 1.5584410E-08 1.7770361E-08 1.9694939E-08 1.4088698E-08 1.8156680E-08 2.0977133E-08 2.0900236E-08 1.4788184E-08 1.9780691E-08 2.2314241E-08 2.0732369E-08 1.4801273E-08 1.8184465E-08 2.0686430E-08 2.1135113E-08  293.2117 292.8034 291.8685 289.7893 290.6229 289.1867 288.5547 289.0380 286.8220 285.8184 285.9032 286.2231 283.9749 283.1161 283.0235 283.7463  86361.3
1986 2.5979098E-08 2.6229708E-08 2.6289470E-08 2.6671120E-08 2.4710273E-08 3.0732810E-08 3.0884628E-08 2.7903749E-08 2.4397927E-08 3.0103557E-08 2.8799944E-08 2.3891346E-08 2.3070598E-08 2.7955794E-08 2.8938665E-08 2.6666763E-08  292.3893 292.4187 291.8150 290.0214 289.8028 288.7864 288.5992 289.0584 286.3334 285.5942 285.9890 286.1671 283.9290 283.2052 283.3137 284.2049  128194
1987 1.7528725E-08 1.6472210E-08 2.0045700E-08 2.2354909E-08 1.6230826E-08 1.8894740E-08 2.0709619E-08 2.0234237E-08 2.0081254E-08 2.3518348E-08 2.3461698E-08 1.9923693E-08 2.1151562E-08 2.5228170E-08 2.5970282E-08 2.4466562E-08  293.8351 293.6261 292.6371 290.5009 291.2606 290.0741 289.4684 289.7215 287.6240 286.7741 286.8028 286.2976 284.6970 283.8568 283.7836 284.3289  39290.3
1988 1.2260802E-08 1.1132596E-08 1.2160477E-08 1.4874210E-08 1.3243980E-08 1.5212024E-08 1.7190475E-08 1.6813928E-08 1.4872120E-08 1.9562862E-08 2.0867660E-08 1.7779829E-08 1.5159330E-08 1.9902469E-08 2.1699863E-08 2.0707079E-08  294.4452 294.3173 293.5018 290.9495 291.1012 289.9989 289.2659 289.6075 286.7899 285.9660 286.1133 286.2015 283.7043 282.9175 282.8477 283.5719  33971
1989 1.3196021E-08 1.3926918E-08 1.4394311E-08 1.4998314E-08 1.4363461E-08 1.7075136E-08 1.9281584E-08 1.7290311E-08 1.5586295E-08 1.9547157E-08 2.0316310E-08 1.7773671E-08 1.4247819E-08 1.9121396E-08 2.0677007E-08 2.0338348E-08  293.4740 293.1382 292.3502 289.9536 290.6995 289.3137 288.4807 288.7931 286.6329 285.6124 285.6833 286.1693 283.7102 282.8873 282.7816 283.4130  45732.3
1990 2.1044517E-08 2.1693479E-08 2.1004137E-08 2.1185736E-08 1.9335742E-08 2.3645045E-08 2.6312895E-08 2.2723098E-08 1.9753989E-08 2.4929292E-08 2.6178276E-08 2.2089495E-08 2.0451182E-08 2.4858442E-08 2.6127100E-08 2.4384358E-08  293.3667 293.3440 292.7109 290.7771 290.5057 289.4032 289.0297 289.5321 286.6609 285.9843 286.3199 286.2320 283.9795 283.3896 283.5692 284.4843  65222.6
1991 1.4673237E-08 1.5204401E-08 1.7499257E-08 2.0336552E-08 1.7240771E-08 2.1407430E-08 2.2781292E-08 2.0501901E-08 1.7410752E-08 2.3731992E-08 2.5049292E-08 2.1107661E-08 1.7657785E-08 2.1508672E-08 2.3041842E-08 2.1539526E-08  293.6672 293.3842 292.2168 290.2337 290.9495 289.6381 289.2514 289.5095 287.3271 286.3599 286.4950 286.2940 284.6656 283.7231 283.6367 284.3939  106897
1992 1.9924364E-08 2.0736861E-08 2.1682979E-08 2.1401299E-08 1.8488095E-08 2.4495156E-08 2.8419842E-08 2.6087559E-08 1.8565023E-08 2.5828109E-08 2.8665566E-08 2.5486397E-08 1.9821073E-08 2.5589959E-08 2.7639121E-08 2.6950955E-08  292.6496 292.3963 291.5580 289.6720 289.5527 288.3859 288.0707 288.4646 285.8920 284.9552 285.1880 286.2028 283.3475 282.3933 282.3187 283.1729  80651.6
1993 2.7942500E-08 2.6725612E-08 2.4627084E-08 2.1423951E-08 2.5756298E-08 3.0605847E-08 3.2026932E-08 2.5582562E-08 2.2999521E-08 2.8561670E-08 2.8059196E-08 2.2406013E-08 2.2949225E-08 2.6215883E-08 2.6601919E-08 2.4432627E-08  293.3005 293.2269 292.5840 290.7652 290.7453 289.6845 289.4456 289.7868 287.4759 286.7167 286.9589 286.1982 284.8269 284.1844 284.2438 284.9037  138161
1994 1.6308300E-08 1.6618534E-08 1.7526656E-08 2.0363636E-08 1.5696505E-08 2.1413781E-08 2.4271648E-08 2.2480586E-08 1.4334123E-08 2.0294440E-08 2.3280641E-08 2.0886137E-08 1.4000057E-08 1.8827718E-08 2.1803070E-08 2.1452722E-08  293.1790 292.9894 292.0020 289.8917 290.0226 288.8078 288.5025 288.8412 286.1885 285.3965 285.6234 286.1413 283.6994 282.7832 282.8392 283.5644  105939
1995 1.5142994E-08 1.4693373E-08 1.5211903E-08 1.6688883E-08 1.6888707E-08 1.9613655E-08 2.0917225E-08 1.8437346E-08 1.7319598E-08 2.1448487E-08 2.1604231E-08 1.8167228E-08 1.6746970E-08 2.0669763E-08 2.1857876E-08 2.0379691E-08  294.1174 293.8444 292.8926 290.5543 290.7744 289.5083 288.9846 289.2272 286.9763 285.9831 286.0143 286.2622 284.2166 283.2018 283.0729 283.7655  103552
1996 1.5057029E-08 1.4683367E-08 1.5867069E-08 1.8830123E-08 1.6108453E-08 1.9675527E-08 2.1248560E-08 1.9390972E-08 1.5451851E-08 1.9592077E-08 2.0816337E-08 1.7964105E-08 1.6265439E-08 1.9433751E-08 2.0162528E-08 1.9314450E-08  293.6747 293.5056 292.7649 290.6280 290.8473 289.5952 289.0215 289.4441 286.9537 286.0348 286.0770 286.0651 284.1372 283.1841 283.0965 283.7658  125377
1997 2.1828196E-08 2.0701398E-08 2.0101252E-08 1.8922815E-08 1.8289514E-08 2.3648216E-08 2.4565576E-08 1.9793863E-08 1.9159621E-08 2.4920634E-08 2.6681001E-08 2.0622297E-08 1.8653841E-08 2.3584159E-08 2.5064361E-08 2.2629534E-08  293.3498 293.4278 293.0168 290.9032 290.9752 289.8318 289.3901 289.8215 287.5063 286.6085 286.7195 286.1749 284.8719 283.9800 283.9781 284.7778  96429
1998 1.0395940E-08 1.2143019E-08 1.4156337E-08 1.6852820E-08 1.0908975E-08 1.3796092E-08 1.6690862E-08 1.6803039E-08 1.2903003E-08 1.6836200E-08 1.8032303E-08 1.5964570E-08 1.4734739E-08 1.9613960E-08 2.1324805E-08 2.0245007E-08  293.8256 293.2471 292.0782 289.8629 290.4073 289.1663 288.6333 288.8432 286.5712 285.6576 285.7502 286.3793 283.6065 282.6558 282.5963 283.3127  58500
1999 1.1867001E-08 1.4719960E-08 1.6759431E-08 1.9658815E-08 1.2525384E-08 1.4258886E-08 1.6590340E-08 1.6887080E-08 1.5584490E-08 1.9111852E-08 1.9911550E-08 1.6818396E-08 1.4871178E-08 1.9434486E-08 2.1142391E-08 2.0806347E-08  293.7892 293.5952 293.0759 290.9015 290.8979 289.9083 289.2780 289.7650 286.5685 285.8928 286.1930 286.3450 283.6273 282.8537 282.9902 283.7856  109506
2000 1.4351521E-08 1.4804269E-08 1.5566330E-08 1.9133491E-08 1.4934708E-08 1.9447189E-08 2.2200821E-08 2.0904789E-08 1.7295807E-08 2.2869356E-08 2.4039220E-08 2.1197829E-08 1.7889835E-08 2.2994303E-08 2.5470207E-08 2.5995417E-08  294.0383 294.0721 293.4827 291.2548 291.1125 290.0942 289.4024 289.7334 286.6883 285.9041 286.1523 286.4011 283.4641 282.7257 282.8687 283.6776  50380.6
2001 1.9136584E-08 2.2185377E-08 2.4821574E-08 2.5487743E-08 1.9541226E-08 2.5833577E-08 3.0425227E-08 2.7844701E-08 1.8359602E-08 2.3557403E-08 2.4853065E-08 2.1433804E-08 1.5735406E-08 2.0877247E-08 2.2568058E-08 2.1402574E-08  292.9705 292.9639 292.2917 290.3227 290.1329 289.0995 288.6590 289.0483 286.4581 285.6342 285.8675 286.2444 283.8663 282.9521 282.8990 283.6297  185161
2002 1.4698351E-08 1.6239827E-08 1.7461975E-08 1.8307837E-08 1.6654122E-08 1.9247070E-08 2.0596602E-08 1.9780957E-08 1.7282975E-08 2.1914323E-08 2.1941091E-08 1.9185586E-08 1.7217387E-08 2.1535030E-08 2.3122613E-08 2.2049045E-08  293.8311 293.4659 292.5215 290.4528 290.9936 289.6726 289.0992 289.4018 287.1712 286.2209 286.3246 286.3640 284.2903 283.4614 283.4047 284.1232  97480.6
2003 1.6487078E-08 1.7545178E-08 1.8456424E-08 2.0553275E-08 1.7001655E-08 2.1649207E-08 2.2929642E-08 2.1638812E-08 1.5835147E-08 2.2670918E-08 2.5099006E-08 2.2921199E-08 1.6179152E-08 2.1134197E-08 2.4004178E-08 2.4745864E-08  293.0972 292.8944 292.0352 289.9534 290.0176 288.8689 288.4479 288.8011 286.0841 285.2613 285.4854 286.1981 283.4106 282.4975 282.4034 283.1871  113642
2004 2.0493889E-08 1.8468777E-08 1.8212029E-08 2.0152511E-08 1.9317074E-08 2.1408976E-08 2.0467240E-08 1.8763167E-08 1.7900316E-08 2.3124338E-08 2.2152273E-08 1.6822309E-08 1.8300414E-08 2.3305363E-08 2.5251357E-08 2.2706942E-08  293.8982 293.7430 293.0943 290.9977 291.5148 290.1583 289.5474 289.9182 288.1333 287.1884 287.3006 286.3052 285.3127 284.5576 284.5622 285.2423  73625.8
2005 2.3154998E-08 2.4885505E-08 2.5142487E-08 2.4492550E-08 2.2033472E-08 2.8232861E-08 3.1198056E-08 2.6448362E-08 2.0327917E-08 2.7580388E-08 2.9145273E-08 2.3841665E-08 1.8974445E-08 2.4523777E-08 2.6832504E-08 2.6080308E-08  293.5346 293.3873 292.6711 290.4960 290.3995 289.3330 288.9153 289.2463 286.5353 285.6795 285.9567 286.3983 283.7399 282.8981 282.9634 283.7888  62622.6
2006 1.5960010E-08 1.4991103E-08 1.6840374E-08 1.8703858E-08 1.4064948E-08 1.6704472E-08 1.9957522E-08 1.9317547E-08 1.5044630E-08 1.9747063E-08 2.1940195E-08 1.9998444E-08 1.5587707E-08 2.0383730E-08 2.3696948E-08 2.4284587E-08  294.1110 293.7775 292.7441 290.5031 291.1575 289.7793 289.0568 289.2241 287.0076 286.1320 286.2036 286.3729 284.1643 283.3744 283.2875 283.9223  86441.9
2007 1.2007315E-08 1.2387529E-08 1.3976257E-08 1.6509365E-08 1.3384148E-08 1.8247007E-08 2.0596591E-08 1.9088255E-08 1.4340755E-08 1.9683627E-08 2.1064769E-08 1.9383132E-08 1.5816926E-08 2.0969679E-08 2.2726637E-08 2.2331443E-08  294.7742 294.5242 293.5705 291.0757 291.7694 290.3759 289.6476 289.8309 287.7899 286.6727 286.5206 286.2827 284.8336 283.8058 283.6448 284.1758  53654.8
2008 1.5188091E-08 1.5181847E-08 1.5952734E-08 1.8331646E-08 1.6269283E-08 1.9906103E-08 2.1423014E-08 2.0689621E-08 1.6148618E-08 2.2179668E-08 2.2967081E-08 1.9930528E-08 1.5663590E-08 2.0178527E-08 2.2009164E-08 2.1752060E-08  294.1063 293.9272 293.1640 290.7592 290.9499 289.7347 289.2080 289.5721 286.7982 285.8675 286.1714 286.2903 283.8993 283.0925 283.1142 283.9980  128106
2009 1.5451567E-08 1.4488471E-08 1.6142646E-08 1.8690120E-08 1.6929269E-08 2.0081254E-08 2.1059776E-08 1.9313077E-08 1.8647553E-08 2.4645459E-08 2.4873094E-08 2.1282181E-08 1.9214413E-08 2.4453996E-08 2.4885148E-08 2.2961521E-08  293.7346 293.5699 292.7513 290.6369 290.6894 289.4044 288.8163 289.1513 286.7182 285.8615 285.9940 286.2778 283.8623 283.1182 283.1452 283.9682  60616.1
2010 9.9435660E-09 1.1225892E-08 1.3835347E-08 1.6308750E-08 1.0951484E-08 1.3254046E-08 1.5939465E-08 1.4814346E-08 1.4053628E-08 1.7569505E-08 1.9121515E-08 1.5685778E-08 1.6027412E-08 2.0443094E-08 2.2148075E-08 2.1845217E-08  0.0000000E+00 0.0000000E+00 0.0000000E+00 0.0000000E+00 0.0000000E+00 0.0000000E+00 0.0000000E+00 0.0000000E+00 0.0000000E+00 0.0000000E+00 0.0000000E+00 0.0000000E+00 0.0000000E+00 0.0000000E+00 0.0000000E+00 0.0000000E+00  60316.1
2011 1.3715288E-08 1.3998588E-08 1.6331812E-08 1.8668070E-08 1.5523767E-08 1.7896387E-08 2.0071489E-08 1.8371306E-08 1.7743975E-08 2.1277685E-08 2.1915563E-08 1.8644943E-08 1.9204574E-08 2.2936721E-08 2.4903178E-08 2.4029626E-08  294.5423 294.3776 293.7537 291.5073 291.7588 290.4933 289.8856 290.4023 287.4703 286.6579 286.8238 286.2516 284.3121 283.5765 283.5394 284.3051  131161
2012 1.6463485E-08 1.7245524E-08 2.1161270E-08 2.2142581E-08 1.5791045E-08 2.0189590E-08 2.3411296E-08 2.2475334E-08 1.4910531E-08 2.0326846E-08 2.1889845E-08 1.8766062E-08 1.6293672E-08 2.0841817E-08 2.2458217E-08 2.1407780E-08  293.2157 292.9816 292.3219 290.2916 290.6056 289.2222 288.7840 288.9959 286.7925 285.8572 285.9622 286.5667 284.0612 283.2000 283.1823 283.9305  72351.6
2013 1.3257366E-08 1.3267645E-08 1.4163929E-08 1.7355958E-08 1.4776743E-08 1.8440868E-08 1.9557792E-08 1.6980440E-08 1.6501415E-08 2.0508095E-08 2.2563432E-08 1.8657657E-08 1.7712155E-08 2.2545448E-08 2.3900640E-08 2.2775501E-08  294.3289 294.1065 293.4198 291.2011 290.9941 289.7966 289.2785 289.7146 286.6996 285.8659 286.0759 286.2937 283.9439 283.0815 283.0921 283.8652  133903
2014 1.5030409E-08 1.4922731E-08 1.4716689E-08 1.6714582E-08 1.4020119E-08 1.7496811E-08 1.9418913E-08 1.8484684E-08 1.4669548E-08 1.9157486E-08 2.1134280E-08 1.9091569E-08 1.5535147E-08 2.0219419E-08 2.2890918E-08 2.3090697E-08  293.3670 293.1008 292.3004 290.0650 290.4827 289.0435 288.6444 289.0565 286.5644 285.6081 285.8131 286.1113 283.8992 282.9189 282.8433 283.5560  152484
2015 1.7622016E-08 1.9833582E-08 2.1441185E-08 2.4120942E-08 1.7292457E-08 2.1012264E-08 2.3440156E-08 2.3166928E-08 1.8245535E-08 2.2435103E-08 2.3777833E-08 2.0827855E-08 1.6828565E-08 2.1295945E-08 2.2020162E-08 2.0954014E-08  292.5688 292.4077 291.5963 289.5748 289.8108 288.7867 288.4488 288.7428 286.3170 285.5283 285.7835 286.2177 283.8352 283.0233 283.0635 283.7823  53961.3
