STN,prec_1,prec_2,prec_3,prec_4,prec_5,prec_6,prec_7,prec_8,prec_9,prec_10,prec_11,prec_12,prec_13,prec_14,prec_15,prec_16,st_1,st_2,st_3,st_4,st_5,st_6,st_7,st_8,st_9,st_10,st_11,st_12,st_13,st_14,st_15,st_16,08.0
LAT,37.67308,37.67308,37.67308,37.67308,40.46365,40.46365,40.46365,40.46365,43.25420,43.25420,43.25420,43.25420,46.04472,46.04472,46.04472,46.04472,37.67308,37.67308,37.67308,37.67308,40.46365,40.46365,40.46365,40.46365,43.25420,43.25420,43.25420,43.25420,46.04472,46.04472,46.04472,46.04472,41.78058635
LON,-95.62500,-92.81250,-90.00000,-87.18750,-95.62500,-92.81250,-90.00000,-87.18750,-95.62500,-92.81250,-90.00000,-87.18750,-95.62500,-92.81250,-90.00000,-87.18750,-95.62500,-92.81250,-90.00000,-87.18750,-95.62500,-92.81250,-90.00000,-87.18750,-95.62500,-92.81250,-90.00000,-87.18750,-95.62500,-92.81250,-90.00000,-87.18750,-90.252073
1958 2.5505287E-08 3.1656530E-08 3.9249752E-08 4.5733277E-08 1.9669745E-08 2.7822827E-08 3.5548851E-08 3.6091972E-08 1.7199913E-08 2.3723910E-08 2.8982107E-08 3.2841658E-08 1.5851731E-08 1.9789729E-08 2.2879115E-08 2.7245616E-08  276.0968 276.0193 276.2602 275.6290 272.4883 271.1773 271.3591 272.3761 267.4822 266.4761 267.5167 275.5627 265.6167 265.1731 265.6731 266.9308  17303.2
1959 2.1441426E-08 2.7779221E-08 3.5353029E-08 4.4759933E-08 1.6592830E-08 2.3572586E-08 3.0355263E-08 3.3053126E-08 1.6253399E-08 2.1386514E-08 2.4452920E-08 2.9994126E-08 1.6264442E-08 1.9921663E-08 2.1685958E-08 2.4674778E-08  274.8015 274.4326 274.7271 274.0892 270.9332 269.5085 269.8611 270.9641 265.7686 264.7816 266.0909 275.5643 263.6111 263.3462 264.1122 265.6284  26367.7
1960 1.9738584E-08 2.5200379E-08 3.4127837E-08 4.2843038E-08 1.6074816E-08 2.2247276E-08 2.9041750E-08 3.2232393E-08 1.6072120E-08 2.0535971E-08 2.3279510E-08 2.7899754E-08 1.6407972E-08 1.8902064E-08 1.9982553E-08 2.2921769E-08  275.1472 274.9379 275.2216 274.6437 271.4106 270.1078 270.4945 271.6049 266.3785 265.5049 266.8081 275.5627 264.5070 264.1656 264.9787 266.3377  24616.1
1961 2.1311983E-08 2.8141146E-08 3.8047951E-08 4.7981402E-08 1.7128938E-08 2.3524180E-08 3.0647303E-08 3.3690657E-08 1.6976701E-08 2.0724034E-08 2.2702704E-08 2.7384944E-08 1.7841991E-08 2.1102895E-08 2.1920721E-08 2.3924358E-08  275.2850 274.9428 275.1045 274.5018 271.8085 270.2070 270.4436 271.4646 267.0699 265.9109 266.9427 275.5627 265.1125 264.6849 265.2308 266.6050  21700
1962 1.9221131E-08 2.5426397E-08 3.4290757E-08 4.4038416E-08 1.6141378E-08 2.4173550E-08 3.2795779E-08 3.5939870E-08 1.6351631E-08 2.3077998E-08 2.7689778E-08 3.3023923E-08 1.7410242E-08 2.1343460E-08 2.3455069E-08 2.6868996E-08  275.8421 275.6783 275.7881 274.9034 272.0536 270.7470 271.0454 271.8816 266.8095 265.9902 267.1291 275.5627 264.8194 264.4126 265.0018 266.2690  37638.7
1963 2.3075097E-08 2.8829769E-08 3.4838152E-08 4.0014747E-08 1.8121103E-08 2.4296590E-08 2.9292112E-08 2.9632430E-08 1.7354767E-08 2.1168672E-08 2.3356865E-08 2.7889911E-08 1.5771652E-08 1.8245901E-08 2.0335492E-08 2.3952202E-08  274.7864 274.7835 274.9730 274.3152 271.0921 269.8911 270.3420 271.4905 266.5644 265.6079 266.8257 275.5643 264.5068 263.9424 264.6681 266.1086  26274.2
1964 2.3079824E-08 2.6099023E-08 3.2883325E-08 4.2976172E-08 1.6280731E-08 2.3240288E-08 3.0086234E-08 3.2124134E-08 1.4903502E-08 1.9321075E-08 2.2171809E-08 2.7485333E-08 1.6243662E-08 1.8850715E-08 1.9766533E-08 2.2981832E-08  274.9913 275.1079 275.7108 275.0276 271.1213 269.8559 270.4514 271.5652 266.2451 265.2536 266.3882 275.5627 264.2174 263.8093 264.4749 265.9240  14616.1
1965 1.9268361E-08 2.2865271E-08 3.0127559E-08 3.8923371E-08 1.5515361E-08 2.0214989E-08 2.6071824E-08 2.9659216E-08 1.4134439E-08 1.7630857E-08 1.9525849E-08 2.4419899E-08 1.4922719E-08 1.7723094E-08 1.8651537E-08 2.1019016E-08  276.1721 275.6512 275.5924 274.7443 272.5777 271.0855 271.1262 272.0030 267.9750 266.8345 267.9142 275.5627 265.9003 265.3659 265.8326 267.0734  28190.3
1966 2.3871134E-08 2.8767088E-08 3.6797243E-08 4.3314618E-08 1.8479213E-08 2.4471218E-08 3.1138583E-08 3.2068236E-08 1.5501874E-08 2.0213413E-08 2.3387848E-08 2.8642942E-08 1.5097321E-08 1.7834656E-08 1.9647215E-08 2.2796630E-08  274.6333 274.5507 274.7149 273.9892 271.2045 269.8609 270.0792 271.1161 266.5061 265.2801 266.4400 275.5627 264.3614 263.7119 264.3476 265.7688  29671
1967 1.8793878E-08 2.4522381E-08 3.2828343E-08 4.0220979E-08 1.5684641E-08 2.2456213E-08 2.8386410E-08 3.0167016E-08 1.5821840E-08 1.9192857E-08 2.0663780E-08 2.5653820E-08 1.5178390E-08 1.8098703E-08 1.9291587E-08 2.1528120E-08  274.7526 274.4754 274.6550 273.9362 271.1748 269.9039 270.2562 271.2597 266.5511 265.6919 266.8712 275.5643 264.7591 264.3713 265.0561 266.4758  24419.4
1968 2.0285924E-08 2.5570445E-08 3.2532682E-08 3.7840962E-08 1.8098392E-08 2.2887820E-08 2.7336306E-08 2.7635481E-08 1.6349020E-08 1.9749475E-08 2.0552568E-08 2.4319995E-08 1.5033006E-08 1.8386570E-08 1.9889185E-08 2.2258547E-08  275.3420 274.8093 274.7452 273.8536 271.4958 270.1412 270.4095 271.3990 266.5731 265.5315 266.8627 275.5627 264.7472 264.3135 264.9254 266.3186  44829
1969 2.6972101E-08 3.2088693E-08 3.7215340E-08 3.9648850E-08 1.8155927E-08 2.4565498E-08 3.1016889E-08 3.1111917E-08 1.4866552E-08 2.0059867E-08 2.3215588E-08 2.6698070E-08 1.5341488E-08 1.8315607E-08 1.9975229E-08 2.2622757E-08  275.5770 275.6183 275.8110 275.1338 272.4816 271.3508 271.9095 272.8499 268.0418 267.1234 268.4076 275.5627 266.1884 265.7065 266.3052 267.6367  27887.1
1970 1.7694939E-08 2.4241190E-08 3.5367758E-08 4.4893564E-08 1.4451209E-08 2.1526693E-08 3.0376011E-08 3.4058921E-08 1.6333345E-08 2.2680460E-08 2.6150486E-08 3.0963875E-08 1.7941707E-08 2.1961599E-08 2.3944631E-08 2.6604864E-08  275.5972 275.4385 275.4519 274.6294 271.6200 270.4509 270.7265 271.5847 266.2358 265.4204 266.5291 275.5627 264.2137 263.7780 264.3674 265.6857  22400
1971 2.1899751E-08 2.8628772E-08 3.8136008E-08 4.7117855E-08 1.6850068E-08 2.5320579E-08 3.3130480E-08 3.5420044E-08 1.6355244E-08 2.1908276E-08 2.5482496E-08 2.9983291E-08 1.7725812E-08 2.0826016E-08 2.2924048E-08 2.6061008E-08  275.4525 275.4362 275.7377 275.1173 271.6959 270.3959 270.6144 271.6709 266.8380 265.4832 266.7554 275.5643 264.6046 263.9601 264.4199 265.8828  26112.9
1972 2.4493852E-08 3.0987341E-08 3.8668251E-08 4.1553943E-08 1.9201664E-08 2.3586509E-08 2.7562512E-08 2.7875135E-08 1.5257038E-08 1.8973020E-08 2.0423856E-08 2.3679142E-08 1.3230537E-08 1.5850890E-08 1.7822906E-08 2.0175627E-08  274.7677 274.5201 274.8032 274.1894 271.4369 270.0831 270.5770 271.7424 266.9179 265.9380 267.4119 275.5627 265.3254 265.0087 265.8253 267.2633  81906.5
1973 2.1559742E-08 2.6696275E-08 3.5560255E-08 4.6034437E-08 1.6868315E-08 2.4846232E-08 3.2807922E-08 3.5187892E-08 1.7401618E-08 2.3912134E-08 2.8174016E-08 3.1985326E-08 1.7633434E-08 2.2164162E-08 2.4309337E-08 2.6843690E-08  276.3742 276.3664 276.5432 275.6465 272.0562 270.9838 271.1467 271.9412 266.6663 265.6393 266.7414 275.5627 264.4369 263.8400 264.3408 265.6344  38132.3
1974 1.9120403E-08 2.3465141E-08 3.1458299E-08 3.9718334E-08 1.8563634E-08 2.3897565E-08 2.8908699E-08 3.0800997E-08 1.7338795E-08 2.0876849E-08 2.2706166E-08 2.6901423E-08 1.6951640E-08 1.9213362E-08 2.0534454E-08 2.3526308E-08  276.2259 275.8145 275.7058 274.7277 272.1069 270.6185 270.8723 271.7863 266.8061 265.8051 267.0612 275.5627 264.7378 264.3197 265.0834 266.4551  32712.9
1975 2.0235646E-08 2.5942700E-08 3.4769478E-08 4.2838522E-08 1.5320328E-08 2.2599146E-08 3.0995963E-08 3.5056015E-08 1.4173104E-08 1.9959936E-08 2.4272245E-08 3.1124628E-08 1.3846710E-08 1.7079236E-08 1.9567736E-08 2.4250864E-08  274.7689 274.5940 274.7775 274.0257 271.0156 269.6013 269.8641 270.9410 265.7501 264.6782 265.9470 275.5643 263.8302 263.2601 263.9097 265.4934  32406.5
1976 2.0099396E-08 2.4459487E-08 3.1977173E-08 4.0944116E-08 1.4850868E-08 2.1203515E-08 2.6890456E-08 2.9871018E-08 1.4653186E-08 1.8767444E-08 2.0831417E-08 2.5899668E-08 1.5820330E-08 1.8606373E-08 1.9476504E-08 2.1605583E-08  275.3115 275.1780 275.4070 274.6464 271.6191 270.2552 270.5581 271.5392 266.5740 265.5581 266.7398 275.5627 264.5983 264.2791 264.8027 266.1175  17148.4
1977 1.9344020E-08 2.8128825E-08 4.2056399E-08 5.2703015E-08 1.4645227E-08 2.3376721E-08 3.3324525E-08 3.8502133E-08 1.5069944E-08 2.1100186E-08 2.4345152E-08 3.0006927E-08 1.5604659E-08 1.9753349E-08 2.1198064E-08 2.3402508E-08  274.9882 274.6655 274.8487 274.3229 271.2631 269.6116 269.8128 270.9825 265.9877 264.9396 266.3149 275.5627 263.9891 263.6676 264.4341 266.0154  15360
1978 1.7845775E-08 2.3032813E-08 2.9441724E-08 3.9004856E-08 1.3886819E-08 1.9522602E-08 2.5497744E-08 2.8742285E-08 1.3775089E-08 1.8007787E-08 2.0025599E-08 2.6333137E-08 1.4064353E-08 1.6924103E-08 1.8575115E-08 2.1859877E-08  275.0523 274.7104 274.7592 273.9446 271.3669 269.7926 269.9432 271.0428 265.9315 264.7884 266.0017 275.5627 263.8732 263.4728 264.0616 265.5129  42287.1
1979 2.6226932E-08 3.3015187E-08 4.4360483E-08 5.4220909E-08 2.0976795E-08 2.8175045E-08 3.5696072E-08 3.9180385E-08 1.8864894E-08 2.3474104E-08 2.5021732E-08 2.9722676E-08 1.9179680E-08 2.2520748E-08 2.3065763E-08 2.5344418E-08  274.8023 274.6830 274.9689 274.5252 270.9403 269.6856 270.1551 271.3538 265.9629 265.1563 266.4890 275.5643 264.1233 263.7887 264.5909 266.1270  59093.5
1980 2.3491085E-08 2.9341269E-08 3.6761289E-08 4.2146414E-08 1.9282695E-08 2.6519404E-08 3.3315111E-08 3.4342296E-08 1.6880094E-08 2.0904945E-08 2.3653474E-08 2.8739658E-08 1.6696863E-08 1.9260860E-08 2.0654779E-08 2.3773925E-08  274.9600 274.6422 274.7745 274.0468 271.4433 270.0903 270.3409 271.4085 267.0266 265.9714 267.0530 275.5627 265.1193 264.5550 265.1369 266.4886  40064.5
1981 2.2801126E-08 2.8078954E-08 3.6015908E-08 4.4729028E-08 1.7254898E-08 2.5321514E-08 3.3000806E-08 3.4752048E-08 1.6544721E-08 2.3219467E-08 2.7653108E-08 3.2228900E-08 1.7471812E-08 2.1785084E-08 2.4114044E-08 2.6432110E-08  276.0516 275.8172 276.0571 275.4662 272.3110 271.0983 271.2763 272.2572 266.9236 265.9098 267.1897 275.5627 264.6276 264.1809 264.8365 266.2699  46458.1
1982 2.1026896E-08 2.6406122E-08 3.4720820E-08 4.0168437E-08 1.6055905E-08 2.0941716E-08 2.7054188E-08 2.9405221E-08 1.4318111E-08 1.7551175E-08 1.9295078E-08 2.3693588E-08 1.3668800E-08 1.6393860E-08 1.8354863E-08 2.1056007E-08  274.2506 273.9570 274.1927 273.8229 271.0446 269.7341 270.1824 271.3658 266.4712 265.6360 266.8977 275.1253 264.8318 264.4699 265.0942 266.3534  29741.9
1983 2.2237671E-08 2.9313792E-08 4.0505288E-08 4.7558242E-08 2.0162844E-08 2.8168055E-08 3.6837040E-08 3.8506055E-08 1.6370180E-08 2.2126258E-08 2.6022528E-08 2.9968582E-08 1.6047895E-08 1.9420938E-08 2.0713552E-08 2.3445985E-08  277.0530 276.9847 277.0600 276.1970 273.9322 272.5424 272.6895 273.5299 269.5271 268.1389 268.9599 275.8751 267.4230 266.5823 266.8945 268.1827  37448.4
1984 2.3811577E-08 3.0371723E-08 3.9994820E-08 4.9321034E-08 1.7063300E-08 2.5587836E-08 3.4196571E-08 3.7198138E-08 1.4758635E-08 2.1797018E-08 2.6875250E-08 3.1340754E-08 1.5765174E-08 1.9852861E-08 2.2974206E-08 2.6205305E-08  277.0049 276.9723 277.2464 276.5419 273.4655 272.1642 272.4202 273.2455 268.1988 267.0243 268.2152 275.4580 265.5538 265.1088 265.6585 266.8698  34709.7
1985 2.1723258E-08 2.6956046E-08 3.5048821E-08 4.4084871E-08 1.5897422E-08 2.3468141E-08 3.0904992E-08 3.2612910E-08 1.4735010E-08 2.0415115E-08 2.4025478E-08 2.8714716E-08 1.6069512E-08 2.0358511E-08 2.2934515E-08 2.6287216E-08  275.9415 275.7973 275.8788 275.1359 272.2867 270.9752 271.2265 272.0706 267.2996 266.1648 267.1185 275.6139 265.0061 264.4444 264.9397 266.2857  36287.1
1986 2.1074536E-08 2.4782150E-08 3.0555697E-08 3.5517562E-08 1.3813376E-08 1.8494363E-08 2.2756753E-08 2.3606436E-08 1.2467940E-08 1.6405531E-08 1.8507594E-08 2.2226789E-08 1.3179822E-08 1.6298648E-08 1.8704709E-08 2.1344121E-08  276.8149 276.3373 276.1610 275.1339 273.6234 271.9898 271.9257 272.4090 268.7710 267.4845 268.3379 275.4991 266.7034 265.9633 266.2386 267.2325  61480.6
1987 2.6559370E-08 3.3349725E-08 4.0752852E-08 4.3985995E-08 2.0277653E-08 2.6372183E-08 3.2207716E-08 3.1799551E-08 1.7625352E-08 2.1021375E-08 2.3418847E-08 2.6441477E-08 1.6819035E-08 1.9161588E-08 2.1205334E-08 2.3515891E-08  276.0507 275.8559 276.1396 275.5351 272.8359 271.5699 272.1365 273.0866 268.2687 267.2862 268.6084 275.8562 266.0823 265.8089 266.5227 267.8710  36587.1
1988 2.0868814E-08 2.7613922E-08 3.8709860E-08 4.9579942E-08 1.6045634E-08 2.5975808E-08 3.6058537E-08 3.8534321E-08 1.5242430E-08 2.2346754E-08 2.6762519E-08 3.2591359E-08 1.6221662E-08 1.9924775E-08 2.1818071E-08 2.4697593E-08  275.2798 275.1147 275.4048 274.8924 270.7816 269.3269 269.5984 270.9030 265.1356 264.2720 265.4962 275.6589 262.8874 262.5706 263.2974 264.8204  15154.8
1989 2.2756037E-08 3.0352414E-08 3.6457962E-08 4.2260730E-08 1.4613773E-08 2.1760858E-08 2.9447511E-08 3.1569432E-08 1.3227645E-08 1.8958605E-08 2.2693865E-08 2.7332037E-08 1.6579923E-08 2.0534685E-08 2.2336838E-08 2.4375900E-08  276.1408 275.9892 276.2993 275.5768 272.5367 271.1992 271.4124 272.3268 267.6395 266.2970 267.3699 275.5826 264.9484 264.2022 264.5652 265.9464  17912.9
1990 2.0761933E-08 2.7473073E-08 3.6053638E-08 4.2732978E-08 1.5252159E-08 2.1492477E-08 2.6982693E-08 2.8576597E-08 1.4057664E-08 1.8414212E-08 2.1027306E-08 2.6189015E-08 1.4556245E-08 1.8011058E-08 1.9787409E-08 2.2956145E-08  274.2550 274.2201 274.4893 273.8245 270.3966 269.1804 269.6324 270.8917 265.6350 264.8305 266.2076 275.3536 263.9790 263.6812 264.4315 265.8506  57138.7
1991 2.0556556E-08 2.7063933E-08 3.6210910E-08 4.3792330E-08 1.6057347E-08 2.1434721E-08 2.6983084E-08 3.0006277E-08 1.6216958E-08 2.0427368E-08 2.2558572E-08 2.7048443E-08 1.5286172E-08 1.9325819E-08 2.1501220E-08 2.4274804E-08  274.9904 274.7857 274.9359 274.3654 271.3381 269.9648 270.4849 271.6251 266.3522 265.5496 266.9578 275.9083 264.6364 264.2320 264.8972 266.3314  45325.8
1992 2.0412642E-08 2.4472167E-08 3.1617986E-08 3.8589569E-08 1.6191473E-08 2.0751902E-08 2.4149072E-08 2.5032710E-08 1.3825272E-08 1.6655491E-08 1.8315399E-08 2.1963192E-08 1.2618986E-08 1.5181886E-08 1.6637044E-08 1.8555085E-08  274.7629 274.3351 274.2351 273.5217 271.3034 270.0468 270.2253 271.0941 266.3642 265.4519 266.8695 275.4049 264.2767 264.0396 264.7672 266.1636  31158.1
1993 2.5757103E-08 2.9962397E-08 3.5264392E-08 3.8985203E-08 2.2368368E-08 2.6697640E-08 2.9428932E-08 2.9258478E-08 1.8379444E-08 2.1707629E-08 2.2249941E-08 2.4104304E-08 1.5745453E-08 1.7955461E-08 1.9631761E-08 2.1324576E-08  274.6924 274.7892 275.1805 274.4230 271.1888 270.3169 270.9860 272.0052 267.0111 266.3870 267.8153 275.5415 265.2403 265.0438 265.8228 267.1310  113419
1994 2.2542652E-08 2.7929115E-08 3.6145657E-08 4.4668464E-08 1.6379287E-08 2.3331474E-08 3.1388538E-08 3.3912031E-08 1.4541172E-08 1.8734102E-08 2.1737595E-08 2.7032675E-08 1.4131355E-08 1.6588441E-08 1.8278360E-08 2.0936751E-08  275.0887 274.9765 275.1440 274.4977 271.5338 270.1017 270.2114 271.1863 266.6845 265.5513 266.4891 275.4389 264.7318 264.0865 264.4518 265.6747  48271
1995 2.5912509E-08 3.2667909E-08 4.2369415E-08 5.0987481E-08 1.9418259E-08 2.8494879E-08 3.7199875E-08 3.8022915E-08 1.7246180E-08 2.3577359E-08 2.7407236E-08 3.1246522E-08 1.5365343E-08 1.9972013E-08 2.2763031E-08 2.6289586E-08  275.4430 275.7661 276.2354 275.7184 271.8226 270.9424 271.5450 272.5829 267.3122 266.5014 267.6337 275.7259 265.5195 264.9108 265.4329 266.7585  65061.3
1996 2.0743240E-08 2.5882489E-08 3.3408227E-08 4.1174474E-08 1.7183600E-08 2.3010557E-08 2.8312762E-08 2.9902072E-08 1.8331336E-08 2.2923269E-08 2.4743729E-08 2.8148294E-08 1.7521661E-08 2.0285855E-08 2.1999728E-08 2.4288417E-08  274.9083 274.7832 274.9381 274.2021 271.2246 270.0471 270.3070 271.1719 266.3473 265.3744 266.4603 275.2293 264.3940 263.7932 264.2324 265.4739  35951.6
1997 2.3378202E-08 2.8814092E-08 3.7725336E-08 4.4303142E-08 2.0585320E-08 2.5901533E-08 3.1762411E-08 3.3965577E-08 2.1167613E-08 2.4313128E-08 2.6408419E-08 2.9630543E-08 1.8034521E-08 1.9869535E-08 2.1470720E-08 2.5107687E-08  275.3723 275.3635 275.6637 275.0623 272.1192 271.0957 271.5797 272.7287 267.6405 266.9896 268.4390 275.4796 266.0058 265.7325 266.5455 267.8879  60974.2
1998 1.9033992E-08 2.4789403E-08 3.1467621E-08 3.9085588E-08 1.5917987E-08 2.4503940E-08 3.2445474E-08 3.4289709E-08 1.6839792E-08 2.3778624E-08 2.7599413E-08 3.1990933E-08 1.8894742E-08 2.3529227E-08 2.4886299E-08 2.7549181E-08  276.9684 276.8578 276.9977 276.0752 272.8173 271.4525 271.7198 272.6272 267.1212 266.1497 267.1917 275.9751 264.6913 264.2906 264.7822 266.0378  39796.8
1999 1.7220202E-08 2.4920476E-08 3.5801559E-08 4.4012701E-08 1.5068053E-08 2.2631777E-08 3.2608369E-08 3.6297372E-08 1.5499262E-08 2.3411312E-08 2.8371971E-08 3.3376335E-08 1.5579129E-08 2.1324905E-08 2.4436790E-08 2.8370847E-08  277.3338 277.2750 277.3300 276.3504 273.2183 271.9896 272.2794 273.0410 267.7508 266.4958 267.5015 275.8755 265.1283 264.4467 264.8714 266.2645  65629
2000 1.9198588E-08 2.5221985E-08 3.5212548E-08 4.3486942E-08 1.5670247E-08 2.2002208E-08 2.9287509E-08 3.2228243E-08 1.3953526E-08 1.9772614E-08 2.3287301E-08 2.9230227E-08 1.4628727E-08 1.8168842E-08 2.0470566E-08 2.3865871E-08  276.3848 275.9789 276.0266 275.2525 272.6787 271.0615 271.1299 271.9992 267.2270 265.7272 266.7903 275.6831 264.9037 264.1361 264.5493 265.8563  38251.6
2001 1.9230354E-08 2.4118945E-08 3.1323506E-08 3.9555314E-08 1.6284613E-08 2.2603217E-08 2.8173185E-08 3.0650625E-08 1.5256221E-08 2.0205198E-08 2.1988251E-08 2.7077878E-08 1.5201870E-08 1.8594445E-08 2.0189331E-08 2.3178774E-08  276.2345 276.0368 276.0519 275.0230 272.5451 271.0995 271.0792 271.7660 267.7092 266.3983 267.1249 275.7933 265.5019 264.6990 264.9186 266.0227  37041.9
2002 1.8210470E-08 2.3642420E-08 2.9994180E-08 3.7134029E-08 1.4247840E-08 2.1118943E-08 2.6817363E-08 2.7706236E-08 1.4937973E-08 1.9509867E-08 2.1705258E-08 2.5052419E-08 1.5230857E-08 1.8442204E-08 1.9776959E-08 2.1896749E-08  276.6487 276.2044 276.1173 275.1754 273.1066 271.4203 271.3714 272.1774 267.9601 266.7755 267.8393 275.9012 265.5554 264.9919 265.4981 266.7959  61880.6
2003 1.9608953E-08 2.2963748E-08 2.9576505E-08 3.7759957E-08 1.5983918E-08 2.1676641E-08 2.7717658E-08 2.9812998E-08 1.3502464E-08 1.7915699E-08 1.9852932E-08 2.4877464E-08 1.3535117E-08 1.6651544E-08 1.7943586E-08 2.0727276E-08  275.0543 274.7473 274.7802 273.9224 271.5524 269.9357 270.0812 270.7999 266.5054 265.1944 266.2775 275.4805 264.5702 263.9484 264.3649 265.4701  25838.7
2004 2.3034096E-08 2.8224914E-08 3.6043428E-08 4.2340957E-08 1.7302078E-08 2.3884899E-08 3.0180416E-08 3.2003324E-08 1.4361118E-08 1.9103743E-08 2.1308603E-08 2.5295963E-08 1.3735744E-08 1.6044694E-08 1.7768189E-08 2.0815456E-08  275.8949 275.6053 275.7027 275.0998 272.5437 271.0208 271.2039 272.1302 267.5708 266.4106 267.4841 275.6481 265.3877 264.9321 265.4092 266.5922  34900
2005 2.2846322E-08 2.8677206E-08 3.8521385E-08 4.8791541E-08 1.8666787E-08 2.5567676E-08 3.2891084E-08 3.5348684E-08 1.8315740E-08 2.3192936E-08 2.5867875E-08 2.9941454E-08 1.5670228E-08 1.8651441E-08 1.9814966E-08 2.1922760E-08  274.9268 274.8725 275.1436 274.4266 270.9663 269.7950 270.2053 271.2202 266.3589 265.3530 266.6320 275.9397 264.4395 263.8719 264.4568 265.7833  25683.9
2006 2.2342473E-08 2.9733979E-08 4.0950610E-08 4.9043308E-08 1.6631281E-08 2.3753403E-08 3.2113878E-08 3.5901984E-08 1.6266679E-08 2.1597490E-08 2.4371420E-08 2.8498546E-08 1.7043670E-08 2.0975683E-08 2.2859279E-08 2.5268816E-08  276.2089 276.2178 276.5631 275.8050 272.7269 271.5107 271.7269 272.5705 267.8893 266.7735 267.7896 275.8657 265.6628 265.1301 265.6650 266.9389  26735.5
2007 1.6747062E-08 2.3254353E-08 3.3149767E-08 4.4005265E-08 1.3412570E-08 2.0362570E-08 2.7982896E-08 3.2112119E-08 1.2719269E-08 1.8513326E-08 2.2181604E-08 2.8577368E-08 1.5120387E-08 1.8557570E-08 2.0101519E-08 2.2992975E-08  275.9092 275.5836 275.6653 274.7704 271.9424 270.4816 270.5855 271.4354 266.8698 265.5089 266.4810 275.6438 264.7651 264.0497 264.4890 265.7497  50719.4
2008 2.0031029E-08 2.6467500E-08 3.7279715E-08 4.6484349E-08 1.7283703E-08 2.6262381E-08 3.5825664E-08 3.9086146E-08 1.6710095E-08 2.2870649E-08 2.7223683E-08 3.2494430E-08 1.7640165E-08 2.1806503E-08 2.3225319E-08 2.4990431E-08  276.7485 276.5179 276.7522 276.1611 272.8139 271.2555 271.3708 272.4463 267.2774 265.9635 266.8542 275.5748 264.5933 263.9751 264.3875 265.7795  28748.4
2009 2.7468982E-08 3.1949494E-08 3.8132956E-08 4.3139032E-08 2.1418098E-08 2.7978423E-08 3.2834137E-08 3.2566547E-08 1.8641815E-08 2.3157492E-08 2.4683672E-08 2.7919269E-08 1.7271532E-08 1.9989123E-08 2.1301197E-08 2.3818918E-08  274.9684 274.9151 275.2540 274.6823 271.5821 270.5841 271.1791 272.2324 266.5731 265.8373 267.4083 275.5353 264.5378 264.4427 265.3954 266.9107  37419.4
2010 1.4080141E-08 1.8502224E-08 2.6638965E-08 3.5968892E-08 1.3911852E-08 1.9853328E-08 2.6818222E-08 2.9775551E-08 1.5409192E-08 2.1916836E-08 2.5834726E-08 3.0191366E-08 1.7262167E-08 2.1964158E-08 2.3962555E-08 2.6619011E-08  277.0928 276.9064 276.9934 276.0716 272.5586 271.2599 271.3821 272.1727 266.7255 265.7174 266.7502 276.0565 264.2272 263.7263 264.2936 265.6820  82545.2
2011 2.3641023E-08 3.0365666E-08 3.9748933E-08 5.1706468E-08 1.8115353E-08 2.6896195E-08 3.5996983E-08 3.9389239E-08 1.8251992E-08 2.4068536E-08 2.8379020E-08 3.3174704E-08 1.8020135E-08 2.1466377E-08 2.3404304E-08 2.6736537E-08  275.5501 275.7994 276.4318 275.9732 271.3124 270.3392 270.8570 272.1294 265.8898 265.1274 266.5888 275.7516 263.6796 263.4619 264.1573 265.6052  80025.8
2012 2.9273055E-08 3.7825608E-08 4.7291227E-08 5.4473496E-08 1.9003213E-08 2.7856917E-08 3.6003840E-08 3.6974615E-08 1.9231361E-08 2.4615474E-08 2.7418574E-08 3.0371400E-08 2.1115376E-08 2.5183335E-08 2.7075403E-08 2.8995983E-08  276.3004 276.2422 276.7247 276.3434 272.9265 271.7360 272.1194 273.3035 267.6617 266.9463 268.2727 276.0749 265.1495 264.9219 265.7820 267.2665  24209.7
2013 2.0878007E-08 2.5909456E-08 3.3812771E-08 4.3037442E-08 1.9540325E-08 2.6425743E-08 3.2953238E-08 3.4559893E-08 2.0314779E-08 2.6745688E-08 2.8885436E-08 3.1868712E-08 2.0136868E-08 2.4260215E-08 2.5280691E-08 2.6914197E-08  276.2496 276.1557 276.2613 275.4902 272.1855 271.0089 271.2804 272.2736 266.7561 266.0442 267.0642 275.7497 264.5253 264.1219 264.8841 266.2596  32545.2
2014 2.7173794E-08 3.1961946E-08 3.8378076E-08 4.3248534E-08 2.1047239E-08 2.6088298E-08 2.8591362E-08 2.9919924E-08 1.8338207E-08 2.2503363E-08 2.2651324E-08 2.5534455E-08 1.6588180E-08 2.0430571E-08 2.2110310E-08 2.3714023E-08  275.4329 275.2096 275.3283 274.6863 272.0836 270.6140 270.9242 271.9692 267.3533 266.3814 267.6421 275.2244 265.5436 265.0742 265.7080 267.0259  42109.7
2015 3.2603101E-08 3.7946744E-08 4.6267402E-08 4.9583239E-08 2.5272376E-08 3.0224559E-08 3.5526245E-08 3.6315079E-08 2.0843217E-08 2.4800050E-08 2.7119919E-08 2.9388003E-08 1.5902458E-08 1.8946695E-08 2.2456272E-08 2.5804326E-08  274.0698 274.0596 274.3744 273.8396 270.6488 269.9881 270.8429 272.0804 266.5973 266.3717 268.1985 275.4446 265.1273 265.1960 266.1962 267.7479  40116.1
