STN,prec_1,prec_2,prec_3,prec_4,prec_5,prec_6,prec_7,prec_8,prec_9,prec_10,prec_11,prec_12,prec_13,prec_14,prec_15,prec_16,st_1,st_2,st_3,st_4,st_5,st_6,st_7,st_8,st_9,st_10,st_11,st_12,st_13,st_14,st_15,st_16,05.0
LAT,37.67308,37.67308,37.67308,37.67308,40.46365,40.46365,40.46365,40.46365,43.25420,43.25420,43.25420,43.25420,46.04472,46.04472,46.04472,46.04472,37.67308,37.67308,37.67308,37.67308,40.46365,40.46365,40.46365,40.46365,43.25420,43.25420,43.25420,43.25420,46.04472,46.04472,46.04472,46.04472,41.78058635
LON,-95.62500,-92.81250,-90.00000,-87.18750,-95.62500,-92.81250,-90.00000,-87.18750,-95.62500,-92.81250,-90.00000,-87.18750,-95.62500,-92.81250,-90.00000,-87.18750,-95.62500,-92.81250,-90.00000,-87.18750,-95.62500,-92.81250,-90.00000,-87.18750,-95.62500,-92.81250,-90.00000,-87.18750,-95.62500,-92.81250,-90.00000,-87.18750,-90.252073
1958 2.5713529E-08 2.9299599E-08 3.3427792E-08 3.4458406E-08 2.0411772E-08 2.7763608E-08 3.3299493E-08 3.1322006E-08 1.5784909E-08 2.1530461E-08 2.4526093E-08 2.6720326E-08 1.4902962E-08 1.8839081E-08 2.1238606E-08 2.2943352E-08  282.5353 282.8372 283.0912 282.0603 279.7635 279.0884 279.4457 280.2034 275.9371 275.3298 276.0326 281.5347 273.4048 272.6998 273.1637 274.5211  29264.5
1959 2.3333818E-08 2.8303496E-08 3.5430894E-08 3.9801662E-08 1.7881240E-08 2.4182286E-08 3.1485261E-08 3.2848405E-08 1.5745682E-08 2.1348466E-08 2.3735824E-08 2.5919778E-08 1.6330990E-08 1.9557685E-08 2.0699131E-08 2.1929722E-08  282.6315 282.7057 282.9555 282.0744 279.6036 278.7386 279.0952 279.9211 275.5361 274.7570 275.5619 281.5347 273.0114 272.3369 272.8022 274.1061  41790.3
1960 2.4714055E-08 2.6001489E-08 2.8508783E-08 3.2886270E-08 2.1533955E-08 2.9251368E-08 3.4027519E-08 3.1556898E-08 1.9132361E-08 2.7604003E-08 3.1367012E-08 3.1811158E-08 1.8405380E-08 2.3692813E-08 2.6502661E-08 2.8800541E-08  282.6334 282.9250 283.2227 282.3483 279.5084 278.8834 279.3088 280.1869 274.9193 274.4284 275.3371 281.5347 272.2109 271.8409 272.4178 273.8040  117584
1961 2.6647232E-08 2.8926392E-08 3.2738566E-08 3.6418072E-08 2.3951316E-08 3.1116389E-08 3.4882291E-08 3.2712851E-08 2.2022817E-08 2.8091112E-08 2.9244008E-08 2.8077437E-08 1.9986674E-08 2.5062365E-08 2.6927179E-08 2.7927962E-08  282.4593 282.8182 283.1569 282.2758 279.7671 279.2315 279.6423 280.3199 275.6678 275.1445 275.9705 281.5347 272.8477 272.4236 272.9146 274.1829  63351.6
1962 2.3065461E-08 2.7210517E-08 3.4202827E-08 3.8447521E-08 1.8126178E-08 2.5856444E-08 3.3892647E-08 3.3654217E-08 1.4754187E-08 2.1646017E-08 2.6324610E-08 2.7856393E-08 1.6025346E-08 2.1321656E-08 2.3966585E-08 2.4187164E-08  283.2897 283.6752 284.0331 283.0987 280.5337 279.8601 280.3213 281.1466 276.3662 275.7533 276.6465 281.5347 273.4850 272.9048 273.5124 275.0175  84677.4
1963 3.3235583E-08 3.8574999E-08 4.3158149E-08 4.5566509E-08 2.3638739E-08 3.2563481E-08 4.0599598E-08 3.9686327E-08 1.9282334E-08 2.5993312E-08 2.9269836E-08 3.0866865E-08 1.8435307E-08 2.3038965E-08 2.4805642E-08 2.5751074E-08  282.6306 282.9488 283.3563 282.5044 279.7049 279.0734 279.5753 280.4473 275.5434 274.9086 275.8977 281.5347 272.9320 272.4305 272.9318 274.2551  56596.8
1964 2.2032395E-08 2.8786555E-08 3.6770789E-08 4.2774268E-08 1.8452624E-08 2.7370515E-08 3.5662566E-08 3.6180850E-08 1.8266210E-08 2.6353707E-08 3.0301393E-08 3.1926447E-08 1.9395751E-08 2.4888648E-08 2.8553352E-08 3.0413069E-08  282.0720 282.3116 282.6555 281.8453 278.6760 278.0492 278.5898 279.6181 274.1676 273.5681 274.6171 281.5347 271.4726 270.9632 271.6847 273.3192  68993.5
1965 2.4413444E-08 2.6830239E-08 3.0125541E-08 3.4807595E-08 2.0132012E-08 2.6107854E-08 3.0000724E-08 2.8653362E-08 1.7247705E-08 2.3977755E-08 2.6901390E-08 2.7406783E-08 1.6051022E-08 2.1063062E-08 2.3333723E-08 2.4524503E-08  282.8156 283.0620 283.2673 282.3491 280.1794 279.5901 280.0337 280.7465 276.4108 275.7275 276.5288 281.5347 273.7868 273.1092 273.4958 274.7435  157581
1966 2.3332328E-08 2.9147651E-08 3.5124287E-08 3.9775923E-08 1.6436482E-08 2.4217238E-08 3.2891752E-08 3.3488430E-08 1.3224816E-08 1.9533941E-08 2.4441649E-08 2.6929710E-08 1.3468584E-08 1.7507976E-08 2.0150956E-08 2.2629212E-08  283.1918 283.2080 283.1941 282.0743 280.5202 279.7402 279.8156 280.3238 276.2089 275.4826 276.1376 281.5347 273.2613 272.6200 273.0269 274.2848  73064.5
1967 2.7424459E-08 2.9496002E-08 3.3840728E-08 3.5079172E-08 2.2356019E-08 3.0238333E-08 3.6719619E-08 3.4951334E-08 1.8346309E-08 2.5685644E-08 2.9855691E-08 3.0886920E-08 1.9882275E-08 2.5317663E-08 2.7150881E-08 2.7871412E-08  283.4626 283.6880 283.8997 282.8829 280.8582 280.1400 280.4027 281.0694 276.6668 275.9929 276.7215 281.5347 273.7044 273.1140 273.5717 274.8568  56500
1968 2.9549513E-08 3.3392308E-08 4.1002913E-08 4.6366495E-08 2.3679897E-08 3.1188989E-08 3.6558255E-08 3.4567652E-08 2.1123350E-08 2.8098501E-08 3.1449435E-08 3.0856288E-08 2.0414666E-08 2.4808147E-08 2.7439262E-08 2.8753927E-08  281.6078 282.1288 282.7514 282.1359 278.7898 278.3863 279.0044 280.0297 274.7446 274.3348 275.3693 281.5347 272.0365 271.6638 272.3447 273.8880  57796.8
1969 2.6261624E-08 3.2052739E-08 3.7440003E-08 4.1278703E-08 2.3552190E-08 3.2420033E-08 3.6880895E-08 3.5542723E-08 1.9127441E-08 2.7135885E-08 3.0779720E-08 3.1502598E-08 1.5347924E-08 2.2110656E-08 2.6561365E-08 2.8461621E-08  282.5168 282.4218 282.5496 281.5618 279.7000 278.9322 279.1502 279.8470 275.5872 274.9364 275.6475 281.5347 272.8757 272.2687 272.6906 274.0472  119345
1970 2.1657913E-08 2.6140773E-08 3.2033547E-08 3.4744424E-08 1.7763869E-08 2.5339597E-08 3.2366138E-08 3.0764035E-08 1.5507363E-08 2.1024773E-08 2.4709426E-08 2.6217901E-08 1.7028841E-08 1.9567397E-08 2.0238927E-08 2.1496657E-08  283.0988 283.3269 283.4153 282.4701 280.2711 279.5925 279.8720 280.7007 276.3571 275.6426 276.4148 281.5346 273.6653 273.0382 273.5107 274.9702  67554.8
1971 2.2161650E-08 2.7839372E-08 3.5639260E-08 3.9470770E-08 1.9168491E-08 2.6919981E-08 3.4732885E-08 3.6570508E-08 1.8620485E-08 2.3911499E-08 2.6026475E-08 2.7780304E-08 1.6358021E-08 2.0252520E-08 2.1995618E-08 2.3170157E-08  282.7866 283.3424 283.8350 283.0264 279.7309 279.2567 279.8096 280.8404 275.6882 275.1021 275.9493 281.5347 272.9824 272.5054 273.0106 274.3749  69380.6
1972 2.7068941E-08 3.0899631E-08 3.8237179E-08 4.2333077E-08 1.9464387E-08 2.7316542E-08 3.3840543E-08 3.4946037E-08 1.9399200E-08 2.4995128E-08 2.8056544E-08 2.9707705E-08 1.9513957E-08 2.4294152E-08 2.6870264E-08 2.7454339E-08  282.3718 282.3691 282.3331 281.3251 279.7858 278.9891 279.2408 279.9945 275.9486 275.2641 276.1122 281.5347 273.2072 272.6628 273.2046 274.6597  98777.4
1973 1.8784261E-08 2.0958542E-08 2.5682358E-08 2.9765474E-08 1.6362963E-08 2.3757833E-08 3.0519917E-08 2.9809776E-08 1.4227433E-08 2.1147459E-08 2.6113756E-08 2.8461278E-08 1.5210011E-08 2.0494712E-08 2.3535691E-08 2.6141063E-08  283.0839 283.3671 283.5620 282.3583 279.7881 279.2373 279.6948 280.4794 275.5478 274.8843 275.7736 281.5347 272.7398 272.1055 272.6989 274.1276  128297
1974 2.1261949E-08 2.3918826E-08 2.8063946E-08 3.2265266E-08 1.8147615E-08 2.2865162E-08 2.8022452E-08 2.7699413E-08 1.7104712E-08 2.1476129E-08 2.3704430E-08 2.4925390E-08 1.6259095E-08 2.0975520E-08 2.2929102E-08 2.4525805E-08  283.5859 283.7423 283.8087 282.6552 280.5926 279.8756 280.2424 280.8976 276.4556 275.7856 276.5773 281.5347 273.5942 272.9441 273.4136 274.7480  88451.6
1975 2.5466415E-08 2.9282916E-08 3.5979010E-08 4.0972466E-08 1.9716444E-08 2.6407289E-08 3.0616921E-08 3.1974071E-08 1.4272027E-08 2.0856666E-08 2.3342944E-08 2.4503088E-08 1.4811900E-08 1.9161506E-08 2.1270617E-08 2.2542782E-08  283.2583 283.4641 283.7569 282.7885 280.8373 280.1197 280.3823 281.0981 277.0345 276.3528 277.0906 281.5347 274.1524 273.6411 274.2474 275.6426  149168
1976 2.4635888E-08 2.7607632E-08 3.0250998E-08 3.1888003E-08 2.2243379E-08 2.6725905E-08 2.9489463E-08 2.6546553E-08 1.8179783E-08 2.2945839E-08 2.4285802E-08 2.4665914E-08 1.6463851E-08 2.0733262E-08 2.3032138E-08 2.4665239E-08  282.8787 282.8853 282.9594 281.7705 280.3454 279.3825 279.4754 280.0584 276.2096 275.3316 275.9672 281.5347 273.3752 272.6167 273.0247 274.3409  50164.5
1977 2.6895304E-08 2.9708634E-08 3.6559431E-08 4.2426837E-08 2.2654788E-08 3.0076588E-08 3.4947579E-08 3.3391185E-08 1.8153465E-08 2.5452401E-08 2.9372291E-08 2.9511643E-08 1.5854988E-08 2.0764036E-08 2.4628410E-08 2.7543983E-08  282.7779 283.2195 283.4987 282.5839 280.0109 279.5080 279.9630 280.8034 276.2247 275.6887 276.5769 281.5346 273.9154 273.3484 273.8610 275.2400  23190.3
1978 2.0407006E-08 2.3721803E-08 2.8734853E-08 3.3401328E-08 1.9311425E-08 2.6273959E-08 3.1581017E-08 3.0495109E-08 1.7679751E-08 2.4308155E-08 2.8592346E-08 2.9255856E-08 1.7548269E-08 2.2583029E-08 2.5526615E-08 2.7825914E-08  283.4589 283.4311 283.5053 282.3971 280.6471 279.8293 280.1335 280.8083 276.6380 275.8093 276.4629 281.5347 273.8923 273.1147 273.4143 274.6808  59651.6
1979 2.6101194E-08 2.9606833E-08 3.4781969E-08 3.7386126E-08 2.0349837E-08 2.6418382E-08 3.1835892E-08 2.9777324E-08 1.8198083E-08 2.4412000E-08 2.7535307E-08 2.7038025E-08 1.9309566E-08 2.3906983E-08 2.5726681E-08 2.5218377E-08  283.4531 283.6603 283.9105 282.9066 281.0442 280.4042 280.6481 281.2914 277.2512 276.7371 277.4284 281.5347 274.5364 274.0427 274.5302 275.7353  132161
1980 3.0616285E-08 3.4557278E-08 3.9028222E-08 4.1505068E-08 2.3969957E-08 3.2899237E-08 3.9279477E-08 3.7092818E-08 1.9536762E-08 2.7646552E-08 3.1657564E-08 3.2050810E-08 1.9231441E-08 2.5056480E-08 2.8527099E-08 3.0577418E-08  282.7952 283.0887 283.4386 282.5356 280.0544 279.5523 279.9431 280.7239 275.8173 275.4189 276.3398 281.5347 272.8945 272.4687 273.1825 274.6813  31248.4
1981 2.4107663E-08 2.9020716E-08 3.5049826E-08 3.8575390E-08 1.7452511E-08 2.3070752E-08 2.9902314E-08 3.1063376E-08 1.7133397E-08 2.2212038E-08 2.4068818E-08 2.4815185E-08 1.8151329E-08 2.2428981E-08 2.3848031E-08 2.4163841E-08  282.7194 282.9572 283.1803 282.2075 279.6631 279.0679 279.3897 280.2425 275.7300 275.0505 275.8770 281.5347 273.1889 272.4656 272.9073 274.3446  58971
1982 2.3722842E-08 2.7882434E-08 3.4121676E-08 3.9604330E-08 1.9494676E-08 2.5600023E-08 3.0972718E-08 3.0361832E-08 2.0275408E-08 2.4700167E-08 2.6021675E-08 2.6929831E-08 2.0468216E-08 2.5156844E-08 2.6798853E-08 2.7845015E-08  282.1604 282.3813 282.6357 281.7209 279.1790 278.5497 278.9788 279.8189 275.0409 274.4332 275.3183 281.4414 272.3595 271.7986 272.3270 273.8065  111629
1983 2.5980759E-08 2.8550369E-08 3.3216200E-08 3.9502851E-08 2.2200377E-08 3.0019205E-08 3.6501905E-08 3.5247201E-08 1.7752811E-08 2.5078645E-08 2.8907756E-08 2.9234526E-08 1.6323213E-08 2.0778556E-08 2.3455614E-08 2.4911156E-08  282.2966 282.4516 282.5826 281.5965 279.0811 278.4184 278.8414 279.7561 275.1060 274.3438 275.2424 281.5349 272.8562 272.1614 272.6214 274.0284  100303
1984 2.1344606E-08 2.4899522E-08 2.9662141E-08 3.2627518E-08 1.7510315E-08 2.5017377E-08 3.1148108E-08 3.0405612E-08 1.5904538E-08 2.3513850E-08 2.7523322E-08 2.8185537E-08 1.6366750E-08 2.1392635E-08 2.5238933E-08 2.7920342E-08  283.4483 283.6508 283.9556 282.9497 280.6907 280.0186 280.4111 281.2878 276.6385 275.9829 276.8453 281.4870 273.9444 273.2603 273.6926 274.9867  110813
1985 1.7926254E-08 2.3336149E-08 3.1335890E-08 3.6969883E-08 1.7539818E-08 2.3210225E-08 2.8584797E-08 3.1308367E-08 2.0109741E-08 2.4135032E-08 2.5123613E-08 2.5736266E-08 1.7743368E-08 2.2028125E-08 2.3281498E-08 2.3402846E-08  283.2403 283.2701 283.2260 281.9976 280.4761 279.4953 279.6263 280.2654 276.1269 275.2309 275.9305 281.5199 273.0939 272.3744 272.8550 274.1997  86361.3
1986 2.4027335E-08 2.6308676E-08 2.9332121E-08 3.3505188E-08 1.6424277E-08 2.1220606E-08 2.4835353E-08 2.4919233E-08 1.4787355E-08 1.9323348E-08 2.0577183E-08 2.1528576E-08 1.5625730E-08 1.8950258E-08 2.0306310E-08 2.1131305E-08  282.0226 281.9176 281.9836 281.0059 279.6350 278.6535 278.8329 279.4803 276.1718 275.3354 275.9341 281.4798 273.6770 272.9484 273.2702 274.4579  128194
1987 2.7419954E-08 3.5630183E-08 4.5058481E-08 4.9133419E-08 2.3284787E-08 3.1477263E-08 4.0171386E-08 4.0163425E-08 2.1413273E-08 2.7807250E-08 3.1547458E-08 3.2576668E-08 1.8287233E-08 2.2720911E-08 2.5172580E-08 2.7277165E-08  282.5654 282.5878 282.7244 281.7778 280.1882 279.5054 279.8086 280.3829 276.2427 275.7260 276.5295 281.5733 273.4809 273.0226 273.5067 274.8137  39290.3
1988 2.2681990E-08 2.5722088E-08 2.9774576E-08 3.2075480E-08 1.9353797E-08 2.6979594E-08 3.3481456E-08 3.1145941E-08 1.8513738E-08 2.7097084E-08 3.1630606E-08 3.2064435E-08 1.7074894E-08 2.3343837E-08 2.6600009E-08 2.7713760E-08  283.8269 284.0743 284.2064 283.0505 280.8339 280.1339 280.3072 281.0148 276.5403 275.8381 276.6000 281.5045 273.6992 272.9592 273.3932 274.7095  33971
1989 2.0219426E-08 2.4597021E-08 3.1784534E-08 3.5379088E-08 1.6045655E-08 2.2357664E-08 2.9053496E-08 2.9509625E-08 1.4999847E-08 2.1957883E-08 2.5540777E-08 2.6437323E-08 1.6788729E-08 2.1616721E-08 2.4912159E-08 2.6362802E-08  283.2173 283.3484 283.3927 282.2051 280.2880 279.4923 279.7525 280.4820 276.0274 275.3292 276.1291 281.4814 273.0433 272.5240 273.0795 274.3855  45732.3
1990 2.3371280E-08 2.9123690E-08 3.8176591E-08 4.2842458E-08 1.8345441E-08 2.7063917E-08 3.5354791E-08 3.6687204E-08 1.7446405E-08 2.4442917E-08 2.8764596E-08 3.0148939E-08 1.8070667E-08 2.3225725E-08 2.6862924E-08 2.9021550E-08  283.2027 283.1917 283.2438 282.2665 280.3430 279.4352 279.6365 280.3806 276.1264 275.4070 276.1035 281.5263 273.2360 272.6086 273.0707 274.2943  65222.6
1991 3.0016686E-08 3.5030848E-08 3.9740399E-08 4.3235790E-08 1.9781412E-08 2.7600654E-08 3.3448302E-08 3.3636933E-08 1.6192745E-08 2.3498787E-08 2.5857741E-08 2.5843534E-08 1.7417246E-08 2.2716202E-08 2.3113179E-08 2.2906191E-08  282.4349 282.6381 282.7374 281.7644 279.7940 279.0742 279.3384 280.0784 276.1606 275.3770 276.0560 281.5707 273.5302 272.8459 273.2105 274.3938  106897
1992 2.6986303E-08 3.0171911E-08 3.7715260E-08 4.3756650E-08 2.2645041E-08 2.9237988E-08 3.5710784E-08 3.6276553E-08 1.9182126E-08 2.6390946E-08 3.0468016E-08 3.1521520E-08 1.6410070E-08 2.3068308E-08 2.6225194E-08 2.7228584E-08  281.8026 281.9173 282.1026 281.3329 279.1330 278.3956 278.7602 279.5497 275.2778 274.6434 275.4676 281.5054 272.7715 272.1945 272.7685 274.2849  80651.6
1993 2.7966605E-08 3.2033345E-08 3.8690420E-08 4.3470653E-08 2.1334014E-08 2.9135540E-08 3.6130874E-08 3.5366469E-08 1.8985853E-08 2.3878998E-08 2.6229159E-08 2.8098656E-08 1.6907478E-08 2.0438645E-08 2.2517280E-08 2.3863530E-08  281.3645 281.7166 282.2338 281.5312 278.8225 278.2704 278.8561 279.7578 275.2221 274.6074 275.4345 281.5020 272.7828 272.2440 272.6663 273.9479  138161
1994 2.1974154E-08 2.5043571E-08 3.3770657E-08 4.0835754E-08 1.8735761E-08 2.3667909E-08 3.1299230E-08 3.2781212E-08 1.8331928E-08 2.4354430E-08 2.6546701E-08 2.6907918E-08 1.8657422E-08 2.2902395E-08 2.4964967E-08 2.5733975E-08  282.8168 283.3138 283.5986 282.5793 279.9110 279.4356 279.9935 280.8228 275.9595 275.4254 276.3234 281.4614 273.3267 272.7874 273.3079 274.6666  105939
1995 2.5323439E-08 2.7886244E-08 3.0942036E-08 3.6391736E-08 2.1101608E-08 2.8390330E-08 3.4220630E-08 3.2197640E-08 1.9463586E-08 2.7661525E-08 3.0528437E-08 2.9606809E-08 1.7211949E-08 2.3520563E-08 2.6604722E-08 2.8059414E-08  283.0663 283.5214 283.7958 282.7509 280.2100 279.6391 279.9698 280.7320 276.2478 275.6260 276.4122 281.5479 273.5005 272.8979 273.3961 274.8227  103552
1996 2.3856296E-08 2.9033508E-08 3.6653223E-08 4.2697341E-08 1.9553129E-08 2.6363159E-08 3.3061653E-08 3.4048398E-08 1.8401492E-08 2.5027544E-08 2.7384523E-08 2.8803663E-08 1.7865142E-08 2.3689537E-08 2.6035604E-08 2.7228145E-08  282.8705 282.9741 283.0418 282.0599 280.0912 279.2893 279.4682 280.2275 275.9028 275.1346 275.8580 281.4067 273.0949 272.3369 272.7488 274.1274  125377
1997 2.6603551E-08 3.0498832E-08 3.5741710E-08 3.9311036E-08 2.3301558E-08 3.1306897E-08 3.4553949E-08 3.1495802E-08 2.2909548E-08 2.9628570E-08 3.0859809E-08 2.9586658E-08 2.0003599E-08 2.4978846E-08 2.6574698E-08 2.7034840E-08  282.7303 282.9901 283.2382 282.2914 280.1174 279.4887 279.8203 280.5529 276.1624 275.5543 276.3542 281.4854 273.4157 272.9182 273.4243 274.7318  96429
1998 1.6221861E-08 1.9661105E-08 2.3991999E-08 2.9330657E-08 1.7027316E-08 2.2880233E-08 2.6988841E-08 2.7473236E-08 1.8887331E-08 2.6667202E-08 2.9446225E-08 2.7475274E-08 1.8816577E-08 2.5650220E-08 2.9730050E-08 3.0824534E-08  284.8604 285.0635 285.0520 283.7856 280.9771 280.6057 281.1161 281.8242 276.0830 275.7140 276.7896 281.6319 272.8334 272.3706 272.9952 274.4332  58500
1999 1.8703728E-08 2.0225928E-08 2.3171587E-08 2.6800917E-08 1.7297147E-08 2.2946146E-08 2.8200718E-08 2.6994195E-08 1.7874759E-08 2.6120448E-08 2.9218997E-08 2.9110197E-08 1.7832646E-08 2.3971863E-08 2.7197357E-08 2.8771701E-08  283.8690 284.1730 284.4235 283.2900 280.5172 280.1049 280.4483 281.2366 275.9426 275.4138 276.3251 281.6072 273.0788 272.3647 272.8558 274.2767  109506
2000 2.0517735E-08 2.5233275E-08 3.4134171E-08 4.2179988E-08 1.7580579E-08 2.3955154E-08 3.1254373E-08 3.3084820E-08 1.7571498E-08 2.4775055E-08 2.8038105E-08 2.9501171E-08 1.8921980E-08 2.5288180E-08 2.7398412E-08 2.7644804E-08  282.8382 283.0956 283.3383 282.3615 280.0055 279.3707 279.6614 280.4263 275.7520 275.0634 275.9771 281.6474 272.8623 272.2797 272.8926 274.3317  50380.6
2001 2.9141900E-08 3.1605023E-08 3.7485261E-08 3.9933713E-08 2.4431023E-08 3.0802664E-08 3.7210633E-08 3.5730277E-08 2.2750868E-08 2.8231009E-08 3.0611968E-08 3.0877938E-08 2.1048484E-08 2.4962439E-08 2.6176133E-08 2.6555036E-08  282.6793 282.9914 283.1393 282.2206 279.9014 279.4088 279.7257 280.5110 276.0223 275.5406 276.4126 281.5352 273.2833 272.8419 273.4090 274.8680  185161
2002 2.4741961E-08 3.0316031E-08 3.6762884E-08 3.8666947E-08 2.0163933E-08 2.8229643E-08 3.5870784E-08 3.5463174E-08 1.8826347E-08 2.5264303E-08 2.9115249E-08 3.0187508E-08 1.9053655E-08 2.3910209E-08 2.7661800E-08 3.0617780E-08  282.9279 283.0856 283.2051 282.2110 280.2658 279.6944 279.9763 280.7724 276.2101 275.7068 276.6037 281.6208 273.3777 272.8150 273.3547 274.7768  97480.6
2003 2.0524380E-08 2.4514447E-08 2.9587529E-08 3.1554809E-08 1.6722675E-08 2.4986532E-08 3.2644259E-08 3.1965243E-08 1.5232827E-08 2.3555522E-08 2.8209396E-08 2.9413661E-08 1.4981513E-08 2.0285091E-08 2.4030820E-08 2.6478309E-08  283.4984 283.7271 283.9007 282.8033 280.4997 279.7372 279.9956 280.6383 276.1099 275.2656 275.9254 281.5020 273.3404 272.4902 272.7799 274.0086  113642
2004 2.5012447E-08 2.7524623E-08 3.3120365E-08 3.7200731E-08 2.2175808E-08 2.8404882E-08 3.3378317E-08 3.2990279E-08 2.2302560E-08 2.7869408E-08 2.9570286E-08 2.9120129E-08 2.3980780E-08 2.8502026E-08 2.9821141E-08 2.9674878E-08  284.3069 284.5309 284.6523 283.4306 281.6485 280.9120 281.1399 281.8587 277.5483 276.9909 277.7124 281.5787 274.5907 274.0223 274.4472 275.5211  73625.8
2005 2.3365399E-08 2.5290456E-08 3.0862882E-08 3.5625447E-08 2.1766796E-08 2.7970817E-08 3.3609876E-08 3.3215880E-08 2.0333726E-08 2.8409813E-08 3.1210000E-08 3.0785188E-08 1.7293946E-08 2.4027926E-08 2.7539912E-08 2.7315547E-08  282.7161 282.8710 283.0721 282.1774 280.0025 279.2844 279.5590 280.2815 275.8450 275.0373 275.7907 281.6454 273.0428 272.2766 272.7136 274.0946  62622.6
2006 2.3810674E-08 2.7857780E-08 3.4554930E-08 3.8700819E-08 2.0517893E-08 2.7287346E-08 3.4655681E-08 3.3955466E-08 1.6611958E-08 2.1970237E-08 2.4991438E-08 2.6630527E-08 1.5036475E-08 1.9142925E-08 2.1539336E-08 2.3099789E-08  283.1937 283.4402 283.5910 282.5233 280.3055 279.6474 280.0256 280.6988 276.5264 275.7875 276.4951 281.6273 273.9429 273.2448 273.6228 274.8069  86441.9
2007 2.5478856E-08 3.1103262E-08 3.5704648E-08 3.6527741E-08 1.8793465E-08 2.7087454E-08 3.4935180E-08 3.3857827E-08 1.6790837E-08 2.3222212E-08 2.8095444E-08 3.0142179E-08 1.5973789E-08 2.0137206E-08 2.3366661E-08 2.7485658E-08  283.0332 283.2285 283.4429 282.3622 280.1932 279.5963 279.9146 280.6844 276.2740 275.5974 276.3625 281.5626 273.7438 272.9888 273.3841 274.6459  53654.8
2008 2.0831701E-08 2.4867024E-08 3.0043935E-08 3.3681367E-08 1.5000110E-08 2.2769255E-08 2.9428367E-08 2.8844127E-08 1.4167205E-08 2.1375531E-08 2.5451049E-08 2.6716506E-08 1.6380088E-08 2.2388177E-08 2.6085132E-08 2.8524127E-08  283.4576 283.4818 283.5115 282.2128 280.5014 279.5905 279.6715 280.3247 276.1425 275.2679 275.9934 281.5681 273.1656 272.3678 272.7972 274.1887  128106
2009 1.8877877E-08 2.2819929E-08 2.8705928E-08 3.2419997E-08 1.6148133E-08 2.1560027E-08 2.6679229E-08 2.5994204E-08 1.5580502E-08 2.1584597E-08 2.4132362E-08 2.6596810E-08 1.6773642E-08 2.1408562E-08 2.4677167E-08 2.6749021E-08  282.6534 282.6753 282.7252 281.5514 280.0018 278.8954 279.0834 279.8366 276.0410 275.0106 275.6033 281.5591 273.3842 272.5400 272.7695 273.9992  60616.1
2010 1.8103616E-08 2.0908129E-08 2.5879908E-08 2.9680468E-08 1.7614688E-08 2.3760702E-08 3.0346612E-08 3.0815958E-08 1.8421263E-08 2.6714963E-08 3.0431945E-08 3.2020992E-08 1.8541076E-08 2.4870952E-08 2.8463241E-08 2.9923530E-08  0.0000000E+00 0.0000000E+00 0.0000000E+00 0.0000000E+00 0.0000000E+00 0.0000000E+00 0.0000000E+00 0.0000000E+00 0.0000000E+00 0.0000000E+00 0.0000000E+00 0.0000000E+00 0.0000000E+00 0.0000000E+00 0.0000000E+00 0.0000000E+00  60316.1
2011 1.9668352E-08 2.0668537E-08 2.5955220E-08 3.1974231E-08 1.8305217E-08 2.2752159E-08 2.7944850E-08 2.9080498E-08 1.7772891E-08 2.3301711E-08 2.7053726E-08 2.8879287E-08 1.8774738E-08 2.3614437E-08 2.6917288E-08 2.9552034E-08  283.3829 283.6996 283.8417 282.5876 280.3011 279.7546 280.1509 280.8627 275.9420 275.5078 276.4341 281.5403 273.1377 272.6768 273.2935 274.6843  131161
2012 1.8878634E-08 2.3817636E-08 3.0636095E-08 3.5219443E-08 1.4232772E-08 2.0529546E-08 2.8870538E-08 3.0711075E-08 1.3871625E-08 1.9687137E-08 2.3120574E-08 2.6706974E-08 1.5582170E-08 1.9450347E-08 2.0885544E-08 2.3316151E-08  283.0606 283.1446 283.2495 282.1237 279.9213 279.0208 279.2913 279.9822 275.6214 274.7428 275.3889 281.7660 272.8497 272.0264 272.4438 273.8158  72351.6
2013 2.8899008E-08 3.0505539E-08 3.2835999E-08 3.2078898E-08 2.2008477E-08 2.8542615E-08 3.3109963E-08 3.0540019E-08 1.8215918E-08 2.3667198E-08 2.6372494E-08 2.8023912E-08 1.9569665E-08 2.2961583E-08 2.3848234E-08 2.4841160E-08  283.3769 283.7324 283.9261 282.8654 280.4477 279.7798 280.0764 280.8695 276.2811 275.7260 276.5109 281.5705 273.4630 272.9362 273.4737 274.7881  133903
2014 2.5212975E-08 2.9973322E-08 3.6251631E-08 4.1881158E-08 2.3049020E-08 2.9605324E-08 3.4845097E-08 3.3474294E-08 2.0983645E-08 2.7588332E-08 3.0272556E-08 3.0374775E-08 1.8110466E-08 2.2819309E-08 2.5264217E-08 2.7173328E-08  282.4399 282.4973 282.6248 281.7012 279.3665 278.5875 278.9867 279.8096 275.1202 274.5355 275.3988 281.4399 272.5404 271.9683 272.5494 273.9982  152484
2015 2.2067395E-08 2.3843377E-08 2.8122441E-08 3.3870091E-08 1.8598332E-08 2.4896440E-08 3.0378526E-08 3.0301504E-08 1.6086439E-08 2.2375762E-08 2.5804967E-08 2.8027429E-08 1.5897982E-08 2.0614683E-08 2.3313170E-08 2.5122104E-08  282.2869 282.5464 282.7990 281.8445 279.4089 278.8889 279.3332 280.1233 275.3782 274.8888 275.8164 281.5160 272.7677 272.3320 272.8934 274.2619  53961.3
