STN,prec_1,prec_2,prec_3,prec_4,prec_5,prec_6,prec_7,prec_8,prec_9,prec_10,prec_11,prec_12,prec_13,prec_14,prec_15,prec_16,st_1,st_2,st_3,st_4,st_5,st_6,st_7,st_8,st_9,st_10,st_11,st_12,st_13,st_14,st_15,st_16,07.0
LAT,37.67308,37.67308,37.67308,37.67308,40.46365,40.46365,40.46365,40.46365,43.25420,43.25420,43.25420,43.25420,46.04472,46.04472,46.04472,46.04472,37.67308,37.67308,37.67308,37.67308,40.46365,40.46365,40.46365,40.46365,43.25420,43.25420,43.25420,43.25420,46.04472,46.04472,46.04472,46.04472,41.78058635
LON,-95.62500,-92.81250,-90.00000,-87.18750,-95.62500,-92.81250,-90.00000,-87.18750,-95.62500,-92.81250,-90.00000,-87.18750,-95.62500,-92.81250,-90.00000,-87.18750,-95.62500,-92.81250,-90.00000,-87.18750,-95.62500,-92.81250,-90.00000,-87.18750,-95.62500,-92.81250,-90.00000,-87.18750,-95.62500,-92.81250,-90.00000,-87.18750,-90.252073
1958 2.1676529E-08 2.7500969E-08 3.5862399E-08 4.3668280E-08 1.7282961E-08 2.5296824E-08 3.3468226E-08 3.5484653E-08 1.7405025E-08 2.3799096E-08 2.5410829E-08 3.1152997E-08 1.8232619E-08 2.2466914E-08 2.3306054E-08 2.5327600E-08  275.5969 275.8564 276.5483 276.2653 272.4970 271.7948 272.5306 273.8277 268.2500 267.5002 268.7242 278.3985 265.9500 265.4695 266.2984 268.2843  36438.7
1959 1.8510070E-08 2.4501899E-08 3.3974441E-08 4.2448963E-08 1.5290333E-08 2.1922983E-08 2.8262301E-08 2.9977770E-08 1.5447494E-08 2.0318527E-08 2.1930488E-08 2.9499480E-08 1.5726547E-08 1.8848741E-08 1.9956314E-08 2.3410998E-08  274.6042 274.7816 275.3765 274.9976 271.7746 270.8828 271.5103 272.7534 267.6459 266.8395 267.9505 278.3985 265.6111 265.0316 265.8064 267.6953  33483.9
1960 1.4631454E-08 1.8550239E-08 2.4126045E-08 3.1365481E-08 1.2303561E-08 1.8668144E-08 2.4909216E-08 2.6722073E-08 1.3262291E-08 1.8820103E-08 2.1865272E-08 2.8705642E-08 1.4624146E-08 1.8313591E-08 1.9369018E-08 2.1922579E-08  275.4305 275.5294 276.0044 275.4620 272.4546 271.4552 272.0322 273.1142 268.0832 267.1316 268.2277 278.3985 265.6642 264.9941 265.8531 267.8247  38464.5
1961 1.5789711E-08 2.2644874E-08 3.3430755E-08 4.0845325E-08 1.3247467E-08 2.1032104E-08 2.9450861E-08 3.2114031E-08 1.3106550E-08 1.8603746E-08 2.2888949E-08 2.9907760E-08 1.5258921E-08 1.8604540E-08 2.0949583E-08 2.5010738E-08  275.9315 275.9335 276.4432 276.0057 273.1094 272.3749 273.0046 274.1430 269.0809 268.4616 269.6064 278.3985 266.9821 266.5418 267.3429 269.0908  22329
1962 2.0724721E-08 2.5505365E-08 3.2418523E-08 3.9416271E-08 1.5592072E-08 2.2623741E-08 2.9256194E-08 3.1342754E-08 1.5120616E-08 2.0691576E-08 2.3864761E-08 3.0959463E-08 1.6206771E-08 2.0074598E-08 2.2261670E-08 2.6500885E-08  275.8755 276.0043 276.4607 275.8196 272.5760 271.8403 272.4614 273.5621 268.3084 267.4882 268.5265 278.3985 266.1126 265.4167 266.1745 268.0112  52983.9
1963 1.9213632E-08 2.4003667E-08 3.1638812E-08 3.9719474E-08 1.4123415E-08 2.0834076E-08 2.7991407E-08 3.0532799E-08 1.2856606E-08 1.8658532E-08 2.1785025E-08 2.8674377E-08 1.4920507E-08 1.8793793E-08 2.0655701E-08 2.4231678E-08  275.4726 275.7285 276.3636 276.0073 272.5503 271.8095 272.4478 273.6295 268.2292 267.4440 268.6205 278.3986 265.8926 265.4866 266.3710 268.1790  26061.3
1964 1.8322332E-08 2.3577108E-08 3.1373240E-08 3.8290032E-08 1.4197440E-08 2.1343769E-08 2.8452547E-08 3.1634844E-08 1.3747719E-08 1.8817733E-08 2.1044141E-08 2.8753636E-08 1.7039861E-08 2.0415113E-08 2.0946407E-08 2.3453357E-08  275.9372 276.0705 276.4497 275.7711 272.8026 271.7876 272.2507 273.3380 268.5472 267.5440 268.4937 278.3985 266.2325 265.5078 266.2505 268.0621  18222.6
1965 2.2124441E-08 2.8520043E-08 3.9323826E-08 4.7049838E-08 1.7248267E-08 2.4401622E-08 3.2595526E-08 3.5458427E-08 1.6681176E-08 2.2510349E-08 2.5687553E-08 3.3257628E-08 1.6682428E-08 2.0016522E-08 2.2631074E-08 2.6764898E-08  274.3482 274.5442 275.2038 275.0822 271.5787 270.8542 271.6755 273.0833 267.4530 266.6659 267.9744 278.3985 265.1877 264.7721 265.7820 267.8602  40725.8
1966 2.1079620E-08 2.8577034E-08 3.7903678E-08 4.5542031E-08 1.5915191E-08 2.4540968E-08 3.3206135E-08 3.5052921E-08 1.5282557E-08 2.1007422E-08 2.4261796E-08 3.1052981E-08 1.8217438E-08 2.1911923E-08 2.3094529E-08 2.5510170E-08  275.1732 275.4675 276.1640 275.7932 272.1742 271.6163 272.4596 273.7048 268.1663 267.5681 268.8332 278.3985 266.0008 265.6265 266.5799 268.6234  33400
1967 2.3111912E-08 2.8570559E-08 3.6614303E-08 4.6919759E-08 1.7979719E-08 2.4987017E-08 3.1377347E-08 3.3478191E-08 1.8341973E-08 2.4215703E-08 2.6682857E-08 3.1353558E-08 1.9098367E-08 2.2610831E-08 2.4192840E-08 2.6808928E-08  275.3490 275.7303 276.3579 275.8816 272.2327 271.6690 272.3249 273.5345 268.0524 267.5716 268.8192 278.3985 265.7236 265.4529 266.4319 268.2804  59303.2
1968 2.0099513E-08 2.5990143E-08 3.3347721E-08 4.1450562E-08 1.5223385E-08 2.2974938E-08 3.0093524E-08 3.3137418E-08 1.6727180E-08 2.1845155E-08 2.3503208E-08 3.1687009E-08 1.7115307E-08 1.9989379E-08 2.1181974E-08 2.3801697E-08  274.1171 274.1045 274.5271 274.0273 270.9400 270.1225 270.7155 271.9100 266.6595 265.9514 267.1436 278.3986 264.4491 264.0449 264.9799 266.9016  92909.7
1969 1.9626686E-08 2.5183677E-08 3.2971048E-08 4.0409965E-08 1.6153122E-08 2.3066320E-08 3.0118059E-08 3.2619297E-08 1.6619229E-08 2.2689271E-08 2.5356504E-08 3.1349352E-08 1.7285688E-08 2.0036680E-08 2.1416446E-08 2.4787781E-08  274.8195 275.1336 275.8218 275.5113 271.6043 271.0779 271.9817 273.3189 267.3681 266.8494 268.2150 278.3985 265.4787 265.2142 266.2030 268.0962  74567.7
1970 2.0761222E-08 2.5812668E-08 3.2209432E-08 3.9908599E-08 1.7184943E-08 2.4565765E-08 3.1078674E-08 3.2585596E-08 1.6647821E-08 2.2239325E-08 2.4504194E-08 3.1557235E-08 1.7555731E-08 2.0889861E-08 2.2102272E-08 2.5122011E-08  275.6120 275.6977 276.2056 275.5655 272.0561 271.2209 271.9270 273.1277 267.4218 266.6419 267.8925 278.3985 264.8455 264.4249 265.3638 267.4157  27609.7
1971 1.7188915E-08 2.3693321E-08 3.2358013E-08 4.0070965E-08 1.2980229E-08 2.0046167E-08 2.6808046E-08 2.9585648E-08 1.5162362E-08 2.0247478E-08 2.2534950E-08 3.0334739E-08 1.8136092E-08 2.1635852E-08 2.3022498E-08 2.6221578E-08  275.1255 275.2299 275.6726 275.1879 272.0310 271.2188 271.8675 273.0891 267.8475 267.0634 268.2122 278.3985 265.6712 265.1151 266.0681 268.0034  42016.1
1972 2.1707306E-08 2.8905673E-08 3.8589782E-08 4.6981757E-08 1.6339282E-08 2.4259215E-08 3.2288117E-08 3.4240859E-08 1.4729650E-08 2.0007400E-08 2.3714389E-08 3.1286429E-08 1.5505016E-08 1.8747235E-08 2.0965361E-08 2.4594296E-08  274.1458 274.4435 275.0215 274.6836 271.5086 270.7918 271.4313 272.7395 267.7979 267.1006 268.2272 278.3985 266.0850 265.6182 266.4125 268.1637  43564.5
1973 1.8297911E-08 2.3415847E-08 3.1572309E-08 3.9580822E-08 1.4545939E-08 2.1281402E-08 2.8977254E-08 3.1939585E-08 1.5496177E-08 2.1267317E-08 2.3711555E-08 3.0599658E-08 1.7879135E-08 2.1246564E-08 2.2382473E-08 2.5353913E-08  275.7779 276.1353 276.7749 276.2856 272.3257 271.6481 272.5066 273.8904 267.9218 267.1711 268.4221 278.3985 265.6287 265.1925 266.1076 268.0120  35222.6
1974 1.8709608E-08 2.3850017E-08 3.0834610E-08 4.0011937E-08 1.5096818E-08 2.2216046E-08 2.9005836E-08 3.1822108E-08 1.5351050E-08 2.1730415E-08 2.4055158E-08 3.1070542E-08 1.7238463E-08 2.1134708E-08 2.2447434E-08 2.5578807E-08  275.9174 275.9814 276.4210 275.8395 272.4957 271.6220 272.2278 273.3623 267.9931 267.1409 268.3865 278.3985 265.4756 265.0309 265.9641 267.9518  38625.8
1975 2.1105050E-08 2.5585773E-08 3.1779944E-08 3.8195179E-08 1.8056578E-08 2.7085658E-08 3.3214896E-08 3.2002511E-08 1.6393773E-08 2.3866258E-08 2.7639842E-08 3.3846291E-08 1.6583126E-08 2.0728750E-08 2.2940581E-08 2.5530934E-08  275.7892 276.0869 276.5666 275.9440 272.4227 271.7729 272.5151 273.7296 267.9321 267.2856 268.5294 278.3985 265.5768 265.1867 266.1349 268.1046  68561.3
1976 1.6360875E-08 2.1405018E-08 2.8973933E-08 3.8129514E-08 1.3183176E-08 2.0087230E-08 2.8027680E-08 3.0657084E-08 1.4706052E-08 1.9853143E-08 2.2136199E-08 2.9699233E-08 1.7064453E-08 2.0551491E-08 2.1602027E-08 2.4576202E-08  276.2392 276.1242 276.4336 275.7470 272.8305 271.8424 272.2932 273.4220 268.4506 267.5239 268.5972 278.3985 266.1942 265.6491 266.4236 268.2821  19822.6
1977 2.0438927E-08 2.7213030E-08 3.5965588E-08 4.4603834E-08 1.4677983E-08 2.1887152E-08 2.9650716E-08 3.3928991E-08 1.5375987E-08 2.1445047E-08 2.4038314E-08 3.0780615E-08 1.7945045E-08 2.1904357E-08 2.4354538E-08 2.7417894E-08  275.6270 275.8975 276.4181 275.9232 272.8276 271.9994 272.6322 273.8246 268.6973 267.8451 268.8886 278.3985 266.3555 265.7787 266.5232 268.3739  24529
1978 1.9440886E-08 2.4761100E-08 3.4597981E-08 4.3449511E-08 1.3924693E-08 2.2191488E-08 3.0926085E-08 3.5090256E-08 1.4218210E-08 2.0086755E-08 2.3231252E-08 3.2427817E-08 1.4718713E-08 1.7802481E-08 1.8976946E-08 2.2489472E-08  274.6247 274.6035 275.2056 275.0787 271.6081 270.5512 271.1887 272.5956 267.3418 266.4155 267.6130 278.3985 265.0605 264.5396 265.4572 267.4192  91254.8
1979 1.8011059E-08 2.4756574E-08 3.4425309E-08 4.3338716E-08 1.4214367E-08 2.1180709E-08 2.8969858E-08 3.1796290E-08 1.5134418E-08 2.1242180E-08 2.4276824E-08 3.1490281E-08 1.6757186E-08 2.1269368E-08 2.3033765E-08 2.6521127E-08  275.4100 275.5278 276.0131 275.5574 272.2678 271.4235 272.0590 273.2314 267.8738 267.1008 268.2627 278.3985 265.4667 264.9756 265.7856 267.6768  64661.3
1980 2.3021432E-08 3.2484571E-08 4.5447994E-08 5.5088226E-08 1.7731146E-08 2.7021017E-08 3.5598934E-08 3.8560334E-08 1.8194344E-08 2.5300933E-08 2.7967463E-08 3.3192848E-08 1.9287359E-08 2.4129925E-08 2.7058997E-08 3.0355054E-08  276.2431 276.4012 276.9064 276.4585 273.1162 272.4600 273.1391 274.2642 268.8367 268.1414 269.3962 278.3985 266.5385 266.1320 267.0431 268.8636  24403.2
1981 2.7133460E-08 2.9234247E-08 3.2909789E-08 3.9299458E-08 1.8576673E-08 2.5944994E-08 3.0286493E-08 3.1137866E-08 1.6252464E-08 2.3004970E-08 2.4765518E-08 3.2296839E-08 1.7563057E-08 2.1525523E-08 2.3245301E-08 2.6686726E-08  275.3720 275.3651 275.7329 275.0994 272.1554 271.2994 271.9201 273.0708 267.7443 266.9514 268.1945 278.3985 265.3632 264.9527 265.9467 267.9602  56064.5
1982 2.6016497E-08 3.1063447E-08 4.0620158E-08 4.9346049E-08 2.0707168E-08 2.8215574E-08 3.6226229E-08 3.8289947E-08 1.9650933E-08 2.5172456E-08 2.7839418E-08 3.3465252E-08 1.8975513E-08 2.1942100E-08 2.3600927E-08 2.6790465E-08  274.8637 275.2828 275.9813 275.6003 271.7263 271.2371 272.0215 273.2493 267.6393 266.9580 268.2918 277.8591 265.6272 265.1620 266.0761 267.8976  42129
1983 1.9797797E-08 2.7381446E-08 3.8661714E-08 4.9093654E-08 1.5811940E-08 2.3995879E-08 3.2971581E-08 3.6679747E-08 1.5354741E-08 2.1110845E-08 2.4220281E-08 3.2090725E-08 1.7212111E-08 2.0921444E-08 2.2309726E-08 2.5149269E-08  275.6807 275.6193 276.0167 275.4955 272.6728 271.7817 272.2324 273.2947 268.5370 267.5662 268.5265 278.5672 266.2304 265.5834 266.3152 268.0926  72693.5
1984 1.5798330E-08 1.9767521E-08 2.5857528E-08 3.3671402E-08 1.4965401E-08 2.0723840E-08 2.5705154E-08 2.7355325E-08 1.5831279E-08 2.2986720E-08 2.5706933E-08 3.0564976E-08 1.6676079E-08 2.1385830E-08 2.4025873E-08 2.7065775E-08  276.1384 276.2276 276.5905 275.9156 273.2997 272.2891 272.7169 273.7110 269.0705 268.0497 268.9403 278.0842 267.0244 266.1450 266.6854 268.2931  87083.9
1985 1.6988780E-08 2.2642466E-08 3.1706481E-08 4.2457760E-08 1.4067917E-08 2.1082256E-08 2.8269875E-08 3.1282287E-08 1.6375088E-08 2.2034859E-08 2.4844374E-08 3.2663198E-08 1.9260225E-08 2.3284541E-08 2.4594472E-08 2.7130222E-08  275.5388 275.6162 276.1612 275.8042 272.1546 271.1161 271.7609 273.1059 267.3283 266.4733 267.7391 278.3220 264.7663 264.4348 265.4888 267.5848  45051.6
1986 1.5625057E-08 2.2173156E-08 3.1188623E-08 3.8045957E-08 1.2644009E-08 1.9809322E-08 2.7816178E-08 3.0536032E-08 1.3604100E-08 1.9179875E-08 2.2125478E-08 3.0370483E-08 1.6321051E-08 1.9756502E-08 2.0552568E-08 2.3397034E-08  274.8100 274.8555 275.3420 274.7323 272.0713 271.0755 271.6782 272.7739 268.0937 267.0413 268.0647 278.2489 265.9734 265.3088 265.9899 267.8381  69712.9
1987 2.0990997E-08 2.8351863E-08 3.9540996E-08 4.8231023E-08 1.8448070E-08 2.6258984E-08 3.3435079E-08 3.5819554E-08 1.8692077E-08 2.5752932E-08 2.7619494E-08 3.4901205E-08 1.7882718E-08 2.2301993E-08 2.4460844E-08 2.7211831E-08  273.9998 274.2713 274.9380 274.6256 271.2744 270.5604 271.3727 272.7332 267.4403 266.7367 268.0483 278.9672 265.6376 265.2196 266.1371 268.0935  29867.7
1988 1.9528164E-08 2.0846768E-08 2.7270353E-08 3.5141092E-08 1.6378097E-08 2.3283174E-08 3.0122195E-08 3.1840170E-08 1.7269809E-08 2.3274138E-08 2.6266472E-08 3.3113341E-08 1.7223860E-08 2.2058691E-08 2.3538520E-08 2.5311408E-08  275.6001 275.9073 276.5720 276.0960 271.8065 271.0554 271.8263 273.0777 267.1581 266.4248 267.6552 278.5056 264.9494 264.5528 265.3855 267.2115  14687.1
1989 1.8314745E-08 2.2875874E-08 3.0012718E-08 3.7999147E-08 1.4513446E-08 2.0360641E-08 2.6214323E-08 2.7910790E-08 1.4331281E-08 1.9733736E-08 2.1526775E-08 2.7340878E-08 1.7550830E-08 2.1215635E-08 2.2048312E-08 2.4894778E-08  276.4948 276.5300 276.7625 276.0266 273.6056 272.6365 273.0193 273.9385 269.2600 268.1935 269.0016 278.2629 266.8280 265.9597 266.4439 268.1866  21851.6
1990 1.9046068E-08 2.4281496E-08 3.1882699E-08 3.9031736E-08 1.6305410E-08 2.2570310E-08 2.7829262E-08 2.8945374E-08 1.5450826E-08 2.1081910E-08 2.3003984E-08 2.9619704E-08 1.6344449E-08 2.0052410E-08 2.1413234E-08 2.3867614E-08  275.0222 275.1649 275.5207 274.9647 272.1324 271.4394 271.9530 272.9924 268.1214 267.3497 268.3933 278.2670 265.8968 265.3822 266.1815 268.0291  61771
1991 1.9637389E-08 2.6938896E-08 3.7040625E-08 4.3461995E-08 1.4422031E-08 2.2907843E-08 3.2345554E-08 3.5236834E-08 1.5461483E-08 2.1213948E-08 2.4612955E-08 3.1973926E-08 1.9663513E-08 2.2708726E-08 2.3410550E-08 2.6391554E-08  276.3610 276.4171 276.8696 276.3777 273.4240 272.5905 273.1519 274.2210 269.2790 268.4810 269.4357 278.9832 266.8801 266.3507 267.0855 268.7833  67967.7
1992 1.7832686E-08 2.0132116E-08 2.6041377E-08 3.4107160E-08 1.5314354E-08 2.0842327E-08 2.5003258E-08 2.7172177E-08 1.5768917E-08 2.1618972E-08 2.3891307E-08 2.9949096E-08 1.6058461E-08 1.9295006E-08 2.1217540E-08 2.3999140E-08  274.3436 274.7248 275.3850 275.0204 271.8043 271.0356 271.7466 273.0467 268.1987 267.3485 268.4174 278.5500 266.2717 265.7390 266.5074 268.2133  57090.3
1993 1.9987544E-08 2.5508040E-08 3.4317289E-08 4.2898648E-08 1.7155120E-08 2.2448317E-08 2.8422733E-08 3.1564042E-08 1.7467784E-08 2.1589164E-08 2.3298803E-08 3.0256263E-08 1.7823670E-08 2.0912962E-08 2.2504103E-08 2.3830843E-08  274.6809 274.7498 275.1542 274.6788 271.8224 271.2122 271.9374 273.0210 267.9939 267.3818 268.5618 278.2053 265.9822 265.6564 266.5225 268.2704  198871
1994 1.8430896E-08 2.4429548E-08 3.2096104E-08 3.9039072E-08 1.3318131E-08 1.9821256E-08 2.6683137E-08 2.9537809E-08 1.3815402E-08 1.9698755E-08 2.2978300E-08 2.9388021E-08 1.5738600E-08 2.0286691E-08 2.3195915E-08 2.6623210E-08  275.3582 275.6113 276.2054 275.8006 272.4390 271.7875 272.4955 273.6808 268.3890 267.6731 268.8413 278.1867 266.5038 265.8589 266.5535 268.3630  64454.8
1995 1.9832603E-08 2.3743066E-08 3.0247044E-08 3.6576129E-08 1.7956665E-08 2.4067043E-08 3.0209616E-08 3.1587572E-08 1.7867636E-08 2.3119501E-08 2.4487663E-08 3.0726127E-08 1.7913040E-08 2.1120567E-08 2.1577003E-08 2.4049008E-08  275.5629 275.7059 276.1710 275.5691 272.4948 271.6152 272.3286 273.4930 268.3711 267.6255 268.7412 278.6325 266.2625 265.8085 266.6277 268.2905  51045.2
1996 1.7922153E-08 2.2250518E-08 2.9508559E-08 3.6835345E-08 1.5522154E-08 2.1805768E-08 2.7956592E-08 2.9591119E-08 1.7520772E-08 2.3326884E-08 2.5173957E-08 3.0454387E-08 1.8906306E-08 2.3094962E-08 2.5044592E-08 2.7678459E-08  275.7343 275.6968 276.0432 275.4385 272.7233 271.7078 272.2018 273.2224 268.3904 267.4872 268.5246 277.9325 266.0039 265.4011 266.2256 268.2127  61438.7
1997 1.8504503E-08 2.1540551E-08 2.5738004E-08 3.1703323E-08 1.3777973E-08 1.9711495E-08 2.4639437E-08 2.5731321E-08 1.3022549E-08 1.7532207E-08 1.8336600E-08 2.4746248E-08 1.4446224E-08 1.6611832E-08 1.6575241E-08 1.8007913E-08  274.5948 274.7255 275.2010 274.7235 272.2092 271.3428 271.8716 272.9179 268.5026 267.6265 268.6168 278.1873 266.4797 265.8914 266.5523 268.2572  65951.6
1998 1.8208951E-08 2.2976433E-08 3.1910972E-08 3.9708208E-08 1.5155154E-08 2.2758933E-08 3.2022456E-08 3.5343298E-08 1.4671897E-08 2.1568589E-08 2.6140880E-08 3.4507174E-08 1.7145823E-08 2.1559750E-08 2.4164752E-08 2.8267587E-08  276.5746 276.7631 277.3983 276.8285 272.6538 271.7556 272.5927 273.9297 267.9309 267.1141 268.3783 278.9633 265.3815 264.9739 265.9980 267.9994  81400
1999 1.3179625E-08 1.7091159E-08 2.4164311E-08 3.3141987E-08 1.1531364E-08 1.7605274E-08 2.4729898E-08 2.8290284E-08 1.3345762E-08 1.9704855E-08 2.3005494E-08 3.0752719E-08 1.7064405E-08 2.1445743E-08 2.2771092E-08 2.5165361E-08  276.9355 277.0409 277.3818 276.6859 273.2729 272.2672 272.7405 273.8683 268.4850 267.5466 268.5089 278.9029 266.0291 265.3509 265.9633 267.6798  73693.5
2000 2.1996161E-08 2.5713438E-08 3.2365019E-08 4.1462123E-08 1.5620250E-08 2.1954579E-08 2.8232092E-08 3.0549685E-08 1.6252560E-08 2.1424519E-08 2.3181876E-08 2.9153499E-08 1.7716070E-08 2.2213843E-08 2.3046390E-08 2.4756195E-08  275.9795 276.1112 276.7191 276.4013 273.1918 272.3085 272.8417 274.1082 269.1359 268.2856 269.3756 278.7156 266.9457 266.4683 267.1717 268.8357  72300
2001 2.0095648E-08 2.5343049E-08 3.3231501E-08 4.4066319E-08 1.5027775E-08 2.1200078E-08 2.9438443E-08 3.3432272E-08 1.5398440E-08 2.1257444E-08 2.4720951E-08 3.1636674E-08 1.8763414E-08 2.2555874E-08 2.4221443E-08 2.7071909E-08  275.8754 276.2719 277.1742 276.9324 272.7567 272.1053 272.9817 274.3307 268.3217 267.8090 269.1294 278.6141 265.9990 265.7363 266.6507 268.4514  64764.5
2002 2.2213751E-08 2.8745822E-08 3.8474141E-08 4.6708511E-08 1.6101442E-08 2.4013602E-08 3.2026822E-08 3.4944307E-08 1.6154553E-08 2.2635112E-08 2.5064411E-08 3.1378509E-08 1.7394179E-08 2.2227409E-08 2.3683231E-08 2.5715483E-08  275.6677 275.9378 276.5131 276.0072 272.7359 271.9673 272.5838 273.6485 268.3749 267.5347 268.5977 278.5316 265.9619 265.3855 266.1504 267.9466  76332.3
2003 1.8747796E-08 2.2047741E-08 2.8691870E-08 3.5350968E-08 1.6727336E-08 2.4161519E-08 3.0368906E-08 3.2044699E-08 1.7447203E-08 2.3948774E-08 2.6811417E-08 3.3115786E-08 1.9184991E-08 2.3590994E-08 2.5628601E-08 2.8919102E-08  275.5142 275.8629 276.5375 276.1339 272.2841 271.5307 272.2786 273.5667 268.0274 267.3393 268.4374 278.1292 265.9708 265.5069 266.2825 268.0684  63577.4
2004 2.4146717E-08 2.9165145E-08 3.6343231E-08 4.3558597E-08 1.8021963E-08 2.6464422E-08 3.3499546E-08 3.4646018E-08 1.6805160E-08 2.3798329E-08 2.7179393E-08 3.4206970E-08 1.7742193E-08 2.2686582E-08 2.5248202E-08 2.9295034E-08  275.8023 276.1493 276.7177 276.2650 272.7031 272.0786 272.8375 274.0574 268.4123 267.5875 268.8240 278.3554 266.1252 265.5495 266.3972 268.3864  57206.5
2005 2.5327830E-08 3.0879100E-08 3.8099863E-08 4.4138247E-08 1.7756658E-08 2.6483139E-08 3.5105518E-08 3.6507487E-08 1.6286702E-08 2.2869427E-08 2.5968509E-08 3.2110922E-08 1.6962668E-08 2.1192847E-08 2.2600709E-08 2.4540631E-08  275.1490 275.7006 276.5475 276.2822 272.1385 271.5791 272.4547 273.7122 268.1174 267.3480 268.4359 278.7691 266.0940 265.5339 266.2441 267.9159  44319.4
2006 2.2750839E-08 2.8446646E-08 3.7880202E-08 4.6155954E-08 1.7040474E-08 2.6406761E-08 3.5586606E-08 3.7488974E-08 1.6550549E-08 2.3268708E-08 2.7157691E-08 3.4816093E-08 1.7462835E-08 2.1003119E-08 2.3255973E-08 2.6998373E-08  275.3280 275.7339 276.5690 276.2726 271.8561 271.2449 272.1385 273.5302 267.4938 266.9032 268.2626 278.8764 265.3162 264.9119 265.8137 267.7166  25987.1
2007 1.8002885E-08 2.2388788E-08 2.7604807E-08 3.3824289E-08 1.5420229E-08 2.2407521E-08 2.8519818E-08 2.9366323E-08 1.6341220E-08 2.2615078E-08 2.4780274E-08 3.1299297E-08 1.8250439E-08 2.1975172E-08 2.3799926E-08 2.6913373E-08  275.7136 275.9842 276.5047 276.0051 272.5154 271.6978 272.3569 273.5613 268.3516 267.5495 268.6710 278.7649 266.1878 265.6559 266.3619 268.1221  25451.6
2008 1.5708615E-08 1.9141099E-08 2.5985992E-08 3.6371091E-08 1.5441410E-08 2.1322073E-08 2.8040613E-08 3.0923278E-08 1.5544837E-08 2.2167479E-08 2.5274876E-08 3.2713512E-08 1.9339769E-08 2.3711397E-08 2.5172309E-08 2.8389451E-08  275.8986 275.9398 276.4734 276.0757 272.5427 271.5761 272.1074 273.2523 267.9173 267.0757 268.1343 278.2396 265.3524 264.8073 265.5344 267.4361  59632.3
2009 2.4870957E-08 3.1116404E-08 3.8749750E-08 4.5847731E-08 1.9870047E-08 2.7335059E-08 3.4995555E-08 3.7381682E-08 2.0885661E-08 2.5936597E-08 2.7906177E-08 3.3526575E-08 2.1873282E-08 2.4681906E-08 2.5615950E-08 2.8018684E-08  0.0000000E+00 0.0000000E+00 0.0000000E+00 0.0000000E+00 0.0000000E+00 0.0000000E+00 0.0000000E+00 0.0000000E+00 0.0000000E+00 0.0000000E+00 0.0000000E+00 0.0000000E+00 0.0000000E+00 0.0000000E+00 0.0000000E+00 0.0000000E+00  31229
2010 2.0032100E-08 2.6661962E-08 3.4986289E-08 4.1502851E-08 1.6351517E-08 2.5669950E-08 3.5430372E-08 3.7667355E-08 1.4993539E-08 2.2286578E-08 2.6478290E-08 3.4116532E-08 1.7421675E-08 2.1384192E-08 2.3111335E-08 2.7446305E-08  275.8893 276.0559 276.6037 276.1145 272.6383 271.6889 272.2603 273.4834 268.5059 267.5696 268.5226 278.8031 266.4289 265.7172 266.2137 267.9074  100881
2011 1.7781657E-08 2.2245180E-08 3.0471192E-08 4.2253063E-08 1.5537832E-08 2.3444338E-08 3.2010792E-08 3.5514816E-08 1.6578559E-08 2.3572518E-08 2.7525381E-08 3.4444856E-08 1.8442016E-08 2.2969823E-08 2.5049898E-08 2.8144598E-08  276.1150 276.4859 277.1288 276.7462 272.5536 271.9579 272.7897 274.0585 267.7974 267.2268 268.6432 278.2872 265.4992 265.0763 265.9337 267.8971  98790.3
2012 2.2246470E-08 2.7993776E-08 3.5770078E-08 4.2732829E-08 1.9066558E-08 2.7820287E-08 3.5582637E-08 3.5673231E-08 1.9176561E-08 2.6168525E-08 2.9657892E-08 3.4889979E-08 1.9023497E-08 2.4029756E-08 2.6402667E-08 2.9152401E-08  276.5244 276.9536 277.6294 277.2179 273.4043 272.8729 273.6481 274.8965 269.3280 268.7191 269.8419 279.1886 267.2009 266.7570 267.5104 269.1390  62235.5
2013 2.2214140E-08 2.8256904E-08 3.6980257E-08 4.2849315E-08 1.8908706E-08 2.7559524E-08 3.5510904E-08 3.6849979E-08 1.7825299E-08 2.4788331E-08 2.7212772E-08 3.4376004E-08 1.9443426E-08 2.3015723E-08 2.4345068E-08 2.6847660E-08  275.2596 275.3202 275.8093 275.3488 271.9996 271.0822 271.6959 272.9629 267.6061 266.9140 268.1349 278.5220 265.3556 265.0203 266.0840 268.0882  97751.6
2014 1.8867334E-08 2.3808177E-08 3.0718024E-08 3.5741895E-08 1.6054731E-08 2.2794691E-08 2.9516704E-08 3.0064861E-08 1.7899007E-08 2.4950893E-08 2.8157055E-08 3.3341827E-08 1.8873141E-08 2.2945125E-08 2.5267521E-08 2.7597054E-08  275.3139 275.5612 276.1295 275.6848 272.6072 271.8983 272.6568 273.7897 268.5866 267.9107 269.0490 277.9480 266.5277 266.0051 266.7906 268.4958  124952
2015 1.8452086E-08 2.2621908E-08 2.9109156E-08 3.7050331E-08 1.3396440E-08 1.8207496E-08 2.3065020E-08 2.5310333E-08 1.2636975E-08 1.7303289E-08 1.9679106E-08 2.5147514E-08 1.4134847E-08 1.7246615E-08 1.8947802E-08 2.0760256E-08  275.6746 275.8347 276.3340 275.8942 273.1321 272.2784 272.8254 273.9517 269.4582 268.5476 269.4992 278.3090 267.2608 266.6351 267.2864 268.9158  57454.8
