STN,prec_1,prec_2,prec_3,prec_4,prec_5,prec_6,prec_7,prec_8,prec_9,prec_10,prec_11,prec_12,prec_13,prec_14,prec_15,prec_16,st_1,st_2,st_3,st_4,st_5,st_6,st_7,st_8,st_9,st_10,st_11,st_12,st_13,st_14,st_15,st_16,08.0
LAT,37.67308,37.67308,37.67308,37.67308,40.46365,40.46365,40.46365,40.46365,43.25420,43.25420,43.25420,43.25420,46.04472,46.04472,46.04472,46.04472,37.67308,37.67308,37.67308,37.67308,40.46365,40.46365,40.46365,40.46365,43.25420,43.25420,43.25420,43.25420,46.04472,46.04472,46.04472,46.04472,41.78058635
LON,-95.62500,-92.81250,-90.00000,-87.18750,-95.62500,-92.81250,-90.00000,-87.18750,-95.62500,-92.81250,-90.00000,-87.18750,-95.62500,-92.81250,-90.00000,-87.18750,-95.62500,-92.81250,-90.00000,-87.18750,-95.62500,-92.81250,-90.00000,-87.18750,-95.62500,-92.81250,-90.00000,-87.18750,-95.62500,-92.81250,-90.00000,-87.18750,-90.252073
1958 1.8619904E-08 1.8258330E-08 1.9096719E-08 2.4315348E-08 2.2420430E-08 2.6829763E-08 2.8804127E-08 2.7564182E-08 2.8491801E-08 3.6515235E-08 3.7097173E-08 2.6711701E-08 2.5907244E-08 3.1719487E-08 3.1721342E-08 2.7073392E-08  302.6649 302.2733 300.8939 298.0344 298.9934 297.1154 296.1415 296.4972 295.3336 293.8339 293.4623 291.3137 292.7508 291.3413 291.0179 291.6893  17303.2
1959 1.8307365E-08 1.7052795E-08 1.9736175E-08 2.4813762E-08 1.9453260E-08 2.3773939E-08 2.6402454E-08 2.5039553E-08 2.3758455E-08 3.2422356E-08 3.2539372E-08 2.3296485E-08 2.3246482E-08 3.2344598E-08 3.3601040E-08 2.8884608E-08  302.2505 301.7041 299.8773 297.4358 299.5705 297.6735 296.7706 296.9573 296.4862 295.0954 294.8073 291.3137 294.0715 292.7816 292.3505 292.9065  26367.7
1960 1.6180904E-08 1.4684850E-08 1.7850981E-08 2.3908424E-08 1.9243117E-08 2.3169575E-08 2.4734801E-08 2.3128507E-08 2.5419252E-08 3.4356713E-08 3.3725577E-08 2.2247233E-08 2.3921586E-08 3.2206014E-08 3.3360600E-08 2.8334020E-08  302.8528 302.1096 300.2761 297.7254 300.3943 298.2987 297.1235 297.5220 296.7401 295.2660 294.8611 291.3137 294.1677 292.8683 292.3102 292.7799  24616.1
1961 1.3366004E-08 1.4682707E-08 2.0575799E-08 2.5305940E-08 1.5799305E-08 2.1361670E-08 2.3758512E-08 2.2410543E-08 1.7970965E-08 2.3693346E-08 2.4064789E-08 1.5184861E-08 1.5406105E-08 2.1422192E-08 2.3130392E-08 1.9244304E-08  303.1346 302.3442 300.2281 297.4754 300.3290 298.0269 296.8712 296.9123 297.0685 295.5482 295.0775 291.3138 294.7172 293.5020 292.9956 293.5715  21700
1962 1.3973716E-08 1.4371638E-08 1.8632944E-08 2.6318125E-08 1.4953716E-08 1.9432374E-08 2.1827177E-08 2.0331651E-08 1.7562042E-08 2.6070500E-08 2.6633391E-08 1.6602224E-08 2.2136282E-08 2.7741928E-08 2.9716066E-08 2.5329602E-08  303.8132 303.0812 300.9412 297.8380 301.2256 298.9717 297.5615 297.8183 297.3311 295.8126 295.4140 291.3137 294.5106 293.2845 292.8552 293.4645  37638.7
1963 1.5274424E-08 1.6280799E-08 2.1073765E-08 2.8857155E-08 2.2020863E-08 2.6385630E-08 2.7395387E-08 2.5246242E-08 2.6802232E-08 3.5100481E-08 3.4529695E-08 2.3714684E-08 2.5828564E-08 3.3104961E-08 3.3577098E-08 2.9149463E-08  302.9419 301.9664 299.9481 297.2380 299.3705 297.3665 296.4210 296.5011 295.6064 294.2311 293.9041 291.3137 293.2475 291.9666 291.5996 292.1487  26274.2
1964 1.6561478E-08 1.6939175E-08 1.9849374E-08 2.5842180E-08 1.5847567E-08 1.9773703E-08 2.1882512E-08 2.0453712E-08 1.5615951E-08 2.1905986E-08 2.2799876E-08 1.5213688E-08 1.7217451E-08 2.2084228E-08 2.2846967E-08 1.9748322E-08  302.2040 301.3657 299.6455 296.9578 299.5464 297.2942 296.2457 296.5031 296.5418 295.0096 294.6252 291.3137 294.3221 293.0671 292.6467 293.1961  14616.1
1965 1.3239911E-08 1.4485570E-08 1.8340851E-08 2.4123921E-08 1.5588723E-08 2.1665695E-08 2.4040119E-08 2.0603126E-08 1.9520316E-08 2.6365180E-08 2.6152476E-08 1.6858918E-08 2.1629685E-08 2.7058080E-08 2.8408740E-08 2.4362965E-08  303.0237 302.2341 300.2909 297.4012 300.0536 297.8924 296.7651 296.9754 296.5252 295.0825 294.7936 291.3137 293.9734 292.7116 292.2419 292.6894  28190.3
1966 1.8730626E-08 1.9589848E-08 2.4284377E-08 3.1281687E-08 1.9753262E-08 2.7976666E-08 3.2595473E-08 3.0739567E-08 2.1035099E-08 2.8222887E-08 3.0074574E-08 2.2947145E-08 2.1779774E-08 2.7254043E-08 2.7495034E-08 2.4344288E-08  301.4678 300.5726 298.7121 296.4174 298.4634 296.4616 295.6955 295.6771 295.3983 294.0016 293.6084 291.3138 293.3660 292.0180 291.4983 292.0291  29671
1967 1.7710299E-08 1.6325487E-08 2.0507231E-08 2.6466271E-08 2.0093985E-08 2.5513165E-08 2.7253764E-08 2.3401935E-08 1.7522222E-08 2.5010468E-08 2.4774595E-08 1.6794500E-08 1.5089064E-08 2.0612310E-08 2.0635326E-08 1.8263405E-08  301.7981 301.0060 299.1553 296.6263 298.7744 296.5570 295.7379 295.9523 295.7623 294.2316 293.8809 291.3137 294.1931 292.8176 292.2550 292.7001  24419.4
1968 1.8593562E-08 1.9701208E-08 2.1833880E-08 2.6601269E-08 1.8938277E-08 2.5710573E-08 2.7506520E-08 2.6442196E-08 1.9613493E-08 2.8606488E-08 2.9235597E-08 2.0734142E-08 1.5037276E-08 2.1519449E-08 2.4460714E-08 2.4073458E-08  301.6936 300.8949 299.2794 296.5969 298.8692 296.9034 295.9786 296.1463 295.4799 294.0576 293.8208 291.3137 293.1545 291.7782 291.3823 291.8640  44829
1969 1.4859978E-08 1.6412486E-08 2.0521380E-08 2.7735261E-08 1.8049013E-08 2.3546512E-08 2.6553909E-08 2.4236430E-08 2.1268146E-08 2.7817675E-08 2.6302954E-08 1.7158310E-08 1.9264130E-08 2.6140810E-08 2.8279791E-08 2.3461935E-08  302.8774 302.0801 300.4320 297.5915 300.1459 297.8667 296.7682 297.0042 296.7379 295.1020 294.6995 291.3138 294.5877 293.2392 292.6881 293.2408  27887.1
1970 1.4790972E-08 1.6227917E-08 2.1623492E-08 2.9085603E-08 1.6926304E-08 2.4076654E-08 2.6885235E-08 2.5780690E-08 2.2998751E-08 3.2987643E-08 3.3022470E-08 2.3249033E-08 2.0765501E-08 2.8338954E-08 3.1079662E-08 2.7306596E-08  302.5850 301.8510 300.1301 297.4988 300.0184 297.8092 296.7412 296.9705 296.5075 294.9973 294.5782 291.3137 294.0177 292.8127 292.2915 292.7305  22400
1971 1.5410093E-08 1.6687780E-08 2.2126780E-08 2.9322962E-08 1.8452821E-08 2.2924709E-08 2.5584301E-08 2.5573568E-08 2.1057154E-08 2.7848404E-08 2.6702553E-08 1.5771178E-08 2.0600606E-08 2.7293163E-08 2.7342713E-08 2.2323430E-08  302.3943 301.6500 299.8945 297.2916 299.8396 297.6840 296.6511 296.9821 296.5990 295.0941 294.8056 291.3137 294.2104 292.9527 292.6366 293.3381  26112.9
1972 1.4278969E-08 1.7000037E-08 2.0398065E-08 2.7883141E-08 2.3186134E-08 3.1518560E-08 3.4682103E-08 3.2043662E-08 2.6623727E-08 3.5095088E-08 3.6347341E-08 2.6510516E-08 1.9397968E-08 2.6185855E-08 2.9006330E-08 2.5051897E-08  301.9659 300.8960 299.0272 296.5401 298.5147 296.5641 295.6438 295.7151 295.3279 293.8394 293.4223 291.3137 293.1429 291.7229 291.2153 291.6557  81906.5
1973 1.7509766E-08 1.7799584E-08 2.1336314E-08 2.7799778E-08 1.8324140E-08 2.3369330E-08 2.4852634E-08 2.3976913E-08 2.2174193E-08 2.9308296E-08 2.8938910E-08 1.9961014E-08 2.1747491E-08 2.9450158E-08 3.0029490E-08 2.4536835E-08  302.3818 301.5972 299.8098 297.2833 299.6880 297.7907 296.9107 297.2470 296.4707 295.1945 294.9899 291.3137 294.1274 292.8959 292.6053 293.3246  38132.3
1974 1.7341470E-08 1.8008059E-08 2.0443705E-08 2.5472794E-08 1.8338564E-08 2.3729301E-08 2.5829209E-08 2.4496734E-08 1.8374452E-08 2.4248209E-08 2.3054959E-08 1.6406469E-08 2.0361432E-08 2.5304873E-08 2.4119078E-08 1.9735181E-08  301.8274 301.1022 299.4094 296.8436 298.7068 296.7790 296.0033 296.2188 295.5409 294.2666 294.0549 291.3137 293.3894 292.2049 291.9105 292.5616  32712.9
1975 1.4706201E-08 1.6712621E-08 2.1359737E-08 2.8128591E-08 1.7750626E-08 2.1957629E-08 2.3818867E-08 2.1265004E-08 1.9176134E-08 2.5124555E-08 2.6481700E-08 1.8267190E-08 1.9102371E-08 2.5370227E-08 2.6106353E-08 2.2863052E-08  302.7099 302.0059 300.3779 297.4975 300.3329 298.1731 297.0430 297.5733 296.8461 295.2828 295.0033 291.3138 294.3830 293.1609 292.7429 293.3599  32406.5
1976 1.5932935E-08 1.5214997E-08 1.6020952E-08 2.1623327E-08 1.8520321E-08 2.3922183E-08 2.5610239E-08 2.2997465E-08 2.3037790E-08 3.0321761E-08 3.0656004E-08 2.0796568E-08 1.8609002E-08 2.5491341E-08 2.7934686E-08 2.6054396E-08  302.5258 301.9384 300.2779 297.4618 298.8659 296.7896 295.8108 295.9569 295.1720 293.6808 293.3098 291.3137 293.0119 291.7133 291.1811 291.6759  17148.4
1977 1.4744733E-08 1.4844955E-08 1.9260373E-08 2.7433062E-08 1.4947684E-08 2.1450580E-08 2.3281268E-08 2.2258750E-08 1.9253985E-08 2.7339302E-08 2.9913913E-08 2.1689770E-08 1.9010846E-08 2.5879652E-08 2.8400711E-08 2.5205900E-08  302.0098 301.1173 299.2107 296.7379 299.1141 296.9751 296.0352 296.2188 295.7868 294.2365 293.7763 291.3138 293.2766 291.8620 291.4124 292.0537  15360
1978 1.6542671E-08 1.6844133E-08 2.3426814E-08 3.1318411E-08 2.1033271E-08 2.7678817E-08 2.8966097E-08 2.4743363E-08 2.0778542E-08 2.9507364E-08 3.0801182E-08 2.0514440E-08 1.7094884E-08 2.3318883E-08 2.6210115E-08 2.3650919E-08  302.8353 302.0691 300.1585 297.4054 300.0126 297.8113 296.5747 296.8413 296.3489 294.8997 294.5061 291.3137 294.2063 292.9544 292.4140 292.9370  42287.1
1979 1.5518113E-08 1.6694308E-08 2.2078039E-08 2.9020027E-08 1.8510205E-08 2.5205578E-08 2.8019180E-08 2.5503558E-08 2.0011333E-08 2.8779981E-08 2.9474428E-08 1.9931946E-08 1.6432940E-08 2.1772108E-08 2.3685452E-08 2.0914699E-08  302.4153 301.6469 299.6828 296.9533 299.5179 297.1290 296.1153 296.1919 296.4049 294.7732 294.2720 291.3137 294.0928 292.6892 292.1925 292.7665  59093.5
1980 1.7744121E-08 1.7744320E-08 2.3507694E-08 3.0512719E-08 2.0955797E-08 2.6380706E-08 2.7729966E-08 2.6149339E-08 2.1620824E-08 3.1739440E-08 3.1522916E-08 2.3039428E-08 2.1448852E-08 2.8376633E-08 3.0838294E-08 2.9379461E-08  303.0365 302.2791 300.4685 297.8763 300.0995 298.1145 297.1458 297.4167 296.5480 295.1913 294.8262 291.3137 293.9710 292.6461 292.2211 292.6791  40064.5
1981 1.4971601E-08 1.7294012E-08 2.2044869E-08 3.0980718E-08 1.6818907E-08 2.2890552E-08 2.5598942E-08 2.3402265E-08 1.9406590E-08 2.8035737E-08 2.7210113E-08 1.6605803E-08 2.1353573E-08 2.8255389E-08 2.9807222E-08 2.4454133E-08  302.7333 301.8155 300.1516 297.5782 300.5009 298.2093 297.1329 297.5134 297.2846 295.6952 295.3741 291.3138 294.8668 293.5380 293.1212 293.7604  46458.1
1982 1.4611535E-08 1.7386192E-08 2.2394479E-08 2.6429340E-08 1.7690049E-08 2.2603649E-08 2.5608726E-08 2.4097998E-08 2.0699360E-08 2.7829875E-08 3.1320976E-08 2.1954369E-08 1.6659532E-08 2.2077216E-08 2.3850003E-08 2.0848869E-08  302.5878 301.7674 299.7729 297.1164 298.9736 296.9150 295.9132 296.1494 295.4264 293.9098 293.4257 288.9965 293.0262 291.6779 291.1264 291.6081  29741.9
1983 1.5202632E-08 1.5898499E-08 2.0240977E-08 2.6668355E-08 1.8987912E-08 2.5361352E-08 2.7840416E-08 2.4747301E-08 2.4800364E-08 3.5000081E-08 3.6160728E-08 2.5287131E-08 2.3120204E-08 3.1407687E-08 3.2130629E-08 2.7319540E-08  303.0928 302.3141 300.4151 297.6891 299.4875 297.8363 297.1917 297.4291 296.2830 295.0854 294.9688 292.9596 293.8292 292.7083 292.5171 293.2247  37448.4
1984 1.4212938E-08 1.4805471E-08 2.0511111E-08 2.6176314E-08 1.3337496E-08 1.8717202E-08 2.1383121E-08 1.9141794E-08 1.7468714E-08 2.3535502E-08 2.3422015E-08 1.4464530E-08 2.0465993E-08 2.5208895E-08 2.4511408E-08 2.0708434E-08  302.9253 302.1697 300.0886 297.2579 300.3875 298.0358 296.7993 297.2302 296.7025 295.2621 294.9444 290.7590 294.3520 293.1696 292.7547 293.4070  34709.7
1985 1.7694443E-08 1.7882709E-08 2.1815818E-08 2.5378585E-08 2.1408045E-08 2.6308651E-08 2.7596029E-08 2.4834687E-08 2.1448542E-08 3.0791085E-08 3.3508027E-08 2.4615648E-08 1.9644004E-08 2.5996826E-08 2.9976693E-08 2.6628589E-08  301.3107 300.4386 298.6674 296.2967 298.6299 296.4289 295.4489 295.6634 295.3317 293.7686 293.2255 291.5845 292.9297 291.4882 290.7669 291.1565  36287.1
1986 1.4479249E-08 1.5171258E-08 2.1201389E-08 2.8900997E-08 1.9142110E-08 2.4163985E-08 2.6964411E-08 2.4480505E-08 2.0137849E-08 2.8717121E-08 2.9837796E-08 2.1383723E-08 1.8093811E-08 2.4835655E-08 2.5100034E-08 2.1999513E-08  302.5563 301.6918 299.4758 296.8332 299.6568 297.4754 296.3687 296.6086 296.4087 294.8863 294.4916 290.9769 294.3029 292.9895 292.4622 292.8455  61480.6
1987 1.8206052E-08 1.9548521E-08 2.4606086E-08 3.2321207E-08 1.9267322E-08 2.5285686E-08 2.7041905E-08 2.4725884E-08 2.1749500E-08 2.6826553E-08 2.6529921E-08 1.9858735E-08 2.1590139E-08 2.6944793E-08 2.7923823E-08 2.4828507E-08  302.5091 301.7148 299.7470 297.2766 299.7055 297.7163 296.6529 297.0068 296.2230 294.7763 294.4788 292.8595 293.6349 292.3594 291.8589 292.3505  36587.1
1988 1.5898912E-08 1.7541909E-08 2.2927129E-08 2.8146102E-08 1.7317493E-08 2.0809544E-08 2.1265308E-08 1.9481151E-08 1.7116539E-08 2.5053586E-08 2.5532810E-08 1.4977726E-08 1.7671127E-08 2.4315916E-08 2.6042414E-08 2.3535128E-08  303.5057 302.9275 301.2067 298.4231 300.7597 298.8414 297.7394 298.2458 297.5847 296.1512 295.9410 291.8233 295.4091 294.3677 293.9297 294.4441  15154.8
1989 1.3742841E-08 1.6549052E-08 2.1655055E-08 2.8212876E-08 1.4570707E-08 2.0669482E-08 2.4372323E-08 2.2392825E-08 1.7105071E-08 2.6374368E-08 2.6948479E-08 1.7599929E-08 1.9085999E-08 2.5647145E-08 2.7468563E-08 2.2466278E-08  303.7560 303.0117 301.3347 298.2358 301.5876 299.1298 297.6170 298.0073 297.7470 295.9346 295.4706 291.4189 294.8823 293.5063 292.8923 293.4038  17912.9
1990 1.5888595E-08 1.6657431E-08 2.1151401E-08 2.8408104E-08 1.8141353E-08 2.4684605E-08 2.7047813E-08 2.5350067E-08 1.9693923E-08 2.7708042E-08 2.9049186E-08 2.0608645E-08 2.1250369E-08 2.8662496E-08 2.9654990E-08 2.4160322E-08  302.8125 302.0500 300.1639 297.5793 300.0560 297.8157 296.8262 296.9153 296.8800 295.1961 294.5803 290.2063 294.3929 292.8388 292.2639 292.8338  57138.7
1991 1.7060515E-08 1.9457641E-08 2.3015289E-08 2.5528502E-08 1.7196792E-08 2.3538082E-08 2.5096980E-08 2.2422364E-08 1.7319609E-08 2.5605972E-08 2.7817501E-08 1.9978090E-08 1.5810651E-08 2.2085288E-08 2.3739249E-08 2.2007688E-08  302.1302 300.8844 298.7216 296.4816 299.4457 297.2111 296.3289 296.4448 296.5834 295.1607 294.8868 293.1356 294.6774 293.4455 292.9571 293.4609  45325.8
1992 1.8862105E-08 1.8378776E-08 2.3618972E-08 2.8363786E-08 1.9255531E-08 2.4738998E-08 2.6595268E-08 2.4762507E-08 2.0807390E-08 2.7881745E-08 3.0246273E-08 1.9921792E-08 1.7415834E-08 2.2677202E-08 2.4689770E-08 2.1629299E-08  301.1719 299.9935 297.9954 296.2103 298.6544 296.7986 296.1433 296.2686 296.1219 294.8702 294.5439 290.4781 294.1228 292.8439 292.1830 292.5532  31158.1
1993 1.9657154E-08 2.0743892E-08 2.6692179E-08 3.3540360E-08 2.0307841E-08 2.4768143E-08 2.7328092E-08 2.5194334E-08 1.9835504E-08 2.7153824E-08 2.6872735E-08 1.8658939E-08 1.8068411E-08 2.3449896E-08 2.4453524E-08 2.1206471E-08  302.1236 301.4143 299.5149 296.9657 298.9662 297.0490 296.2918 296.5386 295.8445 294.5247 294.1935 291.2015 293.6359 292.2543 291.8917 292.4241  113419
1994 1.5153072E-08 1.6781534E-08 2.3036293E-08 3.0503536E-08 1.6746082E-08 2.1850129E-08 2.4575126E-08 2.3573834E-08 2.0218259E-08 2.5814375E-08 2.5920242E-08 1.8419151E-08 2.0095159E-08 2.6561581E-08 2.8490724E-08 2.5343224E-08  301.3097 300.4740 298.7725 296.3919 298.7816 296.7358 295.9022 296.0058 295.7204 294.3152 293.9857 290.6577 293.4736 292.1268 291.5668 292.0082  48271
1995 1.6705622E-08 1.8554170E-08 2.1293143E-08 2.5417791E-08 1.6787764E-08 2.2188958E-08 2.3220544E-08 2.1168274E-08 1.8267247E-08 2.5049472E-08 2.7035851E-08 1.6420474E-08 1.6424130E-08 2.2427086E-08 2.3036005E-08 1.9430507E-08  302.9988 302.2420 300.3019 297.6718 300.4525 298.3345 297.2977 297.6045 297.0124 295.5337 295.2098 292.1699 294.4137 293.1504 292.8571 293.5679  65061.3
1996 1.6488206E-08 1.7133782E-08 2.3999931E-08 2.8452694E-08 1.9030271E-08 2.5599864E-08 2.7478343E-08 2.3872937E-08 1.8626691E-08 2.6118991E-08 2.6558949E-08 1.7007638E-08 1.7301462E-08 2.3332356E-08 2.5735378E-08 2.2257309E-08  302.9267 302.1820 300.0251 297.3217 299.9455 297.7207 296.7373 296.9826 296.4683 295.0471 294.7526 289.5479 294.1332 292.8845 292.3727 292.9798  35951.6
1997 1.9846246E-08 2.0029340E-08 2.3554998E-08 2.8929094E-08 1.9051646E-08 2.4231456E-08 2.6934918E-08 2.4343372E-08 2.1338980E-08 2.9504262E-08 3.2632133E-08 2.4380533E-08 2.2320204E-08 2.9710860E-08 3.3608547E-08 3.0184964E-08  302.5779 301.9207 300.0943 297.4860 299.3081 297.3872 296.4831 296.6108 295.9662 294.4847 294.0474 290.8733 293.4526 292.1240 291.5819 292.0059  60974.2
1998 1.6962378E-08 1.4717414E-08 2.0177742E-08 2.5913243E-08 1.9265013E-08 2.2332395E-08 2.5313783E-08 2.3104205E-08 2.4042956E-08 3.3027643E-08 3.0864239E-08 1.9606921E-08 2.0898066E-08 2.7444097E-08 2.7873538E-08 2.3724025E-08  303.2952 302.5833 300.7091 298.1603 300.1581 298.3854 297.4723 297.8997 297.0555 295.7246 295.5803 293.4979 294.7266 293.7056 293.4542 294.1594  39796.8
1999 1.6312192E-08 1.9953122E-08 2.3216467E-08 2.8402928E-08 1.5311091E-08 2.1975804E-08 2.3651941E-08 2.0357263E-08 1.4750968E-08 2.0682423E-08 2.1644565E-08 1.3655983E-08 1.3243747E-08 1.9132433E-08 2.1869832E-08 1.9485524E-08  303.4422 302.7708 301.4999 298.5955 301.3285 298.9931 297.6304 298.2073 297.7601 296.1065 295.6768 292.9617 295.4591 294.1743 293.6015 294.1495  65629
2000 1.5729333E-08 1.8289178E-08 2.1692761E-08 2.5466161E-08 1.7455454E-08 2.1083657E-08 2.2985128E-08 2.0190726E-08 2.0150525E-08 2.7027001E-08 2.6498311E-08 1.7449725E-08 1.8087226E-08 2.3530422E-08 2.6088104E-08 2.2887841E-08  303.4153 302.6576 300.9740 298.0582 300.6971 298.4605 297.1109 297.5443 297.2036 295.4584 295.1028 291.9513 294.8987 293.5506 293.0027 293.5600  38251.6
2001 1.4640845E-08 1.6867871E-08 2.4502807E-08 3.1635775E-08 1.4056004E-08 2.0521265E-08 2.3548527E-08 2.1697918E-08 1.7339243E-08 2.2642638E-08 2.2605500E-08 1.3659921E-08 1.3621840E-08 1.9116055E-08 2.0114895E-08 1.7289135E-08  303.2246 302.3733 300.0976 297.4538 300.8862 298.6178 297.3253 297.7166 297.8071 296.1822 295.8764 292.5351 295.4927 294.4244 293.9992 294.4991  37041.9
2002 1.4661368E-08 1.6506894E-08 2.3236762E-08 2.8521223E-08 1.4661652E-08 1.9795603E-08 2.4008070E-08 2.1505086E-08 1.9629294E-08 2.8273133E-08 3.0534803E-08 1.9888786E-08 1.6233562E-08 2.2615724E-08 2.5106051E-08 2.2533330E-08  303.6884 302.6958 300.2222 297.3100 300.9964 298.6569 297.3609 297.3813 297.3815 295.7917 295.3240 293.1063 294.9747 293.6654 293.0870 293.6574  61880.6
2003 1.4997275E-08 1.7028455E-08 2.2588344E-08 3.0317892E-08 1.8256273E-08 2.6109319E-08 2.8110787E-08 2.6211186E-08 1.8907082E-08 2.7817279E-08 3.0360059E-08 1.9903997E-08 1.7933877E-08 2.5163718E-08 2.8927222E-08 2.6055110E-08  303.7545 302.8838 300.8818 298.0956 300.7972 298.4460 297.2385 297.5558 297.3456 295.6804 295.1676 290.8701 294.9231 293.5363 292.8051 293.1184  25838.7
2004 1.8292319E-08 1.8896667E-08 2.4311783E-08 2.9916908E-08 1.7743412E-08 2.2785036E-08 2.4661961E-08 2.2986850E-08 1.8553928E-08 2.6660894E-08 2.7362073E-08 1.8963437E-08 1.9352500E-08 2.5465777E-08 2.6873510E-08 2.3296824E-08  302.5716 301.8509 299.7893 297.0694 299.9702 297.7869 296.6545 296.8201 296.5017 295.0243 294.6519 291.7661 293.9223 292.6523 292.2778 292.9630  34900
2005 1.4350643E-08 1.6265840E-08 2.0260277E-08 2.7982402E-08 1.6306045E-08 2.3751165E-08 2.6460180E-08 2.3293454E-08 2.3697693E-08 2.9591479E-08 2.7823454E-08 1.7806581E-08 2.1115795E-08 2.7850772E-08 2.9562294E-08 2.5678498E-08  303.4860 302.8535 301.2711 298.4932 300.9951 298.7325 297.6940 298.3136 297.0291 295.5858 295.4226 293.3106 294.3552 293.1373 292.7991 293.4875  25683.9
2006 1.6708910E-08 1.7820142E-08 2.1018133E-08 2.6480507E-08 1.8913383E-08 2.3806166E-08 2.6850026E-08 2.3280197E-08 2.2031641E-08 2.9940722E-08 3.2306367E-08 2.2894486E-08 1.9581432E-08 2.7611087E-08 2.9423820E-08 2.6189724E-08  303.2427 302.3438 300.7799 298.2466 300.2655 297.8911 296.7797 297.2302 296.3067 294.6478 294.1009 292.9185 293.7345 292.1446 291.6719 292.3592  26735.5
2007 1.6090540E-08 1.7459449E-08 2.3804100E-08 3.0519200E-08 1.4618959E-08 2.1172232E-08 2.5206715E-08 2.2947917E-08 1.6284387E-08 2.5101864E-08 2.6723631E-08 1.7882241E-08 1.8890125E-08 2.5898675E-08 2.9523260E-08 2.6615327E-08  303.9115 303.1834 301.2234 298.4051 301.4217 298.8809 297.5735 297.6884 297.7664 295.9902 295.5635 291.7351 295.2105 293.9640 293.4578 294.0030  50719.4
2008 1.3854327E-08 1.6227183E-08 2.1409814E-08 2.7928662E-08 1.5499822E-08 2.0611923E-08 2.3889625E-08 2.2592438E-08 1.7107325E-08 2.4141857E-08 2.5276258E-08 1.7859591E-08 1.9585009E-08 2.4903944E-08 2.6454204E-08 2.3508299E-08  303.4057 302.6362 301.3984 298.6742 301.1589 298.9441 297.5783 298.0336 297.2076 295.6510 295.3076 291.3782 294.2131 293.0963 292.7230 293.3438  28748.4
2009 1.6945160E-08 1.6145334E-08 1.9890022E-08 2.6327921E-08 2.0005640E-08 2.4314980E-08 2.6438610E-08 2.4823194E-08 2.4076510E-08 3.1355626E-08 3.1712897E-08 2.3299284E-08 2.1185082E-08 2.8698990E-08 3.0193920E-08 2.6215593E-08  302.7932 302.0398 300.2587 297.6797 299.7712 297.7093 296.6195 296.7522 295.9520 294.5789 294.1238 291.1689 293.5086 292.0970 291.5744 292.1200  37419.4
2010 1.5852754E-08 1.5947398E-08 1.7951692E-08 2.2321805E-08 1.7338321E-08 2.3652028E-08 2.4759512E-08 2.2064842E-08 1.9777683E-08 2.7240429E-08 2.7563502E-08 1.7700598E-08 1.9868367E-08 2.6071085E-08 2.7680816E-08 2.3724757E-08  303.7168 303.3193 301.7115 298.7796 300.4581 298.4689 297.5234 298.0857 296.8226 295.4727 295.2731 293.9294 294.3023 292.9427 292.6524 293.5306  82545.2
2011 1.3284272E-08 1.4946577E-08 1.7774758E-08 2.4278997E-08 1.5851654E-08 2.1260464E-08 2.3857032E-08 2.2048154E-08 2.0331287E-08 2.7625065E-08 3.0030471E-08 2.1688125E-08 1.7528089E-08 2.5039299E-08 2.6760206E-08 2.3703800E-08  304.3758 303.8449 302.3558 299.1600 301.4035 299.1849 297.9144 298.5417 296.9810 295.4855 295.0902 292.3055 294.3515 292.9333 292.4369 293.1159  80025.8
2012 1.6368865E-08 1.7057650E-08 2.0742533E-08 2.7012348E-08 1.8310375E-08 2.2748681E-08 2.4465082E-08 2.1192440E-08 2.1265514E-08 2.8044205E-08 2.8678025E-08 1.7657333E-08 1.9831131E-08 2.6193645E-08 2.8322809E-08 2.4533355E-08  303.6344 303.1102 301.3936 298.4742 301.1550 298.9608 297.6950 298.1545 297.2055 295.8650 295.6225 294.0267 294.5793 293.3538 293.0611 293.7295  24209.7
2013 1.4277594E-08 1.6329864E-08 2.3220005E-08 2.8504342E-08 1.5374408E-08 2.1918664E-08 2.5141357E-08 2.1413744E-08 1.8000177E-08 2.7258608E-08 2.7253266E-08 1.7108219E-08 1.8444338E-08 2.4304068E-08 2.8082326E-08 2.3819414E-08  303.1726 302.2682 300.5929 297.9017 300.7546 298.4232 297.1850 297.4917 297.1215 295.5706 295.2036 292.3044 294.6275 293.3596 292.8319 293.4401  32545.2
2014 1.5274528E-08 1.6282835E-08 2.1751910E-08 2.6945619E-08 1.6859619E-08 2.3396153E-08 2.5314861E-08 2.2714655E-08 2.1036657E-08 2.6951634E-08 2.7591529E-08 1.7313218E-08 1.8605219E-08 2.3979110E-08 2.5332897E-08 1.9697865E-08  303.5442 303.0783 301.4716 298.5124 300.9140 298.7402 297.4366 297.8039 297.3101 295.7793 295.2992 289.5220 294.8334 293.5249 292.9563 293.5321  42109.7
2015 1.5101078E-08 1.6994523E-08 2.2370529E-08 2.9398150E-08 1.6663423E-08 2.3113637E-08 2.6052446E-08 2.5250865E-08 2.0048134E-08 2.7824877E-08 3.0158514E-08 2.1588287E-08 1.7632521E-08 2.3525358E-08 2.5971381E-08 2.3834138E-08  303.1138 302.0417 299.7713 297.2108 300.0933 297.8717 296.7439 296.8500 296.8655 295.3352 294.8633 290.6797 294.5622 293.3112 292.6466 292.9525  40116.1
