STN,prec_1,prec_2,prec_3,prec_4,prec_5,prec_6,prec_7,prec_8,prec_9,prec_10,prec_11,prec_12,prec_13,prec_14,prec_15,prec_16,st_1,st_2,st_3,st_4,st_5,st_6,st_7,st_8,st_9,st_10,st_11,st_12,st_13,st_14,st_15,st_16,09.0
LAT,37.67308,37.67308,37.67308,37.67308,40.46365,40.46365,40.46365,40.46365,43.25420,43.25420,43.25420,43.25420,46.04472,46.04472,46.04472,46.04472,37.67308,37.67308,37.67308,37.67308,40.46365,40.46365,40.46365,40.46365,43.25420,43.25420,43.25420,43.25420,46.04472,46.04472,46.04472,46.04472,41.78058635
LON,-95.62500,-92.81250,-90.00000,-87.18750,-95.62500,-92.81250,-90.00000,-87.18750,-95.62500,-92.81250,-90.00000,-87.18750,-95.62500,-92.81250,-90.00000,-87.18750,-95.62500,-92.81250,-90.00000,-87.18750,-95.62500,-92.81250,-90.00000,-87.18750,-95.62500,-92.81250,-90.00000,-87.18750,-95.62500,-92.81250,-90.00000,-87.18750,-90.252073
1958 1.5691596E-08 1.5799499E-08 1.6402225E-08 1.7727290E-08 1.7291237E-08 1.9852989E-08 2.0902123E-08 1.9008997E-08 1.9111258E-08 2.3419044E-08 2.3182952E-08 1.9429207E-08 1.7958699E-08 2.3307303E-08 2.5108488E-08 2.3687003E-08  292.5793 292.4640 291.9093 290.0086 289.1474 288.0840 287.7562 288.2198 285.2787 284.3878 284.5981 286.2437 282.7087 281.7096 281.7963 282.7454  23180
1959 2.3067424E-08 2.2825301E-08 2.2030939E-08 2.3076719E-08 2.1880208E-08 2.6777096E-08 2.8504505E-08 2.4637009E-08 1.9816319E-08 2.5498334E-08 2.5594696E-08 2.1806210E-08 1.7233633E-08 2.2174234E-08 2.4230010E-08 2.4103818E-08  292.7811 292.8329 292.2924 290.3325 289.8774 288.8049 288.4673 288.8271 286.2369 285.4853 285.7275 286.2437 283.6593 282.8862 282.9649 283.8516  40443.3
1960 1.9690946E-08 2.0467741E-08 1.8403334E-08 1.6767883E-08 1.8536397E-08 2.4854565E-08 2.6380413E-08 2.1133804E-08 1.9622801E-08 2.5628470E-08 2.6508678E-08 2.1771795E-08 1.8353402E-08 2.3684978E-08 2.4649026E-08 2.3926615E-08  293.5984 293.5345 292.8297 290.7267 290.6496 289.4610 288.9742 289.5250 286.7779 285.8612 286.0419 286.2437 284.2102 283.3051 283.3286 284.0835  37863.3
1961 1.4332232E-08 1.4175884E-08 1.6686984E-08 1.9666047E-08 1.3633179E-08 1.8299517E-08 2.1389754E-08 2.1977224E-08 1.2570415E-08 1.8108562E-08 2.0734138E-08 1.8837589E-08 1.3348054E-08 1.7737795E-08 2.0560293E-08 2.0206389E-08  293.9286 293.6783 292.6946 290.4456 290.8938 289.4888 289.0020 289.2902 287.2862 286.2633 286.3022 286.2437 284.6677 283.6580 283.4862 284.1308  25933.3
1962 1.5899479E-08 1.5288379E-08 1.6538145E-08 1.9120609E-08 1.7641918E-08 2.0241293E-08 2.1511305E-08 1.8973701E-08 1.5421742E-08 2.0504455E-08 2.1360249E-08 1.8281726E-08 1.4121658E-08 1.8338714E-08 2.0751228E-08 2.1028168E-08  294.2815 294.1355 293.2840 290.9899 291.1629 289.8690 289.2857 289.6628 287.1141 286.1885 286.3422 286.2437 284.4879 283.6172 283.5605 284.2341  53673.3
1963 1.8678017E-08 1.8845029E-08 1.8990646E-08 1.8385672E-08 1.6985528E-08 2.2148111E-08 2.2923743E-08 1.9508525E-08 1.6281605E-08 2.2518922E-08 2.4095346E-08 1.9574861E-08 1.5354482E-08 2.1888777E-08 2.3768486E-08 2.1041201E-08  293.9142 293.7990 292.8983 290.7142 290.7857 289.5795 289.1925 289.5144 286.9852 286.1324 286.3303 286.2437 284.5435 283.5911 283.6022 284.3739  20690
1964 1.1027091E-08 1.1809944E-08 1.4467107E-08 1.6918953E-08 1.2162294E-08 1.6128048E-08 1.9626277E-08 1.8731241E-08 1.3840737E-08 1.8938614E-08 2.0543418E-08 1.8891132E-08 1.5315001E-08 1.9136952E-08 2.1594026E-08 2.1778245E-08  293.7884 293.4915 292.5622 290.2672 290.4419 289.0841 288.5970 289.0794 286.3390 285.4254 285.5333 286.2437 283.5428 282.7298 282.6247 283.3183  36580
1965 1.2784914E-08 1.2078869E-08 1.1713736E-08 1.2486352E-08 1.2700166E-08 1.4226042E-08 1.4237787E-08 1.2369807E-08 1.3150515E-08 1.6495806E-08 1.6045416E-08 1.3284865E-08 1.1533770E-08 1.5504218E-08 1.6454445E-08 1.5245488E-08  293.7763 293.5025 292.5083 290.2629 290.8526 289.4004 288.7463 289.0715 287.4276 286.2434 286.2582 286.2437 285.1640 284.1137 283.8658 284.4307  50870
1966 1.5492290E-08 1.3720535E-08 1.4697664E-08 1.7162487E-08 1.7200504E-08 1.7906803E-08 1.7308439E-08 1.6153672E-08 1.7795148E-08 2.1016227E-08 2.1629242E-08 1.8402819E-08 1.8432837E-08 2.1461696E-08 2.2073927E-08 2.1154028E-08  293.7409 293.3589 292.2834 290.1808 290.7413 289.3417 288.8746 289.0426 287.0321 286.0537 286.0692 286.2437 284.4879 283.5549 283.4654 284.1624  24730
1967 1.3387299E-08 1.4203019E-08 1.6873180E-08 2.0070242E-08 1.4853723E-08 1.7761506E-08 1.8625789E-08 1.8869724E-08 1.6945501E-08 2.0776772E-08 2.0398410E-08 1.8065315E-08 1.7471155E-08 2.2359416E-08 2.4043407E-08 2.2983418E-08  293.6054 293.2412 292.2625 290.1288 290.5514 289.2069 288.8670 289.2960 286.8776 286.1385 286.4851 286.2437 284.3600 283.5868 283.6392 284.4404  24046.7
1968 1.4087609E-08 1.5486647E-08 1.5567414E-08 1.5111294E-08 1.3088871E-08 1.6131500E-08 1.8103725E-08 1.6493786E-08 1.2826268E-08 1.5688537E-08 1.5838429E-08 1.3925070E-08 1.4070202E-08 1.8276801E-08 1.8988660E-08 1.7532656E-08  294.2303 293.9104 292.8627 290.5021 291.2379 289.8617 289.2156 289.5781 287.3231 286.5252 286.7044 286.2437 284.5124 283.8602 283.9389 284.6857  42893.3
1969 1.4975187E-08 1.4925730E-08 1.4323419E-08 1.5298681E-08 1.5840927E-08 1.8204078E-08 1.8124634E-08 1.4974207E-08 1.5465394E-08 1.9380874E-08 1.8669605E-08 1.5239211E-08 1.5544819E-08 1.9796856E-08 2.1692674E-08 2.0833044E-08  294.1588 293.9075 293.0423 290.6212 291.1544 289.8667 289.2095 289.5979 287.1716 286.2565 286.3808 286.2437 284.3817 283.5102 283.4634 284.1562  23063.3
1970 1.3662482E-08 1.5037966E-08 1.7077310E-08 1.7534841E-08 1.3318213E-08 1.6565719E-08 1.9234815E-08 1.8842385E-08 1.4189775E-08 1.9637172E-08 2.1064734E-08 1.8068381E-08 1.5704572E-08 2.1658121E-08 2.4828211E-08 2.4121475E-08  293.6237 293.3817 292.5707 290.5591 291.2287 289.9002 289.3875 289.6920 287.4965 286.6344 286.7888 286.2437 284.4206 283.5688 283.6441 284.4293  26683.3
1971 1.1732797E-08 1.0644662E-08 1.1429344E-08 1.3403613E-08 1.2421726E-08 1.4956480E-08 1.4835252E-08 1.3353203E-08 1.3933802E-08 1.6850391E-08 1.7003130E-08 1.4552876E-08 1.6024954E-08 1.9344812E-08 1.9268354E-08 1.7391692E-08  294.3543 294.0029 292.9179 290.3739 291.3142 289.9236 289.2327 289.5217 287.3015 286.4614 286.6291 286.2437 284.4702 283.6941 283.7712 284.5454  23870
1972 2.4028674E-08 2.4532875E-08 2.5466351E-08 2.7857888E-08 2.4609612E-08 2.7651065E-08 2.9432817E-08 2.6498187E-08 2.4083766E-08 2.8512673E-08 2.8290369E-08 2.4651127E-08 2.0793141E-08 2.4418775E-08 2.5124679E-08 2.3750539E-08  291.9871 291.9162 291.3077 289.5250 289.2315 288.1643 287.9903 288.3936 286.1068 285.2666 285.4059 286.2437 283.8010 282.9207 282.9130 283.6200  61133.3
1973 1.4687503E-08 1.5179518E-08 1.7273830E-08 1.8092280E-08 1.6222073E-08 2.0368548E-08 2.1724579E-08 1.9109530E-08 1.8186855E-08 2.1298971E-08 2.1968821E-08 1.8634539E-08 1.9465990E-08 2.2672838E-08 2.3563111E-08 2.2786313E-08  293.5951 293.6165 292.8404 290.6399 290.2742 289.2262 288.9060 289.3230 286.4505 285.7020 285.9973 286.2437 283.8684 283.1448 283.2684 284.1255  34996.7
1974 1.7365995E-08 1.5585229E-08 1.6617197E-08 1.9184215E-08 1.6937193E-08 2.0187493E-08 2.2542105E-08 2.0549983E-08 1.3997542E-08 1.9419995E-08 2.1173575E-08 1.9297660E-08 1.4589854E-08 1.8767746E-08 2.0824331E-08 2.0602775E-08  293.1924 292.9861 292.1829 290.1190 289.9604 288.8018 288.3904 288.7997 286.2409 285.3623 285.5739 286.2437 283.6459 282.7086 282.6537 283.3969  25636.7
1975 1.1251854E-08 1.3777417E-08 1.4243037E-08 1.5628871E-08 1.0439774E-08 1.6234431E-08 1.8411088E-08 1.7443933E-08 1.1309917E-08 1.6407467E-08 1.8019220E-08 1.7066171E-08 1.2811760E-08 1.6582213E-08 1.7625847E-08 1.7511059E-08  294.2366 293.8620 293.0363 290.5350 291.2816 289.8823 289.1704 289.5125 287.1059 286.1356 286.3896 286.2437 284.3380 283.4813 283.6003 284.4489  34656.7
1976 2.0081893E-08 1.9173367E-08 1.9209271E-08 1.9769427E-08 1.9590875E-08 2.3129493E-08 2.5171568E-08 2.1905242E-08 2.1267722E-08 2.6411209E-08 2.6676014E-08 2.2376771E-08 2.1170125E-08 2.5135689E-08 2.5533483E-08 2.4548923E-08  292.6283 292.6124 292.1161 290.1853 289.8848 288.6740 288.2953 288.6332 286.1299 285.2117 285.4243 286.2437 283.4130 282.7072 282.7674 283.5403  15936.7
1977 1.4520509E-08 1.6635132E-08 1.8452083E-08 2.1150148E-08 1.3982745E-08 1.8001860E-08 2.0524809E-08 2.0490143E-08 1.4136240E-08 1.9357852E-08 2.1475902E-08 2.0023585E-08 1.5823602E-08 2.0475490E-08 2.2483048E-08 2.2454449E-08  292.6562 292.1070 291.0777 288.9611 289.7021 288.2744 287.7700 287.9625 285.9178 285.0096 285.1441 286.2437 283.2042 282.3277 282.3521 283.2261  31176.7
1978 1.2895116E-08 1.3487188E-08 1.4582025E-08 1.6638802E-08 1.4398629E-08 1.8106277E-08 2.1491353E-08 2.0679220E-08 1.4466468E-08 1.8809628E-08 2.0628969E-08 1.9552097E-08 1.4753530E-08 1.8977552E-08 2.0328903E-08 2.0027898E-08  293.9849 293.6070 292.6177 290.3625 290.8994 289.4460 288.7410 288.9584 287.0152 285.9031 285.9654 286.2437 284.4081 283.3868 283.2146 283.9007  60113.3
1979 1.6474749E-08 1.4946018E-08 1.6263323E-08 1.8442567E-08 1.8166320E-08 2.1493703E-08 2.3395600E-08 2.0766274E-08 1.7045547E-08 2.1888622E-08 2.3376543E-08 1.9725183E-08 1.7115735E-08 2.0574525E-08 2.2507024E-08 2.1408905E-08  294.0811 294.1113 293.2691 291.0092 290.9206 289.7646 289.3586 289.7302 287.1695 286.3497 286.5698 286.2437 284.4693 283.7101 283.7679 284.5863  51890
1980 1.8612315E-08 1.8826823E-08 1.9587633E-08 1.9611303E-08 1.6089542E-08 2.0737687E-08 2.2756289E-08 1.9427720E-08 1.5646926E-08 2.0137987E-08 2.0195248E-08 1.6903181E-08 1.5468094E-08 2.0320670E-08 2.1031404E-08 1.8371759E-08  293.7879 293.5158 292.3911 290.3366 290.9651 289.7185 289.1473 289.3644 287.1544 286.3762 286.5550 286.2437 284.5228 283.8179 283.9939 284.7740  72333.3
1981 1.3749658E-08 1.4394834E-08 1.6269626E-08 1.7934800E-08 1.3372363E-08 1.7222805E-08 1.9432887E-08 1.9575211E-08 1.4060333E-08 1.8013123E-08 1.9558135E-08 1.7708896E-08 1.5813995E-08 2.0102377E-08 2.1231831E-08 2.0354438E-08  293.4407 293.0641 292.1403 290.0227 290.4250 289.1678 288.6009 288.9153 286.6722 285.7607 285.9479 286.2437 283.9997 283.0536 283.0661 283.8696  47226.7
1982 2.3549756E-08 2.3167090E-08 2.3161007E-08 2.5890765E-08 2.2849866E-08 2.8080581E-08 3.0800141E-08 2.7725093E-08 2.2461826E-08 2.9106022E-08 2.9676412E-08 2.4723498E-08 2.1157533E-08 2.5323084E-08 2.6197602E-08 2.4236053E-08  292.1045 292.1917 291.5490 289.5954 289.2022 288.3156 288.0598 288.4680 285.6467 284.8877 285.1560 285.5710 283.2686 282.4154 282.4116 283.2495  39233.3
1983 1.2591015E-08 1.3029973E-08 1.5412477E-08 1.7815738E-08 1.3951298E-08 1.8436324E-08 2.1478902E-08 2.1198820E-08 1.4446853E-08 2.0639474E-08 2.1848255E-08 2.0002435E-08 1.4222550E-08 1.8784025E-08 2.0800210E-08 2.0224137E-08  293.0414 292.8259 291.9935 289.8608 289.6246 288.5452 288.3294 288.8134 285.9141 285.1328 285.4831 287.6847 283.2883 282.5341 282.7842 283.8189  44896.7
1984 1.5529391E-08 1.8443959E-08 1.9426491E-08 1.8670637E-08 1.7236781E-08 2.2721306E-08 2.4939713E-08 2.1912628E-08 1.7576951E-08 2.4304391E-08 2.5861160E-08 2.2044093E-08 1.7163256E-08 2.2108111E-08 2.4294376E-08 2.3157721E-08  293.9465 293.7621 292.9227 290.8041 290.6224 289.5595 289.1376 289.6219 286.2503 285.6254 286.0600 286.5835 283.3896 282.7351 282.9593 283.8961  31746.7
1985 1.6725208E-08 1.6935191E-08 1.6644712E-08 1.8486935E-08 1.6759426E-08 2.0283453E-08 2.2480808E-08 2.0942977E-08 1.7560584E-08 2.1904530E-08 2.3850438E-08 2.2147290E-08 1.8235125E-08 2.2300570E-08 2.3214927E-08 2.2259986E-08  293.2219 293.1081 292.2972 290.1658 290.1087 288.9431 288.6009 289.0407 286.0463 285.2455 285.4825 286.1425 283.2928 282.4831 282.5118 283.2812  53366.7
1986 1.8219183E-08 1.9306192E-08 2.0983443E-08 2.3247731E-08 1.7702957E-08 2.3516026E-08 2.7764088E-08 2.4710287E-08 1.9676872E-08 2.5393408E-08 2.6830394E-08 2.2486853E-08 1.7562158E-08 2.1961638E-08 2.4483844E-08 2.4098885E-08  293.1898 293.0908 292.1081 290.0720 290.2924 289.1339 288.7080 289.0665 286.7151 285.9154 286.1051 286.2766 284.2952 283.5197 283.4276 284.1421  74626.7
1987 2.0929580E-08 2.1061551E-08 2.2909594E-08 2.4433756E-08 1.9750839E-08 2.3534412E-08 2.4360421E-08 2.2279298E-08 2.1718920E-08 2.6159087E-08 2.5688182E-08 2.1412637E-08 2.1420744E-08 2.6066695E-08 2.7683745E-08 2.6143949E-08  293.7455 293.6674 292.8443 290.9935 291.0857 289.9601 289.5091 290.0779 287.3806 286.6482 286.9117 286.8579 284.6609 284.0228 284.0745 284.7854  28500
1988 1.1191065E-08 1.1775853E-08 1.3238045E-08 1.3150394E-08 1.2062858E-08 1.5544822E-08 1.6984080E-08 1.4299320E-08 1.2283179E-08 1.6513482E-08 1.7721266E-08 1.4753767E-08 1.2420010E-08 1.5435081E-08 1.7133861E-08 1.6320989E-08  294.4538 294.1646 293.3326 290.9516 291.2710 289.9424 289.2782 289.7969 287.2022 286.3241 286.5984 287.4927 284.3903 283.6884 283.8006 284.6562  19916.7
1989 1.4826846E-08 1.5842575E-08 1.6591480E-08 1.7341032E-08 1.7220406E-08 1.9563313E-08 2.0507661E-08 1.7888276E-08 1.7391061E-08 1.9501966E-08 1.8901998E-08 1.6327940E-08 1.6749571E-08 1.9294472E-08 2.0061940E-08 1.9556060E-08  293.3373 293.2445 292.6353 290.3887 290.1675 288.9693 288.3515 288.8509 286.1485 285.2203 285.4925 286.1044 283.5513 282.6324 282.6459 283.4413  23516.7
1990 2.3715781E-08 2.3169777E-08 2.3557236E-08 2.4885562E-08 2.1895787E-08 2.4375645E-08 2.6458670E-08 2.3257128E-08 1.8764252E-08 2.4648713E-08 2.5820713E-08 2.1214694E-08 1.6668642E-08 2.1319650E-08 2.2337588E-08 2.1137559E-08  293.2356 292.9435 292.0215 289.9295 290.1802 288.8845 288.4179 288.6239 286.5874 285.5534 285.6119 285.7400 284.1093 283.0957 282.9315 283.5258  45486.7
1991 2.3800443E-08 2.2375620E-08 2.2109909E-08 2.2681419E-08 1.9730242E-08 2.5366115E-08 2.7767964E-08 2.2834836E-08 1.9439792E-08 2.6093677E-08 2.8873337E-08 2.4912275E-08 2.0455641E-08 2.5347564E-08 2.7453099E-08 2.6826363E-08  292.8492 292.8288 291.9221 290.0615 289.9919 289.0491 288.7922 289.1761 286.1301 285.4692 285.8623 286.6329 283.5391 282.7677 282.8683 283.7141  48480
1992 1.9033298E-08 1.7331804E-08 1.7022021E-08 1.8102430E-08 1.8412271E-08 2.1905464E-08 2.2855218E-08 2.0444118E-08 1.9131738E-08 2.5230637E-08 2.7292932E-08 2.2944000E-08 1.6186370E-08 2.1753381E-08 2.5486345E-08 2.5540675E-08  292.2242 291.8422 290.8613 289.1204 289.5035 288.3985 288.1637 288.4732 286.1845 285.3106 285.5220 285.4475 283.7800 282.8246 282.7693 283.5143  55000
1993 2.0936167E-08 2.1201433E-08 2.1836923E-08 2.1963302E-08 2.1391283E-08 2.6648825E-08 2.8315197E-08 2.2961725E-08 2.0122624E-08 2.6501745E-08 2.6343653E-08 2.1737549E-08 1.8840419E-08 2.4369603E-08 2.6406751E-08 2.4204079E-08  292.6884 292.4429 291.5725 289.4733 289.7788 288.5405 288.1331 288.3690 286.0695 285.1529 285.3766 286.4756 283.4290 282.4804 282.4563 283.2685  86626.7
1994 1.8173708E-08 1.7134443E-08 1.9562005E-08 2.0943677E-08 1.9481451E-08 2.1669244E-08 2.3236465E-08 2.1564061E-08 2.0413358E-08 2.5778100E-08 2.7730508E-08 2.3178522E-08 2.0160723E-08 2.5246470E-08 2.7573520E-08 2.5296377E-08  293.9187 293.7928 292.8974 290.9112 291.0373 289.9923 289.6666 289.9570 287.3296 286.6594 286.8259 285.4117 284.5305 283.7957 283.8058 284.4290  58226.7
1995 1.2353367E-08 1.3004258E-08 1.4207004E-08 1.5645561E-08 1.1420537E-08 1.4327253E-08 1.6967574E-08 1.6217614E-08 1.4784153E-08 1.8713809E-08 1.9207306E-08 1.5823394E-08 1.5799422E-08 1.9682293E-08 2.0813431E-08 2.0091614E-08  295.0211 294.8268 293.9206 291.4555 291.8870 290.6132 290.0812 290.4321 287.6148 286.8152 287.0583 287.4385 284.7056 284.0225 284.1005 284.9028  50693.3
1996 1.2264112E-08 1.3591698E-08 1.5401501E-08 1.7358291E-08 1.3582331E-08 1.6744162E-08 1.9400581E-08 1.9239515E-08 1.4344072E-08 1.8109056E-08 1.8895003E-08 1.7161248E-08 1.4572305E-08 1.7793313E-08 1.8972917E-08 1.8521165E-08  294.1143 293.8448 292.8866 290.5441 290.9225 289.6421 289.0060 289.3422 286.8652 285.9574 286.0661 285.8179 283.9969 283.0373 282.9094 283.5750  24343.3
1997 2.5970692E-08 2.4042812E-08 2.4458657E-08 2.4799041E-08 2.4105463E-08 2.7142786E-08 2.8144548E-08 2.4393994E-08 2.6065592E-08 2.9876510E-08 2.8084314E-08 2.2098737E-08 2.3359457E-08 2.8636135E-08 2.8501303E-08 2.3609910E-08  291.9233 291.8571 291.4105 289.6879 289.4680 288.3915 288.1431 288.3969 286.2774 285.3550 285.3455 285.5145 283.8430 282.9324 282.7168 283.3481  49166.7
1998 9.6688941E-09 1.0556382E-08 1.5526238E-08 1.9518167E-08 1.2732072E-08 1.4620572E-08 1.6838637E-08 1.6847988E-08 1.5678593E-08 2.1036609E-08 2.0964162E-08 1.7982478E-08 1.5721367E-08 2.1784995E-08 2.4087365E-08 2.3454724E-08  294.6342 294.2712 293.2189 291.1742 291.3882 290.3380 289.9161 290.3556 287.3831 286.6677 286.9283 287.4431 284.5925 283.8409 283.9821 284.8793  27946.7
1999 1.5422078E-08 1.4440348E-08 1.4998259E-08 1.7880472E-08 1.5724712E-08 1.9013056E-08 2.0485157E-08 1.8322744E-08 1.6570244E-08 2.0626512E-08 2.0265833E-08 1.7079499E-08 1.5557109E-08 2.0024903E-08 2.0841915E-08 1.9603229E-08  294.0190 294.0570 293.4539 291.1898 290.9601 289.9785 289.3825 289.8627 286.6675 285.9018 286.2278 286.8552 283.8174 283.0686 283.2373 284.1980  43303.3
2000 1.1179002E-08 1.2419121E-08 1.4082167E-08 1.6405766E-08 1.2872414E-08 1.5999344E-08 1.8035513E-08 1.6958444E-08 1.2869378E-08 1.5811558E-08 1.7107084E-08 1.6486918E-08 1.3143189E-08 1.5464595E-08 1.7442526E-08 1.8135436E-08  294.1805 293.7497 292.7318 290.4102 291.1738 289.8115 288.8421 289.1295 287.0559 286.0393 286.1592 286.3648 284.0526 283.2414 283.2658 284.1480  34420
2001 1.4644342E-08 1.5449826E-08 1.7197685E-08 2.0066375E-08 1.5955376E-08 1.9472239E-08 2.1330345E-08 1.9651623E-08 1.6117101E-08 2.1863736E-08 2.2638975E-08 1.9070638E-08 1.5519316E-08 1.9938524E-08 2.1555783E-08 2.0293438E-08  293.9092 293.7002 292.8887 290.5762 291.1719 290.0289 289.4345 289.8587 287.2841 286.4323 286.6720 287.2379 284.2719 283.5453 283.6824 284.5380  35123.3
2002 1.7995605E-08 1.8938806E-08 1.9170139E-08 1.8847619E-08 1.6780387E-08 2.0549496E-08 2.2299334E-08 1.8847562E-08 1.6598106E-08 2.1789454E-08 2.2533911E-08 1.9026420E-08 1.6423357E-08 2.0488107E-08 2.2013371E-08 2.1245102E-08  293.6990 293.6049 292.5685 290.2549 290.8225 289.6125 289.0252 289.3284 286.8723 285.8901 285.9763 287.1129 284.1207 283.1262 283.0170 283.7850  57310
2003 1.3783408E-08 1.4862391E-08 1.7120032E-08 2.0425915E-08 1.4194124E-08 1.7660605E-08 2.0865789E-08 2.0454694E-08 1.5404765E-08 1.8769812E-08 2.0112894E-08 1.7037761E-08 1.4365209E-08 1.7676355E-08 1.8969398E-08 1.8565469E-08  295.0963 294.6910 293.6612 291.1964 291.8405 290.5099 289.6287 289.7816 287.6994 286.7976 286.7660 286.2613 284.8516 283.9762 283.9042 284.5879  20286.7
2004 1.9677730E-08 1.9439764E-08 2.0929855E-08 2.1643059E-08 1.8414671E-08 2.2842281E-08 2.5527079E-08 2.3182343E-08 1.7163062E-08 2.2349054E-08 2.4239828E-08 2.2220723E-08 1.6894310E-08 2.0738860E-08 2.2241878E-08 2.2731319E-08  293.2245 293.0224 292.2077 290.0687 290.2532 288.9853 288.6271 288.8557 286.5836 285.6612 285.6978 285.6966 284.0751 283.1423 283.0682 283.7588  41743.3
2005 1.6639804E-08 1.7731338E-08 1.8548350E-08 1.8353145E-08 1.7231374E-08 2.2454490E-08 2.4369861E-08 2.0998701E-08 1.7308880E-08 2.2987392E-08 2.4979586E-08 2.1532221E-08 1.6619524E-08 2.1895621E-08 2.3676819E-08 2.2753918E-08  293.8364 293.6281 293.0571 291.0522 290.8987 289.6339 289.0855 289.5330 286.7644 285.7970 285.8770 287.3779 283.6392 282.6335 282.5023 283.3489  28670
2006 1.3286901E-08 1.5916534E-08 1.7338724E-08 1.6680360E-08 1.6729816E-08 1.9381606E-08 2.0637444E-08 1.6797062E-08 1.7886482E-08 2.2324432E-08 2.3728719E-08 1.9642998E-08 1.7235758E-08 2.2024386E-08 2.3688557E-08 2.2773950E-08  293.7471 293.4187 292.6700 290.5612 290.7628 289.2055 288.6378 289.0055 286.8409 285.6824 285.7190 287.0515 284.1801 283.0877 282.9410 283.7737  26656.7
2007 1.4721470E-08 1.4507850E-08 1.4960426E-08 1.7159179E-08 1.6240007E-08 1.8982574E-08 2.0280234E-08 1.7681577E-08 1.6221481E-08 2.0931493E-08 2.3273616E-08 1.9947072E-08 1.8211626E-08 2.2230919E-08 2.4356325E-08 2.3639402E-08  295.4372 295.3173 294.4558 291.8601 291.9684 290.7630 290.1595 290.5298 287.1809 286.4557 286.6756 286.7825 283.8897 283.2432 283.3405 284.1954  35816.7
2008 1.3164210E-08 1.3546728E-08 1.3300054E-08 1.5371834E-08 1.3924249E-08 1.6698868E-08 1.8239010E-08 1.6301980E-08 1.4589498E-08 1.9656065E-08 2.1316875E-08 1.8463943E-08 1.6640151E-08 2.2468521E-08 2.3900851E-08 2.2214239E-08  294.3414 294.0459 293.4568 291.2783 291.3622 290.0950 289.5588 290.0282 287.0746 286.2019 286.3803 286.6374 283.9008 283.0977 283.2233 284.0384  25760
2009 2.0604238E-08 1.9392122E-08 1.9251875E-08 1.8745629E-08 2.1629528E-08 2.3296666E-08 2.4524898E-08 2.2534323E-08 2.1065057E-08 2.5431664E-08 2.4153662E-08 2.0021233E-08 1.9425885E-08 2.4952426E-08 2.4816208E-08 2.2091168E-08  293.3947 293.2531 292.6036 290.7030 290.4629 289.2536 288.8279 289.1749 286.6824 285.7975 285.8694 285.9923 283.8508 283.0916 283.0787 283.8388  26073.3
2010 1.0733054E-08 1.2219190E-08 1.3913005E-08 1.6279623E-08 1.1190435E-08 1.5216600E-08 1.7889338E-08 1.6379950E-08 1.2738165E-08 1.7836056E-08 1.9454179E-08 1.7474415E-08 1.2937855E-08 1.8372621E-08 2.0989248E-08 2.0661675E-08  295.2510 295.1125 294.1538 291.6391 291.4521 290.2889 289.7242 290.1416 286.8522 286.0963 286.4390 288.0319 283.8831 283.0409 283.2271 284.2313  70620
2011 1.3914343E-08 1.4128116E-08 1.4174594E-08 1.6956170E-08 1.4060193E-08 1.7395111E-08 1.9032930E-08 1.8239174E-08 1.5690617E-08 1.9574671E-08 2.0605473E-08 1.8416699E-08 1.6120772E-08 2.0780094E-08 2.2636218E-08 2.1272209E-08  294.2423 293.9982 293.4119 291.1384 291.3857 290.0765 289.4508 289.8130 287.1489 286.3029 286.4494 287.4691 283.9543 283.0727 283.0499 283.8433  36346.7
2012 1.7095612E-08 1.7092185E-08 2.0241748E-08 2.1636213E-08 1.7860268E-08 2.1937598E-08 2.4206260E-08 2.1200137E-08 1.9273967E-08 2.5728980E-08 2.6051023E-08 2.0831866E-08 1.8033131E-08 2.3945818E-08 2.5783820E-08 2.3957973E-08  293.5591 293.4784 292.8199 290.8072 290.8100 289.6514 289.2360 289.8000 286.7786 286.0589 286.4424 287.3495 283.7560 283.0970 283.4036 284.4653  15864.3
2013 1.2795675E-08 1.3610368E-08 1.5757040E-08 1.9244512E-08 1.2553573E-08 1.5696051E-08 1.7525380E-08 1.7653807E-08 1.3087219E-08 1.7070411E-08 1.8195092E-08 1.6364561E-08 1.5223625E-08 1.9519133E-08 2.0829253E-08 1.9781101E-08  293.7416 293.4913 292.5926 290.4930 290.5189 289.2925 288.7373 289.1524 286.4492 285.5826 285.8327 286.1715 283.6948 282.8533 282.8689 283.7092  26876.7
2014 1.6787576E-08 1.7164959E-08 1.8149651E-08 2.0916744E-08 1.6271743E-08 2.1149514E-08 2.3524350E-08 2.0908947E-08 1.5340754E-08 2.1041224E-08 2.2437307E-08 1.8765391E-08 1.6041980E-08 2.1594522E-08 2.3466834E-08 2.1814177E-08  293.9952 293.8273 293.2111 291.1361 291.2097 289.9624 289.4510 289.8703 287.3007 286.4094 286.5219 285.3834 284.6081 283.6521 283.4846 284.0870  73543.3
2015 3.3482070E-08 3.3834265E-08 3.4691269E-08 3.5680596E-08 3.3312876E-08 3.8596163E-08 3.8663902E-08 3.3407133E-08 3.2306836E-08 3.8529603E-08 3.7837374E-08 3.1060747E-08 2.7601322E-08 3.3073203E-08 3.5127325E-08 3.2323904E-08  292.2144 292.2009 291.7979 290.3058 289.6778 288.7047 288.5609 288.9793 286.2252 285.4662 285.7817 286.5971 283.6946 282.8467 282.8257 283.4614  40956.7
