STN,prec_1,prec_2,prec_3,prec_4,prec_5,prec_6,prec_7,prec_8,prec_9,prec_10,prec_11,prec_12,prec_13,prec_14,prec_15,prec_16,st_1,st_2,st_3,st_4,st_5,st_6,st_7,st_8,st_9,st_10,st_11,st_12,st_13,st_14,st_15,st_16,06.0
LAT,37.67308,37.67308,37.67308,37.67308,40.46365,40.46365,40.46365,40.46365,43.25420,43.25420,43.25420,43.25420,46.04472,46.04472,46.04472,46.04472,37.67308,37.67308,37.67308,37.67308,40.46365,40.46365,40.46365,40.46365,43.25420,43.25420,43.25420,43.25420,46.04472,46.04472,46.04472,46.04472,41.78058635
LON,-95.62500,-92.81250,-90.00000,-87.18750,-95.62500,-92.81250,-90.00000,-87.18750,-95.62500,-92.81250,-90.00000,-87.18750,-95.62500,-92.81250,-90.00000,-87.18750,-95.62500,-92.81250,-90.00000,-87.18750,-95.62500,-92.81250,-90.00000,-87.18750,-95.62500,-92.81250,-90.00000,-87.18750,-95.62500,-92.81250,-90.00000,-87.18750,-90.252073
1958 1.7554759E-08 1.7065492E-08 2.2095012E-08 2.8159921E-08 2.0170392E-08 2.6130813E-08 2.7698583E-08 2.5182413E-08 2.3589379E-08 3.2704850E-08 3.0868527E-08 2.0634983E-08 2.2724882E-08 2.9518429E-08 3.1812036E-08 2.6042761E-08  302.5603 301.8633 300.1461 297.3945 299.4738 297.5110 296.5810 296.8325 296.3465 294.8841 294.4397 291.3137 294.0088 292.5251 291.9930 292.5426  33576.7
1959 1.6066638E-08 1.8102639E-08 2.2224155E-08 2.7160411E-08 1.7483679E-08 2.4372497E-08 2.6978054E-08 2.4059833E-08 2.0177040E-08 2.7698345E-08 2.9889311E-08 2.0517408E-08 2.0242023E-08 2.5971588E-08 2.9015425E-08 2.5406823E-08  302.9630 302.0179 300.0530 297.5013 299.6850 297.6356 296.5748 296.8776 296.5759 295.0287 294.5394 291.3137 294.3377 292.8840 292.2550 292.6801  39063.3
1960 1.6768690E-08 1.7911088E-08 2.2070873E-08 2.8677485E-08 1.7991063E-08 2.4446015E-08 2.7009236E-08 2.5191120E-08 1.9703576E-08 2.7571883E-08 2.9231893E-08 1.9164219E-08 1.6164364E-08 2.3649733E-08 2.7632808E-08 2.4878082E-08  303.2501 302.5017 300.9143 298.0390 300.4206 298.2009 297.0473 297.2490 296.3808 294.9644 294.6466 291.3137 293.8336 292.5038 292.0174 292.5382  73010
1961 1.7104064E-08 1.7399342E-08 2.0591097E-08 2.5542759E-08 2.1504057E-08 2.5896577E-08 2.6899464E-08 2.4393714E-08 2.5296718E-08 3.3025273E-08 3.3104399E-08 2.2875714E-08 2.4297712E-08 3.1410853E-08 3.3098388E-08 2.9045413E-08  302.7825 302.2705 300.7491 297.7529 299.6010 297.5776 296.6804 297.0517 295.7987 294.4225 294.0983 291.3137 293.1259 291.8546 291.4565 292.0640  37796.7
1962 1.7028562E-08 1.5795049E-08 1.6949848E-08 2.0516033E-08 1.7751015E-08 2.2640094E-08 2.0984469E-08 1.6892789E-08 2.1712415E-08 2.8204672E-08 2.8421884E-08 1.9609098E-08 2.1378582E-08 2.7280477E-08 2.7491216E-08 2.3299110E-08  303.0021 302.3685 300.5323 297.6998 300.5052 298.1923 297.0782 297.3646 296.8449 295.3911 294.9128 291.3138 294.2680 292.9561 292.4580 292.8953  83146.7
1963 2.1362560E-08 2.0655103E-08 2.3522858E-08 2.9581189E-08 2.2369113E-08 2.7314053E-08 2.8820253E-08 2.5049008E-08 2.5868774E-08 3.1669810E-08 2.9340745E-08 1.9133369E-08 2.3216932E-08 2.9260676E-08 3.0694512E-08 2.5893909E-08  301.8616 301.2454 299.7074 297.2539 299.0483 297.3158 296.5266 296.6644 295.8160 294.6068 294.2875 291.3137 293.6901 292.4344 292.0075 292.6140  47170
1964 1.6000278E-08 1.4482652E-08 1.7201717E-08 2.3564541E-08 1.6421868E-08 2.2055875E-08 2.5853771E-08 2.2575344E-08 2.1278993E-08 3.0469817E-08 3.0685300E-08 2.1780489E-08 2.2748740E-08 2.9301315E-08 3.1081502E-08 2.8490046E-08  302.6568 301.9414 299.9191 297.2038 299.4619 297.4191 296.5787 296.9226 296.0573 294.7075 294.4296 291.3137 293.5614 292.3386 291.9301 292.4011  28940
1965 1.6052958E-08 1.6510930E-08 2.2246221E-08 2.6480013E-08 1.6853340E-08 2.3452312E-08 2.6194519E-08 2.3305615E-08 1.9450217E-08 2.6190435E-08 2.7659423E-08 1.8468171E-08 1.9140410E-08 2.7043734E-08 2.9447371E-08 2.5364367E-08  302.1224 301.3036 299.2394 296.6543 299.4329 297.2727 296.2520 296.3128 296.2750 294.7950 294.2365 291.3138 293.9768 292.5267 291.9007 292.1587  89766.7
1966 2.0497534E-08 2.1595111E-08 2.4186033E-08 2.9313846E-08 2.4090562E-08 3.0065710E-08 3.0679196E-08 2.8409259E-08 2.4048935E-08 3.1399139E-08 3.1953398E-08 2.2897011E-08 2.1171722E-08 2.8250920E-08 2.9450852E-08 2.5840023E-08  301.3987 300.3864 298.6190 296.3441 298.3355 296.3224 295.7111 295.9167 295.7293 294.2751 293.9189 291.3137 293.8070 292.3317 291.8410 292.3334  48733.3
1967 1.5834626E-08 1.8235095E-08 2.3507603E-08 2.7870623E-08 1.7541630E-08 2.4394049E-08 2.7298306E-08 2.4105621E-08 2.1841631E-08 3.0428744E-08 3.0151149E-08 2.1347031E-08 2.0677469E-08 2.6486864E-08 2.7603209E-08 2.4497529E-08  302.7526 301.7607 299.7726 297.2504 299.7507 297.4348 296.5214 296.7573 296.3588 294.8602 294.4531 291.3137 294.3711 292.9558 292.3715 292.7047  62373.3
1968 1.8465261E-08 1.7697008E-08 2.3022043E-08 2.8609008E-08 2.1292257E-08 2.4916650E-08 2.9099526E-08 2.8803939E-08 2.7591453E-08 3.4680760E-08 3.4411187E-08 2.4001533E-08 2.5470895E-08 3.3592919E-08 3.5578399E-08 3.1547383E-08  302.2138 301.7247 299.8995 297.4471 299.3731 297.4763 296.4980 296.6838 295.9413 294.5328 294.1013 291.3137 293.1687 291.7586 291.2468 291.7636  72153.3
1969 1.7556909E-08 1.6605870E-08 2.0563814E-08 2.7315444E-08 1.7475665E-08 2.2328491E-08 2.4814394E-08 2.4682928E-08 2.2480561E-08 2.9950460E-08 3.1263074E-08 2.1936211E-08 2.2168260E-08 2.9460045E-08 3.1258416E-08 2.6850719E-08  303.4075 302.9936 301.3572 298.4802 300.6100 298.4317 297.2498 297.5627 296.7322 295.0989 294.5660 291.3137 294.1311 292.6556 291.9874 292.4523  56343.3
1970 1.6050521E-08 1.6972120E-08 2.0106716E-08 2.6080309E-08 1.7504389E-08 2.3681229E-08 2.5927681E-08 2.3927814E-08 1.7939717E-08 2.5232284E-08 2.7473407E-08 1.9361767E-08 1.8096650E-08 2.3938082E-08 2.4430882E-08 2.2225892E-08  302.6011 301.9237 300.0550 297.2371 299.5435 297.3457 296.4940 296.7380 296.5215 295.0396 294.7236 291.3137 294.3936 293.0927 292.5939 293.0054  66223.3
1971 1.8541757E-08 1.7702398E-08 2.1533898E-08 2.7606079E-08 1.8534671E-08 2.3914087E-08 2.5607145E-08 2.4067425E-08 2.2566331E-08 2.9184701E-08 2.9453023E-08 1.9427292E-08 2.2172596E-08 2.7758540E-08 2.8085806E-08 2.3295375E-08  302.1044 301.6906 300.0686 297.3261 299.5688 297.6081 296.6226 296.9072 296.1840 294.8279 294.5278 291.3137 293.8107 292.7129 292.3545 292.9686  65326.7
1972 1.9891589E-08 1.9495394E-08 2.0202387E-08 2.5800892E-08 2.2154948E-08 2.7547705E-08 2.8452954E-08 2.4445592E-08 2.1741606E-08 3.0728177E-08 3.0330565E-08 2.2260064E-08 1.9649491E-08 2.5600016E-08 2.7779841E-08 2.5567452E-08  302.2453 301.7955 300.2130 297.5143 299.0555 297.3207 296.3565 296.5505 295.6996 294.3737 294.0237 291.3137 293.1927 291.8272 291.5107 292.0472  51146.7
1973 1.7307967E-08 1.6070681E-08 2.1591031E-08 2.6188943E-08 2.0907017E-08 2.3234756E-08 2.5369756E-08 2.5777398E-08 2.5332319E-08 3.1375215E-08 3.1851503E-08 2.0777454E-08 2.5707317E-08 3.1075196E-08 3.1939294E-08 2.7002372E-08  302.4436 301.5808 299.5720 297.0145 299.4158 297.5727 296.6151 296.8306 296.0768 294.9014 294.6861 291.3137 293.6401 292.5031 292.1097 292.8241  88663.3
1974 1.8783700E-08 2.0098907E-08 2.4490864E-08 3.0940139E-08 1.8934889E-08 2.5000384E-08 2.6462661E-08 2.4124725E-08 1.9808414E-08 2.7254163E-08 2.6933275E-08 1.8303428E-08 2.0075850E-08 2.7435794E-08 2.8144072E-08 2.4492312E-08  302.6220 301.8120 299.8503 297.0091 299.7222 297.6674 296.7164 296.7057 296.5909 295.0927 294.6925 291.3137 294.1255 292.6749 292.1270 292.6038  99990
1975 1.8590137E-08 2.0450189E-08 2.3333586E-08 2.9114981E-08 1.8822288E-08 2.7075053E-08 2.9799665E-08 2.6317650E-08 2.1195081E-08 2.8975634E-08 2.9645637E-08 1.9868747E-08 2.0387681E-08 2.6138455E-08 2.5401325E-08 2.1155742E-08  302.8520 302.2377 300.5383 297.5603 300.2576 297.9681 296.7419 297.0785 296.7871 295.1391 294.7634 291.3137 294.2759 293.0639 292.4503 292.8893  68553.3
1976 1.4920161E-08 1.6130645E-08 1.8382480E-08 2.4168880E-08 1.6886606E-08 2.2316625E-08 2.5580059E-08 2.3088699E-08 2.1543478E-08 2.9001411E-08 3.0020399E-08 2.1095977E-08 2.1610754E-08 2.7914270E-08 2.9524584E-08 2.5386431E-08  302.1315 301.6027 299.8403 297.4132 299.1099 297.0648 296.1045 296.4384 295.7145 294.1944 293.8010 291.3137 293.3873 291.9358 291.3752 291.9160  25643.3
1977 1.5999435E-08 1.7895550E-08 2.1177833E-08 2.8682228E-08 2.1954175E-08 2.8868758E-08 3.0508140E-08 2.7904999E-08 2.4831545E-08 3.2749362E-08 3.3819717E-08 2.3197718E-08 2.0265819E-08 2.7631666E-08 3.0983887E-08 2.6447752E-08  302.4179 301.8018 300.1152 297.3590 299.0065 297.3097 296.4251 296.6356 295.7389 294.3208 293.9374 291.3137 293.5577 292.1473 291.5336 292.0336  22726.7
1978 1.6170153E-08 1.5563170E-08 1.8539341E-08 2.4578778E-08 1.8236866E-08 2.1698616E-08 2.2243331E-08 2.0201501E-08 2.3495428E-08 2.9676320E-08 2.9258558E-08 1.8939398E-08 2.2316677E-08 2.8284882E-08 2.9750867E-08 2.5989815E-08  302.6326 302.0261 300.1859 297.3091 299.5000 297.3958 296.2859 296.5583 295.6246 294.2376 293.8593 291.3137 292.9681 291.6572 291.2820 291.8421  60866.7
1979 1.8043515E-08 1.7044199E-08 2.1308207E-08 2.6937233E-08 1.9504620E-08 2.3438757E-08 2.4357467E-08 2.2986038E-08 2.2081192E-08 3.1178580E-08 3.1444639E-08 2.1119790E-08 2.2475742E-08 3.0077285E-08 3.2138974E-08 2.9016391E-08  302.1098 301.5424 299.6248 297.1314 299.3737 297.3913 296.5260 296.8031 296.0645 294.7377 294.4342 291.3137 293.3799 292.1422 291.6420 292.1893  79620
1980 2.3929164E-08 2.3503734E-08 2.6548323E-08 3.0168824E-08 2.6004811E-08 3.2806149E-08 3.3937109E-08 2.9274585E-08 2.5992005E-08 3.6466822E-08 3.7101298E-08 2.6111781E-08 2.1074117E-08 2.8375583E-08 3.1633892E-08 2.7644647E-08  300.6704 300.1317 298.6650 296.4160 297.6292 296.0046 295.2480 295.4980 294.5254 293.1570 292.8114 291.3137 292.2339 290.7073 290.2098 290.6954  61640
1981 1.5781668E-08 1.8368004E-08 2.3516078E-08 3.1556169E-08 1.4834860E-08 2.1782627E-08 2.4662739E-08 2.3457805E-08 1.7301252E-08 2.2995927E-08 2.4276099E-08 1.6136781E-08 1.5345872E-08 1.9869184E-08 2.0106190E-08 1.6948817E-08  303.0679 302.1680 300.3106 297.4214 300.6284 298.2680 296.8805 297.1346 296.8882 295.2659 294.8954 291.3137 294.4285 293.0460 292.6339 293.2785  49953.3
1982 1.9505391E-08 2.3969950E-08 2.9190193E-08 3.6133851E-08 1.9064506E-08 2.5025798E-08 2.8346962E-08 2.6201302E-08 2.0412477E-08 2.7280706E-08 3.0124696E-08 2.0253268E-08 1.9142119E-08 2.5485733E-08 2.7626079E-08 2.3457918E-08  302.0093 301.1974 299.5242 297.1689 299.4530 297.5071 296.7269 296.8444 296.6114 295.1740 294.7445 290.9650 294.0640 292.7659 292.3209 292.8708  63990
1983 2.0600732E-08 1.9935580E-08 2.4136934E-08 2.9674540E-08 2.0925993E-08 2.5558700E-08 2.8726985E-08 2.6241999E-08 1.8968873E-08 2.7747046E-08 3.0016501E-08 2.1677454E-08 1.9068423E-08 2.6062986E-08 2.6886854E-08 2.5009557E-08  301.5070 300.8278 299.1632 296.9001 298.6359 297.0491 296.1265 296.4002 295.9660 294.5256 294.2238 291.3971 293.5383 292.1576 291.8439 292.4586  58310
1984 1.3056970E-08 1.4115359E-08 2.0520824E-08 2.6109799E-08 1.4173318E-08 1.8067519E-08 2.2662883E-08 2.0543347E-08 1.9096259E-08 2.5410863E-08 2.6228442E-08 1.6408991E-08 1.8059202E-08 2.4382183E-08 2.6473659E-08 2.3376682E-08  303.2530 302.3590 300.4093 297.6046 301.0262 298.6082 297.2948 297.6479 297.4417 295.9026 295.6285 291.0466 295.0582 293.9175 293.5046 293.9734  90203.3
1985 2.1217941E-08 1.9104178E-08 2.1003261E-08 2.5841647E-08 2.1418066E-08 2.8478638E-08 3.1214661E-08 2.6217339E-08 1.9783140E-08 2.7461388E-08 2.9913366E-08 2.0384116E-08 1.8360589E-08 2.4795497E-08 2.7831369E-08 2.5092099E-08  301.7598 301.0605 299.2438 296.7160 299.1694 296.9176 295.9113 296.0766 295.9897 294.4027 293.9558 291.1798 293.9730 292.5240 291.8983 292.2373  52526.7
1986 1.8111489E-08 1.8895596E-08 2.3160702E-08 2.6019739E-08 1.9160774E-08 2.6514337E-08 2.7990708E-08 2.4613097E-08 2.0608962E-08 2.9060947E-08 2.9777455E-08 1.9770402E-08 2.2923595E-08 2.8124200E-08 2.7883052E-08 2.3736165E-08  302.0077 301.1376 299.2831 297.0183 299.3478 297.2917 296.5353 296.8044 296.1587 294.8682 294.7385 291.2092 293.6484 292.5801 292.2639 292.9297  71500
1987 1.5044048E-08 1.4809711E-08 1.7067405E-08 2.4575364E-08 1.7884178E-08 2.4198302E-08 2.7152087E-08 2.4542963E-08 1.9476792E-08 2.7572799E-08 2.9932952E-08 2.1924016E-08 1.7017181E-08 2.3965116E-08 2.7133106E-08 2.6117601E-08  302.8839 302.1046 299.8580 297.1205 299.7292 297.8201 296.5863 296.9009 296.2328 294.7229 294.3579 291.7701 293.7431 292.3193 291.7288 292.1333  38036.7
1988 1.7249988E-08 1.9453179E-08 2.4777650E-08 3.1731762E-08 1.9294500E-08 2.4549621E-08 2.7963448E-08 2.5213211E-08 1.7658037E-08 2.4762363E-08 2.7191110E-08 1.8162632E-08 1.8207823E-08 2.4477055E-08 2.6794122E-08 2.2928198E-08  302.2366 301.5536 300.0311 297.1609 299.4908 297.5067 296.3746 296.9283 296.2277 294.6364 294.2463 291.2134 293.9953 292.5511 292.0169 292.7073  15420
1989 1.6275713E-08 1.7990963E-08 2.2621265E-08 2.9412929E-08 1.4668252E-08 1.8848018E-08 1.9999019E-08 1.9408690E-08 1.9422046E-08 2.5328450E-08 2.4126518E-08 1.5270933E-08 1.8873960E-08 2.5955318E-08 2.6753515E-08 2.2357460E-08  303.0315 302.3165 300.7052 297.9252 301.0642 298.7399 297.3438 297.6201 297.6480 295.7109 295.2534 291.2094 295.1733 293.7571 293.1164 293.6194  42656.7
1990 2.0854275E-08 2.0587001E-08 2.4351380E-08 3.0957445E-08 2.1498812E-08 2.7490101E-08 2.9668684E-08 2.7336780E-08 2.6524749E-08 3.3676553E-08 3.2635050E-08 2.1301023E-08 2.1710925E-08 2.7132261E-08 2.8846060E-08 2.4687289E-08  302.4515 301.7774 299.9174 297.3825 299.3938 297.3684 296.4353 296.5333 295.7883 294.3429 293.9375 291.2150 293.2729 291.8973 291.5268 292.1819  79743.3
1991 1.5103392E-08 1.5894658E-08 2.0800607E-08 2.6023509E-08 1.9197161E-08 2.5465607E-08 2.8411105E-08 2.4482915E-08 2.4233751E-08 3.1361754E-08 2.9167907E-08 1.9205535E-08 2.0077511E-08 2.4461425E-08 2.4994966E-08 2.1102680E-08  303.0323 302.0229 299.5995 297.0423 299.9079 297.5322 296.5177 296.6302 296.5264 294.9777 294.4374 291.5864 294.2707 292.7017 292.1571 292.6964  106623
1992 1.8947466E-08 1.8518369E-08 2.3357524E-08 2.9312305E-08 2.0375900E-08 2.8011037E-08 2.9253949E-08 2.6994606E-08 2.3469797E-08 2.9174959E-08 2.9254643E-08 1.9367885E-08 2.3806908E-08 3.0850785E-08 3.2654903E-08 2.6716693E-08  301.5815 300.8423 298.9786 296.8531 298.5967 296.8812 296.3088 296.4119 295.8182 294.6411 294.3461 291.3419 293.4995 292.2648 291.7346 292.2434  37653.3
1993 1.9600584E-08 1.9936710E-08 2.6403928E-08 3.3294508E-08 2.2591678E-08 2.7816018E-08 3.0440788E-08 2.9430092E-08 2.4516982E-08 3.1115238E-08 3.1867948E-08 2.1118364E-08 2.1126194E-08 2.8204777E-08 2.9708085E-08 2.6084885E-08  302.0536 301.5471 299.6811 297.1851 298.9930 297.1940 296.3855 296.4258 295.7446 294.4877 294.0586 291.1842 293.5555 292.3654 291.8098 292.2184  141067
1994 1.7349496E-08 1.9113775E-08 2.1878302E-08 2.5550904E-08 1.8189899E-08 2.4384292E-08 2.6209420E-08 2.1941355E-08 1.9317797E-08 2.7859574E-08 3.0098878E-08 2.0059757E-08 1.9936397E-08 2.7700779E-08 3.1447215E-08 2.8656773E-08  301.6101 300.4987 298.6476 296.3412 299.0186 296.9250 295.9438 296.2054 295.8556 294.5254 294.0726 291.0902 293.4050 291.9861 291.3944 291.7694  54430
1995 1.4780325E-08 1.6477850E-08 1.9954429E-08 2.7000450E-08 1.8502481E-08 2.3806324E-08 2.6507328E-08 2.4016003E-08 2.1394404E-08 2.9769435E-08 3.2835857E-08 2.4134218E-08 2.0282451E-08 2.8058395E-08 3.1505866E-08 2.8572190E-08  303.2327 302.4907 300.8845 297.9888 299.9448 297.9064 296.8521 297.2199 296.1100 294.4671 294.0714 291.3758 293.5669 292.0945 291.4598 292.0726  70260
1996 1.8991123E-08 1.8837078E-08 2.1014246E-08 2.5734254E-08 2.0784228E-08 2.6085551E-08 2.7520271E-08 2.4827758E-08 1.9619820E-08 2.9048049E-08 3.0928113E-08 2.2899362E-08 2.0001428E-08 2.5765516E-08 2.7878993E-08 2.4283478E-08  302.4772 301.9170 300.2270 297.3764 299.3527 297.1761 296.1108 296.2961 295.6751 294.2494 293.7908 290.8626 293.1074 291.8333 291.3269 291.7946  95753.3
1997 1.7556102E-08 1.8425220E-08 2.2784338E-08 2.9859585E-08 1.9497531E-08 2.6506157E-08 2.8860054E-08 2.5169976E-08 1.9809772E-08 2.7651382E-08 2.8585379E-08 1.9518856E-08 1.7684453E-08 2.2899469E-08 2.5110365E-08 2.3300787E-08  302.1763 301.5717 299.8086 297.1377 299.2027 297.2552 296.3236 296.4445 295.7901 294.3633 294.0395 291.0606 293.2333 291.8681 291.4542 292.0242  52006.7
1998 1.5096768E-08 1.5660486E-08 2.0473067E-08 2.2881949E-08 1.7589622E-08 2.2735396E-08 2.4478917E-08 2.0803030E-08 2.0443107E-08 2.6894183E-08 2.5141736E-08 1.6308491E-08 1.8625897E-08 2.5550447E-08 2.7106733E-08 2.3050157E-08  302.8922 301.9087 299.7579 297.4997 299.6192 297.8222 297.0137 297.2780 297.0201 295.7060 295.4666 292.1478 294.7589 293.5714 293.1410 293.7163  63423.3
1999 1.4333491E-08 1.5908938E-08 1.9514442E-08 2.6403674E-08 1.7410336E-08 2.2568589E-08 2.4402947E-08 2.1064034E-08 1.7454923E-08 2.5270680E-08 2.3809454E-08 1.5026098E-08 1.6793262E-08 2.2391509E-08 2.4087592E-08 2.0239574E-08  304.2930 303.6882 302.1218 298.8420 301.5784 299.3933 298.0609 298.4351 297.8929 296.4002 296.1996 291.8070 295.4224 294.4001 293.9440 294.4636  90166.7
2000 1.4198473E-08 1.6528841E-08 2.1357431E-08 3.0158915E-08 1.3932810E-08 1.8610832E-08 2.2038519E-08 2.0256312E-08 2.0742121E-08 2.7758656E-08 2.7939038E-08 1.8587532E-08 2.1862524E-08 2.9636828E-08 3.2299575E-08 2.7995926E-08  303.0009 302.4164 300.7721 297.7046 300.6266 298.6445 297.2072 297.6095 296.7838 295.2554 294.9459 291.9177 294.0482 292.7538 292.3094 292.9468  98136.7
2001 1.5843215E-08 1.6125947E-08 2.1176543E-08 2.7088047E-08 1.3587858E-08 1.8552008E-08 2.2420581E-08 1.9712788E-08 1.5538689E-08 2.2854657E-08 2.4838293E-08 1.4517054E-08 1.4623450E-08 1.9059835E-08 2.0929807E-08 1.9475179E-08  302.7731 301.9989 299.8164 297.1166 300.7475 298.3077 296.8073 297.0935 297.4918 295.6375 295.1418 291.4521 294.8973 293.6499 293.0514 293.4614  114107
2002 1.5716802E-08 1.8121298E-08 2.4604779E-08 3.2580854E-08 1.8548043E-08 2.3175053E-08 2.4902622E-08 2.4622755E-08 2.2521368E-08 2.9283946E-08 2.7493172E-08 1.8186075E-08 2.1547372E-08 2.8193515E-08 2.7911360E-08 2.3447505E-08  302.9924 302.1794 300.3392 297.6093 300.4387 298.2790 296.9550 297.1107 296.9286 295.2216 294.8203 291.3890 294.4378 292.9893 292.4228 292.9116  83880
2003 1.6464224E-08 1.7494694E-08 2.2505567E-08 2.6913112E-08 1.4740085E-08 2.0662958E-08 2.4170189E-08 2.1973495E-08 1.5244746E-08 2.2876527E-08 2.2216062E-08 1.4066335E-08 1.4169808E-08 1.9809825E-08 2.1041380E-08 1.7102261E-08  303.2103 302.4940 300.3765 297.6230 300.6822 298.2151 296.9996 297.2317 297.4196 295.6826 295.2658 291.1690 294.9823 293.6236 293.1420 293.7596  58593.3
2004 2.0602720E-08 2.1939039E-08 2.8990991E-08 3.5079839E-08 1.7088892E-08 2.2017607E-08 2.6349021E-08 2.5074725E-08 1.8265801E-08 2.5195527E-08 2.4799874E-08 1.6444700E-08 1.9465912E-08 2.5106642E-08 2.5833948E-08 2.2046629E-08  302.0619 301.3593 299.5590 297.0655 300.0870 297.9827 296.7363 296.9525 296.8900 295.3718 295.0956 291.3338 294.1493 292.8735 292.5015 293.0745  139200
2005 1.5895377E-08 1.7725435E-08 2.3373536E-08 2.6833984E-08 1.8252919E-08 2.3196904E-08 2.4911415E-08 2.2738954E-08 2.0490461E-08 2.7853998E-08 2.9940480E-08 1.9608132E-08 1.9344615E-08 2.5507614E-08 2.7650925E-08 2.6034169E-08  303.0771 301.8981 299.9684 297.3739 300.0173 297.5587 296.4183 296.7064 296.6008 294.9379 294.4585 291.4225 294.2155 292.8129 292.1847 292.6104  70000
2006 1.6951283E-08 1.7025565E-08 2.2661446E-08 3.1489172E-08 1.9172770E-08 2.3529097E-08 2.5364477E-08 2.3986207E-08 1.9991502E-08 2.8811320E-08 2.9597535E-08 1.9909134E-08 1.9785311E-08 2.6410945E-08 2.7499196E-08 2.3455497E-08  303.4196 302.8661 301.2808 298.4420 300.4521 298.4066 297.3441 297.7034 296.6165 295.1523 294.8070 291.5247 293.8572 292.5320 292.2141 292.8759  49666.7
2007 1.5917392E-08 1.7542963E-08 2.2720013E-08 2.9393414E-08 1.8373502E-08 2.4855922E-08 2.8082660E-08 2.6348953E-08 2.3242421E-08 3.1961537E-08 3.2766213E-08 2.1918218E-08 1.9920426E-08 2.6884255E-08 2.8908895E-08 2.5716641E-08  303.2814 302.6108 300.9919 298.2004 300.6760 298.3088 297.1778 297.3744 297.0388 295.3311 294.8483 291.3480 294.5580 293.1002 292.5178 293.0144  44503.3
2008 1.5814029E-08 1.6222819E-08 2.1564752E-08 3.1066062E-08 1.9044672E-08 2.3688928E-08 2.5603047E-08 2.3353445E-08 2.0946569E-08 2.7077519E-08 2.8147863E-08 2.0126484E-08 2.0520792E-08 2.7580375E-08 2.9328438E-08 2.5728321E-08  303.8252 302.9872 301.1019 298.2629 301.7406 299.4712 297.9090 298.3200 298.0729 296.2671 295.7239 291.3205 295.1117 293.6086 292.9230 293.3024  134467
2009 1.9378863E-08 2.0380970E-08 2.5721960E-08 2.9955483E-08 1.9441895E-08 2.5225576E-08 2.7408825E-08 2.4379666E-08 2.1088846E-08 2.9029993E-08 3.0030893E-08 2.1100544E-08 2.0766521E-08 2.7936785E-08 2.9759509E-08 2.7324440E-08  302.7066 302.0261 300.1079 297.5212 299.9025 297.8058 296.6935 296.7256 296.1987 294.6245 294.2451 291.1172 293.3513 292.0176 291.5190 292.1155  43526.7
2010 1.2586620E-08 1.3378661E-08 1.7624933E-08 2.3859400E-08 1.4801532E-08 1.9212385E-08 2.2131866E-08 2.1449601E-08 1.8757982E-08 2.7492300E-08 2.7542686E-08 1.9526892E-08 2.0981279E-08 2.7240556E-08 2.9333853E-08 2.4308788E-08  303.4991 302.5743 300.6167 297.7549 300.1353 297.9132 296.8288 297.0935 296.6169 295.0389 294.6548 291.6939 294.1151 292.7334 292.3400 292.9656  61830
2011 1.4475662E-08 1.7012606E-08 2.1013628E-08 2.5529749E-08 1.3116199E-08 1.9323625E-08 2.3430577E-08 2.2212301E-08 1.9051162E-08 2.8866326E-08 3.1250991E-08 2.1574214E-08 1.5903900E-08 2.3759810E-08 2.7342006E-08 2.4625365E-08  303.8192 303.1934 301.6317 298.5829 301.2362 298.8890 297.4245 297.6626 296.7406 295.2272 294.6761 291.1524 294.0621 292.6642 292.1183 292.6547  99496.7
2012 1.5465357E-08 1.6419548E-08 2.1225270E-08 2.7894446E-08 1.5276070E-08 1.9565249E-08 2.2680357E-08 2.0932584E-08 1.7308331E-08 2.5121494E-08 2.6141461E-08 1.6631770E-08 1.7550184E-08 2.4221659E-08 2.5696973E-08 2.2334115E-08  302.9790 302.5256 301.0681 298.2303 300.5288 298.4182 297.2123 297.8073 296.8058 295.2785 295.0349 292.3513 294.2382 293.0240 292.6370 293.2303  90500
2013 1.6313040E-08 1.6115331E-08 2.1848656E-08 2.5751492E-08 1.7213507E-08 2.1996849E-08 2.5381912E-08 2.3348599E-08 1.9042313E-08 2.8046335E-08 3.0081953E-08 2.0611754E-08 2.0883071E-08 2.9201093E-08 3.2979578E-08 3.0301837E-08  303.4343 303.0021 301.3016 298.4961 300.9459 298.9380 297.7668 298.1310 297.0478 295.6949 295.3806 291.5120 294.2237 292.9709 292.5172 293.1022  136863
2014 1.7255889E-08 1.6939349E-08 2.1425537E-08 2.8575201E-08 1.5720326E-08 2.0372109E-08 2.3439013E-08 2.2524759E-08 2.0637110E-08 2.6301226E-08 2.7520583E-08 1.9666736E-08 2.2285489E-08 2.7548371E-08 2.9946939E-08 2.6370348E-08  302.7875 302.4517 300.8028 297.9567 300.1540 298.1708 297.1392 297.5553 296.6488 295.2534 294.9045 291.0581 294.3278 293.0413 292.5625 293.1226  129933
2015 1.8265821E-08 2.0115799E-08 2.4211477E-08 3.1332995E-08 1.8273550E-08 2.4437858E-08 2.7384889E-08 2.6522152E-08 1.9916785E-08 2.4747992E-08 2.4118917E-08 1.5104117E-08 1.7292074E-08 2.1112932E-08 2.2507921E-08 1.8959319E-08  302.2261 301.4619 299.9538 297.3542 299.9885 297.9680 296.8549 297.1981 297.0838 295.5827 295.2999 291.3360 294.9924 293.7142 293.2310 293.8132  90580
