STN,prec_1,prec_2,prec_3,prec_4,prec_5,prec_6,prec_7,prec_8,prec_9,prec_10,prec_11,prec_12,prec_13,prec_14,prec_15,prec_16,st_1,st_2,st_3,st_4,st_5,st_6,st_7,st_8,st_9,st_10,st_11,st_12,st_13,st_14,st_15,st_16,06.0
LAT,37.67308,37.67308,37.67308,37.67308,40.46365,40.46365,40.46365,40.46365,43.25420,43.25420,43.25420,43.25420,46.04472,46.04472,46.04472,46.04472,37.67308,37.67308,37.67308,37.67308,40.46365,40.46365,40.46365,40.46365,43.25420,43.25420,43.25420,43.25420,46.04472,46.04472,46.04472,46.04472,41.78058635
LON,-95.62500,-92.81250,-90.00000,-87.18750,-95.62500,-92.81250,-90.00000,-87.18750,-95.62500,-92.81250,-90.00000,-87.18750,-95.62500,-92.81250,-90.00000,-87.18750,-95.62500,-92.81250,-90.00000,-87.18750,-95.62500,-92.81250,-90.00000,-87.18750,-95.62500,-92.81250,-90.00000,-87.18750,-95.62500,-92.81250,-90.00000,-87.18750,-90.252073
1958 2.5787653E-08 2.8239578E-08 3.4487435E-08 5.1290939E-08 2.9755938E-08 3.9332335E-08 4.2945516E-08 3.9430311E-08 2.5330113E-08 3.8065906E-08 3.8398607E-08 1.7795282E-08 2.1146148E-08 3.0151284E-08 2.9063768E-08 2.3142706E-08  306.4744 305.2319 303.4005 301.2276 304.0472 302.0867 301.2201 301.3398 302.6096 300.5599 299.6734 289.7923 300.5797 298.1575 297.4744 298.1172  33576.7
1959 2.3631124E-08 2.5982185E-08 3.5633718E-08 5.1013256E-08 2.7332977E-08 3.6423849E-08 4.3718810E-08 4.1530058E-08 2.0999540E-08 3.4232048E-08 3.8569809E-08 1.8494637E-08 2.0472365E-08 3.0227660E-08 3.3806323E-08 2.4336924E-08  306.5995 304.9124 302.7768 300.7112 304.1868 302.2223 301.2804 301.0940 302.8083 300.8743 299.8535 289.7923 300.8568 298.5089 297.8011 298.5667  39063.3
1960 2.2825704E-08 2.5043423E-08 3.0910559E-08 4.5018744E-08 2.5616687E-08 3.4189743E-08 3.8910422E-08 3.9108269E-08 1.9747301E-08 3.1786644E-08 3.2601150E-08 1.4440987E-08 1.9834646E-08 2.8157064E-08 2.9568604E-08 2.1476948E-08  307.1005 305.6058 303.5573 301.2253 304.0482 301.8961 301.0125 301.0172 302.4439 300.4114 299.6085 289.7923 300.7416 298.3227 297.6256 298.5067  73010
1961 2.3881661E-08 2.7523605E-08 3.3544740E-08 4.8629293E-08 2.5165589E-08 3.4661625E-08 3.9155132E-08 3.7554223E-08 1.9684469E-08 3.1418804E-08 3.5377628E-08 1.7402973E-08 2.0757545E-08 2.8961193E-08 3.3296846E-08 2.4748299E-08  307.4996 305.9710 303.6196 301.1722 304.3921 302.0818 301.1299 300.9974 302.4485 300.4109 299.3643 289.7923 300.3560 297.9703 297.2142 298.0089  37796.7
1962 2.6948003E-08 2.9174405E-08 3.6547597E-08 5.1448350E-08 2.3309438E-08 3.3153988E-08 4.0069086E-08 3.9631612E-08 1.8912196E-08 2.9034656E-08 3.2330579E-08 1.6129338E-08 2.0624068E-08 2.9554958E-08 3.1876816E-08 2.3492829E-08  307.1880 305.5674 303.0942 300.7771 304.5959 302.1890 301.1870 301.0750 302.6713 300.7074 299.7193 289.7923 300.7495 298.2185 297.3824 298.0403  83146.7
1963 2.7389641E-08 3.1035988E-08 4.0259224E-08 5.5562822E-08 3.1673938E-08 4.5218844E-08 4.9705903E-08 4.7118959E-08 2.5963219E-08 3.8799250E-08 4.3492161E-08 2.0800259E-08 2.3059338E-08 3.2547042E-08 3.4240642E-08 2.3869154E-08  305.9716 304.5958 302.6921 300.5477 304.0078 301.7925 300.7008 300.5722 301.9038 299.7972 298.6829 289.7923 299.6942 297.2402 296.5666 297.4344  47170
1964 2.8239565E-08 3.4696534E-08 4.3994181E-08 5.6408389E-08 3.1396038E-08 4.1491720E-08 4.4641194E-08 4.2611255E-08 2.2041274E-08 3.3593842E-08 3.5632659E-08 1.5965256E-08 2.2688537E-08 3.0139585E-08 3.3423088E-08 2.5359606E-08  306.5783 304.7006 302.3501 300.2830 303.5649 301.5970 300.6599 300.4658 301.8390 299.8698 299.0487 289.7923 299.5168 297.3214 296.7516 297.6040  28940
1965 2.6841208E-08 3.2267760E-08 4.0796237E-08 5.7854681E-08 2.9006147E-08 3.9952432E-08 4.6744194E-08 4.6422421E-08 2.5371714E-08 3.5601165E-08 3.7429640E-08 1.5892626E-08 2.1019815E-08 2.8565159E-08 3.1002799E-08 2.3396495E-08  305.5819 304.1925 302.2888 300.2067 303.6284 301.5388 300.5400 300.4227 301.9741 300.0232 299.1642 289.7923 299.9833 297.6858 296.9649 297.6079  89766.7
1966 3.0070606E-08 3.4382335E-08 4.1939504E-08 5.9073177E-08 3.0680699E-08 4.4216854E-08 4.8490122E-08 4.7389211E-08 2.2428750E-08 3.3576516E-08 3.7980545E-08 1.6935928E-08 2.0570379E-08 3.1891972E-08 3.3993445E-08 2.3837657E-08  305.1739 303.4770 301.6883 299.7199 303.0587 301.0013 300.0484 299.8374 301.7683 299.7386 298.7081 289.7923 299.8914 297.4412 296.6428 297.3587  48733.3
1967 2.5072280E-08 2.8245431E-08 3.6476134E-08 5.2099800E-08 2.5699430E-08 3.7628631E-08 4.2806391E-08 4.1680558E-08 2.3920327E-08 3.4463703E-08 3.5062769E-08 1.4845905E-08 2.0081746E-08 2.9994013E-08 2.9378809E-08 2.0359074E-08  306.5347 304.8778 302.8236 300.6697 304.0816 301.9239 301.0400 300.9093 302.4287 300.5311 299.7132 289.7923 300.5753 298.1486 297.6688 298.5135  62373.3
1968 2.9116652E-08 3.4930359E-08 4.2985935E-08 5.3226454E-08 3.1571272E-08 4.0218620E-08 4.2598099E-08 4.0412715E-08 2.0309130E-08 3.1485364E-08 3.2494690E-08 1.5049089E-08 2.1028635E-08 2.8382626E-08 3.0291837E-08 2.2683301E-08  305.7992 304.1935 302.2255 300.0740 303.4531 301.4811 300.6509 300.5750 302.0608 300.1806 299.2129 289.7922 299.9385 297.5033 296.6985 297.4335  72153.3
1969 1.9351413E-08 2.1654632E-08 3.1502321E-08 4.5539114E-08 2.4641430E-08 3.6041484E-08 4.2631296E-08 4.1897710E-08 2.6020095E-08 3.9425924E-08 4.0508166E-08 2.1472047E-08 2.7536148E-08 3.4084220E-08 3.4135262E-08 2.3607569E-08  308.0271 306.2890 303.8512 301.4628 305.1004 302.5757 301.5259 301.5501 302.8788 300.7011 299.7377 289.7923 300.8066 298.3162 297.4110 298.2158  56343.3
1970 2.4641242E-08 3.1608995E-08 3.9745995E-08 5.2546984E-08 2.8691790E-08 4.1316738E-08 4.4756987E-08 4.1984773E-08 2.0571491E-08 3.3548854E-08 3.7818680E-08 1.6894823E-08 2.1620165E-08 2.9313622E-08 3.1695986E-08 2.1847523E-08  306.6452 304.9311 302.8473 300.6989 303.9192 301.8043 300.8773 300.8622 302.2664 300.3017 299.3376 289.7923 300.2558 297.9731 297.2982 298.2462  66223.3
1971 2.9207966E-08 3.4468503E-08 4.1444547E-08 5.3953059E-08 2.6449813E-08 3.6083218E-08 4.1516351E-08 3.9802430E-08 1.8656438E-08 3.0393831E-08 3.5432759E-08 1.2914088E-08 1.8089322E-08 2.7318189E-08 3.1970796E-08 2.2365128E-08  305.9297 304.2238 302.1200 299.7259 303.4347 301.1652 300.2000 300.1833 301.7774 299.9207 298.9048 289.7923 299.7606 297.4729 296.7770 297.6160  65326.7
1972 2.1378829E-08 2.5296400E-08 3.2390247E-08 4.6501718E-08 2.9933343E-08 4.3274948E-08 4.9428024E-08 4.8566324E-08 2.7421098E-08 4.2183629E-08 4.2765855E-08 2.1877986E-08 2.3360117E-08 3.2530373E-08 3.2300825E-08 2.3462551E-08  306.4527 304.7880 302.5061 300.2233 303.8456 301.5442 300.3921 300.1839 301.9577 299.7504 298.7329 289.7923 299.8092 297.3555 296.7423 297.5465  51146.7
1973 2.3984210E-08 2.9009753E-08 3.6453368E-08 5.1368986E-08 2.4126404E-08 3.4072446E-08 4.1936357E-08 4.1415241E-08 1.9188501E-08 2.9992325E-08 3.4214320E-08 1.3649130E-08 2.1754314E-08 3.2367623E-08 3.4645890E-08 2.3585784E-08  305.9707 304.3503 302.6135 300.5195 303.7819 301.9809 301.1480 301.1383 302.4253 300.7829 300.0162 289.7923 300.3925 298.1085 297.5875 298.5054  88663.3
1974 3.1342335E-08 3.6305860E-08 4.3848576E-08 5.9482897E-08 3.2834141E-08 4.5442317E-08 4.8902038E-08 4.6908561E-08 2.0126070E-08 3.1647616E-08 3.5519957E-08 1.4313073E-08 1.9317010E-08 2.7842789E-08 2.8469437E-08 1.9981025E-08  305.1118 303.6573 301.6714 299.4911 302.8036 300.8354 299.9730 299.8300 301.6418 299.9378 299.0926 289.7923 299.6631 297.5315 297.0187 297.8285  99990
1975 2.8761480E-08 3.1278084E-08 3.4399626E-08 4.5925574E-08 2.4322546E-08 3.4630531E-08 4.0219891E-08 3.7459564E-08 1.6497165E-08 2.7734943E-08 2.9424482E-08 1.2776128E-08 1.9811560E-08 2.7236261E-08 2.9961349E-08 2.2902496E-08  307.2861 305.5896 303.0043 300.6971 304.6475 302.3428 301.2771 301.2724 302.6769 300.7599 299.8156 289.7923 300.3344 297.9086 297.1516 297.8712  68553.3
1976 2.5766498E-08 3.0527794E-08 3.7352592E-08 4.8348362E-08 2.7562491E-08 3.8513516E-08 4.5910948E-08 4.3945089E-08 2.2908582E-08 3.5457060E-08 3.7586791E-08 2.0386741E-08 1.9108203E-08 2.8443109E-08 3.0882607E-08 2.2872626E-08  306.4096 304.4893 302.3584 300.1039 303.7321 301.3415 300.1689 299.9510 301.9226 299.7357 298.6571 289.7923 299.9228 297.5150 296.7610 297.4257  25643.3
1977 2.6813161E-08 3.1618264E-08 3.9635768E-08 5.0340834E-08 2.9365632E-08 4.0930971E-08 4.5725436E-08 4.5494318E-08 2.3681798E-08 3.5826243E-08 3.8711924E-08 1.6771798E-08 1.9240067E-08 3.0055240E-08 3.2444778E-08 2.4983121E-08  305.9941 304.4040 302.3427 300.3546 303.8216 301.7146 300.8703 300.8380 302.2546 300.3757 299.6413 289.7923 300.4439 298.0300 297.3795 298.1771  22726.7
1978 2.6344994E-08 2.9200415E-08 3.7263529E-08 5.0909488E-08 2.9233661E-08 4.0828937E-08 4.4569703E-08 4.3999112E-08 2.6508527E-08 3.7504080E-08 3.7588912E-08 1.9454523E-08 2.3415101E-08 2.9875849E-08 2.9586829E-08 2.3363061E-08  307.3152 305.6451 303.2159 300.9700 304.5434 302.1587 301.0556 300.9666 302.2117 300.2626 299.3181 289.7923 300.1504 297.7739 297.1633 297.7764  60866.7
1979 3.0261603E-08 3.2970409E-08 3.9772679E-08 5.3804726E-08 2.6535574E-08 3.8137895E-08 4.2442938E-08 3.9509256E-08 2.3514632E-08 3.5868126E-08 3.4430524E-08 1.5527394E-08 2.0592223E-08 2.9915554E-08 3.2900338E-08 2.3066237E-08  305.8951 304.1584 302.1773 300.2522 303.7588 301.6077 300.6880 300.5253 302.2104 300.1044 299.2602 289.7923 300.2043 297.6753 296.8882 297.7135  79620
1980 2.8120091E-08 3.1696139E-08 3.9780225E-08 5.2540667E-08 3.0697898E-08 4.1883887E-08 4.5758423E-08 4.4675893E-08 2.8580848E-08 3.9267746E-08 3.8803190E-08 2.0440362E-08 2.6452730E-08 3.4904300E-08 3.7044970E-08 2.8581063E-08  306.2308 304.6101 302.6743 300.6112 304.0717 301.8762 300.8925 300.8290 302.2541 300.2710 299.2326 289.7923 299.9330 297.4789 296.7459 297.3566  61640
1981 2.3955991E-08 2.7868985E-08 3.5137688E-08 4.8769039E-08 2.1911280E-08 3.4273086E-08 4.2642775E-08 3.8973383E-08 2.1952784E-08 3.2017226E-08 3.2690384E-08 1.5359207E-08 2.1620464E-08 2.9426090E-08 3.0896143E-08 2.3770374E-08  307.8473 306.2663 303.8306 301.2635 305.0085 302.6421 301.6232 301.5890 302.9125 301.0339 300.1434 289.7923 300.8273 298.2929 297.6396 298.4364  49953.3
1982 2.4575526E-08 3.0056366E-08 4.0918376E-08 5.6149396E-08 3.5644199E-08 4.7078654E-08 5.4039916E-08 5.0112938E-08 2.9176373E-08 4.3241375E-08 4.4267324E-08 2.5183388E-08 2.5573744E-08 3.5471121E-08 3.5981703E-08 2.6471508E-08  305.9823 304.2753 302.3818 300.4836 303.6154 301.5079 300.4303 300.3424 301.7060 299.5766 298.4514 289.1124 299.0936 296.6933 295.9290 296.7441  63990
1983 2.4256062E-08 3.1364394E-08 4.2921762E-08 5.7250663E-08 3.0426829E-08 4.1779824E-08 5.1103839E-08 4.8280498E-08 3.2312968E-08 4.4188813E-08 4.2771820E-08 2.1550532E-08 2.7014435E-08 3.5244334E-08 3.4998429E-08 2.5455135E-08  305.1037 303.7284 302.1172 300.3037 303.1984 301.4792 300.7410 300.8061 301.9140 300.0177 299.1773 289.9549 299.7404 297.4955 296.8178 297.7032  58310
1984 2.8221834E-08 3.2296725E-08 3.9554603E-08 5.0857395E-08 2.3164814E-08 3.4375688E-08 3.8662609E-08 3.6992450E-08 1.6633537E-08 2.7741235E-08 2.8672174E-08 9.9243485E-09 1.8143192E-08 2.5593051E-08 2.8298116E-08 2.0279124E-08  306.8218 305.1292 302.5909 300.3163 304.4232 302.1547 301.2362 301.4218 302.7469 300.9910 300.4130 289.2715 300.9485 298.9012 298.4857 299.3975  90203.3
1985 2.6569092E-08 3.0925364E-08 3.6304108E-08 4.9209536E-08 2.6161890E-08 3.5633057E-08 4.3357335E-08 4.1011052E-08 1.9081924E-08 2.9975336E-08 3.1827440E-08 1.2952565E-08 1.9344483E-08 2.8756642E-08 2.8739702E-08 2.1079320E-08  306.1551 304.5974 302.5612 300.3536 304.0602 301.8094 300.8487 300.6698 302.3038 300.4292 299.5779 289.5312 300.4197 297.9115 297.2861 298.1554  52526.7
1986 2.9128344E-08 3.6158550E-08 4.4011841E-08 5.8252077E-08 2.5433035E-08 4.0240142E-08 4.7502631E-08 4.6419068E-08 1.8525618E-08 3.1060232E-08 3.2840273E-08 1.3224179E-08 1.8446983E-08 2.5987855E-08 3.1208813E-08 2.2377680E-08  305.2275 303.7307 301.8820 299.8115 303.5890 301.4975 300.7125 300.6116 302.2174 300.4829 299.7375 289.5885 300.1924 298.0947 297.5046 298.2520  71500
1987 2.6272728E-08 3.3735557E-08 4.5745825E-08 5.7508203E-08 2.4140911E-08 3.3700907E-08 4.2599567E-08 4.2896250E-08 1.9643204E-08 3.2408614E-08 3.4082820E-08 1.4174484E-08 2.0978263E-08 3.1225682E-08 3.2109554E-08 2.3972843E-08  305.8014 304.2655 302.4551 300.6124 304.4158 302.4326 301.5831 301.6692 302.8271 301.0504 300.3680 290.6822 300.7916 298.6655 297.9680 298.8542  38036.7
1988 2.1524693E-08 2.3686765E-08 3.0681250E-08 4.3740641E-08 2.2759343E-08 3.2806703E-08 3.6177884E-08 3.4373091E-08 1.8301575E-08 2.8755384E-08 3.1126451E-08 1.1136079E-08 1.6936021E-08 2.5753666E-08 2.7322907E-08 2.0033434E-08  307.5974 306.0931 303.6999 301.1488 304.4848 302.5626 301.6212 301.6931 302.6752 301.0717 300.4160 289.5968 300.9480 298.7425 298.2958 299.2368  15420
1989 2.7129795E-08 3.1231956E-08 3.5750354E-08 4.8645234E-08 2.5683338E-08 3.5780626E-08 4.1888772E-08 4.0996724E-08 1.8416120E-08 2.9289041E-08 3.1840532E-08 1.4099498E-08 1.8239694E-08 2.5402690E-08 2.8881342E-08 2.1381881E-08  307.6649 305.9025 303.4578 300.8158 305.2850 302.6641 301.3230 301.1862 303.0363 301.0076 300.1376 289.5888 300.8511 298.5928 298.0959 298.8979  42656.7
1990 2.4848950E-08 2.9960784E-08 3.7137717E-08 5.0999390E-08 2.8255430E-08 3.9000255E-08 4.5767187E-08 4.4565166E-08 2.7634984E-08 3.8726792E-08 4.0095223E-08 1.9011447E-08 2.3218968E-08 3.3064538E-08 3.5643573E-08 2.6794245E-08  306.7191 304.9497 303.0888 300.9643 304.5229 302.2425 301.2099 301.0888 302.6102 300.3713 299.3635 289.5999 300.4271 297.8674 297.0339 297.7718  79743.3
1991 2.2309333E-08 2.7616478E-08 3.8049727E-08 5.4041962E-08 2.8696217E-08 4.1674586E-08 4.8668806E-08 4.4354646E-08 2.7538695E-08 4.2773280E-08 4.2716923E-08 2.0364874E-08 2.6165322E-08 3.9210722E-08 3.9361346E-08 2.7797158E-08  306.5493 304.4979 302.5727 300.6734 304.3519 302.1411 301.0998 300.9846 302.4444 300.2819 299.2601 290.3239 300.1305 297.5381 296.7591 297.6291  106623
1992 3.2963925E-08 3.9531290E-08 5.3155830E-08 7.1251527E-08 3.2336740E-08 4.6786074E-08 5.4267666E-08 5.5104501E-08 2.3948036E-08 3.8726000E-08 4.1227210E-08 1.6534948E-08 2.2560751E-08 3.3596429E-08 3.7416893E-08 2.6289591E-08  303.7806 302.6273 301.2003 299.3980 302.7607 301.1192 300.4594 300.3228 301.7370 300.0198 299.4028 289.8472 299.9041 297.6705 297.1283 298.0641  37653.3
1993 2.5020064E-08 3.2220072E-08 4.2642867E-08 5.6813377E-08 2.7692234E-08 4.0375308E-08 4.7492058E-08 4.7025537E-08 2.2764626E-08 3.7589935E-08 4.0864727E-08 1.9939369E-08 2.3499769E-08 2.9855268E-08 3.1783816E-08 2.3858020E-08  305.6343 303.9436 302.1908 300.1620 303.5254 301.4568 300.5742 300.4558 301.7989 299.6819 298.7715 289.5398 299.8270 297.3644 296.6783 297.5804  141067
1994 3.0411769E-08 3.7783945E-08 4.7767479E-08 6.2643018E-08 2.8423619E-08 4.1503302E-08 4.9510444E-08 4.7337576E-08 2.2734209E-08 3.4653379E-08 3.8267821E-08 1.5578792E-08 2.2432785E-08 3.2864733E-08 3.3287993E-08 2.5588395E-08  304.7685 303.3703 301.7871 299.8889 303.4596 301.6419 300.8548 300.7309 302.1281 300.3784 299.6219 289.3565 300.1016 297.7878 297.2164 298.0025  54430
1995 2.4045081E-08 2.5853057E-08 3.2982744E-08 4.7384297E-08 2.8424074E-08 3.8017649E-08 4.2650793E-08 3.9875875E-08 2.4492246E-08 3.7425924E-08 3.8038010E-08 1.7681348E-08 2.5019370E-08 3.4839083E-08 3.5980687E-08 2.5780562E-08  307.1164 305.5568 303.3627 301.2008 304.6622 302.4460 301.4042 301.3366 302.8242 300.6634 299.7514 289.9133 300.6258 298.1673 297.3650 298.1816  70260
1996 2.7861907E-08 3.1255254E-08 3.6406284E-08 5.0118004E-08 2.7845656E-08 3.7211816E-08 3.9903213E-08 3.6575841E-08 2.2438213E-08 3.0614949E-08 3.1133041E-08 1.6072555E-08 2.1326807E-08 2.9488426E-08 3.0803779E-08 2.0786748E-08  306.7766 305.0470 302.7934 300.6489 304.1221 301.8005 300.8430 300.7375 302.4301 300.4974 299.4960 288.9128 300.2166 297.8185 296.9555 297.7212  95753.3
1997 2.4867774E-08 3.1271433E-08 3.8630859E-08 5.4745239E-08 2.7780455E-08 4.0305114E-08 4.6811490E-08 4.2420933E-08 2.3526132E-08 3.7118625E-08 3.8647677E-08 1.9551408E-08 2.4324482E-08 3.2760028E-08 3.2778477E-08 2.5091927E-08  307.0007 305.0222 302.8535 300.6125 304.2208 301.9045 300.7961 300.6478 302.1892 300.0403 299.1082 289.2988 299.9858 297.5940 296.9419 297.6687  52006.7
1998 2.6832716E-08 3.2928021E-08 4.4238437E-08 5.8216713E-08 3.0070289E-08 4.0554887E-08 4.8179469E-08 4.7301029E-08 2.1690811E-08 3.5105209E-08 3.6523279E-08 1.4091502E-08 2.3378355E-08 3.0548559E-08 3.1494054E-08 2.2253520E-08  305.7438 304.2437 302.5807 300.6847 303.7394 302.1762 301.5396 301.6498 302.9701 301.3461 300.6659 291.4185 300.7238 298.7546 298.4475 299.3804  63423.3
1999 2.7903944E-08 3.3193885E-08 3.8214750E-08 4.7917471E-08 2.5621134E-08 3.6146631E-08 4.3018055E-08 4.1209606E-08 1.7693926E-08 2.8847399E-08 2.9529980E-08 1.3038552E-08 1.8308608E-08 2.4635270E-08 2.5688756E-08 1.9633761E-08  308.0706 306.7215 304.2155 301.3606 305.1798 302.6773 301.5219 301.5988 302.9589 301.0406 300.3988 290.7540 301.0129 298.9209 298.4588 299.3551  90166.7
2000 2.3716431E-08 2.8926133E-08 3.4815717E-08 4.9820564E-08 2.3073195E-08 3.3491553E-08 4.0787203E-08 3.7634496E-08 1.9436682E-08 3.0853180E-08 3.0907131E-08 1.2894968E-08 2.0854154E-08 2.7634277E-08 2.9699756E-08 2.0609816E-08  307.9646 306.0854 303.7125 301.0355 305.4540 302.9467 301.5950 301.6243 303.2887 301.1427 300.3300 290.9698 301.1497 298.7830 298.1861 299.1816  98136.7
2001 2.4502889E-08 2.8927982E-08 3.7837875E-08 5.0397471E-08 2.2105668E-08 3.4120369E-08 4.0489024E-08 3.9892246E-08 1.9090569E-08 2.9962749E-08 3.4113558E-08 1.1186382E-08 1.7389983E-08 2.4964066E-08 2.9707349E-08 2.2484821E-08  306.5966 304.8004 302.7133 300.6490 305.2122 302.7723 301.7979 301.8779 303.5178 301.6021 300.9599 290.0620 301.4955 299.2596 298.7296 299.5535  114107
2002 2.0083815E-08 2.4925717E-08 3.2715313E-08 4.6941341E-08 2.3288333E-08 3.6578466E-08 4.1854548E-08 4.1549036E-08 2.1645299E-08 3.5963616E-08 3.7040238E-08 1.7153932E-08 2.0104396E-08 3.0167769E-08 3.2490728E-08 2.2101139E-08  307.2819 305.7101 303.5132 301.3192 305.5126 303.1232 301.9803 301.9316 303.6116 301.4298 300.4752 289.9391 301.5278 299.0045 298.0776 298.9373  83880
2003 2.4695678E-08 3.0820939E-08 3.8449006E-08 5.3026422E-08 2.5421725E-08 3.8018324E-08 4.3464926E-08 4.0709864E-08 2.1404135E-08 3.2765449E-08 3.4145305E-08 1.5420053E-08 2.2658130E-08 3.3735734E-08 3.4578886E-08 2.4909381E-08  307.1038 305.0593 302.8694 300.8109 304.6227 302.2542 301.2802 301.2257 302.9518 300.8714 299.9303 289.5103 300.7048 298.1189 297.4905 298.4336  58593.3
2004 2.6850479E-08 3.1622768E-08 4.1707768E-08 5.4202321E-08 2.4645294E-08 3.6638419E-08 4.3799059E-08 4.1518181E-08 2.0572505E-08 3.3515722E-08 3.4084604E-08 1.5648984E-08 2.4900171E-08 3.1724937E-08 3.1980132E-08 2.2107196E-08  306.5817 305.0222 302.9051 300.7274 304.9037 302.4611 301.4768 301.4020 303.1698 300.9677 300.0556 289.8314 300.9053 298.3816 297.5999 298.4608  139200
2005 2.1084407E-08 2.6456934E-08 3.5656637E-08 5.0087280E-08 2.7582914E-08 3.9044181E-08 4.3870649E-08 4.3947178E-08 2.7297206E-08 3.8850263E-08 3.4546016E-08 1.7930319E-08 2.2542260E-08 3.0319832E-08 2.9826964E-08 2.2676886E-08  307.7202 306.0191 303.5864 301.2029 304.7455 302.3751 301.3582 301.3152 303.1387 301.0347 300.2013 290.0044 301.4008 298.9100 298.0574 298.7831  70000
2006 2.1996781E-08 2.5374174E-08 3.1391991E-08 4.4125684E-08 2.7230737E-08 3.7980005E-08 4.2849980E-08 4.0161087E-08 2.3821226E-08 3.5583458E-08 3.7886274E-08 1.9753095E-08 2.2897874E-08 3.0781315E-08 3.1912450E-08 2.5061633E-08  307.7013 306.0945 303.6853 301.2505 304.6532 302.1930 301.0495 300.9826 302.5222 300.3145 299.2817 290.2037 300.1451 297.6750 296.8778 297.5992  49666.7
2007 2.1712292E-08 2.6627612E-08 3.3089361E-08 4.7014844E-08 2.5356837E-08 3.7089446E-08 4.2743530E-08 4.0773131E-08 1.9277255E-08 3.0975428E-08 3.2387277E-08 1.5741730E-08 2.0159497E-08 2.8451613E-08 3.0175727E-08 2.0816620E-08  308.3794 306.5188 304.0110 301.5465 305.5773 302.7548 301.5912 301.6078 303.4699 301.2448 300.2457 289.8593 301.4724 298.8538 297.9579 298.7897  44503.3
2008 2.3991047E-08 2.7134874E-08 3.5202817E-08 4.6398569E-08 2.3179055E-08 3.3661770E-08 3.9129315E-08 3.5940470E-08 1.9467706E-08 3.0402848E-08 3.2439921E-08 1.4850029E-08 1.6119039E-08 2.5230442E-08 2.7169502E-08 1.8630070E-08  308.4158 306.6963 304.0942 301.3251 305.5627 302.7421 301.4430 301.4972 303.2195 300.9695 300.0190 289.8056 301.4125 298.9335 298.2750 299.2432  134467
2009 2.3671728E-08 2.7577139E-08 3.6848480E-08 5.2667318E-08 2.6651163E-08 3.8800341E-08 4.3573557E-08 4.2554898E-08 2.1216483E-08 3.6414768E-08 3.5718596E-08 1.7824171E-08 1.8778847E-08 2.9360574E-08 3.1121445E-08 2.3074627E-08  306.8346 305.0505 302.9583 300.5545 304.6187 302.0763 300.9273 300.7291 302.6869 300.4242 299.4662 289.4092 300.4863 297.9142 297.1263 297.9767  43526.7
2010 2.4891449E-08 2.9618437E-08 4.0688878E-08 5.5311652E-08 2.8328387E-08 4.1657731E-08 4.7468436E-08 4.4591811E-08 2.4870474E-08 3.8334523E-08 3.6351064E-08 1.8774003E-08 2.4970012E-08 3.3440514E-08 3.1366977E-08 2.2665628E-08  307.6523 305.6783 303.3905 301.3035 304.9019 302.5687 301.6296 301.6348 302.9672 300.8756 299.9944 290.5336 300.7232 298.2628 297.6846 298.4901  61830
2011 2.0925096E-08 2.5918460E-08 3.2255539E-08 4.7158579E-08 2.5779583E-08 3.5653756E-08 4.1943668E-08 3.9734875E-08 2.4830189E-08 3.3852888E-08 3.4592361E-08 2.0185944E-08 2.2945581E-08 3.1138093E-08 3.2105334E-08 2.3451902E-08  308.6865 307.1222 304.5153 301.7793 305.6901 303.0166 301.8523 301.9298 302.9824 300.9547 299.9224 289.4778 300.7408 298.2363 297.5544 298.4376  99496.7
2012 1.7890466E-08 2.2747106E-08 3.2587590E-08 4.7440356E-08 2.2182995E-08 3.5812988E-08 4.2561144E-08 4.0008839E-08 2.2922498E-08 3.7053642E-08 3.9411720E-08 1.7480527E-08 2.1791884E-08 2.9104184E-08 3.2209034E-08 2.6648189E-08  308.6765 307.0328 304.4471 301.7378 305.8434 303.2675 302.1145 302.2359 303.7248 301.6871 300.7789 291.8154 301.4869 299.2949 298.5060 299.0885  90500
2013 1.7923821E-08 2.2410452E-08 3.0218740E-08 4.3600085E-08 2.2022229E-08 3.1944740E-08 3.5931141E-08 3.3586719E-08 1.9041842E-08 3.0474688E-08 3.2301607E-08 1.3187158E-08 2.1979925E-08 2.6872101E-08 2.9680820E-08 2.1730537E-08  308.3788 306.6859 304.3767 301.8949 305.6854 303.2663 302.2013 302.3126 303.4833 301.5465 300.6599 290.1788 301.3067 298.9561 298.2704 299.0594  136863
2014 1.8006606E-08 2.3036323E-08 2.9949625E-08 4.2183515E-08 2.3670852E-08 3.4581991E-08 4.0778534E-08 3.8280039E-08 2.1784700E-08 3.3388147E-08 3.6331649E-08 1.4216552E-08 1.8455333E-08 2.7709989E-08 3.0668826E-08 2.2561576E-08  307.5189 305.8373 303.6405 301.4271 305.0678 302.9404 302.0127 302.0839 303.1772 301.3975 300.7113 289.2940 301.3386 299.0975 298.5328 299.4565  129933
2015 2.7655213E-08 3.3873331E-08 4.2226716E-08 5.8140298E-08 2.4502615E-08 3.5869121E-08 4.6545935E-08 4.4560402E-08 1.9274857E-08 3.3080809E-08 3.5701866E-08 1.4294800E-08 1.9573656E-08 3.0047843E-08 3.4563016E-08 2.3213515E-08  306.4021 305.1752 303.1376 300.8630 304.7348 302.6612 301.5962 301.6125 303.0748 301.1237 300.2651 289.8357 300.9684 298.5397 297.8083 298.6724  90580
