STN,prec_1,prec_2,prec_3,prec_4,prec_5,prec_6,prec_7,prec_8,prec_9,prec_10,prec_11,prec_12,prec_13,prec_14,prec_15,prec_16,st_1,st_2,st_3,st_4,st_5,st_6,st_7,st_8,st_9,st_10,st_11,st_12,st_13,st_14,st_15,st_16,01.0
LAT,37.67308,37.67308,37.67308,37.67308,40.46365,40.46365,40.46365,40.46365,43.25420,43.25420,43.25420,43.25420,46.04472,46.04472,46.04472,46.04472,37.67308,37.67308,37.67308,37.67308,40.46365,40.46365,40.46365,40.46365,43.25420,43.25420,43.25420,43.25420,46.04472,46.04472,46.04472,46.04472,41.78058635
LON,-95.62500,-92.81250,-90.00000,-87.18750,-95.62500,-92.81250,-90.00000,-87.18750,-95.62500,-92.81250,-90.00000,-87.18750,-95.62500,-92.81250,-90.00000,-87.18750,-95.62500,-92.81250,-90.00000,-87.18750,-95.62500,-92.81250,-90.00000,-87.18750,-95.62500,-92.81250,-90.00000,-87.18750,-95.62500,-92.81250,-90.00000,-87.18750,-90.252073
1958 3.3848920E-08 3.9073107E-08 4.5617551E-08 5.0247152E-08 2.7437828E-08 3.3637424E-08 3.8285396E-08 3.7548389E-08 1.9527015E-08 2.4211133E-08 2.6696902E-08 2.5810177E-08 1.4884376E-08 1.8959133E-08 2.2512879E-08 2.5356719E-08  280.0128 279.7904 279.6581 278.6951 277.1415 275.5756 275.5799 276.1948 272.6795 270.7097 271.8053 275.4735 270.3978 269.3381 269.4165 270.3754  21322.6
1959 3.2851595E-08 3.3947806E-08 4.0547040E-08 4.7113520E-08 2.8338315E-08 3.3201033E-08 3.6778903E-08 3.5328743E-08 2.6232410E-08 3.0753952E-08 3.2166984E-08 2.8870867E-08 2.0665132E-08 2.5359720E-08 2.8006312E-08 2.7722152E-08  281.7365 281.5096 281.3062 280.0154 279.0566 277.5510 277.1674 277.3328 274.6053 272.3421 272.8975 275.4735 271.5458 269.9990 270.0490 270.8198  14545.2
1960 3.0528760E-08 3.8122618E-08 4.8645898E-08 5.5124392E-08 2.8155833E-08 3.5400799E-08 4.1276522E-08 4.0822837E-08 2.4923512E-08 2.9350844E-08 3.0112698E-08 2.8138665E-08 1.7623211E-08 2.2567949E-08 2.5979023E-08 2.7691899E-08  281.2182 281.0855 280.7636 279.4655 278.3533 276.8925 276.5475 276.5863 273.5208 271.5245 271.9961 275.4732 270.3457 269.0217 269.1255 270.0088  42183.9
1961 2.4090939E-08 3.1339773E-08 4.1169180E-08 4.9934769E-08 2.3235520E-08 3.2383195E-08 4.3219085E-08 4.3747260E-08 2.0538996E-08 2.7682814E-08 3.2823582E-08 3.2027096E-08 1.7365036E-08 2.2530443E-08 2.7209630E-08 3.1422427E-08  282.5252 282.2060 281.8464 280.4635 279.4884 278.0916 277.6160 277.6902 274.4282 272.1751 272.5503 275.4735 270.8607 269.3682 269.4495 270.4584  18477.4
1962 2.8672996E-08 3.5518600E-08 4.6234582E-08 5.6135921E-08 2.2631124E-08 3.1064488E-08 3.9222499E-08 4.0469118E-08 1.8928310E-08 2.7306241E-08 3.1898033E-08 3.0465387E-08 1.9039588E-08 2.5052348E-08 2.9397626E-08 3.1925421E-08  281.8914 281.8062 281.7224 280.7073 278.9579 277.4743 277.2068 277.5739 274.2692 271.9499 272.4788 275.4735 270.5955 269.0545 269.2221 270.2514  20838.7
1963 2.7211007E-08 3.4818939E-08 4.4884885E-08 5.4630565E-08 2.6037716E-08 3.5740769E-08 4.4150777E-08 4.3188074E-08 2.2443988E-08 2.9829884E-08 3.4183309E-08 3.3013691E-08 1.8417389E-08 2.3885722E-08 2.7930682E-08 3.0580559E-08  281.4877 281.2735 281.0875 279.8904 277.8580 276.5275 276.3763 276.6825 272.3782 270.4480 271.4304 275.4735 268.9785 268.3589 268.8208 270.0385  20145.2
1964 3.3093990E-08 3.8681453E-08 4.7841411E-08 5.5566840E-08 2.8954386E-08 3.6275889E-08 4.2734239E-08 4.2781817E-08 2.1828802E-08 2.6500826E-08 2.9859144E-08 2.9247966E-08 1.7557380E-08 2.0281973E-08 2.2052820E-08 2.3058416E-08  281.7977 281.4789 281.3216 280.2617 279.1011 277.4407 277.1734 277.4138 274.1673 271.9561 272.6112 275.4732 271.2412 269.7613 269.7340 270.6473  17580.6
1965 3.1419574E-08 3.8305213E-08 4.8841624E-08 5.9015793E-08 2.8157462E-08 3.7019642E-08 4.6109129E-08 4.7126637E-08 2.4458870E-08 3.2306410E-08 3.6610729E-08 3.4202877E-08 2.0570278E-08 2.5895110E-08 2.8713295E-08 3.0039416E-08  282.1353 282.0575 281.8611 280.6114 278.9290 277.7639 277.3246 277.6304 273.5773 271.9706 272.5696 275.4735 270.4669 269.2677 269.4453 270.4916  20548.4
1966 3.2798191E-08 3.9024702E-08 4.6031133E-08 5.0056755E-08 2.7689387E-08 3.4389682E-08 3.8047730E-08 3.6238283E-08 2.4762755E-08 2.9463713E-08 3.0951256E-08 2.8082050E-08 1.8823560E-08 2.2613792E-08 2.4880196E-08 2.5639512E-08  281.1458 280.9772 281.0024 280.0513 278.4543 277.3704 277.4543 278.0165 274.0960 272.5488 273.4442 275.4735 271.3779 270.6351 271.0794 272.0374  36122.6
1967 2.6862160E-08 3.4025955E-08 4.7005742E-08 5.6917710E-08 2.4506134E-08 3.2139742E-08 3.9395832E-08 4.0472372E-08 2.0421878E-08 2.7774853E-08 3.2295201E-08 3.0969769E-08 1.8973312E-08 2.5453565E-08 3.0475025E-08 3.3300928E-08  281.3853 281.1194 280.8958 279.7651 278.5925 276.9592 276.5667 276.9321 273.9944 271.8411 272.5932 275.4735 270.8932 269.3586 269.6235 270.7862  24787.1
1968 2.9099569E-08 3.5535674E-08 4.4939085E-08 5.1091824E-08 2.1994296E-08 2.9601813E-08 3.7871228E-08 3.8613500E-08 1.8212418E-08 2.3758366E-08 2.6484173E-08 2.6126342E-08 1.5508295E-08 1.8928143E-08 2.1466102E-08 2.3218766E-08  280.9680 280.7163 280.4251 279.2346 277.9955 276.3765 275.8397 276.1837 273.2299 271.1306 271.4689 275.4732 270.0004 268.4374 268.6581 269.6219  19783.9
1969 3.1869273E-08 3.5241744E-08 4.1005354E-08 4.5865427E-08 2.9116224E-08 3.5602007E-08 4.0633509E-08 3.9164302E-08 2.1022977E-08 2.7744331E-08 3.0473785E-08 2.8198503E-08 1.4091193E-08 1.8608828E-08 2.2957366E-08 2.5637013E-08  282.3812 282.1010 281.6407 280.2202 279.8508 278.1942 277.7037 277.7586 275.4873 273.0916 273.3465 275.4735 272.8370 271.0612 270.8845 271.5962  33932.3
1970 3.5651208E-08 3.8886622E-08 4.3929351E-08 4.7398721E-08 2.9519509E-08 3.2761161E-08 3.5248419E-08 3.4481488E-08 2.4146837E-08 2.8103416E-08 2.9324351E-08 2.6656444E-08 2.1028196E-08 2.4881656E-08 2.6113680E-08 2.6840533E-08  282.0183 281.7731 281.4311 280.0826 279.8589 278.3478 277.8714 277.7258 275.6940 273.4573 273.8898 275.4735 272.6437 270.8669 270.8322 271.6461  25058.1
1971 2.7527417E-08 3.3899070E-08 4.3761339E-08 5.4059093E-08 2.3819666E-08 3.1693911E-08 3.9953584E-08 4.1833392E-08 2.1383942E-08 2.8335672E-08 3.2671895E-08 3.1690480E-08 1.8155765E-08 2.3430383E-08 2.7253614E-08 2.9850966E-08  281.7664 281.8423 281.8498 280.8939 278.5794 277.3287 276.9449 277.2993 273.5986 271.6100 272.1400 275.4735 270.0535 268.5085 268.8411 269.9706  25935.5
1972 2.5703120E-08 3.2519573E-08 4.2677119E-08 4.9073932E-08 1.9665762E-08 2.7601827E-08 3.5565808E-08 3.6811748E-08 1.6437424E-08 2.1720677E-08 2.4845153E-08 2.4705477E-08 1.4731413E-08 1.8522330E-08 2.1061465E-08 2.2650921E-08  281.6046 281.3327 281.0428 279.6513 278.1300 276.6509 276.3828 276.4855 272.7797 270.8047 271.3633 275.4732 269.3914 268.0754 268.3555 269.5964  28322.6
1973 3.3507490E-08 4.1943728E-08 5.1596661E-08 5.3151943E-08 2.6863299E-08 3.4689123E-08 4.1730136E-08 4.0236422E-08 2.2105162E-08 2.8353577E-08 3.1524959E-08 2.8704127E-08 1.8827041E-08 2.3526411E-08 2.6478597E-08 2.6658130E-08  280.1602 279.9464 279.8745 278.9606 277.4674 275.8888 276.0318 276.6977 272.9913 271.3747 272.3077 275.4736 270.8293 269.7812 270.0517 271.3853  54103.2
1974 2.6416394E-08 3.4054690E-08 4.4907516E-08 5.6691594E-08 2.0923727E-08 3.2085488E-08 4.3410854E-08 4.5018016E-08 1.8214159E-08 2.6328948E-08 3.2243474E-08 3.1004980E-08 1.8553727E-08 2.4506878E-08 2.8015497E-08 2.9768874E-08  282.3867 282.5806 282.7127 281.5958 279.0727 277.9807 277.8703 278.1039 274.0762 272.0864 272.8341 275.4735 270.3430 269.0816 269.2732 270.2563  31141.9
1975 2.7802518E-08 3.2207844E-08 4.1112752E-08 5.0118512E-08 2.4522773E-08 2.9796009E-08 3.4097525E-08 3.3846625E-08 1.8741032E-08 2.3104263E-08 2.5202185E-08 2.4871833E-08 1.4700843E-08 1.8837969E-08 2.2287823E-08 2.4580219E-08  280.2068 280.0557 279.8996 278.6237 277.0385 275.5477 275.4118 275.7623 272.6152 270.6266 270.9476 275.4735 269.8159 268.3363 268.2163 269.1792  20729
1976 2.7083221E-08 3.4108510E-08 4.2847521E-08 4.8975600E-08 2.5927081E-08 3.6480220E-08 4.6707108E-08 4.6402619E-08 2.4523562E-08 3.3712269E-08 3.9092530E-08 3.7727443E-08 2.1666620E-08 2.7728516E-08 3.1171442E-08 3.3089297E-08  282.1370 281.9776 281.7802 280.5443 278.6208 277.2168 276.8606 277.2388 272.9731 270.6891 271.5712 275.4732 269.2697 268.3839 268.7422 269.8872  25354.8
1977 3.0315597E-08 3.4456409E-08 3.9250075E-08 4.3625846E-08 3.1189167E-08 3.4328785E-08 3.6841836E-08 3.4996610E-08 2.5241544E-08 2.9105156E-08 2.9750018E-08 2.7409062E-08 1.9705748E-08 2.2053037E-08 2.3289548E-08 2.3218254E-08  282.3944 281.9955 281.5380 280.1835 279.7593 278.1376 277.6775 277.7576 274.7643 272.7497 273.3513 275.4735 271.8572 270.5503 270.5902 271.3274  11651.6
1978 2.3530983E-08 2.8068200E-08 3.4854477E-08 4.0879044E-08 1.8178087E-08 2.3991957E-08 3.0076020E-08 2.9753977E-08 1.5881305E-08 2.1723702E-08 2.5108806E-08 2.3496538E-08 1.2575619E-08 1.6352793E-08 2.0286839E-08 2.3072872E-08  282.5049 281.9682 281.3784 279.8913 280.1150 278.2757 277.6841 277.6339 275.6406 272.8744 273.1876 275.4735 272.6741 270.8863 270.5134 271.2281  29709.7
1979 2.8709941E-08 3.5436443E-08 4.4023576E-08 4.9953584E-08 2.1388356E-08 2.8304145E-08 3.4377056E-08 3.5756340E-08 1.6535957E-08 2.1746612E-08 2.4455147E-08 2.3676234E-08 1.4794471E-08 1.7893594E-08 1.9861810E-08 2.1287768E-08  281.7938 281.2632 280.7272 279.2684 279.1671 277.1853 276.5005 276.6104 274.5491 271.9882 272.3560 275.4735 271.5197 269.6647 269.5591 270.3997  17745.2
1980 2.6689165E-08 3.2478471E-08 4.1183224E-08 4.6828095E-08 2.2238645E-08 2.8904271E-08 3.6183256E-08 3.8162089E-08 1.6662213E-08 2.1940590E-08 2.5749443E-08 2.6254920E-08 1.7021971E-08 2.1097419E-08 2.4146699E-08 2.5966369E-08  282.1446 281.7175 281.2724 279.9175 279.2184 277.3451 276.7682 277.0032 274.9069 272.3245 272.5598 275.4732 271.7043 270.1131 270.0467 270.8642  28564.5
1981 2.3918876E-08 2.9165680E-08 3.5772619E-08 4.1199613E-08 2.1724517E-08 2.6641780E-08 3.0718638E-08 3.0071035E-08 1.9609480E-08 2.3883297E-08 2.6108649E-08 2.3658076E-08 1.7460167E-08 2.1848081E-08 2.4202741E-08 2.4610504E-08  282.7057 282.3157 281.8048 280.4950 280.4236 278.8208 277.9407 277.7786 276.2396 273.6963 273.5738 275.4735 273.0550 270.9807 270.5308 271.2031  20461.3
1982 2.7945655E-08 3.7208583E-08 4.9125070E-08 5.6324662E-08 2.3733191E-08 3.2401836E-08 4.2586706E-08 4.4414215E-08 2.1840656E-08 2.8406038E-08 3.2049314E-08 3.1877008E-08 1.9375554E-08 2.5035314E-08 2.8333970E-08 3.0179134E-08  280.7425 280.6506 280.6616 279.5888 277.9651 276.5125 276.1700 276.6316 273.2026 271.0118 271.5348 275.4736 270.0181 268.6640 268.6492 269.6816  20461.3
1983 4.3583892E-08 4.8418816E-08 5.3429321E-08 5.4865335E-08 3.0462456E-08 3.6265810E-08 4.0941107E-08 3.8314937E-08 2.1485679E-08 2.4480286E-08 2.6290627E-08 2.5820331E-08 1.6793839E-08 1.9993475E-08 2.2136113E-08 2.2821514E-08  279.5101 279.4167 279.1628 278.0744 276.8987 275.2306 275.4111 276.1175 272.0951 270.5215 271.6660 275.4807 270.4037 269.3640 269.7793 270.8294  45648.4
1984 2.8592998E-08 3.6972672E-08 5.0172016E-08 5.8145638E-08 2.5378782E-08 3.6104645E-08 4.7385075E-08 4.8615622E-08 2.3043649E-08 3.1033036E-08 3.5574217E-08 3.4520124E-08 2.0240988E-08 2.6602883E-08 3.1251012E-08 3.4252736E-08  283.3847 283.4716 283.5489 282.4128 280.1749 279.0959 279.0116 279.4290 274.9810 272.9576 273.8896 275.3836 271.4795 270.1444 270.3196 271.4983  36454.8
1985 2.7012009E-08 3.4513207E-08 4.6668777E-08 5.5738383E-08 2.4843077E-08 3.5083008E-08 4.5578261E-08 4.6717805E-08 2.2532030E-08 3.2284994E-08 3.8013468E-08 3.6160131E-08 2.1795163E-08 2.7648511E-08 3.1110247E-08 3.1921488E-08  282.4459 282.3623 282.2382 280.9188 278.9575 277.6705 277.3957 277.5311 273.7344 271.3507 272.1018 275.3537 269.4564 268.2480 268.4735 269.6175  37658.1
1986 2.9216951E-08 3.5434720E-08 4.5444487E-08 5.4767472E-08 2.7363440E-08 3.5914034E-08 4.1483343E-08 4.0561194E-08 2.2194273E-08 2.7632073E-08 2.9920944E-08 2.8773941E-08 1.8635280E-08 2.3596671E-08 2.5317339E-08 2.6385308E-08  280.9242 280.7522 280.5152 279.2249 277.5987 276.0651 275.9750 276.4334 273.1937 271.1714 271.6411 275.3932 270.6324 269.1144 269.1491 270.0749  35580.6
1987 2.8274977E-08 3.5040749E-08 4.3293664E-08 4.7980386E-08 2.2701379E-08 2.8138439E-08 3.3178939E-08 3.3769478E-08 2.0837051E-08 2.5468520E-08 2.7907394E-08 2.6220244E-08 1.6964499E-08 2.1125638E-08 2.3885722E-08 2.6099251E-08  282.2565 281.9411 281.4839 280.0654 280.1529 278.6609 278.0569 277.8941 276.3800 274.2282 274.2824 275.2044 273.6454 271.7687 271.2259 271.5226  42938.7
1988 3.3274684E-08 4.0365133E-08 5.2313769E-08 5.8153912E-08 2.8443971E-08 3.5205758E-08 4.2287041E-08 4.1421387E-08 2.2045739E-08 2.7241638E-08 2.9544552E-08 2.8065067E-08 1.6112613E-08 2.0289596E-08 2.3394561E-08 2.4747163E-08  282.2098 281.9784 281.6758 280.4625 279.6952 278.4615 278.0827 278.1662 275.7982 273.7673 274.2218 275.5303 273.3237 271.4876 271.3064 271.9630  23483.9
1989 2.5510758E-08 3.3248888E-08 4.2587303E-08 5.1662589E-08 2.1335392E-08 3.1877672E-08 4.4156735E-08 4.6446587E-08 2.0801812E-08 3.0773762E-08 3.7941174E-08 3.6725385E-08 1.8894999E-08 2.5561144E-08 2.9565376E-08 3.1013229E-08  282.7404 282.7773 282.7849 281.8442 279.5832 278.3449 277.9280 278.1978 274.1974 272.1229 272.6722 275.3139 270.3424 268.9610 269.1773 270.1635  22474.2
1990 2.9964038E-08 3.6808281E-08 4.5146436E-08 5.1346824E-08 2.3289859E-08 3.1512208E-08 3.8826489E-08 3.7914386E-08 1.8772811E-08 2.4858103E-08 2.8901095E-08 2.7186600E-08 1.5834443E-08 2.0332784E-08 2.3639222E-08 2.5840972E-08  281.2488 281.1302 281.1444 280.1268 278.4684 277.1126 276.7456 276.9696 273.9148 271.5807 272.0077 275.2133 270.6925 268.8232 268.8311 269.9214  19725.8
1991 3.2712169E-08 3.9659618E-08 4.8443397E-08 5.2041361E-08 2.9160633E-08 3.5613173E-08 3.9637825E-08 3.7423504E-08 2.2826333E-08 2.8592412E-08 2.9577475E-08 2.6145177E-08 1.9000636E-08 2.3178515E-08 2.5667507E-08 2.5748673E-08  281.7668 281.4994 281.2522 279.8932 279.2118 277.6672 277.2692 277.3414 274.8357 272.8930 273.1180 275.6226 272.0132 270.3998 270.1617 271.1100  22345.2
1992 2.9245344E-08 3.5153132E-08 4.3362952E-08 4.9145832E-08 2.4869838E-08 2.9836958E-08 3.4675608E-08 3.4797388E-08 1.8706135E-08 2.4176613E-08 2.6518993E-08 2.4713430E-08 1.3625274E-08 1.8434797E-08 2.1630727E-08 2.3567917E-08  281.2038 280.9296 280.6526 279.5506 279.1927 277.6796 277.2714 277.4283 275.4336 273.0936 273.4784 275.2365 272.8718 271.1386 270.9348 271.4873  48071
1993 2.9810380E-08 3.4914976E-08 4.5129450E-08 5.2630721E-08 2.5268353E-08 3.2435313E-08 3.9435985E-08 3.8980183E-08 1.9291843E-08 2.4796959E-08 2.6800237E-08 2.4705903E-08 1.5828416E-08 2.0153511E-08 2.1730548E-08 2.2915165E-08  281.0760 280.7333 280.3909 279.2478 278.2990 276.5845 276.2234 276.5847 274.0210 271.7035 272.2403 275.3978 271.4733 269.9423 269.8691 270.7130  38090.3
1994 3.1189202E-08 3.5563566E-08 4.1899320E-08 4.8112533E-08 2.2649703E-08 2.8059153E-08 3.4112254E-08 3.4615582E-08 1.9247722E-08 2.4693259E-08 2.7225081E-08 2.6396643E-08 1.7380824E-08 2.1320568E-08 2.3765123E-08 2.5427868E-08  281.4577 281.2197 280.8168 279.3913 279.4145 277.6760 277.0855 277.1077 275.3354 272.7004 273.0138 275.1656 272.1333 270.2468 270.3606 271.1765  37677.4
1995 3.0915558E-08 3.7771830E-08 4.6534218E-08 5.1870188E-08 2.2327612E-08 2.8541182E-08 3.5956553E-08 3.5785245E-08 1.7070352E-08 2.2208431E-08 2.6054686E-08 2.5048262E-08 1.5036601E-08 1.9833783E-08 2.2858272E-08 2.3432719E-08  281.7767 281.4251 281.0286 279.6483 279.7174 277.9432 277.2984 277.3725 275.9254 273.8183 273.9280 275.7566 273.0005 271.3560 271.3429 271.9240  36187.1
1996 2.8725784E-08 3.5735454E-08 4.5031353E-08 5.3746852E-08 2.2321608E-08 3.1249595E-08 3.9276003E-08 4.0168992E-08 1.9501996E-08 2.7157844E-08 3.1097798E-08 2.9088637E-08 1.8081277E-08 2.3459785E-08 2.6207157E-08 2.7008383E-08  281.4326 281.3633 281.1751 279.9008 278.1725 276.6697 276.3750 276.6981 273.4575 271.0330 271.5784 275.0742 270.4303 268.9494 268.8668 269.9981  36935.5
1997 2.6489797E-08 3.2659109E-08 4.4257987E-08 5.2867865E-08 2.5843894E-08 3.3444493E-08 4.2402725E-08 4.3542169E-08 2.2524755E-08 3.0337684E-08 3.4434844E-08 3.3716105E-08 1.9601307E-08 2.4487498E-08 2.7764655E-08 2.9742782E-08  282.5117 282.2697 282.0519 280.7413 279.7215 278.1881 277.7173 277.7334 274.8661 272.1687 272.4996 275.2967 271.3647 269.4613 269.3106 270.2130  41774.2
1998 3.8263416E-08 4.4829275E-08 5.2805770E-08 5.7490116E-08 2.9102104E-08 3.5887918E-08 4.0904798E-08 4.0581767E-08 2.3187157E-08 2.6856684E-08 2.8293119E-08 2.6217231E-08 1.7664886E-08 2.2540949E-08 2.5226148E-08 2.6902542E-08  279.4169 279.4658 279.5218 278.6767 276.9604 275.3664 275.8779 276.7154 272.8443 271.4435 272.6904 275.6165 270.6692 269.9228 270.5188 271.7006  31296.8
1999 2.4452905E-08 3.2430229E-08 4.4729614E-08 5.7509503E-08 2.1315488E-08 3.3037281E-08 4.5044317E-08 4.7793542E-08 2.3359387E-08 3.3503312E-08 3.9652026E-08 3.8397086E-08 2.2657314E-08 2.9490057E-08 3.4191245E-08 3.5802930E-08  283.8318 283.8317 283.7077 282.4435 279.7763 278.6229 278.6124 278.8124 273.2350 271.8032 272.6424 275.8610 269.6408 268.6902 269.0334 270.1884  34483.9
2000 2.6126147E-08 3.3593476E-08 4.4332143E-08 5.6133548E-08 2.2175220E-08 3.1024900E-08 4.2594433E-08 4.5725169E-08 2.2041213E-08 2.9923754E-08 3.5344620E-08 3.4672730E-08 2.3084095E-08 2.9375585E-08 3.3387817E-08 3.4899131E-08  283.4014 283.5174 283.6556 282.5810 279.8958 278.8108 278.7030 278.8525 274.5269 272.6914 273.2253 276.0023 270.6729 269.3304 269.4855 270.4898  29716.1
2001 2.8341866E-08 3.4513899E-08 4.5740425E-08 5.2014904E-08 2.4707989E-08 3.4543127E-08 4.2733490E-08 4.2544443E-08 2.1713824E-08 3.0678120E-08 3.5542207E-08 3.3883232E-08 2.0721400E-08 2.6275526E-08 2.9169868E-08 3.0319782E-08  282.6653 282.4879 282.4213 281.2165 279.4925 278.1382 277.8689 278.0605 274.3498 272.5204 272.9362 275.4204 270.5964 269.3661 269.5222 270.5751  30580.6
2002 2.5694275E-08 3.1601328E-08 4.1806700E-08 4.9375739E-08 2.1391513E-08 2.9006758E-08 3.6682302E-08 3.7387476E-08 1.7494610E-08 2.3755952E-08 2.6622285E-08 2.5390031E-08 1.6061824E-08 2.0692738E-08 2.3714946E-08 2.5037325E-08  282.4396 282.1877 282.0377 280.7674 279.5093 278.0500 277.6696 277.8326 275.0950 273.0520 273.2242 276.1427 272.1158 270.3487 270.2321 270.9304  29471
2003 3.4218665E-08 3.8529276E-08 4.4317211E-08 4.5956906E-08 2.7964601E-08 3.3199679E-08 3.8253283E-08 3.6669050E-08 2.2340304E-08 2.8551497E-08 3.1979052E-08 2.9637144E-08 1.7889215E-08 2.2491319E-08 2.7142917E-08 2.8959381E-08  282.1380 282.0822 281.9035 280.8078 280.3170 278.9505 278.6953 278.8879 276.6493 274.6234 275.0911 275.5253 274.0160 272.4223 272.1665 272.6856  28209.7
2004 2.6964294E-08 3.2742161E-08 4.1023334E-08 4.6882828E-08 2.2746866E-08 2.9384548E-08 3.4475324E-08 3.5276027E-08 2.0632033E-08 2.6648342E-08 3.0498931E-08 2.8393796E-08 1.9389354E-08 2.3977336E-08 2.6480706E-08 2.7008898E-08  283.0955 282.6531 282.2738 280.8304 280.7771 279.2765 278.7248 278.4827 276.4296 274.4202 274.5670 275.5362 273.2922 271.7121 271.4433 271.9694  16396.8
2005 2.8010065E-08 3.0073185E-08 3.5338143E-08 4.0986329E-08 2.6039077E-08 3.0853268E-08 3.4510187E-08 3.3207979E-08 1.9310312E-08 2.5745392E-08 2.8643546E-08 2.5694684E-08 1.4763253E-08 1.9815021E-08 2.3277504E-08 2.4226036E-08  282.7874 282.4073 281.9417 280.6179 280.2949 278.5824 278.0238 278.0508 275.6457 273.4301 273.7887 275.8801 272.9167 270.9969 270.6830 271.3302  33345.2
2006 2.7367232E-08 3.2974608E-08 4.2108436E-08 4.8394192E-08 2.4700306E-08 3.1748996E-08 3.9664243E-08 4.1886452E-08 1.8968311E-08 2.5071341E-08 2.9697862E-08 2.9288763E-08 1.4434764E-08 1.8900444E-08 2.2565239E-08 2.4323853E-08  282.6621 282.4747 282.1833 280.7812 279.9692 278.5883 277.9744 277.8104 275.6565 273.5445 273.6298 275.1839 272.8399 270.9361 270.4874 271.1187  41877.4
2007 2.8569595E-08 3.1095809E-08 3.6408974E-08 4.0421668E-08 2.2948399E-08 2.8463294E-08 3.4249343E-08 3.4102317E-08 1.8553392E-08 2.3450218E-08 2.6539301E-08 2.5684137E-08 1.4848518E-08 1.8386736E-08 2.1233655E-08 2.3398631E-08  281.4612 281.3034 281.0014 279.7595 279.2556 277.7447 277.2600 277.3871 275.0522 273.0384 273.3598 275.5847 272.2573 270.6651 270.6016 271.1227  30300
2008 2.8865568E-08 4.0033733E-08 5.1592441E-08 5.8341413E-08 2.3935408E-08 3.5054509E-08 4.6385001E-08 4.7013394E-08 2.2353985E-08 3.0270925E-08 3.5575390E-08 3.4433612E-08 2.2687299E-08 2.7544941E-08 3.0733464E-08 3.2470755E-08  282.5173 282.4610 282.4440 281.2310 278.9247 277.7154 277.5545 277.7014 273.7853 271.6126 272.3505 275.5239 269.9804 268.8591 269.0657 270.2105  35290.3
2009 2.8005273E-08 3.4707288E-08 4.4776687E-08 5.3046701E-08 2.5011712E-08 3.4031210E-08 4.2540414E-08 4.3087695E-08 2.0137403E-08 2.8013671E-08 3.2485580E-08 3.0422196E-08 1.8549102E-08 2.4609784E-08 2.8275963E-08 2.8695803E-08  282.8778 282.8332 282.8255 281.6969 280.0682 278.5921 278.2032 278.2995 275.2677 272.9795 273.3082 275.5126 271.6939 270.1044 270.1330 271.0977  29474.2
2010 3.1964692E-08 3.4831054E-08 4.1118490E-08 4.4418194E-08 2.5754783E-08 3.1462097E-08 3.5970299E-08 3.3820427E-08 2.3421974E-08 2.9128662E-08 2.9899045E-08 2.6229012E-08 2.0293175E-08 2.5274796E-08 2.6897093E-08 2.6548481E-08  0.0000000E+00 0.0000000E+00 0.0000000E+00 0.0000000E+00 0.0000000E+00 0.0000000E+00 0.0000000E+00 0.0000000E+00 0.0000000E+00 0.0000000E+00 0.0000000E+00 0.0000000E+00 0.0000000E+00 0.0000000E+00 0.0000000E+00 0.0000000E+00  29925.8
2011 2.4755627E-08 3.1152656E-08 4.0261394E-08 5.0645031E-08 2.3775465E-08 3.3294860E-08 4.2993779E-08 4.4184471E-08 2.1639941E-08 3.0311494E-08 3.6289396E-08 3.5591530E-08 1.9235456E-08 2.5367296E-08 2.9410158E-08 3.1292238E-08  282.7045 283.0135 283.3211 282.3392 278.9828 278.2362 278.1835 278.5733 273.6545 272.0713 272.8412 275.8123 270.1889 269.1238 269.3891 270.5168  50793.5
2012 2.9747156E-08 3.8941476E-08 5.4041340E-08 6.4691022E-08 2.5132344E-08 3.5595804E-08 4.7019029E-08 5.0156725E-08 2.2108068E-08 3.0601527E-08 3.5667416E-08 3.3770384E-08 2.0708862E-08 2.7100072E-08 3.0203068E-08 3.1655745E-08  281.8715 282.0493 282.2557 281.4018 278.4515 277.2629 277.1352 277.5317 273.1777 271.3839 272.1481 275.9202 269.4444 268.3132 268.6685 269.9860  26487.1
2013 3.0383433E-08 3.8005808E-08 4.8596323E-08 5.5289625E-08 2.3995160E-08 3.1176651E-08 4.0060723E-08 4.1022982E-08 1.6880296E-08 2.2464096E-08 2.6913686E-08 2.7883422E-08 1.5401852E-08 1.9940273E-08 2.3345466E-08 2.5768655E-08  282.3967 282.0809 281.8286 280.7236 279.5444 278.1998 277.9000 278.0370 275.0489 273.1059 273.5008 276.1770 272.0684 270.4286 270.3071 271.0261  18687.1
2014 2.5257838E-08 3.1639036E-08 3.9229239E-08 4.3532708E-08 1.9564769E-08 2.6330575E-08 3.2910208E-08 3.2873547E-08 1.8327119E-08 2.5000311E-08 2.8889573E-08 2.7186299E-08 1.7065506E-08 2.3843205E-08 2.7743095E-08 2.8352972E-08  282.9349 282.4780 282.0854 280.7333 280.2795 278.5643 278.0491 278.1382 275.9478 273.4487 273.3602 275.3596 272.7625 270.8152 270.3833 270.9692  25641.9
2015 2.3976316E-08 2.9671703E-08 3.7116596E-08 4.1241879E-08 2.2769811E-08 2.8355283E-08 3.3590975E-08 3.2597104E-08 1.7869510E-08 2.2648923E-08 2.5158567E-08 2.3115026E-08 1.5743499E-08 1.9532701E-08 2.1687205E-08 2.1940133E-08  282.2091 281.8263 281.4243 280.0380 279.7757 278.0979 277.6214 277.6356 275.5677 273.5214 274.0105 275.5001 272.7069 271.2596 271.1185 271.8760  34154.8
