STN,prec_1,prec_2,prec_3,prec_4,prec_5,prec_6,prec_7,prec_8,prec_9,prec_10,prec_11,prec_12,prec_13,prec_14,prec_15,prec_16,st_1,st_2,st_3,st_4,st_5,st_6,st_7,st_8,st_9,st_10,st_11,st_12,st_13,st_14,st_15,st_16,09.0
LAT,37.67308,37.67308,37.67308,37.67308,40.46365,40.46365,40.46365,40.46365,43.25420,43.25420,43.25420,43.25420,46.04472,46.04472,46.04472,46.04472,37.67308,37.67308,37.67308,37.67308,40.46365,40.46365,40.46365,40.46365,43.25420,43.25420,43.25420,43.25420,46.04472,46.04472,46.04472,46.04472,41.78058635
LON,-95.62500,-92.81250,-90.00000,-87.18750,-95.62500,-92.81250,-90.00000,-87.18750,-95.62500,-92.81250,-90.00000,-87.18750,-95.62500,-92.81250,-90.00000,-87.18750,-95.62500,-92.81250,-90.00000,-87.18750,-95.62500,-92.81250,-90.00000,-87.18750,-95.62500,-92.81250,-90.00000,-87.18750,-95.62500,-92.81250,-90.00000,-87.18750,-90.252073
1958 1.6121026E-08 2.0797925E-08 2.8563008E-08 3.8085496E-08 1.3900693E-08 2.0487329E-08 2.6147818E-08 2.8543406E-08 1.5168848E-08 2.0136726E-08 2.1705267E-08 2.9894387E-08 1.6733216E-08 1.9806709E-08 2.0857268E-08 2.3785180E-08  271.9944 272.0588 272.6828 272.3209 268.4368 267.4911 268.2262 269.5872 264.1289 263.3771 264.7705 276.4980 262.3306 261.9810 262.9721 264.9922  23180
1959 1.9108906E-08 2.5265278E-08 3.5065064E-08 4.4129848E-08 1.5833724E-08 2.2926809E-08 2.9835579E-08 3.2840308E-08 1.6419671E-08 2.1708162E-08 2.4167345E-08 3.2877050E-08 1.5123398E-08 1.8695728E-08 2.0630173E-08 2.3835479E-08  271.6714 271.7255 272.4893 272.4607 268.3184 267.3401 268.1671 269.6757 263.9085 263.0716 264.6400 276.5000 262.3427 261.8689 262.8280 264.8726  40443.3
1960 1.7821993E-08 2.4258108E-08 3.4273373E-08 4.2061259E-08 1.3782825E-08 2.0794868E-08 2.8951661E-08 3.2056661E-08 1.3939450E-08 1.8654184E-08 2.1680279E-08 2.8961070E-08 1.5725792E-08 1.8907116E-08 2.0923245E-08 2.4487594E-08  274.1826 274.0910 274.5367 274.0622 270.8651 269.6055 270.1026 271.3043 266.5744 265.4616 266.5007 276.4981 264.7780 264.0158 264.7242 266.4431  37863.3
1961 1.8280733E-08 2.3942693E-08 3.4250284E-08 4.4563606E-08 1.6251867E-08 2.2051076E-08 2.9290439E-08 3.4557605E-08 1.8170237E-08 2.2589397E-08 2.3792941E-08 3.0964703E-08 1.7848761E-08 2.0980689E-08 2.2333984E-08 2.4937936E-08  273.3762 273.3846 273.8516 273.5134 269.5969 268.6844 269.4942 270.8627 265.0456 264.3896 265.9734 276.4981 263.0620 262.7565 263.7992 265.7597  25933.3
1962 2.0965157E-08 2.7155979E-08 3.6065774E-08 4.4797162E-08 1.5720735E-08 2.3214392E-08 3.0103610E-08 3.2629767E-08 1.5084209E-08 2.0421679E-08 2.2603189E-08 3.0290831E-08 1.5392201E-08 1.8705268E-08 2.0065768E-08 2.3088980E-08  272.2276 272.4250 273.1903 273.1212 268.7222 267.8173 268.7013 270.1982 264.2913 263.5912 265.0847 276.4981 262.7199 262.3238 263.2820 265.2661  53673.3
1963 1.9401739E-08 2.6296176E-08 3.3855038E-08 4.3025192E-08 1.4130516E-08 2.2687539E-08 2.9400683E-08 3.0032172E-08 1.3835286E-08 2.0099780E-08 2.4523313E-08 3.2249933E-08 1.4704092E-08 1.7653221E-08 2.0045599E-08 2.4853323E-08  271.7638 271.8907 272.6296 272.6669 268.8283 267.8936 268.6747 270.1893 265.0388 264.1133 265.5171 276.5000 263.4319 262.9438 263.8103 265.7543  20690
1964 1.6987256E-08 2.0888697E-08 2.6871797E-08 3.4364991E-08 1.4412771E-08 2.1353330E-08 2.7792442E-08 2.9825163E-08 1.4922184E-08 2.0558286E-08 2.3139046E-08 3.2454782E-08 1.4874498E-08 1.7489764E-08 1.8523979E-08 2.1239684E-08  272.4914 272.4740 272.8604 272.3661 268.7629 267.4610 268.0111 269.4301 264.3378 263.2405 264.5037 276.4981 262.3422 261.6682 262.6421 264.6623  36580
1965 1.8096591E-08 2.2769955E-08 3.0010582E-08 3.6555019E-08 1.5481033E-08 2.0214946E-08 2.5479773E-08 2.7951906E-08 1.5073091E-08 1.8795484E-08 2.0917581E-08 2.9491966E-08 1.4973608E-08 1.6597689E-08 1.7597170E-08 2.1665837E-08  273.2339 273.1599 273.5109 272.8877 269.8992 268.7366 269.2643 270.5649 265.5343 264.6252 265.8106 276.4980 263.8814 263.3230 264.0870 265.9583  50870
1966 2.1329665E-08 2.9504864E-08 4.1381618E-08 5.0797119E-08 1.7209278E-08 2.5105038E-08 3.2905550E-08 3.6639221E-08 1.7009262E-08 2.2315369E-08 2.4428530E-08 3.1852448E-08 1.7068929E-08 1.9430646E-08 2.0976746E-08 2.4993840E-08  272.0780 272.1869 272.9365 272.8790 268.6999 267.7683 268.6499 270.2769 264.5530 264.0301 265.4741 276.4980 263.1132 262.8402 263.8772 265.8230  24730
1967 1.7254496E-08 2.2156863E-08 2.8454458E-08 3.4778704E-08 1.3234788E-08 1.9926373E-08 2.6427795E-08 2.7796162E-08 1.4252735E-08 1.8935003E-08 2.1266775E-08 2.8169687E-08 1.4883869E-08 1.7547986E-08 1.8881421E-08 2.2572033E-08  273.3507 273.3887 273.7998 273.3652 269.9325 268.8363 269.3569 270.6086 265.5141 264.7351 266.0011 276.5000 263.8542 263.3853 264.3051 266.1886  24046.7
1968 2.1184251E-08 2.7210845E-08 3.4419084E-08 4.0091191E-08 1.5995584E-08 2.2936577E-08 2.9692268E-08 3.1333808E-08 1.4181693E-08 1.8375038E-08 2.1376389E-08 2.9954283E-08 1.4194977E-08 1.6154432E-08 1.7539991E-08 2.1028097E-08  272.9202 272.9597 273.4592 273.0514 269.1584 268.3158 269.3051 270.7458 264.6717 263.8781 265.3732 276.4981 262.9000 262.4677 263.4272 265.4245  42893.3
1969 2.0260549E-08 2.6229205E-08 3.4569258E-08 4.2973735E-08 1.5463595E-08 2.2306672E-08 2.9420782E-08 3.2467867E-08 1.5109341E-08 1.9936195E-08 2.2363936E-08 2.9789341E-08 1.5393354E-08 1.7695237E-08 1.9515593E-08 2.3590220E-08  272.9627 273.0761 273.6353 273.2999 269.9036 268.8340 269.5427 270.8764 265.6339 264.9303 266.1881 276.4981 263.8425 263.3975 264.3402 266.2661  23063.3
1970 1.6360609E-08 2.1219794E-08 2.8728653E-08 3.5953850E-08 1.3267616E-08 1.9696200E-08 2.6459519E-08 2.9627675E-08 1.4680198E-08 2.0505752E-08 2.3993199E-08 3.0735251E-08 1.5276582E-08 1.8812338E-08 2.1122693E-08 2.4925207E-08  274.1763 274.2882 274.7649 274.2936 270.7298 269.8915 270.5620 271.6421 266.2332 265.4996 266.7575 276.4981 264.4119 263.8663 264.6581 266.3550  26683.3
1971 1.8845013E-08 2.3135547E-08 2.9562155E-08 3.7358063E-08 1.4796833E-08 2.0957657E-08 2.6449674E-08 2.9034828E-08 1.5074118E-08 1.9871687E-08 2.1706322E-08 2.9574243E-08 1.6004467E-08 1.8829716E-08 1.9660680E-08 2.2739441E-08  273.8417 273.7762 274.2794 273.8044 270.3751 269.1705 269.6479 270.9650 265.8547 264.8394 265.9154 276.5000 263.9968 263.3831 264.1591 266.0189  23870
1972 2.0820517E-08 2.5583281E-08 3.3218154E-08 4.0604142E-08 1.8126654E-08 2.4749534E-08 3.0372870E-08 3.2161211E-08 1.8580950E-08 2.3507582E-08 2.5137142E-08 3.1572114E-08 1.7493658E-08 2.0379726E-08 2.2363963E-08 2.5697837E-08  273.2617 273.2655 273.7792 273.3541 269.5577 268.7169 269.5189 270.8041 264.9475 264.2698 265.6993 276.4981 263.0777 262.7555 263.7860 265.7542  61133.3
1973 1.6819682E-08 2.3170333E-08 3.0320130E-08 3.7260090E-08 1.3655376E-08 2.1093806E-08 2.7875339E-08 3.0226367E-08 1.2655933E-08 1.7883561E-08 2.1467857E-08 3.0206269E-08 1.4789003E-08 1.7815250E-08 1.9042188E-08 2.3382619E-08  273.6685 273.6755 274.2054 273.8948 269.8500 268.6613 269.2621 270.5920 265.2677 264.3358 265.5317 276.4980 263.3996 262.8147 263.5810 265.3212  34996.7
1974 2.1424933E-08 2.5411092E-08 3.1929591E-08 3.8841399E-08 1.7380207E-08 2.3320601E-08 2.8632856E-08 3.1005950E-08 1.6805807E-08 2.1339702E-08 2.2221943E-08 3.1274045E-08 1.6614937E-08 1.9188416E-08 2.0423739E-08 2.4001602E-08  271.9262 271.8826 272.2876 271.8890 268.5886 267.5723 268.1759 269.4136 264.4749 263.4677 264.6714 276.4981 262.7571 262.1595 263.0201 265.0740  25636.7
1975 1.9643069E-08 2.6223766E-08 3.4138953E-08 3.9480543E-08 1.5332557E-08 2.4529184E-08 3.1807925E-08 3.3301667E-08 1.5384378E-08 2.1570518E-08 2.4655295E-08 3.3477569E-08 1.5856111E-08 1.9163547E-08 2.1079899E-08 2.5285031E-08  273.4641 273.0496 273.3033 272.8175 269.6755 268.1700 268.6673 269.9190 265.1995 263.9793 265.1000 276.5000 263.2861 262.6226 263.3927 265.3056  34656.7
1976 2.1607606E-08 2.7720860E-08 3.5887481E-08 4.3388972E-08 1.8349843E-08 2.5384152E-08 3.2191473E-08 3.4985700E-08 1.6801284E-08 2.1464377E-08 2.3581588E-08 3.1417503E-08 1.6051636E-08 1.9320380E-08 2.1669146E-08 2.5577991E-08  273.0048 272.9389 273.4489 273.1662 269.4091 268.3206 269.1223 270.6136 264.9672 264.1815 265.6767 276.4981 263.1631 262.8187 263.8698 265.9189  15936.7
1977 2.1459620E-08 2.6577473E-08 3.6034525E-08 4.5683418E-08 1.8233560E-08 2.6550705E-08 3.4950514E-08 3.7301835E-08 1.7262673E-08 2.2455216E-08 2.5145185E-08 3.3356326E-08 1.6395330E-08 1.9347446E-08 2.0737145E-08 2.4906143E-08  272.3869 272.4704 273.1666 272.8726 268.8008 267.6983 268.3725 269.8686 264.5315 263.6242 265.0747 276.4981 262.7396 262.2321 263.2885 265.4029  31176.7
1978 1.7171820E-08 2.2031864E-08 2.8485951E-08 3.6097671E-08 1.3866133E-08 2.0523872E-08 2.6786596E-08 2.8804761E-08 1.5757678E-08 2.0393433E-08 2.2586590E-08 3.2183078E-08 1.5618483E-08 1.7900948E-08 1.9039144E-08 2.3068688E-08  272.2758 272.3008 272.8836 272.5269 268.3803 267.4453 268.1938 269.6943 263.9406 263.1076 264.4195 276.4981 262.2192 261.6754 262.6630 264.7506  60113.3
1979 2.0763810E-08 2.6382727E-08 3.5758493E-08 4.3545555E-08 1.7805242E-08 2.4011850E-08 3.1664772E-08 3.4743067E-08 1.8219215E-08 2.2181940E-08 2.4336961E-08 3.2600706E-08 1.7665236E-08 2.0526963E-08 2.2032664E-08 2.5217677E-08  272.1788 272.0771 272.7714 272.6693 268.7203 267.6495 268.5694 270.1512 264.4037 263.7027 265.3185 276.5000 262.8011 262.5457 263.6736 265.6797  51890
1980 2.2072253E-08 2.7918531E-08 3.5217258E-08 4.0866748E-08 1.5824748E-08 2.2782158E-08 2.9890753E-08 3.3233295E-08 1.5941309E-08 2.1714541E-08 2.4148022E-08 3.0864701E-08 1.5184927E-08 1.9335234E-08 2.1653440E-08 2.5211431E-08  273.0538 273.1901 273.7833 273.4990 270.0707 268.8392 269.4591 270.7345 265.9389 264.8709 266.0724 276.4981 264.1046 263.4789 264.2183 265.9393  72333.3
1981 1.8895525E-08 2.5001986E-08 3.4459472E-08 4.1655550E-08 1.6117644E-08 2.3412754E-08 3.1486298E-08 3.4530608E-08 1.5715743E-08 2.0888420E-08 2.4473273E-08 3.2458953E-08 1.6613564E-08 1.9509358E-08 2.1282215E-08 2.4896453E-08  272.9853 272.9420 273.5631 273.3214 269.3874 268.3244 269.1157 270.5197 265.1590 264.3584 265.6415 276.4981 263.4173 262.8265 263.7315 265.7273  47226.7
1982 2.2649083E-08 2.7003557E-08 3.3706669E-08 4.0959424E-08 1.7107984E-08 2.2256986E-08 2.7150110E-08 2.9866769E-08 1.6887601E-08 1.9992200E-08 2.1370175E-08 2.8155419E-08 1.6389258E-08 1.8270724E-08 1.9271861E-08 2.2100876E-08  272.5856 272.6500 273.2050 272.9585 269.4395 268.5342 269.3069 270.6130 265.6862 265.0238 266.3790 276.2511 264.2173 263.8601 264.6638 266.3290  39233.3
1983 2.5787751E-08 3.2423070E-08 3.9068091E-08 4.4950227E-08 1.7997383E-08 2.7392174E-08 3.5872077E-08 3.6711757E-08 1.6482293E-08 2.2901576E-08 2.6676895E-08 3.4791125E-08 1.8181014E-08 2.1479352E-08 2.3395877E-08 2.8150023E-08  273.0945 273.3237 274.0130 273.7690 269.8466 269.1148 270.0007 271.4308 266.0406 265.2208 266.5830 277.0294 264.3486 263.8357 264.6666 266.5130  44896.7
1984 1.5749015E-08 2.1229109E-08 3.0347842E-08 4.0725951E-08 1.2901356E-08 1.9626661E-08 2.7369001E-08 3.1299265E-08 1.4182340E-08 1.9507221E-08 2.2078746E-08 3.0234798E-08 1.6784512E-08 1.9428287E-08 2.0161908E-08 2.3422238E-08  273.3801 273.2052 273.6171 273.2172 270.0944 268.7654 269.2870 270.5905 265.9675 264.7704 265.8275 276.6228 264.1199 263.3070 263.8718 265.7074  31746.7
1985 1.7006345E-08 2.3263873E-08 3.2412242E-08 4.2800146E-08 1.5098363E-08 2.2024292E-08 2.9682816E-08 3.3224357E-08 1.5090681E-08 2.1578668E-08 2.4201448E-08 3.2674176E-08 1.6176323E-08 2.0434742E-08 2.2332840E-08 2.6223509E-08  273.1219 273.0307 273.6663 273.4674 269.1847 268.0609 268.8360 270.4236 264.3160 263.5031 265.1152 276.4608 262.4316 261.9472 263.0111 265.0993  53366.7
1986 1.7732388E-08 2.1861362E-08 2.8114815E-08 3.5530977E-08 1.2433890E-08 1.7554250E-08 2.2697250E-08 2.4852891E-08 1.3153044E-08 1.6666725E-08 1.8259668E-08 2.7163669E-08 1.4135185E-08 1.6492669E-08 1.7942513E-08 2.0812898E-08  271.9459 271.7970 272.2102 271.8377 269.1527 267.9272 268.5451 269.7117 265.1363 264.0776 265.2767 276.5101 263.3868 262.7090 263.4666 265.3238  74626.7
1987 2.9803893E-08 3.4551825E-08 4.2926455E-08 4.9419000E-08 2.3934788E-08 3.0906200E-08 3.5666510E-08 3.5869878E-08 2.0097573E-08 2.6532316E-08 2.9086694E-08 3.4039218E-08 1.8451097E-08 2.2959631E-08 2.5701823E-08 2.8775801E-08  272.1823 272.4857 273.2650 273.1048 269.2473 268.5515 269.5194 271.0870 265.6496 265.1242 266.7335 276.7256 264.0804 263.9189 265.0639 266.9235  28500
1988 1.6994942E-08 1.9627626E-08 2.5837011E-08 3.5315146E-08 1.5234434E-08 2.1859810E-08 2.8452215E-08 3.1224342E-08 1.7157777E-08 2.3268987E-08 2.5138215E-08 3.3861774E-08 1.8866672E-08 2.2369553E-08 2.3615051E-08 2.6288827E-08  273.6530 273.8294 274.3316 273.7484 269.4129 268.5643 269.2656 270.6339 264.4200 263.5707 265.0797 276.9567 262.3650 261.8535 262.8058 264.8536  19916.7
1989 2.0212044E-08 2.6668825E-08 3.6946577E-08 4.8292737E-08 1.5341731E-08 2.3396554E-08 3.2391963E-08 3.6045147E-08 1.4913342E-08 2.0576838E-08 2.4718874E-08 3.2423952E-08 1.6593670E-08 2.0331532E-08 2.2082380E-08 2.5404052E-08  273.4619 273.8403 274.8366 274.7851 270.2671 269.4191 270.2659 271.6500 266.0049 265.1201 266.3986 276.4469 264.0459 263.4850 264.2238 265.9898  23516.7
1990 2.1605128E-08 2.7364480E-08 3.3879250E-08 4.0426780E-08 1.8572074E-08 2.4863215E-08 2.8527790E-08 2.8815101E-08 1.5926583E-08 2.0264739E-08 2.0851434E-08 2.8730840E-08 1.4389309E-08 1.6855648E-08 1.8357524E-08 2.1711204E-08  272.5570 272.4330 272.8426 272.5284 268.9381 268.0563 268.6371 269.8594 264.9699 264.1049 265.1783 276.3131 263.5485 262.8426 263.4284 265.1728  45486.7
1991 2.0180686E-08 2.5935421E-08 3.3046391E-08 4.0804277E-08 1.6134559E-08 2.2965748E-08 2.9846085E-08 3.2256395E-08 1.5088352E-08 1.9767906E-08 2.2294843E-08 3.0727033E-08 1.5171507E-08 1.8279936E-08 1.9878412E-08 2.3543553E-08  272.2074 272.3788 273.0403 272.8041 268.9137 268.1279 268.8892 270.3919 264.8237 264.2024 265.7562 276.6430 263.0172 262.7017 263.8252 265.9084  48480
1992 1.6501836E-08 2.1566946E-08 2.8974705E-08 3.7202707E-08 1.2873675E-08 1.8816198E-08 2.5561491E-08 2.8749836E-08 1.3925749E-08 1.7438744E-08 1.9685229E-08 2.9781615E-08 1.5348848E-08 1.7789349E-08 1.9016179E-08 2.2966487E-08  271.6668 271.3125 271.8360 271.7401 268.6324 267.2898 267.9114 269.5086 264.1981 263.3328 264.6794 276.2057 262.7141 262.3286 263.2762 265.2834  55000
1993 2.5545409E-08 3.0904413E-08 3.7626716E-08 4.4852985E-08 1.9647841E-08 2.7070016E-08 3.1807396E-08 3.2067028E-08 1.5808450E-08 1.9336793E-08 2.0695328E-08 2.8964966E-08 1.4008173E-08 1.5426703E-08 1.6463634E-08 1.9214552E-08  271.2252 271.2870 271.9543 271.7775 267.7444 266.8752 267.8704 269.5270 263.3977 262.7617 264.5850 276.5832 261.8104 261.6203 262.8262 265.0561  86626.7
1994 1.6889819E-08 2.3021917E-08 3.2363054E-08 4.0901938E-08 1.4884571E-08 2.1332571E-08 2.7334126E-08 2.9774352E-08 1.5164492E-08 1.9380417E-08 2.1235769E-08 2.8534409E-08 1.5946231E-08 1.8221620E-08 1.9023780E-08 2.2326068E-08  272.8179 272.5986 273.0126 272.7383 269.6134 268.3812 268.9650 270.2829 265.4486 264.5250 265.7517 276.1926 263.9257 263.3571 264.0296 265.6371  58226.7
1995 2.3940949E-08 3.1422257E-08 4.1317897E-08 4.9763528E-08 1.9347571E-08 2.6192298E-08 3.2739681E-08 3.4903362E-08 1.8267242E-08 2.3015909E-08 2.4862493E-08 3.1517921E-08 1.7374733E-08 2.0975330E-08 2.2608750E-08 2.5643383E-08  272.8677 273.0697 273.8097 273.6916 269.2857 268.3046 269.2261 270.7783 265.0094 264.2937 265.8021 276.9389 263.2415 262.7505 263.8406 265.9200  50693.3
1996 1.9284828E-08 2.4257213E-08 3.2060811E-08 4.1399318E-08 1.6338456E-08 2.1867468E-08 2.7603496E-08 3.0799082E-08 1.7456420E-08 2.2518517E-08 2.4966640E-08 3.0728064E-08 1.8962666E-08 2.1798755E-08 2.2979373E-08 2.5140844E-08  273.5903 273.6414 274.1721 273.8439 270.1273 269.0452 269.7351 270.9668 265.7112 264.7422 265.9668 276.3417 263.6200 263.1194 263.9365 265.7603  24343.3
1997 2.0587482E-08 2.5041864E-08 3.0680678E-08 3.6658342E-08 1.7210825E-08 2.1915957E-08 2.5818251E-08 2.7741200E-08 1.6411015E-08 1.8927446E-08 1.9612612E-08 2.5269761E-08 1.4717911E-08 1.5874789E-08 1.6714152E-08 1.9202668E-08  272.4037 272.5431 273.0472 272.5701 269.2493 268.4875 269.2798 270.4656 265.4041 264.8105 266.3054 276.2303 264.0243 263.6957 264.6270 266.3766  49166.7
1998 1.7063268E-08 2.1873253E-08 2.8085648E-08 3.6382847E-08 1.4172109E-08 2.1650051E-08 2.9129327E-08 3.1071817E-08 1.3485492E-08 1.9748121E-08 2.3725637E-08 3.1648927E-08 1.5339330E-08 1.9486109E-08 2.1412639E-08 2.5223793E-08  274.5301 274.5621 274.7802 274.0926 270.7727 269.4518 269.7942 270.8661 266.2423 264.9792 265.9501 276.9384 264.0337 263.1410 263.7432 265.4487  27946.7
1999 1.8276610E-08 2.5059308E-08 3.4923982E-08 4.4772616E-08 1.6076005E-08 2.4146908E-08 3.2330224E-08 3.5145856E-08 1.6431580E-08 2.3176582E-08 2.6844324E-08 3.4004749E-08 1.8047920E-08 2.2159337E-08 2.4396501E-08 2.8256332E-08  274.4685 274.5455 275.2046 274.8957 270.3664 269.4523 270.1301 271.4014 265.1781 264.4551 265.9588 276.7246 262.8165 262.4493 263.3853 265.3777  43303.3
2000 1.8658740E-08 2.3383040E-08 3.0487318E-08 3.9417621E-08 1.3613370E-08 2.0613841E-08 2.7310877E-08 3.0569840E-08 1.5074640E-08 2.0682759E-08 2.2582046E-08 3.0271575E-08 1.6186437E-08 1.9471218E-08 2.0636287E-08 2.4426233E-08  273.7443 273.6540 274.0840 273.5095 270.1218 268.9581 269.4118 270.4763 265.0903 264.1936 265.3987 276.5425 262.8566 262.3501 263.3212 265.3207  34420
2001 1.9968731E-08 2.5330735E-08 3.3512883E-08 4.2934747E-08 1.6096394E-08 2.2236769E-08 2.7446003E-08 2.9929662E-08 1.4586666E-08 1.9139588E-08 2.0865659E-08 2.9543180E-08 1.5715411E-08 1.8089271E-08 1.8835232E-08 2.2359604E-08  273.4029 273.3251 273.6714 273.0128 269.5764 268.5204 269.0999 270.2558 264.5733 263.7895 265.1118 276.8631 262.6318 262.1479 263.0703 264.9938  35123.3
2002 1.7684313E-08 2.3809186E-08 3.3279136E-08 4.1913026E-08 1.2938954E-08 1.9686814E-08 2.6319247E-08 2.9477008E-08 1.3228666E-08 1.7463321E-08 1.9395687E-08 2.7877345E-08 1.5565012E-08 1.8592131E-08 1.9544116E-08 2.2751619E-08  273.4791 273.2591 273.7482 273.3682 270.0971 269.0515 269.6416 270.8142 265.6615 264.7364 266.0154 276.8172 263.5807 263.0540 263.9403 265.8593  57310
2003 2.1341387E-08 2.8262244E-08 3.8881073E-08 5.0057086E-08 1.5294086E-08 2.3923715E-08 3.3099091E-08 3.7242661E-08 1.5889110E-08 2.1769479E-08 2.5544267E-08 3.3528078E-08 1.5959317E-08 1.9667855E-08 2.1837657E-08 2.5221784E-08  272.7371 272.8768 273.4810 273.2133 269.0441 267.9371 268.6447 270.1701 264.4730 263.5822 265.0210 276.5065 262.8440 262.3544 263.2318 265.2314  20286.7
2004 1.7435070E-08 2.4298172E-08 3.4746698E-08 4.5344262E-08 1.3751377E-08 2.0173022E-08 2.7911501E-08 3.1525204E-08 1.3631294E-08 1.8069422E-08 2.0945761E-08 2.9909426E-08 1.5118523E-08 1.8663144E-08 2.0542373E-08 2.4328358E-08  271.9924 272.0308 272.7823 272.7917 268.7409 267.7688 268.4584 269.8900 264.8278 264.0711 265.3846 276.2972 263.2523 262.7806 263.6144 265.5561  41743.3
2005 2.2547354E-08 2.7317167E-08 3.6516724E-08 4.5148607E-08 1.5575667E-08 2.3358982E-08 2.9896501E-08 3.1712503E-08 1.4145513E-08 1.9776211E-08 2.2401711E-08 3.0196048E-08 1.4267246E-08 1.7079225E-08 1.8711658E-08 2.2168098E-08  272.7582 272.9060 273.6098 273.4983 269.6133 268.5745 269.2642 270.6360 265.5165 264.5565 265.8452 276.9145 263.9557 263.3645 264.1291 265.8560  28670
2006 1.8711734E-08 2.2762844E-08 2.9549104E-08 3.7670461E-08 1.5823431E-08 2.0716376E-08 2.6207298E-08 2.8700336E-08 1.6193473E-08 2.0446045E-08 2.1217936E-08 2.8314524E-08 1.6232882E-08 1.9382723E-08 2.1003325E-08 2.4144141E-08  273.4916 273.3139 273.7977 273.5159 270.1225 268.9764 269.5025 270.7496 265.9191 265.0186 266.1951 276.7946 264.0301 263.5612 264.2782 265.9806  26656.7
2007 1.5991404E-08 1.9705418E-08 2.6043629E-08 3.2798194E-08 1.4875581E-08 2.0784290E-08 2.6133554E-08 2.7968957E-08 1.6008386E-08 2.1231303E-08 2.2765663E-08 3.0703589E-08 1.7568986E-08 2.0840224E-08 2.1963674E-08 2.4569765E-08  273.4364 273.2047 273.4986 272.8581 269.3891 268.3747 268.8860 270.0862 264.8077 263.9129 265.2154 276.6980 263.0378 262.5875 263.4771 265.4055  35816.7
2008 1.9181979E-08 2.3841070E-08 3.2143937E-08 3.9786272E-08 1.5243542E-08 2.1613463E-08 2.7955638E-08 3.0917576E-08 1.4948162E-08 2.0863226E-08 2.3147276E-08 3.1256036E-08 1.5629189E-08 1.8773626E-08 2.0601206E-08 2.4730236E-08  272.8489 272.9724 273.6753 273.2554 269.2458 268.3015 269.0188 270.3598 264.6410 263.9445 265.4254 276.6426 262.7274 262.2574 263.2328 265.2363  25760
2009 2.5476464E-08 3.0852970E-08 3.9623401E-08 4.7203759E-08 1.8682863E-08 2.4674231E-08 3.0383131E-08 3.3288654E-08 1.7183661E-08 2.2356188E-08 2.3972587E-08 2.9326799E-08 1.7808198E-08 2.0995325E-08 2.2390667E-08 2.4609239E-08  272.8737 273.0276 273.7437 273.5163 269.9351 269.1387 269.8230 270.9988 266.0881 265.3232 266.6316 276.4058 264.1323 263.7393 264.6053 266.2778  26073.3
2010 1.9694225E-08 2.5894368E-08 3.2967975E-08 4.0956596E-08 1.6138312E-08 2.4528960E-08 3.2964913E-08 3.4684621E-08 1.5444719E-08 2.1469120E-08 2.4723612E-08 3.3431053E-08 1.4755569E-08 1.7506279E-08 1.8683028E-08 2.2049981E-08  273.3652 273.5818 274.5510 274.5012 269.5367 268.4929 269.2877 270.8004 264.8612 263.9892 265.4094 277.1546 263.1870 262.6387 263.5266 265.3944  70620
2011 1.6036116E-08 2.0647782E-08 2.5882795E-08 3.3404717E-08 1.3299831E-08 1.9346636E-08 2.4522425E-08 2.7477860E-08 1.4028830E-08 1.9009663E-08 2.1068205E-08 2.9681104E-08 1.6046650E-08 1.8619094E-08 1.9492788E-08 2.3672536E-08  273.8980 273.6654 274.0082 273.3888 270.6151 269.3077 269.7896 270.7386 266.2106 265.1470 266.1554 276.9502 264.3279 263.5510 264.1664 265.9583  36346.7
2012 1.6489826E-08 2.2253193E-08 3.0743433E-08 4.0378954E-08 1.3365561E-08 1.9194447E-08 2.5149753E-08 2.7664345E-08 1.4485858E-08 1.8721313E-08 1.9409985E-08 2.6786836E-08 1.7192196E-08 1.9627880E-08 2.0162890E-08 2.3165279E-08  274.1462 273.9309 274.1250 273.5512 270.9396 269.8832 270.2103 271.2687 266.7779 265.9315 267.0993 276.9041 264.9702 264.2716 264.8492 266.4909  15864.3
2013 1.8932408E-08 2.5506216E-08 3.6758646E-08 5.0014339E-08 1.5110137E-08 2.2410314E-08 3.2176256E-08 3.6747387E-08 1.6355925E-08 2.1632603E-08 2.5061846E-08 3.3483705E-08 1.7736809E-08 2.1336687E-08 2.2897202E-08 2.6060997E-08  273.2787 273.3225 273.9480 273.8498 269.7850 268.7054 269.2999 270.7906 265.3023 264.4527 265.8250 276.4716 263.2558 262.8361 263.6795 265.7096  26876.7
2014 1.8273189E-08 2.2810154E-08 3.0168323E-08 3.6935138E-08 1.4788863E-08 1.9936078E-08 2.4995462E-08 2.7848412E-08 1.7233763E-08 2.1026301E-08 2.1443002E-08 2.6606850E-08 1.7339342E-08 2.0185301E-08 2.1489104E-08 2.3864663E-08  274.2880 274.1199 274.4062 273.7137 271.1716 270.1472 270.6576 271.7243 267.1643 266.2892 267.4669 276.1822 265.4544 264.8345 265.4070 266.9241  73543.3
2015 2.6815847E-08 3.1943177E-08 3.8946467E-08 4.7439112E-08 2.0675492E-08 2.6230957E-08 3.0631117E-08 3.2974864E-08 1.8735658E-08 2.1284308E-08 2.2825899E-08 2.9258581E-08 1.6876646E-08 1.8242703E-08 1.9570050E-08 2.1929699E-08  271.5636 271.8610 272.7861 272.7112 268.4960 267.9148 269.2970 270.9279 264.3879 264.2957 266.4554 276.6298 263.0013 263.2706 264.8172 266.9714  40956.7
