STN,prec_1,prec_2,prec_3,prec_4,prec_5,prec_6,prec_7,prec_8,prec_9,prec_10,prec_11,prec_12,prec_13,prec_14,prec_15,prec_16,st_1,st_2,st_3,st_4,st_5,st_6,st_7,st_8,st_9,st_10,st_11,st_12,st_13,st_14,st_15,st_16,12.0
LAT,37.67308,37.67308,37.67308,37.67308,40.46365,40.46365,40.46365,40.46365,43.25420,43.25420,43.25420,43.25420,46.04472,46.04472,46.04472,46.04472,37.67308,37.67308,37.67308,37.67308,40.46365,40.46365,40.46365,40.46365,43.25420,43.25420,43.25420,43.25420,46.04472,46.04472,46.04472,46.04472,41.78058635
LON,-95.62500,-92.81250,-90.00000,-87.18750,-95.62500,-92.81250,-90.00000,-87.18750,-95.62500,-92.81250,-90.00000,-87.18750,-95.62500,-92.81250,-90.00000,-87.18750,-95.62500,-92.81250,-90.00000,-87.18750,-95.62500,-92.81250,-90.00000,-87.18750,-95.62500,-92.81250,-90.00000,-87.18750,-95.62500,-92.81250,-90.00000,-87.18750,-90.252073
1958 5.1077109E-08 5.7351155E-08 6.4125089E-08 6.6847342E-08 4.5086178E-08 5.2178507E-08 5.6605973E-08 5.2786685E-08 3.5317477E-08 4.2622638E-08 4.3924693E-08 3.7211990E-08 2.8807667E-08 3.4562362E-08 3.7512638E-08 3.5622030E-08  287.3284 287.1823 287.0250 286.1926 285.5258 284.2112 283.9723 284.1922 282.6304 280.6790 280.5962 276.4822 280.3024 277.8839 277.3352 277.9890  15706.5
1959 4.2273584E-08 5.2275190E-08 5.7512977E-08 6.1435067E-08 3.7672333E-08 4.8813746E-08 5.3132396E-08 4.7179412E-08 3.4682753E-08 4.3355058E-08 4.5885169E-08 3.6617156E-08 2.9204605E-08 3.5074290E-08 3.8707213E-08 3.5838557E-08  288.5148 288.3605 288.1623 286.9703 286.8200 285.5414 285.2679 285.2170 283.9240 282.0438 281.8159 276.4822 281.3599 278.7986 278.1533 278.8171  32554.8
1960 3.5080404E-08 4.2837094E-08 5.2991101E-08 5.9782685E-08 3.0579397E-08 3.8390212E-08 4.5957439E-08 4.5538222E-08 2.8886786E-08 3.5660740E-08 3.7553125E-08 2.8954904E-08 3.0466932E-08 3.5815333E-08 3.6985423E-08 3.3686842E-08  288.6558 288.4995 288.1389 286.9607 286.9049 285.6953 285.3204 285.3019 283.9047 281.8497 281.9863 276.4822 280.6998 278.5305 278.1073 278.9160  24983.9
1961 3.5193789E-08 4.3276721E-08 5.3797145E-08 5.8219598E-08 3.5158426E-08 4.4907186E-08 5.3830629E-08 5.3048240E-08 3.4680163E-08 4.1664510E-08 4.2551168E-08 3.6236365E-08 2.8659972E-08 3.3080696E-08 3.3806671E-08 3.1779567E-08  288.6672 288.1807 287.7680 286.6786 286.8769 285.4152 284.8594 284.7760 283.7737 281.5300 281.1682 276.4822 281.2596 278.8146 278.0023 278.3577  25896.8
1962 4.4115527E-08 4.7792401E-08 5.2251377E-08 5.5080832E-08 3.9203869E-08 4.6949488E-08 5.1205845E-08 4.6750664E-08 3.6519719E-08 4.1909153E-08 4.2791445E-08 3.4724739E-08 3.2401733E-08 3.6303099E-08 3.6829611E-08 3.3041601E-08  289.0874 289.0038 288.7325 287.4438 287.1194 286.0312 285.4943 285.2887 283.8594 281.8020 281.4883 276.4822 281.1128 278.5601 277.8305 278.4811  25041.9
1963 4.5066709E-08 5.2956235E-08 6.0568425E-08 6.3427407E-08 4.4872230E-08 5.2346603E-08 5.6415761E-08 5.1347183E-08 4.1538662E-08 4.8199521E-08 4.9317855E-08 3.8929297E-08 3.2342260E-08 3.8696893E-08 4.0717495E-08 3.7751498E-08  287.7273 287.5912 287.3857 286.4535 286.2144 284.9012 284.6656 284.6578 282.9225 281.0187 280.8417 276.4822 280.4482 278.0215 277.3239 278.0296  18119.4
1964 3.6774320E-08 4.1794998E-08 4.7034348E-08 5.0304116E-08 3.4768945E-08 4.2949360E-08 4.7466500E-08 4.4180943E-08 3.9738339E-08 4.7966097E-08 4.7030554E-08 3.5057901E-08 3.6311086E-08 4.3756103E-08 4.3976669E-08 3.8325382E-08  288.7937 288.4034 288.0555 286.8248 287.0713 285.7042 285.0812 285.0077 283.7297 281.5263 281.4811 276.4822 280.4755 278.0892 277.6061 278.4193  18790.3
1965 4.6783423E-08 5.3864344E-08 5.8988704E-08 5.9611672E-08 4.1555211E-08 4.9405713E-08 5.1305921E-08 4.6303718E-08 3.4005787E-08 4.0285489E-08 4.1381540E-08 3.3119374E-08 3.1006206E-08 3.7361652E-08 3.8672500E-08 3.4626936E-08  287.6907 287.4794 287.2807 286.2532 286.5713 285.1575 284.8499 284.7982 284.1461 281.9459 281.5153 276.4822 281.6664 279.2226 278.1783 278.4271  53809.7
1966 4.2103295E-08 4.4874021E-08 4.9690303E-08 5.3607796E-08 3.8250736E-08 4.6241496E-08 5.1716729E-08 4.6780968E-08 3.2522586E-08 4.1175205E-08 4.4691173E-08 3.7566103E-08 3.3193501E-08 3.8235530E-08 4.1816421E-08 3.9006643E-08  288.0706 287.9907 287.7591 286.6871 286.4405 285.1152 284.7715 284.8239 283.2317 281.3611 281.4182 276.4822 280.5639 278.1367 277.6886 278.3463  21883.9
1967 4.3713683E-08 4.6895941E-08 5.1645383E-08 5.4525767E-08 3.8215710E-08 4.5812612E-08 4.7855305E-08 4.3224681E-08 3.5710155E-08 4.2790095E-08 4.3028386E-08 3.2998237E-08 3.1482582E-08 3.7113679E-08 3.7987817E-08 3.4827046E-08  288.0603 287.7019 287.3819 286.4004 286.7027 285.2940 284.8874 284.7972 283.9837 281.7857 281.6787 276.4822 280.8702 278.5707 278.0172 278.5385  20996.8
1968 4.5267754E-08 4.9488524E-08 5.4824248E-08 5.5021669E-08 4.2464809E-08 5.1377771E-08 5.3810112E-08 4.6176481E-08 3.6772462E-08 4.6083827E-08 4.6027697E-08 3.4824886E-08 2.8045275E-08 3.4289300E-08 3.9169482E-08 3.6179525E-08  288.5777 288.4955 288.1090 286.7823 287.0616 285.8514 285.3326 285.2540 284.2092 281.9605 281.7884 276.4822 281.9030 279.4486 278.6754 278.9326  32174.2
1969 4.0212985E-08 4.6038654E-08 5.2712785E-08 5.5635180E-08 3.7846402E-08 4.7799062E-08 5.2556562E-08 4.7562459E-08 3.7618459E-08 4.4474358E-08 4.5697469E-08 3.6027487E-08 3.2936615E-08 3.9891933E-08 4.1445784E-08 3.6187849E-08  288.8582 288.5576 288.1919 286.8940 287.2961 286.0941 285.5791 285.3152 284.1504 282.2126 282.0259 276.4822 281.6979 279.5287 278.7169 279.0326  25596.8
1970 4.3476451E-08 4.8037368E-08 5.2659722E-08 5.4570581E-08 3.8562632E-08 4.7272685E-08 5.2797343E-08 4.8294833E-08 3.4305383E-08 4.2513783E-08 4.3805539E-08 3.5835743E-08 3.2679399E-08 3.9512035E-08 4.1064158E-08 3.7945821E-08  288.3434 288.1760 288.0068 286.9627 286.7980 285.5718 285.1477 285.2526 283.7425 281.5329 281.3109 276.4822 280.6608 278.0299 277.3980 278.1674  38071
1971 4.4233133E-08 5.0904504E-08 5.8031198E-08 5.7410173E-08 4.3013621E-08 5.0920722E-08 5.2833315E-08 4.5032472E-08 3.9822975E-08 4.5164999E-08 4.1791942E-08 3.1137109E-08 3.2132260E-08 3.6609777E-08 3.8697145E-08 3.5803314E-08  288.2229 287.9362 287.6331 286.5219 286.1583 284.8636 284.3278 284.4747 282.9637 280.4671 280.5101 276.4822 280.1372 277.6242 277.0779 277.7504  42854.8
1972 4.1156973E-08 4.3344116E-08 4.8434462E-08 5.1938954E-08 3.9465082E-08 4.6896449E-08 4.8834952E-08 4.3296417E-08 3.7286974E-08 4.4756462E-08 4.4212268E-08 3.4783266E-08 2.9795899E-08 3.5457258E-08 3.9653354E-08 3.7691134E-08  287.6927 287.5809 287.4054 286.3769 286.2338 284.9029 284.7457 284.7415 283.6140 281.5849 281.4713 276.4822 281.5215 279.2001 278.3418 278.5670  34125.8
1973 3.8286561E-08 4.1835733E-08 4.6783533E-08 5.0191687E-08 3.6591480E-08 4.4749722E-08 4.8806186E-08 4.3366736E-08 3.1124781E-08 4.1469828E-08 4.2762835E-08 3.2111942E-08 2.6653034E-08 3.5416445E-08 4.1679961E-08 3.9663529E-08  289.2718 288.9834 288.6332 287.4041 287.2642 285.9855 285.5378 285.4020 284.1075 281.9432 281.8413 276.4822 280.5707 277.9853 277.3932 278.1578  37841.9
1974 4.8079155E-08 5.2885692E-08 5.6546476E-08 5.8104376E-08 4.6492605E-08 5.1471350E-08 5.2968470E-08 4.7732396E-08 4.2377977E-08 4.8708426E-08 4.7449813E-08 3.7393246E-08 3.2613094E-08 3.9751590E-08 4.0168494E-08 3.5193676E-08  287.7863 287.6077 287.3332 286.2333 285.9776 284.6194 284.1771 284.2359 282.6056 280.5085 280.4521 276.4822 279.6349 277.3148 276.6017 277.4482  22377.4
1975 3.3867977E-08 3.8330018E-08 4.6196369E-08 5.1214531E-08 3.3285005E-08 4.4057067E-08 5.1618382E-08 4.7849387E-08 3.5046114E-08 4.4742649E-08 4.7749147E-08 3.8537369E-08 2.9584710E-08 3.7256974E-08 3.9361694E-08 3.6620904E-08  289.5472 289.2279 289.0154 287.7584 287.2518 285.9867 285.4619 285.3932 283.4766 281.3720 281.2540 276.4822 280.2077 277.5640 276.9633 277.6334  36496.8
1976 5.1492904E-08 5.9310132E-08 6.5931118E-08 6.4894571E-08 4.5005923E-08 5.1892108E-08 5.6575587E-08 5.1510135E-08 4.1259401E-08 4.6951406E-08 4.5485201E-08 3.4084934E-08 3.3854210E-08 3.9350169E-08 4.0137760E-08 3.4714571E-08  287.7968 287.7303 287.6069 286.6646 286.1577 285.0328 284.9075 285.0988 282.7662 281.3487 281.6072 276.4822 280.0978 278.1595 277.8933 278.6750  11235.5
1977 4.2318465E-08 4.9565241E-08 5.5532951E-08 5.9444879E-08 3.9029032E-08 5.1037411E-08 5.8866128E-08 5.3397304E-08 3.7905053E-08 4.7198284E-08 4.9323550E-08 3.9160131E-08 3.0638066E-08 3.7665792E-08 4.0361446E-08 3.7420598E-08  288.3145 288.1432 287.8443 286.7545 286.2740 285.0427 284.5160 284.6694 283.1382 281.0543 280.8673 276.4822 280.7434 278.3706 277.5616 278.0070  31919.4
1978 4.4307278E-08 4.9245905E-08 5.5192423E-08 5.5416276E-08 4.0244892E-08 4.4739028E-08 4.7583427E-08 4.3094342E-08 3.3624229E-08 3.9279652E-08 3.8248363E-08 2.8982001E-08 2.9619125E-08 3.3262367E-08 3.3286664E-08 2.9237391E-08  287.8269 287.4622 287.1312 286.1036 286.2665 285.0041 284.5107 284.4695 283.4392 281.0732 281.2433 276.4822 280.8655 278.4369 277.7327 278.4156  20958.1
1979 4.1984389E-08 4.9446822E-08 5.2891824E-08 5.2824699E-08 4.0825611E-08 5.3108273E-08 5.7843764E-08 5.0745026E-08 3.8729375E-08 4.9135796E-08 5.1950384E-08 4.1725741E-08 3.3325865E-08 4.1171912E-08 4.3808061E-08 3.9898822E-08  288.7237 288.5013 288.2533 287.1776 287.0675 285.7552 285.2932 285.3389 284.2289 282.0782 281.7758 276.4822 281.4339 278.7231 277.9263 278.3688  32461.3
1980 4.3847102E-08 4.8057068E-08 5.3717159E-08 5.4012652E-08 4.2252953E-08 5.2314075E-08 5.8919177E-08 5.3817093E-08 3.9227466E-08 4.7151950E-08 4.9335600E-08 4.0443702E-08 3.3357036E-08 4.0467029E-08 4.4218620E-08 4.1285741E-08  288.3666 288.2370 287.9788 287.0206 286.6020 285.3843 284.9991 285.0830 283.7986 281.8719 281.6364 276.4822 281.3615 278.8220 278.0956 278.4455  24274.2
1981 3.7818317E-08 4.7871190E-08 5.7141364E-08 5.9109663E-08 3.1946588E-08 4.2033310E-08 5.0000885E-08 4.7047855E-08 3.1894558E-08 4.2319854E-08 4.6240249E-08 3.7980122E-08 3.0355029E-08 3.6047251E-08 3.9922135E-08 3.8835537E-08  288.2851 287.9781 287.8219 286.7327 286.8483 285.6708 285.2599 285.1096 283.9660 282.0380 281.6837 276.4822 281.0288 278.5579 277.7996 278.2803  26493.5
1982 4.5476238E-08 4.7833527E-08 5.3595322E-08 5.6957195E-08 3.8768775E-08 4.4923411E-08 4.7168832E-08 4.1572051E-08 3.1798997E-08 3.8890676E-08 3.8948833E-08 2.8983075E-08 2.6714760E-08 3.5120426E-08 3.8164046E-08 3.3898718E-08  287.9521 287.9057 287.7555 286.8427 286.9788 285.6250 285.3129 285.4377 284.3803 282.3596 282.3215 276.4350 282.0672 279.9088 279.2155 279.7103  61945.2
1983 3.6049208E-08 4.0715975E-08 4.6983558E-08 5.2597294E-08 3.3689467E-08 4.2316785E-08 4.6291504E-08 4.3286924E-08 3.2401822E-08 3.9872603E-08 4.2452179E-08 3.4301866E-08 3.1513405E-08 3.8840930E-08 4.1588986E-08 3.9767968E-08  289.7340 289.4262 289.0810 287.7534 287.6707 286.3281 285.8412 285.7991 284.2657 282.3621 282.3177 276.6404 281.3212 279.1398 278.6788 279.1510  48358.1
1984 3.3759900E-08 3.9438401E-08 4.6869037E-08 5.0493345E-08 3.2047520E-08 4.2321997E-08 4.9602018E-08 4.5299341E-08 3.3054651E-08 4.1774996E-08 4.5312269E-08 3.6821110E-08 3.2368593E-08 3.9312351E-08 4.3296620E-08 4.1008235E-08  289.3476 289.2997 289.1192 287.7620 287.1463 286.1950 285.8989 285.7507 284.0253 282.0917 281.9212 276.5432 281.0995 278.5635 277.8214 278.4029  39541.9
1985 4.0931013E-08 4.6916380E-08 5.3395052E-08 5.6662987E-08 4.0635317E-08 4.9538539E-08 5.4063467E-08 4.9181267E-08 3.3009876E-08 4.0434525E-08 4.1612576E-08 3.3495393E-08 2.6178194E-08 3.1405829E-08 3.4296402E-08 3.2524955E-08  288.9822 288.6954 288.4268 287.1542 287.0218 285.6225 285.0781 284.9142 284.0125 282.0282 281.6300 276.6097 281.2687 279.0160 278.3509 278.5534  37903.2
1986 4.1248466E-08 4.6972698E-08 5.2756796E-08 5.4724275E-08 3.4906375E-08 4.2945537E-08 4.6883162E-08 4.4300972E-08 3.0076411E-08 3.5148659E-08 3.5086888E-08 2.6833140E-08 2.7284797E-08 3.1059177E-08 3.2465103E-08 2.8832439E-08  288.2899 287.9944 287.5629 286.3521 286.8684 285.5373 285.1592 284.9593 284.4690 282.7166 282.2021 276.4864 282.5338 280.5781 279.4224 279.3435  51341.9
1987 3.8097877E-08 4.7465782E-08 5.5447231E-08 5.8022060E-08 3.9367752E-08 4.9628149E-08 5.5678303E-08 4.9824155E-08 3.6915186E-08 4.5482480E-08 4.7407429E-08 3.8230223E-08 3.3970256E-08 4.0200479E-08 4.2202771E-08 3.7399246E-08  288.8047 288.4721 288.1966 287.2238 287.0947 285.9513 285.5128 285.4712 284.1762 282.2555 282.0544 276.4816 281.5785 279.5032 278.6495 278.9533  30319.4
1988 3.0805889E-08 3.6850693E-08 4.5290019E-08 5.0337931E-08 3.0627916E-08 4.0464037E-08 5.0755474E-08 4.8963759E-08 3.2991704E-08 4.2334570E-08 4.5209049E-08 3.7543572E-08 2.7245946E-08 3.5777852E-08 3.9412637E-08 3.7155349E-08  289.7049 289.5081 289.1397 287.7743 287.6949 286.4542 285.8461 285.6213 284.1123 281.8782 281.6139 276.3615 280.5351 277.9818 277.3172 278.0806  22041.9
1989 4.3232397E-08 5.0332130E-08 5.9260699E-08 6.1835955E-08 4.0843553E-08 5.3282950E-08 5.8933033E-08 5.4804570E-08 3.6982946E-08 4.5916043E-08 4.9817444E-08 4.0407585E-08 3.3892807E-08 4.0921858E-08 4.3427924E-08 4.0320078E-08  289.2298 289.0910 288.8621 287.8113 287.3742 286.2154 285.8726 285.8637 284.2813 282.2092 282.0366 276.3881 281.4059 279.1638 278.3339 278.6969  15364.5
1990 3.6539319E-08 4.3928416E-08 5.4589208E-08 6.0180220E-08 3.7203318E-08 4.2688260E-08 4.5981945E-08 4.5106464E-08 3.3005552E-08 3.6822410E-08 3.6970018E-08 2.9341605E-08 2.9443084E-08 3.4543387E-08 3.6256964E-08 3.3589217E-08  288.4504 288.1250 287.7227 286.3652 286.7143 285.4657 284.9153 284.6418 284.0487 282.1303 281.8095 276.5089 281.5586 279.3330 278.4166 278.6556  23845.2
1991 4.3546269E-08 4.5672788E-08 4.8042445E-08 4.7404573E-08 3.9445307E-08 4.4154390E-08 4.4773095E-08 4.0524377E-08 3.4081868E-08 3.8942883E-08 3.9858346E-08 2.9702420E-08 3.0966056E-08 3.7129315E-08 3.8682163E-08 3.3772089E-08  287.6989 287.6109 287.3536 286.3271 286.4769 285.3254 284.9746 284.9973 284.2077 282.2963 282.0025 276.2484 282.1192 279.9373 279.0497 279.3261  73132.3
1992 4.0959740E-08 4.5183889E-08 5.4330027E-08 5.5434771E-08 3.9028521E-08 4.2598451E-08 4.3473719E-08 3.9672546E-08 3.6977749E-08 4.2111566E-08 3.9844906E-08 3.1219493E-08 3.5859294E-08 4.1748258E-08 4.2234465E-08 3.8126228E-08  288.1818 287.9229 287.6516 286.6630 286.6946 285.4083 285.1232 285.1343 283.9758 281.8659 281.7671 276.4636 281.2892 278.8785 278.0855 278.4046  45941.9
1993 4.7393250E-08 4.7361606E-08 5.2133846E-08 5.4691199E-08 4.7196082E-08 5.2691636E-08 5.4396487E-08 4.9866724E-08 4.1148958E-08 4.9198800E-08 5.1210769E-08 4.0130676E-08 3.2572387E-08 3.7855930E-08 3.9162355E-08 3.4017045E-08  288.2579 288.1776 288.0418 287.0567 286.8969 285.7199 285.3571 285.3705 284.2066 282.2306 281.9778 276.1678 281.9924 279.7472 278.9455 279.3660  44190.3
1994 5.0538990E-08 6.0151237E-08 6.4133893E-08 6.2993593E-08 4.1424244E-08 5.0806850E-08 5.4497193E-08 4.8450886E-08 3.2966501E-08 3.9289642E-08 3.8630159E-08 3.0743614E-08 2.7330564E-08 3.3560944E-08 3.4597434E-08 3.1828307E-08  287.6303 287.5586 287.4148 286.3907 286.6120 285.4106 285.1111 285.0679 284.4256 282.6628 282.4949 276.7850 282.1983 280.1062 279.3782 279.5733  44693.5
1995 3.7169634E-08 4.2006103E-08 4.7452179E-08 5.0417967E-08 3.9141739E-08 4.6134193E-08 5.0089621E-08 4.6394479E-08 3.7422893E-08 4.4994632E-08 4.6658784E-08 3.8985124E-08 3.2259326E-08 3.8886132E-08 4.1513665E-08 3.9507981E-08  288.8285 288.5504 288.2118 287.0750 286.8360 285.7330 285.2755 285.1696 283.6939 281.4563 281.2791 276.2260 280.8471 278.4583 277.9034 278.2716  42051.6
1996 3.9895149E-08 4.3417042E-08 5.0324360E-08 5.0665093E-08 4.2196422E-08 5.0744482E-08 5.3980841E-08 4.6647912E-08 3.9667626E-08 4.6379309E-08 4.7275268E-08 3.6028162E-08 3.1173194E-08 3.6137802E-08 3.6752748E-08 3.2990542E-08  288.5241 288.1400 287.6891 286.7007 286.7427 285.3716 284.7818 284.8042 283.6219 281.6572 281.4786 276.3150 280.7314 278.6284 277.9177 278.5788  46667.7
1997 4.8765088E-08 5.2891444E-08 5.6316715E-08 5.6279504E-08 4.5059679E-08 5.2661253E-08 5.3964833E-08 4.7817238E-08 3.6801797E-08 4.3681773E-08 4.4532456E-08 3.5383461E-08 2.9013997E-08 3.3619056E-08 3.5598575E-08 3.2117345E-08  287.2360 287.3788 287.5225 286.8556 286.3803 285.1146 285.1864 285.4300 283.9509 282.3448 282.3958 276.6133 282.0121 280.0891 279.6309 280.1295  33596.8
1998 3.4440490E-08 4.0585025E-08 4.6002416E-08 4.9901011E-08 3.5558980E-08 4.6154604E-08 5.1690701E-08 4.8723447E-08 3.6367158E-08 4.6308465E-08 4.7932417E-08 3.8927681E-08 3.5791185E-08 4.4036376E-08 4.6863690E-08 4.2825164E-08  289.9070 289.7544 289.4166 288.1290 287.6927 286.5163 286.1787 285.9872 284.1163 282.2750 282.1914 276.7447 280.7609 278.5838 278.1744 278.7462  36435.5
1999 3.3473160E-08 3.8497010E-08 4.2895987E-08 4.6850722E-08 2.9146234E-08 3.7171272E-08 4.1889191E-08 3.8456470E-08 2.7028813E-08 3.6503550E-08 3.9844046E-08 3.1827128E-08 2.6599258E-08 3.2059813E-08 3.5700477E-08 3.3415287E-08  290.9760 290.5038 289.8890 288.4539 288.9057 287.7083 286.9614 286.6003 285.5628 283.7296 283.1621 276.7019 281.9640 279.5797 278.8702 279.2413  28696.8
2000 3.4427718E-08 4.1064183E-08 4.7401585E-08 5.2724708E-08 3.2527982E-08 4.0920092E-08 4.7595275E-08 4.5178751E-08 3.2859113E-08 3.9239968E-08 3.9573425E-08 3.1422069E-08 2.8697331E-08 3.4615343E-08 3.6417241E-08 3.3187341E-08  289.5886 289.4263 289.1059 287.8700 287.6115 286.4565 286.0283 285.8731 284.4936 282.5960 282.4287 276.7928 281.4879 279.1603 278.5309 279.0649  26393.5
2001 4.3779014E-08 4.9622983E-08 5.8520659E-08 6.0029727E-08 3.8843137E-08 4.8148806E-08 5.3917407E-08 5.0875020E-08 3.5463863E-08 4.3697678E-08 4.6795197E-08 3.7590461E-08 2.8640940E-08 3.5468837E-08 3.9475403E-08 3.8099952E-08  289.0190 288.7861 288.4387 287.1773 287.1015 285.9342 285.3575 285.2639 283.9256 281.6287 281.4148 276.6402 280.7585 278.2224 277.6103 278.2021  43029
2002 4.3653877E-08 4.6414414E-08 5.3691068E-08 5.5162815E-08 4.0896367E-08 4.5305022E-08 4.7773145E-08 4.4009386E-08 3.6731553E-08 4.1005677E-08 3.8519481E-08 2.9554982E-08 3.2519996E-08 3.7612089E-08 3.9102542E-08 3.4216022E-08  288.7517 288.5177 288.2051 287.1375 287.4206 286.1415 285.7444 285.6889 285.0239 283.0798 282.9311 276.5903 282.8589 280.6695 279.8191 280.0180  33222.6
2003 3.3674606E-08 4.0276312E-08 4.9354192E-08 5.5616056E-08 3.3472048E-08 4.2332832E-08 4.9879514E-08 4.8007816E-08 3.3182424E-08 4.0556216E-08 4.3003396E-08 3.5102534E-08 2.9889737E-08 3.4589831E-08 3.6919740E-08 3.4525257E-08  289.1356 288.9442 288.5097 287.1283 287.3238 286.2149 285.5269 285.2963 284.1996 282.3546 281.9697 276.5441 281.5852 279.5065 278.5551 278.7317  20651.6
2004 4.2246359E-08 4.6741444E-08 5.4117507E-08 5.7520204E-08 3.5699642E-08 4.3261387E-08 4.8745534E-08 4.6005376E-08 3.3490778E-08 4.1459451E-08 4.2824006E-08 3.4149942E-08 3.1609172E-08 3.7877943E-08 3.9929215E-08 3.6141003E-08  289.0493 288.8964 288.3602 287.0209 287.5306 286.3352 285.6843 285.4070 284.7237 282.8063 282.3282 276.8428 282.0421 279.7789 278.8573 279.1295  33696.8
2005 3.6004469E-08 4.0170324E-08 4.7015419E-08 4.9074835E-08 3.5049155E-08 4.3154042E-08 5.0299388E-08 4.7678302E-08 3.4084316E-08 3.9764334E-08 4.0115701E-08 3.1938075E-08 3.2678187E-08 3.8057820E-08 3.9268230E-08 3.4874958E-08  289.6459 289.3403 288.9160 287.6398 287.5845 286.3252 285.8528 285.6205 284.3225 282.4182 282.2303 276.8206 281.7798 279.7183 278.8499 279.0584  38371
2006 3.4009776E-08 4.0894154E-08 4.8033584E-08 5.3527309E-08 3.6194653E-08 4.3880053E-08 4.8113730E-08 4.4151800E-08 3.6784584E-08 4.3194419E-08 4.4485461E-08 3.5836187E-08 3.2594919E-08 3.8288807E-08 4.0494641E-08 3.8516049E-08  288.5754 288.2608 287.9838 286.7921 286.8063 285.5169 284.8590 284.8021 283.7908 281.6294 281.2687 276.3907 281.1375 278.6607 277.6817 277.9659  25961.3
2007 3.9677069E-08 4.7104685E-08 5.3859242E-08 5.9238534E-08 3.5153398E-08 4.6104677E-08 5.4198154E-08 5.3156551E-08 3.5559275E-08 4.6938020E-08 5.1329604E-08 4.2857639E-08 3.2140854E-08 4.1504592E-08 4.6019462E-08 4.4468688E-08  289.6884 289.5803 289.2901 288.0707 287.3113 286.1090 285.6219 285.4436 283.5294 281.4191 280.9364 276.5929 279.7446 277.3279 276.4432 277.0479  31906.5
2008 3.4580950E-08 4.2788198E-08 5.3814865E-08 5.9102920E-08 3.3929140E-08 4.2652054E-08 4.9700468E-08 4.9333938E-08 3.4688039E-08 4.2687258E-08 4.3269594E-08 3.3885797E-08 3.1336310E-08 3.9026286E-08 4.1783430E-08 3.8215589E-08  289.3297 288.9748 288.6920 287.5336 287.2791 286.0432 285.6344 285.5170 284.0353 282.0621 281.8851 276.6273 280.6408 278.1768 277.6846 278.4418  27161.3
2009 3.9786332E-08 4.6318174E-08 5.4807522E-08 6.1549365E-08 3.8285911E-08 4.8110724E-08 5.2474753E-08 4.9003294E-08 3.9460808E-08 4.6135959E-08 4.7140542E-08 3.6751413E-08 3.0556752E-08 3.7234841E-08 4.0607382E-08 3.8284806E-08  288.0030 287.8401 287.6002 286.5610 286.4496 285.2379 284.8080 284.8049 283.4685 281.6895 281.5920 276.6359 281.1685 279.2024 278.4193 278.6663  36483.9
2010 2.8151719E-08 3.3517725E-08 4.1316230E-08 4.9985648E-08 3.1460647E-08 4.0561872E-08 4.7293490E-08 4.4930548E-08 3.0779741E-08 4.1823611E-08 4.7374179E-08 3.9471921E-08 2.8716785E-08 3.8553459E-08 4.3969791E-08 4.1717719E-08  290.3520 289.9894 289.4528 287.9152 287.8859 286.7943 286.1234 285.6053 283.9545 281.9973 281.6497 276.6980 280.1510 277.9301 277.4091 277.8933  51045.2
2011 3.8070262E-08 4.4532889E-08 5.3343754E-08 5.6578166E-08 3.5002326E-08 4.4482256E-08 5.0092890E-08 4.7661331E-08 3.2174245E-08 4.0509441E-08 4.2905004E-08 3.4773734E-08 2.8306633E-08 3.5195551E-08 3.8635367E-08 3.7941874E-08  289.1587 288.6582 288.1125 286.8167 286.7745 285.4709 284.8750 284.6299 282.9179 280.8071 280.7856 276.6854 279.6280 277.1639 276.7121 277.3869  33122.6
2012 4.1182460E-08 4.6994508E-08 5.3881699E-08 5.7145151E-08 3.4857823E-08 4.3889674E-08 5.0553805E-08 4.5887006E-08 3.0882330E-08 3.7120945E-08 4.0576083E-08 3.3038340E-08 2.6570270E-08 3.1207922E-08 3.4556205E-08 3.3081243E-08  288.3911 288.2622 287.8004 286.4930 287.0007 285.7779 285.1573 284.9741 284.1840 282.0620 281.8267 276.6406 281.7234 279.7437 279.1020 279.2760  19261.3
2013 3.5856026E-08 4.4392340E-08 5.1456723E-08 5.6435368E-08 3.7310436E-08 4.6432103E-08 5.0492456E-08 4.7924892E-08 3.6786467E-08 4.2729777E-08 4.4435556E-08 3.3940267E-08 3.0365527E-08 3.5446053E-08 3.7267164E-08 3.2926440E-08  289.4126 289.0461 288.6837 287.4546 287.6110 286.3036 285.8843 285.7458 284.5760 282.6471 282.4904 276.5039 282.0627 279.8871 279.0657 279.3924  26912.9
2014 4.1823093E-08 4.4873509E-08 5.2493153E-08 5.5501157E-08 4.0610299E-08 4.6300958E-08 4.8513062E-08 4.2659131E-08 3.8910212E-08 4.3306386E-08 4.2616151E-08 3.2394251E-08 3.1141735E-08 3.5007176E-08 3.5789142E-08 3.2379450E-08  288.6154 288.5418 288.4208 287.2181 287.3444 286.2218 285.6479 285.5811 284.8653 283.0430 282.5978 276.3607 282.5844 280.6090 279.5912 279.6613  47035.5
2015 4.4501625E-08 4.7491586E-08 5.2505321E-08 5.3422713E-08 4.0431026E-08 4.7139650E-08 5.0338635E-08 4.4374548E-08 3.8101984E-08 4.4886786E-08 4.6468632E-08 3.5096715E-08 3.2489872E-08 3.9510454E-08 4.1538602E-08 3.6320372E-08  288.2410 288.1653 287.9909 287.0641 287.0491 285.9140 285.7944 285.8488 284.3052 282.7513 282.7062 276.8195 282.1740 280.0948 279.5289 279.8523  85077.4
