STN,prec_1,prec_2,prec_3,prec_4,prec_5,prec_6,prec_7,prec_8,prec_9,prec_10,prec_11,prec_12,prec_13,prec_14,prec_15,prec_16,st_1,st_2,st_3,st_4,st_5,st_6,st_7,st_8,st_9,st_10,st_11,st_12,st_13,st_14,st_15,st_16,05.0
LAT,37.67308,37.67308,37.67308,37.67308,40.46365,40.46365,40.46365,40.46365,43.25420,43.25420,43.25420,43.25420,46.04472,46.04472,46.04472,46.04472,37.67308,37.67308,37.67308,37.67308,40.46365,40.46365,40.46365,40.46365,43.25420,43.25420,43.25420,43.25420,46.04472,46.04472,46.04472,46.04472,41.78058635
LON,-95.62500,-92.81250,-90.00000,-87.18750,-95.62500,-92.81250,-90.00000,-87.18750,-95.62500,-92.81250,-90.00000,-87.18750,-95.62500,-92.81250,-90.00000,-87.18750,-95.62500,-92.81250,-90.00000,-87.18750,-95.62500,-92.81250,-90.00000,-87.18750,-95.62500,-92.81250,-90.00000,-87.18750,-95.62500,-92.81250,-90.00000,-87.18750,-90.252073
1958 3.6480010E-08 3.8210100E-08 4.1233736E-08 4.4027026E-08 3.8555832E-08 4.2847685E-08 4.1418389E-08 3.7649588E-08 4.0541128E-08 4.6787026E-08 4.2646725E-08 2.5111985E-08 3.7982787E-08 4.3539398E-08 4.3376662E-08 3.3785202E-08  294.0726 293.9505 293.6877 292.5975 293.0022 292.0325 291.8979 291.9573 291.0060 289.6495 289.5035 278.5923 288.9559 287.1156 286.6247 287.1327  29264.5
1959 4.0912052E-08 3.8483993E-08 3.8653813E-08 4.1340169E-08 4.1408530E-08 4.9259775E-08 4.6155048E-08 4.0630848E-08 4.1487606E-08 5.0421114E-08 4.9482601E-08 3.5395605E-08 3.7322184E-08 4.4580378E-08 4.4691784E-08 3.6871853E-08  294.2935 294.1235 293.8605 292.7590 293.0075 291.8100 291.5797 291.4965 290.9050 289.2765 288.8358 278.5923 288.7189 286.7629 286.1028 286.4274  41790.3
1960 2.9071899E-08 3.3194972E-08 3.6773724E-08 4.0343220E-08 3.4063564E-08 4.2027164E-08 4.3197350E-08 3.9902318E-08 3.8825760E-08 4.7550571E-08 4.6934883E-08 3.2428595E-08 3.7354447E-08 4.4108152E-08 4.3399037E-08 3.5009098E-08  295.5271 295.0021 294.4030 293.1385 293.6626 292.3612 291.9044 291.7097 290.8661 289.2364 288.7000 278.5923 288.2803 286.3306 285.5744 285.9430  117584
1961 3.3597967E-08 3.4539219E-08 3.4907579E-08 3.9554731E-08 3.5908545E-08 4.1299661E-08 4.1679559E-08 3.5981568E-08 3.5638337E-08 4.5326065E-08 4.4234735E-08 2.8460079E-08 3.4474791E-08 4.2651788E-08 4.2313040E-08 3.6252253E-08  295.2165 294.7573 294.2408 292.9427 293.7650 292.5106 292.0099 291.7982 291.4894 289.6398 289.0218 278.5922 288.7629 286.6930 285.8785 286.0728  63351.6
1962 3.2457152E-08 3.6030603E-08 3.7002973E-08 4.0331649E-08 3.4891940E-08 4.2893870E-08 4.5928129E-08 3.9909597E-08 3.5193391E-08 4.7159098E-08 4.8627697E-08 3.4947142E-08 3.5618552E-08 4.3779902E-08 4.3832827E-08 3.6742374E-08  295.1362 294.6325 294.1563 292.9912 293.7630 292.2563 291.6618 291.5951 291.6144 289.5500 288.9182 278.5922 289.0205 286.8913 286.0595 286.2771  84677.4
1963 3.5562163E-08 3.6887403E-08 3.8998007E-08 4.3057948E-08 3.7336928E-08 4.5262297E-08 4.6869179E-08 4.1861373E-08 4.0606171E-08 4.9796192E-08 5.1030664E-08 3.8160984E-08 4.1567947E-08 4.8130296E-08 4.7051756E-08 3.8694665E-08  295.4318 294.8513 294.2235 292.8977 293.8258 292.2880 291.5999 291.4104 291.1252 289.1780 288.4507 278.5922 288.6260 286.5499 285.7166 285.8494  56596.8
1964 3.6965968E-08 4.2393335E-08 4.7967461E-08 5.2422198E-08 4.2409198E-08 5.1952728E-08 5.2480775E-08 4.8557091E-08 4.2084451E-08 5.2606218E-08 5.3601735E-08 3.9378033E-08 4.3865750E-08 5.2349478E-08 5.0635769E-08 4.1449901E-08  295.2196 294.6635 294.1336 292.8310 293.3199 291.9648 291.5700 291.2979 290.5676 288.8380 288.3080 278.5922 287.9186 285.9100 285.2492 285.5028  68993.5
1965 3.7830556E-08 4.0745437E-08 4.5027836E-08 4.8359041E-08 3.8198792E-08 4.4841958E-08 4.5038298E-08 4.0224155E-08 3.6003367E-08 4.3803137E-08 4.0826801E-08 2.5625287E-08 3.4613095E-08 4.1664784E-08 4.2694687E-08 3.3306925E-08  295.0630 294.7657 294.2511 293.0837 293.8327 292.4753 292.0829 292.0793 291.5399 289.9715 289.4932 278.5922 289.1472 287.3052 286.6341 286.9938  157581
1966 3.6249723E-08 4.1025967E-08 4.4438330E-08 4.7165692E-08 3.7510851E-08 4.5224073E-08 4.5613735E-08 4.0578783E-08 4.1161329E-08 5.0160132E-08 4.9131604E-08 3.1938473E-08 3.6358522E-08 4.3125581E-08 4.4564004E-08 3.5751338E-08  294.7157 294.3082 293.7677 292.5795 293.4449 292.0446 291.5886 291.5137 291.0656 289.3509 288.9051 278.5923 289.1944 287.3280 286.4899 286.7949  73064.5
1967 3.4131663E-08 3.8243297E-08 4.2853642E-08 4.5712536E-08 3.9607748E-08 4.8475393E-08 5.1759177E-08 4.5684331E-08 3.7514248E-08 4.6534353E-08 4.5268077E-08 3.1940534E-08 3.4574398E-08 4.1295905E-08 4.1894619E-08 3.4630695E-08  295.2325 294.6116 294.0366 292.6900 293.6991 292.2565 291.6740 291.3588 291.4987 289.5781 288.8823 278.5923 289.3033 287.0937 286.1017 286.1993  56500
1968 3.1383376E-08 3.2717029E-08 3.5905295E-08 3.9383959E-08 3.5519637E-08 4.3148084E-08 4.4383036E-08 3.7880071E-08 3.9531876E-08 4.7833840E-08 4.5925162E-08 3.0773609E-08 3.7987505E-08 4.4659298E-08 4.3299238E-08 3.6163183E-08  295.3132 294.6501 294.0094 292.7740 293.7848 292.2885 291.7424 291.6543 291.3503 289.4820 288.9185 278.5922 288.8144 286.7370 286.0013 286.1347  57796.8
1969 3.6432823E-08 4.0356081E-08 4.6177696E-08 4.8232710E-08 3.7861700E-08 4.5924295E-08 4.8738176E-08 4.4278025E-08 3.9129890E-08 4.6249337E-08 4.5456567E-08 2.9382248E-08 3.7796511E-08 4.3000245E-08 4.1278113E-08 3.3007012E-08  294.8700 294.3378 293.7836 292.6816 293.4935 292.1176 291.7442 291.7299 291.3456 289.6344 289.1506 278.5922 289.3344 287.4044 286.7633 287.1551  119345
1970 3.4850579E-08 3.5292306E-08 3.7379539E-08 4.1259618E-08 3.7916006E-08 4.4051014E-08 4.2823427E-08 3.8117854E-08 3.9073328E-08 4.7952650E-08 4.6109214E-08 3.0888764E-08 3.9526409E-08 4.5962288E-08 4.4798306E-08 3.7030116E-08  295.0481 294.6536 294.2303 293.0230 293.6676 292.4721 292.0475 291.9458 291.1219 289.5291 289.1609 278.5922 288.7293 286.9364 286.3198 286.6648  67554.8
1971 3.4611869E-08 3.4609812E-08 3.9079673E-08 4.2932420E-08 3.8029874E-08 4.6456851E-08 5.1451092E-08 4.4191072E-08 3.8883744E-08 4.8066145E-08 4.7908845E-08 3.2114865E-08 3.4435761E-08 4.0394877E-08 4.1325606E-08 3.3990549E-08  295.7263 295.2893 294.6525 293.3236 293.6760 292.4306 291.8171 291.6648 290.9133 289.2534 288.7833 278.5923 288.3663 286.5415 285.8602 286.1922  69380.6
1972 4.0406047E-08 4.4762810E-08 4.9177103E-08 4.9699512E-08 4.4098520E-08 4.9483550E-08 4.9409177E-08 4.1806658E-08 4.1421806E-08 4.6410999E-08 4.5021199E-08 3.0508637E-08 3.8617571E-08 4.5535469E-08 4.4718977E-08 3.6192514E-08  294.4699 293.9673 293.4424 292.3501 293.2054 291.8717 291.3759 291.3137 290.9944 289.3477 288.8056 278.5923 288.7097 286.6788 285.8716 286.0711  98777.4
1973 3.4907764E-08 3.6663383E-08 4.0956753E-08 4.5902265E-08 3.8645489E-08 4.6924747E-08 5.3207231E-08 4.6952191E-08 4.4104468E-08 5.1131337E-08 4.8043411E-08 3.0869554E-08 3.8013983E-08 4.7727713E-08 4.8067292E-08 3.9560124E-08  294.9308 294.6396 294.3015 293.0552 293.5847 292.3900 291.9726 291.8755 291.0878 289.4366 289.0262 278.5923 288.9507 286.9906 286.1910 286.4105  128297
1974 3.3614850E-08 3.4993278E-08 3.6799960E-08 4.1306507E-08 3.7906119E-08 4.4642803E-08 4.7296076E-08 4.2380773E-08 3.6798834E-08 4.5266177E-08 4.4713161E-08 2.9963616E-08 3.8506215E-08 4.6143438E-08 4.5150450E-08 3.6805048E-08  295.0272 294.4192 293.9171 292.7150 293.1246 291.9015 291.5641 291.4546 290.5732 288.8665 288.5033 278.5923 287.8694 285.9626 285.3980 285.7910  88451.6
1975 2.9052341E-08 3.0169826E-08 3.5709601E-08 4.0521535E-08 3.3155043E-08 3.9131805E-08 4.3058915E-08 3.9053990E-08 3.8084845E-08 4.6856552E-08 4.4615565E-08 2.9301063E-08 3.5565535E-08 4.0746446E-08 3.9542211E-08 3.2193782E-08  295.9169 295.3633 294.6542 293.3371 294.3437 293.0485 292.3462 292.0488 291.8445 290.0627 289.5088 278.5922 289.2681 287.3197 286.6848 287.0824  149168
1976 3.6607357E-08 3.9546954E-08 4.2898606E-08 4.6776080E-08 3.2978985E-08 4.1730825E-08 4.4246871E-08 3.9956127E-08 3.3674166E-08 4.2120543E-08 4.1740254E-08 2.9053199E-08 3.6346414E-08 4.2463640E-08 4.1059685E-08 3.3419951E-08  294.8153 294.3892 293.8940 292.7700 293.4473 292.1249 291.6342 291.6150 291.3340 289.4546 288.8839 278.5923 288.5219 286.6112 285.8881 286.3936  50164.5
1977 3.3915477E-08 3.9367702E-08 4.4767990E-08 4.5760270E-08 3.7381927E-08 4.4892989E-08 4.5672422E-08 3.9917971E-08 3.5017568E-08 4.3982826E-08 4.3634547E-08 2.8190220E-08 3.5212814E-08 4.1248544E-08 4.1486381E-08 3.3978655E-08  295.5941 295.1446 294.6542 293.3748 294.2092 293.0087 292.6475 292.4332 291.9992 290.3425 289.7659 278.5923 289.4391 287.5100 286.6988 286.9420  23190.3
1978 3.8236635E-08 3.9614648E-08 4.3584755E-08 4.3138915E-08 3.4925772E-08 4.3479680E-08 4.6539093E-08 3.9068450E-08 3.7228659E-08 4.3189743E-08 4.0656982E-08 2.7571193E-08 3.8678589E-08 4.2239957E-08 4.1427263E-08 3.3664843E-08  294.8757 294.2923 293.8123 292.7636 293.5596 292.1793 291.6849 291.6510 291.1876 289.4203 289.0280 278.5922 288.4359 286.6439 286.0478 286.4208  59651.6
1979 3.8501110E-08 4.1123734E-08 4.1215561E-08 4.2312813E-08 3.7126792E-08 4.3105871E-08 4.4144375E-08 4.0463693E-08 3.5825352E-08 4.6650896E-08 4.4181142E-08 2.8988039E-08 3.5173745E-08 4.1978044E-08 4.3220652E-08 3.6693145E-08  294.4668 293.9758 293.5291 292.3861 293.2048 291.9313 291.4490 291.2520 291.1105 289.2839 288.7373 278.5922 289.0667 287.0244 286.1735 286.3687  132161
1980 3.8635168E-08 3.8569116E-08 4.1307977E-08 4.3720259E-08 3.9811127E-08 4.6946365E-08 4.5340467E-08 4.0607542E-08 3.9022886E-08 4.3033605E-08 4.0674717E-08 2.5889657E-08 3.4436791E-08 3.9115609E-08 3.9198696E-08 3.2741944E-08  294.9817 294.5781 294.0699 292.8724 293.7624 292.4525 292.2091 292.0880 291.6671 290.1657 289.7629 278.5923 289.6429 287.6725 286.9858 287.1847  31248.4
1981 3.3277697E-08 3.5201868E-08 3.9981906E-08 4.5667576E-08 3.7740243E-08 4.7087237E-08 4.8821004E-08 4.4073996E-08 3.6273324E-08 4.6433208E-08 4.7978826E-08 3.2235306E-08 3.6572391E-08 4.6067093E-08 4.9749953E-08 4.1133450E-08  295.5599 295.0690 294.4749 293.1572 293.8027 292.4075 291.8429 291.6685 291.2871 289.4654 288.8518 278.5922 288.7762 286.6506 285.7976 286.0488  58971
1982 4.0771329E-08 4.5825463E-08 4.7060560E-08 4.7338744E-08 4.5998146E-08 5.3160139E-08 5.4208929E-08 4.7273961E-08 4.3541728E-08 5.0793041E-08 5.0471648E-08 3.6156369E-08 4.2298861E-08 4.7557243E-08 4.5727148E-08 3.9212519E-08  294.4066 293.7126 293.2912 292.3556 292.7652 291.2370 290.9412 291.0744 290.3208 288.6215 288.3138 277.9013 288.2285 286.2473 285.7682 286.0518  111629
1983 4.3942606E-08 4.7241745E-08 4.8719691E-08 5.1602193E-08 4.2850946E-08 4.6875577E-08 4.5748330E-08 4.0638756E-08 3.8431345E-08 4.5026603E-08 4.1497451E-08 2.3417643E-08 4.0591683E-08 4.5330069E-08 4.0025245E-08 3.0959072E-08  293.5921 293.5279 293.5871 292.6551 292.5049 291.5370 291.5995 291.8071 290.7745 289.4272 289.2440 278.5963 288.9879 287.2827 286.8027 287.2029  100303
1984 2.5769300E-08 2.7747051E-08 3.3610689E-08 4.1078792E-08 2.9178683E-08 3.6496260E-08 3.9494324E-08 3.5865824E-08 3.2636230E-08 4.0814921E-08 3.8654662E-08 2.4606715E-08 3.4954049E-08 4.1999034E-08 4.1195342E-08 3.2951082E-08  296.2808 295.7570 295.0472 293.6447 294.5780 293.3362 292.9273 292.8314 292.2754 290.7112 290.3400 278.2375 289.7054 287.7826 287.2260 287.6098  110813
1985 3.6182680E-08 4.1049962E-08 4.6918522E-08 5.1386852E-08 3.8468080E-08 5.0257071E-08 5.5347982E-08 4.9205724E-08 3.9944180E-08 5.1231012E-08 5.4004072E-08 3.8412040E-08 3.5060108E-08 4.3837918E-08 4.4625963E-08 3.7427832E-08  295.9249 295.4743 294.8557 293.3893 293.9728 292.6258 291.9395 291.6897 291.0948 289.0896 288.4038 278.4814 288.3633 286.1805 285.3145 285.4796  86361.3
1986 4.3319229E-08 4.3793818E-08 4.3937103E-08 4.3139430E-08 4.1835854E-08 4.9147300E-08 4.9557148E-08 4.1327365E-08 4.0927883E-08 4.8366832E-08 4.5445329E-08 2.8392888E-08 3.4703302E-08 4.2205958E-08 4.2945278E-08 3.5168597E-08  294.8343 294.5844 294.2115 293.1124 293.5588 292.3128 291.9976 292.0183 291.3992 289.8189 289.4880 278.1874 289.2847 287.5080 286.8698 287.1467  128194
1987 4.4262759E-08 4.4276558E-08 4.5515343E-08 4.7261970E-08 3.6272194E-08 4.2828038E-08 4.2428841E-08 3.4809997E-08 3.6024076E-08 4.2742151E-08 4.0592969E-08 2.2754145E-08 3.9216243E-08 4.4134683E-08 4.1152553E-08 3.1182417E-08  294.3024 294.1787 293.9633 292.9904 293.8264 292.6625 292.4636 292.6054 292.3716 290.7567 290.4096 278.8823 290.3522 288.5269 287.9024 288.1619  39290.3
1988 3.5206380E-08 3.6945430E-08 3.9285240E-08 4.6146056E-08 3.6662705E-08 4.9302546E-08 5.4137846E-08 4.9587936E-08 3.2847471E-08 4.6692346E-08 5.0212318E-08 3.5711153E-08 3.1711984E-08 3.9995779E-08 4.1985341E-08 3.5399246E-08  295.3706 295.1325 294.7122 293.4467 293.7381 292.5248 292.1091 291.8822 291.5009 289.7256 289.0799 278.3679 288.8156 286.9491 286.2000 286.4051  33971
1989 3.0838777E-08 3.0914194E-08 3.2120845E-08 3.5251855E-08 3.4467568E-08 4.0747281E-08 4.0794710E-08 3.5437907E-08 3.6336399E-08 4.4798391E-08 4.4034689E-08 2.9392217E-08 3.1221241E-08 3.8733770E-08 3.8197498E-08 3.1907941E-08  296.5158 295.9729 295.3188 293.8908 294.8163 293.4584 292.9459 292.6769 292.2335 290.4107 289.8452 278.1991 289.5523 287.5366 286.9115 287.1013  45732.3
1990 3.9775411E-08 4.3548170E-08 4.8705235E-08 5.4195244E-08 4.4412214E-08 5.5202371E-08 5.6086371E-08 4.8035059E-08 4.8315439E-08 5.9101215E-08 5.3057104E-08 3.7042867E-08 3.8997388E-08 4.4558341E-08 4.4169816E-08 3.7723844E-08  295.1602 294.6377 294.0391 292.9185 293.5799 292.2292 291.6843 291.6074 290.9405 289.1260 288.6696 278.5302 288.6982 286.8783 286.1310 286.4613  65222.6
1991 4.6181849E-08 4.9348820E-08 5.4630910E-08 5.8385297E-08 4.3203638E-08 4.8828873E-08 5.1370534E-08 4.8281052E-08 4.1122245E-08 4.8877357E-08 4.4038163E-08 2.6451493E-08 3.8004291E-08 4.3907249E-08 4.1754873E-08 3.1304392E-08  295.0101 294.5947 294.2399 293.1493 293.8320 292.6355 292.2445 292.2327 291.6919 289.9935 289.7327 278.8615 289.7566 287.9486 287.3134 287.8209  106897
1992 4.6483891E-08 4.7641521E-08 4.6420869E-08 4.2301373E-08 4.1646921E-08 4.5809841E-08 4.4882192E-08 3.8325354E-08 3.9259540E-08 4.2429932E-08 3.9203790E-08 2.4887713E-08 3.5760387E-08 4.0880394E-08 3.9726213E-08 3.0090153E-08  294.3368 294.1347 293.9787 293.1184 293.8469 292.6223 292.4138 292.4882 292.5406 290.9420 290.5770 278.3770 290.5784 288.7365 288.1340 288.4251  80651.6
1993 4.2653102E-08 4.7240320E-08 4.9337356E-08 5.2602445E-08 4.3433310E-08 4.8771767E-08 4.9894357E-08 4.3370928E-08 3.8079293E-08 4.5188866E-08 4.4390585E-08 3.1025884E-08 3.4615564E-08 4.1022165E-08 4.1714316E-08 3.4766174E-08  294.2184 294.0051 293.7984 292.7863 293.2373 291.9933 291.8306 291.9709 291.3723 289.7098 289.2423 278.3498 289.1172 287.0809 286.4187 286.6589  138161
1994 3.9679506E-08 4.0129532E-08 4.3965162E-08 4.5675083E-08 3.7827959E-08 4.4850335E-08 4.6200050E-08 4.1169553E-08 3.7609198E-08 4.6154824E-08 4.4338698E-08 3.0351949E-08 3.5497592E-08 4.3481123E-08 4.4966026E-08 3.7486842E-08  294.6116 294.2246 293.9619 292.9820 293.7060 292.2648 292.0245 292.0623 291.6562 289.9019 289.5069 278.0485 289.5988 287.5053 286.6740 286.8512  105939
1995 3.6188332E-08 4.1277648E-08 4.4175334E-08 4.7895025E-08 3.6804547E-08 4.4912930E-08 4.7573984E-08 4.3747967E-08 3.8675193E-08 4.7229062E-08 4.5846274E-08 2.8460432E-08 3.9492324E-08 4.4595552E-08 4.2442807E-08 3.5369844E-08  295.0517 294.5237 294.0104 292.6708 293.5417 292.2341 291.7497 291.4797 291.3201 289.5595 289.0169 278.6897 288.9173 287.0164 286.3808 286.5543  103552
1996 3.1006323E-08 3.2850501E-08 3.8824346E-08 4.3640412E-08 3.2279466E-08 4.2992038E-08 4.6746774E-08 4.2435293E-08 3.2815166E-08 4.5539718E-08 4.8409955E-08 3.4245325E-08 3.5312553E-08 4.3682434E-08 4.4487063E-08 3.7259383E-08  295.9892 295.2867 294.6022 293.3767 294.7098 293.1639 292.3811 292.0958 292.3068 290.1853 289.4338 277.6431 289.2798 287.1909 286.3541 286.5260  125377
1997 3.7343867E-08 3.8982428E-08 4.1840810E-08 4.6163418E-08 3.9066951E-08 4.4772861E-08 4.5501039E-08 4.0711658E-08 4.5255202E-08 5.1268149E-08 4.6986948E-08 3.1197494E-08 4.0622872E-08 4.4857167E-08 4.3156273E-08 3.4448110E-08  295.0027 294.4059 293.9182 292.6650 293.7104 292.1522 291.5397 291.4308 291.1129 289.1333 288.6495 278.2240 288.6625 286.6724 285.8933 286.1559  96429
1998 4.4832024E-08 4.6407742E-08 4.8495089E-08 5.3556857E-08 4.4556696E-08 5.1805806E-08 5.1222457E-08 4.4604715E-08 4.2544659E-08 4.5695284E-08 4.1084338E-08 2.5198572E-08 3.9038888E-08 4.5557041E-08 4.3377440E-08 3.3223508E-08  294.5722 294.4212 294.2475 293.2863 293.4398 292.4547 292.3760 292.4120 291.5332 290.2645 290.2010 279.3169 289.5528 287.9434 287.5754 288.1756  58500
1999 2.6181752E-08 2.8077324E-08 3.1747824E-08 3.8520820E-08 3.5562117E-08 4.5411699E-08 4.7214076E-08 4.1304943E-08 3.8044899E-08 5.1137103E-08 5.2964747E-08 3.6635598E-08 3.3832901E-08 4.2546056E-08 4.1341480E-08 3.4064019E-08  298.2951 297.7109 296.7664 295.2640 295.4576 294.1381 293.5591 293.3280 292.1757 290.4645 289.9004 279.1336 289.3469 287.5552 286.9888 287.3416  109506
2000 3.0471949E-08 3.3232393E-08 3.8890391E-08 4.3764956E-08 4.0045894E-08 4.7813447E-08 4.9618652E-08 4.2451013E-08 4.1233456E-08 5.0758828E-08 4.7836028E-08 3.2389348E-08 3.5433899E-08 4.2604793E-08 4.2100531E-08 3.5105700E-08  297.5831 296.9062 295.8182 294.1726 295.0397 293.7186 292.9466 292.6926 292.1024 290.2763 289.6824 279.4305 289.3465 287.3623 286.6300 286.9560  50380.6
2001 3.1880955E-08 3.5948798E-08 4.2618240E-08 4.6378112E-08 3.2936267E-08 4.0121840E-08 4.3806182E-08 3.7918852E-08 3.1458089E-08 4.0385856E-08 3.8774555E-08 2.3599657E-08 3.1760887E-08 3.9434347E-08 3.9646409E-08 3.1047165E-08  296.7152 296.0849 295.4212 294.1475 295.5605 294.2591 293.5901 293.3271 293.4115 291.6531 291.0570 278.5962 290.8078 288.6802 287.8681 287.9622  185161
2002 3.7695425E-08 3.9013369E-08 4.0915928E-08 4.3752529E-08 4.1035513E-08 5.2965149E-08 4.9969270E-08 4.2234056E-08 4.6747871E-08 5.4531696E-08 5.2119564E-08 3.4220641E-08 4.2207891E-08 4.9811490E-08 4.9513677E-08 3.9295749E-08  296.0174 295.5922 295.0810 293.8917 294.7382 293.3842 292.8138 292.7144 292.0898 290.3784 289.8987 279.2227 289.5439 287.6336 286.6896 287.0231  97480.6
2003 3.6614747E-08 4.0179994E-08 4.4008473E-08 4.6775050E-08 3.8737856E-08 4.9285955E-08 5.0161418E-08 4.5214314E-08 4.2552841E-08 4.9478803E-08 4.7467850E-08 3.0807882E-08 3.8696069E-08 4.3108543E-08 4.2358227E-08 3.4681857E-08  295.1513 294.8495 294.2908 293.0872 293.7925 292.6281 292.1914 292.0683 291.5599 289.8998 289.4709 278.3499 289.3512 287.4640 286.7393 287.0219  113642
2004 3.6417116E-08 3.9818953E-08 4.3577824E-08 4.9361091E-08 3.6845559E-08 4.5919723E-08 4.7859650E-08 4.4217270E-08 3.7251262E-08 4.5610186E-08 4.6723589E-08 3.2280830E-08 3.5168544E-08 4.3727706E-08 4.3732182E-08 3.7006465E-08  295.9943 295.4963 295.0683 293.8698 294.7546 293.3638 292.8249 292.5811 292.5958 290.7692 290.1289 278.9168 290.0202 288.0544 287.3027 287.4622  73625.8
2005 3.9691784E-08 4.3127741E-08 4.5247237E-08 4.6327379E-08 4.0239005E-08 4.8003390E-08 4.6519489E-08 3.9934697E-08 3.9616289E-08 4.6651152E-08 4.3428365E-08 2.7084218E-08 3.8046071E-08 4.3549758E-08 4.2235236E-08 3.4701703E-08  295.1858 294.5943 294.0726 292.9076 293.9208 292.6077 292.1548 292.0269 292.1250 290.3743 289.8614 279.4102 289.9690 288.1166 287.3462 287.5473  62622.6
2006 3.3659177E-08 3.6190897E-08 4.0875289E-08 4.6793318E-08 3.5088007E-08 4.6153179E-08 5.1613753E-08 4.7544916E-08 3.8041318E-08 5.0549037E-08 5.0847195E-08 3.7442263E-08 3.6887350E-08 4.6089035E-08 4.5660403E-08 3.8687364E-08  295.9700 295.3051 294.7417 293.5328 294.4009 292.9586 292.3424 292.1871 291.5854 289.6416 289.1218 279.2755 288.9008 286.8785 286.1702 286.4389  86441.9
2007 3.5106886E-08 3.7080351E-08 3.7926355E-08 4.3684523E-08 3.9859689E-08 4.8260063E-08 4.9969586E-08 4.3341153E-08 4.0581359E-08 4.9401454E-08 4.8497018E-08 3.1908279E-08 3.6046277E-08 4.1788073E-08 4.3356437E-08 3.5078141E-08  295.8924 295.4312 294.7792 293.4271 294.3668 292.9482 292.3777 292.1798 291.9796 290.1072 289.4384 278.7979 289.6990 287.6306 286.6793 286.7780  53654.8
2008 3.0058654E-08 3.2034499E-08 3.5106179E-08 3.9744414E-08 3.3308478E-08 4.0120934E-08 4.0979440E-08 3.4875960E-08 3.5913256E-08 4.4743956E-08 4.2438995E-08 2.7004027E-08 3.7069281E-08 4.4589633E-08 4.3930747E-08 3.5902261E-08  296.4095 295.4876 294.6161 293.2446 294.3253 292.7765 292.0136 291.8510 291.5692 289.7415 289.1997 278.8382 288.8297 286.7282 285.9854 286.2875  128106
2009 3.6701213E-08 4.2182908E-08 4.3894531E-08 4.7139686E-08 4.0524579E-08 4.7561716E-08 4.7073151E-08 4.1671871E-08 3.8994202E-08 4.7979793E-08 4.8782343E-08 3.3541689E-08 3.8883076E-08 4.5804882E-08 4.6130904E-08 3.7973781E-08  295.8585 295.3008 294.8174 293.6126 294.4703 293.0562 292.4041 292.1064 292.1501 290.0817 289.3375 278.7722 289.4673 287.3120 286.4527 286.5770  60616.1
2010 3.7347913E-08 3.8940801E-08 4.1760181E-08 4.3440139E-08 3.8733099E-08 4.4075943E-08 4.3744514E-08 3.9671004E-08 3.8959982E-08 4.5659775E-08 4.2744183E-08 2.7344800E-08 3.9630624E-08 4.5395328E-08 4.2774623E-08 3.3844039E-08  0.0000000E+00 0.0000000E+00 0.0000000E+00 0.0000000E+00 0.0000000E+00 0.0000000E+00 0.0000000E+00 0.0000000E+00 0.0000000E+00 0.0000000E+00 0.0000000E+00 0.0000000E+00 0.0000000E+00 0.0000000E+00 0.0000000E+00 0.0000000E+00  60316.1
2011 3.3331126E-08 3.7237673E-08 4.0174232E-08 4.4202277E-08 3.7193043E-08 4.5498343E-08 4.6592493E-08 3.9619021E-08 3.5632855E-08 4.4003770E-08 4.2015515E-08 2.8361889E-08 3.4479285E-08 4.1438195E-08 4.0690523E-08 3.2554734E-08  295.9955 295.3587 294.6623 293.3419 293.6848 292.3388 291.7932 291.7331 291.1822 289.5041 289.0531 278.6329 288.7430 286.9065 286.3830 286.7428  131161
2012 3.7994319E-08 4.0049184E-08 4.4903000E-08 4.8556494E-08 3.6997626E-08 4.5830777E-08 4.6976751E-08 4.1306251E-08 3.8715211E-08 4.8707790E-08 4.6911016E-08 3.0706506E-08 4.1456197E-08 4.8966097E-08 4.8182741E-08 3.9082945E-08  295.3412 295.1078 294.6729 293.4169 293.9824 292.7725 292.2815 292.1043 291.5210 289.7440 289.3301 280.3017 288.6627 286.8251 286.0660 286.2638  72351.6
2013 3.6931510E-08 3.9560391E-08 4.2201282E-08 4.4388312E-08 4.0463867E-08 4.9002118E-08 5.1163230E-08 4.3492935E-08 3.8929443E-08 5.0388643E-08 4.7371508E-08 3.2455656E-08 3.1468694E-08 3.9541803E-08 3.9224837E-08 3.3400791E-08  295.7278 295.3218 294.8093 293.5656 293.9636 292.6897 292.1397 292.0072 291.4170 289.5829 289.0729 278.8561 288.9063 286.9171 286.1555 286.3834  133903
2014 3.6003438E-08 3.6957950E-08 3.8110507E-08 4.2807336E-08 4.1949647E-08 4.9121411E-08 5.0641287E-08 4.3768175E-08 4.0846690E-08 4.8694268E-08 4.7769102E-08 3.2975731E-08 3.6970285E-08 4.2225611E-08 4.1909825E-08 3.4911928E-08  295.5875 295.1759 294.7511 293.5997 293.9539 292.7487 292.3439 292.3047 291.4972 289.8370 289.4565 277.8906 289.1709 287.2004 286.4997 286.8970  152484
2015 4.0366199E-08 4.1314458E-08 4.3232017E-08 4.3752515E-08 4.1081492E-08 4.3635531E-08 4.1994905E-08 3.5166202E-08 4.3399190E-08 4.8164225E-08 4.2860815E-08 2.7812836E-08 4.1082984E-08 4.3275431E-08 4.0005506E-08 3.0965136E-08  295.3370 294.8870 294.3969 293.1516 294.0163 292.8760 292.3062 292.2430 291.8042 290.0606 289.5027 278.4533 289.5284 287.7365 286.9104 287.1801  53961.3
