STN,prec_1,prec_2,prec_3,prec_4,prec_5,prec_6,prec_7,prec_8,prec_9,prec_10,prec_11,prec_12,prec_13,prec_14,prec_15,prec_16,st_1,st_2,st_3,st_4,st_5,st_6,st_7,st_8,st_9,st_10,st_11,st_12,st_13,st_14,st_15,st_16,03.0
LAT,37.67308,37.67308,37.67308,37.67308,40.46365,40.46365,40.46365,40.46365,43.25420,43.25420,43.25420,43.25420,46.04472,46.04472,46.04472,46.04472,37.67308,37.67308,37.67308,37.67308,40.46365,40.46365,40.46365,40.46365,43.25420,43.25420,43.25420,43.25420,46.04472,46.04472,46.04472,46.04472,41.78058635
LON,-95.62500,-92.81250,-90.00000,-87.18750,-95.62500,-92.81250,-90.00000,-87.18750,-95.62500,-92.81250,-90.00000,-87.18750,-95.62500,-92.81250,-90.00000,-87.18750,-95.62500,-92.81250,-90.00000,-87.18750,-95.62500,-92.81250,-90.00000,-87.18750,-95.62500,-92.81250,-90.00000,-87.18750,-95.62500,-92.81250,-90.00000,-87.18750,-90.252073
1958 3.5189565E-08 3.9251969E-08 4.7091035E-08 5.3565863E-08 2.9608229E-08 3.5327570E-08 4.1919549E-08 4.2155634E-08 2.4794366E-08 2.9205825E-08 3.1722653E-08 3.0278976E-08 1.8309713E-08 2.1341904E-08 2.4770841E-08 2.6204692E-08  281.3290 280.9200 280.5197 279.5109 278.9004 277.1216 276.6355 277.0941 274.6571 272.7387 273.3353 275.4747 272.3091 270.9720 270.8613 271.6380  32200
1959 3.1772664E-08 3.6243929E-08 4.7027374E-08 5.4334365E-08 2.6772353E-08 3.4146915E-08 4.1977717E-08 4.1443499E-08 1.9357117E-08 2.6207109E-08 2.9870662E-08 2.7949675E-08 1.5534296E-08 1.9498511E-08 2.3275195E-08 2.5256501E-08  281.8646 281.7445 281.4754 280.3797 279.3291 277.9745 277.5771 277.9633 274.8312 272.5733 273.2870 275.4747 271.8088 270.2317 270.4660 271.6143  40954.8
1960 3.0398169E-08 3.6861582E-08 4.4580233E-08 4.9972687E-08 2.5444061E-08 3.3111515E-08 4.0380527E-08 4.0079069E-08 2.1577097E-08 2.8231481E-08 3.2117626E-08 3.0536867E-08 1.8670814E-08 2.3381277E-08 2.6398570E-08 2.8530458E-08  281.9818 281.8031 281.6901 280.5918 279.3731 277.9637 277.5855 277.9240 274.9046 272.6952 273.4008 275.4744 271.7935 269.9525 270.0643 271.2132  31058.1
1961 2.7283891E-08 3.6027480E-08 4.8738876E-08 5.9681618E-08 2.5856387E-08 3.4872663E-08 4.5153712E-08 4.6313911E-08 2.6065495E-08 3.3691457E-08 3.6906616E-08 3.5345305E-08 2.2127754E-08 2.8052924E-08 3.1319949E-08 3.2950975E-08  281.5546 281.4923 281.4409 280.4058 278.4970 277.0956 276.8701 277.3088 273.3048 271.4446 272.1155 275.4748 270.3133 269.1226 269.4678 270.5892  58112.9
1962 3.0290845E-08 3.8653511E-08 4.8993495E-08 5.8614628E-08 2.4954220E-08 3.6505590E-08 4.7027580E-08 4.8236572E-08 2.0681675E-08 2.8499333E-08 3.5054622E-08 3.3862975E-08 1.8437586E-08 2.2763293E-08 2.6253547E-08 2.8335508E-08  283.1205 282.9144 282.8164 281.6134 279.9048 278.4698 278.1400 278.3327 274.8487 272.6739 273.2724 275.4747 271.5647 269.9448 270.0020 270.8511  48067.7
1963 2.5361407E-08 3.2850501E-08 4.4098211E-08 5.2882957E-08 1.9875197E-08 2.7602507E-08 3.7065121E-08 3.8794198E-08 1.8208345E-08 2.4855506E-08 2.9081036E-08 2.9445872E-08 1.8460598E-08 2.3753060E-08 2.7013471E-08 2.9343743E-08  281.7522 281.5165 281.4553 280.3304 278.4189 277.1815 277.0692 277.2841 273.1704 271.4470 272.1450 275.4747 269.6487 268.6825 268.8303 269.8486  52541.9
1964 3.1761449E-08 3.7960469E-08 4.4296414E-08 4.7322040E-08 2.5566681E-08 3.5333123E-08 4.2947022E-08 4.0457149E-08 2.0124157E-08 2.7589683E-08 3.3179287E-08 3.2097521E-08 1.8425004E-08 2.3019899E-08 2.6979446E-08 2.8772938E-08  282.0390 281.7041 281.3631 280.2192 279.4218 277.6964 277.3190 277.5673 274.7171 272.0865 272.5838 275.4744 271.6259 269.9122 269.8848 270.8736  25280.6
1965 3.2864602E-08 4.1508432E-08 5.0405085E-08 5.3403472E-08 2.6563587E-08 3.5551540E-08 4.4752749E-08 4.3415728E-08 2.2486532E-08 2.9309520E-08 3.3467039E-08 3.1557750E-08 2.0172692E-08 2.3360615E-08 2.4362990E-08 2.5005512E-08  282.5806 282.5153 282.4064 281.1205 279.7065 278.3515 277.9394 278.0701 275.0269 272.8849 273.1411 275.4747 271.6728 270.0130 269.9135 270.8334  48703.2
1966 3.4211730E-08 3.5322699E-08 4.0414079E-08 4.6919347E-08 2.6068271E-08 3.1244468E-08 3.4396287E-08 3.4458441E-08 2.4102549E-08 2.9574226E-08 3.0586389E-08 2.7444779E-08 1.9279128E-08 2.2944484E-08 2.5468209E-08 2.6437814E-08  281.6738 281.5436 281.2682 280.1444 279.2495 277.9979 277.6598 277.8343 274.5380 272.8487 273.5500 275.4747 271.9977 270.8374 270.9541 271.6943  84638.7
1967 2.6533433E-08 3.5032407E-08 4.7175824E-08 5.6360342E-08 2.3856815E-08 3.3700864E-08 4.3659966E-08 4.4685724E-08 2.0679709E-08 2.8043416E-08 3.1799349E-08 3.0528938E-08 1.8237161E-08 2.2717973E-08 2.5851165E-08 2.7152762E-08  281.6344 281.4930 281.2738 280.1835 278.7473 277.0991 276.8064 277.1834 274.1439 271.8889 272.5215 275.4748 271.3581 269.6592 269.7516 270.8977  46232.3
1968 2.7793396E-08 3.3153068E-08 4.2819543E-08 5.0259629E-08 2.2383510E-08 3.0003527E-08 3.7551487E-08 3.8846693E-08 1.9226745E-08 2.5449163E-08 2.9372195E-08 2.7465608E-08 1.8834546E-08 2.2824080E-08 2.5302908E-08 2.6867905E-08  281.9112 281.5451 281.2439 280.0686 279.1533 277.4617 276.9057 277.0271 274.6983 272.5430 272.7400 275.4744 271.3568 269.7495 269.7147 270.6179  27754.8
1969 2.8868344E-08 3.2866097E-08 3.8409802E-08 4.2330143E-08 2.2831045E-08 2.6566523E-08 3.0185070E-08 3.0363459E-08 1.8364062E-08 2.1461975E-08 2.1649958E-08 2.0046178E-08 1.4581777E-08 1.8666446E-08 2.0582686E-08 2.0492465E-08  282.8919 282.4365 281.9275 280.5403 280.8146 279.0560 278.4461 278.4144 276.9095 274.5203 274.5820 275.4748 274.1682 272.3979 272.0422 272.6562  57264.5
1970 3.0888142E-08 3.6516301E-08 4.3594692E-08 4.7542720E-08 2.4079016E-08 3.0149767E-08 3.5680490E-08 3.5215027E-08 2.0333323E-08 2.4888621E-08 2.7408186E-08 2.5437579E-08 1.8415633E-08 2.2028111E-08 2.4473756E-08 2.5896735E-08  281.5749 281.2706 281.1272 280.0065 279.1032 277.6107 277.3242 277.5541 275.0010 273.1868 273.4682 275.4747 271.7399 270.2654 270.4294 271.2302  38522.6
1971 2.5430122E-08 3.5801406E-08 4.8908650E-08 5.8050279E-08 2.3251255E-08 3.2808078E-08 4.2954621E-08 4.4673630E-08 2.2410752E-08 2.8866340E-08 3.3068456E-08 3.1366000E-08 2.1161670E-08 2.6006374E-08 2.9425433E-08 3.0580118E-08  282.5111 282.4644 282.3263 281.2286 278.9807 277.7196 277.3699 277.7816 273.6151 271.8089 272.5759 275.4748 269.8958 268.7449 269.0963 270.1593  61158.1
1972 2.7197753E-08 3.3532494E-08 4.3554600E-08 5.4644115E-08 2.4948415E-08 3.1651311E-08 3.8430432E-08 3.9996674E-08 2.2808303E-08 2.8090273E-08 2.9625106E-08 2.8265790E-08 1.9441458E-08 2.5013460E-08 2.7780157E-08 2.8387248E-08  282.4413 282.2076 281.9683 280.6072 279.1491 277.8658 277.5124 277.5676 273.8719 272.0278 272.7428 275.4744 270.1228 268.8154 269.0930 270.3729  57767.7
1973 3.8981639E-08 4.4874593E-08 5.3342099E-08 5.5353240E-08 3.4270006E-08 4.3222354E-08 4.7727770E-08 4.5221601E-08 2.5918471E-08 3.4039804E-08 3.5736264E-08 3.1620157E-08 1.8655092E-08 2.5391801E-08 2.7631197E-08 2.6373929E-08  280.6108 280.4032 280.0900 278.9299 277.9930 276.2194 276.0438 276.5342 273.0048 271.2706 272.0666 275.4748 270.8617 269.6017 269.9632 271.1571  127510
1974 3.1109966E-08 4.0134690E-08 5.1981594E-08 6.1307858E-08 2.6634405E-08 3.9423718E-08 5.2082438E-08 5.3388675E-08 2.3455181E-08 3.4138210E-08 4.1086153E-08 3.9739586E-08 2.0346274E-08 2.7020361E-08 3.0738008E-08 3.2510169E-08  281.7874 281.8571 282.0404 281.2209 278.4438 277.0664 276.9758 277.5081 273.3129 271.2696 272.0790 275.4747 269.9387 268.8531 269.0151 270.1544  60241.9
1975 2.9697198E-08 3.7818687E-08 4.9070866E-08 5.7273304E-08 2.7968394E-08 3.6374956E-08 4.5722750E-08 4.5934758E-08 2.6138013E-08 3.2540907E-08 3.6072962E-08 3.3825124E-08 2.1107812E-08 2.6488706E-08 2.9065429E-08 3.0245079E-08  282.5670 282.3519 282.2162 281.1018 279.4424 278.0609 277.8577 277.9470 274.5892 272.6584 273.0951 275.4747 271.2758 270.0170 270.2181 271.3723  48754.8
1976 2.5693248E-08 3.2176374E-08 4.2591406E-08 5.3073954E-08 2.4107379E-08 3.2035228E-08 4.1848629E-08 4.3390006E-08 2.3820906E-08 3.0956397E-08 3.5740438E-08 3.4765705E-08 2.1775435E-08 2.8286298E-08 3.3082333E-08 3.5116230E-08  281.9960 281.8535 281.8452 280.7104 278.2526 277.0811 277.0096 277.5215 272.6919 270.6941 271.8255 275.4744 269.2067 268.3984 268.8904 270.1323  64600
1977 3.7180698E-08 4.4494186E-08 5.3964310E-08 5.8237422E-08 2.9137807E-08 3.6598884E-08 4.1955769E-08 3.9506478E-08 2.2951422E-08 2.8002431E-08 2.9783118E-08 2.7597034E-08 1.8635307E-08 2.2805198E-08 2.5752890E-08 2.7047120E-08  280.5948 280.6055 280.6281 279.6952 277.9940 276.6328 276.6876 277.2430 273.5920 271.7845 272.4941 275.4747 270.8769 269.7593 270.0051 271.0349  34658.1
1978 2.8417489E-08 3.3407982E-08 3.8875612E-08 4.4882338E-08 2.4490586E-08 3.0957384E-08 3.5517104E-08 3.4450260E-08 2.1629738E-08 2.8757302E-08 3.1846159E-08 2.9732822E-08 1.6879154E-08 2.2894453E-08 2.7076883E-08 2.9195197E-08  281.4985 281.0740 280.7423 279.6228 278.7291 277.0478 276.7541 276.9843 274.0126 271.7601 272.3175 275.4747 271.1750 269.9947 270.0546 270.7944  30183.9
1979 2.6839928E-08 3.3620683E-08 4.4823839E-08 5.1955013E-08 2.5050539E-08 3.2666122E-08 4.0453827E-08 4.1799787E-08 2.1205553E-08 2.8787756E-08 3.3362245E-08 3.1915626E-08 1.9279671E-08 2.4465944E-08 2.8419123E-08 3.0366028E-08  282.1515 281.7959 281.5094 280.2794 279.0746 277.6053 277.3805 277.6350 274.0020 272.0137 272.6436 275.4747 270.5200 269.2150 269.4485 270.5494  60506.5
1980 2.6556540E-08 3.2197711E-08 3.9299039E-08 4.3298257E-08 2.2191045E-08 2.7067246E-08 3.1543205E-08 3.1339724E-08 1.9086640E-08 2.3788436E-08 2.5169589E-08 2.3624366E-08 1.5686103E-08 2.0302579E-08 2.2652305E-08 2.3182045E-08  282.0646 281.5352 281.0716 279.7173 279.4096 277.5390 276.8940 276.9876 275.2335 272.7972 272.8807 275.4744 272.3574 270.5393 270.3735 271.0815  44977.4
1981 3.1560020E-08 3.8052399E-08 4.6070866E-08 5.1654968E-08 2.4310621E-08 3.3976630E-08 4.2447777E-08 4.1709271E-08 1.9634664E-08 2.7286116E-08 3.1958145E-08 3.0425465E-08 1.6071709E-08 2.1879561E-08 2.5226523E-08 2.6203203E-08  280.7005 280.5195 280.2292 279.1951 277.8416 276.0991 275.6715 276.0847 272.8288 270.4280 270.9140 275.4747 269.9873 268.3754 268.5002 269.6665  40554.8
1982 2.9709117E-08 3.6534139E-08 4.6727916E-08 5.3424802E-08 2.6467960E-08 3.5360486E-08 4.4881098E-08 4.6337075E-08 2.2266301E-08 2.9197446E-08 3.2294313E-08 3.0803260E-08 1.8530262E-08 2.4179103E-08 2.7842930E-08 2.9976132E-08  281.8202 281.6289 281.4905 280.2162 278.6037 277.2673 276.8830 277.1691 273.9236 271.8893 272.4966 275.7724 270.3378 268.8772 269.1013 270.3859  54296.8
1983 4.1329475E-08 4.8177192E-08 6.0624146E-08 7.0615869E-08 3.2152844E-08 3.8091613E-08 4.4706002E-08 4.7630323E-08 2.5226271E-08 3.0103042E-08 3.2381678E-08 3.1348048E-08 2.0285437E-08 2.5146075E-08 2.7717096E-08 2.8407268E-08  278.7291 278.5818 278.7203 277.9530 276.1795 274.6156 275.1604 275.9515 271.7950 270.4639 271.7841 276.0706 270.0235 269.4620 269.9679 271.1024  121035
1984 3.0478418E-08 3.5954269E-08 4.3819146E-08 4.9250406E-08 2.5374730E-08 3.3394333E-08 4.0202082E-08 3.9615458E-08 2.2488823E-08 2.8595119E-08 3.2205183E-08 2.9932377E-08 2.0380853E-08 2.5948340E-08 2.9384335E-08 3.0109607E-08  282.4396 282.3592 282.1929 280.7670 279.4900 277.9869 277.5589 277.7497 274.9489 272.5233 272.9792 275.2801 271.7476 270.0591 269.8997 270.9377  68693.5
1985 2.5672700E-08 3.4226666E-08 4.6230483E-08 5.3217509E-08 2.1666201E-08 3.1622328E-08 4.2122732E-08 4.4477449E-08 2.0750047E-08 3.0148822E-08 3.5789480E-08 3.4225199E-08 2.0495570E-08 2.6762109E-08 3.0040191E-08 3.1919978E-08  283.1513 283.0913 283.0176 281.7533 280.1522 278.8907 278.5659 278.6256 274.9587 272.8389 273.3315 275.6207 271.2040 269.4522 269.6287 270.9284  84016.1
1986 2.9103962E-08 3.5887396E-08 4.5938133E-08 5.2918057E-08 2.1053410E-08 2.7759326E-08 3.5757292E-08 3.7245936E-08 1.6493436E-08 2.1415882E-08 2.5719224E-08 2.6268097E-08 1.4752567E-08 1.8683671E-08 2.1502169E-08 2.4410664E-08  280.4278 280.3344 280.1047 278.7055 277.7660 276.2124 275.9376 276.1239 273.2125 271.1525 271.6805 275.5497 270.4261 269.1150 269.2407 270.1826  65422.6
1987 3.7734466E-08 4.2046519E-08 4.9791481E-08 5.2901360E-08 2.9095791E-08 3.5159388E-08 3.9103167E-08 3.7807677E-08 1.9891965E-08 2.3540935E-08 2.4149216E-08 2.2765571E-08 1.6012505E-08 1.8165258E-08 1.9589033E-08 2.1405263E-08  281.6240 281.4156 281.0543 279.7479 279.5081 277.9081 277.5377 277.7844 275.7656 273.7203 274.0428 275.9227 273.2875 271.7599 271.5521 272.1911  48854.8
1988 2.8084678E-08 3.4010974E-08 4.4652069E-08 5.0671968E-08 2.3196140E-08 3.1823319E-08 3.9352358E-08 4.0778275E-08 2.1720252E-08 2.9611424E-08 3.4314645E-08 3.1580225E-08 1.8219705E-08 2.4241468E-08 2.8245653E-08 2.9198658E-08  282.6881 282.4773 282.2017 281.0111 280.1927 278.7998 278.4753 278.6244 275.8845 273.8418 274.4474 276.3332 272.7075 270.8903 271.1255 272.1118  45125.8
1989 2.2485246E-08 2.9893613E-08 3.9955104E-08 5.0371010E-08 2.2439851E-08 3.1392620E-08 4.2635747E-08 4.4472234E-08 2.3801080E-08 3.4721047E-08 4.1454236E-08 4.0166910E-08 2.5297217E-08 3.2903319E-08 3.7593114E-08 3.9630905E-08  284.6967 284.7223 284.7707 283.5481 281.4532 280.3167 280.0917 280.2129 275.9459 274.1003 274.4986 275.8521 271.3870 269.7932 269.9891 271.0253  40416.1
1990 2.8324060E-08 3.2677299E-08 4.0875349E-08 4.7164850E-08 2.5241244E-08 3.0944630E-08 3.5227380E-08 3.6400156E-08 2.0804691E-08 2.6010763E-08 2.7473503E-08 2.6371092E-08 1.8993664E-08 2.3888555E-08 2.5415183E-08 2.6427134E-08  282.0656 282.0273 281.9450 280.7026 279.2462 278.1455 277.9331 277.9734 274.9171 273.1801 273.6086 275.9986 272.0140 270.3880 270.2210 270.9935  67587.1
1991 3.2292132E-08 3.8359293E-08 4.5057938E-08 4.8836398E-08 2.7503868E-08 3.3482621E-08 3.7777941E-08 3.6970746E-08 1.9366574E-08 2.3993470E-08 2.6173495E-08 2.4734488E-08 1.5230796E-08 1.9309990E-08 2.2230539E-08 2.4077709E-08  281.7750 281.4652 281.1852 279.8044 278.7750 277.3520 277.1122 277.2584 274.2773 272.2815 272.8148 275.9408 271.6569 270.0177 269.9509 270.9009  50419.4
1992 3.4100456E-08 4.1695646E-08 5.1814393E-08 5.6377747E-08 2.6569252E-08 3.3333013E-08 3.7810107E-08 3.7877033E-08 2.2271163E-08 2.6198109E-08 2.7188477E-08 2.4464686E-08 1.5667903E-08 2.0126908E-08 2.3547971E-08 2.4714755E-08  281.5395 281.3322 280.9738 279.8985 279.5430 278.2058 277.7401 277.9349 275.4752 273.6870 274.2757 275.8229 272.8537 271.2842 271.5127 272.3027  99048.4
1993 2.7378778E-08 3.3519701E-08 4.1771202E-08 4.8163542E-08 2.3720073E-08 3.1313437E-08 3.8918230E-08 3.9087226E-08 1.8458069E-08 2.4272676E-08 2.7858093E-08 2.7183395E-08 1.6461760E-08 2.0074589E-08 2.2683542E-08 2.3430342E-08  282.0667 281.5506 281.0411 279.7251 279.5157 277.8435 277.4028 277.5552 275.1512 272.8214 273.2987 275.7785 272.4161 270.7487 270.7322 271.5593  53093.5
1994 2.6356776E-08 3.2192901E-08 4.3559336E-08 5.0663715E-08 2.4670527E-08 3.3779905E-08 4.3528491E-08 4.4406143E-08 2.1055492E-08 2.8251671E-08 3.1994976E-08 3.0748563E-08 1.8103162E-08 2.2901087E-08 2.6361693E-08 2.7966299E-08  282.2561 281.7358 281.2863 279.9790 279.3184 277.6093 276.9753 277.1548 274.5970 272.1008 272.4590 275.1265 271.2801 269.6911 269.5524 270.4889  74529
1995 2.7107699E-08 3.2251187E-08 3.9159833E-08 4.4238615E-08 1.8813786E-08 2.4723104E-08 3.0263987E-08 3.1545841E-08 1.4738548E-08 1.8353118E-08 2.0775907E-08 2.1215282E-08 1.4343831E-08 1.8216731E-08 2.0640117E-08 2.2282023E-08  282.4886 281.9948 281.4907 280.0561 280.5394 278.6878 277.8930 277.8123 276.3612 274.5341 274.6008 275.7708 273.3967 271.8055 271.7033 272.1016  61774.2
1996 2.5345777E-08 3.2024005E-08 4.4850374E-08 5.5796502E-08 2.4385304E-08 3.2254142E-08 4.1505061E-08 4.3710870E-08 2.1935833E-08 2.9705879E-08 3.3192872E-08 3.1672897E-08 2.0086118E-08 2.6572916E-08 2.9391840E-08 3.0728369E-08  282.5710 282.3755 282.1578 280.7216 279.1468 277.6075 277.1506 277.3562 273.8097 271.3914 271.6246 275.4414 270.2930 268.9477 268.9111 269.7747  61574.2
1997 2.7236538E-08 3.2234222E-08 4.0046270E-08 4.9907911E-08 2.4337563E-08 3.1439029E-08 3.7299166E-08 3.7534491E-08 2.3659229E-08 2.9897194E-08 3.1543298E-08 2.7909497E-08 2.1328969E-08 2.7755288E-08 3.1075338E-08 3.2473398E-08  281.5848 281.3549 281.1842 280.0262 278.3626 276.8061 276.4754 276.8067 273.5175 271.3853 271.7664 274.8664 270.4799 269.0523 269.0220 269.9522  65722.6
1998 4.2974399E-08 5.0045223E-08 5.7370396E-08 6.0227428E-08 3.7221984E-08 4.3434458E-08 4.5335355E-08 4.3137277E-08 3.2739720E-08 3.5669458E-08 3.4353018E-08 3.0593338E-08 2.6525345E-08 3.0722795E-08 3.0415944E-08 3.0368007E-08  278.9464 279.0294 279.4143 278.8661 276.5107 275.1635 275.9397 276.8243 272.1586 271.3522 272.7582 276.3217 270.2023 269.9568 270.6957 271.9770  74071
1999 2.6423280E-08 3.3810117E-08 4.5721215E-08 5.7448304E-08 2.4609600E-08 3.4103849E-08 4.6331373E-08 5.0175391E-08 2.4836693E-08 3.4378122E-08 3.9305192E-08 3.7898317E-08 2.4694341E-08 3.2337809E-08 3.5876859E-08 3.6797033E-08  284.9624 284.9885 285.0769 283.9859 281.1198 280.1459 280.0788 280.4265 275.1968 273.6787 274.6850 276.5140 270.8576 269.7336 270.2527 271.5887  46464.5
2000 2.3860238E-08 3.0712506E-08 4.2179202E-08 5.2953737E-08 2.0367860E-08 3.0517580E-08 4.2919503E-08 4.6425793E-08 2.0967201E-08 2.9851840E-08 3.6910897E-08 3.7785508E-08 1.9183004E-08 2.5512339E-08 3.0170252E-08 3.3079438E-08  283.3373 283.2777 283.2397 282.0434 279.5814 278.2315 278.0748 278.2176 274.0211 272.1958 272.6550 275.9952 270.1884 268.9969 269.1724 270.1911  58632.3
2001 2.8828028E-08 3.5771158E-08 4.6529049E-08 5.3410780E-08 2.3720750E-08 3.2236770E-08 4.1604363E-08 4.2399673E-08 2.0919796E-08 2.8947653E-08 3.4248814E-08 3.2720639E-08 1.7798008E-08 2.3097881E-08 2.7603450E-08 3.0157778E-08  283.3644 283.3958 283.3222 282.1334 280.1977 279.1802 278.9075 279.0050 275.3883 273.6004 273.8096 275.9222 271.9776 270.4685 270.3569 271.2411  41158.1
2002 2.6957613E-08 3.1798052E-08 3.8230368E-08 4.2251443E-08 2.1891490E-08 2.8529914E-08 3.4474482E-08 3.4689457E-08 1.7621906E-08 2.3510017E-08 2.6633947E-08 2.5880432E-08 1.4676521E-08 1.9042178E-08 2.2259387E-08 2.4522036E-08  282.0234 281.8002 281.5659 280.2188 279.1558 277.7881 277.3434 277.3710 274.7059 272.9167 273.0779 276.9262 271.6899 269.8861 269.8905 270.6063  44661.3
2003 2.8949874E-08 3.2380441E-08 3.9123833E-08 4.2754912E-08 2.3917446E-08 2.9553480E-08 3.5080209E-08 3.4725254E-08 1.7406519E-08 2.2840176E-08 2.6330300E-08 2.5398849E-08 1.3983597E-08 1.7652564E-08 2.0591783E-08 2.2528589E-08  283.0428 282.6122 282.2394 281.0390 280.8215 279.4125 278.8832 278.9053 276.7363 274.6562 274.8893 275.5450 273.9880 272.3409 272.1574 272.6653  40519.4
2004 2.6529966E-08 3.3856303E-08 4.4712134E-08 5.3105438E-08 2.5332540E-08 3.2412110E-08 3.9491287E-08 4.0659291E-08 2.1062396E-08 2.6666918E-08 3.0675736E-08 2.9894025E-08 1.9486164E-08 2.4156211E-08 2.7865092E-08 3.0488099E-08  282.6897 282.3124 281.7938 280.3472 279.6380 278.1473 277.4959 277.5062 274.9091 272.7514 273.0521 275.8951 271.3424 269.6930 269.6006 270.6635  55871
2005 2.8017663E-08 3.3821188E-08 4.2123634E-08 4.7144958E-08 2.4429141E-08 3.1193892E-08 3.6992478E-08 3.6572317E-08 1.7555564E-08 2.2654506E-08 2.6031383E-08 2.4776357E-08 1.4072413E-08 1.7544741E-08 2.0187725E-08 2.2057366E-08  283.0305 282.6387 282.2817 281.0469 280.6842 278.9464 278.6107 278.7242 276.4708 274.2895 274.4248 276.1409 273.7299 271.8785 271.6949 272.2416  40200
2006 3.2811066E-08 4.3166647E-08 5.7959724E-08 6.7294003E-08 2.6592344E-08 3.8264947E-08 4.9687827E-08 5.1606818E-08 2.0729729E-08 2.9149044E-08 3.5813628E-08 3.6100683E-08 2.0052157E-08 2.6779169E-08 3.1211062E-08 3.2989824E-08  281.7045 281.8287 282.0386 281.1306 278.6629 277.4150 277.2419 277.5926 273.3692 271.1071 271.9275 276.1061 269.3166 268.3122 268.5298 269.7968  46593.5
2007 2.8089653E-08 3.1474674E-08 3.5730999E-08 3.9379852E-08 2.4186443E-08 2.8522399E-08 3.1937830E-08 3.1089186E-08 1.8076497E-08 2.3214703E-08 2.6131675E-08 2.4055110E-08 1.5367268E-08 2.0172298E-08 2.3868632E-08 2.5544111E-08  282.7883 282.4315 281.9931 280.4513 280.7812 279.0294 278.2103 278.0674 277.0892 274.4256 274.4252 275.7381 274.2593 272.1358 271.6444 272.1581  68316.1
2008 2.4262297E-08 3.4109306E-08 4.6354000E-08 5.6302472E-08 2.2080126E-08 3.2742541E-08 4.4958941E-08 4.7185097E-08 2.0964057E-08 2.9994919E-08 3.5804753E-08 3.4445186E-08 2.0908752E-08 2.7274419E-08 3.1208142E-08 3.3673942E-08  282.7318 282.6410 282.5060 281.2223 279.0198 277.7469 277.4603 277.6913 273.1704 271.4820 272.1915 275.7073 269.2586 268.2518 268.4843 269.5748  45764.5
2009 2.6094837E-08 3.4960259E-08 4.7650403E-08 5.9610223E-08 2.0083604E-08 3.0485509E-08 4.2804544E-08 4.6193939E-08 2.1295191E-08 2.8327662E-08 3.3904914E-08 3.3539393E-08 2.0844791E-08 2.5368491E-08 2.8823326E-08 3.1785618E-08  283.2112 282.9147 282.7719 281.6565 280.4242 279.0543 278.5388 278.5115 275.1690 273.2407 273.6023 275.2944 271.3398 269.8594 269.8636 270.7540  56019.4
2010 3.3597562E-08 3.7163680E-08 4.2096612E-08 4.6270692E-08 2.7870112E-08 3.1260051E-08 3.3141223E-08 3.1697223E-08 2.3603178E-08 2.5912041E-08 2.5384375E-08 2.1880341E-08 2.1108196E-08 2.4315019E-08 2.4912035E-08 2.3470760E-08  0.0000000E+00 0.0000000E+00 0.0000000E+00 0.0000000E+00 0.0000000E+00 0.0000000E+00 0.0000000E+00 0.0000000E+00 0.0000000E+00 0.0000000E+00 0.0000000E+00 0.0000000E+00 0.0000000E+00 0.0000000E+00 0.0000000E+00 0.0000000E+00  79829
2011 2.7965431E-08 3.3485314E-08 4.1968033E-08 5.0027193E-08 2.2908377E-08 3.3659546E-08 4.5290346E-08 4.7245333E-08 1.9538968E-08 2.7392833E-08 3.3577280E-08 3.3506975E-08 2.0395351E-08 2.5682770E-08 2.8613425E-08 3.1125776E-08  282.9720 283.3441 283.6467 282.6030 279.2113 278.3980 278.4236 278.7527 274.1685 272.4636 273.1668 275.8238 270.2643 269.2789 269.7414 270.9157  86187.1
2012 2.9691831E-08 3.9762178E-08 5.0732300E-08 5.7109819E-08 2.6957661E-08 3.9383025E-08 5.2527461E-08 5.2267385E-08 2.4664219E-08 3.4388393E-08 4.0987945E-08 3.9910741E-08 2.3075886E-08 2.9783001E-08 3.4751135E-08 3.7575102E-08  283.9610 283.8783 283.9673 282.8728 280.4800 279.4725 279.2549 279.5047 274.9375 273.3427 274.0439 276.2156 270.8896 269.8171 270.1167 271.1619  56638.7
2013 2.7494135E-08 3.6646764E-08 4.9002814E-08 5.6543328E-08 2.4337243E-08 3.3667778E-08 4.4063402E-08 4.5858130E-08 1.9756078E-08 2.6917576E-08 3.1384406E-08 3.0256132E-08 1.6917905E-08 2.2860775E-08 2.6536103E-08 2.8658622E-08  282.6621 282.5550 282.4931 281.2998 279.6273 278.2396 278.0615 278.1723 274.8326 272.8036 273.3367 276.1109 271.5302 269.9601 269.8547 270.7508  39825.8
2014 2.6843216E-08 3.3887080E-08 4.2460552E-08 4.7875265E-08 2.2917430E-08 3.1228087E-08 4.0457930E-08 4.1436994E-08 1.9108963E-08 2.5507155E-08 2.9842766E-08 3.0346257E-08 1.5149430E-08 2.0350587E-08 2.4100276E-08 2.6380963E-08  281.7644 281.5681 281.2891 279.9615 278.9288 277.2636 276.5803 276.8007 274.2285 271.8615 272.0639 274.8957 271.1053 269.3899 269.2009 270.0046  45454.8
2015 2.6841667E-08 3.1158141E-08 3.7625664E-08 4.2888708E-08 2.1912257E-08 2.6872250E-08 3.1673395E-08 3.1785213E-08 1.7641838E-08 2.0898685E-08 2.1410139E-08 1.9091580E-08 1.3961441E-08 1.6376692E-08 1.7821742E-08 1.8437801E-08  283.0601 282.6210 282.0377 280.5236 281.0301 279.4231 278.6039 278.3206 277.3842 274.9518 274.7651 275.4054 274.5446 272.6900 272.1407 272.3524  44222.6
