STN,prec_1,prec_2,prec_3,prec_4,prec_5,prec_6,prec_7,prec_8,prec_9,prec_10,prec_11,prec_12,prec_13,prec_14,prec_15,prec_16,st_1,st_2,st_3,st_4,st_5,st_6,st_7,st_8,st_9,st_10,st_11,st_12,st_13,st_14,st_15,st_16,10.0
LAT,37.67308,37.67308,37.67308,37.67308,40.46365,40.46365,40.46365,40.46365,43.25420,43.25420,43.25420,43.25420,46.04472,46.04472,46.04472,46.04472,37.67308,37.67308,37.67308,37.67308,40.46365,40.46365,40.46365,40.46365,43.25420,43.25420,43.25420,43.25420,46.04472,46.04472,46.04472,46.04472,41.78058635
LON,-95.62500,-92.81250,-90.00000,-87.18750,-95.62500,-92.81250,-90.00000,-87.18750,-95.62500,-92.81250,-90.00000,-87.18750,-95.62500,-92.81250,-90.00000,-87.18750,-95.62500,-92.81250,-90.00000,-87.18750,-95.62500,-92.81250,-90.00000,-87.18750,-95.62500,-92.81250,-90.00000,-87.18750,-95.62500,-92.81250,-90.00000,-87.18750,-90.252073
1958 1.9768272E-08 2.6035755E-08 3.5016374E-08 4.1997517E-08 1.6979934E-08 2.4131811E-08 3.0810220E-08 3.2655681E-08 1.6194363E-08 2.1223123E-08 2.3025185E-08 2.9878528E-08 1.6455855E-08 1.9004023E-08 1.9870287E-08 2.2705212E-08  272.7653 273.0556 273.6395 273.2870 269.6951 268.5911 269.1915 270.5533 265.9035 264.9079 266.0015 276.4981 264.2072 263.5663 264.1918 265.8956  17825.8
1959 2.0743467E-08 2.6605857E-08 3.6820978E-08 4.8116839E-08 1.8580320E-08 2.5651687E-08 3.2448547E-08 3.6184655E-08 1.8298451E-08 2.3649147E-08 2.5297599E-08 3.3085879E-08 1.8234683E-08 2.1447452E-08 2.2835252E-08 2.5420068E-08  272.4642 272.5896 273.2072 272.9525 268.9389 268.0034 268.8564 270.2513 264.7228 263.9523 265.3330 276.5000 263.1028 262.7466 263.7145 265.6679  52832.3
1960 1.7830796E-08 2.2442860E-08 3.0024943E-08 4.0725805E-08 1.4570810E-08 2.1900645E-08 2.9452130E-08 3.3065231E-08 1.4570390E-08 2.1350399E-08 2.5709284E-08 3.3491872E-08 1.5697907E-08 1.9365089E-08 2.1883070E-08 2.5905466E-08  272.3158 272.4365 273.0842 272.9199 269.0877 268.0545 268.8669 270.2841 265.1546 264.2132 265.5494 276.4981 263.3781 262.9167 263.8571 265.6603  26461.3
1961 1.8692040E-08 2.2542331E-08 2.7746223E-08 3.7688860E-08 1.4459687E-08 2.0651630E-08 2.5049117E-08 2.7511637E-08 1.3559576E-08 1.7808292E-08 1.9664236E-08 2.8726049E-08 1.4067609E-08 1.6541904E-08 1.7391852E-08 2.0668862E-08  271.5784 271.4959 272.1419 271.9752 267.9223 266.8972 267.7086 269.1986 263.4858 262.6730 264.2356 276.4981 261.9105 261.5143 262.5649 264.7536  32341.9
1962 1.7973512E-08 2.5457934E-08 3.3320756E-08 3.7526696E-08 1.4334655E-08 2.2480492E-08 3.0512787E-08 3.1120607E-08 1.4899156E-08 2.0255628E-08 2.4191621E-08 3.2391579E-08 1.5316235E-08 1.8851731E-08 2.0840824E-08 2.4869768E-08  273.3156 273.3306 273.8481 273.4999 269.7900 268.5633 269.1892 270.6747 265.0061 264.0305 265.3464 276.4981 262.8488 262.3772 263.2300 265.2294  39729
1963 2.0691774E-08 2.6101272E-08 3.5089720E-08 4.3492335E-08 1.7464528E-08 2.3314708E-08 2.8496917E-08 3.0624626E-08 1.6993454E-08 2.1666459E-08 2.3423087E-08 3.0188293E-08 1.5675123E-08 1.9050299E-08 2.0737822E-08 2.3876437E-08  272.5794 272.6390 273.1175 272.6910 269.7964 268.7291 269.2267 270.4160 265.6984 264.7409 265.9780 276.5000 263.9614 263.3167 264.0410 265.6830  18964.5
1964 1.2515712E-08 1.5812546E-08 2.1642810E-08 3.1654917E-08 1.2173326E-08 1.6972438E-08 2.2155060E-08 2.6090220E-08 1.4532444E-08 1.9194427E-08 2.0975582E-08 2.9682136E-08 1.5943245E-08 1.9221263E-08 2.0071917E-08 2.2897972E-08  272.5160 272.6583 273.3896 273.0010 268.4090 267.5518 268.4655 269.8475 263.8827 263.0331 264.4832 276.4981 262.2564 261.7074 262.5374 264.4922  25132.3
1965 1.6946792E-08 2.0013189E-08 2.6087569E-08 3.4308172E-08 1.3596915E-08 1.8431134E-08 2.2631111E-08 2.5739558E-08 1.4162298E-08 1.7978454E-08 1.9374138E-08 2.7956697E-08 1.6023858E-08 1.8287137E-08 1.9102103E-08 2.2371959E-08  272.4205 272.1346 272.3320 271.8648 269.3199 268.0900 268.4430 269.7121 264.9956 264.0487 265.3917 276.4981 263.1745 262.7342 263.5792 265.5306  67441.9
1966 1.6960646E-08 2.1572864E-08 2.9168721E-08 3.7496001E-08 1.6685238E-08 2.2756955E-08 2.8429001E-08 3.0897656E-08 1.7274553E-08 2.2688463E-08 2.4562345E-08 3.1669824E-08 1.7238879E-08 2.1354007E-08 2.2814284E-08 2.5495163E-08  273.5876 273.5917 274.0247 273.4810 270.0346 269.0125 269.7037 270.8576 265.6160 264.7357 266.0305 276.4980 263.8011 263.2055 264.0288 265.8289  27567.7
1967 1.9027109E-08 2.2415012E-08 2.8583894E-08 3.6044096E-08 1.4689337E-08 2.0264650E-08 2.5506019E-08 2.8126067E-08 1.4528069E-08 1.9138511E-08 2.1031784E-08 3.0409364E-08 1.5286213E-08 1.8410018E-08 2.0067398E-08 2.4204002E-08  272.2149 272.2053 272.6980 272.3148 268.6411 267.6309 268.2663 269.6299 264.1711 263.3091 264.7148 276.5000 262.3285 261.8715 262.9034 264.9846  22909.7
1968 2.1583194E-08 2.7453444E-08 3.5759534E-08 4.2845279E-08 1.6855415E-08 2.3170950E-08 2.9744262E-08 3.2218868E-08 1.6234500E-08 1.9918883E-08 2.1014534E-08 2.9198253E-08 1.6412660E-08 1.8415998E-08 1.8501366E-08 2.0765073E-08  272.6048 272.4489 272.9128 272.3978 269.0273 268.0544 268.8160 270.2217 264.8665 264.2576 265.7192 276.4980 263.1437 262.9240 264.0389 266.0410  64177.4
1969 1.8265650E-08 2.5385146E-08 3.5280674E-08 4.3499764E-08 1.4185962E-08 2.1327404E-08 2.8590097E-08 3.1822438E-08 1.5014962E-08 1.9987302E-08 2.1981705E-08 3.0458878E-08 1.6061826E-08 1.8133205E-08 1.9144544E-08 2.3232023E-08  272.3111 272.3034 272.8458 272.5303 269.0338 267.9265 268.5630 269.9542 264.7190 263.7820 265.1314 276.4981 262.9360 262.3520 263.2963 265.4825  27880.6
1970 2.1856474E-08 2.7465804E-08 3.4595438E-08 4.1457795E-08 1.8524309E-08 2.5654964E-08 3.2195974E-08 3.4280170E-08 1.8650212E-08 2.4057217E-08 2.6138519E-08 3.3840927E-08 1.8189560E-08 2.0796714E-08 2.1796984E-08 2.4331682E-08  272.5426 272.4470 272.9704 272.5854 268.5129 267.4057 268.0587 269.5735 263.8078 262.9216 264.3323 276.4981 261.7221 261.2721 262.2785 264.4203  32583.9
1971 1.5643185E-08 2.1278488E-08 2.9951071E-08 3.8734850E-08 1.3151980E-08 1.9575817E-08 2.6400372E-08 2.9772774E-08 1.4431830E-08 1.9178273E-08 2.1252506E-08 3.1169982E-08 1.6040374E-08 1.9037580E-08 2.0358776E-08 2.4075989E-08  272.2193 271.9789 272.3566 271.9475 268.7743 267.3946 267.8372 269.2100 264.1456 263.2180 264.5173 276.5000 262.4347 261.8713 262.6750 264.6886  34454.8
1972 2.0955257E-08 2.7204466E-08 3.4758909E-08 4.0457600E-08 1.6746098E-08 2.3356602E-08 2.9615986E-08 3.1769993E-08 1.6099941E-08 2.0371287E-08 2.2066788E-08 2.9368341E-08 1.5146147E-08 1.7660650E-08 1.9351905E-08 2.2629830E-08  272.0003 272.1833 273.0008 272.7643 269.2223 268.3881 269.1059 270.5467 265.3758 264.6500 266.0655 276.4981 263.9070 263.5512 264.5329 266.5266  75371
1973 1.7250301E-08 2.3620002E-08 3.0692295E-08 3.9944037E-08 1.2665213E-08 2.0730413E-08 2.8770939E-08 3.1469440E-08 1.2895625E-08 1.8215164E-08 2.1862981E-08 3.2399793E-08 1.5055596E-08 1.7670303E-08 1.9207247E-08 2.3859336E-08  272.6096 272.7549 273.2687 272.7443 268.9464 267.8831 268.4539 269.7142 264.1873 263.1104 264.5359 276.4981 262.2302 261.6581 262.6122 264.8702  53000
1974 2.6222768E-08 3.1318859E-08 3.6677239E-08 4.2581917E-08 1.7768514E-08 2.5864002E-08 3.2298441E-08 3.3232119E-08 1.5914024E-08 2.1346322E-08 2.3618027E-08 3.1010867E-08 1.6983527E-08 2.0389756E-08 2.2233774E-08 2.5558839E-08  272.6510 272.9793 273.5078 273.0980 268.9638 268.2316 269.0539 270.4282 264.7335 264.1754 265.5982 276.4980 262.9278 262.6637 263.6457 265.6815  24880.6
1975 1.3660249E-08 1.7949905E-08 2.4147981E-08 3.3196962E-08 1.0542360E-08 1.6709370E-08 2.3859716E-08 2.7820331E-08 1.1471886E-08 1.6136594E-08 1.8705839E-08 3.0069053E-08 1.4229542E-08 1.6778202E-08 1.7329164E-08 2.0300989E-08  272.1153 272.0504 272.4540 272.0506 268.6370 267.4174 267.7836 269.1211 264.2098 263.1186 264.3763 276.5000 262.1913 261.5704 262.4218 264.4175  26432.3
1976 2.2967152E-08 2.9450938E-08 4.0296758E-08 4.9319954E-08 1.9558266E-08 2.6200297E-08 3.3538111E-08 3.6172096E-08 1.9503078E-08 2.5128509E-08 2.7157196E-08 3.5287329E-08 1.6979124E-08 2.0700107E-08 2.3065683E-08 2.6965397E-08  271.4738 271.9332 272.8025 272.7063 267.8111 267.2047 268.2511 269.7817 263.3864 262.9547 264.7294 276.4980 261.5969 261.4160 262.6630 264.9662  15964.5
1977 1.6577273E-08 2.1417202E-08 2.8460532E-08 3.6630038E-08 1.4623161E-08 2.0602252E-08 2.7383960E-08 2.9990808E-08 1.5893544E-08 2.1531431E-08 2.3684034E-08 3.1231178E-08 1.7259975E-08 2.0739821E-08 2.2367203E-08 2.6618038E-08  273.4103 273.3595 273.8767 273.3486 269.9774 268.8420 269.4702 270.7448 265.6787 264.6874 265.8664 276.4981 263.8260 263.2490 263.9547 265.7552  48477.4
1978 1.8262753E-08 2.4596511E-08 3.1143838E-08 3.8419831E-08 1.3792449E-08 2.2529504E-08 2.9605921E-08 3.0891730E-08 1.4816886E-08 2.1094539E-08 2.3294071E-08 2.9717915E-08 1.6300698E-08 1.9001600E-08 2.0146041E-08 2.3128221E-08  272.8255 272.6422 273.1821 272.8112 269.6518 268.3733 268.8988 270.1948 265.2123 264.2686 265.5027 276.4981 263.2563 262.5780 263.4320 265.5109  38067.7
1979 1.9772363E-08 2.5362368E-08 3.4936839E-08 4.4385075E-08 1.6196353E-08 2.2777218E-08 2.9349797E-08 3.3443964E-08 1.5893427E-08 2.1436779E-08 2.4143036E-08 3.0228691E-08 1.6691239E-08 2.0412118E-08 2.1823926E-08 2.5137759E-08  274.1602 274.1067 274.4911 274.1115 270.7137 269.6342 270.2428 271.5364 266.1971 265.3758 266.7037 276.5000 264.1205 263.6927 264.6627 266.5019  32361.3
1980 1.7992537E-08 2.3483141E-08 3.3091808E-08 4.2617650E-08 1.3694776E-08 2.0690706E-08 2.8666019E-08 3.1644404E-08 1.4551989E-08 1.9944927E-08 2.2600986E-08 2.9677020E-08 1.6049297E-08 1.9293518E-08 2.1045455E-08 2.4958206E-08  273.4988 273.5463 274.1136 273.8820 270.4331 269.3607 269.9978 271.1833 265.9209 265.1514 266.3825 276.4980 264.0968 263.7318 264.5385 266.2951  48064.5
1981 1.8291507E-08 2.2262165E-08 3.1037185E-08 4.2069253E-08 1.3807150E-08 2.0108866E-08 2.7234996E-08 3.1360536E-08 1.4180940E-08 1.8790516E-08 2.1105166E-08 3.0433366E-08 1.5908368E-08 1.8423536E-08 1.9290020E-08 2.2812877E-08  272.5847 272.5295 272.9857 272.6064 268.7548 267.5253 268.2302 269.8226 264.1590 263.4193 264.9019 276.4981 262.4847 262.1732 263.2392 265.1782  47112.9
1982 2.3524970E-08 2.8597421E-08 3.6375617E-08 4.4631914E-08 1.9700614E-08 2.5487257E-08 3.0637548E-08 3.2933425E-08 1.6912608E-08 2.1413332E-08 2.3531927E-08 3.0901482E-08 1.4636816E-08 1.7181042E-08 1.9143604E-08 2.2659224E-08  272.0514 272.0676 272.7258 272.3206 268.4444 267.5909 268.4173 269.8841 264.4081 263.7882 265.4420 276.2053 262.8027 262.4144 263.4724 265.5384  61967.7
1983 2.2645278E-08 2.8829952E-08 3.5944041E-08 4.4023352E-08 1.9357623E-08 2.6950277E-08 3.3446526E-08 3.4155740E-08 1.7864352E-08 2.4150953E-08 2.7438251E-08 3.4417706E-08 1.6932647E-08 1.9946027E-08 2.1637033E-08 2.6142333E-08  273.4355 273.4330 274.1054 273.7067 269.8947 268.9167 269.5828 270.9626 265.4517 264.6505 266.1291 276.8880 263.6135 263.1888 264.2030 266.3470  53061.3
1984 1.8951749E-08 2.4367576E-08 3.3030283E-08 4.1650324E-08 1.6857904E-08 2.3955460E-08 3.0056270E-08 3.2370270E-08 1.6545473E-08 2.1476247E-08 2.3893895E-08 3.0285754E-08 1.7779524E-08 2.0411639E-08 2.1668596E-08 2.4404059E-08  272.8107 272.9684 273.5241 273.2357 269.3918 268.4703 269.2457 270.6556 265.3307 264.6077 266.0145 276.3131 263.8203 263.2957 264.2050 266.0874  51103.2
1985 2.0393879E-08 2.6226187E-08 3.1309124E-08 3.7689038E-08 1.6249119E-08 2.2886832E-08 2.7881523E-08 2.8568524E-08 1.6038481E-08 1.9982096E-08 2.1291102E-08 2.8780129E-08 1.5023446E-08 1.7569160E-08 1.8957795E-08 2.2292923E-08  272.4010 272.3860 272.9136 272.7371 269.0973 267.9836 268.6563 270.1447 264.9899 264.0622 265.3621 276.6028 263.3211 262.8278 263.7166 265.6758  89838.7
1986 1.8844400E-08 2.1908702E-08 2.8833073E-08 3.8141927E-08 1.6179637E-08 2.0527597E-08 2.5532344E-08 2.9118647E-08 1.4325702E-08 1.8143265E-08 2.0262311E-08 2.7499574E-08 1.3124820E-08 1.5570006E-08 1.7662721E-08 2.0907953E-08  272.9869 272.9699 273.3880 272.8228 270.0998 269.0419 269.5727 270.6690 266.4522 265.5096 266.5620 276.1582 264.8712 264.2621 264.8720 266.3454  149442
1987 2.3213687E-08 2.9074254E-08 3.6051571E-08 4.3711925E-08 1.8824826E-08 2.5027763E-08 3.0389252E-08 3.2121381E-08 1.7919264E-08 2.2245619E-08 2.4755042E-08 3.1583316E-08 1.9701888E-08 2.2782547E-08 2.3773941E-08 2.6875099E-08  272.2991 272.6401 273.6037 273.5370 269.5973 268.8934 269.7871 271.3472 266.0094 265.4501 266.8269 276.5221 264.6871 264.4685 265.3583 267.1454  22229
1988 1.4848679E-08 1.8878206E-08 2.4977133E-08 3.2922692E-08 1.2278528E-08 1.8008910E-08 2.4067436E-08 2.6381407E-08 1.4243303E-08 2.0615222E-08 2.3434554E-08 2.9333918E-08 1.5767970E-08 2.0597216E-08 2.3275975E-08 2.6150941E-08  274.9784 275.2609 275.7553 275.1580 271.3132 270.2151 270.6840 271.7228 266.5192 265.4680 266.4837 276.2883 264.2621 263.5176 264.1543 265.7652  21903.2
1989 2.5066633E-08 3.1082262E-08 3.9594507E-08 4.6797776E-08 1.8077071E-08 2.6436375E-08 3.4205975E-08 3.6396521E-08 1.5231844E-08 2.1029180E-08 2.4115479E-08 3.1604419E-08 1.5488187E-08 1.9070741E-08 2.1278781E-08 2.4898991E-08  272.7947 273.2493 274.0995 273.9754 269.0617 268.2633 269.1753 270.7340 264.3622 263.7730 265.3567 276.6136 262.5883 262.0873 263.0860 265.2065  17771
1990 2.3356456E-08 2.8202237E-08 3.3813240E-08 4.0224670E-08 1.6498870E-08 2.4031815E-08 2.9351606E-08 3.0644195E-08 1.6424771E-08 2.2131479E-08 2.4466445E-08 3.2025739E-08 1.5952434E-08 1.9062909E-08 2.0836611E-08 2.4020157E-08  272.2951 272.5035 273.1059 272.7793 269.0134 268.1423 268.9294 270.2433 264.6915 263.9984 265.3636 276.8014 262.8618 262.4624 263.3333 265.2254  37454.8
1991 1.9795779E-08 2.5113440E-08 3.4072880E-08 4.4510266E-08 1.5395168E-08 2.2674115E-08 2.8818448E-08 3.1763584E-08 1.6420504E-08 2.1195854E-08 2.3070339E-08 2.9821340E-08 1.8446778E-08 2.0695987E-08 2.1694154E-08 2.5008447E-08  273.0369 273.0174 273.5151 273.1445 269.9326 268.9014 269.4267 270.7360 265.8723 265.1263 266.3727 276.8239 264.1302 263.7101 264.5440 266.3028  37480.6
1992 1.8645030E-08 2.2660316E-08 3.0851886E-08 4.0456776E-08 1.5329466E-08 2.0484208E-08 2.6314396E-08 3.0130362E-08 1.4878506E-08 1.8371091E-08 2.0175584E-08 2.9132128E-08 1.4620187E-08 1.7062312E-08 1.8410422E-08 2.2307349E-08  272.0431 271.8349 272.1306 271.7127 268.3848 267.4267 268.0725 269.3243 264.1585 263.5877 265.0089 276.1030 262.8471 262.6109 263.4265 265.0919  43441.9
1993 1.8175923E-08 2.3253000E-08 3.0664843E-08 3.7430897E-08 1.2407082E-08 1.7736847E-08 2.3166093E-08 2.5674268E-08 1.2061336E-08 1.5633978E-08 1.6831409E-08 2.4045306E-08 1.3596529E-08 1.5954447E-08 1.6710196E-08 1.9714875E-08  272.7448 272.5161 272.9622 272.5450 269.9377 268.7526 269.2181 270.3395 266.1679 265.1635 266.3172 276.3066 264.3483 263.7719 264.4400 265.9919  55977.4
1994 1.9782487E-08 2.6059690E-08 3.3843818E-08 3.9030418E-08 1.5936937E-08 2.2356705E-08 2.7743686E-08 2.9459057E-08 1.5681739E-08 2.0480210E-08 2.1909637E-08 2.8219311E-08 1.6542224E-08 1.9600474E-08 2.0915198E-08 2.3892127E-08  273.5841 273.5080 273.8639 273.3508 270.8465 269.7794 270.1803 271.2437 266.9376 265.9840 266.9919 276.5057 264.9208 264.3304 264.9371 266.4752  59464.5
1995 1.3906348E-08 1.7541614E-08 2.4674589E-08 3.1964252E-08 1.2538669E-08 1.7665194E-08 2.3062231E-08 2.5398860E-08 1.3883956E-08 1.8666821E-08 2.0477970E-08 2.7501210E-08 1.6037109E-08 1.8838154E-08 1.9929551E-08 2.3195039E-08  274.1736 273.9691 274.2452 273.6656 270.8281 269.4672 270.0051 271.0312 266.5159 265.4223 266.4216 276.5691 264.8734 264.0398 264.5255 266.1424  63854.8
1996 1.6712873E-08 2.2058678E-08 3.1210092E-08 4.2369685E-08 1.3460379E-08 1.9066153E-08 2.5470984E-08 2.9355238E-08 1.4865155E-08 1.9693124E-08 2.1907303E-08 2.9340319E-08 1.6580477E-08 1.9359515E-08 2.0167153E-08 2.3335669E-08  273.0845 272.9505 273.2842 272.8799 269.6375 268.4116 268.8754 270.0300 264.9797 264.0498 265.2971 276.5971 263.0453 262.5557 263.4032 265.3448  30954.8
1997 2.7190715E-08 2.9946229E-08 3.5028933E-08 4.0468546E-08 2.1848114E-08 2.5997538E-08 2.9417102E-08 3.0297166E-08 1.8554051E-08 2.1994902E-08 2.4051996E-08 3.0099852E-08 1.7218147E-08 1.8893727E-08 2.0203569E-08 2.3155584E-08  272.2038 272.3535 273.0771 272.8340 269.0789 268.4637 269.5773 270.9515 265.0385 264.8148 266.7282 276.2616 263.4796 263.6154 264.9695 266.9753  43332.3
1998 1.6997722E-08 2.2522066E-08 3.0766866E-08 4.0671441E-08 1.3891932E-08 2.1091335E-08 2.8711831E-08 3.1834990E-08 1.4771412E-08 2.1421947E-08 2.4902405E-08 3.2439921E-08 1.6069526E-08 2.0795227E-08 2.2728258E-08 2.5550106E-08  274.0287 274.0882 274.6522 274.2718 269.9139 269.0077 269.7177 271.0611 264.8858 264.2301 265.6650 277.0819 263.1676 262.7442 263.6561 265.6418  36422.6
1999 1.9879867E-08 2.4039498E-08 3.0795466E-08 3.8237982E-08 1.5833763E-08 2.2689463E-08 2.8635171E-08 3.0198525E-08 1.6308931E-08 2.3668157E-08 2.5848978E-08 3.1350634E-08 1.8326016E-08 2.2545596E-08 2.4420133E-08 2.7703891E-08  274.7244 274.7303 275.1904 274.7355 270.8468 269.6615 270.1744 271.4098 265.8656 264.9136 266.1876 276.6783 263.4568 262.9743 263.8519 265.7704  34438.7
2000 1.6424945E-08 2.1288244E-08 3.0941941E-08 4.0188134E-08 1.4436904E-08 2.0842013E-08 2.7329449E-08 3.0131776E-08 1.5574214E-08 2.0170052E-08 2.2442965E-08 3.1724504E-08 1.5994218E-08 1.9390225E-08 2.1001949E-08 2.4581587E-08  272.7017 272.5681 273.0403 272.8066 268.7083 267.6141 268.4138 269.9577 263.7943 263.0997 264.7503 276.6012 262.1086 261.7720 262.8827 265.0734  25045.2
2001 1.7055575E-08 2.2958179E-08 3.0608877E-08 3.6307686E-08 1.2545096E-08 1.9777394E-08 2.6926257E-08 2.8412423E-08 1.3322376E-08 1.8644023E-08 2.1341160E-08 2.9158349E-08 1.5022492E-08 1.8206569E-08 2.0254351E-08 2.3789026E-08  273.7354 273.8505 274.2224 273.6624 270.4904 269.4631 269.9637 271.0423 265.7928 264.8903 266.0945 276.5758 263.6420 263.0116 263.7761 265.5970  30045.2
2002 1.9191281E-08 2.2361686E-08 2.9686666E-08 3.9157776E-08 1.7662373E-08 2.3114740E-08 2.8681884E-08 3.0884287E-08 1.7570436E-08 2.2374257E-08 2.3308361E-08 2.9780947E-08 1.6959115E-08 1.9941423E-08 2.0685992E-08 2.3235120E-08  273.6042 273.8199 274.3516 273.9498 270.1024 269.4989 270.2242 271.3701 265.9305 265.3734 266.7296 277.0758 264.2120 263.8432 264.7073 266.4879  74612.9
2003 1.7841932E-08 2.2895318E-08 3.1319559E-08 4.0225469E-08 1.3668330E-08 1.9989713E-08 2.6759837E-08 3.0292401E-08 1.3894295E-08 1.8353463E-08 2.0334422E-08 2.9544889E-08 1.5252526E-08 1.7448114E-08 1.8259970E-08 2.1270452E-08  272.4879 272.5401 273.2733 273.1267 268.8121 267.8202 268.5147 269.9625 264.2733 263.4830 264.8954 277.0095 262.5528 262.0804 262.9281 264.9530  19503.2
2004 1.8739430E-08 2.4196815E-08 3.2747128E-08 4.1727652E-08 1.3811522E-08 2.0134864E-08 2.7451971E-08 3.1104520E-08 1.4229616E-08 1.8136818E-08 2.0703386E-08 2.9699637E-08 1.4256464E-08 1.6328421E-08 1.7455047E-08 2.1511580E-08  273.6179 273.5511 273.9658 273.6264 270.5593 269.2990 269.6652 270.8563 266.4603 265.4019 266.4385 276.7827 264.5235 263.8965 264.5474 266.1134  40851.6
2005 2.1618041E-08 2.6775471E-08 3.4201697E-08 4.2033587E-08 1.5707213E-08 2.3241686E-08 3.0232179E-08 3.2384197E-08 1.5917125E-08 2.0857241E-08 2.3605589E-08 3.1668367E-08 1.6459994E-08 1.9126485E-08 2.0696302E-08 2.4245860E-08  272.7346 273.0925 273.8080 273.5382 269.5057 268.7650 269.4908 270.7586 265.2553 264.5295 265.8221 276.9919 263.6372 263.2142 264.0652 265.8587  61512.9
2006 1.9858598E-08 2.5615240E-08 3.4203566E-08 4.2798561E-08 1.5107879E-08 2.2964889E-08 3.1224253E-08 3.4503707E-08 1.4867553E-08 2.0059360E-08 2.3920581E-08 3.2343902E-08 1.6918683E-08 1.9755822E-08 2.0700856E-08 2.4236922E-08  273.2270 273.4751 274.2663 274.1127 269.9405 269.2042 270.0534 271.4084 265.9176 265.2618 266.6679 276.5678 264.6236 264.1665 264.9474 266.5524  26200
2007 1.8003895E-08 2.2106700E-08 2.9585237E-08 3.9181010E-08 1.5376417E-08 2.2465843E-08 2.8755119E-08 3.0354961E-08 1.6259396E-08 2.2376767E-08 2.4830550E-08 3.2843364E-08 1.6752706E-08 2.0547356E-08 2.1633333E-08 2.4176344E-08  272.4973 272.5491 273.2623 273.0075 268.5697 267.6892 268.4952 270.0170 263.8272 263.2289 264.7968 276.7755 262.0318 261.7587 262.7522 264.7224  69409.7
2008 1.8565773E-08 2.4739766E-08 3.4143063E-08 4.4934492E-08 1.4274336E-08 2.1346175E-08 2.9806316E-08 3.3573496E-08 1.3528831E-08 1.8976680E-08 2.2680611E-08 3.1023752E-08 1.5550681E-08 1.8667537E-08 1.9945228E-08 2.3427042E-08  273.6390 273.5205 274.1078 273.8426 270.0227 268.8758 269.4312 270.8700 265.5365 264.4622 265.7563 276.8069 263.2013 262.6751 263.5957 265.5746  29922.6
2009 2.6172055E-08 3.0639129E-08 3.5561570E-08 3.9284046E-08 1.8932633E-08 2.5889523E-08 3.1912705E-08 3.3083662E-08 1.5805004E-08 2.2103887E-08 2.5889928E-08 3.2342317E-08 1.6556573E-08 2.0197408E-08 2.2662102E-08 2.6127559E-08  273.1803 273.3676 273.9420 273.5410 269.8027 269.1460 269.8912 271.0844 265.7864 265.1191 266.4206 276.6350 264.1736 263.7157 264.4680 266.1990  40409.7
2010 1.8148787E-08 2.2056367E-08 2.9578329E-08 3.7858630E-08 1.2785389E-08 1.9815223E-08 2.7145006E-08 2.9893982E-08 1.2011581E-08 1.7953845E-08 2.1695493E-08 3.0687428E-08 1.4946725E-08 1.8823343E-08 2.0364489E-08 2.4020762E-08  274.4466 274.4796 274.9940 274.6321 270.6719 269.4089 269.8406 270.9801 265.9793 264.8160 265.8610 276.7709 263.8638 263.0575 263.6063 265.2235  122484
2011 2.1993436E-08 2.6764038E-08 3.4786634E-08 4.5999233E-08 1.6181547E-08 2.4688196E-08 3.2607350E-08 3.4675978E-08 1.5164312E-08 2.1824524E-08 2.6256499E-08 3.4114187E-08 1.6919145E-08 2.0531594E-08 2.2747310E-08 2.7498723E-08  273.5894 273.7294 274.5533 274.5133 269.7568 268.9450 269.7083 271.2378 264.8507 264.2359 265.7610 276.5426 262.9766 262.6610 263.7046 265.6917  31671
2012 2.0177655E-08 2.4948344E-08 3.3542044E-08 4.2193921E-08 1.5435820E-08 2.2096339E-08 2.8518093E-08 2.9803747E-08 1.5412629E-08 2.0276229E-08 2.3277293E-08 3.1387870E-08 1.6841204E-08 1.9857950E-08 2.1240835E-08 2.5136867E-08  272.6780 272.9759 273.6579 273.4533 269.1516 268.3399 269.2148 270.6984 264.8203 264.1362 265.6610 276.9063 263.0114 262.6367 263.7322 265.9271  18780.6
2013 1.8619767E-08 2.3223331E-08 3.1743767E-08 3.9732274E-08 1.5930762E-08 2.3459870E-08 3.1289691E-08 3.3413855E-08 1.7354125E-08 2.4086932E-08 2.8432309E-08 3.5695422E-08 1.8332699E-08 2.2185931E-08 2.4618558E-08 2.8888518E-08  274.2040 274.3842 274.8411 274.4390 270.6406 269.6974 270.2882 271.5279 266.1978 265.3488 266.4522 276.7560 264.1009 263.4448 264.1276 265.8188  37854.8
2014 2.2442691E-08 2.5717432E-08 3.2657724E-08 4.0350244E-08 2.1451530E-08 2.8757155E-08 3.3349330E-08 3.4099241E-08 1.8925707E-08 2.4867548E-08 2.6477018E-08 3.1670570E-08 1.6406815E-08 1.9238877E-08 2.0359717E-08 2.3562297E-08  274.3401 274.3282 274.6241 273.9456 270.7923 269.7758 270.1866 271.2486 266.4542 265.4121 266.5110 276.4335 264.5738 263.7966 264.3933 266.0501  48267.7
2015 3.1552826E-08 3.6759783E-08 4.4971802E-08 5.2633204E-08 2.7130524E-08 3.2415610E-08 3.6853979E-08 3.8789455E-08 1.9882084E-08 2.2866912E-08 2.4828671E-08 3.1107291E-08 1.5199525E-08 1.6054436E-08 1.7089031E-08 2.0808878E-08  272.0075 272.7141 273.6522 273.5453 268.8946 268.8420 270.2083 271.5615 265.0667 265.2553 267.3132 276.7940 263.6000 263.8983 265.2827 267.1220  30551.6
