STN,prec_1,prec_2,prec_3,prec_4,prec_5,prec_6,prec_7,prec_8,prec_9,prec_10,prec_11,prec_12,prec_13,prec_14,prec_15,prec_16,st_1,st_2,st_3,st_4,st_5,st_6,st_7,st_8,st_9,st_10,st_11,st_12,st_13,st_14,st_15,st_16,09.0
LAT,37.67308,37.67308,37.67308,37.67308,40.46365,40.46365,40.46365,40.46365,43.25420,43.25420,43.25420,43.25420,46.04472,46.04472,46.04472,46.04472,37.67308,37.67308,37.67308,37.67308,40.46365,40.46365,40.46365,40.46365,43.25420,43.25420,43.25420,43.25420,46.04472,46.04472,46.04472,46.04472,41.78058635
LON,-95.62500,-92.81250,-90.00000,-87.18750,-95.62500,-92.81250,-90.00000,-87.18750,-95.62500,-92.81250,-90.00000,-87.18750,-95.62500,-92.81250,-90.00000,-87.18750,-95.62500,-92.81250,-90.00000,-87.18750,-95.62500,-92.81250,-90.00000,-87.18750,-95.62500,-92.81250,-90.00000,-87.18750,-95.62500,-92.81250,-90.00000,-87.18750,-90.252073
1958 2.9755029E-08 3.4922525E-08 4.4201698E-08 5.0541566E-08 2.4851168E-08 3.0283147E-08 3.5663412E-08 3.5217948E-08 2.3246356E-08 2.7093526E-08 2.8345845E-08 2.6151566E-08 1.9268043E-08 2.2254788E-08 2.3749552E-08 2.4682631E-08  281.0051 280.6894 280.4986 279.4076 278.4269 276.9351 276.7002 276.8795 273.5234 271.4536 272.3334 275.4735 270.6847 269.5284 269.7115 270.7276  23180
1959 2.6664125E-08 3.3138889E-08 4.2062350E-08 5.1690034E-08 2.1786771E-08 2.9260370E-08 3.7039563E-08 3.8739188E-08 1.9430400E-08 2.5696746E-08 2.8728303E-08 2.7816379E-08 1.8385435E-08 2.3169555E-08 2.5674845E-08 2.6001794E-08  281.8218 281.5953 281.3827 280.2065 279.2007 277.5114 277.1071 277.4320 274.3943 271.8391 272.4592 275.4732 271.1865 269.5168 269.6627 270.8448  40443.3
1960 2.7619061E-08 3.3748226E-08 4.3948102E-08 5.2034878E-08 2.5500409E-08 3.3424559E-08 4.1931152E-08 4.2002583E-08 2.3241359E-08 3.1057585E-08 3.6059838E-08 3.3976693E-08 1.9013465E-08 2.4762853E-08 2.8796414E-08 3.0412583E-08  282.2025 281.9436 281.6556 280.4916 279.2708 277.9071 277.6039 277.7187 274.6443 272.6274 272.9709 275.4735 271.7345 269.9984 269.8558 270.7929  37863.3
1961 3.0907344E-08 3.7278596E-08 4.7418688E-08 5.6111524E-08 2.6617110E-08 3.6601289E-08 4.5805745E-08 4.5542393E-08 2.3134000E-08 3.1410345E-08 3.5778488E-08 3.3827373E-08 2.2073301E-08 2.7289532E-08 3.0981568E-08 3.1970568E-08  281.2144 281.2065 281.1232 279.9905 278.0006 276.8085 276.6161 276.9834 272.6874 271.0872 271.8621 275.4735 269.4960 268.4688 268.8167 270.0592  25933.3
1962 3.1892768E-08 3.8800927E-08 5.0964999E-08 5.8621609E-08 2.4479421E-08 3.3086767E-08 4.1733735E-08 4.2808644E-08 1.7981133E-08 2.4803182E-08 2.9457167E-08 2.8494146E-08 1.4613878E-08 1.9834010E-08 2.3863539E-08 2.5847676E-08  281.0698 280.8845 280.7810 279.7124 278.2616 276.8837 276.4592 276.8079 273.7539 271.5931 272.2529 275.4735 270.6686 269.1464 269.3667 270.3528  53673.3
1963 3.0320848E-08 3.6961435E-08 4.4984578E-08 4.9210840E-08 2.5510705E-08 3.2966192E-08 3.8613550E-08 3.6850828E-08 2.0528796E-08 2.5646425E-08 2.7801066E-08 2.6381530E-08 1.7579634E-08 2.2317600E-08 2.4087905E-08 2.4941013E-08  281.7459 281.3446 280.9073 279.6532 279.0581 277.3047 276.9107 277.1095 274.3285 272.0505 272.6293 275.4732 271.5714 270.2062 270.1151 270.9493  20690
1964 2.6922365E-08 3.4702662E-08 4.6857654E-08 5.7615928E-08 2.3009514E-08 3.0248117E-08 3.8360302E-08 4.1042799E-08 1.8867375E-08 2.5502558E-08 3.0009339E-08 2.8578301E-08 1.6846338E-08 2.1695676E-08 2.4186242E-08 2.5473174E-08  280.7154 280.6881 280.5735 279.3655 277.2770 275.8684 275.6431 276.1530 272.1711 270.0029 270.8301 275.4735 269.3781 268.1598 268.4127 269.5717  36580
1965 2.8905692E-08 3.4471586E-08 4.2492093E-08 4.6865527E-08 2.1996890E-08 2.9355085E-08 3.5140793E-08 3.3531343E-08 1.9707869E-08 2.3673485E-08 2.6134607E-08 2.4524228E-08 1.5877299E-08 1.9516898E-08 2.2339155E-08 2.4134977E-08  282.3670 282.0620 281.5757 280.1122 280.1367 278.6143 277.9851 278.0031 275.9414 273.4684 273.9687 275.4735 272.8378 271.2485 271.3630 271.9092  50870
1966 3.3726238E-08 3.9673829E-08 4.9379750E-08 5.6511897E-08 2.7700315E-08 3.5890686E-08 4.3396724E-08 4.3761073E-08 2.4611765E-08 3.1110414E-08 3.4022815E-08 3.1273590E-08 2.0392889E-08 2.4805644E-08 2.7710792E-08 2.8611861E-08  281.1369 280.8150 280.6617 279.6954 278.3889 276.7473 276.7167 277.1674 273.5482 271.6736 272.6018 275.4735 270.9590 269.6806 270.0213 271.0965  24730
1967 2.9145403E-08 3.6088874E-08 5.0008644E-08 6.0426856E-08 2.5453607E-08 3.3017280E-08 4.1811809E-08 4.4086928E-08 2.0949070E-08 2.7737885E-08 3.1702129E-08 3.0363314E-08 1.6505178E-08 2.1547010E-08 2.5168847E-08 2.6859489E-08  280.6689 280.5542 280.4284 279.4184 277.5034 276.1164 276.0181 276.4113 272.8295 270.9552 271.6550 275.4732 270.0592 268.6984 268.9540 270.0342  24046.7
1968 3.0427866E-08 3.8115985E-08 4.7786390E-08 5.2142340E-08 2.4378460E-08 3.1564493E-08 3.8474944E-08 3.9020822E-08 2.0146544E-08 2.4462656E-08 2.6734316E-08 2.6475064E-08 1.5000634E-08 1.7789301E-08 2.0094909E-08 2.2559215E-08  281.0461 280.7854 280.6173 279.4462 278.2047 276.6061 276.4214 276.8145 273.8752 271.8014 272.3870 275.4735 271.4027 270.1168 270.2191 271.0414  42893.3
1969 3.2855983E-08 3.6378843E-08 4.3551879E-08 5.1653611E-08 2.8972480E-08 3.3007577E-08 3.7918465E-08 3.7809620E-08 2.4072866E-08 2.9918127E-08 3.1392883E-08 2.7870176E-08 1.9521591E-08 2.4393753E-08 2.6075181E-08 2.5750182E-08  282.4535 282.1115 281.6322 280.2406 279.9209 278.2958 277.6893 277.6524 275.2122 272.8843 273.4511 275.4735 271.9454 270.3717 270.3961 271.2567  23063.3
1970 2.5865143E-08 3.1906268E-08 3.8841819E-08 4.6452865E-08 2.2489944E-08 3.0437732E-08 3.7812608E-08 3.7886988E-08 1.9667850E-08 2.5362226E-08 2.8122315E-08 2.7715654E-08 1.8984286E-08 2.3194993E-08 2.5857640E-08 2.7002951E-08  281.6387 281.3007 281.0663 279.7859 278.5735 276.9308 276.5755 276.7392 274.0269 271.9362 272.3893 275.4735 270.8802 269.2818 269.2302 270.3000  26683.3
1971 2.9884330E-08 3.9344762E-08 5.2714984E-08 6.0464636E-08 2.8876094E-08 3.5865085E-08 4.4162050E-08 4.5349442E-08 2.2220155E-08 2.8752552E-08 3.1315597E-08 2.9380832E-08 1.8616156E-08 2.4131806E-08 2.7454002E-08 2.9218629E-08  281.7308 281.5948 281.3871 280.2250 278.2050 276.9985 276.7855 277.1337 273.4413 271.5794 272.0621 275.4732 270.3907 268.8618 269.0739 270.1866  23870
1972 3.1638251E-08 3.5973532E-08 4.3388887E-08 4.7084121E-08 2.8075256E-08 3.2883705E-08 3.6667231E-08 3.5024478E-08 2.4224120E-08 2.8250453E-08 2.9417638E-08 2.6823418E-08 1.9111543E-08 2.3345436E-08 2.5898528E-08 2.6660087E-08  281.9432 281.5551 281.2641 280.1989 279.3236 277.7475 277.5062 277.7673 274.9498 272.9824 273.7308 275.4735 272.3103 270.7603 270.7624 271.4653  61133.3
1973 2.8171911E-08 3.5082316E-08 4.5191964E-08 5.3733761E-08 2.4641123E-08 3.4583792E-08 4.4141725E-08 4.4402839E-08 2.1223297E-08 2.9846873E-08 3.4878870E-08 3.4332938E-08 2.0051205E-08 2.5230662E-08 2.8999370E-08 3.0590293E-08  282.5359 282.3692 282.3091 281.2459 279.2869 277.9920 277.6999 277.9347 274.1111 272.1661 272.6132 275.4735 270.7497 269.2673 269.4647 270.5587  34996.7
1974 3.0447431E-08 3.6832393E-08 4.6113982E-08 5.4923881E-08 2.7961462E-08 3.3299827E-08 3.9297902E-08 3.8808551E-08 2.4260910E-08 2.9987547E-08 3.1746421E-08 2.9253068E-08 1.8599694E-08 2.3802952E-08 2.6920436E-08 2.8602491E-08  281.1337 280.8010 280.6103 279.7133 278.3747 276.6273 276.4415 277.0117 273.2265 271.2668 272.1017 275.4735 270.0250 268.9016 269.2381 270.3650  25636.7
1975 2.6516267E-08 3.6482486E-08 4.9923397E-08 6.0604393E-08 2.1764057E-08 3.2696931E-08 4.3249333E-08 4.5281308E-08 1.9747473E-08 2.8099494E-08 3.3831423E-08 3.4140626E-08 1.9647617E-08 2.4870261E-08 2.8543829E-08 3.0315743E-08  281.4652 281.5112 281.6656 280.6772 278.2287 276.9462 276.9456 277.3655 273.0396 271.0837 271.5132 275.4732 269.8373 268.7228 268.9581 269.9968  34656.7
1976 3.3247453E-08 3.9577891E-08 4.7523365E-08 5.2361077E-08 2.9433137E-08 3.6145039E-08 4.2136922E-08 3.9708304E-08 2.5901635E-08 3.1279967E-08 3.3691055E-08 3.1656597E-08 2.1846390E-08 2.6514336E-08 2.9816604E-08 3.0500356E-08  280.2729 280.0557 279.8141 278.7671 277.4393 275.8754 275.8089 276.2563 272.4991 270.8625 271.7461 275.4735 269.9178 268.6907 268.9818 270.0775  15936.7
1977 2.7557627E-08 3.5133354E-08 4.5810634E-08 5.5089540E-08 2.1465350E-08 2.9223886E-08 3.7769503E-08 3.9919502E-08 1.8312630E-08 2.4060775E-08 2.8140574E-08 2.7976936E-08 1.8191527E-08 2.3229331E-08 2.6597579E-08 2.9181273E-08  281.8795 281.5140 281.3749 280.4809 279.3335 277.6242 277.3629 277.6952 274.4805 272.0043 272.6815 275.4735 271.2217 269.6416 269.7128 270.7757  31176.7
1978 2.6894822E-08 3.3592741E-08 4.1247105E-08 4.7881944E-08 2.2283441E-08 2.8877361E-08 3.5521758E-08 3.5598738E-08 1.9577220E-08 2.4216757E-08 2.6501338E-08 2.5100947E-08 1.6708077E-08 2.0280343E-08 2.2385201E-08 2.3257096E-08  280.8756 280.6302 280.3688 279.0682 277.9886 276.2880 275.9840 276.1619 272.6777 270.6772 271.3358 275.4735 269.8552 268.6948 268.7909 269.6991  60113.3
1979 2.8355615E-08 3.5217553E-08 4.4296478E-08 4.9853238E-08 2.4818020E-08 3.2253844E-08 3.7672535E-08 3.8002799E-08 2.3444626E-08 2.9602308E-08 3.2808185E-08 3.0538125E-08 1.9137859E-08 2.3777021E-08 2.5645495E-08 2.6130937E-08  281.9665 281.7056 281.3823 280.0922 279.1339 277.7061 277.2987 277.4297 274.0634 272.1738 272.7694 275.4732 270.7808 269.6947 269.7673 270.7013  51890
1980 3.1978857E-08 3.8403556E-08 4.5744102E-08 5.3225968E-08 2.4360421E-08 3.2835292E-08 3.9134019E-08 3.9436021E-08 2.1081277E-08 2.8626960E-08 3.2454562E-08 3.0419649E-08 2.0001053E-08 2.5369546E-08 2.8794403E-08 2.8911112E-08  280.8388 280.5338 280.3713 279.2769 278.2398 276.7454 276.4786 276.7109 273.6146 271.7253 272.2854 275.4735 270.6885 269.1095 269.1624 270.2210  72333.3
1981 2.8452675E-08 3.4300253E-08 4.3694818E-08 5.1250776E-08 2.3282148E-08 2.9122477E-08 3.4553914E-08 3.5683257E-08 2.1369267E-08 2.6492101E-08 2.8687413E-08 2.7226891E-08 1.5959831E-08 2.1043887E-08 2.4454822E-08 2.5914776E-08  281.6169 281.3236 281.0354 279.8309 279.0695 277.5656 277.1278 277.2899 274.2817 272.1284 272.6395 275.4735 271.2988 269.6575 269.8440 270.8817  47226.7
1982 3.3326451E-08 3.9818850E-08 4.9773160E-08 5.6259594E-08 2.4566869E-08 2.9932810E-08 3.5333805E-08 3.5724298E-08 1.8742002E-08 2.3370731E-08 2.5884674E-08 2.4318693E-08 1.7914351E-08 2.1222094E-08 2.3408349E-08 2.3995163E-08  281.0553 280.8743 280.7597 279.7166 278.9965 277.4310 277.2485 277.5351 275.0046 273.3313 273.5781 275.3463 272.2582 270.8945 270.9269 271.6685  39233.3
1983 2.9828204E-08 3.7114486E-08 4.7857053E-08 5.4869680E-08 2.6863310E-08 3.5665913E-08 4.4047137E-08 4.4594579E-08 2.3731721E-08 2.9957903E-08 3.3471817E-08 3.2449808E-08 2.1082560E-08 2.5192511E-08 2.7842633E-08 2.9376078E-08  282.1155 281.9094 281.7463 280.6996 279.3936 277.8793 277.6699 278.0221 274.7343 272.4688 273.0919 275.7456 271.4319 269.8455 270.0479 271.0484  44896.7
1984 2.7636771E-08 3.6025984E-08 4.8876096E-08 5.7094031E-08 2.5327505E-08 3.5647343E-08 4.5465857E-08 4.5807035E-08 2.6053913E-08 3.4074873E-08 3.7696214E-08 3.4616932E-08 2.2345624E-08 2.7741416E-08 3.0642713E-08 3.1302477E-08  283.3358 282.9504 282.5307 281.2431 279.8463 278.3839 277.9501 278.0669 274.6368 272.2236 272.7520 275.5378 270.8691 269.1562 269.2613 270.3939  31746.7
1985 2.8585763E-08 3.6496981E-08 4.7580663E-08 5.3983836E-08 2.6224068E-08 3.5726405E-08 4.4859046E-08 4.5776115E-08 2.2086649E-08 2.8338835E-08 3.1581223E-08 3.0779162E-08 1.7632958E-08 2.1684345E-08 2.4405995E-08 2.6427234E-08  281.2383 281.2501 281.2714 280.2719 277.9037 276.6361 276.5872 277.0717 272.6853 270.8364 271.6301 275.4544 269.7993 268.4661 268.7125 269.9519  53366.7
1986 2.5434034E-08 2.9498336E-08 3.6847815E-08 4.3171546E-08 1.9673037E-08 2.5724423E-08 3.2425753E-08 3.2794702E-08 1.5255837E-08 1.9972727E-08 2.3286059E-08 2.1972511E-08 1.3847624E-08 1.7371930E-08 1.9470308E-08 2.1473920E-08  281.5684 280.9960 280.3118 278.7323 279.4397 277.4690 276.4609 276.2747 275.2052 272.4910 272.3748 275.4798 271.9635 269.8365 269.6342 270.3357  74626.7
1987 3.4077882E-08 3.8992546E-08 4.7775643E-08 5.2343236E-08 3.1695702E-08 3.6990919E-08 4.0349999E-08 3.8760664E-08 2.4464375E-08 2.9946158E-08 3.1971851E-08 2.8699571E-08 1.8560979E-08 2.4200718E-08 2.7582624E-08 2.8726079E-08  281.2391 281.0930 280.8832 279.8111 278.6489 277.1823 277.1029 277.4034 273.7946 271.9068 272.7938 275.5893 271.3819 269.8998 270.1736 271.1261  28500
1988 2.5143056E-08 3.3949494E-08 4.6820038E-08 5.8563632E-08 2.0729640E-08 3.1546538E-08 4.3940886E-08 4.7105569E-08 2.2036950E-08 3.0122241E-08 3.6006675E-08 3.6033388E-08 2.1379822E-08 2.6294517E-08 2.9102797E-08 3.0569907E-08  281.1216 281.1299 281.2912 280.2043 277.4273 276.1277 275.9713 276.5802 271.8032 269.8501 270.7986 275.7099 268.1736 267.4601 267.8530 269.1694  19916.7
1989 2.7457130E-08 3.6338452E-08 4.9425527E-08 5.8704089E-08 2.4825839E-08 3.5731556E-08 4.7019171E-08 4.7990000E-08 2.3108447E-08 3.0325189E-08 3.6083165E-08 3.6349515E-08 2.1890044E-08 2.7883813E-08 3.1654913E-08 3.4110489E-08  282.2888 282.3004 282.2042 281.1913 279.1808 278.1911 277.7140 278.0259 274.3709 272.6095 273.0355 275.4472 270.6411 269.2684 269.3480 270.5569  23516.7
1990 3.3709231E-08 3.9296435E-08 4.6667530E-08 5.2081859E-08 2.4337048E-08 3.1901696E-08 3.9203684E-08 3.9022460E-08 1.8773470E-08 2.4679446E-08 2.8335286E-08 2.6634856E-08 1.6137308E-08 1.9770010E-08 2.2420043E-08 2.3606413E-08  281.7935 281.4320 281.1166 279.9028 279.1528 277.3076 276.9936 277.2489 274.5790 272.4052 272.7545 275.3783 272.2648 270.6990 270.4551 270.9843  45486.7
1991 3.4305113E-08 3.6240092E-08 4.0189299E-08 4.3717868E-08 2.8839400E-08 3.2946552E-08 3.4496722E-08 3.3102040E-08 2.2239030E-08 2.6616783E-08 2.8798510E-08 2.7091820E-08 1.7919833E-08 2.2253465E-08 2.5287278E-08 2.8111140E-08  280.9794 280.7440 280.3052 279.2711 278.1927 276.7759 276.5713 276.9672 273.6833 271.7603 272.4037 275.5468 271.1140 269.9023 269.8750 270.7708  48480
1992 3.2755167E-08 3.7722256E-08 4.5394597E-08 4.9891671E-08 2.4386726E-08 3.1720834E-08 3.7428876E-08 3.5174175E-08 1.7112757E-08 2.2934445E-08 2.5547770E-08 2.3913133E-08 1.4463702E-08 1.9342046E-08 2.3457025E-08 2.5283670E-08  280.6467 280.4522 280.3139 279.3136 278.2882 276.9234 276.7274 277.0403 274.2371 272.1812 272.6800 275.3229 271.5638 269.9665 270.0484 271.0983  55000
1993 3.3421841E-08 3.7880529E-08 4.3829242E-08 4.7849699E-08 2.5619553E-08 3.0529723E-08 3.4865508E-08 3.5201690E-08 2.2180428E-08 2.6767685E-08 2.8121519E-08 2.6067955E-08 1.6732393E-08 1.9673426E-08 2.2188178E-08 2.3279627E-08  281.3594 281.1600 280.8455 279.5558 278.9111 277.3660 277.1674 277.3778 274.4559 272.4164 273.3729 275.5174 272.5667 271.1170 271.0830 271.7303  86626.7
1994 2.8100867E-08 3.5103014E-08 4.5339366E-08 5.2973522E-08 2.1530070E-08 2.8965344E-08 3.6505117E-08 3.8930256E-08 1.8876019E-08 2.3574581E-08 2.6292525E-08 2.6337791E-08 1.6360374E-08 2.0394141E-08 2.3232971E-08 2.5121562E-08  280.6214 280.3362 280.1278 278.9655 277.8609 276.3243 276.1077 276.3895 273.2451 271.3476 271.7637 275.3161 270.5291 269.1781 269.1526 270.0021  58226.7
1995 3.0264886E-08 3.8102449E-08 4.8698322E-08 5.5988899E-08 2.7449392E-08 3.7127716E-08 4.5335021E-08 4.4239592E-08 2.4508356E-08 3.0749732E-08 3.4031579E-08 3.2614171E-08 1.9892795E-08 2.4279766E-08 2.6383480E-08 2.7470559E-08  281.4016 281.2545 281.1292 280.1036 278.5715 277.2645 276.9603 277.3167 273.9998 271.9236 272.5514 275.6991 270.7714 269.5323 269.7592 270.8879  50693.3
1996 3.3025884E-08 3.7628844E-08 4.6598096E-08 5.3574556E-08 2.7363626E-08 3.2799306E-08 3.8999517E-08 3.9658090E-08 2.4382633E-08 2.9837750E-08 3.2596812E-08 2.9965108E-08 2.1141245E-08 2.6624914E-08 2.9625308E-08 3.0481690E-08  282.7878 282.4766 282.1610 280.9216 280.0172 278.5945 278.2188 278.3000 275.1027 272.9336 273.4525 275.3930 271.5779 270.0818 270.2630 271.1460  24343.3
1997 3.4842685E-08 4.0436500E-08 4.7972463E-08 5.2055675E-08 2.8387960E-08 3.6489826E-08 4.1118295E-08 3.8321282E-08 2.1557039E-08 2.6959666E-08 2.9519635E-08 2.6483987E-08 1.6057841E-08 1.9985166E-08 2.3837408E-08 2.5268344E-08  281.2850 281.1652 280.9836 279.7532 279.0301 277.4849 277.4516 277.6337 274.9650 273.1133 273.5483 275.3356 272.5634 271.1249 271.0221 271.6299  49166.7
1998 2.6271703E-08 3.3986201E-08 4.6537245E-08 5.6126638E-08 2.2655916E-08 3.2297695E-08 4.3728953E-08 4.6662411E-08 2.1286462E-08 2.9722866E-08 3.5852260E-08 3.5764572E-08 2.0014228E-08 2.6801160E-08 3.0979859E-08 3.3526238E-08  282.4252 282.2822 282.0594 280.9726 278.8446 277.5482 277.2849 277.5397 273.1350 271.2208 271.9329 275.7005 269.8749 268.5121 268.6682 269.8066  27946.7
1999 3.1346410E-08 4.1019813E-08 5.2072714E-08 5.7771519E-08 3.0030634E-08 3.9667526E-08 4.9045308E-08 4.8389474E-08 2.6787273E-08 3.3195938E-08 3.6617795E-08 3.4379436E-08 2.1211839E-08 2.5251980E-08 2.7357077E-08 2.8655732E-08  282.8312 282.7888 282.6880 281.5218 279.5300 278.2721 278.1100 278.2203 274.0003 272.1924 272.8742 275.5888 270.0775 269.1588 269.6093 270.8090  43303.3
2000 2.6942256E-08 3.3787881E-08 4.4321368E-08 5.0752007E-08 2.2665334E-08 3.0627948E-08 3.9354283E-08 4.0368057E-08 1.8611814E-08 2.5608365E-08 3.0144271E-08 3.0019759E-08 1.6798664E-08 2.1437852E-08 2.4322910E-08 2.7018121E-08  281.6603 281.4301 281.2384 280.0519 278.6949 277.0973 276.6022 276.7567 273.6995 271.3816 271.6606 275.4964 270.3297 268.9816 268.9128 269.8729  34420
2001 2.9443878E-08 3.4293723E-08 4.2059121E-08 4.8416794E-08 2.5822635E-08 3.2319424E-08 3.6973226E-08 3.6849393E-08 1.9294870E-08 2.6346646E-08 2.9898356E-08 2.9059795E-08 1.6815111E-08 2.2104976E-08 2.6189765E-08 2.8543363E-08  282.5725 282.4012 282.1810 280.8023 280.1469 278.8138 278.2592 278.2921 275.5607 273.3845 273.6523 275.6616 272.3985 270.4868 270.4028 271.3821  35123.3
2002 2.7634293E-08 3.2364696E-08 3.8372004E-08 4.2835264E-08 2.2400586E-08 2.7270728E-08 3.2185135E-08 3.2838638E-08 1.8704640E-08 2.2926402E-08 2.5107784E-08 2.3441149E-08 1.5970961E-08 1.9883787E-08 2.1840295E-08 2.2781798E-08  282.1737 281.7969 281.3598 279.9793 279.8190 278.2390 277.6896 277.5172 275.6464 273.4799 273.6557 275.6380 272.4366 270.7807 270.5807 271.1773  57310
2003 2.5072300E-08 3.1570433E-08 4.1574214E-08 4.8612364E-08 2.1815199E-08 2.9650721E-08 3.8531578E-08 4.0490313E-08 1.9322295E-08 2.6033039E-08 3.0111153E-08 2.9453989E-08 1.6002627E-08 2.0862972E-08 2.4815716E-08 2.7682226E-08  281.8692 281.6598 281.4183 280.2225 278.9561 277.4185 276.9791 277.2193 273.6093 271.2787 272.0081 275.4765 270.7271 269.0964 269.1404 270.0947  20286.7
2004 3.1637040E-08 3.6528153E-08 4.2545999E-08 4.7966989E-08 2.2385462E-08 2.9990755E-08 3.7099444E-08 3.8141977E-08 1.6976294E-08 2.2249075E-08 2.5920258E-08 2.5191140E-08 1.4244592E-08 1.6936891E-08 2.0870537E-08 2.3956204E-08  282.3796 281.9011 281.4326 279.9822 280.3827 278.4958 277.8440 277.6732 276.5227 273.9297 273.8872 275.3700 273.7680 271.5745 271.1553 271.8225  41743.3
2005 3.0899699E-08 3.8508155E-08 4.9084178E-08 5.6963820E-08 2.4331433E-08 3.2512958E-08 3.9225878E-08 3.8268361E-08 2.0853175E-08 2.7033758E-08 2.9652204E-08 2.7074021E-08 1.9055639E-08 2.4070731E-08 2.6703118E-08 2.7327413E-08  281.6367 281.4083 281.1286 279.9719 279.2133 277.7152 277.2522 277.4302 275.1306 272.6887 273.2060 275.6881 271.6870 270.0552 270.0380 271.1096  28670
2006 2.5985136E-08 2.9955089E-08 3.9295010E-08 4.4975454E-08 2.3819105E-08 2.9200894E-08 3.5293020E-08 3.6898218E-08 2.0489436E-08 2.6785587E-08 3.0297386E-08 2.9447515E-08 1.7686373E-08 2.2700199E-08 2.5861056E-08 2.7109460E-08  282.1693 281.8767 281.6113 280.4745 279.5288 278.0783 277.5931 277.7577 275.0872 272.6649 273.1375 275.6264 271.9568 269.9496 269.8173 270.7760  26656.7
2007 2.4791353E-08 3.2071100E-08 4.4197471E-08 5.6912956E-08 2.0567230E-08 2.9554249E-08 4.0561346E-08 4.4389690E-08 1.7908340E-08 2.5110728E-08 3.0278628E-08 2.9721196E-08 1.7689150E-08 2.2781865E-08 2.4753325E-08 2.5428761E-08  281.9658 281.7367 281.6286 280.3292 278.9190 277.4799 277.0048 277.0962 273.6624 271.5211 271.9640 275.5751 269.9549 268.9042 269.0319 270.1707  35816.7
2008 2.8057892E-08 3.9219969E-08 5.2056009E-08 6.1684922E-08 2.3218151E-08 3.2380765E-08 4.2011376E-08 4.5110909E-08 2.2669600E-08 2.8279853E-08 3.1762248E-08 3.0497532E-08 2.0347807E-08 2.3852568E-08 2.6073945E-08 2.7396988E-08  281.2050 281.0889 281.0332 279.9284 277.9094 276.4436 276.1815 276.6388 273.0839 271.2335 271.9048 275.5480 270.0159 268.8871 269.0044 270.0894  25760
2009 3.9280497E-08 4.6025438E-08 5.3722143E-08 5.4555834E-08 2.7593179E-08 3.5350549E-08 4.0968366E-08 3.9431555E-08 1.9866036E-08 2.4505823E-08 2.7417189E-08 2.5273282E-08 1.5444517E-08 1.7660222E-08 1.9410104E-08 1.9988299E-08  281.4923 281.1212 280.7430 279.6857 279.4540 277.6613 277.1441 277.2162 275.6797 273.4604 273.5446 275.4260 272.7061 270.9248 270.8678 271.5612  26073.3
2010 2.8463617E-08 3.5707636E-08 4.6370271E-08 5.5047472E-08 2.3195030E-08 3.3693816E-08 4.3215298E-08 4.5757901E-08 1.9646164E-08 2.8930028E-08 3.5786737E-08 3.5203342E-08 2.1135556E-08 2.7882802E-08 3.2959505E-08 3.5148872E-08  282.7217 282.7008 282.7034 281.3152 279.3909 278.1809 277.8768 277.9807 274.1789 272.1678 272.7002 275.8119 270.3778 269.0835 269.1628 270.3009  70620
2011 2.8914213E-08 3.6548943E-08 4.7907097E-08 5.8018479E-08 2.5844118E-08 3.7372825E-08 4.7718054E-08 4.7641240E-08 2.5916972E-08 3.3252984E-08 3.7557001E-08 3.5484224E-08 2.1814509E-08 2.6396004E-08 2.9210309E-08 3.1593583E-08  283.1687 282.9275 282.6656 281.2310 279.6436 278.3057 277.8481 277.9191 273.9491 272.0482 272.6783 275.7049 270.0389 268.8425 269.1194 270.2810  36346.7
2012 2.8150167E-08 3.5556308E-08 4.5072014E-08 5.1271947E-08 2.4342697E-08 3.2873270E-08 3.9584272E-08 3.8744815E-08 1.9729777E-08 2.5066059E-08 2.9109728E-08 2.8030193E-08 1.7772340E-08 2.2353277E-08 2.4746036E-08 2.5697839E-08  281.9718 281.8490 281.6517 280.4256 278.9884 277.7755 277.4684 277.5935 274.1421 272.2822 272.9222 275.6828 270.9383 269.4133 269.3277 270.4074  15864.3
2013 3.3035612E-08 4.1451720E-08 5.2985083E-08 6.1509880E-08 2.6409714E-08 3.6592635E-08 4.7682942E-08 4.9772165E-08 2.1616739E-08 2.7443708E-08 3.1350936E-08 3.0226413E-08 1.8530379E-08 2.1863260E-08 2.3656211E-08 2.4661556E-08  281.5178 281.4741 281.3911 280.2638 278.7677 277.4959 277.1472 277.2612 274.1737 272.0118 272.5465 275.4599 270.7259 269.1694 269.2772 270.5038  26876.7
2014 3.1473178E-08 3.7009798E-08 4.2427047E-08 4.5673861E-08 2.3961958E-08 3.0290597E-08 3.3990169E-08 3.1590247E-08 2.0109919E-08 2.5788392E-08 2.8072595E-08 2.4559096E-08 1.7576957E-08 2.1808003E-08 2.4643590E-08 2.5086731E-08  281.9501 281.7072 281.4510 280.1347 279.7156 278.3403 277.9701 277.8513 275.5459 273.5380 273.9632 275.3108 272.7603 271.1362 270.8933 271.4988  73543.3
2015 3.6006281E-08 4.2856147E-08 5.2234501E-08 5.5794864E-08 3.0010334E-08 3.5976488E-08 4.2047645E-08 3.9929581E-08 2.4469992E-08 2.8492966E-08 2.9614847E-08 2.6273892E-08 1.9155127E-08 2.1929987E-08 2.5006900E-08 2.5601580E-08  281.0836 280.8997 280.8054 279.9132 279.0348 277.4626 277.5884 278.0376 274.6887 273.2086 274.1504 275.5400 272.6540 271.5783 271.8607 272.6889  40956.7
