STN,prec_1,prec_2,prec_3,prec_4,prec_5,prec_6,prec_7,prec_8,prec_9,prec_10,prec_11,prec_12,prec_13,prec_14,prec_15,prec_16,st_1,st_2,st_3,st_4,st_5,st_6,st_7,st_8,st_9,st_10,st_11,st_12,st_13,st_14,st_15,st_16,07.0
LAT,37.67308,37.67308,37.67308,37.67308,40.46365,40.46365,40.46365,40.46365,43.25420,43.25420,43.25420,43.25420,46.04472,46.04472,46.04472,46.04472,37.67308,37.67308,37.67308,37.67308,40.46365,40.46365,40.46365,40.46365,43.25420,43.25420,43.25420,43.25420,46.04472,46.04472,46.04472,46.04472,41.78058635
LON,-95.62500,-92.81250,-90.00000,-87.18750,-95.62500,-92.81250,-90.00000,-87.18750,-95.62500,-92.81250,-90.00000,-87.18750,-95.62500,-92.81250,-90.00000,-87.18750,-95.62500,-92.81250,-90.00000,-87.18750,-95.62500,-92.81250,-90.00000,-87.18750,-95.62500,-92.81250,-90.00000,-87.18750,-95.62500,-92.81250,-90.00000,-87.18750,-90.252073
1958 1.8283815E-08 1.9701426E-08 2.0555559E-08 2.3804850E-08 2.2258192E-08 2.9297787E-08 3.0417485E-08 2.7348683E-08 2.7676148E-08 3.7965794E-08 3.9519104E-08 3.0013322E-08 2.4598734E-08 3.3801044E-08 3.7384229E-08 3.4188290E-08  303.1174 302.6323 301.2044 298.3485 299.3303 297.4848 296.6186 296.8612 295.7938 294.2148 293.6458 291.3137 293.2739 291.7784 291.1596 291.4079  36438.7
1959 1.9200270E-08 1.8780467E-08 1.9881096E-08 2.5204633E-08 1.9779595E-08 2.5975211E-08 2.7501804E-08 2.4793028E-08 2.1708855E-08 3.0107103E-08 3.2313814E-08 2.2943025E-08 2.0492722E-08 2.7634453E-08 2.7975496E-08 2.4671655E-08  302.6183 302.2152 300.5388 297.8677 299.5410 297.6717 296.7648 297.0414 296.3384 294.8739 294.4453 291.3137 294.2613 292.7930 292.2415 292.7053  33483.9
1960 1.7137124E-08 1.7542870E-08 2.0924874E-08 2.5588738E-08 2.3630584E-08 2.9164296E-08 2.8262132E-08 2.5222437E-08 2.3449090E-08 3.0961850E-08 3.1049993E-08 2.3047642E-08 2.0779078E-08 2.7563729E-08 2.8396270E-08 2.4283546E-08  302.4677 301.8908 300.3705 297.6205 299.1725 297.2559 296.2150 296.6570 295.8149 294.2787 293.9230 291.3137 293.9241 292.4420 291.7946 292.3123  38464.5
1961 1.5256633E-08 1.7218653E-08 2.3086745E-08 2.9451494E-08 1.8409043E-08 2.1665819E-08 2.2427351E-08 2.0969457E-08 2.2793701E-08 3.0243559E-08 2.9528479E-08 1.9927702E-08 2.0426524E-08 2.7650918E-08 2.7396567E-08 2.2474334E-08  302.9320 302.3111 300.6131 297.8904 299.9619 297.9361 296.9634 297.3906 296.3121 295.0311 294.6683 291.3137 293.8655 292.6652 292.3642 292.9796  22329
1962 1.9438337E-08 1.9015825E-08 2.1213223E-08 2.6608850E-08 1.9173770E-08 2.4058341E-08 2.5642787E-08 2.3634602E-08 2.3413072E-08 2.9511199E-08 2.8806758E-08 1.9166995E-08 2.1243626E-08 2.6786415E-08 2.8046591E-08 2.4225326E-08  302.3556 301.6894 300.1028 297.5086 299.6544 297.6031 296.5556 296.8966 296.3356 294.8300 294.4669 291.3137 293.8816 292.4522 291.9888 292.5227  52983.9
1963 1.6793871E-08 1.5908604E-08 1.9621551E-08 2.5759261E-08 2.1026594E-08 2.6806781E-08 2.7753762E-08 2.4172310E-08 2.6629134E-08 3.5808085E-08 3.6017902E-08 2.4150888E-08 2.3810031E-08 3.1536164E-08 3.2537024E-08 2.6931579E-08  302.7854 302.2298 300.4803 297.7033 299.4861 297.4978 296.4881 296.6643 295.7348 294.2821 293.8611 291.3137 293.1346 291.6683 291.2269 291.8046  26061.3
1964 2.0372184E-08 2.1013022E-08 2.3091163E-08 2.6323979E-08 2.3765653E-08 3.1928508E-08 3.1965808E-08 2.5935623E-08 2.6086585E-08 3.5704456E-08 3.6091553E-08 2.4223269E-08 2.2926764E-08 2.8510783E-08 3.0350925E-08 2.6807973E-08  302.5882 301.6807 299.9133 297.4079 299.5851 297.3823 296.4661 296.7082 296.1890 294.6859 294.2407 291.3137 293.9282 292.5865 292.0638 292.4266  18222.6
1965 1.5765659E-08 1.8503904E-08 2.4625601E-08 2.9333494E-08 1.9822263E-08 2.6472632E-08 2.9331169E-08 2.7885688E-08 2.3121871E-08 3.2048582E-08 3.1763385E-08 2.2860506E-08 1.8384002E-08 2.4139135E-08 2.5263795E-08 2.1991180E-08  301.6324 300.7365 298.9508 296.5169 298.6245 296.5294 295.6320 295.6575 295.5458 293.9855 293.5508 291.3137 293.4980 292.0598 291.4769 291.9297  40725.8
1966 2.0465276E-08 1.9315648E-08 2.3369749E-08 2.7503660E-08 2.1474026E-08 2.8131314E-08 3.0395260E-08 2.8452753E-08 2.3805056E-08 3.2854974E-08 3.3490377E-08 2.4428809E-08 1.9199719E-08 2.5420988E-08 2.7839043E-08 2.4790385E-08  301.0560 300.3862 299.0350 296.7782 298.4403 296.5473 295.7793 296.0822 295.5602 294.0792 293.6386 291.3137 293.3535 291.9044 291.3716 291.9406  33400
1967 1.8520302E-08 1.9271797E-08 2.4672399E-08 3.1015226E-08 2.0789455E-08 2.6557093E-08 2.9581456E-08 2.7966516E-08 2.3104965E-08 3.3725208E-08 3.4840330E-08 2.4320572E-08 2.2448322E-08 2.9501741E-08 3.0646124E-08 2.5877661E-08  302.1420 301.2197 299.3591 296.8813 299.5872 297.4239 296.3886 296.4563 296.3022 294.7035 294.1712 291.3137 294.1872 292.6419 291.9373 292.4414  59303.2
1968 1.9396218E-08 2.1295167E-08 2.5378910E-08 3.2038095E-08 2.2839020E-08 2.8791428E-08 3.3312400E-08 3.0190510E-08 2.4113001E-08 3.3627963E-08 3.3522582E-08 2.3557961E-08 2.0309713E-08 2.7849081E-08 3.0084550E-08 2.5821130E-08  302.1332 301.4460 299.7175 297.1755 299.1988 297.2222 296.2911 296.4796 295.9078 294.4500 294.0707 291.3137 293.6582 292.2512 291.7593 292.3202  92909.7
1969 1.5892038E-08 1.5363502E-08 2.0715463E-08 2.6393678E-08 1.6896513E-08 2.1908264E-08 2.5141388E-08 2.3955105E-08 2.2733728E-08 2.9634874E-08 3.1376736E-08 2.1300121E-08 2.1838680E-08 2.7950060E-08 2.7255895E-08 2.2308313E-08  302.9247 302.4231 300.7530 298.1504 300.2838 298.1685 297.0760 297.4208 296.7452 295.3327 294.9594 291.3138 294.2151 293.0219 292.6393 293.3166  74567.7
1970 1.8951308E-08 1.7977280E-08 2.2599307E-08 2.7885291E-08 2.2679318E-08 2.7401626E-08 2.8796814E-08 2.6200764E-08 2.8023232E-08 3.5262591E-08 3.4318212E-08 2.2611877E-08 2.5216501E-08 3.2082283E-08 3.3691279E-08 2.8648266E-08  302.6382 302.0924 300.3613 297.7007 299.7168 297.7734 296.7801 297.0110 296.2639 295.0182 294.6771 291.3137 293.6229 292.4047 291.9656 292.4406  27609.7
1971 1.6178793E-08 1.6313109E-08 2.0254994E-08 2.8220843E-08 1.5084417E-08 1.8748436E-08 2.1198321E-08 2.0949178E-08 1.6185915E-08 2.2437272E-08 2.3497583E-08 1.4430984E-08 1.6681199E-08 2.2223325E-08 2.2121442E-08 1.7697394E-08  302.0150 301.3734 299.8983 297.2100 299.8556 297.6426 296.5860 296.9597 296.8548 295.2408 294.8635 291.3137 294.6252 293.2504 292.6969 293.3484  42016.1
1972 1.9196996E-08 1.9649883E-08 2.4287166E-08 2.9260107E-08 2.2380709E-08 2.7889312E-08 2.9195443E-08 2.8521420E-08 2.3846312E-08 3.2958656E-08 3.4107956E-08 2.4771717E-08 2.2679423E-08 3.0927225E-08 3.3724600E-08 2.9810817E-08  301.7373 300.9512 299.0955 296.6502 298.9019 297.0574 296.1426 296.1683 295.5982 294.1981 293.7816 291.3137 293.0011 291.5966 291.0483 291.4630  43564.5
1973 1.4972608E-08 1.6194287E-08 1.9017362E-08 2.4868077E-08 2.1581142E-08 2.6159981E-08 2.6074343E-08 2.2223537E-08 2.2057890E-08 2.9258066E-08 2.8295553E-08 1.7811976E-08 1.9584144E-08 2.5931106E-08 2.6623635E-08 2.3347958E-08  302.6117 301.6402 299.8040 297.3574 299.6529 297.5338 296.6320 297.0510 296.4266 295.0529 294.7804 291.3138 294.1113 292.7786 292.3317 292.9775  35222.6
1974 1.7709992E-08 2.0449097E-08 2.3696554E-08 2.8338187E-08 2.2083476E-08 2.7915137E-08 3.0840535E-08 2.8294233E-08 2.1553220E-08 3.0527623E-08 3.2045815E-08 2.1518417E-08 2.1853774E-08 2.9138720E-08 3.1165897E-08 2.8098004E-08  302.2092 301.3468 299.6077 297.1185 299.0665 297.1955 296.3559 296.5788 295.7022 294.4734 294.2870 291.3137 293.3952 292.2664 292.0386 292.6822  38625.8
1975 1.5997481E-08 1.5646791E-08 1.8558024E-08 2.4727528E-08 1.6774093E-08 2.1362649E-08 2.2044494E-08 2.1512747E-08 2.1472388E-08 2.8039439E-08 2.7552002E-08 1.7241476E-08 1.9819884E-08 2.6783985E-08 2.7558464E-08 2.4472651E-08  302.7074 302.2339 300.5937 297.5698 300.1588 298.0647 296.9066 297.2984 296.6822 295.1453 294.7900 291.3138 294.2296 292.8906 292.3864 292.8925  68561.3
1976 1.2366626E-08 1.3848307E-08 1.8067357E-08 2.2743235E-08 1.6709594E-08 2.3581050E-08 2.7151032E-08 2.4933716E-08 2.3420387E-08 2.9888806E-08 3.2051268E-08 2.3248884E-08 2.0745976E-08 2.8076601E-08 3.0372053E-08 2.7116949E-08  302.4848 301.6309 299.5679 296.9626 299.0114 296.7800 295.8438 295.9702 295.2614 293.8092 293.4442 291.3138 292.9933 291.5743 291.0626 291.5553  19822.6
1977 1.6405076E-08 1.5203568E-08 1.8927636E-08 2.4988365E-08 1.7984204E-08 2.2206541E-08 2.5068550E-08 2.1935604E-08 2.0451733E-08 2.7579327E-08 2.8025083E-08 1.9486951E-08 1.9033774E-08 2.6913963E-08 3.0437192E-08 2.6462599E-08  302.2955 301.7006 299.8894 297.1819 299.4888 297.5529 296.5559 296.8838 296.1367 294.7049 294.3770 291.3137 293.4899 292.0733 291.5624 292.1639  24529
1978 1.7316404E-08 1.8862950E-08 2.2808083E-08 2.8735943E-08 1.8261348E-08 2.4687287E-08 2.5805594E-08 2.2173600E-08 1.9999552E-08 2.7189513E-08 2.7748714E-08 1.6718905E-08 1.7900490E-08 2.2423622E-08 2.3958320E-08 1.9773911E-08  303.1723 302.2914 300.1972 297.4164 300.2465 297.8583 296.7051 296.9381 296.7801 295.1139 294.6822 291.3137 294.5263 293.1125 292.5925 293.2153  91254.8
1979 1.5425869E-08 1.6757404E-08 2.1344047E-08 2.7547996E-08 1.8387343E-08 2.4822111E-08 2.8753993E-08 2.7884516E-08 2.0992106E-08 3.1026662E-08 3.1244060E-08 2.1481101E-08 2.3338034E-08 3.0484102E-08 3.2590030E-08 2.8778953E-08  303.2885 302.4443 300.2775 297.5685 300.1014 297.9018 296.8273 296.8658 296.5646 294.9830 294.6229 291.3137 293.9635 292.5791 292.1220 292.6506  64661.3
1980 1.4192815E-08 1.5117791E-08 2.0937598E-08 2.7455945E-08 1.9293745E-08 2.5123349E-08 2.7931092E-08 2.5746806E-08 2.3129379E-08 3.0595022E-08 3.0484529E-08 2.0825157E-08 1.9428068E-08 2.5956476E-08 2.8211703E-08 2.4275629E-08  302.6715 301.8031 299.8226 297.2783 299.7118 297.5322 296.5213 296.7564 295.9279 294.4440 294.1481 291.3137 293.4034 291.9939 291.5957 292.3333  24403.2
1981 1.9562622E-08 2.0958199E-08 2.2730239E-08 2.7182175E-08 2.0647374E-08 2.8045509E-08 2.8320423E-08 2.4793545E-08 2.1770397E-08 2.8050611E-08 2.8674801E-08 1.9011825E-08 1.8507100E-08 2.3957945E-08 2.6019109E-08 2.3006908E-08  302.1908 301.3771 299.9678 297.5319 299.7014 297.6384 296.6122 297.1307 296.4575 295.0002 294.7708 291.3137 294.3203 293.0181 292.5180 293.0382  56064.5
1982 1.7176427E-08 1.7824222E-08 2.2471065E-08 3.1431060E-08 1.7300378E-08 2.4237927E-08 2.6635657E-08 2.4949470E-08 1.9221289E-08 2.6157787E-08 2.7032213E-08 1.7222870E-08 1.8125938E-08 2.3849076E-08 2.4781533E-08 2.0634223E-08  301.8817 300.9837 299.1078 296.5777 298.9567 296.8991 295.9072 296.0724 295.8839 294.3455 293.9712 289.8489 293.8220 292.4938 292.0680 292.6743  42129
1983 1.8028711E-08 1.9374284E-08 2.4274513E-08 2.9678672E-08 2.0503959E-08 2.4795817E-08 2.7680507E-08 2.5605090E-08 2.3383238E-08 3.0226477E-08 3.1482156E-08 2.4019824E-08 2.0432818E-08 2.6868371E-08 2.8926387E-08 2.5704081E-08  302.3163 301.4221 299.4015 296.9722 298.7150 296.9789 296.1024 296.2576 295.3712 294.0685 293.6020 291.7716 292.8163 291.4364 290.9878 291.4522  72693.5
1984 1.5157223E-08 1.7859326E-08 2.1118263E-08 2.3106256E-08 1.6687238E-08 2.5185338E-08 2.6588621E-08 2.2280467E-08 2.0425071E-08 2.8211687E-08 2.7752892E-08 1.8222224E-08 1.9438861E-08 2.3682992E-08 2.4878737E-08 2.0229416E-08  302.4912 301.4649 299.8048 297.0433 300.1388 297.7179 296.5359 296.8889 296.6868 295.1287 294.8261 290.4602 294.6106 293.5307 293.0203 293.5972  87083.9
1985 1.9388519E-08 1.9994248E-08 2.4075476E-08 2.8391378E-08 2.3013442E-08 2.8903562E-08 3.0289357E-08 2.7239121E-08 2.0074260E-08 2.6761034E-08 2.8797229E-08 2.1566319E-08 1.7203851E-08 2.2778757E-08 2.5980597E-08 2.2650120E-08  301.7802 300.9837 299.2089 296.8593 298.5864 296.3806 295.5427 295.9564 295.5117 293.8837 293.4855 291.1058 293.3469 291.9697 291.3246 291.7719  45051.6
1986 1.9844197E-08 2.0137156E-08 2.2937849E-08 2.6505276E-08 2.1165098E-08 2.7697510E-08 2.9692833E-08 2.7259606E-08 2.2863352E-08 3.1286483E-08 3.2741358E-08 2.4159661E-08 2.0498465E-08 2.4811275E-08 2.6793051E-08 2.5212733E-08  301.9108 301.1785 299.5046 297.1424 299.0024 297.0407 296.1900 296.4311 295.5440 294.2563 293.8938 290.9075 293.1948 292.0456 291.5020 291.9347  69712.9
1987 1.5116610E-08 1.5844936E-08 2.2088662E-08 3.0805626E-08 1.6234395E-08 1.9113104E-08 2.2789916E-08 2.1824258E-08 1.9235442E-08 2.5602326E-08 2.6213748E-08 1.7072967E-08 1.9680396E-08 2.5329042E-08 2.7651353E-08 2.4785365E-08  302.6436 301.6997 299.6002 296.9883 299.8390 297.8330 296.7213 296.9078 296.3972 295.0278 294.8145 292.8579 293.8640 292.5953 292.1343 292.6137  29867.7
1988 1.3884246E-08 1.7193571E-08 2.0291667E-08 2.7226326E-08 1.4533911E-08 2.0864393E-08 2.3810426E-08 2.1788873E-08 1.8352445E-08 2.5369731E-08 2.4967573E-08 1.5343872E-08 2.1113854E-08 2.4951614E-08 2.5893502E-08 2.2207461E-08  303.3351 302.5850 301.0515 298.1988 300.7814 298.6098 297.3753 297.9548 297.2497 295.7004 295.3534 291.6043 294.5199 293.3105 292.9209 293.5426  14687.1
1989 1.4076793E-08 1.7418920E-08 2.1037147E-08 2.6449460E-08 1.4129530E-08 1.9317618E-08 2.2038545E-08 2.0547956E-08 1.5866663E-08 2.0338240E-08 1.9718270E-08 1.3147369E-08 1.5610858E-08 2.0358023E-08 2.1225658E-08 1.7920470E-08  302.4249 301.8673 300.5421 297.8756 300.5817 298.2430 296.9438 297.5931 297.5620 295.9140 295.6095 290.9455 295.3850 294.2678 293.7516 294.2474  21851.6
1990 1.6022749E-08 1.6395482E-08 1.9766151E-08 2.6919322E-08 1.7743135E-08 2.3342215E-08 2.5551561E-08 2.3578380E-08 2.1863354E-08 3.1401775E-08 3.2864136E-08 2.3717909E-08 2.0342972E-08 2.6956339E-08 3.0827245E-08 2.9417835E-08  302.8037 301.8724 299.9079 297.4283 299.5662 297.5252 296.6234 296.6132 296.3264 294.7425 294.2353 290.9566 293.9914 292.5597 291.9055 292.3010  61771
1991 1.9019540E-08 1.9886496E-08 2.7179503E-08 3.2027643E-08 1.9670585E-08 2.7390982E-08 3.0846614E-08 2.8497507E-08 2.0525540E-08 2.8334442E-08 3.0053485E-08 2.0926571E-08 2.0859343E-08 2.7397839E-08 2.9535702E-08 2.5666074E-08  302.2100 301.0374 298.8614 296.7621 299.1743 296.9205 296.1638 296.2176 296.1666 294.7712 294.4597 292.9013 294.1388 292.8296 292.4644 293.0202  67967.7
1992 1.5802195E-08 1.5739070E-08 1.8871024E-08 2.5260611E-08 2.0590086E-08 2.6998997E-08 2.8975325E-08 2.6317265E-08 2.3194398E-08 3.3048725E-08 3.5967545E-08 2.6011017E-08 2.1471134E-08 2.9060711E-08 3.1201093E-08 2.7429014E-08  301.5060 300.8221 298.9781 296.7823 298.6006 296.8364 296.1351 296.3675 295.7986 294.4573 294.2236 291.7251 293.7414 292.5352 292.1017 292.6055  57090.3
1993 1.7227350E-08 1.9577108E-08 2.3923878E-08 2.7130671E-08 2.1013859E-08 2.6362748E-08 2.6886163E-08 2.3425947E-08 2.1793808E-08 2.9085260E-08 2.7116796E-08 1.7552161E-08 1.9057140E-08 2.3679460E-08 2.4500016E-08 1.9973189E-08  302.3086 301.4602 299.7131 297.1849 299.0404 297.0068 296.2617 296.6059 296.0302 294.6658 294.3794 290.7890 294.0669 292.7578 292.4034 292.9579  198871
1994 1.7759415E-08 1.7172750E-08 2.2278808E-08 2.5054421E-08 1.7483314E-08 2.1578142E-08 2.4485690E-08 2.1380320E-08 1.6180069E-08 2.2630052E-08 2.3329424E-08 1.6656486E-08 1.6884393E-08 2.1887057E-08 2.2560979E-08 1.8986572E-08  301.9980 301.1483 299.2330 296.7975 299.2149 297.1332 296.3041 296.5611 296.4338 295.0530 294.7376 290.7385 294.6620 293.3920 292.8243 293.3380  64454.8
1995 1.6987762E-08 1.7488301E-08 2.1108473E-08 2.6574426E-08 2.1021346E-08 2.7176355E-08 3.0559427E-08 2.6406157E-08 2.2545358E-08 2.9305898E-08 2.9111368E-08 1.9834177E-08 1.8472866E-08 2.4601352E-08 2.8004170E-08 2.4265056E-08  303.4733 302.7224 300.8574 298.0987 300.1741 298.0072 296.9318 297.3427 296.5765 294.9860 294.7122 291.9490 294.2730 293.1203 292.6671 293.3023  51045.2
1996 1.6055573E-08 1.8230701E-08 2.2443784E-08 2.8295140E-08 1.6582183E-08 2.1959391E-08 2.5159313E-08 2.2408011E-08 1.7973727E-08 2.4446907E-08 2.6298819E-08 1.8134903E-08 1.9375022E-08 2.4997766E-08 2.6104727E-08 2.2550326E-08  302.9067 301.9136 299.9810 297.2834 300.1047 297.5349 296.4219 296.7057 296.6786 295.0102 294.5281 290.0481 294.0806 292.6895 292.1490 292.6287  61438.7
1997 1.8765142E-08 1.9625038E-08 2.3864541E-08 2.5172277E-08 1.7561613E-08 2.3312854E-08 2.4282704E-08 2.1230601E-08 1.9191408E-08 2.7236108E-08 2.9184777E-08 2.0072108E-08 1.8506386E-08 2.5481409E-08 2.7342114E-08 2.3226569E-08  301.6382 300.9087 299.1958 296.7092 299.1725 297.0449 295.9842 296.0580 296.2393 294.5727 294.0040 290.7401 293.7290 292.2105 291.6955 292.3195  65951.6
1998 1.6969798E-08 1.8420149E-08 2.2530674E-08 2.6714618E-08 2.1158581E-08 2.8404060E-08 3.0740154E-08 2.6127761E-08 2.2855881E-08 2.9930725E-08 2.8943022E-08 1.8513038E-08 2.0407178E-08 2.7061477E-08 2.8071964E-08 2.3412298E-08  303.1700 302.2483 300.2849 297.7511 299.7515 297.9842 297.0866 297.4060 296.7020 295.4080 295.2390 292.8473 294.3267 293.3260 293.0491 293.6317  81400
1999 1.6622364E-08 1.8838366E-08 2.3858103E-08 2.9551991E-08 1.9541972E-08 2.6137531E-08 2.8383663E-08 2.4347875E-08 2.2623789E-08 3.0320667E-08 3.0314329E-08 2.0018170E-08 2.0259790E-08 2.7065322E-08 2.7695080E-08 2.2764032E-08  303.6078 302.9351 301.5039 298.5532 300.9981 298.7057 297.4609 297.8732 297.1993 295.7248 295.4207 292.6834 295.0843 293.9308 293.5529 294.1027  73693.5
2000 1.6299294E-08 1.6831418E-08 2.0827445E-08 2.7362930E-08 1.5626716E-08 1.9992903E-08 2.4277631E-08 2.1667834E-08 1.9403631E-08 2.5074065E-08 2.5163372E-08 1.6431624E-08 1.7376093E-08 2.1238518E-08 2.2391548E-08 1.9871045E-08  302.6212 302.0673 300.4267 297.6474 300.1773 298.1787 296.8260 297.1371 296.9116 295.2736 294.9327 292.1749 294.5694 293.3598 292.7463 293.1749  72300
2001 1.3153828E-08 1.5988675E-08 2.1262121E-08 2.6185845E-08 1.1585743E-08 1.6327732E-08 2.0073040E-08 1.7364012E-08 1.4477216E-08 2.1763041E-08 2.0984290E-08 1.3353336E-08 1.4050258E-08 1.9367926E-08 2.1763231E-08 1.8510271E-08  303.4004 302.4276 300.2964 297.6041 301.2952 298.7483 297.2691 297.7652 298.0770 296.1544 295.6985 291.8992 295.5601 294.1839 293.5520 294.1203  64764.5
2002 1.6488933E-08 1.9043259E-08 2.6584502E-08 3.3358699E-08 1.4608200E-08 2.2518693E-08 2.7644370E-08 2.5618675E-08 2.0076900E-08 2.8732286E-08 2.9088223E-08 1.9499485E-08 1.8502416E-08 2.5577954E-08 2.6745097E-08 2.1944327E-08  303.2154 302.3986 300.3073 297.5144 300.9187 298.4943 297.2016 297.2489 297.5922 295.7661 295.2515 291.6751 295.0768 293.6273 292.9745 293.4970  76332.3
2003 1.6421753E-08 1.7934887E-08 2.0408628E-08 2.5820212E-08 2.1638286E-08 2.5452033E-08 2.6096055E-08 2.4780716E-08 2.3191102E-08 3.0810028E-08 3.0348343E-08 2.1557637E-08 2.2426773E-08 2.9250813E-08 3.0696523E-08 2.6345441E-08  303.0064 302.1910 300.5266 297.8433 299.8947 297.7650 296.6661 297.0612 296.1438 294.5632 294.0937 290.5825 293.6628 292.1746 291.6414 292.1771  63577.4
2004 1.8640639E-08 2.0220821E-08 2.4792906E-08 3.3213080E-08 2.0291704E-08 2.4173511E-08 2.8117674E-08 2.8447662E-08 2.1848784E-08 2.7921285E-08 2.8527539E-08 2.0699007E-08 1.9061163E-08 2.5557489E-08 2.7981409E-08 2.4709037E-08  302.2575 301.7671 300.1029 297.2849 299.6948 297.7487 296.5652 296.7755 296.1183 294.6231 294.2299 291.1967 293.6156 292.2280 291.7857 292.3716  57206.5
2005 1.6662348E-08 1.7167466E-08 2.2411307E-08 3.1954059E-08 2.1347519E-08 2.8013348E-08 2.9531829E-08 2.9143914E-08 2.1508900E-08 2.9963580E-08 3.2008085E-08 2.3555838E-08 1.8906436E-08 2.6440624E-08 2.9705593E-08 2.7349932E-08  302.9144 302.2560 300.6568 297.8826 300.1003 298.0136 296.8969 297.0956 296.4436 294.8126 294.3074 292.3200 293.6825 292.1320 291.6796 292.1398  44319.4
2006 1.3143679E-08 1.3907973E-08 2.1586645E-08 2.7702301E-08 1.5236488E-08 2.2199563E-08 2.5632486E-08 2.4925553E-08 2.1155412E-08 2.9541400E-08 3.1452327E-08 2.1973653E-08 2.4317286E-08 3.0581095E-08 3.2148758E-08 2.7834027E-08  303.8824 303.1358 301.1797 298.2627 300.8217 298.3406 297.0664 297.1914 296.5075 294.9227 294.3618 292.6114 293.6241 292.1641 291.6757 292.1761  25987.1
2007 1.8075243E-08 2.0319746E-08 2.3313277E-08 3.0436997E-08 1.7504302E-08 2.1618701E-08 2.4344898E-08 2.1539703E-08 2.0518323E-08 2.6812641E-08 2.7960608E-08 1.8390905E-08 1.7482948E-08 2.4509971E-08 2.8155647E-08 2.5356378E-08  303.1688 302.4685 301.0184 298.1758 300.9478 298.6870 297.4677 297.8815 297.2694 295.7028 295.3639 292.3086 294.8813 293.5406 292.9854 293.5861  25451.6
2008 1.6509057E-08 1.8627818E-08 2.2197822E-08 2.6183173E-08 1.5491967E-08 2.1888876E-08 2.4121933E-08 2.1526736E-08 1.8807356E-08 2.5622212E-08 2.6758217E-08 1.8415776E-08 1.8490919E-08 2.4949770E-08 2.6628385E-08 2.2888511E-08  302.8879 302.1562 300.6609 297.9160 300.7170 298.5023 297.1828 297.6874 297.3554 295.5709 295.1538 290.8822 294.8397 293.3791 292.7727 293.3104  59632.3
2009 1.9288992E-08 1.9789717E-08 2.2987557E-08 2.8468795E-08 2.3825736E-08 3.1551838E-08 3.4408302E-08 3.0668510E-08 2.6203754E-08 3.6057862E-08 3.6841399E-08 2.7232549E-08 1.9440316E-08 2.7145845E-08 2.9600756E-08 2.5737569E-08  0.0000000E+00 0.0000000E+00 0.0000000E+00 0.0000000E+00 0.0000000E+00 0.0000000E+00 0.0000000E+00 0.0000000E+00 0.0000000E+00 0.0000000E+00 0.0000000E+00 0.0000000E+00 0.0000000E+00 0.0000000E+00 0.0000000E+00 0.0000000E+00  31229
2010 1.4845756E-08 1.5835319E-08 2.2274200E-08 2.4992486E-08 1.9964046E-08 2.6149316E-08 2.8453275E-08 2.5364903E-08 2.4796634E-08 3.3906037E-08 3.4000390E-08 2.2426500E-08 2.2441350E-08 2.9858164E-08 3.1507771E-08 2.7012009E-08  303.4248 302.6896 300.5800 297.7414 299.7259 297.6366 296.5905 297.0676 295.7131 294.3250 294.0309 292.4123 293.0988 291.7119 291.2821 291.9387  100881
2011 1.4202110E-08 1.5901492E-08 1.9678152E-08 2.7941418E-08 1.7702279E-08 2.1909381E-08 2.4503866E-08 2.2559014E-08 2.2192300E-08 2.9357357E-08 2.8552268E-08 1.9597312E-08 2.1071969E-08 2.8016700E-08 2.8521470E-08 2.4455241E-08  304.0342 303.4171 301.7678 298.7500 300.7859 298.5486 297.3847 297.8978 296.4760 294.9571 294.6876 291.0115 293.6996 292.3978 292.0683 292.8001  98790.3
2012 1.7449706E-08 1.8945489E-08 2.3256979E-08 2.7643605E-08 2.0372019E-08 2.5507008E-08 2.6141892E-08 2.3993975E-08 2.0248068E-08 2.7695210E-08 2.9322425E-08 1.9093589E-08 1.7015426E-08 2.2435589E-08 2.4685667E-08 2.2824313E-08  302.7500 302.2063 300.5226 297.9292 300.1101 298.2048 297.1892 297.4987 296.6115 295.2211 294.9771 293.4593 294.1922 293.0106 292.6336 293.2357  62235.5
2013 1.6629283E-08 1.8830914E-08 2.3169207E-08 3.0398535E-08 1.6694397E-08 2.3178087E-08 2.7669127E-08 2.5509507E-08 2.1341064E-08 2.9205760E-08 3.1422818E-08 2.1100059E-08 2.0228573E-08 2.7404164E-08 2.9286868E-08 2.5221794E-08  303.3505 302.3986 300.4371 297.7833 300.6266 298.3738 297.1472 297.2464 296.7390 295.2526 294.7672 291.6489 294.1438 292.8261 292.4047 293.0119  97751.6
2014 1.8574497E-08 1.9028082E-08 2.2114353E-08 2.7583965E-08 2.0854657E-08 2.6067777E-08 2.9214213E-08 2.6986012E-08 1.8845485E-08 2.6143695E-08 2.7518727E-08 1.9864835E-08 1.6464746E-08 2.2082258E-08 2.4409788E-08 2.0745935E-08  302.5771 302.0340 300.3495 297.5278 299.6097 297.5483 296.4286 296.8191 296.1922 294.6760 294.3618 290.0902 293.9324 292.5706 292.0365 292.6847  124952
2015 1.8361943E-08 1.8798865E-08 2.3928106E-08 2.8159247E-08 1.8065517E-08 2.5161976E-08 2.8773226E-08 2.5924907E-08 2.1877691E-08 3.0338143E-08 3.2158088E-08 2.1631239E-08 1.7157108E-08 2.3660911E-08 2.6654284E-08 2.3308365E-08  302.2101 301.4864 299.5588 297.1885 299.8805 297.8364 296.7812 296.9147 296.8290 295.1594 294.5354 291.0706 294.6602 293.2259 292.3799 292.6479  57454.8
