STN,prec_1,prec_2,prec_3,prec_4,prec_5,prec_6,prec_7,prec_8,prec_9,prec_10,prec_11,prec_12,prec_13,prec_14,prec_15,prec_16,st_1,st_2,st_3,st_4,st_5,st_6,st_7,st_8,st_9,st_10,st_11,st_12,st_13,st_14,st_15,st_16,04.0
LAT,37.67308,37.67308,37.67308,37.67308,40.46365,40.46365,40.46365,40.46365,43.25420,43.25420,43.25420,43.25420,46.04472,46.04472,46.04472,46.04472,37.67308,37.67308,37.67308,37.67308,40.46365,40.46365,40.46365,40.46365,43.25420,43.25420,43.25420,43.25420,46.04472,46.04472,46.04472,46.04472,41.78058635
LON,-95.62500,-92.81250,-90.00000,-87.18750,-95.62500,-92.81250,-90.00000,-87.18750,-95.62500,-92.81250,-90.00000,-87.18750,-95.62500,-92.81250,-90.00000,-87.18750,-95.62500,-92.81250,-90.00000,-87.18750,-95.62500,-92.81250,-90.00000,-87.18750,-95.62500,-92.81250,-90.00000,-87.18750,-95.62500,-92.81250,-90.00000,-87.18750,-90.252073
1958 1.9990264E-08 2.0801387E-08 2.6485250E-08 3.7865679E-08 2.2654053E-08 2.9791584E-08 3.2124941E-08 3.0830865E-08 2.0396481E-08 3.1125467E-08 3.2917455E-08 1.7942094E-08 1.7586251E-08 2.3940087E-08 2.5725603E-08 2.0537293E-08  307.5418 306.0726 303.3401 300.8745 303.6520 301.5409 300.7046 300.7033 301.5017 299.7859 299.0928 292.9886 299.9263 298.0010 297.2936 298.0142  49173.3
1959 1.8613264E-08 2.0819726E-08 3.0290710E-08 4.2123538E-08 2.0829754E-08 3.0844962E-08 3.7540971E-08 3.6786943E-08 2.0352847E-08 3.1285047E-08 3.5010313E-08 1.8407595E-08 1.8950690E-08 2.6118808E-08 2.7373041E-08 2.2404405E-08  307.3997 306.0894 303.5247 300.9197 303.9295 301.7655 300.8220 300.8731 301.7681 300.1071 299.5665 292.9886 300.2207 298.4482 297.7676 298.3065  57343.3
1960 2.2118552E-08 2.5377425E-08 3.2525065E-08 4.2719559E-08 2.2314989E-08 3.1061653E-08 3.4709394E-08 3.4291268E-08 1.4595870E-08 2.2897737E-08 2.3994760E-08 1.2431570E-08 1.3444898E-08 1.8973074E-08 2.1060664E-08 1.6491200E-08  307.3469 306.0685 303.5231 300.6662 303.8948 301.3799 300.4108 300.5717 301.7321 299.9038 299.2431 292.9886 300.6066 298.7962 297.9776 298.5379  92466.7
1961 1.9717911E-08 2.2757323E-08 2.4591317E-08 3.4817440E-08 2.1730409E-08 2.7604006E-08 3.3497290E-08 3.1315516E-08 1.9775204E-08 2.8211046E-08 3.0880337E-08 1.7019545E-08 1.7630409E-08 2.3171040E-08 2.3208342E-08 1.7960755E-08  308.0445 306.9638 304.9215 301.8835 304.4821 302.0132 300.8463 301.2112 301.6847 299.7325 299.0700 292.9886 300.2774 298.3001 297.5552 298.2053  81436.7
1962 1.9048981E-08 2.2516723E-08 2.8371630E-08 4.0543522E-08 1.8682325E-08 2.6145628E-08 3.0954105E-08 2.9328667E-08 1.7597126E-08 2.7486850E-08 2.9508586E-08 1.4131996E-08 1.7644725E-08 2.5205512E-08 2.8549012E-08 2.2889179E-08  308.1242 306.7770 304.3109 301.5927 305.2654 302.5922 301.5018 301.9465 302.4819 300.5612 299.9958 292.9886 300.7084 298.8102 298.0445 298.6975  119433
1963 2.1667825E-08 2.3370957E-08 3.0620374E-08 4.2879538E-08 2.0603469E-08 2.6338371E-08 3.0245161E-08 2.9604676E-08 1.8611466E-08 2.7992124E-08 2.7863416E-08 1.4310667E-08 1.5333331E-08 2.2876970E-08 2.6400846E-08 2.1701769E-08  306.5898 305.3696 303.0163 300.4007 303.9301 301.5169 300.4167 300.6208 301.5252 299.7146 299.1531 292.9886 299.9089 298.0301 297.1951 297.7502  63973.3
1964 1.9475753E-08 2.0709248E-08 2.5791431E-08 3.7814402E-08 2.1294571E-08 2.7758382E-08 2.8886387E-08 2.6610920E-08 2.2462912E-08 3.1775720E-08 3.1422324E-08 1.8347668E-08 2.0909523E-08 2.8155572E-08 3.1243015E-08 2.5383114E-08  308.0204 306.7861 304.2086 301.2137 304.2442 301.7147 300.7215 300.9109 301.2668 299.5733 298.8699 292.9886 299.2190 297.3947 296.8473 297.5290  41796.7
1965 2.2627125E-08 2.5977835E-08 3.1094061E-08 4.0746581E-08 2.4232820E-08 3.1414586E-08 3.5745732E-08 3.3921278E-08 2.1487326E-08 3.0434961E-08 3.2373940E-08 1.7252880E-08 1.7505416E-08 2.4812980E-08 2.6849756E-08 2.3246994E-08  306.4115 304.7545 302.4079 300.0272 303.2760 300.9668 299.9902 299.9853 301.2236 299.4359 298.7121 292.9886 299.6790 297.6722 296.8219 297.3733  169887
1966 2.1094074E-08 2.4507157E-08 3.1152876E-08 4.1951466E-08 2.1542490E-08 3.0138615E-08 3.4567588E-08 3.4067330E-08 1.9629608E-08 2.8256320E-08 2.9797571E-08 1.3918698E-08 1.6324407E-08 2.2326565E-08 2.7445436E-08 2.1290349E-08  306.3734 304.9839 302.7440 300.2639 303.6438 301.5170 300.4390 300.5481 301.5061 299.7453 299.1402 292.9886 300.0281 298.2449 297.2050 297.8279  105623
1967 2.3780981E-08 2.5752664E-08 2.8238443E-08 3.7807240E-08 2.0599021E-08 2.8320704E-08 3.2727364E-08 2.9450037E-08 1.8045242E-08 2.4762290E-08 2.7066822E-08 1.4332938E-08 1.7138447E-08 2.3325189E-08 2.5268893E-08 2.0461215E-08  306.7209 305.1994 303.0627 300.3981 303.5664 301.1547 300.2997 300.4463 301.3864 299.6760 298.9868 292.9886 299.8644 297.8997 297.0605 297.6088  143477
1968 2.5656400E-08 3.0852835E-08 3.8256314E-08 5.0617896E-08 2.1862299E-08 3.1445651E-08 3.7688071E-08 3.6160969E-08 1.8999469E-08 2.9482241E-08 3.1159086E-08 1.7472857E-08 1.9201083E-08 2.5946653E-08 2.7712183E-08 2.2730891E-08  305.8363 304.3212 302.0657 299.3671 303.2904 300.6399 299.5686 299.5644 301.0497 298.9972 298.1955 292.9886 299.2988 297.0806 296.2167 296.6639  42143.3
1969 1.9730146E-08 2.0861355E-08 2.8540351E-08 4.1150521E-08 2.0116227E-08 2.9147730E-08 3.4844629E-08 3.4011013E-08 2.1679423E-08 3.2482848E-08 3.4365719E-08 1.8397346E-08 1.9626674E-08 2.7027715E-08 2.9518207E-08 2.3546574E-08  307.6396 306.4161 303.6959 300.8097 304.2297 301.6247 300.5252 300.5193 301.5566 299.5090 298.6488 292.9886 299.7747 297.5782 296.7709 297.4400  153860
1970 1.7070834E-08 1.9617366E-08 2.8782727E-08 3.9227292E-08 2.3260542E-08 3.2084248E-08 3.6818829E-08 3.4742811E-08 1.7615378E-08 2.7307692E-08 2.8791707E-08 1.3990566E-08 1.5427087E-08 2.2702183E-08 2.6568637E-08 2.0916247E-08  307.7440 306.3305 303.5602 300.6963 303.9218 301.6006 300.6497 300.7409 301.9524 300.0988 299.5039 292.9886 300.5729 298.8600 298.0906 298.7617  53716.7
1971 2.1545791E-08 2.5082631E-08 2.6749181E-08 3.4540935E-08 2.1046494E-08 2.9963807E-08 3.3421884E-08 3.1553149E-08 1.9270324E-08 2.7962637E-08 2.8446150E-08 1.4841763E-08 1.6912296E-08 2.2512589E-08 2.4512282E-08 1.7607784E-08  307.6419 306.4084 304.3393 301.3422 304.5464 301.8064 300.6407 300.7973 301.7608 299.9362 299.2426 292.9886 300.2857 298.4834 297.6993 298.3500  128923
1972 1.9065117E-08 2.1933687E-08 2.6835689E-08 3.7014971E-08 2.1698918E-08 3.0281498E-08 3.5183671E-08 3.5208366E-08 2.1019394E-08 2.9730872E-08 3.2303138E-08 1.7750944E-08 1.6536331E-08 2.2703514E-08 2.5952422E-08 2.1336138E-08  307.1973 305.3980 302.9927 300.4052 303.5445 301.1536 300.1710 300.1796 301.2615 299.4848 298.8574 292.9886 299.5983 297.6338 296.9541 297.5885  103757
1973 2.0877863E-08 2.4108793E-08 3.1767335E-08 4.0413081E-08 1.9162234E-08 2.6526507E-08 3.3051801E-08 3.0319008E-08 1.7933422E-08 2.7463971E-08 3.1597580E-08 1.5919504E-08 1.7074395E-08 2.5827061E-08 2.8444159E-08 2.2602189E-08  306.8141 305.1991 302.8759 300.3967 304.1983 301.9577 300.9044 301.1484 301.9170 300.1906 299.5459 292.9886 300.1920 298.1027 297.5000 298.2553  126630
1974 2.0758389E-08 2.2902542E-08 2.6664834E-08 3.7659724E-08 1.9114026E-08 2.6671520E-08 3.2262992E-08 3.0713572E-08 1.6496916E-08 2.2573353E-08 2.4808449E-08 1.0776197E-08 1.4874493E-08 2.1577060E-08 2.3002579E-08 1.5598955E-08  306.8193 305.2047 302.8594 300.2050 303.8444 301.3023 300.3085 300.4631 301.5055 299.8151 299.3556 292.9886 300.1174 298.3950 297.7366 298.5029  90256.7
1975 1.9592870E-08 2.2962150E-08 2.7756093E-08 3.8313537E-08 2.1101670E-08 3.0358144E-08 3.4246327E-08 3.1976196E-08 1.8638877E-08 2.7357856E-08 2.8125674E-08 1.5804645E-08 1.6575960E-08 2.1054740E-08 2.3432232E-08 2.0452724E-08  308.0016 306.4974 303.8990 300.7803 304.4054 301.5509 300.4262 300.6127 301.8228 299.8199 299.0735 292.9886 300.1045 298.2215 297.3409 297.8748  72010
1976 1.7543092E-08 2.2174282E-08 2.8577832E-08 3.7828848E-08 1.8131532E-08 2.4567953E-08 2.8853814E-08 2.7414060E-08 1.6990922E-08 2.5693218E-08 2.7304198E-08 1.2721306E-08 1.5350963E-08 2.2164730E-08 2.5078288E-08 2.0320927E-08  307.2819 305.7948 303.2651 300.2585 304.0261 301.3836 300.2988 300.5485 301.5841 299.6027 299.0145 292.9886 300.2220 298.2134 297.3939 298.0406  118517
1977 2.1189756E-08 2.6239373E-08 3.2076169E-08 4.1472411E-08 2.1968406E-08 3.0361331E-08 3.3525385E-08 3.2116596E-08 1.5873061E-08 2.5241627E-08 2.9042035E-08 1.2960236E-08 1.4882753E-08 2.3388353E-08 2.5684098E-08 2.0255250E-08  306.8869 305.4973 303.1543 300.5356 303.6417 301.4991 300.7061 300.9903 301.6057 299.9754 299.4335 292.9886 300.1864 298.3367 297.6616 298.4556  37653.3
1978 2.0966244E-08 2.5275352E-08 3.0525921E-08 4.2556653E-08 2.2205418E-08 3.1801608E-08 3.7184567E-08 3.6226588E-08 2.0710832E-08 3.2516663E-08 3.5582158E-08 1.8540455E-08 1.7083583E-08 2.5212401E-08 2.5935787E-08 1.9966166E-08  306.8636 305.3053 302.9738 300.4339 303.8791 301.5427 300.5941 300.6422 301.5934 299.8859 299.3153 292.9886 299.8324 297.9464 297.3733 298.1641  94620
1979 2.4462768E-08 2.7061722E-08 3.1967840E-08 4.0710432E-08 2.1577396E-08 2.8212400E-08 3.1462768E-08 2.9358533E-08 1.8503350E-08 2.7005107E-08 3.0042028E-08 1.5580889E-08 1.7773397E-08 2.2193571E-08 2.5418711E-08 1.9558502E-08  306.6266 305.2205 302.8683 300.3727 303.4857 301.2494 300.3349 300.4645 301.4396 299.6955 298.9324 292.9886 299.7998 297.9541 297.1070 297.6908  137633
1980 2.2425487E-08 2.7672471E-08 3.1555491E-08 3.8181568E-08 2.0988633E-08 2.9196491E-08 3.3489794E-08 3.0964717E-08 1.9253996E-08 2.8746507E-08 3.1144261E-08 1.6321966E-08 1.7382343E-08 2.3160100E-08 2.4886250E-08 2.1022249E-08  307.3379 305.8799 303.6786 301.1035 304.3387 301.9794 301.0161 301.1910 301.9704 300.1236 299.5145 292.9886 300.2097 298.3054 297.5711 298.3002  73943.3
1981 2.1377092E-08 2.6777675E-08 3.2841463E-08 4.1285634E-08 2.2300984E-08 2.8083141E-08 3.1641186E-08 2.9771567E-08 1.6695086E-08 2.5619295E-08 2.7408941E-08 1.3772477E-08 1.5389801E-08 2.2366574E-08 2.4109355E-08 1.8126721E-08  307.4743 306.0764 303.4967 300.5868 303.5942 301.2789 300.3427 300.3953 301.3701 299.5038 298.8467 292.9886 299.9229 298.0060 297.1763 297.8599  64403.3
1982 1.9113825E-08 2.3883894E-08 3.2636571E-08 4.5752333E-08 2.0994896E-08 3.1453240E-08 3.5230812E-08 3.3056814E-08 1.8455838E-08 2.8623854E-08 3.0567456E-08 1.6343169E-08 1.5944146E-08 2.2576526E-08 2.4639505E-08 1.9212933E-08  308.2120 306.4165 303.6344 300.8661 304.3086 301.6010 300.6171 300.7413 301.5940 299.6630 299.0485 293.0135 299.8912 297.8977 297.3638 298.2180  127260
1983 2.0179909E-08 2.3633355E-08 3.2276809E-08 4.3711669E-08 2.4349031E-08 3.4028837E-08 3.8832191E-08 3.9493209E-08 2.0579874E-08 3.0666850E-08 3.2311792E-08 1.6994042E-08 1.8701600E-08 2.5158295E-08 2.7009277E-08 2.1703960E-08  306.9342 305.3816 302.9082 300.5613 303.4857 301.7666 300.9431 301.0932 301.6254 300.0137 299.5805 293.1342 299.9447 298.1877 297.6737 298.5700  111843
1984 1.7509256E-08 2.1717298E-08 2.8731293E-08 3.9683687E-08 1.9030287E-08 2.7696482E-08 3.2562951E-08 3.0170533E-08 1.6276919E-08 2.5437746E-08 2.6842368E-08 1.2245161E-08 1.3956798E-08 1.8867444E-08 2.2855840E-08 1.7584398E-08  307.8780 306.6716 304.2094 301.0247 304.4940 302.0555 301.0027 301.3690 301.8550 300.1150 299.6880 292.9917 300.5215 298.8380 298.1326 298.8743  95550
1985 2.0546453E-08 2.4304979E-08 2.8992035E-08 4.0967286E-08 1.8767036E-08 2.6623715E-08 3.0171275E-08 2.9926444E-08 1.6839893E-08 2.4797433E-08 2.5682631E-08 1.0767760E-08 1.5438355E-08 2.2714008E-08 2.3767079E-08 1.9169248E-08  307.4868 306.2846 304.1606 301.0420 305.2157 302.3804 301.1750 301.4069 302.4923 300.5487 299.9711 293.0601 301.0428 299.1329 298.3350 298.8354  111303
1986 2.2334511E-08 2.6120960E-08 3.3146655E-08 4.5086317E-08 2.0501380E-08 2.6546521E-08 3.3691752E-08 3.1888174E-08 1.8554482E-08 2.8496432E-08 3.0144285E-08 1.4830780E-08 1.7734308E-08 2.4471982E-08 2.6656377E-08 2.1168795E-08  305.7260 304.2117 302.0343 299.7888 303.3574 301.1674 300.2525 300.3617 301.2600 299.4397 298.9217 293.0020 299.4037 297.5659 297.0525 297.8723  152667
1987 2.1014724E-08 2.4735082E-08 3.0986360E-08 4.3842636E-08 1.8618355E-08 2.8524830E-08 3.3640770E-08 3.2357342E-08 1.6687222E-08 2.7327220E-08 3.0110041E-08 1.2842648E-08 1.7422668E-08 2.5898656E-08 2.8767676E-08 2.2087518E-08  305.7965 304.4196 302.5228 300.3858 303.8641 301.7746 300.9192 301.1371 302.1050 300.2430 299.6198 293.1199 300.3654 298.4986 297.6608 298.3586  54963.3
1988 1.9895790E-08 2.4057691E-08 3.0611815E-08 4.2936840E-08 1.9782846E-08 2.8958857E-08 3.2679019E-08 3.2008991E-08 1.7763796E-08 2.7261535E-08 2.9281956E-08 1.2703693E-08 1.5142433E-08 1.9882270E-08 2.3566276E-08 1.7225291E-08  307.5208 306.4733 304.1385 301.0081 304.1009 301.8764 300.9383 301.2459 301.5287 299.9831 299.5304 293.0923 300.4324 298.8365 298.1208 298.9445  54780
1989 1.6945467E-08 2.0743441E-08 2.4940270E-08 3.4507430E-08 1.6399561E-08 2.2626470E-08 2.7137364E-08 2.4564182E-08 1.6634667E-08 2.2559703E-08 2.5694327E-08 1.0605249E-08 1.4196910E-08 2.0104569E-08 2.0869658E-08 1.6844666E-08  308.7680 307.5567 304.9534 301.5584 305.6709 302.6241 301.2796 301.7144 302.6226 300.4605 299.7876 292.9922 300.9689 299.0182 298.2155 298.9041  73276.7
1990 2.1877904E-08 2.4285125E-08 2.8560127E-08 3.8494637E-08 1.9557397E-08 2.7996007E-08 3.2343841E-08 2.8963859E-08 1.8509427E-08 2.9519024E-08 3.0782719E-08 1.5100170E-08 1.7111109E-08 2.4539537E-08 2.7057384E-08 2.1351084E-08  307.2645 305.7534 303.2280 300.6985 304.3370 301.7733 300.6719 300.9528 301.9533 299.9469 299.2619 293.0663 300.3314 298.3721 297.6375 298.3132  36790
1991 1.9728617E-08 2.4578783E-08 3.1211954E-08 3.8273875E-08 2.1051529E-08 2.9145376E-08 3.3823895E-08 3.1704705E-08 1.7022584E-08 2.6465514E-08 2.8654496E-08 1.3659267E-08 1.5770379E-08 2.0841556E-08 2.4791779E-08 1.8639646E-08  307.2720 305.8568 303.3187 300.6834 304.1444 301.8099 300.8662 300.8742 302.0179 300.4249 299.8016 293.0860 300.4409 298.6622 298.0356 298.8360  109987
1992 1.8841932E-08 2.3438316E-08 3.1235540E-08 4.0429278E-08 1.7808087E-08 2.7903155E-08 3.3289680E-08 3.0623593E-08 1.9807185E-08 3.1134370E-08 3.3606849E-08 1.5424964E-08 1.6504824E-08 2.5387182E-08 2.8610920E-08 2.1487462E-08  306.9315 305.3081 302.9146 300.5393 304.3673 302.0088 300.8740 300.9677 302.2516 300.3076 299.4798 292.9798 300.5155 298.3666 297.4810 298.2511  101990
1993 2.0516605E-08 2.5599658E-08 3.0974249E-08 4.0878994E-08 2.2748539E-08 3.2399381E-08 3.6236990E-08 3.5699085E-08 1.8987922E-08 2.8532684E-08 3.0869749E-08 1.6382620E-08 1.6983693E-08 2.5537457E-08 2.7959057E-08 2.1436186E-08  306.9815 305.2634 302.5696 300.1513 303.1006 301.0286 300.1605 300.1368 301.0537 299.4877 298.8662 293.0605 299.4740 297.5841 296.9088 297.7526  152900
1994 2.1274319E-08 2.7554117E-08 3.5304495E-08 4.5351950E-08 2.2401565E-08 3.3291286E-08 3.7507995E-08 3.5800735E-08 1.6445226E-08 2.8613947E-08 3.0412114E-08 1.3643890E-08 1.6977131E-08 2.2990308E-08 2.5411696E-08 2.0868455E-08  305.8769 304.0337 301.8565 299.7005 303.4219 301.1204 300.2762 300.3119 301.5683 299.8635 299.2660 292.8789 299.7871 297.8496 297.1786 297.8875  84576.7
1995 1.8884052E-08 2.3651854E-08 2.8225443E-08 3.8868990E-08 2.0015525E-08 2.7877354E-08 3.3166277E-08 3.0949121E-08 1.7105629E-08 2.6136666E-08 2.8825347E-08 1.3617578E-08 1.7090629E-08 2.2910225E-08 2.4041732E-08 1.9740742E-08  307.2561 305.9088 303.2391 300.5339 304.0939 301.7347 300.6488 300.7136 302.0509 300.1470 299.4267 293.0922 300.6089 298.6237 297.5884 298.2316  101707
1996 2.0075374E-08 2.0830271E-08 2.7548912E-08 4.0540737E-08 1.9686677E-08 2.6300386E-08 3.0831387E-08 3.0298967E-08 1.8658325E-08 2.7596244E-08 2.9456094E-08 1.6679724E-08 1.7487249E-08 2.4361428E-08 2.7071488E-08 2.0985068E-08  307.5591 306.4732 304.0553 301.0538 304.3463 301.6762 300.6851 301.0576 301.3913 299.6560 299.1347 292.8957 299.5527 297.6854 297.1671 297.9273  114783
1997 2.1678213E-08 2.4415828E-08 2.6348046E-08 3.6004099E-08 1.9347578E-08 2.5707621E-08 3.0667302E-08 2.9383195E-08 1.7290182E-08 2.5717876E-08 2.7656988E-08 1.3573910E-08 1.7665101E-08 2.4687914E-08 2.8642877E-08 2.1597124E-08  307.2636 305.7697 303.3596 300.6637 304.2218 301.7972 300.7132 300.7831 301.6649 299.9300 299.2714 292.9641 299.5615 297.7186 297.0205 297.7401  175857
1998 1.9992488E-08 2.3350644E-08 3.1034912E-08 4.4131671E-08 2.2035493E-08 3.0283303E-08 3.5564746E-08 3.3808739E-08 2.1861023E-08 2.9346038E-08 3.0931137E-08 1.4380768E-08 1.8056122E-08 2.4225649E-08 2.6449426E-08 1.9880259E-08  307.0942 305.9661 303.5089 300.9258 303.5708 301.7779 300.9229 301.3524 301.7410 300.1189 299.6547 293.2594 300.1380 298.5371 297.8810 298.7025  136100
1999 1.7277975E-08 2.3164146E-08 2.8959112E-08 3.8598127E-08 1.6742206E-08 2.4141416E-08 2.7323676E-08 2.4853122E-08 1.4136617E-08 2.2307168E-08 2.5225589E-08 9.8225588E-09 1.5049942E-08 1.9048983E-08 2.2046285E-08 1.7394445E-08  308.6211 307.4351 305.0726 301.8069 306.0730 303.4871 302.0763 302.8042 303.1853 301.1687 300.7415 293.2029 301.5619 300.0999 299.2497 299.9755  98506.7
2000 1.6391676E-08 2.0301473E-08 2.6775615E-08 3.8572676E-08 1.9999860E-08 2.9154977E-08 3.1239651E-08 2.8397553E-08 1.8081764E-08 2.6561457E-08 2.8527614E-08 1.4136293E-08 1.4979603E-08 1.9236388E-08 2.3142782E-08 1.8848082E-08  309.0780 307.9799 305.5019 302.0920 305.9546 303.1474 301.4874 301.8239 302.6457 300.6111 299.9767 293.2793 301.2939 299.5965 298.6519 299.2007  45016.7
2001 1.8712047E-08 2.0891161E-08 2.8310597E-08 3.9376033E-08 1.8319961E-08 2.5234746E-08 2.9265005E-08 2.7438626E-08 1.5806128E-08 2.3704127E-08 2.7139082E-08 1.4258529E-08 1.5662241E-08 2.2087468E-08 2.2344008E-08 1.8435063E-08  308.1089 306.5712 303.8053 300.9726 305.0667 302.2453 300.9311 301.0837 302.3887 300.2303 299.4986 293.0720 300.4941 298.4869 297.7129 298.3548  160847
2002 2.0691605E-08 2.2209097E-08 2.7185445E-08 3.9456772E-08 1.7958776E-08 2.4156241E-08 2.8644966E-08 2.7524406E-08 1.6132718E-08 2.2371143E-08 2.4423313E-08 1.0935779E-08 1.5717351E-08 2.1077003E-08 2.4998787E-08 2.0070063E-08  307.6352 306.2767 303.8825 301.0857 305.3344 302.6647 301.2603 301.5401 302.7563 300.6270 300.0861 293.2919 301.1510 299.1202 298.1611 298.8642  98423.3
2003 1.8975552E-08 2.2292513E-08 2.6550728E-08 3.8176847E-08 1.9993690E-08 2.9328119E-08 3.3536814E-08 3.1651865E-08 1.7225400E-08 2.6848825E-08 3.0779994E-08 1.2580038E-08 1.4884197E-08 2.1234584E-08 2.3650379E-08 1.8948167E-08  307.5778 306.0681 303.4998 300.8079 304.5059 302.2394 301.1859 301.5015 302.2391 300.4798 299.8171 292.9951 300.5817 298.6166 297.9418 298.7909  67473.3
2004 2.0196769E-08 2.2394254E-08 2.7972044E-08 3.8657539E-08 1.8762462E-08 2.6301075E-08 3.2791426E-08 3.0190801E-08 1.9447183E-08 2.6813087E-08 2.8582201E-08 1.3178274E-08 1.6494788E-08 2.3917760E-08 2.5863990E-08 1.9641192E-08  307.6723 306.3898 303.8849 300.9384 304.7819 302.1903 301.0769 301.3172 302.1827 300.3392 299.8445 293.1232 300.5517 298.6946 298.0778 298.9179  74580
2005 2.3866701E-08 2.5701867E-08 3.1352588E-08 4.1947853E-08 2.3944208E-08 3.4258488E-08 3.9157364E-08 3.5778221E-08 2.0763002E-08 3.1217628E-08 3.2478781E-08 1.7877692E-08 1.7043249E-08 2.4403315E-08 2.7011477E-08 2.0299629E-08  307.4899 306.3393 303.7787 300.8792 304.2659 301.7722 300.7104 300.8960 301.7712 299.8846 299.3053 293.1556 300.3746 298.5426 297.7444 298.4694  98296.7
2006 1.7307173E-08 2.0978989E-08 2.5399084E-08 3.7323250E-08 2.0114662E-08 2.9165211E-08 3.2996770E-08 3.1862548E-08 1.9107086E-08 3.0479910E-08 3.1907845E-08 1.4773706E-08 1.6156699E-08 2.3694447E-08 2.6246413E-08 2.0650958E-08  308.2942 306.8900 304.4372 301.2967 305.1959 302.4283 301.3179 301.5468 302.4230 300.3663 299.8512 293.1272 300.6548 298.5851 297.7610 298.5005  104900
2007 1.8554644E-08 2.0538380E-08 2.5397608E-08 3.9462943E-08 2.0819066E-08 2.7838365E-08 3.0170373E-08 3.0626552E-08 1.8647851E-08 2.8715219E-08 3.1120003E-08 1.7075827E-08 1.7128395E-08 2.3943572E-08 2.6244575E-08 2.2047756E-08  308.0283 306.8201 304.5038 301.4854 305.2099 302.6970 301.6685 301.8544 302.4770 300.5692 299.8441 293.0709 300.5847 298.3226 297.6101 298.3620  100577
2008 1.9880408E-08 2.2418172E-08 2.7570559E-08 3.8240945E-08 1.8884709E-08 2.7285949E-08 3.1765804E-08 2.9211797E-08 1.7238641E-08 2.5515689E-08 2.7627596E-08 1.2814279E-08 1.4877981E-08 1.9799085E-08 2.2260810E-08 1.7864419E-08  308.6874 307.6561 305.4129 301.9224 305.6387 302.7753 301.4652 301.9874 302.4647 300.3599 299.7894 293.0272 300.7289 298.8720 298.1058 298.7221  123377
2009 2.1639956E-08 2.5578402E-08 3.1458864E-08 4.1452537E-08 1.9988434E-08 2.8722209E-08 3.2118862E-08 3.0012316E-08 1.8382345E-08 2.6798705E-08 2.5989586E-08 1.2731213E-08 1.6899520E-08 2.4460595E-08 2.5203100E-08 2.0913244E-08  307.5195 306.2564 304.2134 301.3043 304.7823 302.2364 301.1648 301.5320 302.4578 300.6190 300.0583 292.9631 300.9829 299.1395 298.4935 299.1246  84053.3
2010 1.7346569E-08 1.9886578E-08 2.7912128E-08 3.6723666E-08 1.8740259E-08 2.6588117E-08 3.2687065E-08 3.0528266E-08 1.7457866E-08 2.7652307E-08 2.9397970E-08 1.4257992E-08 1.5639758E-08 2.0249139E-08 2.5060055E-08 2.0885533E-08  0.0000000E+00 0.0000000E+00 0.0000000E+00 0.0000000E+00 0.0000000E+00 0.0000000E+00 0.0000000E+00 0.0000000E+00 0.0000000E+00 0.0000000E+00 0.0000000E+00 0.0000000E+00 0.0000000E+00 0.0000000E+00 0.0000000E+00 0.0000000E+00  93933.3
2011 1.9929962E-08 2.4587903E-08 3.2902321E-08 4.3582059E-08 2.0190781E-08 2.9475126E-08 3.1539368E-08 3.1160486E-08 1.7324806E-08 2.4815485E-08 2.5629571E-08 1.2007958E-08 1.2801538E-08 1.8469546E-08 1.9499799E-08 1.5755489E-08  308.1310 306.8266 304.5810 301.3897 305.0785 302.2772 301.1359 301.6067 301.9637 300.1165 299.6862 293.0398 300.7482 298.7982 298.0325 298.8688  186033
2012 1.7385002E-08 2.0923792E-08 2.5284027E-08 3.5455013E-08 1.9348636E-08 2.6303248E-08 2.8537482E-08 2.6983601E-08 1.6746641E-08 2.3421466E-08 2.3048015E-08 1.2935787E-08 1.4998692E-08 2.0464274E-08 2.1317673E-08 1.7771203E-08  308.7944 307.4417 304.7554 301.5935 305.4317 302.5340 301.1720 301.6514 302.1749 300.1588 299.5045 293.3098 300.6317 298.7022 297.7934 298.3968  47296.7
2013 1.6675358E-08 2.0934705E-08 2.7902919E-08 3.9316813E-08 1.9352321E-08 2.8254316E-08 3.4687037E-08 3.1438027E-08 2.0006841E-08 2.9555558E-08 3.0996883E-08 1.5363453E-08 1.5695678E-08 2.3914845E-08 2.7544958E-08 2.0993150E-08  307.8312 306.2744 303.4189 300.6729 304.6490 301.9941 300.9942 301.1791 301.9012 300.1234 299.5461 293.0935 300.3361 298.3363 297.7230 298.5833  118490
2014 1.6748471E-08 1.8850031E-08 2.6524777E-08 3.8965304E-08 1.8923618E-08 2.5578288E-08 2.9159784E-08 2.7217967E-08 1.5646332E-08 2.3995549E-08 2.5219080E-08 1.3853045E-08 1.7330397E-08 2.4080091E-08 2.5370360E-08 2.0207919E-08  308.4145 307.1100 304.6019 301.2928 304.8254 302.2950 301.2126 301.5868 302.2802 300.4734 299.8805 292.8432 300.6694 298.6949 298.0416 298.7437  108357
2015 1.8352173E-08 2.0672170E-08 2.5305754E-08 3.5643296E-08 1.8688748E-08 2.6221860E-08 2.9137198E-08 2.8893005E-08 1.8325665E-08 2.6937922E-08 3.0333958E-08 1.5026780E-08 1.5672468E-08 2.0929289E-08 2.4654792E-08 2.0006311E-08  308.0466 306.4616 303.6899 300.9539 304.9176 302.4063 301.2249 301.2112 302.2398 300.3519 299.7313 292.9014 300.6356 298.6790 297.8433 298.5493  56710
