STN,prec_1,prec_2,prec_3,prec_4,prec_5,prec_6,prec_7,prec_8,prec_9,prec_10,prec_11,prec_12,prec_13,prec_14,prec_15,prec_16,st_1,st_2,st_3,st_4,st_5,st_6,st_7,st_8,st_9,st_10,st_11,st_12,st_13,st_14,st_15,st_16,11.0
LAT,37.67308,37.67308,37.67308,37.67308,40.46365,40.46365,40.46365,40.46365,43.25420,43.25420,43.25420,43.25420,46.04472,46.04472,46.04472,46.04472,37.67308,37.67308,37.67308,37.67308,40.46365,40.46365,40.46365,40.46365,43.25420,43.25420,43.25420,43.25420,46.04472,46.04472,46.04472,46.04472,41.78058635
LON,-95.62500,-92.81250,-90.00000,-87.18750,-95.62500,-92.81250,-90.00000,-87.18750,-95.62500,-92.81250,-90.00000,-87.18750,-95.62500,-92.81250,-90.00000,-87.18750,-95.62500,-92.81250,-90.00000,-87.18750,-95.62500,-92.81250,-90.00000,-87.18750,-95.62500,-92.81250,-90.00000,-87.18750,-95.62500,-92.81250,-90.00000,-87.18750,-90.252073
1958 2.4351733E-08 2.8788797E-08 3.7448604E-08 4.5593964E-08 1.8597191E-08 2.5589273E-08 3.2040671E-08 3.4743117E-08 1.5970915E-08 2.2317181E-08 2.5352099E-08 2.9874244E-08 1.6406300E-08 2.0550289E-08 2.3044228E-08 2.6334734E-08  275.4073 275.3369 275.6628 275.2339 271.8237 270.7947 271.3977 272.5058 267.0395 266.1671 267.5013 275.5627 265.0536 264.6916 265.3454 266.7867  23300
1959 2.2396980E-08 2.8434952E-08 3.5681019E-08 4.2675214E-08 1.5373542E-08 2.3227066E-08 3.1010796E-08 3.4143309E-08 1.4084474E-08 1.9655737E-08 2.3782059E-08 2.9127021E-08 1.4727612E-08 1.7721334E-08 1.9905952E-08 2.3599872E-08  275.5684 275.3225 275.4858 274.6614 271.9785 270.4340 270.7145 271.6043 267.2504 266.1182 267.0437 275.5643 265.1240 264.5214 264.8309 266.0933  43413.3
1960 2.1613433E-08 2.6046147E-08 3.3210029E-08 4.0866066E-08 1.7898751E-08 2.5716870E-08 3.2726177E-08 3.3698971E-08 1.7320422E-08 2.3577506E-08 2.6977341E-08 3.1335691E-08 1.6407361E-08 2.0199275E-08 2.2110470E-08 2.5139339E-08  274.8684 274.9222 275.2050 274.3772 271.2325 270.0961 270.4220 271.4594 266.6216 265.5473 266.7426 275.5627 264.6290 264.1751 264.7575 266.0816  34706.7
1961 2.4373437E-08 2.9434245E-08 3.7809780E-08 4.7297402E-08 1.9044853E-08 2.6500183E-08 3.3016931E-08 3.5583991E-08 1.6339666E-08 2.2672978E-08 2.6028040E-08 2.9749158E-08 1.5965830E-08 2.0330305E-08 2.2600490E-08 2.5338737E-08  276.0931 275.8402 275.9168 275.1949 272.1613 270.8613 271.0684 272.0114 267.0703 265.9939 267.1577 275.5627 265.0262 264.4073 265.0263 266.4542  49610
1962 2.1173403E-08 2.5488729E-08 3.3947511E-08 4.3430049E-08 1.5474992E-08 2.2020394E-08 2.8985033E-08 3.1525055E-08 1.3899259E-08 1.8958129E-08 2.1098025E-08 2.6218370E-08 1.4793562E-08 1.8132756E-08 1.9076850E-08 2.1109029E-08  275.5282 275.2460 275.0973 274.0597 271.8154 270.3418 270.2133 270.9688 266.5225 265.4221 266.3290 275.5627 264.3295 263.7035 264.1481 265.4881  28643.3
1963 2.1578863E-08 2.6325980E-08 3.5092306E-08 4.2777224E-08 2.0577891E-08 2.5838073E-08 3.1531638E-08 3.3621919E-08 2.1046402E-08 2.4641295E-08 2.5311738E-08 2.9056205E-08 1.7186125E-08 2.0685683E-08 2.1836616E-08 2.3825420E-08  275.8428 275.6095 275.7163 275.0755 272.3459 271.1686 271.4235 272.4910 267.4532 266.6211 267.7556 275.5643 265.2872 264.8656 265.5180 267.0160  19933.3
1964 2.0019288E-08 2.6655764E-08 3.7451649E-08 4.7220631E-08 1.4997889E-08 2.3088424E-08 3.2407037E-08 3.6706599E-08 1.3767988E-08 1.9520900E-08 2.3317527E-08 2.9368218E-08 1.6741444E-08 2.0471580E-08 2.2149862E-08 2.5416027E-08  275.8217 275.9086 276.1903 275.4374 271.7861 270.5478 270.9334 272.0479 266.8471 265.8664 266.9215 275.5627 264.7219 264.3347 264.9411 266.2426  24880
1965 2.0878751E-08 2.4972508E-08 3.1814395E-08 3.7488466E-08 1.7125709E-08 2.1150607E-08 2.5084464E-08 2.6728427E-08 1.6443890E-08 1.9250656E-08 1.9991683E-08 2.3566098E-08 1.4789427E-08 1.7138159E-08 1.8434367E-08 2.0779888E-08  275.0343 274.8235 274.8957 274.0451 271.7204 270.5213 270.8128 271.7414 267.1071 266.1460 267.3247 275.5627 265.4260 264.9442 265.4326 266.6707  43893.3
1966 2.0840723E-08 2.6682510E-08 3.5968430E-08 4.5293774E-08 1.5088968E-08 2.1772438E-08 2.8774075E-08 3.2435540E-08 1.4835956E-08 1.9044013E-08 2.1014436E-08 2.6784969E-08 1.5494184E-08 1.7879449E-08 1.8742444E-08 2.1014920E-08  273.3731 273.1811 273.4631 273.0000 269.6274 268.1527 268.5666 269.8073 264.9378 264.0156 265.3466 275.5627 263.2698 262.8340 263.6092 265.1301  25060
1967 2.0634868E-08 2.5260830E-08 3.0062317E-08 3.4088870E-08 1.3603731E-08 1.9520879E-08 2.4609877E-08 2.5028944E-08 1.2577510E-08 1.7151301E-08 1.9516301E-08 2.4320068E-08 1.3944230E-08 1.7251429E-08 1.9179732E-08 2.1719513E-08  274.6718 274.5320 274.7069 274.0135 271.3324 269.8333 270.0324 271.0786 266.6989 265.4324 266.4695 275.5642 264.8947 264.2143 264.6422 265.8967  27280
1968 1.8021733E-08 2.2550871E-08 3.0055887E-08 3.9053869E-08 1.6168668E-08 2.0993994E-08 2.6724395E-08 2.8746586E-08 1.6882652E-08 2.0939542E-08 2.3503908E-08 2.8085294E-08 1.6167832E-08 1.9431145E-08 2.1426306E-08 2.4646097E-08  275.4789 275.1602 275.2148 274.4735 272.0603 270.5494 270.7406 271.7891 267.3265 266.0763 267.2954 275.5627 265.3799 264.6328 265.0966 266.5481  64180
1969 2.5219236E-08 3.0327588E-08 3.6016946E-08 4.0421252E-08 1.9811306E-08 2.6833732E-08 3.2027913E-08 2.9960109E-08 1.5326107E-08 2.0832088E-08 2.4374659E-08 2.7986715E-08 1.4416996E-08 1.7765981E-08 2.0208033E-08 2.3586516E-08  274.3657 274.2811 274.5290 273.6836 270.9257 269.8245 270.1948 271.1507 266.5153 265.4444 266.5421 275.5627 264.7251 264.0763 264.5575 265.8388  28460
1970 1.7476763E-08 2.4127212E-08 3.3346172E-08 4.0902329E-08 1.5378575E-08 2.3301926E-08 3.1112940E-08 3.2847851E-08 1.4536139E-08 2.0456309E-08 2.3942867E-08 3.0158368E-08 1.4774376E-08 1.7412646E-08 1.9059410E-08 2.2683434E-08  274.6077 274.2788 274.0967 273.2392 270.5434 268.9013 269.1283 270.3039 265.5531 264.3245 265.4826 275.5627 263.4116 262.8606 263.5791 265.2404  60056.7
1971 1.7985665E-08 2.1185913E-08 2.6388227E-08 3.5242049E-08 1.5482575E-08 2.1011889E-08 2.6248260E-08 2.7334295E-08 1.4746238E-08 1.9090471E-08 2.0929544E-08 2.6206367E-08 1.4847087E-08 1.8056925E-08 1.9291056E-08 2.2014259E-08  274.7998 274.4754 274.5883 273.8182 270.3077 268.8791 269.1914 270.2410 264.5815 263.6057 265.0387 275.5643 262.1538 261.8557 262.7459 264.5607  59676.7
1972 2.4050731E-08 2.8606461E-08 3.4382808E-08 3.8990393E-08 1.8236538E-08 2.4502720E-08 2.9517635E-08 3.0220637E-08 1.6670413E-08 2.0822915E-08 2.2723654E-08 2.5724068E-08 1.4869923E-08 1.7626062E-08 1.9098675E-08 2.0667011E-08  274.2309 273.8175 274.0492 273.5545 270.7785 269.3681 269.9945 271.1273 266.3682 265.4165 266.7888 275.5627 264.7030 264.2198 264.9211 266.3479  73153.3
1973 2.0325427E-08 2.5402413E-08 3.3976107E-08 4.4265526E-08 1.8195260E-08 2.5727722E-08 3.3439704E-08 3.5616413E-08 1.6801550E-08 2.3351941E-08 2.6266992E-08 3.0104161E-08 1.5656578E-08 1.9583672E-08 2.1459513E-08 2.4244283E-08  275.1675 275.2112 275.5747 274.8717 271.2180 269.8619 270.2408 271.3720 265.9208 264.9014 266.2210 275.5627 263.7756 263.3091 263.9492 265.4372  46436.7
1974 2.2989111E-08 2.9157276E-08 3.8681225E-08 4.8907367E-08 1.7568413E-08 2.4793199E-08 3.2917431E-08 3.6271345E-08 1.5567917E-08 2.1643144E-08 2.5374083E-08 3.0781848E-08 1.7038920E-08 2.1144206E-08 2.3169761E-08 2.5765960E-08  275.0994 274.8391 274.9859 274.3856 271.3803 269.8785 270.0367 271.2005 266.5823 265.3575 266.3772 275.5627 264.3023 263.5833 264.0973 265.5455  34136.7
1975 2.0161487E-08 2.6110282E-08 3.4390919E-08 4.2788709E-08 1.6458809E-08 2.3139235E-08 3.0806859E-08 3.2661511E-08 1.5967968E-08 2.1323757E-08 2.4323699E-08 2.8797631E-08 1.7196314E-08 2.0991953E-08 2.2047633E-08 2.4378782E-08  276.6326 276.2123 276.3300 275.4842 272.9735 271.2333 271.0700 271.8601 267.6708 266.1083 266.9466 275.5643 264.8089 264.0632 264.4374 265.8767  40633.3
1976 2.1454014E-08 2.8013007E-08 3.7724366E-08 4.5520448E-08 1.8092017E-08 2.4968930E-08 3.2757921E-08 3.4678436E-08 1.7063748E-08 2.2090676E-08 2.6233094E-08 3.0610892E-08 1.7202989E-08 2.0112232E-08 2.2260583E-08 2.5819082E-08  275.6767 275.4580 275.7227 275.1913 272.2063 271.0764 271.5479 272.5952 267.0894 266.2798 267.8058 275.5627 265.1338 264.8930 265.5821 267.0051  14740
1977 1.9915294E-08 2.6563965E-08 3.7801239E-08 4.7623004E-08 1.7459405E-08 2.4476334E-08 3.1285484E-08 3.2969155E-08 1.6812878E-08 2.1963665E-08 2.4353739E-08 2.8418908E-08 1.6742613E-08 2.1292763E-08 2.4063301E-08 2.6677746E-08  275.6010 275.5670 275.9063 275.3556 271.9887 270.5451 270.9017 272.1673 266.8476 265.8227 266.8702 275.5627 264.8845 264.4203 265.0156 266.4500  39210
1978 2.0113179E-08 2.7649850E-08 3.8139714E-08 4.6650737E-08 1.6710882E-08 2.3825219E-08 3.0805307E-08 3.2826755E-08 1.6142733E-08 2.0573657E-08 2.3546376E-08 2.8396171E-08 1.5476537E-08 1.7933669E-08 1.9211516E-08 2.2706649E-08  275.5551 275.3068 275.4685 274.6350 272.1652 270.9529 271.2737 272.0940 267.5483 266.6790 267.6959 275.5627 265.8286 265.3210 265.7177 266.9189  32146.7
1979 2.0235863E-08 2.6186839E-08 3.5886327E-08 4.4884839E-08 1.6271990E-08 2.2435154E-08 3.1389305E-08 3.5591921E-08 1.5103762E-08 1.9780705E-08 2.3601265E-08 2.9721713E-08 1.4365830E-08 1.7229437E-08 1.9871182E-08 2.4170221E-08  274.5926 274.2921 274.5478 274.0152 270.9086 269.4372 269.7150 271.0371 265.6553 264.8152 266.3896 275.5643 263.9196 263.7267 264.7126 266.3860  50406.7
1980 2.5048747E-08 3.0745902E-08 3.7296999E-08 4.3711683E-08 1.8687311E-08 2.5925136E-08 3.2477583E-08 3.3482017E-08 1.7539158E-08 2.3332619E-08 2.5896165E-08 2.9517246E-08 1.7241391E-08 2.1163823E-08 2.2963876E-08 2.4925342E-08  275.3126 275.0691 275.3024 274.6286 271.1538 269.4437 269.9285 271.1581 266.0083 264.6892 266.0048 275.5627 263.8272 263.4026 264.2099 265.7692  36266.7
1981 1.9104503E-08 2.3692870E-08 2.8478073E-08 3.3532562E-08 1.4013040E-08 1.9180174E-08 2.4308054E-08 2.5174241E-08 1.3572528E-08 1.8265986E-08 2.0765786E-08 2.5690751E-08 1.5208700E-08 1.7915076E-08 1.9428388E-08 2.2392445E-08  275.2746 274.8697 274.7776 273.7625 271.9073 270.4646 270.4398 271.0028 267.3205 265.8490 266.7449 275.5627 265.2777 264.5209 264.7333 265.7821  41820
1982 2.1767578E-08 2.8892227E-08 3.8443215E-08 4.4957176E-08 1.8628166E-08 2.3465127E-08 3.0147437E-08 3.3661152E-08 1.8479156E-08 2.0402140E-08 2.1923983E-08 2.7902205E-08 1.6944384E-08 1.9079280E-08 1.9924794E-08 2.2859819E-08  274.7413 274.5221 274.5942 273.8437 271.1781 270.1850 270.9003 271.8587 266.5827 266.0630 267.6726 275.6987 264.9857 264.8815 265.8532 267.3964  77876.7
1983 2.5167278E-08 3.2674119E-08 4.2785842E-08 5.0795361E-08 2.0072983E-08 2.8445447E-08 3.8872745E-08 4.1062318E-08 1.7446812E-08 2.4501080E-08 2.8984873E-08 3.2374153E-08 1.5954166E-08 2.1172598E-08 2.4455170E-08 2.7215810E-08  276.9095 276.9231 277.1671 276.5271 273.3277 272.2214 272.5421 273.4848 268.0128 267.2097 268.4366 275.7739 266.0468 265.6002 266.2566 267.5369  53110
1984 2.3435000E-08 2.8753480E-08 3.7598234E-08 4.7379924E-08 1.8891201E-08 2.6406189E-08 3.4759040E-08 3.7815258E-08 1.8614022E-08 2.5513794E-08 2.9775235E-08 3.2930856E-08 1.8639078E-08 2.3183613E-08 2.5301377E-08 2.7561368E-08  276.8059 276.6100 276.7565 276.0003 273.1502 271.6965 271.9126 272.7346 267.6573 266.4996 267.6355 275.7940 265.4071 264.8496 265.2118 266.4509  68623.3
1985 1.5987753E-08 2.1814854E-08 3.2348886E-08 4.2133472E-08 1.2641739E-08 1.8122973E-08 2.5632591E-08 3.1188765E-08 1.2685716E-08 1.7208096E-08 2.0365677E-08 2.5858979E-08 1.4373650E-08 1.7939019E-08 1.9958657E-08 2.3176112E-08  276.1227 275.8000 275.9242 275.2499 272.7846 271.1919 271.3589 272.3764 267.5305 266.1516 267.1776 275.4019 265.1660 264.5966 265.0876 266.3385  64416.7
1986 2.4988690E-08 2.7983701E-08 3.2691933E-08 3.8174200E-08 1.8678145E-08 2.4086669E-08 2.6143821E-08 2.7025273E-08 1.5830361E-08 1.9815976E-08 2.0955619E-08 2.4994858E-08 1.4777596E-08 1.6919010E-08 1.8418405E-08 2.0920483E-08  274.3844 274.1078 274.2876 273.5492 271.0411 269.7898 270.2619 271.2574 266.3281 265.4406 266.8743 275.6455 264.6638 264.2462 265.0088 266.4842  65533.3
1987 2.8314650E-08 3.3150933E-08 4.0466080E-08 4.4515495E-08 2.1247210E-08 2.6755707E-08 3.1837313E-08 3.1725545E-08 1.7025872E-08 2.2493090E-08 2.5354234E-08 2.7696544E-08 1.4348525E-08 1.7960456E-08 2.1200906E-08 2.3782132E-08  274.6002 274.5113 274.5899 274.0079 271.4277 270.2064 270.5227 271.5412 267.1231 265.9103 266.9792 275.4216 265.4132 264.7498 265.2298 266.5495  28780
1988 2.1932541E-08 2.6850993E-08 3.6771880E-08 4.9260976E-08 1.9026315E-08 2.7687740E-08 3.8452427E-08 4.2440188E-08 1.7712409E-08 2.5333202E-08 3.0131584E-08 3.5787604E-08 1.7238744E-08 2.0824226E-08 2.3093753E-08 2.6564011E-08  275.2425 275.5978 276.2059 275.7379 270.7829 269.7033 270.1639 271.4537 265.5577 264.6370 265.9247 275.4756 263.3627 262.9893 263.6643 265.1352  26540
1989 1.8996911E-08 2.5862725E-08 3.4717520E-08 4.3728090E-08 1.4638647E-08 2.1774325E-08 2.9775618E-08 3.3843886E-08 1.4030897E-08 1.9675992E-08 2.2130440E-08 2.7533030E-08 1.5244105E-08 1.8420311E-08 1.9576872E-08 2.1896502E-08  275.9439 275.5566 275.5944 274.8220 272.0628 270.2785 270.4112 271.3719 267.2855 265.7291 266.6575 275.3649 265.1191 264.4407 264.8714 266.2486  24203.3
1990 2.0710592E-08 2.4929417E-08 3.0366518E-08 3.7006956E-08 1.6210567E-08 2.2182403E-08 2.8687174E-08 2.9585332E-08 1.4775273E-08 1.8965995E-08 2.1811424E-08 2.5476522E-08 1.5351642E-08 1.9185604E-08 2.1186949E-08 2.3179489E-08  276.7829 276.4969 276.5098 275.6161 273.0600 271.4822 271.4825 272.2921 268.1670 266.7762 267.7740 275.4737 265.6790 265.0529 265.4247 266.6816  31473.3
1991 2.0715802E-08 2.5567118E-08 3.2129471E-08 3.7944684E-08 1.8447498E-08 2.3906123E-08 2.7753114E-08 2.7983104E-08 1.6367823E-08 2.0028409E-08 2.0681524E-08 2.3389797E-08 1.4381301E-08 1.6881678E-08 1.7881895E-08 2.0469088E-08  276.1758 275.7993 275.6404 274.7170 272.6918 271.2678 271.2794 272.0119 268.2823 267.0150 267.7957 275.3012 266.1212 265.4002 265.7235 266.8658  72996.7
1992 2.0085805E-08 2.5292641E-08 3.3336029E-08 4.1034511E-08 1.4340433E-08 2.0559062E-08 2.6945933E-08 2.9604646E-08 1.3412133E-08 1.7428841E-08 2.0070457E-08 2.6183248E-08 1.4323473E-08 1.7228711E-08 1.8808908E-08 2.1975703E-08  274.1711 273.6456 273.7975 273.3388 270.5572 268.8983 269.2472 270.5261 266.0984 264.9217 266.0719 275.4901 264.3149 263.8083 264.4736 266.0262  59073.3
1993 1.9997888E-08 2.5413964E-08 3.4641580E-08 4.4752991E-08 1.6496548E-08 2.0944530E-08 2.6673531E-08 3.0093947E-08 1.6945524E-08 2.1822320E-08 2.4287127E-08 2.7625424E-08 1.6509478E-08 2.0421263E-08 2.2986853E-08 2.4928696E-08  275.9142 275.3871 275.3716 274.6645 272.3457 270.7455 270.7551 271.7418 267.2940 266.1119 267.1224 275.0551 265.0457 264.3853 264.9214 266.1686  50410
1994 2.4221405E-08 2.9068588E-08 3.5420758E-08 3.8258186E-08 1.6567521E-08 2.2327548E-08 2.8581166E-08 2.9422187E-08 1.6062186E-08 2.1254026E-08 2.4158160E-08 2.7003681E-08 1.6164602E-08 2.0958506E-08 2.3569802E-08 2.4840142E-08  276.0914 275.9504 276.0650 275.3152 273.2202 271.9019 272.1196 272.9932 268.6733 267.4656 268.4594 275.9396 266.3362 265.5867 266.0375 267.4925  52313.3
1995 1.7662600E-08 2.1758598E-08 2.9109655E-08 3.7472258E-08 1.2867363E-08 1.8988372E-08 2.5596730E-08 2.8348845E-08 1.2830538E-08 1.7791688E-08 2.1350928E-08 2.6726660E-08 1.5622369E-08 1.8784359E-08 2.0183814E-08 2.2773778E-08  276.1257 275.8246 275.8104 274.8999 272.7225 271.3496 271.3563 272.0129 267.9825 266.4449 267.1090 275.5643 265.3520 264.4868 264.7477 265.9763  73333.3
1996 2.4165965E-08 2.9071785E-08 3.6918877E-08 4.6671303E-08 1.8601186E-08 2.5488946E-08 3.2461426E-08 3.4415528E-08 1.8165723E-08 2.3581183E-08 2.6251470E-08 3.1274375E-08 1.7735893E-08 2.1731687E-08 2.3927274E-08 2.6325132E-08  273.9161 274.0434 274.6310 274.0698 270.1691 268.9857 269.5830 270.8232 265.4089 264.5664 266.0037 275.4480 263.4276 263.2040 263.9876 265.5296  57226.7
1997 2.8950323E-08 3.1635743E-08 3.6060769E-08 4.2698282E-08 2.3780148E-08 2.7422002E-08 2.9671655E-08 3.0870805E-08 2.1739247E-08 2.5288571E-08 2.5984617E-08 2.8201610E-08 1.8627539E-08 2.1442659E-08 2.2605089E-08 2.4005828E-08  273.4043 273.7319 274.2975 273.9539 270.3027 269.4958 270.5247 271.9595 266.2843 265.9793 267.6079 275.9293 264.9872 265.0727 266.0491 267.4958  38183.3
1998 2.2366802E-08 3.0235480E-08 3.8915783E-08 4.7277531E-08 1.7732351E-08 2.7003807E-08 3.4312933E-08 3.6109178E-08 1.5934582E-08 2.2473939E-08 2.6571550E-08 3.1820537E-08 1.7024702E-08 2.0344471E-08 2.2148173E-08 2.5372042E-08  275.3186 275.2288 275.5883 274.9981 271.0233 269.8629 270.5585 271.8326 265.7171 264.8665 266.5021 276.1999 263.6468 263.4424 264.3606 266.0404  47700
1999 1.7697463E-08 2.2493598E-08 2.9367584E-08 3.5953992E-08 1.4062789E-08 2.1577465E-08 2.8964676E-08 2.9623644E-08 1.4899318E-08 2.1442055E-08 2.5908001E-08 2.8675354E-08 1.6832024E-08 2.1986731E-08 2.4533501E-08 2.6340077E-08  278.7746 278.5452 278.6219 277.7038 274.8472 273.5662 273.6205 274.2237 269.1001 268.0411 269.0032 275.6533 266.2775 265.6462 266.0674 267.3821  34126.7
2000 1.8906965E-08 2.4547679E-08 3.4535187E-08 4.4796337E-08 1.4321225E-08 2.1373380E-08 3.0972675E-08 3.4974207E-08 1.4323145E-08 2.0408383E-08 2.4409966E-08 3.0646579E-08 1.5665648E-08 1.9687125E-08 2.1111511E-08 2.4000627E-08  276.0118 275.8431 275.9807 275.1378 272.0478 270.5437 270.7381 271.5472 266.6385 265.1593 266.1371 275.8424 264.0219 263.2650 263.7998 265.1886  40946.7
2001 1.8486944E-08 2.5181475E-08 3.6685286E-08 4.6792920E-08 1.4557759E-08 2.0952115E-08 2.9344280E-08 3.3096828E-08 1.3773056E-08 1.8663011E-08 2.1381258E-08 2.6561850E-08 1.4257393E-08 1.7138662E-08 1.8356909E-08 2.1212454E-08  275.8737 275.5686 275.7649 275.1476 272.1919 270.6295 270.8535 271.7972 267.0454 265.8098 267.0094 275.6588 264.6635 264.0722 264.6723 266.0784  33083.3
2002 2.2607125E-08 2.7356119E-08 3.5348588E-08 4.2481830E-08 1.7363847E-08 2.1599183E-08 2.6598862E-08 2.9621813E-08 1.4688478E-08 1.8607254E-08 1.9971678E-08 2.3675286E-08 1.3483364E-08 1.6307261E-08 1.6783169E-08 1.8679293E-08  276.2854 275.9138 275.8557 274.9437 273.1341 271.5292 271.3805 272.1420 268.3979 267.0344 267.9438 275.8507 266.2480 265.5133 265.8910 267.0635  47660
2003 2.1345818E-08 3.0205541E-08 4.0930498E-08 5.0314480E-08 1.6792896E-08 2.5848010E-08 3.6475701E-08 3.9953740E-08 1.6249434E-08 2.1480139E-08 2.5390976E-08 3.0283310E-08 1.6052098E-08 1.9308379E-08 2.1118966E-08 2.4011619E-08  276.7971 276.4957 276.6191 275.8275 272.7640 271.2190 271.3659 272.3212 267.6725 266.3923 267.3457 275.7798 265.6513 264.8269 265.2079 266.3750  26700
2004 2.0826461E-08 2.4278771E-08 2.9574675E-08 3.4390858E-08 1.6902883E-08 2.0962073E-08 2.4714012E-08 2.5930374E-08 1.5034461E-08 1.8551825E-08 1.9648885E-08 2.2341009E-08 1.5062893E-08 1.7932448E-08 1.9070951E-08 2.0986079E-08  276.4473 276.0912 276.0421 275.1419 273.1868 271.7374 271.9415 272.7498 268.6667 267.5588 268.5242 275.8979 266.6106 266.0913 266.5603 267.7269  48453.3
2005 1.9102455E-08 2.3222986E-08 3.2753562E-08 4.4224279E-08 1.5183399E-08 2.0233911E-08 2.6199746E-08 2.9271449E-08 1.3966185E-08 1.8464020E-08 2.0431255E-08 2.5204802E-08 1.3911325E-08 1.7727325E-08 1.9562835E-08 2.2305688E-08  275.1632 275.0914 275.3809 274.7055 271.6228 270.2184 270.5284 271.5681 266.6713 265.5578 266.8133 276.2103 264.6677 264.1992 264.7423 266.2152  38756.7
2006 2.0281394E-08 2.6105230E-08 3.2788844E-08 3.8907597E-08 1.6409180E-08 2.2969035E-08 3.0078031E-08 3.2330728E-08 1.5156569E-08 1.9870230E-08 2.3294977E-08 2.7579061E-08 1.4491778E-08 1.8534685E-08 2.0563624E-08 2.3327539E-08  276.8268 276.5668 276.7156 275.8189 273.5414 272.1884 272.0978 272.7921 268.9526 267.5250 268.2617 275.4913 266.5409 265.7118 265.8486 266.7898  23493.3
2007 2.1214491E-08 2.6175922E-08 3.3553530E-08 4.2377685E-08 1.6506258E-08 2.3954803E-08 3.1175876E-08 3.4583220E-08 1.4797410E-08 2.0356646E-08 2.3018691E-08 2.9538599E-08 1.5330361E-08 1.8731368E-08 2.0270365E-08 2.2952417E-08  274.9686 274.7956 275.1104 274.3232 271.3313 269.6671 269.9318 270.9361 266.1105 264.9938 266.1096 276.3214 264.0455 263.4583 263.9973 265.4927  47743.3
2008 2.1066226E-08 2.6071346E-08 3.3760358E-08 4.2033641E-08 1.7052914E-08 2.3008340E-08 2.9278807E-08 3.0847875E-08 1.4952443E-08 2.0957071E-08 2.3593223E-08 2.7647321E-08 1.5487856E-08 2.0245755E-08 2.2085871E-08 2.4177348E-08  276.8443 276.4664 276.2948 275.4246 273.4650 271.8701 271.5951 272.1848 268.3052 266.7042 267.4918 275.9397 265.5567 264.7401 265.1042 266.2642  33450
2009 2.4674479E-08 2.8371419E-08 3.6209244E-08 4.1510106E-08 1.8401993E-08 2.2691768E-08 2.7585189E-08 3.0190272E-08 1.4948306E-08 1.8484792E-08 1.9641783E-08 2.2534252E-08 1.3980697E-08 1.7916376E-08 1.9990289E-08 2.1801045E-08  276.4178 276.1744 276.2638 275.5557 273.3459 272.1094 272.3953 273.1846 269.0310 268.1311 269.0226 275.1650 267.1866 266.5824 267.0376 268.2054  52086.7
2010 2.0618721E-08 2.5392451E-08 3.3682429E-08 4.3079776E-08 1.8244368E-08 2.6079981E-08 3.3899386E-08 3.5891375E-08 1.5428915E-08 2.1455186E-08 2.4761217E-08 2.9880230E-08 1.5085131E-08 1.9108214E-08 2.0882048E-08 2.3270074E-08  276.4155 276.0854 276.1736 275.4529 271.8669 270.2881 270.4348 271.4721 266.2797 265.1846 266.4006 276.0024 263.9363 263.3517 263.9519 265.4041  86040
2011 1.9250930E-08 2.6489328E-08 3.4855070E-08 4.3864514E-08 1.5893733E-08 2.4974398E-08 3.4188471E-08 3.5676333E-08 1.7629425E-08 2.4155939E-08 2.8218878E-08 3.3117221E-08 1.8432784E-08 2.2751252E-08 2.4609577E-08 2.7969907E-08  275.6781 275.8100 276.4536 275.9870 271.0442 269.8860 270.4723 271.5842 265.5721 264.7156 265.9442 275.5422 263.1888 263.0316 263.8231 265.3635  32630
2012 1.9853697E-08 2.4335305E-08 3.2267486E-08 3.8823387E-08 1.6656383E-08 2.2063864E-08 2.8011707E-08 2.9544168E-08 1.6672773E-08 2.1726569E-08 2.3431966E-08 2.7855165E-08 1.6959993E-08 2.1150250E-08 2.3030328E-08 2.5727413E-08  276.0154 275.6185 275.7859 275.0265 272.2389 270.7570 270.8968 271.7598 266.8094 265.8464 267.0445 275.9096 264.6532 264.2680 264.9014 266.2939  21200
2013 2.0656683E-08 2.6951207E-08 3.7223771E-08 4.7358728E-08 1.6465943E-08 2.3767734E-08 3.2042820E-08 3.4552627E-08 1.4595839E-08 2.0685915E-08 2.3641213E-08 2.8255364E-08 1.4637230E-08 1.8927432E-08 2.0873586E-08 2.3112598E-08  275.7917 275.6520 275.7820 275.0265 272.0787 270.6474 270.6247 271.5538 266.9685 265.7061 266.7889 276.1790 264.7337 264.1564 264.6201 265.9216  37756.7
2014 2.3463778E-08 2.9432423E-08 3.5949810E-08 4.0895614E-08 1.8010919E-08 2.4145296E-08 3.0008149E-08 3.1745774E-08 1.6407586E-08 2.0448987E-08 2.2370118E-08 2.5094099E-08 1.5123684E-08 1.7944306E-08 1.9187903E-08 2.1432825E-08  276.6954 276.6376 276.7517 275.8988 273.2295 272.1481 272.4227 273.2019 268.6631 267.8189 268.9789 275.6929 266.6129 266.1468 266.6329 267.7908  38230
2015 2.5054053E-08 3.0640720E-08 3.8881364E-08 4.3415870E-08 2.1255749E-08 2.6392270E-08 3.0580821E-08 3.1308367E-08 1.9243153E-08 2.2088377E-08 2.3448484E-08 2.6369259E-08 1.7752999E-08 1.9049988E-08 1.9841428E-08 2.2799910E-08  274.5929 274.6295 275.0775 274.5063 271.5195 270.7985 271.6034 272.6686 267.2171 266.8564 268.7566 275.7346 265.5886 265.6708 266.8225 268.3938  60953.3
