STN,prec_1,prec_2,prec_3,prec_4,prec_5,prec_6,prec_7,prec_8,prec_9,prec_10,prec_11,prec_12,prec_13,prec_14,prec_15,prec_16,st_1,st_2,st_3,st_4,st_5,st_6,st_7,st_8,st_9,st_10,st_11,st_12,st_13,st_14,st_15,st_16,05.0
LAT,37.67308,37.67308,37.67308,37.67308,40.46365,40.46365,40.46365,40.46365,43.25420,43.25420,43.25420,43.25420,46.04472,46.04472,46.04472,46.04472,37.67308,37.67308,37.67308,37.67308,40.46365,40.46365,40.46365,40.46365,43.25420,43.25420,43.25420,43.25420,46.04472,46.04472,46.04472,46.04472,41.78058635
LON,-95.62500,-92.81250,-90.00000,-87.18750,-95.62500,-92.81250,-90.00000,-87.18750,-95.62500,-92.81250,-90.00000,-87.18750,-95.62500,-92.81250,-90.00000,-87.18750,-95.62500,-92.81250,-90.00000,-87.18750,-95.62500,-92.81250,-90.00000,-87.18750,-95.62500,-92.81250,-90.00000,-87.18750,-95.62500,-92.81250,-90.00000,-87.18750,-90.252073
1958 1.8794719E-08 1.9177515E-08 2.1772076E-08 2.7493003E-08 2.0759749E-08 2.4508479E-08 2.6934375E-08 2.6047582E-08 2.6724786E-08 3.5133723E-08 3.3121385E-08 2.2701160E-08 2.4292651E-08 3.1599768E-08 3.2413581E-08 2.6430605E-08  302.4667 301.7015 299.8975 297.3146 298.8944 297.0466 296.2462 296.5321 295.4804 294.0304 293.7238 291.3137 293.2625 291.7911 291.3406 291.9800  29264.5
1959 1.7062696E-08 1.7678540E-08 2.0676707E-08 2.6105678E-08 1.9198103E-08 2.4851751E-08 2.7387930E-08 2.6360883E-08 2.2393230E-08 3.1261568E-08 3.0554357E-08 2.0693207E-08 1.9911953E-08 2.4685196E-08 2.5347013E-08 2.0371525E-08  302.4807 301.7055 299.9748 297.5417 299.4480 297.5253 296.5604 296.9269 296.1210 294.6270 294.3128 291.3137 294.0147 292.6679 292.1530 292.7295  41790.3
1960 1.4794884E-08 1.6080921E-08 2.0030678E-08 2.3999178E-08 2.0585363E-08 2.7484335E-08 3.1231522E-08 2.8631652E-08 2.5350930E-08 3.4076507E-08 3.5336409E-08 2.3224034E-08 2.2557291E-08 2.8927655E-08 3.0692490E-08 2.6754494E-08  303.5730 302.9643 301.3469 298.4202 300.3779 298.2150 297.0270 297.3604 296.4227 294.9649 294.6131 291.3137 293.9423 292.6330 292.1832 292.8154  117584
1961 1.8338620E-08 1.7319010E-08 2.0627983E-08 2.5769362E-08 1.9877987E-08 2.6815139E-08 2.7517789E-08 2.4721833E-08 2.1470658E-08 2.9942552E-08 3.0964618E-08 2.1913458E-08 2.0091139E-08 2.4948589E-08 2.6738842E-08 2.5010182E-08  302.2897 301.7645 300.3416 297.5307 299.4823 297.2220 296.1671 296.6224 296.0826 294.4939 293.9674 291.3137 293.6438 292.2185 291.6522 292.1869  63351.6
1962 1.8902293E-08 1.8126252E-08 1.9642313E-08 2.3206766E-08 2.1606947E-08 2.8036421E-08 2.8594217E-08 2.3164112E-08 2.2189580E-08 2.8888262E-08 2.9015986E-08 2.0582494E-08 1.6743531E-08 2.1786390E-08 2.3727527E-08 2.2486599E-08  302.0344 301.3350 299.8374 297.1233 299.0157 296.6537 295.6504 296.1420 295.9105 294.2001 293.7305 291.3137 294.1089 292.5356 291.8071 292.2035  84677.4
1963 2.0979453E-08 2.0364784E-08 2.4427585E-08 2.8908776E-08 2.0859785E-08 2.8139437E-08 2.9224539E-08 2.6115346E-08 2.1578211E-08 3.0908112E-08 2.9882834E-08 1.9384412E-08 1.9475653E-08 2.6767669E-08 2.8089243E-08 2.4338679E-08  302.5395 301.7065 299.9809 297.4034 299.5913 297.5056 296.5234 296.6909 296.2563 294.5922 294.1968 291.3137 293.7989 292.3773 291.9334 292.4634  56596.8
1964 1.7361703E-08 1.7749594E-08 2.3100467E-08 2.8893401E-08 1.9986627E-08 2.5176968E-08 2.7993533E-08 2.5140592E-08 2.2265414E-08 3.0987557E-08 3.1835441E-08 2.1589662E-08 1.8299698E-08 2.5013868E-08 2.7400086E-08 2.3263615E-08  302.7592 302.0621 300.2408 297.6661 299.4297 297.5399 296.6754 296.9879 296.1616 294.7960 294.4996 291.3137 293.9171 292.6903 292.2051 292.7374  68993.5
1965 1.8787507E-08 2.0812045E-08 2.5734435E-08 3.0059173E-08 2.3198385E-08 3.0342949E-08 3.3175606E-08 2.9461068E-08 2.4211854E-08 3.3662797E-08 3.2171467E-08 2.2612680E-08 2.2759972E-08 2.8896649E-08 2.8313853E-08 2.3360014E-08  301.9252 301.1379 299.2984 296.8272 298.8815 296.9526 296.1911 296.3972 295.6867 294.3389 294.2035 291.3137 293.3446 292.1543 291.8144 292.5761  157581
1966 2.0312214E-08 2.0225647E-08 2.2654554E-08 2.9066962E-08 2.3103656E-08 3.1376189E-08 3.1064456E-08 2.8676533E-08 2.5571490E-08 3.5530462E-08 3.6798124E-08 2.4839888E-08 2.3484866E-08 3.0909213E-08 3.2954343E-08 2.9419626E-08  302.1938 301.3720 299.6635 297.0506 299.5357 297.5294 296.6063 296.7476 296.2090 294.7722 294.4081 291.3137 293.8376 292.4861 291.9082 292.2705  73064.5
1967 1.7816667E-08 1.8777264E-08 2.0470384E-08 2.5068440E-08 1.8575379E-08 2.4464313E-08 2.6540175E-08 2.3140835E-08 2.2558304E-08 3.0423912E-08 3.0266001E-08 2.1339131E-08 2.2403800E-08 2.9543481E-08 3.1288533E-08 2.6669609E-08  302.6553 301.8988 300.2695 297.4931 299.8073 297.5603 296.4902 296.8791 296.4349 294.9063 294.4748 291.3138 294.0361 292.7770 292.2727 292.7380  56500
1968 1.5956928E-08 1.8989221E-08 2.3169690E-08 3.0279470E-08 2.0699506E-08 2.5540647E-08 2.9295387E-08 2.5716512E-08 2.2424775E-08 2.9473206E-08 3.2023372E-08 2.3084198E-08 1.9950884E-08 2.4872891E-08 2.6150497E-08 2.2293550E-08  302.4862 301.8381 300.2400 297.4408 299.1914 297.2317 296.3500 296.7548 295.6256 294.2545 294.0009 291.3137 293.5051 292.1070 291.6774 292.3480  57796.8
1969 1.9220273E-08 2.0755829E-08 2.2471522E-08 2.6760217E-08 2.1384215E-08 2.7362663E-08 2.7627076E-08 2.3813978E-08 2.2908429E-08 3.0597793E-08 3.0849559E-08 2.0773422E-08 2.5175565E-08 3.1932991E-08 3.1403385E-08 2.5044825E-08  302.3324 301.6346 300.0452 297.5461 299.5036 297.5482 296.6041 297.0046 296.4386 294.9412 294.6440 291.3137 293.8283 292.3656 291.9968 292.7235  119345
1970 1.6160227E-08 1.7133765E-08 1.9744363E-08 2.5847577E-08 1.8487452E-08 2.3425006E-08 2.5213836E-08 2.2203741E-08 1.9362771E-08 2.6214957E-08 2.7906729E-08 1.8121320E-08 1.7655358E-08 2.4791524E-08 2.6411650E-08 2.3108971E-08  302.9988 302.0370 300.1928 297.5929 299.7753 297.8723 296.8919 297.2749 296.5360 295.1652 294.9122 291.3137 294.3887 293.1497 292.7292 293.3015  67554.8
1971 2.0223752E-08 2.2219698E-08 2.4706502E-08 3.0124077E-08 2.2417307E-08 2.8577217E-08 3.0556933E-08 2.8438413E-08 2.3092921E-08 3.1818601E-08 3.2600301E-08 2.1580595E-08 1.7421730E-08 2.3733115E-08 2.6904592E-08 2.4464432E-08  302.0118 301.4048 299.9672 297.2676 299.1451 297.0478 296.1085 296.5064 295.7988 294.3187 293.9391 291.3137 293.6889 292.4159 291.8199 292.3721  69380.6
1972 1.9308652E-08 2.1064249E-08 2.5533831E-08 3.0920010E-08 1.9582110E-08 2.5366838E-08 2.7224905E-08 2.6058501E-08 2.1285375E-08 3.0118020E-08 3.2724198E-08 2.3156344E-08 2.1507992E-08 2.9738850E-08 3.2043790E-08 2.8316855E-08  301.7370 300.7130 298.8160 296.6047 298.6599 296.7901 295.8672 295.9102 295.5363 294.1160 293.6677 291.3137 292.8861 291.4983 291.0180 291.4824  98777.4
1973 1.6543973E-08 1.5562851E-08 2.0306485E-08 2.7718938E-08 1.8594550E-08 2.4433293E-08 2.7219269E-08 2.3958606E-08 2.1143123E-08 3.0006561E-08 3.1315391E-08 2.0202835E-08 1.8434980E-08 2.5406077E-08 2.9156537E-08 2.5631259E-08  302.4899 302.0447 300.2815 297.5298 299.2787 297.5788 296.7557 297.1305 296.3211 294.8773 294.6467 291.3138 294.3127 292.8816 292.3182 292.8870  128297
1974 1.6108894E-08 1.7063838E-08 2.2127997E-08 2.7886440E-08 1.9798543E-08 2.5088722E-08 2.5255867E-08 2.3068937E-08 1.9445933E-08 2.7493041E-08 2.9660454E-08 1.8952210E-08 1.9021046E-08 2.5950765E-08 2.8734815E-08 2.4219350E-08  302.2695 301.7023 300.0448 297.2361 299.2002 297.2925 296.5032 296.8322 296.0951 294.7065 294.5101 291.3138 293.7968 292.5533 292.1408 292.7762  88451.6
1975 1.6209521E-08 1.5695941E-08 2.0418968E-08 2.7897341E-08 1.6878893E-08 2.1871580E-08 2.4469815E-08 2.3628951E-08 2.1147239E-08 2.9594162E-08 2.9622322E-08 1.9222199E-08 2.3111909E-08 3.0935958E-08 3.2007552E-08 2.7711351E-08  303.6710 302.9453 300.9101 298.1009 301.2957 298.7952 297.5488 297.8925 297.5749 295.9715 295.5243 291.3137 294.9187 293.4985 293.0215 293.5737  149168
1976 1.6922526E-08 1.7568230E-08 1.9757721E-08 2.4166804E-08 2.0435856E-08 2.5770706E-08 2.9109518E-08 2.6920908E-08 2.3735678E-08 3.2776782E-08 3.5501397E-08 2.5913028E-08 2.2134643E-08 2.9664189E-08 3.1259361E-08 2.8742967E-08  302.9496 302.3185 300.7051 297.8251 299.7661 297.7609 296.8763 297.1176 295.9270 294.6469 294.3434 291.3138 293.1592 292.0180 291.6375 292.1798  50164.5
1977 2.0138083E-08 2.1336733E-08 2.2924764E-08 2.5990888E-08 2.2221466E-08 2.7682349E-08 2.8791513E-08 2.4752710E-08 2.5480807E-08 3.4039317E-08 3.4226684E-08 2.4867610E-08 2.4619464E-08 3.2909220E-08 3.3693315E-08 2.8482102E-08  302.1358 301.5139 299.8117 297.2624 299.1567 297.2176 296.3310 296.6118 295.7898 294.3835 294.0801 291.3137 293.3794 292.0463 291.4928 292.0146  23190.3
1978 1.6121609E-08 1.6520392E-08 2.2397948E-08 2.7309756E-08 1.9308738E-08 2.4866434E-08 2.7743775E-08 2.4995474E-08 2.4429522E-08 3.2665518E-08 3.3314940E-08 2.4409740E-08 2.3811408E-08 3.1723534E-08 3.5113452E-08 3.1885197E-08  303.2580 302.6220 300.6991 298.1078 300.3509 298.1701 296.8856 297.0516 296.2596 294.7158 294.1960 291.3137 293.3573 291.9720 291.4041 291.8568  59651.6
1979 1.5097742E-08 1.4762602E-08 1.9231743E-08 2.3443965E-08 1.8779708E-08 2.2792094E-08 2.3483713E-08 2.0474387E-08 2.1830131E-08 2.8041027E-08 2.8204424E-08 1.9146459E-08 1.8135301E-08 2.3084619E-08 2.4090424E-08 2.1673957E-08  302.8929 302.2900 300.4705 297.6465 299.6505 297.6675 296.6707 297.0145 296.2665 294.8755 294.5243 291.3137 294.1020 292.8076 292.3567 292.8461  132161
1980 1.7598319E-08 1.7936172E-08 2.1235143E-08 2.8047607E-08 1.7605577E-08 2.3270356E-08 2.5485022E-08 2.5510872E-08 1.9837303E-08 2.7091094E-08 2.8682813E-08 2.0469823E-08 2.0536525E-08 2.7923026E-08 2.9831490E-08 2.4892202E-08  302.0105 301.5356 299.8755 297.3143 299.3590 297.4392 296.4072 296.6335 296.0612 294.5717 294.1471 291.3137 293.4906 292.1135 291.5738 292.1533  31248.4
1981 1.7501298E-08 1.7837554E-08 2.0984917E-08 2.6758155E-08 1.7838342E-08 2.1913086E-08 2.5051639E-08 2.4611113E-08 1.7741842E-08 2.5027779E-08 2.7859574E-08 2.0789447E-08 1.8268153E-08 2.4064416E-08 2.6195226E-08 2.3019473E-08  302.8629 302.1896 300.3751 297.7881 299.7494 297.6341 296.5206 296.8191 296.5609 294.8478 294.4196 291.3138 294.2736 292.8661 292.2451 292.7147  58971
1982 1.9064540E-08 1.9659556E-08 2.4422354E-08 3.4004064E-08 2.0100542E-08 2.4881960E-08 2.8839409E-08 2.6050538E-08 2.0937136E-08 2.7402184E-08 2.7728472E-08 1.9343444E-08 2.1949734E-08 2.7557848E-08 2.8523145E-08 2.5145294E-08  301.8355 301.1394 299.3633 296.9935 298.9919 297.0690 296.0942 296.3251 295.9666 294.5295 294.1293 291.1320 293.4689 292.0840 291.7162 292.2921  111629
1983 1.4879103E-08 1.5546897E-08 1.9785331E-08 2.4652197E-08 1.7270736E-08 2.3750752E-08 2.7476071E-08 2.4371623E-08 2.0014536E-08 2.6926323E-08 2.7383772E-08 2.0394147E-08 1.9314422E-08 2.6761624E-08 2.8849149E-08 2.4922889E-08  302.2172 301.3728 299.3786 296.9030 298.7115 296.9923 296.2001 296.3997 295.9568 294.5720 294.2840 291.3142 293.7678 292.4867 292.0502 292.5307  100303
1984 1.7870144E-08 1.9156994E-08 2.1951008E-08 2.8275243E-08 1.5420355E-08 1.9765906E-08 2.1795493E-08 2.0314021E-08 1.6243039E-08 2.2375037E-08 2.4781961E-08 1.7974209E-08 1.7304449E-08 2.1547685E-08 2.3460702E-08 2.0457183E-08  302.9976 302.4100 300.7039 297.7337 300.3640 298.0795 296.8364 297.3081 296.9447 295.3425 294.8738 291.2209 294.3322 293.1456 292.5708 292.9968  110813
1985 1.5860799E-08 1.8401909E-08 2.5780562E-08 3.1518415E-08 1.5409045E-08 2.0619702E-08 2.4631330E-08 2.4174994E-08 1.9081988E-08 2.8149115E-08 2.9423932E-08 2.0377522E-08 2.0628173E-08 2.7543932E-08 3.1744957E-08 2.7970113E-08  302.4943 301.6374 299.6881 297.0893 300.1331 297.7928 296.5800 296.9528 296.5452 294.9319 294.5756 291.2850 294.1395 292.7911 292.2108 292.6137  86361.3
1986 1.6911409E-08 1.6755564E-08 2.0651887E-08 2.4726006E-08 1.5870596E-08 2.0543000E-08 2.2853047E-08 2.1101583E-08 1.9578074E-08 2.5132211E-08 2.6461716E-08 1.8705153E-08 2.1129871E-08 2.6082557E-08 2.7128483E-08 2.3931115E-08  301.8526 300.8724 298.8687 296.4508 299.1730 296.9752 296.0182 296.1256 296.0463 294.4981 294.1486 291.2069 293.7910 292.3874 291.8188 292.2380  128194
1987 1.7783851E-08 1.8093674E-08 2.3276986E-08 2.8314519E-08 1.7576422E-08 2.1932339E-08 2.5029276E-08 2.2432944E-08 1.7512320E-08 2.5635128E-08 2.6791616E-08 1.7832319E-08 1.9814447E-08 2.6200585E-08 2.8756919E-08 2.4649674E-08  302.4005 301.7159 299.6996 297.1349 299.5114 297.6444 296.7185 296.9350 296.5638 295.1624 294.8051 291.3890 294.3069 293.0162 292.4412 292.9763  39290.3
1988 1.6859321E-08 1.6328288E-08 1.9551791E-08 2.7491588E-08 1.6919282E-08 2.2735563E-08 2.5798780E-08 2.4404848E-08 1.8053763E-08 2.6530801E-08 2.8050094E-08 2.0276488E-08 1.8114234E-08 2.2950257E-08 2.4373756E-08 2.1071791E-08  302.8309 302.2485 300.4852 297.5513 300.0907 298.0848 296.7989 297.1024 296.5861 295.1030 294.7314 291.2549 294.1942 293.0608 292.5308 292.9958  33971
1989 1.7089421E-08 1.7976774E-08 2.0291802E-08 2.6465091E-08 1.6059689E-08 2.1889493E-08 2.6949360E-08 2.4628426E-08 1.7791226E-08 2.4698886E-08 2.5634906E-08 1.7155935E-08 1.7252344E-08 2.1757131E-08 2.3378311E-08 1.9961455E-08  302.6854 302.1568 300.5434 297.6354 300.2094 298.0206 296.7595 297.1215 296.7769 295.0792 294.7493 291.2100 294.4641 293.1988 292.6182 293.1375  45732.3
1990 1.4388444E-08 1.5962584E-08 2.1355486E-08 2.6502780E-08 1.6820625E-08 2.2152287E-08 2.4972618E-08 2.3963635E-08 1.9372221E-08 2.6048092E-08 2.6738473E-08 1.7856680E-08 1.7458133E-08 2.2255902E-08 2.3447496E-08 2.0763117E-08  302.6382 301.8011 299.9378 297.2571 300.1625 297.8020 296.5800 296.8920 296.5272 295.0240 294.6233 291.2974 294.1898 292.8187 292.3952 292.9996  65222.6
1991 1.7329903E-08 2.0080948E-08 2.6359299E-08 3.1992929E-08 1.8027601E-08 2.4811358E-08 2.8713297E-08 2.5582167E-08 2.1469415E-08 2.7452373E-08 2.8051558E-08 1.8172409E-08 2.2292587E-08 2.9059901E-08 3.0858146E-08 2.6231579E-08  301.8703 300.8524 298.8167 296.6455 299.1896 297.0806 296.2322 296.3904 296.2856 294.6870 294.2681 291.3839 293.8970 292.4350 291.8159 292.3962  106897
1992 1.9352429E-08 2.0876364E-08 2.5079245E-08 2.8754283E-08 2.1355728E-08 2.8267040E-08 3.0196158E-08 2.5985411E-08 2.1762812E-08 3.0266936E-08 3.0745024E-08 1.9563407E-08 1.8723139E-08 2.4885294E-08 2.7686870E-08 2.3699949E-08  302.1478 301.2559 299.2450 296.8803 299.2906 297.3833 296.4968 296.7582 296.3728 294.8607 294.5420 291.2566 294.2189 292.7995 292.2352 292.8185  80651.6
1993 1.6721247E-08 1.9260636E-08 2.3183238E-08 2.7955567E-08 1.9470249E-08 2.3993383E-08 2.6342905E-08 2.4456686E-08 1.9335037E-08 2.6729873E-08 2.8263484E-08 2.0137724E-08 1.8052239E-08 2.3164056E-08 2.4277876E-08 2.1087057E-08  301.5972 300.5926 298.8527 296.3435 298.4708 296.6315 295.7159 295.7815 295.5901 294.1450 293.7191 291.2502 293.5714 292.1313 291.6652 292.1632  138161
1994 1.2788350E-08 1.5074590E-08 2.2086290E-08 2.7172423E-08 1.9108267E-08 2.4492017E-08 2.5795600E-08 2.3507141E-08 2.1040325E-08 2.8176276E-08 2.7412622E-08 1.8751088E-08 2.1544299E-08 2.7028712E-08 2.7908618E-08 2.3762960E-08  302.3730 301.3553 299.1667 296.7907 299.1248 297.1966 296.2866 296.5385 295.8558 294.6447 294.3613 291.1710 293.6788 292.3646 291.9659 292.5181  105939
1995 1.6158312E-08 1.8994095E-08 2.3648855E-08 2.9653870E-08 2.1503725E-08 2.7193167E-08 2.9463376E-08 2.8368884E-08 1.9784336E-08 2.7032085E-08 2.8773588E-08 2.1456506E-08 2.1681263E-08 2.8171412E-08 3.0528348E-08 2.7284791E-08  303.2294 302.2910 300.2453 297.5081 299.9776 297.9142 296.8915 297.0168 296.6135 295.0762 294.5981 291.3396 293.9268 292.4346 291.8232 292.2553  103552
1996 2.0492802E-08 2.1910038E-08 2.4477696E-08 3.1676468E-08 1.9782204E-08 2.5800059E-08 2.7608239E-08 2.5672795E-08 2.0848098E-08 2.9985198E-08 3.0578615E-08 2.1876820E-08 1.9117492E-08 2.6948541E-08 2.9904172E-08 2.6140375E-08  301.5748 301.1542 299.7864 297.2298 299.0244 296.9539 295.9875 296.4859 295.5753 293.9875 293.6721 291.0646 293.0946 291.6070 291.1047 291.7809  125377
1997 1.7308045E-08 1.7756568E-08 2.0736707E-08 2.7505461E-08 1.7964673E-08 2.2494110E-08 2.3306651E-08 2.2538373E-08 1.6537379E-08 2.4602544E-08 2.5009493E-08 1.6548672E-08 1.6716395E-08 2.3988440E-08 2.5288108E-08 2.2224679E-08  302.8729 302.3831 300.6892 297.8353 299.9083 297.8562 296.8786 297.2083 296.4248 295.0110 294.6560 291.2178 294.0769 292.8029 292.3508 292.9190  96429
1998 1.6111100E-08 1.7474321E-08 2.3296893E-08 2.8048440E-08 1.6502634E-08 2.2936932E-08 2.5841230E-08 2.2951436E-08 1.8200783E-08 2.4679879E-08 2.5553293E-08 1.7012686E-08 2.0312241E-08 2.8009248E-08 2.9698020E-08 2.6824239E-08  302.8107 301.9886 300.1042 297.5517 299.9211 298.1599 297.1973 297.4188 296.9579 295.7190 295.3759 291.5030 294.2713 293.1350 292.7414 293.2594  58500
1999 1.5951995E-08 1.6917223E-08 2.0887658E-08 2.6768594E-08 1.3686414E-08 1.9147992E-08 2.2918041E-08 2.0346111E-08 1.7390169E-08 2.4439066E-08 2.5537492E-08 1.7839630E-08 1.9309283E-08 2.3558805E-08 2.5644423E-08 2.3257551E-08  303.5847 303.1453 301.8871 298.8507 301.3738 299.3307 297.9487 298.6859 297.4945 296.0623 295.8032 291.4550 294.7181 293.7381 293.2758 293.7902  109506
2000 1.5627817E-08 1.4869772E-08 2.0598700E-08 2.6803447E-08 1.4354131E-08 2.1802549E-08 2.4280016E-08 2.2361112E-08 2.0059360E-08 2.9056970E-08 2.9738491E-08 1.9259371E-08 1.9224094E-08 2.6742804E-08 2.8141933E-08 2.3829974E-08  303.5378 303.2914 301.6365 298.6407 301.4336 299.1390 297.5919 297.8808 297.4318 295.6951 295.1646 291.5334 294.3662 293.0908 292.5736 293.0090  50380.6
2001 1.8320483E-08 1.9394236E-08 2.3115149E-08 2.7538002E-08 1.7756479E-08 2.2684560E-08 2.5785685E-08 2.3997169E-08 2.0902927E-08 2.7395879E-08 2.8798713E-08 1.8191054E-08 2.0401735E-08 2.6620270E-08 2.7835846E-08 2.4086193E-08  303.0254 302.1239 300.1446 297.5394 300.5943 298.2108 296.9676 297.3995 297.2525 295.5505 295.0695 291.3147 294.6949 293.3455 292.6769 293.1312  185161
2002 1.6195470E-08 1.6833413E-08 2.3247162E-08 3.0656423E-08 1.6035509E-08 2.0983004E-08 2.4459801E-08 2.4486843E-08 1.9298238E-08 2.7381663E-08 2.9540375E-08 1.9830029E-08 1.6168483E-08 2.1887114E-08 2.3413902E-08 2.0142618E-08  303.1671 302.4749 300.4750 297.9066 300.6803 298.3995 297.2904 297.6010 297.4926 295.7274 295.2682 291.4815 295.2700 293.8372 293.1322 293.6205  97480.6
2003 1.7690075E-08 1.8397815E-08 2.2103301E-08 2.8063020E-08 1.9170326E-08 2.4671863E-08 2.5611298E-08 2.3521546E-08 2.0160854E-08 2.5607866E-08 2.4749014E-08 1.6024700E-08 2.0253824E-08 2.4576478E-08 2.4476257E-08 2.1476557E-08  302.5441 301.8339 300.0866 297.5735 299.9139 297.7073 296.7762 297.0490 296.6458 295.1635 294.8547 291.2502 294.2122 292.9835 292.4863 293.0381  113642
2004 1.3669891E-08 1.4565942E-08 2.1203443E-08 2.8846951E-08 1.5059468E-08 2.0456312E-08 2.3949099E-08 2.1909248E-08 1.6662698E-08 2.4140336E-08 2.3895836E-08 1.6071420E-08 1.6240607E-08 2.1133829E-08 2.2735332E-08 1.9259012E-08  303.2558 302.4718 300.6377 297.8304 300.6422 298.3192 297.0768 297.3720 297.2239 295.6325 295.2561 291.3995 294.7725 293.5581 293.0722 293.5464  73625.8
2005 1.9797040E-08 2.1390393E-08 2.6193135E-08 3.1032613E-08 1.9004624E-08 2.5516963E-08 2.8476009E-08 2.5858933E-08 1.8075312E-08 2.6490454E-08 2.7929522E-08 1.9909301E-08 1.9128670E-08 2.5435074E-08 2.7187804E-08 2.4902187E-08  302.1267 301.3235 299.7013 297.1366 299.4051 297.2651 296.1782 296.2803 296.2849 294.5855 293.9746 291.5295 293.6084 292.0767 291.6577 292.2099  62622.6
2006 1.7793854E-08 2.0328615E-08 2.5884917E-08 3.1729009E-08 1.5754537E-08 2.1707233E-08 2.5334325E-08 2.3518558E-08 1.8053456E-08 2.7357345E-08 2.9143491E-08 2.0749759E-08 1.8610383E-08 2.4195639E-08 2.7233209E-08 2.5401393E-08  302.5796 301.7225 299.8958 297.5122 300.3479 297.9145 296.8208 297.1277 296.7260 295.2204 294.8807 291.4940 294.1805 292.9254 292.5217 292.9920  86441.9
2007 1.5589217E-08 1.8576419E-08 2.1271893E-08 2.5878375E-08 1.7290567E-08 2.1132267E-08 2.1202746E-08 2.0533607E-08 2.0539902E-08 2.8503937E-08 3.0049932E-08 2.0777826E-08 1.8989368E-08 2.4805605E-08 2.5769729E-08 2.2016160E-08  303.3842 302.6041 300.9255 298.0787 300.5576 298.4060 297.3376 297.6823 296.9007 295.2604 294.8443 291.3682 294.5428 293.0777 292.6263 293.2606  53654.8
2008 1.5851468E-08 1.6233457E-08 2.1932218E-08 3.0102221E-08 1.6812502E-08 2.2660915E-08 2.6807752E-08 2.5472069E-08 1.9922883E-08 2.7370442E-08 2.8494128E-08 1.9077184E-08 2.1583249E-08 2.6969898E-08 2.8074957E-08 2.4022247E-08  303.6512 303.0270 301.3580 298.3884 301.5254 299.3026 298.0048 298.3162 297.8166 296.1549 295.6599 291.3788 294.8195 293.5198 292.9053 293.3806  128106
2009 1.9043359E-08 1.9870132E-08 2.4681233E-08 3.0396748E-08 2.2777661E-08 2.8358855E-08 2.9871586E-08 2.6589277E-08 2.1029022E-08 3.1037953E-08 3.0468275E-08 2.0238256E-08 1.8658755E-08 2.5867342E-08 2.8220096E-08 2.3361350E-08  302.8243 301.9477 300.0932 297.4777 300.1577 297.9133 296.7455 296.9544 296.8305 295.1500 294.7378 291.3614 294.2687 292.9307 292.4178 292.9870  60616.1
2010 1.6755834E-08 1.8280140E-08 2.2121972E-08 2.7726330E-08 1.6570940E-08 2.1233509E-08 2.4072875E-08 2.3949184E-08 1.7107610E-08 2.4217773E-08 2.6254570E-08 1.8058287E-08 1.6026085E-08 2.2765635E-08 2.5514188E-08 2.2071447E-08  0.0000000E+00 0.0000000E+00 0.0000000E+00 0.0000000E+00 0.0000000E+00 0.0000000E+00 0.0000000E+00 0.0000000E+00 0.0000000E+00 0.0000000E+00 0.0000000E+00 0.0000000E+00 0.0000000E+00 0.0000000E+00 0.0000000E+00 0.0000000E+00  60316.1
2011 1.3738460E-08 1.5957209E-08 1.8932369E-08 2.6313669E-08 1.5456473E-08 2.2373479E-08 2.4753856E-08 2.2659334E-08 2.1444102E-08 2.8853423E-08 3.0031273E-08 1.9366823E-08 2.1767832E-08 3.0273824E-08 3.1812721E-08 2.6996412E-08  303.8736 303.2428 301.6980 298.6004 301.3242 298.9589 297.7345 298.1402 297.0402 295.6050 295.2172 291.3246 294.0671 292.7818 292.4380 293.1345  131161
2012 2.1317588E-08 2.2660052E-08 2.7008072E-08 3.1492746E-08 2.1373269E-08 2.8661688E-08 3.2204920E-08 2.8738746E-08 2.3695371E-08 3.4325776E-08 3.5984396E-08 2.6555982E-08 2.1237302E-08 2.9572655E-08 3.2329602E-08 2.9707605E-08  302.1434 301.6264 299.9988 297.2777 298.9793 296.8506 295.9403 296.0859 295.3612 293.8488 293.4192 291.7644 292.8891 291.4936 291.0519 291.5691  72351.6
2013 1.7583815E-08 1.8208835E-08 2.2675797E-08 2.8968886E-08 1.8655337E-08 2.3341649E-08 2.6667074E-08 2.3628063E-08 2.2672301E-08 3.0644987E-08 2.8068081E-08 1.8987297E-08 2.1158911E-08 2.6812836E-08 2.7517856E-08 2.4594994E-08  302.6341 302.1402 300.6507 298.0048 299.9009 297.8407 296.8168 297.2283 296.3513 294.9018 294.6670 291.3835 294.0006 292.9050 292.5621 293.1284  133903
2014 1.7563513E-08 1.8281902E-08 2.4979983E-08 3.0639164E-08 1.6897186E-08 2.1453964E-08 2.5232021E-08 2.4231689E-08 1.7893575E-08 2.5437577E-08 2.6418681E-08 1.8057943E-08 1.8177817E-08 2.6299706E-08 3.0702381E-08 2.6193403E-08  302.8111 302.2012 300.2694 297.5132 299.5741 297.5157 296.7092 297.0203 296.1054 294.6858 294.4074 291.1292 293.6290 292.2702 291.7106 292.3217  152484
2015 1.9520369E-08 1.7252004E-08 1.8933079E-08 2.4036256E-08 2.2903487E-08 2.5376341E-08 2.5810159E-08 2.3157824E-08 2.4795511E-08 3.0463166E-08 3.0056938E-08 1.9008592E-08 1.9875669E-08 2.5248427E-08 2.5826449E-08 2.1529310E-08  301.8992 301.3103 299.4058 296.9038 298.8994 297.0641 296.1892 296.3411 295.8540 294.5627 294.2110 291.2773 293.8671 292.6646 292.1261 292.5952  53961.3
