STN,prec_1,prec_2,prec_3,prec_4,prec_5,prec_6,prec_7,prec_8,prec_9,prec_10,prec_11,prec_12,prec_13,prec_14,prec_15,prec_16,st_1,st_2,st_3,st_4,st_5,st_6,st_7,st_8,st_9,st_10,st_11,st_12,st_13,st_14,st_15,st_16,01.0
LAT,37.67308,37.67308,37.67308,37.67308,40.46365,40.46365,40.46365,40.46365,43.25420,43.25420,43.25420,43.25420,46.04472,46.04472,46.04472,46.04472,37.67308,37.67308,37.67308,37.67308,40.46365,40.46365,40.46365,40.46365,43.25420,43.25420,43.25420,43.25420,46.04472,46.04472,46.04472,46.04472,41.78058635
LON,-95.62500,-92.81250,-90.00000,-87.18750,-95.62500,-92.81250,-90.00000,-87.18750,-95.62500,-92.81250,-90.00000,-87.18750,-95.62500,-92.81250,-90.00000,-87.18750,-95.62500,-92.81250,-90.00000,-87.18750,-95.62500,-92.81250,-90.00000,-87.18750,-95.62500,-92.81250,-90.00000,-87.18750,-95.62500,-92.81250,-90.00000,-87.18750,-90.252073
1958 2.8703377E-08 3.1591711E-08 3.7970523E-08 5.2087366E-08 3.3289794E-08 4.3785072E-08 4.7205138E-08 4.6379132E-08 2.5203869E-08 3.6263756E-08 3.8866560E-08 1.7807885E-08 2.3977057E-08 3.2854000E-08 3.4134949E-08 2.5492213E-08  305.9990 304.4692 302.5642 300.5754 303.6399 301.8553 301.0842 300.9646 302.3852 300.4832 299.6684 289.7923 300.1858 297.7490 297.0623 297.8546  21322.6
1959 2.3440046E-08 2.8248802E-08 3.3121463E-08 4.7695782E-08 2.6327626E-08 3.9501654E-08 4.3687471E-08 4.0122092E-08 2.4235064E-08 3.7205815E-08 3.6754457E-08 1.7548128E-08 2.4757906E-08 3.2390332E-08 3.3809702E-08 2.4485743E-08  307.3388 305.7948 303.4890 301.2080 304.5346 302.3925 301.5335 301.5124 302.7711 300.7250 299.8798 289.7923 300.7544 298.3633 297.6628 298.4804  14545.2
1960 2.8803750E-08 3.3278322E-08 3.7699301E-08 4.9619672E-08 3.1460072E-08 4.0752965E-08 4.2894968E-08 4.3108283E-08 2.0557501E-08 3.1827000E-08 3.5857070E-08 1.5366723E-08 2.2763997E-08 3.1609485E-08 3.1581052E-08 2.2843613E-08  306.0156 304.5302 302.6821 300.5503 303.7456 301.6885 300.8014 300.6673 302.4302 300.5510 299.6252 289.7923 300.2276 297.9117 297.2825 298.0262  42183.9
1961 1.8051162E-08 2.3016121E-08 3.1809190E-08 4.6742429E-08 2.5704857E-08 3.5953938E-08 3.9873132E-08 3.7825483E-08 2.3623389E-08 3.3929560E-08 3.3802710E-08 1.6735109E-08 2.3021130E-08 3.0522067E-08 3.0367776E-08 2.2463336E-08  308.4406 306.4170 303.9475 301.4807 304.8879 302.4047 301.3558 301.3220 302.7077 300.6206 299.7944 289.7923 300.9270 298.5945 297.9795 298.7813  18477.4
1962 2.4091941E-08 2.8913984E-08 3.5665909E-08 5.2958445E-08 2.7732794E-08 3.9029892E-08 4.5701970E-08 4.4164910E-08 2.2112197E-08 3.2132125E-08 3.4549192E-08 1.5871874E-08 1.8928922E-08 2.7702137E-08 2.7666202E-08 2.0569900E-08  307.1899 305.4752 303.1845 300.8116 304.6827 302.3109 301.2252 301.0307 302.5566 300.6064 299.7378 289.7923 300.5834 298.2274 297.6470 298.4304  20838.7
1963 2.6158768E-08 2.7888939E-08 3.4801335E-08 4.4914604E-08 2.7261169E-08 3.6771940E-08 3.9606178E-08 3.8281829E-08 2.3104706E-08 3.3599104E-08 3.5043378E-08 1.6569714E-08 2.3508843E-08 3.1699173E-08 3.3999658E-08 2.3206763E-08  306.9386 305.0683 302.7872 300.5645 304.2596 301.9460 300.9867 300.7953 302.5514 300.5314 299.5941 289.7923 300.2770 297.8214 297.1160 297.9222  20145.2
1964 2.6147537E-08 2.9281937E-08 3.8522504E-08 5.3067922E-08 2.9763180E-08 4.1468759E-08 4.8511296E-08 4.7311669E-08 2.6461937E-08 3.9131628E-08 3.8834969E-08 2.0212530E-08 2.8147255E-08 3.5446181E-08 3.7246977E-08 2.7168873E-08  306.5947 305.1517 303.0570 300.9688 304.0077 302.0464 301.0471 300.9826 302.1527 300.2262 299.3107 289.7923 299.6403 297.3971 296.7296 297.5088  17580.6
1965 2.3955373E-08 2.5682057E-08 3.2609329E-08 4.2722579E-08 2.9219251E-08 4.0341696E-08 4.5304922E-08 4.2540709E-08 2.4462025E-08 3.9583792E-08 4.2833527E-08 2.3317032E-08 2.2435739E-08 3.0090945E-08 3.2926678E-08 2.3933003E-08  306.3516 305.0742 302.9738 300.7939 303.6243 301.4574 300.5388 300.3512 301.9551 299.9060 298.8865 289.7923 299.8680 297.5735 296.8377 297.5896  20548.4
1966 2.7217801E-08 3.1016103E-08 3.7527201E-08 5.1608218E-08 2.9096707E-08 4.0334534E-08 4.3172175E-08 4.0921204E-08 2.0920357E-08 3.3860729E-08 3.3741081E-08 1.6433908E-08 2.0951985E-08 2.9800905E-08 3.1994276E-08 2.3208974E-08  306.1101 304.5142 302.6008 300.6203 303.9813 301.9281 301.0124 300.9083 302.4691 300.3983 299.4065 289.7923 300.3377 297.8268 297.0168 297.7685  36122.6
1967 2.6662683E-08 3.1439566E-08 3.9640625E-08 5.4735683E-08 2.9267554E-08 4.0341636E-08 4.8285692E-08 4.6121404E-08 2.3424443E-08 3.6974090E-08 3.9187896E-08 1.8160121E-08 2.1135278E-08 2.9841324E-08 3.1334171E-08 2.2329436E-08  306.1927 304.5207 302.3558 300.2436 303.4835 301.4055 300.4437 300.2444 301.9016 299.9629 299.0715 289.7923 299.9594 297.7260 297.1314 297.9728  24787.1
1968 2.7097782E-08 3.3880685E-08 4.1814054E-08 5.5778315E-08 2.8205719E-08 4.1983892E-08 4.9351499E-08 4.8266539E-08 2.6524578E-08 4.1781039E-08 4.2406555E-08 2.0582526E-08 2.3095748E-08 3.2996276E-08 3.4757676E-08 2.5526433E-08  306.1210 304.3753 302.3976 300.3538 303.9569 301.8863 300.9609 300.7853 302.1213 300.0659 299.2087 289.7923 300.0647 297.7671 297.0292 297.7762  19783.9
1969 2.0775062E-08 2.4475222E-08 3.3298701E-08 4.6596274E-08 2.4287024E-08 3.5107856E-08 4.3485972E-08 4.3399343E-08 2.5312110E-08 3.7055784E-08 4.0346368E-08 2.0898469E-08 2.7144283E-08 3.6148712E-08 3.7638127E-08 2.9220688E-08  307.0244 305.6756 303.4535 301.1337 304.5834 302.5477 301.4500 301.2024 302.7878 300.6646 299.5771 289.7923 300.5145 297.8424 297.0223 297.7784  33932.3
1970 2.2764990E-08 2.6090394E-08 3.3381944E-08 4.6858410E-08 2.6270556E-08 3.7381664E-08 4.3253053E-08 3.9238859E-08 2.1958677E-08 3.4069451E-08 3.5540733E-08 1.6865878E-08 2.1936259E-08 3.2046909E-08 3.1646955E-08 2.2788877E-08  307.1935 305.6227 303.2502 301.0512 304.2715 302.1873 301.2523 301.1446 302.6891 300.7120 299.6056 289.7923 300.7482 298.2722 297.5615 298.2674  25058.1
1971 2.6389444E-08 3.0571524E-08 3.6148251E-08 4.8758160E-08 2.9618596E-08 4.0534484E-08 4.4029871E-08 4.0338538E-08 2.3905887E-08 3.2908400E-08 3.3274716E-08 1.7676664E-08 1.9878760E-08 2.8486014E-08 2.9327106E-08 2.1777126E-08  306.9402 305.1822 303.0305 300.8101 303.7580 301.6048 300.6047 300.6070 301.8424 299.8616 298.8712 289.7923 299.6819 297.2573 296.5807 297.3626  25935.5
1972 2.6399201E-08 3.1781916E-08 3.7518770E-08 4.8793503E-08 2.7062937E-08 4.1538257E-08 4.6810428E-08 4.1784720E-08 2.4415597E-08 3.5277672E-08 3.4312560E-08 1.6873802E-08 2.0670273E-08 2.8458897E-08 2.9515379E-08 2.1665581E-08  307.0703 305.2714 302.9198 300.6113 304.3748 301.8993 300.7346 300.7910 302.2884 300.1172 299.1187 289.7923 300.3127 297.8143 297.1558 297.9685  28322.6
1973 2.4595693E-08 2.9528971E-08 3.8434738E-08 5.6521507E-08 2.7601542E-08 3.7294100E-08 4.3078728E-08 4.2545167E-08 2.4761889E-08 3.6903064E-08 3.6331631E-08 1.6272722E-08 1.9169853E-08 2.9362983E-08 2.9498116E-08 2.1984276E-08  306.6321 304.8773 302.8111 300.5402 303.8284 301.9540 301.0690 300.9927 302.1783 300.2519 299.4459 289.7923 300.2192 297.7471 297.2121 298.0881  54103.2
1974 3.1125918E-08 3.5041804E-08 3.7920781E-08 4.8704326E-08 2.4223116E-08 3.4510514E-08 3.9032479E-08 3.9405133E-08 1.8013194E-08 2.7520997E-08 2.9869557E-08 1.2729865E-08 1.8292091E-08 2.6560219E-08 2.9823486E-08 2.2124816E-08  306.3736 304.9538 302.8528 300.3919 304.1232 301.7346 300.8749 300.8248 302.2563 300.3775 299.4997 289.7923 300.0523 297.6385 296.9389 297.7408  31141.9
1975 2.8443432E-08 3.5079029E-08 4.0817834E-08 5.5238715E-08 2.9614396E-08 4.2157048E-08 4.8061278E-08 4.6603684E-08 2.4428655E-08 3.5141888E-08 3.8150592E-08 1.7518252E-08 2.3783953E-08 3.1816207E-08 3.1759800E-08 2.2650708E-08  306.0474 304.3213 302.2912 300.0753 303.9686 301.7062 300.6713 300.5218 302.1065 299.9866 299.0430 289.7923 300.0144 297.3986 296.7573 297.6555  20729
1976 2.8244614E-08 3.3170192E-08 3.9857877E-08 5.0963944E-08 2.9010565E-08 3.8121431E-08 4.2004128E-08 4.0307334E-08 2.1050207E-08 3.1206412E-08 3.2373798E-08 1.4984195E-08 1.8545569E-08 2.6731485E-08 2.9417563E-08 2.1263963E-08  306.5641 304.8773 302.5545 300.3019 303.5331 301.2249 300.3313 300.1997 301.8643 299.8580 298.9179 289.7923 299.8918 297.5714 296.8687 297.5324  25354.8
1977 2.4897961E-08 2.9250376E-08 3.6546961E-08 5.0472956E-08 2.7194657E-08 3.4923925E-08 3.9104453E-08 3.7827345E-08 2.3598762E-08 3.7579401E-08 3.9038820E-08 1.8216173E-08 2.5161889E-08 3.3934132E-08 3.6043708E-08 2.6747168E-08  306.2412 304.6398 302.8783 300.8849 304.1082 302.1506 301.2367 301.2513 302.4308 300.3448 299.3806 289.7923 299.9923 297.5510 296.7733 297.5860  11651.6
1978 2.5506639E-08 3.1343024E-08 3.9043556E-08 5.3970620E-08 2.2728917E-08 3.6479189E-08 4.5010591E-08 4.3565041E-08 2.2011189E-08 3.3357406E-08 3.6590290E-08 1.5599150E-08 2.1620359E-08 3.0725761E-08 3.2681275E-08 2.2934881E-08  306.6451 304.8106 302.6530 300.4898 304.2505 302.0068 301.0788 300.9434 302.4775 300.4292 299.5184 289.7923 300.4228 297.9852 297.2922 298.1249  29709.7
1979 2.9744745E-08 3.4684472E-08 4.1579689E-08 5.3624593E-08 2.9361223E-08 4.0047524E-08 4.6108713E-08 4.5709232E-08 2.3030852E-08 3.3763797E-08 3.6570913E-08 1.6533100E-08 2.1080963E-08 2.9302280E-08 3.3748233E-08 2.5228672E-08  305.8931 304.2856 302.4276 300.5592 304.0132 301.9504 300.9977 300.8579 302.4439 300.5634 299.5458 289.7923 300.4732 297.8483 297.0090 297.7530  17745.2
1980 2.1585048E-08 2.7944482E-08 3.6316447E-08 5.3710068E-08 2.8197020E-08 3.6773937E-08 4.4283830E-08 4.3001940E-08 2.3532248E-08 3.7602430E-08 3.7556017E-08 1.8105561E-08 2.4268463E-08 3.2622886E-08 3.3429398E-08 2.3965676E-08  307.6057 305.6830 303.1239 300.7738 304.5186 302.1877 301.0964 300.9783 302.3297 300.1736 299.2329 289.7923 299.9057 297.5623 297.0083 297.9132  28564.5
1981 2.0768008E-08 2.6519425E-08 3.3212050E-08 4.3077140E-08 2.6713675E-08 3.8955889E-08 4.4938030E-08 4.2017533E-08 2.1809601E-08 3.4654619E-08 3.6951253E-08 1.8900630E-08 2.1853102E-08 2.9148174E-08 3.1442923E-08 2.4719068E-08  307.1410 305.3259 303.1118 300.8609 304.2352 301.8928 300.8155 300.6440 302.4742 300.2690 299.1882 289.7923 300.3717 297.9067 297.0570 297.6190  20461.3
1982 2.5271211E-08 2.9967964E-08 3.6763403E-08 5.2386401E-08 2.4074719E-08 3.6074649E-08 4.3285024E-08 4.2987857E-08 2.3257241E-08 3.6026478E-08 3.5116969E-08 1.8374196E-08 2.6168031E-08 3.4696480E-08 3.3667998E-08 2.6248074E-08  306.7895 305.1387 302.9964 300.7036 304.3817 301.9748 301.0272 300.9388 302.2993 300.2363 299.3855 289.7922 300.0551 297.5564 296.8729 297.5659  20461.3
1983 2.2199304E-08 2.7058302E-08 3.8253635E-08 5.5863165E-08 2.9774949E-08 4.0955602E-08 4.8919837E-08 4.8409671E-08 2.6173486E-08 3.7157207E-08 3.9758906E-08 1.5707290E-08 2.2079242E-08 3.2222303E-08 3.3934562E-08 2.2529457E-08  305.5925 304.2563 302.4744 300.5106 303.5921 301.8787 301.0428 300.8983 302.3360 300.4098 299.5836 289.7942 300.3931 298.0611 297.3826 298.2899  45648.4
1984 2.6284972E-08 2.8905205E-08 3.2839083E-08 4.6200483E-08 2.6662008E-08 3.5843325E-08 3.8924664E-08 3.7669423E-08 1.9737476E-08 3.1526969E-08 3.2788702E-08 1.4801260E-08 2.1021158E-08 2.7188307E-08 2.9180573E-08 2.1397627E-08  307.3132 305.8516 303.4817 300.9936 304.6145 302.3350 301.2592 301.1815 302.4073 300.4769 299.5517 289.7687 300.3440 298.0692 297.3746 298.1738  36454.8
1985 2.4102038E-08 2.7285576E-08 3.1545138E-08 4.2662233E-08 2.4732433E-08 3.5929986E-08 3.9862442E-08 3.8227288E-08 1.8717733E-08 2.9420454E-08 3.1158017E-08 1.4514576E-08 1.8824471E-08 2.7328769E-08 3.2354617E-08 2.1312900E-08  307.6494 306.1769 303.7229 300.9881 304.9087 302.3476 301.2217 301.1928 302.6145 300.7373 299.8218 289.7608 300.4493 298.1685 297.5129 298.4446  37658.1
1986 2.2259545E-08 2.6287497E-08 3.3742339E-08 4.6918998E-08 2.7389017E-08 3.7133145E-08 4.2763912E-08 4.2731251E-08 2.4963326E-08 3.6194606E-08 3.7030063E-08 1.8007171E-08 2.2146086E-08 3.0199342E-08 3.3727218E-08 2.5074590E-08  306.8129 305.0356 302.7553 300.6063 304.2783 302.1280 301.2315 301.1328 302.7188 300.6415 299.6913 289.7711 300.7710 298.3305 297.4772 298.2116  35580.6
1987 2.3146290E-08 2.8441185E-08 3.8914667E-08 5.6810631E-08 2.8651824E-08 4.1751285E-08 4.6227154E-08 4.5986631E-08 2.3147862E-08 3.5717257E-08 3.9781664E-08 1.8533040E-08 2.4187006E-08 3.1780296E-08 3.3637630E-08 2.5933698E-08  305.7588 304.1530 302.3565 300.4507 303.8965 301.9029 301.1766 301.1418 302.3997 300.4613 299.5728 289.7215 300.1764 297.7431 297.1453 297.8352  42938.7
1988 2.5124674E-08 3.1050359E-08 3.8285638E-08 4.8014677E-08 2.6929651E-08 4.0015806E-08 4.5124587E-08 4.4119911E-08 2.2031168E-08 3.3487964E-08 3.8774495E-08 1.8652692E-08 2.0878925E-08 2.9577874E-08 3.1399111E-08 2.4323120E-08  306.0013 304.4296 302.5078 300.4489 303.4714 301.5790 300.7509 300.6125 301.9935 300.0592 299.2398 289.8074 300.0089 297.6888 297.0850 297.8914  23483.9
1989 3.0225507E-08 3.2707781E-08 3.9024464E-08 5.2193815E-08 2.6937062E-08 3.8124000E-08 4.3580062E-08 4.1288892E-08 1.9177499E-08 2.8747932E-08 3.0824960E-08 1.2235629E-08 1.8050880E-08 2.6463882E-08 2.8092737E-08 2.0671152E-08  306.8641 305.0703 302.6671 300.1812 304.2554 301.8517 300.6996 300.4735 302.4886 300.5951 299.7169 289.7503 300.6047 298.0909 297.4731 298.3116  22474.2
1990 2.3279934E-08 2.7774169E-08 3.9908276E-08 5.2849082E-08 2.7930044E-08 4.1485894E-08 4.7204665E-08 4.6727898E-08 2.3850166E-08 3.5360816E-08 3.5872791E-08 1.9006293E-08 2.2109431E-08 3.0341344E-08 2.9481185E-08 2.3566557E-08  307.0637 305.3242 303.0814 300.6790 304.6732 302.2309 301.1692 300.9716 302.6776 300.4971 299.6242 289.7238 300.6257 298.0887 297.3427 298.1064  19725.8
1991 3.0040567E-08 3.2813350E-08 3.9820076E-08 5.4940941E-08 2.6853126E-08 3.8477321E-08 4.5235790E-08 4.3750656E-08 2.4821098E-08 3.7729212E-08 3.7230457E-08 1.7728548E-08 2.1402013E-08 3.1389192E-08 3.3124131E-08 2.4751044E-08  306.1168 304.4920 302.5603 300.5843 304.0460 301.9159 300.9254 300.8403 302.2542 300.1913 299.3485 289.8315 300.2462 297.8078 297.1485 297.9703  22345.2
1992 2.4684562E-08 2.8981484E-08 3.8219554E-08 5.5109702E-08 2.9209616E-08 4.0667970E-08 4.5764878E-08 4.6525830E-08 2.5037373E-08 4.1636092E-08 4.1572225E-08 1.7757371E-08 2.1763947E-08 3.0311401E-08 3.3716528E-08 2.5939523E-08  305.8716 304.3736 302.4129 300.4718 303.8181 302.0083 301.1714 301.0359 302.5912 300.5148 299.6534 289.7299 300.7732 298.3847 297.5928 298.3553  48071
1993 3.1132405E-08 3.5386531E-08 4.2309331E-08 5.7437124E-08 3.6341746E-08 5.0247312E-08 5.4487487E-08 5.1520079E-08 2.3910816E-08 3.5677431E-08 3.8136026E-08 1.7918390E-08 1.9801588E-08 2.9776409E-08 3.1433888E-08 2.4174167E-08  305.1112 303.5739 301.8952 299.9526 303.1317 301.2362 300.4439 300.3037 301.7562 299.8425 299.0569 289.7724 299.8360 297.3882 296.7932 297.6888  38090.3
1994 2.6269682E-08 3.0381639E-08 3.7034173E-08 5.0805408E-08 2.4974685E-08 3.7857031E-08 4.5565969E-08 4.4704368E-08 2.3735121E-08 3.7203304E-08 3.9338993E-08 1.7272281E-08 2.1362059E-08 3.1480248E-08 3.4881989E-08 2.3064599E-08  305.6345 304.0793 302.2151 300.2051 303.8334 301.6957 300.7549 300.6169 302.2106 300.1704 299.3326 289.7112 300.0807 297.7607 297.0596 298.0577  37677.4
1995 2.4966045E-08 2.9985554E-08 3.9002948E-08 5.3358747E-08 3.1733446E-08 4.4117673E-08 4.8656069E-08 4.5230557E-08 2.6373776E-08 4.0367517E-08 3.9455688E-08 1.7725705E-08 2.5064002E-08 3.1091211E-08 3.2438233E-08 2.2444114E-08  305.7654 304.2491 302.3411 300.3790 303.7508 301.6584 300.7800 300.6758 302.4056 300.3760 299.6103 289.8668 300.3941 298.1821 297.5464 298.4058  36187.1
1996 2.4643954E-08 2.7909245E-08 3.3035729E-08 4.7386173E-08 2.8542468E-08 4.0155641E-08 4.4168754E-08 4.0188681E-08 2.1286844E-08 3.2109629E-08 3.4933777E-08 1.5762351E-08 2.1585311E-08 3.1002497E-08 3.1181123E-08 2.3253989E-08  307.4764 305.9234 303.6148 301.0305 304.9743 302.4825 301.2733 301.1417 302.8631 300.8306 299.7544 289.6871 300.6602 298.2601 297.5591 298.2740  36935.5
1997 2.4692010E-08 2.9114119E-08 3.7162316E-08 5.2567909E-08 3.1282656E-08 4.0809301E-08 4.6499906E-08 4.3996295E-08 2.3518972E-08 3.5146865E-08 3.7938172E-08 1.6304860E-08 2.5506376E-08 3.2421877E-08 3.6538900E-08 2.7164379E-08  306.6588 304.8930 302.8448 300.8063 304.1395 301.9937 301.0138 301.0478 302.2171 300.1490 299.1935 289.7458 299.8587 297.3839 296.6162 297.4396  41774.2
1998 2.4340618E-08 2.9484552E-08 3.9416051E-08 5.4656908E-08 2.8935613E-08 4.2011809E-08 5.1097508E-08 4.7788888E-08 2.5943828E-08 3.7991100E-08 3.8626798E-08 1.6114605E-08 2.4331262E-08 3.4068979E-08 3.2523751E-08 2.2189239E-08  305.7983 304.2560 302.5187 300.6396 303.9218 302.2423 301.4298 301.3689 302.6731 300.7689 300.0286 289.8300 300.5914 298.3806 297.9706 299.0179  31296.8
1999 2.4602851E-08 2.7706228E-08 3.2904403E-08 4.3607578E-08 2.2563640E-08 3.4008714E-08 3.9014498E-08 3.6120216E-08 1.7698506E-08 2.6293412E-08 2.8542550E-08 1.2143536E-08 1.7031498E-08 2.4680928E-08 2.6545900E-08 1.9100048E-08  307.6375 306.1452 303.6689 301.0480 304.7248 302.4576 301.4942 301.5271 302.6686 300.9283 300.1906 289.8943 300.7027 298.4034 297.8842 298.7871  34483.9
2000 2.6478428E-08 3.2054945E-08 3.7538367E-08 4.9665008E-08 2.3713270E-08 3.1703532E-08 3.9569517E-08 3.8946965E-08 1.6609070E-08 2.6850737E-08 3.0017052E-08 1.2345011E-08 1.7001462E-08 2.3656904E-08 2.7447042E-08 1.9475952E-08  307.5042 305.7444 303.3770 300.8356 305.0510 302.6189 301.3595 301.3506 303.0864 301.0335 300.1320 289.9317 300.8599 298.6172 297.8591 298.5238  29716.1
2001 2.3131973E-08 2.6603539E-08 3.2233821E-08 4.6817117E-08 2.5609401E-08 3.4509920E-08 3.8934335E-08 3.5237193E-08 2.2396469E-08 3.2984371E-08 3.0185859E-08 1.3552116E-08 1.7937332E-08 2.5201807E-08 2.6534982E-08 1.9748137E-08  308.1805 306.4799 304.0291 301.4511 305.3213 302.7726 301.6819 301.7311 303.1475 301.0292 300.1823 289.7783 301.0321 298.6692 297.9483 298.6373  30580.6
2002 2.4016011E-08 2.7102292E-08 3.4283239E-08 4.9569994E-08 2.8177256E-08 3.9103597E-08 4.4141132E-08 4.0932900E-08 2.3020336E-08 3.3528551E-08 3.6228613E-08 1.5806943E-08 1.9040005E-08 2.6656762E-08 2.9581784E-08 2.1747038E-08  307.3545 305.5707 303.2216 300.6955 304.4475 302.0948 300.9357 300.8683 302.5491 300.4455 299.4868 289.9685 300.7327 298.3007 297.4696 298.2074  29471
2003 2.2310935E-08 3.0021489E-08 3.7947355E-08 5.4371501E-08 2.7387898E-08 4.1672784E-08 4.8038302E-08 4.3090424E-08 2.5155611E-08 3.8181305E-08 3.8511828E-08 1.5651715E-08 2.3274044E-08 3.2678074E-08 3.4738690E-08 2.6996034E-08  305.6933 303.9169 302.2312 300.3816 304.1459 302.0177 301.0517 301.0689 302.8570 300.8725 300.0529 289.8060 300.6630 298.3537 297.6038 298.4906  28209.7
2004 2.2374383E-08 2.6785983E-08 3.2498381E-08 4.5857846E-08 2.5237011E-08 3.7173159E-08 4.2555907E-08 4.2000110E-08 2.6604003E-08 3.8142396E-08 4.0743128E-08 1.9642936E-08 2.4835352E-08 3.2365055E-08 3.4490185E-08 2.4968276E-08  307.3007 305.8489 303.5471 301.0518 304.7034 302.2338 301.1288 300.9564 302.4838 300.3772 299.3074 289.8090 300.4691 298.0741 297.2388 298.0819  16396.8
2005 2.1387901E-08 2.6203390E-08 3.4506019E-08 4.9106866E-08 2.5882994E-08 3.5736857E-08 4.0566704E-08 3.7006650E-08 2.4572959E-08 3.5476113E-08 3.8031409E-08 1.9678145E-08 2.2224862E-08 3.3678731E-08 3.4985234E-08 2.4622267E-08  307.0888 305.5858 303.3585 301.0140 304.6386 302.3925 301.2986 301.3207 302.8053 300.6210 299.5643 289.8994 300.7379 298.1006 297.2352 297.9991  33345.2
2006 2.3733955E-08 2.8964052E-08 3.4559068E-08 5.0938414E-08 2.8885861E-08 4.0193157E-08 4.2732108E-08 4.4350223E-08 2.2269489E-08 3.5220928E-08 3.5906680E-08 1.6888848E-08 2.3169745E-08 3.1077715E-08 3.2628151E-08 2.5718951E-08  306.5205 305.0131 302.9652 300.5879 303.9847 301.7686 300.9097 300.7764 302.2823 300.1966 299.3334 289.7161 300.3727 297.8184 297.0608 297.8377  41877.4
2007 2.0323654E-08 2.6996702E-08 3.5544581E-08 4.9173455E-08 2.6771287E-08 4.0758607E-08 4.8330726E-08 4.5345335E-08 2.5157300E-08 3.9986109E-08 4.0559097E-08 1.9273497E-08 2.3633708E-08 3.1776921E-08 3.3776555E-08 2.5410316E-08  307.2922 305.4822 303.2189 301.0219 304.5269 302.2347 301.1477 301.0244 302.8709 300.6492 299.6744 289.8216 300.7000 298.2305 297.5862 298.5752  30300
2008 2.5656917E-08 2.9159015E-08 3.5569151E-08 5.2034572E-08 2.5218576E-08 3.2137901E-08 3.6996450E-08 3.8185409E-08 1.9143576E-08 2.9280924E-08 3.2176235E-08 1.4706772E-08 1.9423686E-08 2.9123740E-08 3.1181386E-08 2.2047621E-08  307.3981 305.7089 303.3727 300.7892 304.8369 302.3790 301.1843 301.1709 302.6775 300.8080 299.9715 289.8057 300.4996 298.2542 297.6818 298.5310  35290.3
2009 2.3106661E-08 2.6009076E-08 3.2485033E-08 4.6412381E-08 2.2489671E-08 3.1534093E-08 3.8435406E-08 3.9247393E-08 2.0630337E-08 3.3086614E-08 3.4281207E-08 1.6681605E-08 1.9391878E-08 2.7423043E-08 3.0198724E-08 2.4057472E-08  307.9633 306.2699 303.6264 301.0201 305.3954 302.8080 301.5266 301.2256 302.9911 300.7831 299.7518 289.8026 300.9221 298.3125 297.4606 298.0931  29474.2
2010 1.9224736E-08 2.2929569E-08 2.9998642E-08 4.2589871E-08 2.5620226E-08 3.4451556E-08 3.9971702E-08 3.9083019E-08 2.6585283E-08 3.8363243E-08 3.7104208E-08 1.7243170E-08 2.4832691E-08 3.6634674E-08 3.5565446E-08 2.6534934E-08  0.0000000E+00 0.0000000E+00 0.0000000E+00 0.0000000E+00 0.0000000E+00 0.0000000E+00 0.0000000E+00 0.0000000E+00 0.0000000E+00 0.0000000E+00 0.0000000E+00 0.0000000E+00 0.0000000E+00 0.0000000E+00 0.0000000E+00 0.0000000E+00  29925.8
2011 1.8460307E-08 2.3655877E-08 3.0387877E-08 4.1419000E-08 2.0915204E-08 3.0557800E-08 3.4573219E-08 3.1786527E-08 1.7470402E-08 2.6045619E-08 2.7486236E-08 1.3045248E-08 2.0758248E-08 2.8476300E-08 2.8789986E-08 2.2148026E-08  308.8088 307.1074 304.4930 301.6069 305.5932 302.8156 301.6376 301.7350 302.9560 301.0892 300.2415 289.8815 300.8604 298.5580 298.0038 298.8524  50793.5
2012 2.0577465E-08 2.3825704E-08 3.1084973E-08 4.2886914E-08 2.4010276E-08 3.3318234E-08 3.8296790E-08 3.4692807E-08 2.1692815E-08 3.1900363E-08 3.2430371E-08 1.6668130E-08 1.9974124E-08 2.8325703E-08 2.9046616E-08 2.1086480E-08  307.8365 306.0689 303.3942 301.1412 304.7197 302.1035 301.0880 301.1070 302.6396 300.4912 299.5157 289.9101 300.6225 298.1094 297.5153 298.3725  26487.1
2013 2.5220407E-08 2.9606900E-08 3.5451404E-08 5.0304894E-08 2.8052087E-08 3.9452679E-08 4.5539878E-08 4.4096630E-08 2.4559727E-08 3.4647901E-08 3.6077591E-08 1.6986800E-08 2.1055417E-08 2.7407136E-08 2.8652950E-08 2.3264644E-08  307.0773 305.3058 303.0376 300.8089 304.4744 302.1848 301.2054 301.0320 302.6417 300.5513 299.6148 289.9775 300.5627 298.0816 297.3236 298.0714  18687.1
2014 2.1419536E-08 2.4871202E-08 2.9489136E-08 4.2732957E-08 2.4635971E-08 3.4748524E-08 4.2412410E-08 3.8801321E-08 2.4401638E-08 3.4973532E-08 3.5540172E-08 1.7335134E-08 2.2778094E-08 2.8370767E-08 2.8925893E-08 2.2362928E-08  307.7676 306.1577 303.7922 301.3866 304.9437 302.5045 301.5033 301.3990 302.8019 300.7252 299.7431 289.7623 300.9771 298.4871 297.5597 298.1405  25641.9
2015 2.3026425E-08 2.5434550E-08 3.2776047E-08 4.4315584E-08 2.5697442E-08 3.4503707E-08 4.0775944E-08 3.8343828E-08 2.3172742E-08 3.3677711E-08 3.5633807E-08 1.8123208E-08 2.0844412E-08 2.8521123E-08 3.0358009E-08 2.2319981E-08  307.5550 305.9024 303.5839 301.2932 305.1638 302.6985 301.5204 301.4185 303.3682 301.0690 299.9952 289.7993 301.1586 298.5377 297.5956 298.2851  34154.8
