STN,prec_1,prec_2,prec_3,prec_4,prec_5,prec_6,prec_7,prec_8,prec_9,prec_10,prec_11,prec_12,prec_13,prec_14,prec_15,prec_16,st_1,st_2,st_3,st_4,st_5,st_6,st_7,st_8,st_9,st_10,st_11,st_12,st_13,st_14,st_15,st_16,06.0
LAT,37.67308,37.67308,37.67308,37.67308,40.46365,40.46365,40.46365,40.46365,43.25420,43.25420,43.25420,43.25420,46.04472,46.04472,46.04472,46.04472,37.67308,37.67308,37.67308,37.67308,40.46365,40.46365,40.46365,40.46365,43.25420,43.25420,43.25420,43.25420,46.04472,46.04472,46.04472,46.04472,41.78058635
LON,-95.62500,-92.81250,-90.00000,-87.18750,-95.62500,-92.81250,-90.00000,-87.18750,-95.62500,-92.81250,-90.00000,-87.18750,-95.62500,-92.81250,-90.00000,-87.18750,-95.62500,-92.81250,-90.00000,-87.18750,-95.62500,-92.81250,-90.00000,-87.18750,-95.62500,-92.81250,-90.00000,-87.18750,-95.62500,-92.81250,-90.00000,-87.18750,-90.252073
1958 2.6958334E-08 2.9750916E-08 3.8090960E-08 4.9104933E-08 4.0471040E-08 4.7806285E-08 4.8480373E-08 4.3431125E-08 3.9368000E-08 5.0154870E-08 4.7323571E-08 2.8041274E-08 3.9818978E-08 4.6628266E-08 4.6115968E-08 3.5086966E-08  301.4958 300.7646 299.9452 298.4377 299.8165 298.4196 297.9569 297.8870 297.7307 295.9200 295.2073 283.4806 295.2508 292.9804 292.2397 292.8028  33576.7
1959 2.7371046E-08 3.3022427E-08 4.0780769E-08 5.4345833E-08 3.5669714E-08 4.8348973E-08 5.3538656E-08 5.0756629E-08 4.2494626E-08 5.9627581E-08 5.4405643E-08 2.8886422E-08 3.8829054E-08 4.6551666E-08 4.4668969E-08 3.3348726E-08  301.9058 300.8968 299.8773 298.2979 300.5119 299.0554 298.3387 298.0848 298.4901 296.5417 295.8810 283.4806 296.3173 293.9658 293.1913 293.6871  39063.3
1960 2.6747385E-08 3.0464051E-08 3.6985689E-08 4.6708443E-08 3.9437008E-08 4.6872806E-08 4.6632668E-08 4.4286185E-08 3.5485748E-08 4.7099991E-08 4.7057657E-08 2.8390627E-08 3.1135013E-08 4.0232763E-08 4.1212736E-08 3.2849421E-08  302.3703 301.2660 300.1597 298.6406 300.2543 298.6977 298.1307 297.9451 298.4106 296.6942 295.8847 283.4806 295.9263 293.6314 292.8843 293.3489  73010
1961 2.6416991E-08 3.1001171E-08 3.7662666E-08 5.0881784E-08 4.1699650E-08 5.2168602E-08 5.6112636E-08 5.0036547E-08 4.3388049E-08 5.9634878E-08 5.7364826E-08 3.6833779E-08 3.4562575E-08 4.4123521E-08 4.3963716E-08 3.5496068E-08  302.7065 301.4890 300.1962 298.6326 300.5299 298.7099 297.8144 297.6029 298.3106 296.0472 294.9484 283.4806 295.6838 293.1790 292.2105 292.5827  37796.7
1962 2.5040924E-08 2.5601558E-08 3.3019035E-08 4.7107196E-08 3.5034141E-08 4.5049578E-08 4.9111147E-08 4.5165098E-08 3.9689183E-08 5.2169632E-08 4.9053028E-08 2.9739230E-08 3.4258143E-08 4.2473573E-08 4.1018364E-08 3.0164344E-08  302.6884 301.3987 300.1373 298.6156 300.6272 298.8361 298.0424 297.9370 298.4841 296.5588 295.6338 283.4805 296.1990 293.8660 293.0812 293.6750  83146.7
1963 3.1511931E-08 3.2393306E-08 3.6145881E-08 4.3818087E-08 3.8091898E-08 4.8545022E-08 4.6968484E-08 4.3141771E-08 4.2822844E-08 5.7311158E-08 5.6093388E-08 3.3357832E-08 3.6798681E-08 4.7244047E-08 4.6840164E-08 3.6448121E-08  301.6882 300.5954 299.6215 298.2487 299.8757 298.1483 297.4265 297.2849 297.4182 295.3856 294.4998 283.4806 294.9395 292.6786 291.7632 292.2378  47170
1964 2.4797068E-08 2.9526600E-08 3.7081271E-08 4.8978748E-08 4.0306013E-08 4.9645696E-08 4.9391261E-08 4.5314007E-08 4.1246068E-08 5.7361920E-08 5.4151471E-08 3.0996464E-08 3.7983121E-08 4.6674671E-08 4.5364853E-08 3.5506666E-08  303.0397 301.6251 300.2990 298.7899 300.5027 298.7528 298.0762 297.9792 298.2547 296.2255 295.3481 283.4806 295.6465 293.4713 292.6695 293.1049  28940
1965 3.0035295E-08 3.1266826E-08 3.8182570E-08 4.8976478E-08 3.2409872E-08 4.1380058E-08 4.3537248E-08 3.9373639E-08 3.5376647E-08 4.6394696E-08 4.3195875E-08 2.5825509E-08 3.2407524E-08 4.1604842E-08 4.0789772E-08 3.2559640E-08  301.4440 300.6003 299.5198 297.9381 300.0213 298.3156 297.5437 297.3375 298.0191 296.0761 295.1884 283.4806 295.6224 293.2584 292.4663 292.8155  89766.7
1966 3.2018608E-08 3.5393548E-08 4.2487049E-08 5.1664454E-08 4.1622677E-08 5.2681369E-08 5.2441504E-08 4.4623402E-08 3.7034166E-08 4.9588298E-08 4.8464386E-08 2.5124466E-08 3.2059127E-08 3.9770647E-08 3.8452956E-08 3.0003203E-08  300.9468 299.9084 298.9778 297.5765 299.3031 297.7360 297.0069 296.8779 297.5921 295.5784 294.8104 283.4806 295.5794 293.3168 292.5617 293.1080  48733.3
1967 3.1666424E-08 3.4646892E-08 4.0803812E-08 5.4973967E-08 4.0813468E-08 5.0822958E-08 5.3397379E-08 4.8675052E-08 3.8763265E-08 5.2416674E-08 4.8946585E-08 2.8599876E-08 3.0133265E-08 3.7943050E-08 3.6191210E-08 2.7765012E-08  301.5693 300.4616 299.3750 297.9217 299.6896 297.9470 297.2401 297.0864 298.0912 295.8199 294.7617 283.4806 295.8853 293.4102 292.5894 293.0791  62373.3
1968 3.0160361E-08 3.1126920E-08 3.7538115E-08 4.8095483E-08 4.1068041E-08 4.7819281E-08 4.6890481E-08 4.2623586E-08 3.8479534E-08 5.0109268E-08 4.8767564E-08 2.9467863E-08 3.5947284E-08 4.5995620E-08 4.5224898E-08 3.5667288E-08  301.7525 300.8513 299.7120 298.1445 299.8527 298.1511 297.4210 297.2273 297.7990 295.6623 294.6084 283.4806 295.1813 292.7399 291.7998 292.2618  72153.3
1969 2.2900053E-08 2.5725136E-08 3.3867295E-08 4.4232387E-08 2.9780720E-08 4.0555683E-08 4.3189488E-08 3.8937575E-08 3.7152148E-08 4.8413003E-08 4.6296808E-08 2.6734641E-08 3.8084174E-08 4.6412243E-08 4.6546269E-08 3.6981486E-08  302.6231 301.4972 300.2770 298.6457 300.5197 298.8699 298.1787 298.0967 298.1981 296.3477 295.5782 283.4806 295.6515 293.3510 292.5781 293.1635  56343.3
1970 2.4879300E-08 2.7138970E-08 3.5606799E-08 4.8939750E-08 3.2153796E-08 4.1539895E-08 4.5708223E-08 4.3050548E-08 3.6079161E-08 5.1036281E-08 4.8310380E-08 2.8159945E-08 3.4584268E-08 4.4173142E-08 4.6297359E-08 3.7887840E-08  301.7654 300.8240 299.8649 298.2937 300.1472 298.6596 297.9571 297.7116 298.1339 296.2045 295.5315 283.4806 295.4636 293.3138 292.5049 292.9983  66223.3
1971 2.6102663E-08 2.7888744E-08 3.3258882E-08 4.7604871E-08 3.3846629E-08 4.5188560E-08 4.6240086E-08 4.1185679E-08 3.5483847E-08 4.9341114E-08 4.9861381E-08 2.8689467E-08 3.2777297E-08 4.0827498E-08 3.9661703E-08 3.0585284E-08  302.6994 301.7003 300.3959 298.5288 300.5492 298.7611 297.9254 297.7504 298.1624 296.1308 295.1489 283.4806 295.3691 292.9814 292.0927 292.6727  65326.7
1972 2.5732286E-08 2.8304598E-08 3.6908656E-08 4.8057640E-08 3.5508627E-08 4.3929528E-08 4.3997595E-08 3.8331621E-08 3.7354457E-08 4.8164914E-08 4.3573163E-08 2.3739322E-08 3.4345838E-08 4.2518746E-08 4.1963130E-08 3.1514876E-08  301.3521 300.3324 299.2397 297.7063 299.8292 298.1447 297.3671 297.2299 297.9405 295.9342 295.0969 283.4806 295.5711 293.2339 292.4301 293.1139  51146.7
1973 3.2331393E-08 3.7992525E-08 4.6137806E-08 5.7105016E-08 4.0568580E-08 5.1907740E-08 5.2933281E-08 4.6234348E-08 3.6355928E-08 4.4739160E-08 4.4125908E-08 2.3580322E-08 3.1269529E-08 3.8737213E-08 3.7090469E-08 2.8423909E-08  301.3696 300.3255 299.3557 297.9457 299.6555 298.1658 297.6229 297.6877 297.9095 296.4287 295.8164 283.4806 295.7478 293.6938 293.1592 293.8161  88663.3
1974 3.1917587E-08 3.2317885E-08 3.8681819E-08 5.0162008E-08 3.9666691E-08 4.9506930E-08 5.0132513E-08 4.6796906E-08 3.7350059E-08 4.7974808E-08 4.7553954E-08 2.8585676E-08 3.0822157E-08 3.9987686E-08 4.1591168E-08 3.3705224E-08  301.3784 300.3767 299.2756 297.6913 299.2326 297.6643 297.0713 296.8314 297.3360 295.4810 294.5821 283.4806 295.1557 292.8517 292.1313 292.6660  99990
1975 2.6417647E-08 2.8405314E-08 3.4196070E-08 4.8098233E-08 3.2510670E-08 4.3751434E-08 4.6261075E-08 4.2650253E-08 3.7150691E-08 5.0168129E-08 4.8009070E-08 2.9891154E-08 3.4744897E-08 4.4250736E-08 4.5297718E-08 3.7602717E-08  303.1573 301.9622 300.4778 298.8438 300.9529 299.2610 298.4077 298.2456 298.5538 296.6669 295.6494 283.4806 295.6900 293.3796 292.4447 292.7689  68553.3
1976 2.9437286E-08 3.2718383E-08 4.1721304E-08 5.2736826E-08 3.9752798E-08 5.0876370E-08 5.3779495E-08 5.0518899E-08 3.8614171E-08 5.1280917E-08 4.8948312E-08 2.9064509E-08 3.5009467E-08 4.5011738E-08 4.4856332E-08 3.3807332E-08  302.0681 300.8937 299.7096 298.0497 299.9966 298.1834 297.4427 297.2711 297.7770 295.7375 294.9917 283.4806 295.2930 293.1971 292.5095 293.0800  25643.3
1977 3.0654515E-08 3.3146755E-08 3.9988759E-08 5.1239823E-08 3.6759559E-08 4.2827470E-08 4.5330282E-08 4.2515143E-08 2.9539667E-08 3.8951033E-08 3.9132065E-08 2.3188955E-08 2.8211645E-08 3.6667316E-08 3.5451507E-08 2.6241878E-08  301.6434 300.6528 299.6337 298.0662 300.0697 298.5200 297.8608 297.6384 298.3222 296.7251 295.9610 283.4806 296.0427 293.8554 293.4017 294.2013  22726.7
1978 2.4171785E-08 2.5132296E-08 3.3287119E-08 4.6352813E-08 3.1693524E-08 4.3259753E-08 4.5381555E-08 4.2383974E-08 3.6813301E-08 5.0083372E-08 4.7544333E-08 2.7590886E-08 3.8689489E-08 4.6578055E-08 4.3912372E-08 3.5524419E-08  302.7533 301.4603 300.2276 298.7182 300.9722 298.9570 298.1690 297.9249 298.8419 296.6578 295.5797 283.4806 296.1844 293.7198 292.8154 293.2188  60866.7
1979 2.7118332E-08 3.3161463E-08 4.1615195E-08 5.1019324E-08 3.9644419E-08 5.0259334E-08 5.1451913E-08 4.7490904E-08 4.2395321E-08 5.7507947E-08 5.2253927E-08 3.2899365E-08 3.5205229E-08 4.3255024E-08 4.1656147E-08 3.2918869E-08  301.4255 300.4159 299.3866 297.8909 299.6745 298.1107 297.3613 297.0484 297.6208 295.6121 294.7189 283.4806 295.2146 292.8571 291.9750 292.3622  79620
1980 2.9122292E-08 3.3678848E-08 4.2231900E-08 5.2361990E-08 4.0596124E-08 4.8246289E-08 5.0967373E-08 4.4443624E-08 4.0996522E-08 5.1143942E-08 4.7327539E-08 2.3789580E-08 3.9723854E-08 4.7101000E-08 4.1318348E-08 3.1856050E-08  301.4827 300.6425 299.6995 298.1959 299.8826 298.4943 297.9529 297.9124 297.9666 296.3817 295.7767 283.4806 295.5549 293.4228 292.9458 293.7065  61640
1981 2.5119130E-08 2.8850813E-08 3.7019145E-08 4.8910287E-08 3.0133265E-08 4.1103284E-08 4.4350102E-08 3.9638298E-08 3.6657809E-08 4.9736396E-08 5.0067012E-08 2.8778697E-08 3.5858644E-08 4.6373380E-08 4.6660094E-08 3.5940467E-08  302.9697 301.7563 300.3494 298.6503 300.9509 299.0458 298.2792 298.1402 298.6216 296.4619 295.4610 283.4805 295.8076 293.3134 292.3676 292.8368  49953.3
1982 2.9815975E-08 3.0932046E-08 3.6245858E-08 4.6131557E-08 3.2664975E-08 4.0844014E-08 4.3514522E-08 3.6743018E-08 3.3106097E-08 4.2924086E-08 4.5122547E-08 2.3343034E-08 3.5033175E-08 4.4495021E-08 4.3437797E-08 3.2525161E-08  300.7566 299.7568 298.9767 297.5383 299.6572 297.9990 297.3517 297.1491 297.8483 295.8971 294.9298 282.5189 295.0885 292.8943 292.2577 292.8884  63990
1983 2.8838954E-08 3.0421262E-08 3.8187210E-08 4.9572147E-08 3.5061074E-08 4.1651795E-08 4.2043833E-08 3.7713527E-08 3.1837683E-08 4.1749129E-08 3.9874745E-08 1.8486743E-08 2.9696187E-08 3.8377507E-08 3.8339373E-08 2.8447385E-08  299.6609 299.1571 298.6380 297.2849 298.3362 297.3730 297.1546 297.2461 297.4510 296.0966 295.6498 283.7101 295.3926 293.5760 293.1730 293.7790  58310
1984 2.5862231E-08 3.1038617E-08 4.0294751E-08 5.4897491E-08 2.8348619E-08 3.7736704E-08 4.4328775E-08 4.1447752E-08 3.0801893E-08 4.3322292E-08 4.2361624E-08 2.1703302E-08 2.9243902E-08 3.9361478E-08 3.6121261E-08 2.5950291E-08  303.1885 301.9698 300.4077 298.5925 300.9506 299.3827 298.6422 298.5482 298.9227 297.1182 296.4062 282.7480 296.4561 294.1345 293.6630 294.4395  90203.3
1985 3.2233000E-08 3.5727513E-08 4.5815813E-08 5.9602822E-08 4.0312454E-08 5.2678349E-08 5.5915638E-08 5.0253242E-08 3.7674063E-08 4.7760977E-08 4.6198888E-08 2.6999173E-08 3.3054821E-08 4.1461689E-08 4.1189477E-08 3.1371940E-08  302.1867 301.0104 299.6180 297.7223 300.3340 298.3982 297.4670 297.1566 298.0670 295.9598 294.9242 283.1143 295.4536 292.9572 291.9604 292.3556  52526.7
1986 3.1380814E-08 3.3068172E-08 4.3710987E-08 5.5663108E-08 3.3921467E-08 4.4854360E-08 4.8279730E-08 4.4749129E-08 3.3597029E-08 4.5834465E-08 4.4089390E-08 2.3477456E-08 3.0688742E-08 3.8212871E-08 3.7754052E-08 2.9069700E-08  301.1490 300.3130 299.2770 297.6755 299.9428 298.3218 297.5865 297.3805 298.1985 296.3127 295.6389 283.1916 295.8061 293.5652 292.9625 293.4904  71500
1987 2.7374623E-08 2.9939788E-08 3.8124707E-08 4.5574957E-08 2.7296954E-08 3.6149416E-08 4.0614601E-08 3.7666481E-08 3.2165957E-08 4.0586336E-08 4.0171692E-08 1.7499733E-08 3.2698733E-08 3.9044981E-08 3.8358575E-08 2.9019736E-08  300.5062 299.9002 299.1270 297.8326 299.9074 298.6143 298.1057 298.0536 298.4300 296.9007 296.2444 284.7317 296.2384 294.2278 293.5834 294.2412  38036.7
1988 2.5311415E-08 2.9825429E-08 3.6947437E-08 5.1544085E-08 3.0842497E-08 4.3849006E-08 4.9958867E-08 4.5150273E-08 3.7204039E-08 4.8811827E-08 5.0117553E-08 2.9860889E-08 3.4084973E-08 4.2909118E-08 4.2301412E-08 3.2890362E-08  303.0803 302.0538 300.6850 298.9129 300.8169 299.3188 298.5756 298.3878 298.7804 296.7862 295.9560 283.2108 296.0235 293.7418 293.0558 293.6059  15420
1989 3.2293396E-08 3.4453173E-08 3.9464961E-08 4.8937313E-08 3.0722052E-08 3.8742730E-08 4.4581775E-08 4.1153605E-08 2.9753805E-08 4.4106706E-08 4.3704279E-08 2.5515751E-08 2.9722925E-08 3.7585366E-08 3.7454953E-08 2.9645966E-08  303.2818 302.1467 300.5575 298.6446 301.4352 299.3015 298.2715 297.9394 298.9514 296.7672 295.8596 283.1931 296.1242 293.7958 293.0760 293.5307  42656.7
1990 2.5796558E-08 3.0301802E-08 3.7964465E-08 4.9972158E-08 4.0168811E-08 5.0053767E-08 5.2459949E-08 4.6309999E-08 4.2884146E-08 5.5738766E-08 5.1853689E-08 3.3439697E-08 3.7735639E-08 4.8784944E-08 4.8258329E-08 3.6599506E-08  301.7653 300.6255 299.5435 297.9743 300.1196 298.3820 297.4878 297.2875 297.9036 295.9040 295.0090 283.2091 295.4842 293.0280 292.1200 292.6717  79743.3
1991 2.8887928E-08 3.4400415E-08 4.8382642E-08 5.9347713E-08 3.8280636E-08 5.1046076E-08 5.4928250E-08 4.9690914E-08 3.5668158E-08 4.9066291E-08 4.9452328E-08 2.6430493E-08 3.5744279E-08 4.3316472E-08 4.3083229E-08 3.4097788E-08  301.2026 300.1783 299.3093 297.7975 299.8569 298.2890 297.5836 297.3466 298.2011 296.2707 295.3698 284.2356 295.6119 293.2953 292.5102 292.9890  106623
1992 3.2164301E-08 3.5891290E-08 4.6651813E-08 5.6298088E-08 3.6740147E-08 4.4197545E-08 4.6824713E-08 4.2768001E-08 3.5010057E-08 4.2512532E-08 3.7308077E-08 1.8629365E-08 3.1833622E-08 3.8098328E-08 3.6523051E-08 2.6274698E-08  299.9501 299.3971 298.7177 297.3215 299.1260 297.8168 297.3635 297.3804 297.7948 296.1826 295.7416 283.5600 295.9684 293.9526 293.4794 294.1431  37653.3
1993 2.5070005E-08 3.0467653E-08 4.0106578E-08 5.2865470E-08 3.4323865E-08 4.4489120E-08 4.6212200E-08 4.3512635E-08 4.2275140E-08 5.6954917E-08 5.1384355E-08 2.7811859E-08 4.0084458E-08 4.7438579E-08 4.6546543E-08 3.4094025E-08  301.5254 300.6617 299.7596 298.1594 300.1106 298.6213 297.9905 297.8404 297.9451 296.0935 295.4441 283.1236 295.4539 293.3156 292.6754 293.3718  141067
1994 3.4120209E-08 3.6374605E-08 4.6004320E-08 5.5522122E-08 3.5786428E-08 4.6464997E-08 4.7106408E-08 4.4133746E-08 3.6167709E-08 4.6003191E-08 4.4248008E-08 2.4527671E-08 3.3153665E-08 4.1169642E-08 4.0972569E-08 3.0702473E-08  301.0200 300.1857 299.3516 297.8956 299.8871 298.3204 297.7625 297.5804 298.1968 296.5075 295.6584 282.8681 295.9795 293.6927 292.9604 293.4520  54430
1995 2.7058023E-08 2.9632835E-08 3.5842298E-08 4.9872376E-08 3.3853453E-08 4.3070731E-08 4.7144347E-08 4.0779831E-08 3.7967350E-08 4.9680150E-08 4.4534090E-08 2.6698487E-08 3.7205023E-08 4.2880927E-08 4.0165016E-08 3.0349522E-08  302.3403 301.1295 299.8300 298.1040 300.4854 298.6539 297.7514 297.4944 298.3977 296.2755 295.3843 283.6547 295.7827 293.5200 292.7613 293.4257  70260
1996 3.0238031E-08 3.2154396E-08 3.8728839E-08 5.1235784E-08 3.6196905E-08 4.4920906E-08 4.6709246E-08 4.4027637E-08 3.6997456E-08 5.0282566E-08 4.9508820E-08 2.9452298E-08 3.3384026E-08 4.4596554E-08 4.7199514E-08 3.8315854E-08  302.3941 300.9725 299.7964 298.2688 300.3888 298.3964 297.5198 297.2981 298.2208 296.0502 294.9600 282.2422 295.5264 293.0800 291.9422 292.2785  95753.3
1997 2.3105276E-08 2.9131407E-08 3.7784005E-08 4.8353261E-08 3.7143529E-08 4.5516941E-08 4.7421469E-08 4.4232813E-08 3.9274020E-08 5.2451050E-08 4.9912178E-08 2.7527129E-08 3.3642181E-08 4.2660115E-08 4.1480227E-08 3.0809478E-08  302.0373 300.8292 299.7809 298.2163 300.3873 298.6013 297.8022 297.5278 298.1454 296.2262 295.4127 282.7837 295.6466 293.4514 292.7588 293.4110  52006.7
1998 2.5778458E-08 3.1463443E-08 4.2228177E-08 5.0115766E-08 3.4695685E-08 4.5294204E-08 4.5301558E-08 4.2344091E-08 3.1614707E-08 4.2118238E-08 4.2165436E-08 2.1338156E-08 3.2692110E-08 4.3426521E-08 4.1661352E-08 3.0063408E-08  301.0699 300.3823 299.6543 298.3178 299.6751 298.6329 298.2634 298.2493 298.3918 297.0267 296.5216 285.7521 295.8984 294.0304 293.7071 294.5860  63423.3
1999 2.2701043E-08 2.4557714E-08 3.2731013E-08 4.5049422E-08 3.1120695E-08 4.2042608E-08 4.5019483E-08 4.0689994E-08 3.4015219E-08 4.7021047E-08 4.5149420E-08 2.4420725E-08 3.1674361E-08 3.9868482E-08 3.8400376E-08 2.9370735E-08  305.2594 303.9974 301.7891 299.5662 301.7408 299.7502 298.7703 298.7055 298.7885 296.8710 296.0737 284.8337 296.3832 294.2048 293.4493 293.9410  90166.7
2000 3.1077388E-08 3.4349053E-08 3.8649993E-08 4.9342546E-08 3.8222872E-08 4.7996373E-08 4.9274103E-08 4.2438646E-08 3.6655983E-08 4.7437908E-08 4.5777110E-08 2.7027109E-08 2.9642232E-08 3.7899017E-08 3.8710368E-08 2.8434156E-08  303.3743 302.1539 300.5636 298.6468 301.1045 299.2596 298.1763 297.9963 298.7039 296.7075 295.6916 285.1236 295.9877 293.7466 293.0128 293.6092  98136.7
2001 2.6363033E-08 3.0640223E-08 3.9702282E-08 5.1500553E-08 2.7790488E-08 3.8316283E-08 4.4752813E-08 4.1900780E-08 3.0205719E-08 4.1997872E-08 3.9582009E-08 1.6707064E-08 3.0474528E-08 4.0123570E-08 3.8986883E-08 3.1345646E-08  302.0168 300.9417 299.8389 298.2553 301.1356 299.3798 298.5586 298.4509 299.4239 297.5890 296.8600 283.8558 297.0434 294.7227 293.9547 294.3607  114107
2002 3.0168199E-08 3.3951782E-08 4.0490637E-08 5.1290552E-08 3.5979820E-08 4.2735881E-08 4.4810395E-08 4.1573134E-08 3.5479648E-08 4.7508216E-08 4.4638398E-08 2.3158092E-08 3.5772633E-08 4.3641553E-08 4.5343413E-08 3.5302865E-08  301.6763 300.7872 299.8287 298.3431 300.6015 299.0323 298.2284 298.0059 298.7859 296.7368 295.8690 283.6821 296.3277 293.8715 292.8424 293.2860  83880
2003 2.5777620E-08 3.3959616E-08 4.1049422E-08 5.4659296E-08 3.8239296E-08 5.1231961E-08 5.3646030E-08 5.1064919E-08 4.1587324E-08 5.3970634E-08 5.0563635E-08 2.7311470E-08 4.0549530E-08 5.0428373E-08 4.8466088E-08 3.7636713E-08  302.1992 301.1061 300.1136 298.5806 300.5015 298.8789 298.2084 297.9656 298.5085 296.4474 295.6094 283.0862 295.8599 293.4667 292.5463 293.0233  58593.3
2004 1.9785906E-08 2.2967377E-08 3.4244209E-08 4.8721287E-08 2.8865283E-08 4.0363442E-08 4.5992206E-08 4.2431537E-08 3.6201421E-08 5.1028849E-08 4.8622464E-08 2.4600126E-08 3.7278202E-08 4.7260066E-08 4.6361329E-08 3.6239324E-08  302.4344 301.4070 300.2482 298.6004 301.2191 299.4698 298.6100 298.3722 299.1646 297.1827 296.3241 283.5340 296.3514 294.0828 293.2473 293.7271  139200
2005 2.4567621E-08 2.8125140E-08 3.4619497E-08 4.5162533E-08 4.0209233E-08 4.7716668E-08 4.8769156E-08 4.3805432E-08 3.7004810E-08 4.7146347E-08 4.5686850E-08 2.5445102E-08 3.2484770E-08 3.9124785E-08 3.9468613E-08 3.0420811E-08  301.9890 300.9270 299.7380 298.2657 299.9133 298.3048 297.5466 297.4149 298.2959 296.3959 295.4777 283.7751 295.9997 293.7864 293.0622 293.6881  70000
2006 2.3006045E-08 2.7332769E-08 3.6642263E-08 4.7590277E-08 3.3733784E-08 4.5682810E-08 4.7476579E-08 4.4029207E-08 4.4360132E-08 5.9422568E-08 5.2540848E-08 3.1893638E-08 4.5210697E-08 5.4659910E-08 5.3511723E-08 4.2255280E-08  302.9313 301.7478 300.4521 298.8940 300.8117 298.9262 298.1438 298.0314 298.2003 296.0359 295.3308 284.0530 295.2881 293.0500 292.1533 292.5756  49666.7
2007 2.1635261E-08 2.5980011E-08 3.2758845E-08 4.3061782E-08 3.4307060E-08 4.5209028E-08 4.4869012E-08 4.1678810E-08 3.7586378E-08 5.3770631E-08 5.1240992E-08 2.9625443E-08 3.7136427E-08 4.5772879E-08 4.7039943E-08 3.7638728E-08  303.6848 302.1834 300.7679 299.2205 301.8414 299.6973 298.7495 298.5701 299.3614 297.1305 296.0691 283.5728 296.5047 294.0041 292.8599 293.1093  44503.3
2008 2.9087648E-08 3.1561825E-08 3.6535599E-08 4.9728740E-08 3.2072361E-08 4.1716220E-08 4.4789413E-08 4.1394554E-08 3.4082927E-08 4.6941267E-08 4.4498766E-08 2.6438126E-08 3.0470659E-08 3.9756848E-08 4.0831992E-08 3.1848845E-08  304.2297 303.0414 301.2284 299.1082 301.6375 299.5873 298.6077 298.4889 298.9593 297.0750 296.1726 283.4980 296.3986 294.1408 293.3109 293.7632  134467
2009 2.7827678E-08 3.6448757E-08 4.6494872E-08 5.7792764E-08 3.9852971E-08 5.3158661E-08 5.6403024E-08 5.0684623E-08 3.7801954E-08 5.0240068E-08 4.7744265E-08 3.0879445E-08 3.2598219E-08 4.2050598E-08 4.2057934E-08 3.2527474E-08  302.8096 301.5707 300.1245 298.1859 300.8209 298.7043 297.6574 297.1972 298.2534 295.9764 294.8787 282.9453 295.5726 293.1715 292.1725 292.5281  43526.7
2010 1.9395920E-08 2.4407735E-08 3.1032421E-08 4.1786585E-08 3.2969098E-08 4.4533007E-08 4.5546461E-08 4.1366228E-08 3.8968054E-08 5.2590149E-08 5.2117251E-08 3.1966195E-08 3.7614800E-08 4.6851003E-08 4.6246235E-08 3.6574697E-08  302.6546 301.4719 300.4217 299.0277 300.6474 299.1346 298.3781 298.2411 298.4081 296.6026 295.7169 284.5129 295.6509 293.4813 292.7611 293.3353  61830
2011 2.0084640E-08 2.1473026E-08 2.6604853E-08 3.9827007E-08 2.9049060E-08 3.8765496E-08 4.1762100E-08 3.7291127E-08 3.7217113E-08 5.0071524E-08 5.0588550E-08 3.1869060E-08 3.3017475E-08 4.3489962E-08 4.4174818E-08 3.6043616E-08  303.0526 301.9089 300.5020 298.9201 300.6107 298.8685 298.1117 298.0744 298.1134 296.1932 295.3727 283.0410 295.5842 293.2516 292.5687 293.1171  99496.7
2012 2.0360474E-08 2.3633335E-08 3.4255752E-08 4.7279741E-08 3.1969403E-08 4.3445304E-08 4.6818634E-08 4.3321869E-08 3.4711785E-08 4.6615789E-08 4.6438615E-08 2.6866784E-08 3.4884728E-08 4.2820314E-08 4.1241833E-08 3.3155843E-08  303.3119 302.3015 300.9994 299.2237 301.1400 299.3909 298.6240 298.4800 298.9467 297.0570 296.1939 286.3000 296.1669 293.9752 293.1694 293.5770  90500
2013 2.5785583E-08 3.0294977E-08 3.9309569E-08 5.2200676E-08 3.1535407E-08 4.2884228E-08 4.7775004E-08 4.4761535E-08 3.7079580E-08 5.2423271E-08 5.0893302E-08 2.8052977E-08 3.6680618E-08 4.5228870E-08 4.5872863E-08 3.5329144E-08  303.0308 301.9628 300.7816 299.0959 301.1782 299.4750 298.7904 298.8035 298.8896 297.0394 296.2878 284.0183 296.2486 293.9597 293.1898 293.8476  136863
2014 2.5894193E-08 3.1212348E-08 3.8004050E-08 5.0504330E-08 3.3210252E-08 4.1919726E-08 4.3530886E-08 3.9242103E-08 3.5207758E-08 4.6355410E-08 4.2426166E-08 2.0782458E-08 2.9661690E-08 3.9512734E-08 3.5472507E-08 2.6589642E-08  301.9748 300.9561 300.0029 298.3980 300.5605 298.9000 298.1561 298.1215 298.4887 296.6259 295.9208 282.7847 296.3498 294.1075 293.5616 294.2965  129933
2015 2.7842340E-08 3.0880781E-08 3.6378406E-08 4.8098727E-08 3.0166930E-08 3.7020168E-08 4.1485155E-08 3.8128885E-08 3.3456576E-08 4.0452413E-08 3.8803179E-08 1.8828255E-08 3.2907113E-08 4.2775600E-08 4.1964263E-08 3.1528110E-08  302.0091 301.2524 300.2687 298.7924 300.9227 299.5241 298.9008 298.9229 299.2667 297.6135 296.9985 283.5401 296.8073 294.6311 294.0867 294.6948  90580
