STN,prec_1,prec_2,prec_3,prec_4,prec_5,prec_6,prec_7,prec_8,prec_9,prec_10,prec_11,prec_12,prec_13,prec_14,prec_15,prec_16,st_1,st_2,st_3,st_4,st_5,st_6,st_7,st_8,st_9,st_10,st_11,st_12,st_13,st_14,st_15,st_16,07.0
LAT,37.67308,37.67308,37.67308,37.67308,40.46365,40.46365,40.46365,40.46365,43.25420,43.25420,43.25420,43.25420,46.04472,46.04472,46.04472,46.04472,37.67308,37.67308,37.67308,37.67308,40.46365,40.46365,40.46365,40.46365,43.25420,43.25420,43.25420,43.25420,46.04472,46.04472,46.04472,46.04472,41.78058635
LON,-95.62500,-92.81250,-90.00000,-87.18750,-95.62500,-92.81250,-90.00000,-87.18750,-95.62500,-92.81250,-90.00000,-87.18750,-95.62500,-92.81250,-90.00000,-87.18750,-95.62500,-92.81250,-90.00000,-87.18750,-95.62500,-92.81250,-90.00000,-87.18750,-95.62500,-92.81250,-90.00000,-87.18750,-95.62500,-92.81250,-90.00000,-87.18750,-90.252073
1958 1.9916243E-08 2.4590221E-08 3.3375571E-08 4.7209010E-08 2.7159027E-08 3.6959506E-08 4.0543792E-08 4.0906002E-08 2.6748383E-08 3.7163520E-08 3.7971148E-08 2.1269416E-08 2.4918847E-08 3.2582321E-08 3.4907483E-08 2.6841022E-08  307.2951 305.7410 303.8362 301.6669 304.6238 302.4716 301.6519 301.6641 302.9519 300.7946 299.8014 289.7933 300.7912 298.3275 297.4864 298.2782  36438.7
1959 2.3510479E-08 2.8591325E-08 3.5869139E-08 4.8743175E-08 2.5894749E-08 3.7421376E-08 4.4506564E-08 4.5316387E-08 2.1017529E-08 3.3230489E-08 3.6837054E-08 1.6640703E-08 1.9995323E-08 2.7015325E-08 3.1333343E-08 2.4268465E-08  306.5509 304.8459 302.7004 300.5641 304.1165 302.1415 301.1355 300.9238 302.6543 300.6656 299.6141 289.7932 300.7051 298.2627 297.4769 298.1717  33483.9
1960 2.5839777E-08 2.9946612E-08 3.7824623E-08 5.2611369E-08 2.4259130E-08 3.3330590E-08 4.0590134E-08 4.0512656E-08 2.2495520E-08 3.3328512E-08 3.4648178E-08 1.6090800E-08 2.0825516E-08 2.7967495E-08 2.9475791E-08 2.1308068E-08  307.3375 305.7535 303.5424 301.1288 304.7503 302.4804 301.4771 301.4482 302.8909 300.9536 300.0600 289.7932 300.9044 298.4382 297.7847 298.5684  38464.5
1961 2.4448804E-08 2.7404100E-08 3.1543255E-08 4.5934925E-08 2.7868596E-08 3.6541593E-08 4.0932793E-08 4.2228130E-08 2.5093849E-08 3.8627729E-08 4.1563748E-08 1.8497561E-08 2.1053477E-08 3.0979969E-08 3.2651361E-08 2.2988848E-08  306.7522 305.3317 303.2243 300.8819 304.1880 302.0026 300.9883 300.8311 302.3102 300.1939 299.2345 289.7932 300.1375 297.6441 296.9497 297.8466  22329
1962 2.8738400E-08 3.0367588E-08 3.5365037E-08 4.6912099E-08 2.6374837E-08 3.9640558E-08 4.4146343E-08 4.2629409E-08 2.1284913E-08 3.4312485E-08 3.5627849E-08 1.6448626E-08 2.1199195E-08 2.9881548E-08 3.3401761E-08 2.3416842E-08  306.5821 304.9644 302.7964 300.5761 304.2912 302.0406 300.9895 300.7937 302.5706 300.4649 299.4573 289.7932 300.5951 298.0149 297.1988 298.0326  52983.9
1963 2.9496185E-08 3.3842582E-08 4.0080618E-08 5.4754437E-08 2.7572364E-08 3.9905846E-08 4.6922327E-08 4.3928502E-08 2.4193486E-08 3.6252693E-08 3.7492061E-08 1.6636873E-08 2.2616556E-08 3.2321196E-08 3.2530004E-08 2.2980544E-08  306.2106 304.5920 302.7378 300.6730 304.3729 302.2496 301.0968 300.9982 302.3463 300.2247 299.3014 289.7932 300.0519 297.7388 297.0726 297.8830  26061.3
1964 2.8998794E-08 3.4479253E-08 4.1022396E-08 5.2978724E-08 2.6761995E-08 3.7454836E-08 4.2784194E-08 4.0650477E-08 2.0005521E-08 3.0046110E-08 3.3235679E-08 1.4877483E-08 1.9955085E-08 2.8675974E-08 3.0716585E-08 2.1904922E-08  306.4267 304.5505 302.4434 300.3904 303.6878 301.6595 300.6910 300.6002 302.2319 300.3657 299.4528 289.7932 300.0154 297.7245 297.0977 297.8772  18222.6
1965 2.8519141E-08 3.2941767E-08 4.0740844E-08 5.5536567E-08 2.9570623E-08 4.4107264E-08 5.1770908E-08 4.8601564E-08 2.1241636E-08 3.5325407E-08 3.7054015E-08 1.6201938E-08 1.8566578E-08 2.8911112E-08 3.2974903E-08 2.3262754E-08  304.9724 303.6336 301.7331 299.6017 302.9163 300.7181 299.7928 299.6908 301.4224 299.3517 298.4787 289.7932 299.5876 297.2232 296.5373 297.3708  40725.8
1966 2.8279954E-08 3.4200760E-08 4.1187494E-08 5.6371622E-08 2.8443058E-08 4.1000018E-08 4.6629321E-08 4.6291987E-08 2.4449792E-08 3.7805560E-08 3.9054346E-08 1.9030328E-08 2.2546489E-08 3.2277910E-08 3.4143021E-08 2.7171335E-08  305.3591 303.7846 301.9295 299.9943 303.5435 301.5300 300.6252 300.4807 302.2335 300.2213 299.2397 289.7932 300.1880 297.7560 296.8595 297.4173  33400
1967 2.7953154E-08 3.3440177E-08 4.2164043E-08 5.4546248E-08 2.7000027E-08 3.8598412E-08 4.3040291E-08 4.2472433E-08 1.8511313E-08 3.1003108E-08 3.5044796E-08 1.4971162E-08 1.7757969E-08 2.6924070E-08 2.9174474E-08 2.3035852E-08  305.9100 304.2433 302.1992 300.1072 303.7649 301.6735 300.7183 300.4519 302.4233 300.6107 299.5597 289.7932 300.5735 298.1318 297.4513 298.0567  59303.2
1968 3.1580697E-08 3.5444884E-08 4.3711612E-08 5.6246712E-08 2.4143837E-08 3.4301411E-08 4.2006093E-08 3.9263440E-08 1.8008157E-08 2.9224861E-08 3.1754240E-08 1.2362183E-08 2.0945356E-08 3.0854626E-08 3.2532473E-08 2.2797741E-08  305.0535 303.7532 301.9795 299.9617 303.4565 301.4769 300.6470 300.5298 302.0959 300.3193 299.5642 289.7932 299.9149 297.5780 297.0398 297.8464  92909.7
1969 2.6036211E-08 2.8921109E-08 3.4476606E-08 4.9387914E-08 3.0450018E-08 3.9233850E-08 4.6714202E-08 4.5850076E-08 2.5285768E-08 3.6866378E-08 3.6592233E-08 1.6736248E-08 2.1787534E-08 3.1707547E-08 3.2134885E-08 2.3683661E-08  307.5014 305.8330 303.7469 301.2392 304.6094 302.3051 301.2070 301.1446 302.6989 300.5422 299.5995 289.7932 300.8686 298.4950 297.6721 298.3809  74567.7
1970 2.5014339E-08 3.1967321E-08 3.9008594E-08 5.2159070E-08 2.6529705E-08 4.0373592E-08 4.8160548E-08 4.5166338E-08 2.0496691E-08 3.2671991E-08 3.3544836E-08 1.2516197E-08 2.0614639E-08 2.8764033E-08 2.7864061E-08 2.0526608E-08  306.4152 304.6994 302.6867 300.5131 304.2222 302.0813 301.1821 300.9736 302.7595 300.9893 300.1209 289.7932 300.6550 298.3959 297.7673 298.5276  27609.7
1971 2.8303177E-08 3.0825582E-08 3.6396639E-08 4.7948923E-08 2.2618350E-08 3.3416750E-08 3.9050963E-08 3.9114088E-08 1.9361810E-08 3.2701109E-08 3.7434937E-08 1.5492088E-08 2.0957032E-08 2.8845228E-08 3.3014839E-08 2.3267791E-08  306.0102 304.3910 302.4091 300.1676 303.9570 301.5804 300.6200 300.5509 302.0882 300.1421 299.0928 289.7932 299.9677 297.7167 296.9529 297.8671  42016.1
1972 3.0893492E-08 3.6048640E-08 4.3257540E-08 5.9761028E-08 3.0404127E-08 4.1518526E-08 4.7752636E-08 4.6490751E-08 2.4343558E-08 3.6169130E-08 3.5069164E-08 1.6995958E-08 2.2657902E-08 3.1684330E-08 3.3462666E-08 2.4512614E-08  305.3046 303.7608 301.8055 299.7197 303.6133 301.5130 300.4850 300.4176 301.9566 300.0264 299.1844 289.7932 299.6123 297.3386 296.6118 297.2632  43564.5
1973 2.8631826E-08 3.1231561E-08 3.6632056E-08 4.8146298E-08 2.4815527E-08 3.6531812E-08 4.1345807E-08 3.9447528E-08 1.9116150E-08 3.1412569E-08 3.2220612E-08 1.3107267E-08 1.9483929E-08 2.8707706E-08 3.1907572E-08 2.2729221E-08  305.8245 304.3474 302.5932 300.5518 303.7457 301.8728 300.9551 300.9951 302.1721 300.3969 299.6398 289.7932 300.0620 297.7086 297.0478 297.8695  35222.6
1974 2.7504715E-08 3.0022168E-08 3.7729404E-08 4.7776624E-08 2.6326394E-08 3.5508634E-08 3.9990685E-08 3.9523915E-08 2.0610130E-08 3.0009041E-08 3.3262602E-08 1.5237632E-08 2.0052054E-08 2.6966342E-08 2.9949216E-08 2.2071426E-08  305.7469 304.2570 302.2722 300.0977 303.2649 301.2776 300.4149 300.3573 301.7014 299.9876 299.0952 289.7932 299.7302 297.5548 296.9253 297.7575  38625.8
1975 2.9294199E-08 3.1819599E-08 3.3830485E-08 4.6347726E-08 2.6617716E-08 3.8607457E-08 3.9795687E-08 3.6492519E-08 2.0283599E-08 3.3123921E-08 3.5559736E-08 1.5229482E-08 2.1138430E-08 3.0716031E-08 3.2578313E-08 2.4905750E-08  306.9366 305.4185 303.0075 300.7279 304.1126 301.8271 300.8036 300.9132 302.1617 300.1961 299.2348 289.7932 300.0232 297.5948 296.8041 297.5504  68561.3
1976 2.6214389E-08 3.1219262E-08 3.6377834E-08 4.7370104E-08 2.9306337E-08 4.0623210E-08 4.3656087E-08 4.3666891E-08 2.3512255E-08 3.5895948E-08 3.7100207E-08 1.7115878E-08 2.1577515E-08 2.8239656E-08 2.8928245E-08 2.1908072E-08  306.1752 304.4569 302.4512 300.3842 303.4865 301.1815 300.2447 300.1790 301.7703 299.6057 298.6434 289.7932 299.7828 297.4835 296.8575 297.6146  19822.6
1977 2.8454460E-08 3.3299631E-08 4.1451383E-08 5.1431382E-08 3.0327843E-08 4.0944673E-08 4.5426070E-08 4.2240426E-08 2.5009097E-08 3.7492473E-08 3.8925180E-08 1.8203446E-08 2.2292559E-08 3.1597239E-08 3.3500484E-08 2.3546832E-08  306.2544 304.4922 302.2367 300.2032 303.7852 301.5995 300.6195 300.5307 301.9895 300.1516 299.2681 289.7932 299.9722 297.6516 296.9496 297.7906  24529
1978 2.5936211E-08 3.0756457E-08 3.6773578E-08 4.9896059E-08 2.7910877E-08 3.6322781E-08 4.1738261E-08 4.0594259E-08 2.0125741E-08 3.1267231E-08 3.2037555E-08 1.7066233E-08 2.0630306E-08 2.7751364E-08 2.8178425E-08 2.0751223E-08  307.0472 304.9695 302.7482 300.5800 304.4356 302.0573 301.0504 301.0587 302.4862 300.5584 299.5968 289.7932 300.4943 298.0291 297.3388 298.1161  91254.8
1979 2.6093700E-08 3.1914304E-08 4.1169205E-08 5.5585634E-08 2.6520768E-08 4.0065302E-08 4.7703917E-08 4.6181810E-08 2.3572861E-08 4.0050850E-08 3.7663131E-08 1.6861886E-08 2.5096309E-08 3.6044529E-08 3.6198887E-08 2.5611993E-08  306.2334 304.4944 302.5446 300.5166 304.3920 302.0944 301.1111 300.8332 302.9720 300.6798 299.7079 289.7932 300.5804 298.0602 297.2086 297.9366  64661.3
1980 2.7739270E-08 2.8372757E-08 3.8136374E-08 5.7316242E-08 3.2160035E-08 4.1831008E-08 4.3131358E-08 4.1941682E-08 2.5277195E-08 3.7819895E-08 3.8357054E-08 2.0103217E-08 2.4687266E-08 3.1500843E-08 3.3289428E-08 2.5246800E-08  306.6448 305.1506 302.9515 300.6930 304.2533 302.0707 301.0959 300.9975 302.3547 300.1792 299.1231 289.7932 300.1726 297.6690 296.8638 297.6690  24403.2
1981 3.0138317E-08 3.4039228E-08 3.8066474E-08 4.9895686E-08 2.0584341E-08 3.0505912E-08 3.5308293E-08 3.2928398E-08 1.7347110E-08 2.7542496E-08 3.0124717E-08 9.8650057E-09 1.7791367E-08 2.7685411E-08 2.9947334E-08 2.0921771E-08  306.5314 305.2002 303.2732 300.9192 304.6139 302.2635 301.3196 301.4437 302.6740 300.7812 300.0794 289.7932 300.7285 298.2429 297.7558 298.7654  56064.5
1982 2.8697329E-08 3.3682824E-08 4.2840103E-08 5.5575963E-08 2.9227413E-08 4.0317417E-08 4.8139448E-08 4.5701448E-08 2.3076652E-08 3.6652644E-08 3.8417642E-08 1.8364657E-08 2.1684311E-08 3.0907643E-08 3.2459834E-08 2.4633772E-08  305.6324 303.7745 302.0126 300.1182 303.7088 301.5383 300.4863 300.4289 301.9074 299.8736 298.8837 286.9288 299.5570 297.2581 296.5325 297.2077  42129
1983 2.2922530E-08 2.8128033E-08 3.8925812E-08 5.4728627E-08 3.0280354E-08 4.3199346E-08 5.1310348E-08 5.1592064E-08 2.9880944E-08 4.3372996E-08 4.2138137E-08 2.3790724E-08 2.4837936E-08 3.4898083E-08 3.4409986E-08 2.6934655E-08  305.6170 304.1063 302.4501 300.6853 303.4942 301.7420 300.8500 300.8481 302.1971 300.2009 299.4211 290.6932 299.9831 297.7994 297.2191 297.8245  72693.5
1984 2.7893112E-08 3.1192666E-08 3.6045673E-08 4.9176364E-08 2.3255726E-08 3.4183799E-08 4.1216609E-08 3.8666538E-08 1.8426780E-08 2.8724902E-08 3.1982026E-08 1.2722501E-08 1.7229400E-08 2.4552733E-08 2.9252632E-08 2.1871534E-08  306.2329 304.8171 302.5934 300.1106 304.2132 302.0228 301.1306 301.2264 302.4120 300.7632 300.1453 288.1303 300.6294 298.4658 297.9131 298.7719  87083.9
1985 2.9306474E-08 3.4629984E-08 4.0736339E-08 5.2547389E-08 2.6567415E-08 3.7857589E-08 4.3793634E-08 4.3922217E-08 1.9374951E-08 3.3560166E-08 3.5236162E-08 1.4118129E-08 2.0438993E-08 2.9905653E-08 3.3355292E-08 2.3994389E-08  305.8610 304.1216 302.2245 300.0464 303.9342 301.7350 300.7162 300.5317 302.2066 300.3648 299.4941 289.3900 300.1394 297.7056 297.0660 297.9211  45051.6
1986 3.1936587E-08 3.4421415E-08 3.9288743E-08 5.5076605E-08 2.4913746E-08 3.7101966E-08 4.5083468E-08 4.2896847E-08 1.7842467E-08 2.8871131E-08 3.3552087E-08 1.1450836E-08 1.8510477E-08 2.5155366E-08 2.9016441E-08 2.1667319E-08  304.6863 303.5179 301.9107 299.9000 303.3982 301.4864 300.7081 300.5712 302.0652 300.3908 299.6736 289.0006 300.1828 298.0902 297.4760 298.2523  69712.9
1987 2.2782137E-08 3.0790531E-08 4.2567848E-08 5.7200456E-08 2.5573849E-08 3.6678273E-08 4.5018133E-08 4.4338211E-08 2.4590779E-08 3.5650274E-08 3.6962692E-08 1.6666114E-08 2.2538401E-08 3.2050238E-08 3.4039267E-08 2.5446612E-08  306.0118 304.6176 302.7282 300.7250 304.1913 302.2358 301.3070 301.3772 302.3192 300.4292 299.6926 292.8028 300.4366 298.1443 297.3911 298.1746  29867.7
1988 2.3273197E-08 2.6030065E-08 3.0316610E-08 4.0696538E-08 2.1914261E-08 3.1894206E-08 3.4905796E-08 3.2620346E-08 1.8548876E-08 2.9431614E-08 3.1221084E-08 1.0415869E-08 1.9220428E-08 2.7714036E-08 3.0790790E-08 2.2911907E-08  307.6291 306.2913 303.9446 301.5384 304.6054 302.6572 301.8878 301.9386 303.0957 301.3568 300.5874 290.3602 301.1149 298.9555 298.4889 299.3097  14687.1
1989 2.4285409E-08 2.7168802E-08 3.1554283E-08 4.1081346E-08 2.3453813E-08 3.2448813E-08 3.7856111E-08 3.3667614E-08 1.9758371E-08 3.1187778E-08 3.3264389E-08 1.4984774E-08 1.9876772E-08 2.7529142E-08 2.9377809E-08 2.2966304E-08  307.6445 306.1898 303.7710 301.1888 305.1614 302.5206 301.3780 301.4225 302.7024 300.6667 299.8993 289.0768 300.6223 298.3445 297.7158 298.5193  21851.6
1990 2.9540979E-08 3.4205883E-08 4.4083972E-08 5.8865844E-08 3.3261887E-08 4.4097636E-08 4.7836828E-08 4.7236060E-08 2.3364326E-08 3.5046849E-08 3.7792663E-08 1.7136870E-08 2.2358041E-08 3.1754933E-08 3.3114301E-08 2.6413217E-08  306.0229 304.2299 302.5279 300.4141 303.9258 301.8466 300.9512 300.7568 302.5233 300.4968 299.5806 289.0903 300.5565 298.0869 297.3963 298.0820  61771
1991 3.2298338E-08 3.9629981E-08 5.0789978E-08 6.7082183E-08 2.8281134E-08 4.4776449E-08 5.4807128E-08 5.2694226E-08 2.5051383E-08 3.9492825E-08 3.7312866E-08 1.5968007E-08 2.0907665E-08 3.1365904E-08 3.1172526E-08 2.4423027E-08  304.9242 303.0202 301.3611 299.5054 303.3324 301.2881 300.2887 300.1320 301.9795 299.9771 299.1465 292.8895 299.9148 297.4518 296.8899 297.6545  67967.7
1992 2.8294139E-08 3.5900033E-08 5.1779843E-08 6.9011897E-08 3.4151093E-08 4.8211884E-08 5.7684513E-08 5.5477230E-08 2.6765914E-08 3.9595115E-08 4.1040764E-08 1.7640369E-08 2.1634071E-08 2.9691131E-08 3.2009620E-08 2.4122992E-08  304.3616 302.9914 301.4350 299.5462 303.1899 301.4012 300.6207 300.5133 302.0105 300.3176 299.5866 290.5856 300.2003 298.1290 297.5065 298.2272  57090.3
1993 2.0940650E-08 2.6526058E-08 3.3470371E-08 4.7493703E-08 2.7307200E-08 3.8883147E-08 4.1598355E-08 4.1874873E-08 2.8000128E-08 3.7468361E-08 3.7782382E-08 1.8923965E-08 2.5231349E-08 3.4126348E-08 3.4313700E-08 2.6581572E-08  306.4133 304.6760 302.8626 300.8912 304.1419 302.1594 301.4622 301.5995 302.5945 300.7058 299.9324 288.7724 300.4922 298.1317 297.5125 298.2754  198871
1994 3.0172124E-08 3.3606533E-08 4.0578307E-08 5.6641039E-08 2.7725829E-08 3.8365570E-08 4.5368235E-08 4.3335948E-08 2.2078430E-08 3.3194407E-08 3.4248533E-08 1.3036393E-08 1.8579813E-08 2.7923766E-08 3.1744559E-08 2.1456172E-08  305.1346 303.7821 302.2231 300.2642 303.5448 301.7858 301.0771 301.0891 302.2504 300.5054 299.8461 288.6698 300.4317 298.2142 297.6361 298.5202  64454.8
1995 2.0815872E-08 2.4446305E-08 3.3863859E-08 4.8560292E-08 2.3696840E-08 3.5401456E-08 4.1684782E-08 3.9430819E-08 2.0523554E-08 3.4639957E-08 3.5685357E-08 1.6010997E-08 2.3057297E-08 3.2543412E-08 3.5592855E-08 2.3679696E-08  307.4951 305.9494 303.4890 301.1782 305.1322 302.7631 301.6867 301.5334 303.1636 301.0255 300.0782 291.0330 300.9541 298.5651 297.7142 298.5854  51045.2
1996 2.4917625E-08 2.9030655E-08 3.3644245E-08 4.8087578E-08 2.6223750E-08 3.5431693E-08 4.0543082E-08 3.9119669E-08 1.8500714E-08 3.0696938E-08 3.2131222E-08 1.5075912E-08 2.1901382E-08 3.0336938E-08 2.9692670E-08 2.1721618E-08  307.5545 305.5216 303.1431 300.7974 304.4664 302.0820 301.0253 300.9375 302.5957 300.4944 299.4826 287.3173 300.3634 297.8914 297.1063 297.9259  61438.7
1997 2.4987516E-08 3.1777752E-08 3.9710180E-08 5.6084456E-08 2.9510959E-08 4.2869221E-08 4.9157023E-08 4.7244406E-08 2.5575506E-08 3.8449134E-08 3.9545302E-08 2.1746986E-08 2.4660860E-08 3.2269181E-08 3.4151210E-08 2.5189113E-08  306.7253 305.0091 302.7540 300.3047 304.0916 301.7909 300.5783 300.3042 301.9812 299.8099 298.7159 288.6653 299.6335 297.2163 296.4558 297.2580  65951.6
1998 2.1723036E-08 2.7258094E-08 3.7177106E-08 5.4863619E-08 2.7371431E-08 3.9743320E-08 4.5925962E-08 4.5973611E-08 2.6276577E-08 3.9183558E-08 3.9788461E-08 1.7721016E-08 2.2363949E-08 3.2494551E-08 3.1332650E-08 2.2245507E-08  306.8123 305.3687 303.3791 301.4357 304.3413 302.7981 302.0329 302.0617 303.0806 301.2507 300.5212 292.7883 300.9199 298.7534 298.2785 299.2326  81400
1999 2.5102496E-08 2.9880194E-08 3.4413880E-08 4.5782880E-08 2.2751534E-08 3.6716553E-08 4.2170722E-08 3.7988752E-08 1.8674440E-08 3.0605090E-08 3.4485495E-08 1.5487984E-08 1.8635193E-08 2.6699295E-08 3.0265376E-08 2.1216994E-08  308.5693 307.1308 304.5813 301.5997 305.4705 302.9715 301.8638 301.9082 303.0016 301.1436 300.2011 292.4696 301.0063 298.6590 298.0308 298.9404  73693.5
2000 2.5600626E-08 2.8485298E-08 3.0539844E-08 4.3623814E-08 2.5085727E-08 3.6629682E-08 4.0156401E-08 3.8612097E-08 1.8791189E-08 2.7629278E-08 3.1325186E-08 1.4003744E-08 1.7700360E-08 2.3992916E-08 2.8974931E-08 2.0214513E-08  308.0820 306.4997 304.2586 301.4008 305.2950 302.8524 301.5141 301.4555 303.3409 301.2212 300.3205 291.4690 301.2730 298.9716 298.2751 299.1549  72300
2001 2.4743670E-08 2.9617963E-08 3.6330412E-08 4.8723237E-08 2.3014898E-08 3.5404394E-08 4.2811795E-08 3.9409059E-08 1.8830525E-08 2.9056480E-08 3.4960689E-08 1.1515294E-08 1.8557214E-08 2.7432042E-08 3.0856029E-08 2.3163334E-08  306.9216 305.2503 303.1724 301.0992 305.3109 302.9182 301.8806 302.0221 303.4547 301.4899 300.6716 290.9261 301.3183 298.9477 298.1660 298.9791  64764.5
2002 2.6358190E-08 3.1602529E-08 4.1466166E-08 5.7815164E-08 2.8180329E-08 4.3997900E-08 5.1290087E-08 4.6655479E-08 2.0531296E-08 3.4098090E-08 3.8151619E-08 1.5552326E-08 1.9124370E-08 2.8137634E-08 3.0760319E-08 2.4325656E-08  306.1582 304.5579 302.4392 300.3352 304.6871 302.1813 301.1514 301.0706 303.1063 300.9608 299.9564 290.4907 301.0056 298.5242 297.6658 298.3658  76332.3
2003 2.1738233E-08 2.5745658E-08 3.2557981E-08 4.5469669E-08 2.5892858E-08 3.7231125E-08 4.0731170E-08 3.8178367E-08 2.1918266E-08 3.4853183E-08 3.6787338E-08 1.6889112E-08 2.1739915E-08 2.9684612E-08 2.9847254E-08 2.3545036E-08  307.7393 305.9957 303.5883 301.4337 305.1424 302.7474 301.7425 301.8002 303.4123 301.2537 300.2453 288.3665 301.4295 299.0764 298.3138 298.9410  63577.4
2004 1.9972735E-08 2.4410584E-08 3.4644295E-08 4.5221334E-08 2.5105441E-08 3.4698552E-08 4.0602469E-08 3.9085794E-08 2.4912374E-08 3.5593352E-08 3.6456143E-08 1.7127942E-08 2.0733413E-08 3.0935013E-08 3.0771709E-08 2.2147313E-08  307.6039 305.7487 303.5185 301.3410 305.2632 302.7948 301.7535 301.7306 303.1233 301.1549 300.2672 289.5641 301.2654 298.7552 298.0758 298.8832  57206.5
2005 2.2269273E-08 2.7133812E-08 3.4306094E-08 4.8539658E-08 2.8262999E-08 3.8706080E-08 4.1210527E-08 3.8107448E-08 2.6564122E-08 3.8861476E-08 3.7813468E-08 1.9782762E-08 2.5757512E-08 3.4064371E-08 3.3679040E-08 2.4546296E-08  308.3074 306.5244 303.9109 301.7072 305.4013 302.8704 301.7801 301.8541 303.2585 300.9467 299.8837 291.7542 300.9407 298.2290 297.4151 298.2278  44319.4
2006 2.0364320E-08 2.4256931E-08 3.0703010E-08 4.0930598E-08 2.5468772E-08 3.5549476E-08 3.8732715E-08 3.4024325E-08 2.4968273E-08 3.5901259E-08 3.6516052E-08 1.7995903E-08 2.3088871E-08 3.2488913E-08 3.1091066E-08 2.2810976E-08  309.0336 307.0820 304.4023 302.0190 305.3446 302.6533 301.6470 301.9023 302.8480 300.8105 299.9112 292.3224 300.8328 298.3557 297.7457 298.6255  25987.1
2007 2.3937730E-08 2.8932774E-08 3.7850608E-08 5.0757649E-08 2.1485260E-08 3.4282493E-08 4.5222581E-08 4.5077726E-08 2.0530612E-08 3.2772185E-08 3.6508911E-08 1.6417465E-08 2.3067706E-08 3.2613755E-08 3.4560511E-08 2.2699673E-08  307.7513 306.1580 303.6936 301.4200 305.8347 303.0468 301.9767 301.9210 303.8822 301.6392 300.6674 291.7320 301.7957 299.2601 298.5427 299.6073  25451.6
2008 2.5361256E-08 2.9300427E-08 3.5260094E-08 4.8252382E-08 2.5716613E-08 3.3586911E-08 3.7139358E-08 3.4148670E-08 1.9343110E-08 2.9518006E-08 3.0351863E-08 1.5981694E-08 2.0776010E-08 2.8113590E-08 3.0033863E-08 2.3534120E-08  308.0293 306.4100 304.0526 301.3883 305.1944 302.4437 301.1623 301.5081 302.7983 300.4423 299.5421 288.9510 300.6242 298.1068 297.2572 298.0135  59632.3
2009 2.3959608E-08 2.8093297E-08 3.5282831E-08 5.0592988E-08 2.9919470E-08 4.3487837E-08 4.7309829E-08 4.4805869E-08 2.6769843E-08 3.9562440E-08 3.8133784E-08 1.9736804E-08 2.2598247E-08 2.8906870E-08 2.8798739E-08 2.1849349E-08  12.73972 12.68916 12.63816 12.56013 12.63529 12.56661 12.57028 12.58809 12.60148 12.52435 12.50310 12.00747 12.56550 12.45082 12.41658 12.46430  31229
2010 1.8873106E-08 2.1264661E-08 3.1992766E-08 4.6739530E-08 2.6993948E-08 3.8017003E-08 4.0207993E-08 3.8306585E-08 3.0537073E-08 4.2229590E-08 3.9518152E-08 1.9326935E-08 2.6044436E-08 3.6634368E-08 3.5358802E-08 2.4793641E-08  307.7588 305.9298 303.5164 301.5713 304.6622 302.5428 301.6118 301.6182 302.8918 300.8519 300.0249 291.9342 300.6741 298.3258 297.6406 298.5369  100881
2011 2.2512646E-08 2.6303997E-08 3.2331506E-08 4.2665071E-08 2.5791691E-08 3.6772235E-08 4.0275818E-08 3.7335514E-08 2.3210710E-08 3.4515036E-08 3.5764092E-08 1.7604656E-08 1.8975449E-08 2.7126980E-08 2.7144742E-08 1.8938191E-08  308.2592 306.6021 304.2650 301.8191 305.1487 302.5570 301.5760 301.7680 302.8994 300.7840 299.8265 289.2031 301.0707 298.6241 297.9299 298.9078  98790.3
2012 2.4629689E-08 2.9439217E-08 3.8536918E-08 5.1194210E-08 3.0039821E-08 4.1566455E-08 4.5261263E-08 4.3225985E-08 2.5794431E-08 3.9854456E-08 4.1042554E-08 2.2275682E-08 2.3440613E-08 3.3954858E-08 3.5419092E-08 2.6630484E-08  308.0282 306.3491 303.8037 301.4136 305.1225 302.7871 301.6575 301.6935 302.8243 300.6780 299.7626 293.9756 300.4832 298.0406 297.3327 298.1492  62235.5
2013 2.3904947E-08 2.9590481E-08 3.8535791E-08 4.9088300E-08 2.7832533E-08 4.0396703E-08 4.7710412E-08 4.6025178E-08 2.1885876E-08 3.3917974E-08 3.6084881E-08 1.4090567E-08 2.2005258E-08 2.9780875E-08 3.1818448E-08 2.1986319E-08  306.9200 305.3775 303.4575 301.1494 304.8466 302.6583 301.5624 301.5987 302.9252 301.0909 300.2260 290.4459 300.8548 298.5402 298.0612 299.0838  97751.6
2014 1.8755925E-08 2.5262308E-08 3.4209020E-08 4.8588767E-08 2.4684864E-08 3.7447723E-08 4.4645503E-08 4.0389523E-08 2.1518158E-08 3.2785515E-08 3.5305813E-08 1.5292805E-08 2.0352395E-08 2.8897389E-08 3.1186961E-08 2.0749971E-08  307.2916 305.6422 303.6021 301.4182 305.1684 302.9104 301.9956 302.0698 303.3099 301.4455 300.6965 287.4068 301.2513 298.9564 298.4599 299.4629  124952
2015 2.6525784E-08 3.1186346E-08 4.1625871E-08 5.2059317E-08 2.4859352E-08 3.7668912E-08 4.5531159E-08 4.5082242E-08 2.0775691E-08 3.4192752E-08 3.8903952E-08 1.5228460E-08 1.8626411E-08 2.6968561E-08 3.2756503E-08 2.4167205E-08  305.3139 304.2142 302.6074 300.6569 304.3231 302.5072 301.6810 301.6373 303.0892 301.3123 300.6796 289.3183 301.2922 299.0612 298.4587 299.4063  57454.8
