STN,prec_1,prec_2,prec_3,prec_4,prec_5,prec_6,prec_7,prec_8,prec_9,prec_10,prec_11,prec_12,prec_13,prec_14,prec_15,prec_16,st_1,st_2,st_3,st_4,st_5,st_6,st_7,st_8,st_9,st_10,st_11,st_12,st_13,st_14,st_15,st_16,02.0
LAT,37.67308,37.67308,37.67308,37.67308,40.46365,40.46365,40.46365,40.46365,43.25420,43.25420,43.25420,43.25420,46.04472,46.04472,46.04472,46.04472,37.67308,37.67308,37.67308,37.67308,40.46365,40.46365,40.46365,40.46365,43.25420,43.25420,43.25420,43.25420,46.04472,46.04472,46.04472,46.04472,41.78058635
LON,-95.62500,-92.81250,-90.00000,-87.18750,-95.62500,-92.81250,-90.00000,-87.18750,-95.62500,-92.81250,-90.00000,-87.18750,-95.62500,-92.81250,-90.00000,-87.18750,-95.62500,-92.81250,-90.00000,-87.18750,-95.62500,-92.81250,-90.00000,-87.18750,-95.62500,-92.81250,-90.00000,-87.18750,-95.62500,-92.81250,-90.00000,-87.18750,-90.252073
1958 2.7603370E-08 3.1606451E-08 3.8333408E-08 5.2497061E-08 2.7135663E-08 3.6839484E-08 4.1537337E-08 4.0342684E-08 2.3596199E-08 3.4754322E-08 3.6063732E-08 1.4793004E-08 2.3132170E-08 3.0259368E-08 3.2135777E-08 2.3781093E-08  306.0441 304.7532 303.0425 301.1715 304.0610 302.3987 301.6291 301.6097 302.7343 300.9504 300.0755 289.7923 300.4413 298.1482 297.4903 298.2856  20875
1959 2.3058240E-08 2.8117812E-08 3.5585632E-08 4.7626180E-08 2.6774906E-08 3.6686718E-08 4.1295230E-08 3.9187839E-08 2.1419153E-08 3.1629742E-08 3.3940282E-08 1.6227169E-08 2.1076227E-08 3.0321520E-08 3.1351391E-08 2.2761906E-08  307.2130 305.4918 303.3287 301.2294 304.3100 302.1432 301.1530 301.1580 302.5414 300.5678 299.6215 289.7923 300.7123 298.2682 297.4938 298.2971  15582.1
1960 2.5130003E-08 2.8326140E-08 3.5758589E-08 4.8056425E-08 2.4603823E-08 3.4208579E-08 4.0958859E-08 3.9628500E-08 2.1106594E-08 3.2838781E-08 3.5393679E-08 1.6305576E-08 2.0657737E-08 2.9023429E-08 3.1496047E-08 2.2829074E-08  306.9948 305.3345 302.9377 300.6963 304.1516 302.0126 301.0858 301.0421 302.2425 300.2328 299.4069 289.7922 300.0825 297.8514 297.2416 298.1119  25706.9
1961 2.6864154E-08 3.2916287E-08 3.9461131E-08 5.2395997E-08 2.5190143E-08 3.5719893E-08 4.0144506E-08 3.6839243E-08 2.1347018E-08 3.2646874E-08 3.1613677E-08 1.4053591E-08 2.1576801E-08 3.0916063E-08 3.1850913E-08 2.2327212E-08  307.0218 305.3761 303.2228 300.9646 304.4492 302.3174 301.4254 301.3940 302.6891 300.7388 299.9955 289.7923 300.5377 298.1604 297.6976 298.5774  22003.6
1962 2.2848697E-08 2.5835286E-08 3.2625383E-08 4.4006448E-08 2.7183647E-08 3.8186023E-08 4.4071182E-08 4.1232070E-08 2.3028001E-08 3.3577024E-08 3.5205744E-08 1.7561991E-08 2.0631726E-08 2.7461606E-08 3.0460697E-08 2.1329701E-08  307.1912 305.4475 303.0804 301.0036 304.5001 302.1183 301.0652 301.0300 302.6241 300.6003 299.6755 289.7923 300.6978 298.3515 297.5141 298.3032  21142.9
1963 2.4580711E-08 2.7107459E-08 3.4949316E-08 4.8723781E-08 2.5137933E-08 3.5558180E-08 4.1122156E-08 3.9813333E-08 2.2808100E-08 3.4254050E-08 3.6298982E-08 1.5986698E-08 2.0510653E-08 2.7492446E-08 3.0027095E-08 2.2906427E-08  307.2976 305.5311 303.4001 301.2219 304.6747 302.3865 301.4003 301.4185 302.5517 300.7475 299.8961 289.7923 300.5436 298.3535 297.7206 298.4327  19617.9
1964 2.1783855E-08 2.3192868E-08 3.2959012E-08 4.9141711E-08 2.5269161E-08 3.7274994E-08 4.2254140E-08 4.2010832E-08 2.4450934E-08 3.4229306E-08 3.7392411E-08 2.0801151E-08 2.7419770E-08 3.4270194E-08 3.6740410E-08 2.7930367E-08  306.8998 305.5075 303.3455 301.0917 304.2252 302.2678 301.2803 301.1480 302.5134 300.5540 299.4388 289.7923 300.2247 297.7857 296.8773 297.4988  17724.1
1965 2.6998597E-08 3.0385738E-08 3.9734559E-08 5.5677408E-08 3.2310961E-08 4.3511712E-08 4.6865072E-08 4.7326218E-08 2.6468092E-08 3.7849851E-08 3.7911331E-08 2.0560973E-08 2.0874641E-08 2.8401692E-08 3.0010661E-08 2.3865871E-08  306.3471 304.8553 302.6873 300.4276 304.0071 301.7236 300.6743 300.4911 301.9590 299.9178 298.8860 289.7923 299.6672 297.2106 296.4259 297.0972  23264.3
1966 2.5035895E-08 2.9071387E-08 3.5223003E-08 5.0907637E-08 2.8114764E-08 3.9094985E-08 4.2173387E-08 4.0693497E-08 2.3427779E-08 3.5064968E-08 3.6779326E-08 1.5791194E-08 1.9812116E-08 2.8564653E-08 3.0274684E-08 2.3400229E-08  306.5858 304.9038 302.7688 300.6521 304.2802 302.0398 301.0679 301.0554 302.6990 300.7885 299.9249 289.7923 301.0488 298.6278 297.8535 298.5760  65682.1
1967 2.8947316E-08 3.3216445E-08 3.8724743E-08 5.1699864E-08 2.9997221E-08 4.0821870E-08 4.6117901E-08 4.4379455E-08 2.2332458E-08 3.3960745E-08 3.5931919E-08 1.7989251E-08 2.3434843E-08 3.3449780E-08 3.4936196E-08 2.5209179E-08  305.6930 304.2361 302.3802 300.2082 303.3651 301.4802 300.6646 300.5411 302.0160 300.2697 299.2607 289.7923 299.8389 297.5982 296.9378 297.6421  29046.4
1968 2.7078709E-08 2.9879693E-08 3.8175216E-08 5.1194039E-08 2.6687990E-08 3.8309512E-08 4.4341125E-08 4.2039670E-08 2.1960931E-08 3.4687229E-08 3.6527560E-08 1.9772765E-08 2.3820407E-08 3.1154677E-08 3.2469707E-08 2.2753484E-08  305.8547 304.5847 302.7021 300.5951 304.0110 301.9059 300.8649 300.7439 302.3329 300.3212 299.2245 289.7923 300.1714 297.7394 296.8816 297.5677  21737.9
1969 2.1777581E-08 2.4501119E-08 3.3677903E-08 4.7459579E-08 2.7783278E-08 3.9242650E-08 4.4146123E-08 4.3749250E-08 2.8624200E-08 4.1064389E-08 4.3996998E-08 2.4422556E-08 2.2575422E-08 3.0892107E-08 3.3133514E-08 2.6156879E-08  307.1420 305.6337 303.3185 301.1471 304.4236 302.3029 301.2846 301.1049 302.6196 300.4048 299.2990 289.7923 300.4247 298.0153 297.1283 297.7245  38000
1970 2.6318359E-08 3.2764447E-08 4.0142943E-08 5.4119617E-08 2.8823017E-08 3.9579923E-08 4.4064429E-08 4.3257621E-08 2.1509976E-08 3.3427316E-08 3.7107412E-08 1.7068821E-08 2.6765182E-08 3.5963396E-08 3.7183408E-08 2.7336927E-08  306.1254 304.3738 302.3923 300.3524 303.8472 301.6663 300.6703 300.5803 302.3519 300.2455 299.2245 289.7923 300.1360 297.6498 296.8594 297.6178  26628.6
1971 2.2536939E-08 2.4727488E-08 3.0663788E-08 4.3261814E-08 2.6537442E-08 3.3214409E-08 3.8818101E-08 3.7944808E-08 2.2361244E-08 3.2927282E-08 3.5528991E-08 1.8406851E-08 2.1242844E-08 2.8981590E-08 3.1194791E-08 2.4318725E-08  307.3188 305.6752 303.1558 300.7428 304.2655 301.9584 300.8965 300.7157 302.3123 300.3309 299.3094 289.7923 300.0285 297.7167 297.1501 297.9993  39571.4
1972 2.8001551E-08 3.1569602E-08 3.9433658E-08 5.4174500E-08 2.8221940E-08 3.9474433E-08 4.5252417E-08 4.1383128E-08 2.4047951E-08 3.5318717E-08 3.7791246E-08 1.7881826E-08 1.9514673E-08 2.9584196E-08 3.0531854E-08 2.1345654E-08  306.4054 304.7000 302.5009 300.2756 303.8722 301.5586 300.4231 300.2849 302.0237 299.9984 298.9833 289.7923 300.2012 297.8328 297.0781 297.8210  24069
1973 2.4776874E-08 2.7608465E-08 3.5464854E-08 5.2399844E-08 2.9917739E-08 4.0446285E-08 4.6922086E-08 4.6320128E-08 2.3673556E-08 3.5281207E-08 3.7085648E-08 1.6312137E-08 2.1807464E-08 2.9364994E-08 2.9758887E-08 2.3271165E-08  306.1891 304.6599 302.6476 300.6535 303.9940 302.0481 301.2014 301.1676 302.5630 300.7107 299.9380 289.7923 300.4374 298.2159 297.6590 298.4710  44489.3
1974 2.8145342E-08 2.9560336E-08 3.4330171E-08 4.6316273E-08 2.2378190E-08 3.1505021E-08 3.5845268E-08 3.5068865E-08 1.7074928E-08 2.7682066E-08 3.0688710E-08 1.3352186E-08 1.8543375E-08 2.6954833E-08 2.9482779E-08 2.1664235E-08  306.9462 305.6528 303.2495 300.5238 304.2660 301.8853 300.8619 300.7571 302.2862 300.3131 299.4325 289.7923 300.2734 297.9428 297.3393 298.1965  29867.9
1975 2.0937806E-08 2.4106225E-08 3.3724831E-08 4.7846044E-08 2.6540516E-08 3.7328036E-08 4.0621426E-08 3.9079818E-08 2.3953605E-08 3.5277175E-08 3.7055326E-08 1.9736516E-08 2.0807226E-08 2.9232824E-08 3.1644259E-08 2.3345283E-08  307.3198 305.6176 303.1906 300.8009 304.3801 302.0915 301.0954 300.9235 302.2854 300.1827 299.1095 289.7923 300.1626 297.8134 297.0132 297.6948  22989.3
1976 2.8693284E-08 3.1870361E-08 3.8291045E-08 5.0614961E-08 2.6997963E-08 3.6986741E-08 4.1160348E-08 3.8749075E-08 2.1023354E-08 3.0409307E-08 3.0588335E-08 1.3337811E-08 2.0317367E-08 2.7493616E-08 3.0499567E-08 2.2970056E-08  306.8058 305.0473 302.6704 300.4068 304.4350 302.0682 301.0439 301.0602 302.3981 300.5233 299.7778 289.7923 300.3469 298.0633 297.4126 298.1774  36679.3
1977 2.5144210E-08 3.1966465E-08 4.5217980E-08 6.0132727E-08 2.8049437E-08 4.1755968E-08 5.0099064E-08 4.7692645E-08 2.4096387E-08 3.7942552E-08 3.9074376E-08 1.6173235E-08 2.1030719E-08 3.0513750E-08 3.0983959E-08 2.2627674E-08  305.8796 304.4187 302.4039 300.2992 303.9333 301.8896 301.0433 300.8411 302.4705 300.4229 299.4629 289.7924 300.4107 297.9856 297.3063 298.1216  19182.1
1978 2.6187969E-08 3.1356173E-08 3.6876216E-08 5.2138390E-08 2.6968094E-08 3.8885027E-08 4.3443645E-08 3.9997509E-08 2.2190932E-08 3.5120085E-08 3.7479555E-08 1.8746988E-08 2.2773317E-08 3.2703568E-08 3.4533102E-08 2.4900894E-08  305.7289 304.1389 302.3346 300.4903 303.9712 301.8809 301.0515 301.0602 302.4115 300.4384 299.5902 289.7923 300.1949 297.8061 297.2158 297.9908  21335.7
1979 2.8781065E-08 3.2723154E-08 4.0861305E-08 5.0318754E-08 2.8442376E-08 3.9532555E-08 4.3136513E-08 4.0208313E-08 2.2581130E-08 3.3411684E-08 3.5503348E-08 1.8035921E-08 2.5409239E-08 3.2315384E-08 3.4288735E-08 2.5674273E-08  306.5266 304.7028 302.6383 300.5346 304.0173 301.7466 300.8168 300.7292 302.2122 300.1500 299.1324 289.7923 299.8512 297.4227 296.6598 297.4186  19278.6
1980 2.8141477E-08 3.3204081E-08 4.1657206E-08 5.6275070E-08 3.0410018E-08 3.8490132E-08 4.3969379E-08 4.0838820E-08 2.2555872E-08 3.2946549E-08 3.4866787E-08 1.6596639E-08 1.9369574E-08 2.7810760E-08 3.0343667E-08 2.3863418E-08  306.9299 305.1029 302.9036 300.7368 304.2278 302.0986 301.0286 300.9866 302.5314 300.5976 299.6208 289.7923 300.5949 298.1757 297.5140 298.3171  23620.7
1981 2.6024292E-08 3.0147085E-08 3.7864975E-08 5.2475379E-08 2.8212600E-08 3.9625675E-08 4.3212935E-08 4.0507285E-08 2.1566228E-08 3.4987057E-08 3.7704172E-08 1.7253690E-08 2.2836270E-08 3.1641697E-08 3.4845101E-08 2.5540592E-08  306.9564 305.1738 303.1128 300.8964 304.3418 302.0465 301.0504 301.0350 302.8067 300.5622 299.5633 289.7923 300.6152 298.2145 297.3825 298.1121  31717.9
1982 2.4477790E-08 3.0204600E-08 3.8647688E-08 5.3165657E-08 2.9659196E-08 4.1968512E-08 4.6225960E-08 4.3468276E-08 2.3888596E-08 3.5438234E-08 3.5526121E-08 1.6367341E-08 1.9568361E-08 2.5754691E-08 2.8611394E-08 2.2071262E-08  306.6709 305.1048 302.9853 300.5993 303.9032 301.8155 300.6745 300.4539 302.1385 299.9080 298.8823 289.8623 300.1259 297.7192 297.0875 297.8613  22925
1983 2.4838988E-08 3.2637704E-08 4.3021330E-08 5.7549002E-08 3.0208426E-08 4.4131585E-08 5.0789094E-08 4.9132435E-08 2.4609944E-08 3.6739742E-08 3.8521268E-08 1.6114244E-08 2.4687933E-08 3.1626627E-08 3.2079562E-08 2.3540265E-08  305.6237 304.3534 302.6740 300.8009 303.6837 302.0568 301.3291 301.3016 302.3872 300.6191 299.9225 289.8858 300.3566 298.2284 297.7086 298.6505  47332.1
1984 3.0265170E-08 3.5080792E-08 4.3669857E-08 5.8227261E-08 2.5062779E-08 3.7262211E-08 4.4792369E-08 4.5152067E-08 1.9388407E-08 3.2703831E-08 3.4698786E-08 1.4775044E-08 2.1133090E-08 3.0868048E-08 3.2105390E-08 2.0938355E-08  305.9466 304.6209 302.7081 300.3960 304.0186 301.9147 300.9723 301.0120 302.2898 300.5079 299.8116 289.7985 300.2760 297.9536 297.3646 298.2490  53679.3
1985 2.5008228E-08 2.9071224E-08 3.3710705E-08 4.5725237E-08 2.7705589E-08 3.6395317E-08 4.1788798E-08 3.9515687E-08 2.1563064E-08 3.3022932E-08 3.4415333E-08 1.5632923E-08 1.8276246E-08 2.8370883E-08 2.9131600E-08 2.0609773E-08  307.3055 305.5172 303.1763 300.8022 304.5808 302.0457 300.9259 300.8703 302.5989 300.5688 299.6684 289.8465 300.8391 298.2965 297.6495 298.5270  40689.3
1986 2.3765091E-08 2.6850961E-08 3.3967250E-08 4.9681901E-08 2.6861533E-08 3.5291876E-08 4.2577110E-08 4.1680199E-08 2.3662938E-08 3.5433604E-08 3.7065604E-08 1.8357689E-08 2.1265670E-08 3.2425060E-08 3.5685293E-08 2.6450076E-08  307.0730 305.3019 302.9813 300.5792 304.0958 301.8677 300.7960 300.6849 302.0712 300.0239 298.9918 289.8294 299.9810 297.4669 296.6617 297.4493  32214.3
1987 2.5144544E-08 2.8584497E-08 3.6878458E-08 5.2202491E-08 2.5982551E-08 3.7659706E-08 4.4628678E-08 4.4966917E-08 2.1648470E-08 3.5065739E-08 3.6047631E-08 1.6552569E-08 2.1849397E-08 3.1073036E-08 3.3446291E-08 2.4643846E-08  306.3158 304.8223 302.7834 300.7352 304.2839 302.1592 301.3132 301.2039 302.7879 300.6677 299.7413 289.8460 300.6174 298.0584 297.2707 298.0373  39278.6
1988 2.5070364E-08 2.8673076E-08 3.7615592E-08 5.1058496E-08 2.6848756E-08 3.6133322E-08 4.2261863E-08 4.2937959E-08 1.9218838E-08 3.2271924E-08 3.5260896E-08 1.5670679E-08 1.8327066E-08 2.7513961E-08 3.0973059E-08 2.5265294E-08  305.4949 303.9399 302.1845 300.2503 303.4668 301.5912 300.9114 300.8806 302.2941 300.4951 299.7627 289.9101 300.3539 298.1358 297.4460 298.2329  26206.9
1989 2.5977092E-08 3.1946300E-08 3.6177486E-08 4.6657732E-08 2.5907900E-08 3.6826467E-08 4.1866340E-08 3.7999587E-08 1.6659934E-08 2.6789841E-08 3.0613734E-08 1.2368687E-08 1.8052527E-08 2.5053879E-08 2.6564257E-08 2.0046743E-08  307.4198 305.6134 302.9817 300.3197 304.9510 302.1141 300.8642 300.7493 302.6490 300.6155 299.6949 289.8259 300.6120 298.3592 297.7713 298.5322  23896.4
1990 2.6105102E-08 3.0500441E-08 3.9832841E-08 5.5806289E-08 2.8275167E-08 4.1977263E-08 4.5269580E-08 4.0588176E-08 2.2032355E-08 3.2442561E-08 3.2735738E-08 1.4747710E-08 1.9492219E-08 2.7949870E-08 2.9685044E-08 2.1722757E-08  306.6047 304.9972 302.7701 300.4780 304.3076 302.0662 300.9900 301.0186 302.5953 300.5364 299.6051 289.8880 300.8308 298.3941 297.5515 298.3275  20096.4
1991 2.5205370E-08 2.8058794E-08 3.6008917E-08 5.0272089E-08 2.5726786E-08 3.6136900E-08 4.1086707E-08 3.9607336E-08 2.4373580E-08 3.5973954E-08 3.6998550E-08 1.4610243E-08 2.3957872E-08 3.1659592E-08 3.2291720E-08 2.4197560E-08  306.1676 304.7081 302.7788 300.7785 304.0511 302.0193 301.2605 301.3204 302.5396 300.7389 300.0536 289.9116 300.6801 298.4302 297.9309 298.7132  24571.4
1992 2.4000315E-08 2.9626763E-08 3.9711370E-08 5.5443710E-08 2.8498608E-08 4.1727507E-08 5.1119336E-08 4.8536439E-08 2.3301444E-08 3.7717129E-08 4.1624169E-08 1.7999545E-08 2.1617915E-08 3.0761356E-08 3.3738409E-08 2.6068015E-08  305.2130 303.9342 302.4123 300.4491 303.8987 302.0173 301.0855 301.0308 302.5867 300.6915 299.7694 289.8636 300.5147 298.1148 297.4078 298.1419  46269
1993 2.7717512E-08 3.2121523E-08 4.1767901E-08 5.1735775E-08 2.9514895E-08 4.0441815E-08 4.7417405E-08 4.4201968E-08 2.3412710E-08 3.6960582E-08 3.8457973E-08 1.5664034E-08 2.3107667E-08 3.1860349E-08 3.4251158E-08 2.4404846E-08  305.5884 304.0871 302.3034 300.3742 303.3110 301.5819 300.8035 300.8101 302.0615 300.1825 299.4801 289.7549 300.0309 297.7736 297.2133 298.1921  33442.9
1994 2.6645386E-08 3.2647549E-08 3.9439296E-08 5.4567717E-08 2.9505845E-08 4.0957886E-08 4.5849884E-08 4.5243169E-08 2.1397817E-08 3.2397867E-08 3.4978758E-08 1.5236752E-08 1.8867443E-08 2.5336039E-08 2.7561349E-08 2.2108921E-08  305.5425 303.8012 302.1725 300.2466 303.8838 301.8540 301.0513 300.9891 302.5892 300.8289 300.0509 289.7802 300.7610 298.6828 297.9318 298.6175  48035.7
1995 2.4373499E-08 3.2609357E-08 3.7255909E-08 5.1429467E-08 2.5244349E-08 3.5847844E-08 4.1180126E-08 3.9784403E-08 2.2483254E-08 3.2667437E-08 3.1918372E-08 1.4669756E-08 2.2971461E-08 3.0042322E-08 3.1996926E-08 2.4251394E-08  306.0960 304.3802 302.6177 300.7309 304.2021 302.0365 301.1703 301.3146 302.6372 300.6682 299.9122 289.8908 300.5984 298.2578 297.5049 298.2855  33210.7
1996 2.4440091E-08 2.7241091E-08 3.3234031E-08 4.6085571E-08 2.7632051E-08 3.7517580E-08 4.1669466E-08 3.7196145E-08 2.1632079E-08 3.3306534E-08 3.3744701E-08 1.6048906E-08 2.0273148E-08 2.9764122E-08 2.9135592E-08 2.1765821E-08  307.5632 305.9770 303.4936 301.1997 304.7780 302.4280 301.2924 301.1826 302.6213 300.5508 299.5611 289.7727 300.4788 298.0319 297.3833 298.1230  39817.2
1997 2.8634101E-08 3.3276855E-08 4.1416321E-08 5.7137139E-08 3.1708431E-08 4.2701245E-08 4.7752518E-08 4.7934797E-08 2.3881668E-08 3.6306197E-08 3.7896669E-08 1.8169395E-08 2.0626006E-08 2.9079049E-08 3.2695237E-08 2.4394284E-08  305.3242 303.7625 301.9296 299.8866 303.3554 301.2350 300.3332 300.1706 301.8704 299.9708 299.1430 289.6903 299.9162 297.5392 296.8837 297.6656  49382.1
1998 2.3125819E-08 2.6270998E-08 3.5776289E-08 4.7835091E-08 2.6200082E-08 3.7320579E-08 4.3254339E-08 4.3233356E-08 2.5060178E-08 3.7736104E-08 4.0485183E-08 1.5836100E-08 2.3247750E-08 3.2132171E-08 3.5843051E-08 2.8310264E-08  306.1545 304.7702 302.8591 301.0029 303.7227 302.2425 301.5441 301.5508 302.7413 300.9898 300.2494 289.8803 300.5433 298.3869 297.7243 298.5080  44057.1
1999 2.5425093E-08 2.9082893E-08 3.3749583E-08 4.6610367E-08 2.4299647E-08 3.5057504E-08 4.0255678E-08 3.7341593E-08 1.7943872E-08 2.9483058E-08 3.2122475E-08 1.3728625E-08 1.8109244E-08 2.5584248E-08 2.7109722E-08 2.0579785E-08  306.8079 305.1268 302.8855 300.4827 304.1661 301.7951 300.9059 300.9726 302.4156 300.4874 299.7439 289.8635 300.3940 298.1924 297.6189 298.3729  43467.9
2000 2.1682638E-08 2.4845068E-08 3.2588183E-08 4.3259920E-08 2.1282478E-08 3.3219195E-08 3.6801865E-08 3.3731833E-08 1.9156493E-08 3.1736469E-08 3.4237054E-08 1.4580150E-08 1.9856991E-08 2.6886147E-08 2.7699130E-08 1.9384345E-08  308.6310 307.3899 304.7070 301.7761 305.9511 303.0874 301.7169 301.7288 303.3034 301.1244 300.1069 289.8685 301.0642 298.7979 298.1811 298.9073  35227.6
2001 2.5880460E-08 3.0537354E-08 3.7644817E-08 5.4169167E-08 3.1061802E-08 4.4038352E-08 4.9366850E-08 4.7958896E-08 2.3351779E-08 3.4633747E-08 3.6800980E-08 1.6402174E-08 1.8405023E-08 2.6976751E-08 2.8313005E-08 2.0747969E-08  306.4407 304.7251 302.6864 300.3129 304.2137 301.8752 300.8346 300.7373 302.3938 300.3875 299.5372 289.8314 300.5750 298.2081 297.5936 298.3982  39589.3
2002 2.9023312E-08 3.4247027E-08 3.7499866E-08 4.8452655E-08 2.4972492E-08 3.5507753E-08 4.2899526E-08 4.1099181E-08 1.8120030E-08 2.8417691E-08 3.1646653E-08 1.2621359E-08 1.8249919E-08 2.7021345E-08 2.9163671E-08 2.2077835E-08  306.6565 304.9673 302.6230 300.3925 304.4416 302.0520 301.0101 300.8985 302.7717 300.7769 300.0107 289.9955 300.8275 298.4748 297.8436 298.5521  35789.3
2003 2.3622329E-08 2.7962448E-08 3.6296846E-08 5.3722449E-08 2.6246047E-08 3.7633022E-08 4.4087397E-08 3.9945284E-08 1.8999966E-08 2.9602669E-08 3.1830233E-08 1.2987798E-08 1.9921197E-08 2.8756000E-08 3.0809428E-08 2.1619309E-08  306.8667 305.2741 302.9877 300.7528 304.8139 302.5113 301.5498 301.5920 303.0720 301.1696 300.4367 289.8443 301.0339 298.6790 298.0308 298.8089  26539.3
2004 2.1231672E-08 2.3741530E-08 3.4653304E-08 4.6832220E-08 2.6203761E-08 3.7943369E-08 4.3770108E-08 4.3276671E-08 2.6809923E-08 3.9132608E-08 3.8358507E-08 2.0087919E-08 2.5325436E-08 3.2880628E-08 3.3383298E-08 2.4735726E-08  307.6868 306.2083 303.7554 301.3560 305.2194 302.6961 301.6830 301.5678 302.9577 300.7288 299.7793 289.8262 300.9020 298.3806 297.6084 298.2539  21475.9
2005 2.9058262E-08 3.2872371E-08 4.4943494E-08 5.7662895E-08 3.2501422E-08 4.5026443E-08 5.0441667E-08 4.7172282E-08 2.8052055E-08 3.9318529E-08 3.9656069E-08 1.6918618E-08 2.1607942E-08 3.1205403E-08 3.1923200E-08 2.1768644E-08  306.1276 304.3682 302.4094 300.4596 303.8521 301.7787 300.8168 300.7039 302.1060 300.0377 299.2834 289.8910 300.1815 297.8264 297.2647 298.2274  46164.3
2006 2.6562240E-08 2.7193186E-08 3.5346378E-08 4.8273407E-08 2.6902226E-08 4.0266773E-08 4.5515630E-08 4.2657835E-08 2.4358641E-08 3.6691318E-08 3.6285705E-08 1.5978907E-08 2.1909081E-08 2.8975423E-08 3.1148936E-08 2.2518222E-08  306.3670 304.8026 302.6459 300.4988 304.0486 301.5692 300.5620 300.6076 302.1671 300.0935 299.0881 289.8068 299.9484 297.4699 296.8719 297.7415  38450
2007 2.5430252E-08 2.7758588E-08 3.5520827E-08 4.8111676E-08 2.9698088E-08 3.9951534E-08 4.7207212E-08 4.6816790E-08 2.2551324E-08 3.5094587E-08 3.8498772E-08 1.7932081E-08 2.0248267E-08 3.0404770E-08 3.1818566E-08 2.2823697E-08  306.8452 305.0719 302.8489 300.8381 304.5527 302.3357 301.3224 301.2596 302.8396 300.8286 299.9243 289.9297 300.8024 298.4047 297.7147 298.4525  25507.1
2008 2.4075540E-08 2.8927436E-08 3.5733965E-08 4.8454030E-08 2.2284473E-08 3.1832478E-08 3.7233310E-08 3.8164895E-08 1.7857735E-08 2.8265866E-08 3.2299987E-08 1.2214069E-08 1.8481439E-08 2.5742033E-08 2.7757437E-08 2.2310799E-08  307.4258 305.7131 303.3299 300.7973 304.6127 302.0329 301.2025 301.2438 302.7193 300.9378 300.1891 289.8300 300.8794 298.6456 298.1151 298.7456  31458.6
2009 2.3422180E-08 2.7342038E-08 3.2705287E-08 4.5830205E-08 2.3799247E-08 3.4473775E-08 4.0605087E-08 3.7849563E-08 2.2093225E-08 3.2978768E-08 3.2678265E-08 1.7083011E-08 2.2846256E-08 3.0671590E-08 3.3577248E-08 2.5006974E-08  307.4286 305.5946 303.4111 301.0674 304.8293 302.4058 301.3904 301.2704 302.7849 300.6776 299.6707 289.7901 300.5882 298.1711 297.3007 298.0984  37414.3
2010 2.2038092E-08 2.8304541E-08 3.8452033E-08 5.6521831E-08 2.4758423E-08 3.6470443E-08 4.2369400E-08 4.3594689E-08 2.7082137E-08 3.8155459E-08 4.0806913E-08 1.9386677E-08 2.7096165E-08 3.8118987E-08 3.6828084E-08 2.5638810E-08  0.0000000E+00 0.0000000E+00 0.0000000E+00 0.0000000E+00 0.0000000E+00 0.0000000E+00 0.0000000E+00 0.0000000E+00 0.0000000E+00 0.0000000E+00 0.0000000E+00 0.0000000E+00 0.0000000E+00 0.0000000E+00 0.0000000E+00 0.0000000E+00  27960.7
2011 2.1692991E-08 2.5405360E-08 2.9724827E-08 4.0766043E-08 2.4077599E-08 3.1796183E-08 3.5294601E-08 3.4123250E-08 1.8222970E-08 2.5063773E-08 2.7714396E-08 1.3752463E-08 2.0496623E-08 2.7898304E-08 2.7488388E-08 2.2303327E-08  308.7809 307.1723 304.6501 301.7240 305.2621 302.5680 301.5511 301.6376 302.8157 301.0323 300.0854 289.8132 300.7406 298.4905 297.7479 298.4182  52350
2012 2.3836609E-08 2.6616533E-08 3.2848956E-08 4.3980123E-08 2.5197739E-08 3.5445463E-08 4.1391662E-08 3.8259110E-08 2.1616511E-08 3.5159562E-08 3.8112294E-08 1.9820254E-08 2.0087937E-08 3.0583710E-08 3.2949359E-08 2.5810527E-08  306.8947 305.2642 303.2605 301.1094 304.5220 302.1366 301.0694 301.0082 302.5615 300.4999 299.4373 289.9181 300.3123 297.7853 296.9704 297.6544  28796.6
2013 2.6829262E-08 2.9139589E-08 3.4255024E-08 4.8735288E-08 2.3500709E-08 3.5094473E-08 3.8772860E-08 3.7717697E-08 2.1709260E-08 3.1671071E-08 3.1899027E-08 1.3400362E-08 2.0945762E-08 2.8354805E-08 2.9520898E-08 2.1531164E-08  307.3984 305.6184 303.3353 301.0273 304.9019 302.3531 301.3109 301.2616 302.6898 300.6540 299.8038 289.9135 300.3859 298.0745 297.5400 298.5647  23621.4
2014 2.4432698E-08 2.9211289E-08 3.4463934E-08 4.5568129E-08 2.3619474E-08 3.3257749E-08 3.7606355E-08 3.4361626E-08 2.3623652E-08 3.5006600E-08 3.6062918E-08 1.8282623E-08 2.4007816E-08 3.4030599E-08 3.3691688E-08 2.4371573E-08  307.0067 305.1260 302.9367 300.9144 304.7413 302.2822 301.3126 301.4452 302.9095 300.7601 299.7830 289.6923 301.0032 298.2950 297.3965 298.1299  26153.6
2015 2.2143409E-08 2.9996936E-08 3.7442955E-08 4.7955371E-08 2.5529650E-08 3.8801701E-08 4.3230340E-08 4.1707832E-08 2.6459659E-08 3.5749821E-08 3.5785241E-08 1.8481314E-08 2.4757995E-08 3.0596986E-08 3.0653201E-08 2.7253940E-08  307.3646 305.6956 303.3428 301.0379 305.0357 302.7307 301.5596 301.6186 303.0383 300.9019 299.8766 289.7545 300.9600 298.4117 297.4839 298.0533  32121.4
