STN,prec_1,prec_2,prec_3,prec_4,prec_5,prec_6,prec_7,prec_8,prec_9,prec_10,prec_11,prec_12,prec_13,prec_14,prec_15,prec_16,st_1,st_2,st_3,st_4,st_5,st_6,st_7,st_8,st_9,st_10,st_11,st_12,st_13,st_14,st_15,st_16,05.0
LAT,37.67308,37.67308,37.67308,37.67308,40.46365,40.46365,40.46365,40.46365,43.25420,43.25420,43.25420,43.25420,46.04472,46.04472,46.04472,46.04472,37.67308,37.67308,37.67308,37.67308,40.46365,40.46365,40.46365,40.46365,43.25420,43.25420,43.25420,43.25420,46.04472,46.04472,46.04472,46.04472,41.78058635
LON,-95.62500,-92.81250,-90.00000,-87.18750,-95.62500,-92.81250,-90.00000,-87.18750,-95.62500,-92.81250,-90.00000,-87.18750,-95.62500,-92.81250,-90.00000,-87.18750,-95.62500,-92.81250,-90.00000,-87.18750,-95.62500,-92.81250,-90.00000,-87.18750,-95.62500,-92.81250,-90.00000,-87.18750,-95.62500,-92.81250,-90.00000,-87.18750,-90.252073
1958 2.2269713E-08 2.5701516E-08 3.0620928E-08 3.9431413E-08 2.2153209E-08 3.1806046E-08 3.2589274E-08 3.1758809E-08 1.8119559E-08 2.7059368E-08 3.0572902E-08 1.6720159E-08 1.8156779E-08 2.6212874E-08 2.8461475E-08 2.3172035E-08  307.5980 305.9588 303.3814 300.8748 303.9665 301.7312 300.8873 301.1014 302.0745 300.2049 299.4597 292.9886 300.3000 298.2834 297.5007 298.0993  29264.5
1959 2.2482489E-08 2.5180945E-08 3.1466559E-08 4.1208359E-08 1.9878929E-08 2.7756032E-08 3.1286056E-08 3.0922958E-08 1.7511168E-08 2.7543065E-08 2.9759537E-08 1.5006131E-08 1.7276433E-08 2.4804789E-08 2.7445846E-08 2.1507621E-08  307.3560 305.8802 303.5685 300.9785 303.9167 301.7177 300.8189 301.0951 301.9571 300.1330 299.5615 292.9886 300.5135 298.6225 297.8434 298.4686  41790.3
1960 1.7956131E-08 1.8841586E-08 2.3981114E-08 3.5510705E-08 2.0710369E-08 2.6631358E-08 3.0549391E-08 2.9884795E-08 1.8496749E-08 2.8261521E-08 3.0429902E-08 1.6521891E-08 1.5193304E-08 2.2174763E-08 2.5820919E-08 1.8733255E-08  308.4116 307.4739 305.0437 301.8713 305.1176 302.5005 301.3624 301.6421 302.1134 300.1900 299.5322 292.9886 300.3589 298.3216 297.4888 298.2715  117584
1961 1.7746954E-08 1.9442060E-08 2.5962837E-08 3.6654214E-08 2.0463442E-08 2.7930188E-08 3.0127438E-08 2.8327632E-08 1.9646302E-08 2.8600978E-08 2.8975753E-08 1.5438307E-08 1.9399973E-08 2.4513421E-08 2.6956208E-08 1.9706887E-08  308.2820 307.2420 304.7454 301.6267 304.7224 302.2423 301.2147 301.4466 301.9071 300.1458 299.4714 292.9886 300.1771 298.4507 297.6259 298.2577  63351.6
1962 1.8695824E-08 2.2788974E-08 2.7538102E-08 3.8130484E-08 1.7657827E-08 2.5354142E-08 2.9581649E-08 2.8640224E-08 1.8892926E-08 2.7077487E-08 2.7461374E-08 1.3978772E-08 1.7161296E-08 2.5158618E-08 2.7065958E-08 2.0081512E-08  307.8092 306.4027 303.8841 300.9562 304.5983 301.8096 300.7752 301.0156 301.7947 299.8602 299.2398 292.9886 300.3958 298.3174 297.6398 298.3857  84677.4
1963 2.2879519E-08 2.5510708E-08 3.2632801E-08 4.2286686E-08 2.1070598E-08 2.8380128E-08 3.2776704E-08 3.0929357E-08 1.8156047E-08 2.9287966E-08 3.1970778E-08 1.7518474E-08 1.8513738E-08 2.5661683E-08 3.0546556E-08 2.5895933E-08  306.9481 305.4933 303.3481 300.7340 304.0049 301.7779 300.7231 300.6800 301.6878 299.9326 299.1659 292.9886 299.7657 297.8511 296.9909 297.5258  56596.8
1964 1.9723354E-08 2.2754529E-08 2.9404122E-08 4.0227945E-08 2.1110521E-08 2.8539334E-08 3.2988972E-08 3.1135261E-08 1.9394855E-08 2.8164964E-08 3.1598457E-08 1.5540783E-08 1.5194068E-08 2.0744139E-08 2.5109850E-08 2.1144647E-08  307.1634 305.7363 303.3842 300.7548 303.7021 301.5202 300.6846 300.9374 301.5008 299.8860 299.3215 292.9886 299.9409 298.1081 297.4910 298.2318  68993.5
1965 2.2944249E-08 2.5230689E-08 3.0445523E-08 3.9918735E-08 2.1603494E-08 3.0291169E-08 3.4177702E-08 3.1049534E-08 1.9117714E-08 2.8446976E-08 2.9422717E-08 1.7029386E-08 1.7733401E-08 2.4846694E-08 2.6971119E-08 2.3238680E-08  306.9658 305.5734 303.1509 300.5347 303.7674 301.5171 300.4426 300.6106 301.5482 299.7232 299.0990 292.9886 299.7154 297.7811 297.0264 297.6676  157581
1966 2.1997421E-08 2.4337725E-08 3.0795423E-08 4.1524249E-08 2.0255072E-08 2.8227079E-08 3.4129247E-08 3.2758784E-08 1.9124936E-08 2.6985735E-08 2.8036537E-08 1.5234177E-08 1.7792594E-08 2.3898851E-08 2.5723486E-08 2.0485970E-08  306.5548 305.2489 302.6636 300.0153 303.5691 301.3195 300.3610 300.3851 301.4315 299.7184 299.1406 292.9886 300.2166 298.4682 297.6431 298.2098  73064.5
1967 2.1770598E-08 2.2899071E-08 2.8781390E-08 3.9802156E-08 1.9475319E-08 2.8221164E-08 3.2085268E-08 3.0489350E-08 1.8077385E-08 2.5826154E-08 2.8375583E-08 1.3762373E-08 1.5764892E-08 2.2279602E-08 2.3078019E-08 1.8773832E-08  307.3218 305.9370 303.3192 300.5585 304.3482 301.6171 300.5351 300.7377 301.7650 299.9425 299.3775 292.9886 300.3091 298.5508 297.8969 298.5201  56500
1968 1.9668812E-08 2.0780641E-08 2.5717535E-08 3.6584247E-08 2.0177946E-08 2.7487516E-08 3.2127328E-08 2.8573075E-08 1.8243837E-08 2.8554894E-08 2.9264625E-08 1.6452356E-08 1.5906632E-08 2.4330479E-08 2.6488120E-08 1.9804386E-08  307.2269 305.8430 303.4422 300.5298 304.1081 301.6108 300.5402 300.7576 301.6151 299.7800 299.1292 292.9886 299.8596 297.9001 297.1075 297.8231  57796.8
1969 2.1682929E-08 2.5120734E-08 3.1852618E-08 4.5119691E-08 2.1976868E-08 2.8068113E-08 3.2523158E-08 3.1852203E-08 2.1530436E-08 3.1204880E-08 3.1993686E-08 1.8077602E-08 2.0721799E-08 2.9028936E-08 2.8770568E-08 2.2186097E-08  307.2426 305.6179 303.2017 300.7066 303.9022 301.5969 300.5360 300.7097 301.5938 299.6971 298.9451 292.9886 299.8264 297.7167 296.9149 297.5948  119345
1970 2.1440721E-08 2.7020070E-08 3.3232752E-08 4.3954095E-08 1.9774442E-08 2.6879775E-08 3.2999264E-08 3.3631235E-08 1.5600667E-08 2.4171793E-08 2.6222681E-08 1.2406005E-08 1.7107354E-08 2.2595470E-08 2.3448811E-08 1.7885727E-08  306.8282 305.1684 302.8387 300.1765 303.7302 301.6347 300.5667 300.6577 301.6668 299.9789 299.4656 292.9886 299.9460 298.2282 297.6033 298.3073  67554.8
1971 1.7577465E-08 1.9829661E-08 2.3755346E-08 3.1694757E-08 2.0294287E-08 2.8052618E-08 2.9011540E-08 2.5167028E-08 1.8409587E-08 2.6427330E-08 2.8708472E-08 1.5858536E-08 1.5544764E-08 2.1528898E-08 2.4785939E-08 1.8918001E-08  307.8428 306.6458 304.0810 300.9045 304.2545 301.5770 300.5302 300.7148 301.3911 299.6674 298.8660 292.9886 299.9775 298.0935 297.2439 297.8741  69380.6
1972 2.5049880E-08 2.9273975E-08 3.6433491E-08 4.7516760E-08 2.2914326E-08 3.2418622E-08 3.6482206E-08 3.4380516E-08 2.0475225E-08 3.2195899E-08 3.2123260E-08 1.8536349E-08 1.9396724E-08 2.7490357E-08 3.1219940E-08 2.5078212E-08  305.4207 303.9266 301.9961 299.7249 303.0370 300.8126 299.8060 299.8405 300.8833 299.0139 298.2918 292.9886 298.9393 296.8785 296.1196 296.7487  98777.4
1973 2.0590726E-08 2.2954275E-08 3.0737180E-08 4.2339444E-08 2.0720659E-08 2.7108957E-08 3.1450572E-08 3.0824104E-08 1.9407469E-08 2.7353945E-08 2.8054023E-08 1.2535402E-08 1.6036479E-08 2.2694422E-08 2.4592739E-08 1.7767350E-08  307.3666 306.0067 303.3877 300.5915 303.6937 301.5327 300.6463 300.7375 301.6201 299.8977 299.3527 292.9886 300.6288 298.6663 297.8830 298.6504  128297
1974 1.9779957E-08 2.3125390E-08 2.6588644E-08 3.6167950E-08 2.0005540E-08 2.8071701E-08 3.1594816E-08 3.0431856E-08 1.7965746E-08 2.7269211E-08 2.8688323E-08 1.5610070E-08 1.5324240E-08 2.2022867E-08 2.4853545E-08 2.0235168E-08  306.9648 305.3525 302.9335 300.2338 303.3642 301.0677 300.2111 300.4055 300.9163 299.2919 298.8513 292.9886 299.1984 297.4010 296.8396 297.6208  88451.6
1975 1.8357591E-08 2.0321540E-08 2.7423823E-08 3.9430724E-08 1.6328990E-08 2.5139723E-08 2.8721908E-08 2.7250820E-08 1.7186490E-08 2.5250094E-08 2.6937936E-08 1.2795845E-08 1.7084059E-08 2.4913650E-08 2.6997325E-08 2.0377458E-08  307.7358 306.3030 303.6235 300.7829 304.6259 301.9274 300.8664 301.1212 302.1503 300.3300 299.6776 292.9886 300.5247 298.6043 297.8544 298.5577  149168
1976 2.0948001E-08 2.5011929E-08 2.8254256E-08 3.8892736E-08 1.8680833E-08 2.9123786E-08 3.2611752E-08 3.0213013E-08 1.7505394E-08 2.7294961E-08 3.1107177E-08 1.5146016E-08 1.9140336E-08 2.4593911E-08 2.7095373E-08 2.1735751E-08  306.6608 305.2501 303.1262 300.1437 304.0529 301.3907 300.2785 300.4651 301.5540 299.5586 298.8074 292.9886 299.5925 297.5969 296.8782 297.6346  50164.5
1977 1.9837460E-08 2.3362890E-08 2.9501543E-08 4.1459526E-08 1.9815509E-08 2.8401836E-08 3.3307813E-08 3.4263358E-08 1.7338339E-08 2.6090898E-08 2.7268436E-08 1.5674001E-08 1.6250205E-08 2.1677677E-08 2.4902146E-08 2.0284816E-08  307.4695 305.9090 303.3483 300.7212 304.0913 301.7095 300.7530 300.8633 301.6439 299.8440 299.2480 292.9886 300.0074 298.1290 297.4069 298.1754  23190.3
1978 1.7987192E-08 2.1101478E-08 2.9066252E-08 3.9660367E-08 2.0573527E-08 2.8897938E-08 3.4456605E-08 3.3422943E-08 2.1905269E-08 3.1416906E-08 3.1593256E-08 1.5862279E-08 1.7966910E-08 2.5654016E-08 2.8002976E-08 2.0945437E-08  307.7180 306.2870 303.9647 301.2768 304.8928 302.1466 300.9816 301.3030 301.8608 300.0351 299.4229 292.9886 300.1198 298.1876 297.6293 298.4425  59651.6
1979 1.8077946E-08 2.1502156E-08 2.8637414E-08 4.0614747E-08 1.9953310E-08 2.7773346E-08 3.1782236E-08 2.8532545E-08 1.8110379E-08 2.6227415E-08 2.8386706E-08 1.5375589E-08 1.7789016E-08 2.4178078E-08 2.6159961E-08 2.0862446E-08  307.9103 306.5761 303.8309 301.0473 304.5396 302.0770 300.9792 301.0746 302.0527 300.1534 299.3819 292.9886 300.4173 298.2519 297.5904 298.3448  132161
1980 2.5021833E-08 2.8801749E-08 3.6286149E-08 4.4542912E-08 2.0240233E-08 2.8721487E-08 3.6826595E-08 3.3487765E-08 1.6135324E-08 2.8148198E-08 2.9705136E-08 1.3726963E-08 1.7445497E-08 2.3549346E-08 2.7755084E-08 2.2023981E-08  307.1278 305.6648 303.1382 300.5100 304.3907 301.8788 300.7456 300.8352 301.9355 300.0105 299.2122 292.9886 300.1788 298.1625 297.3343 297.9727  31248.4
1981 1.6553855E-08 1.9847883E-08 2.4489571E-08 3.4972469E-08 1.8600135E-08 2.7076469E-08 2.9747666E-08 2.7912121E-08 1.6734004E-08 2.6372401E-08 2.8718055E-08 1.2849253E-08 1.7055131E-08 2.2775343E-08 2.5164610E-08 1.8671823E-08  307.9476 306.4318 303.9425 301.0980 304.5740 301.9630 300.9247 301.1267 302.4202 300.4735 299.8753 292.9886 300.8639 299.0371 298.1822 298.8307  58971
1982 1.8642456E-08 2.1701574E-08 2.8759676E-08 3.9607006E-08 2.0753461E-08 2.8880038E-08 3.3078358E-08 3.3103145E-08 1.9800995E-08 2.9711869E-08 3.2057059E-08 1.6137195E-08 1.8770999E-08 2.7699590E-08 2.8571623E-08 2.2019117E-08  307.1746 305.6434 303.3073 300.8310 303.6670 301.5204 300.6328 300.7850 301.4974 299.7220 299.1037 292.7352 299.6788 297.6049 296.9688 297.7977  111629
1983 2.2028630E-08 2.5653872E-08 3.2635249E-08 4.5966011E-08 2.1807583E-08 3.0208195E-08 3.4965655E-08 3.3239175E-08 2.2591967E-08 3.1055272E-08 3.1569478E-08 1.5317996E-08 1.7928915E-08 2.5611453E-08 2.6732724E-08 2.0597783E-08  306.7014 304.9996 302.7180 300.3769 303.0463 301.3001 300.5752 300.6244 301.2250 299.6152 299.1125 292.9893 299.6897 297.9215 297.5147 298.2639  100303
1984 2.0698614E-08 2.3067349E-08 2.7898670E-08 3.8776243E-08 1.8652152E-08 2.7468113E-08 3.1725371E-08 2.8827225E-08 1.5968777E-08 2.3399451E-08 2.6335593E-08 1.1995393E-08 1.5527398E-08 2.1242959E-08 2.3360915E-08 1.8475166E-08  307.7509 306.4955 303.9084 300.9077 304.6866 302.0523 300.9575 301.3456 302.0836 300.3073 299.7060 292.8592 300.2735 298.4373 297.6757 298.4942  110813
1985 1.8837779E-08 2.1785828E-08 2.7551847E-08 3.7067522E-08 1.7875601E-08 2.5156812E-08 3.0951902E-08 2.7612208E-08 1.6017804E-08 2.4014495E-08 2.5468532E-08 1.1173616E-08 1.5910040E-08 2.1842393E-08 2.2942595E-08 1.8054779E-08  307.1228 305.6303 303.1559 300.4072 304.6859 301.9281 300.9039 301.1712 302.3276 300.4526 299.9209 292.9486 300.7573 298.8823 298.1274 298.8100  86361.3
1986 2.3723802E-08 2.7705218E-08 3.5559498E-08 4.5536105E-08 2.1759217E-08 3.1675924E-08 3.6125108E-08 3.5654743E-08 1.9117762E-08 2.9143456E-08 2.9602770E-08 1.4923261E-08 1.5454159E-08 2.2576797E-08 2.3639121E-08 1.9308468E-08  305.4242 303.8246 301.7726 299.5320 303.2444 301.0108 300.1827 300.3164 301.3596 299.5778 299.0587 292.8396 299.9992 298.0984 297.2707 297.8068  128194
1987 2.4793771E-08 2.8309433E-08 3.4361307E-08 4.5628063E-08 2.3978645E-08 3.2184555E-08 3.8134107E-08 3.5314077E-08 1.8144521E-08 2.8248021E-08 2.9717796E-08 1.4753050E-08 1.6916676E-08 2.4423919E-08 2.6744447E-08 2.0192955E-08  305.9612 304.7047 302.3478 299.9550 303.5558 301.3809 300.3483 300.4536 301.7252 299.8842 299.2985 293.0936 300.3355 298.4811 297.7416 298.4584  39290.3
1988 1.5878941E-08 2.1628013E-08 2.8036871E-08 3.8383451E-08 1.7227695E-08 2.4933350E-08 2.9683834E-08 2.6882226E-08 1.7114029E-08 2.4799425E-08 2.6051573E-08 1.3618210E-08 1.6321145E-08 2.1408118E-08 2.3112142E-08 1.8713321E-08  308.2006 306.6984 303.8213 300.9729 304.8266 302.4666 301.3566 301.5072 302.2998 300.5038 299.9076 292.9066 300.7646 298.9546 298.2725 298.9286  33971
1989 2.2257458E-08 2.4874595E-08 3.1870083E-08 4.2580456E-08 1.9888233E-08 2.6941461E-08 3.2843076E-08 2.9461285E-08 1.7953578E-08 2.6524015E-08 2.8859704E-08 1.3648972E-08 1.5467071E-08 2.1476636E-08 2.3886429E-08 1.7870846E-08  307.3654 306.2866 303.8507 300.9052 304.8071 302.0658 300.8861 301.1927 302.2253 300.2760 299.6816 292.8439 300.8987 298.9298 298.1711 298.9748  45732.3
1990 2.2876513E-08 2.3951106E-08 2.8730257E-08 3.8193967E-08 2.1763638E-08 2.9060256E-08 3.1756080E-08 2.9229682E-08 2.0042624E-08 2.7804186E-08 2.8906323E-08 1.4626155E-08 1.8907226E-08 2.6702509E-08 2.7001157E-08 2.0760996E-08  307.2541 305.7490 303.3064 300.5919 304.4256 301.7940 300.6630 300.7660 301.6597 299.8181 299.1225 292.9659 299.9249 297.8358 297.2725 297.9884  65222.6
1991 1.9495959E-08 2.2917956E-08 3.3794173E-08 4.3365702E-08 2.1328431E-08 3.0726479E-08 3.7212839E-08 3.6116749E-08 2.1198122E-08 3.3811897E-08 3.6467224E-08 1.5464082E-08 1.6720762E-08 2.6938917E-08 3.2587103E-08 2.5337732E-08  306.6155 305.1062 302.5922 300.3431 303.9484 301.6844 300.7931 300.7525 301.9246 300.1631 299.5743 293.0865 300.5282 298.4184 297.6192 298.4393  106897
1992 1.9741941E-08 2.4730536E-08 3.5288718E-08 4.7119997E-08 2.0670308E-08 3.1399125E-08 3.4716724E-08 3.8107981E-08 2.0276346E-08 3.0524426E-08 3.2195423E-08 1.5655184E-08 1.7757490E-08 2.5339977E-08 2.7825127E-08 2.1124112E-08  306.5253 304.9459 302.5690 300.3031 303.9500 301.8406 300.8976 301.0106 301.8951 300.1695 299.5706 292.9090 300.3095 298.3449 297.6516 298.4135  80651.6
1993 1.8950466E-08 2.2168020E-08 3.0299841E-08 4.4494687E-08 2.0974150E-08 3.1511362E-08 3.7909420E-08 3.8305270E-08 2.0003183E-08 3.0300090E-08 3.1950595E-08 1.8262647E-08 1.8552008E-08 2.6050939E-08 2.6928829E-08 2.2938938E-08  306.9983 305.5193 302.9763 300.2973 303.4587 301.3164 300.3380 300.3077 301.1421 299.4170 298.7601 292.9001 299.4764 297.4876 296.8946 297.5877  138161
1994 2.0032077E-08 2.2609237E-08 2.9186493E-08 4.2151619E-08 2.1778268E-08 2.9972767E-08 3.6207823E-08 3.4173105E-08 1.9311692E-08 3.0959352E-08 3.4128576E-08 1.6567439E-08 1.6724099E-08 2.3117874E-08 2.5025924E-08 1.9969709E-08  306.1874 304.5473 302.3784 300.1544 303.2247 301.1152 300.3260 300.5539 301.1026 299.5571 299.1489 292.7895 299.5767 297.8112 297.3009 297.9866  105939
1995 2.0573198E-08 2.5845786E-08 3.2465053E-08 4.4787825E-08 2.2932634E-08 3.0312233E-08 3.7277989E-08 3.4072645E-08 1.8428523E-08 2.7308644E-08 2.9054910E-08 1.3986488E-08 1.5948830E-08 2.3934646E-08 2.6436753E-08 2.1330951E-08  307.1897 305.4971 303.0607 300.4973 303.9373 301.6413 300.6257 300.7607 301.6543 299.7675 299.1805 293.0247 300.0077 297.9307 297.1957 297.9261  103552
1996 1.9186500E-08 2.1217888E-08 2.7429691E-08 3.7956632E-08 1.7383497E-08 2.6816336E-08 3.0332775E-08 2.6492248E-08 1.8252830E-08 2.8067028E-08 2.9669540E-08 1.4082444E-08 1.9483304E-08 2.5197881E-08 2.6102038E-08 2.0855646E-08  308.2257 307.0584 304.5217 301.4918 305.2919 302.4509 301.2943 301.7524 302.1796 300.3804 299.8917 292.6410 300.2138 298.5402 297.9266 298.6899  125377
1997 1.6945458E-08 1.8561304E-08 2.3981013E-08 3.5679385E-08 1.9399774E-08 2.6192367E-08 3.0111362E-08 2.8887245E-08 1.8006599E-08 2.8944934E-08 3.3216129E-08 1.9374426E-08 1.7001666E-08 2.3983326E-08 2.7410641E-08 2.1615639E-08  308.2675 306.9456 304.3065 301.3860 304.5284 301.9183 300.7848 300.8866 301.6831 299.7977 299.0301 292.8548 299.8184 297.9174 297.1890 297.8587  96429
1998 2.0996978E-08 2.4661293E-08 3.1010423E-08 4.0567357E-08 2.1136442E-08 3.0644923E-08 3.4420538E-08 3.2049488E-08 1.7520133E-08 2.5914206E-08 2.6750538E-08 1.4085797E-08 1.4772226E-08 2.1202187E-08 2.4146887E-08 2.0325361E-08  306.8931 305.3833 302.9183 300.4806 303.6122 301.6742 300.8208 300.9219 301.9416 300.3684 299.7337 293.2527 300.3300 298.6209 297.9959 298.6608  58500
1999 1.8844567E-08 2.3712825E-08 2.6618698E-08 3.5010217E-08 1.5254809E-08 2.3969276E-08 2.7347102E-08 2.4621132E-08 1.5867069E-08 2.2529097E-08 2.3394733E-08 8.4733305E-09 1.5367958E-08 2.0652855E-08 2.1753486E-08 1.7832923E-08  308.3032 307.2489 305.1060 301.9126 305.8878 303.0350 301.8136 302.4603 302.8501 300.9710 300.5754 293.1858 301.4365 299.9308 299.1671 299.8333  109506
2000 1.6390247E-08 1.8677452E-08 2.5803580E-08 3.7325918E-08 1.9036722E-08 2.6471241E-08 3.1579575E-08 2.9194634E-08 1.5709729E-08 2.4634646E-08 2.7483512E-08 1.2921731E-08 1.5048551E-08 2.1002721E-08 2.2604169E-08 1.7631665E-08  308.8825 308.0645 305.7689 302.3019 305.7122 302.9962 301.5672 301.8947 302.5020 300.4738 299.8530 293.2950 300.8289 299.0455 298.3000 298.9751  50380.6
2001 1.9922378E-08 2.3976247E-08 2.9764552E-08 4.0322277E-08 1.6662257E-08 2.6600661E-08 3.1175709E-08 3.0078976E-08 1.5864101E-08 2.5662304E-08 2.9023793E-08 1.3014303E-08 1.4101325E-08 2.0536532E-08 2.3473989E-08 1.8198079E-08  307.3509 305.7914 303.2872 300.6194 305.2331 302.2502 301.0232 301.3531 302.9114 300.6897 300.0751 292.9900 301.5455 299.6447 298.5786 299.1226  185161
2002 1.7833949E-08 2.1336623E-08 2.8528127E-08 3.8810491E-08 1.8024389E-08 2.7453332E-08 3.1215610E-08 2.8457572E-08 1.6316813E-08 2.5319855E-08 2.6446500E-08 1.2191818E-08 1.4312761E-08 2.1137543E-08 2.4235108E-08 1.9615307E-08  307.6621 306.2058 303.9064 301.1584 305.0817 302.4385 301.3474 301.5462 302.7282 300.7332 300.1768 293.2228 301.1198 299.0903 298.3265 299.0691  97480.6
2003 2.1667322E-08 2.3311678E-08 2.8492087E-08 3.9244046E-08 1.8317838E-08 2.8245674E-08 3.4112674E-08 3.1983738E-08 1.8220447E-08 2.7484900E-08 2.8786355E-08 1.2618330E-08 1.6137802E-08 2.3327974E-08 2.4585633E-08 1.9206189E-08  307.0619 305.8895 303.6823 300.9753 304.5789 301.9866 300.9636 301.2476 302.1766 300.2822 299.6507 292.8999 300.4529 298.4857 297.6726 298.3609  113642
2004 2.0508555E-08 2.4476485E-08 3.1162010E-08 4.1713971E-08 1.9280391E-08 2.6965475E-08 3.2535159E-08 3.0973975E-08 1.5596367E-08 2.3956400E-08 2.6192536E-08 1.2314852E-08 1.5298426E-08 2.2202119E-08 2.3311641E-08 1.7410112E-08  307.9157 306.5696 304.1583 301.2491 305.0990 302.3473 301.2953 301.4977 302.6027 300.7607 300.2574 293.1083 300.8814 299.0345 298.4448 299.1682  73625.8
2005 2.0985123E-08 2.4969816E-08 3.2792702E-08 4.4745089E-08 2.1563441E-08 3.1862545E-08 3.8728665E-08 3.6237495E-08 2.0342600E-08 3.4748474E-08 3.6355544E-08 1.8067437E-08 2.0296685E-08 2.7926509E-08 2.8910222E-08 2.1577154E-08  307.7020 306.2545 303.6576 300.8271 304.4775 301.9678 300.7632 300.8143 301.9622 299.8993 299.1440 293.2897 300.0035 297.8633 297.1935 298.0550  62622.6
2006 1.8259087E-08 2.3255765E-08 2.9391714E-08 4.1344613E-08 2.0068075E-08 2.9462770E-08 3.2755665E-08 3.1104349E-08 1.6997305E-08 2.4821883E-08 2.7495863E-08 1.3701446E-08 1.6276179E-08 2.2132820E-08 2.4027599E-08 1.8484954E-08  308.2037 306.6206 303.9790 301.1166 304.8832 302.0573 300.8971 301.0310 302.0372 300.2084 299.6112 293.2401 300.6162 298.6403 298.0762 298.8734  86441.9
2007 1.6294946E-08 1.8683741E-08 2.4597400E-08 3.8625895E-08 1.8431690E-08 2.5052300E-08 2.9373382E-08 2.9432274E-08 1.7287533E-08 2.8377507E-08 3.0604063E-08 1.4562146E-08 1.5073960E-08 2.2008539E-08 2.4171744E-08 1.9017431E-08  308.8515 307.5734 304.8406 301.7441 305.4506 302.8243 301.6798 301.8922 302.5970 300.6497 299.9812 293.0646 301.0120 298.8861 298.2319 299.0764  53654.8
2008 1.7978486E-08 2.3540871E-08 2.8877709E-08 4.2757442E-08 1.6035223E-08 2.3979327E-08 2.8046911E-08 2.8996086E-08 1.6002479E-08 2.3290962E-08 2.5633376E-08 1.3879017E-08 1.7092230E-08 2.5607122E-08 2.7120738E-08 2.1421954E-08  308.5042 306.9371 304.4680 301.2395 305.8682 302.7669 301.4506 301.7420 302.8235 300.6422 300.0458 293.0794 300.7939 298.9342 298.2632 298.9215  128106
2009 1.9208182E-08 2.5114479E-08 3.1815301E-08 4.3650154E-08 1.7846100E-08 2.6200778E-08 2.9818331E-08 3.2537368E-08 1.5921083E-08 2.4309074E-08 2.5932065E-08 1.1187952E-08 1.6359230E-08 2.2222892E-08 2.5329498E-08 1.9119103E-08  308.1173 306.5776 303.9161 300.9403 305.4031 302.6828 301.5535 301.6492 302.7220 300.7345 300.1614 293.0551 300.7948 298.8955 298.1643 298.9854  60616.1
2010 1.7969858E-08 2.1648921E-08 2.8144541E-08 3.8770651E-08 1.8464208E-08 2.7159473E-08 3.2144349E-08 2.9109922E-08 1.7961167E-08 2.8833686E-08 3.0533307E-08 1.5085710E-08 1.5648961E-08 2.1427901E-08 2.4678513E-08 1.9704210E-08  0.0000000E+00 0.0000000E+00 0.0000000E+00 0.0000000E+00 0.0000000E+00 0.0000000E+00 0.0000000E+00 0.0000000E+00 0.0000000E+00 0.0000000E+00 0.0000000E+00 0.0000000E+00 0.0000000E+00 0.0000000E+00 0.0000000E+00 0.0000000E+00  60316.1
2011 1.6176623E-08 2.0127807E-08 2.2645533E-08 3.3081388E-08 2.0980444E-08 2.8500086E-08 3.2467270E-08 3.0362877E-08 2.0009937E-08 2.7697020E-08 2.9525692E-08 1.6069480E-08 1.5646345E-08 2.1993305E-08 2.4870586E-08 1.9544441E-08  308.9701 307.7095 305.2570 301.8575 305.3539 302.4358 301.3234 301.7432 301.9269 300.1874 299.6450 293.0039 300.2907 298.4702 297.9827 298.7977  131161
2012 1.7030914E-08 2.1880579E-08 2.7527143E-08 3.9456477E-08 1.9747848E-08 2.7393765E-08 3.1347337E-08 3.0246635E-08 1.9130873E-08 2.9033112E-08 3.1419958E-08 1.8148986E-08 1.6817262E-08 2.4927623E-08 2.5850433E-08 2.0662249E-08  308.0342 306.5778 304.0996 301.1879 304.5983 302.0145 300.9470 300.9675 301.7634 299.9357 299.2554 293.6173 300.1687 298.3393 297.6793 298.4646  72351.6
2013 1.8483105E-08 2.2043661E-08 2.6393662E-08 3.6183380E-08 1.9898430E-08 2.9746131E-08 3.2953825E-08 3.1885481E-08 1.7584009E-08 2.7530676E-08 3.0628353E-08 1.5989075E-08 1.5190503E-08 2.0591035E-08 2.2473476E-08 1.8266443E-08  308.3933 307.1040 304.2448 301.1923 304.8851 302.1110 300.9752 301.1334 302.2031 300.3998 299.7353 293.0859 300.9752 299.2220 298.4377 299.0771  133903
2014 1.8026208E-08 2.0584917E-08 2.8010666E-08 3.8670571E-08 1.9993660E-08 2.9232586E-08 3.5542350E-08 3.2578214E-08 1.8340941E-08 2.9212648E-08 3.1061823E-08 1.4068162E-08 1.8581476E-08 2.5285745E-08 2.8804573E-08 2.2416133E-08  307.6696 306.4592 303.9872 301.2068 304.3341 302.1809 301.3163 301.5262 302.0997 300.4759 299.9408 292.7311 300.2265 298.4658 297.9384 298.8172  152484
2015 2.1386471E-08 2.4095950E-08 3.3036223E-08 4.4808846E-08 2.1451029E-08 2.8907364E-08 3.4982271E-08 3.5209922E-08 1.9560909E-08 2.7946745E-08 3.2333833E-08 1.6712496E-08 1.7956788E-08 2.4025564E-08 2.7781887E-08 2.3711944E-08  306.8217 305.4998 303.1555 300.4902 303.9951 301.6548 300.6619 300.7571 301.5819 299.8245 299.1784 292.9379 300.0378 298.2187 297.3486 297.8350  53961.3
