STN,prec_1,prec_2,prec_3,prec_4,prec_5,prec_6,prec_7,prec_8,prec_9,prec_10,prec_11,prec_12,prec_13,prec_14,prec_15,prec_16,st_1,st_2,st_3,st_4,st_5,st_6,st_7,st_8,st_9,st_10,st_11,st_12,st_13,st_14,st_15,st_16,10.0
LAT,37.67308,37.67308,37.67308,37.67308,40.46365,40.46365,40.46365,40.46365,43.25420,43.25420,43.25420,43.25420,46.04472,46.04472,46.04472,46.04472,37.67308,37.67308,37.67308,37.67308,40.46365,40.46365,40.46365,40.46365,43.25420,43.25420,43.25420,43.25420,46.04472,46.04472,46.04472,46.04472,41.78058635
LON,-95.62500,-92.81250,-90.00000,-87.18750,-95.62500,-92.81250,-90.00000,-87.18750,-95.62500,-92.81250,-90.00000,-87.18750,-95.62500,-92.81250,-90.00000,-87.18750,-95.62500,-92.81250,-90.00000,-87.18750,-95.62500,-92.81250,-90.00000,-87.18750,-95.62500,-92.81250,-90.00000,-87.18750,-95.62500,-92.81250,-90.00000,-87.18750,-90.252073
1958 1.8757378E-08 2.3483752E-08 2.9764594E-08 3.5746801E-08 1.4174166E-08 1.9808317E-08 2.5076359E-08 2.7405008E-08 1.4106076E-08 1.8581844E-08 2.0481261E-08 2.7610010E-08 1.6250199E-08 1.9316989E-08 2.0309013E-08 2.3216661E-08  275.3907 275.4178 275.8415 275.2401 272.4882 271.4590 272.0180 273.2234 268.2924 267.3613 268.4341 278.3985 265.9852 265.3984 266.2216 268.0697  17825.8
1959 2.5142203E-08 3.1697422E-08 4.1381373E-08 4.9911510E-08 1.5881570E-08 2.5391040E-08 3.6157946E-08 3.8651404E-08 1.4741799E-08 2.0457053E-08 2.4363125E-08 3.2226733E-08 1.6503321E-08 2.0148665E-08 2.1571241E-08 2.5018892E-08  274.4516 275.1131 276.2596 276.2690 271.6617 271.1867 272.2284 273.7011 267.4838 266.9223 268.3311 278.3985 265.2949 265.0214 266.1369 268.2086  52832.3
1960 1.9772610E-08 2.4708090E-08 3.1384396E-08 4.0331795E-08 1.5383469E-08 2.2319178E-08 2.8661201E-08 3.1597803E-08 1.5013836E-08 2.1124000E-08 2.4066885E-08 3.0564248E-08 1.6809977E-08 2.0207477E-08 2.1495326E-08 2.4194932E-08  275.3558 275.7195 276.4947 276.2368 272.2617 271.5524 272.4660 273.7687 267.9693 267.2402 268.4581 278.3985 265.6807 265.3167 266.1897 268.0446  26461.3
1961 2.2191728E-08 2.9203038E-08 3.9418897E-08 4.5952746E-08 1.7454386E-08 2.6036638E-08 3.5068652E-08 3.6976296E-08 1.6187371E-08 2.2873138E-08 2.6359984E-08 3.2624758E-08 1.6244025E-08 1.9188406E-08 2.0760119E-08 2.4551653E-08  275.8260 276.1867 276.9724 276.6239 272.3354 271.7655 272.6615 274.0874 268.1353 267.5342 268.8167 278.3985 266.0881 265.7491 266.6749 268.5107  32341.9
1962 1.6628240E-08 2.3614469E-08 3.2593459E-08 3.7679850E-08 1.2208109E-08 1.9636957E-08 2.7704242E-08 2.9923427E-08 1.4067863E-08 2.0842309E-08 2.5546539E-08 3.2392531E-08 1.6470302E-08 2.1209038E-08 2.3825329E-08 2.6800651E-08  275.9159 276.2117 276.6619 276.0641 272.7231 272.0073 272.6978 273.8782 268.3650 267.6260 268.7528 278.3985 266.0320 265.4781 266.2607 268.0989  39729
1963 1.9190709E-08 2.5019993E-08 3.2206675E-08 3.9066183E-08 1.5004574E-08 2.2144983E-08 2.7478809E-08 2.8921454E-08 1.4218193E-08 2.0067668E-08 2.1788367E-08 2.7872675E-08 1.7073795E-08 2.0081499E-08 2.1147702E-08 2.3759194E-08  275.7582 275.9544 276.4393 275.8557 272.7874 271.9205 272.4978 273.5845 268.6817 267.8606 268.9232 278.3985 266.4036 265.8690 266.6313 268.2962  18964.5
1964 1.9765057E-08 2.5212973E-08 3.3441911E-08 4.1022773E-08 1.3787867E-08 2.1304253E-08 2.8999557E-08 3.0506769E-08 1.3167361E-08 1.9334657E-08 2.2570354E-08 3.0762443E-08 1.5742081E-08 1.9829329E-08 2.1614710E-08 2.4729344E-08  275.5316 275.7804 276.3193 275.8266 272.0890 271.4375 272.2041 273.3796 267.6222 266.8770 268.0459 278.3986 265.2987 264.7986 265.6962 267.6493  25132.3
1965 1.9103215E-08 2.5324727E-08 3.3949032E-08 4.1731809E-08 1.3402648E-08 1.9910798E-08 2.7008999E-08 3.0531066E-08 1.3995198E-08 1.9044130E-08 2.0997414E-08 2.7341963E-08 1.5561710E-08 1.8402361E-08 1.9806233E-08 2.2911141E-08  274.9789 275.0621 275.6273 275.3307 272.2381 271.4649 272.1221 273.3225 268.3190 267.5290 268.6247 278.3985 266.1411 265.6096 266.2571 267.9435  67441.9
1966 2.1081190E-08 2.6469250E-08 3.4281829E-08 4.1933898E-08 1.7086291E-08 2.4904006E-08 3.2719896E-08 3.4566902E-08 1.5836022E-08 2.2211259E-08 2.5328781E-08 3.1063212E-08 1.7531107E-08 2.2220060E-08 2.3918222E-08 2.6905207E-08  276.0419 276.3774 277.0047 276.5411 273.0265 272.3882 273.1282 274.2785 269.0496 268.3236 269.4022 278.3985 266.8569 266.3344 267.0389 268.8509  27567.7
1967 1.9795646E-08 2.7311481E-08 3.5368025E-08 4.2493159E-08 1.6290896E-08 2.3936241E-08 3.1379354E-08 3.2440756E-08 1.5820598E-08 2.1604766E-08 2.4129932E-08 3.0530138E-08 1.7564577E-08 2.1036575E-08 2.2154394E-08 2.4657668E-08  275.9524 276.0995 276.6356 276.0641 272.8075 271.9474 272.6815 273.9933 268.5388 267.7720 268.8975 278.3985 266.1995 265.6696 266.5024 268.3310  22909.7
1968 2.1567763E-08 2.6566903E-08 3.3793889E-08 4.0336843E-08 1.8838044E-08 2.5505512E-08 3.2407488E-08 3.3596255E-08 1.8196166E-08 2.4458567E-08 2.7717869E-08 3.2489599E-08 1.9492328E-08 2.3850941E-08 2.5909273E-08 2.8717068E-08  276.2991 276.4988 276.8662 276.1458 273.0729 272.4312 273.1392 274.2147 268.6717 268.0335 269.3306 278.3985 266.4184 266.0143 266.9519 268.7405  64177.4
1969 1.8662782E-08 2.2411436E-08 2.8755371E-08 3.7746627E-08 1.5133505E-08 2.1680970E-08 2.7070721E-08 2.9259663E-08 1.5562417E-08 2.1401718E-08 2.3711962E-08 3.0236773E-08 1.6882083E-08 2.1036303E-08 2.2729598E-08 2.6075293E-08  275.5163 275.6270 276.1525 275.6143 272.4590 271.5042 272.1942 273.3759 268.2604 267.3576 268.4648 278.3985 266.1396 265.6143 266.4170 268.2059  27880.6
1970 1.9089168E-08 2.2708711E-08 2.8894611E-08 3.6585085E-08 1.5172478E-08 2.3149516E-08 3.0877839E-08 3.3501468E-08 1.4006813E-08 2.0335991E-08 2.4105995E-08 3.2076660E-08 1.6603408E-08 1.9500225E-08 2.0496776E-08 2.3786690E-08  275.6653 275.9040 276.3053 275.6772 272.3013 271.3542 271.8933 273.0775 267.6271 266.7215 267.7939 278.3985 265.1295 264.4017 265.1582 267.1643  32583.9
1971 1.6006835E-08 1.9715177E-08 2.8415904E-08 3.7622836E-08 1.5526904E-08 2.0647008E-08 2.6629332E-08 2.9624193E-08 1.5192315E-08 2.0167862E-08 2.1911825E-08 2.9643493E-08 1.5621788E-08 1.8545727E-08 1.9675317E-08 2.2388676E-08  275.2295 275.3118 275.8363 275.3950 271.9525 271.0435 271.6523 272.8730 267.6931 266.9129 268.0426 278.3986 265.4349 264.9338 265.8585 267.7259  34454.8
1972 2.3779137E-08 3.0093162E-08 3.6537056E-08 4.2097739E-08 1.8362805E-08 2.6477714E-08 3.2796034E-08 3.3497503E-08 1.8175109E-08 2.4259730E-08 2.6753860E-08 3.3570679E-08 1.8580362E-08 2.2079879E-08 2.3454360E-08 2.6315412E-08  274.2927 274.5038 275.0654 274.6373 271.4247 270.7532 271.5777 272.7544 267.5617 266.9059 268.1471 278.3986 265.6440 265.2691 266.1539 268.1046  75371
1973 1.9242789E-08 2.3609818E-08 3.1524014E-08 3.9329262E-08 1.6142748E-08 2.4580839E-08 3.2447979E-08 3.2867025E-08 1.4643962E-08 2.2638195E-08 2.7357622E-08 3.3716308E-08 1.5670917E-08 2.0371219E-08 2.2903700E-08 2.6253643E-08  275.9590 276.3396 276.8904 276.3926 272.1951 271.5478 272.2962 273.5974 267.3996 266.5269 267.8700 278.3985 265.1381 264.5774 265.5679 267.6371  53000
1974 2.4318270E-08 2.9724511E-08 3.7584332E-08 4.5359702E-08 1.8581511E-08 2.6989550E-08 3.4616292E-08 3.5541802E-08 1.5807320E-08 2.2025837E-08 2.4659460E-08 3.1982211E-08 1.5518195E-08 1.9331939E-08 2.0840716E-08 2.3789674E-08  274.7945 275.1155 275.7643 275.3750 271.4564 270.7921 271.5946 272.9235 267.2975 266.5813 267.9276 278.3985 264.9340 264.4180 265.4860 267.5941  24880.6
1975 1.5938785E-08 1.9733950E-08 2.6913304E-08 3.5387966E-08 1.5282371E-08 2.2938547E-08 2.9809520E-08 3.1813091E-08 1.6147450E-08 2.3202047E-08 2.5832259E-08 3.2709412E-08 1.7314695E-08 2.1234191E-08 2.2784080E-08 2.5898414E-08  275.0877 275.5589 276.2186 275.7674 271.3347 270.7159 271.5990 272.9316 266.3127 265.7672 267.2853 278.3985 264.0281 263.6790 264.6957 266.7226  26432.3
1976 2.2775609E-08 2.9062594E-08 3.8527965E-08 4.6018151E-08 1.8328487E-08 2.7987177E-08 3.6491038E-08 3.8192759E-08 1.6938028E-08 2.4097297E-08 2.8052607E-08 3.6001847E-08 1.7742421E-08 2.1107951E-08 2.2770090E-08 2.6371257E-08  274.9875 275.2011 275.7861 275.3967 272.0193 271.0006 271.7474 273.0139 267.8159 266.9168 268.0496 278.3985 265.4794 264.8966 265.8394 267.8669  15964.5
1977 1.6047920E-08 2.3176929E-08 3.1665252E-08 3.8483655E-08 1.3584088E-08 2.1405256E-08 2.9732018E-08 3.2247737E-08 1.4897693E-08 2.0490850E-08 2.3042107E-08 3.0713572E-08 1.7412550E-08 2.1021352E-08 2.2306283E-08 2.4723070E-08  275.7531 275.7060 276.0892 275.5059 272.4248 271.5153 272.2048 273.4252 268.0657 267.2339 268.4911 278.3986 265.9160 265.3943 266.2733 268.2034  48477.4
1978 1.7678957E-08 2.3236293E-08 3.2161882E-08 4.0351186E-08 1.3450316E-08 2.0365171E-08 2.8088513E-08 3.0677491E-08 1.3750648E-08 1.8444220E-08 2.0608853E-08 2.7403056E-08 1.6439660E-08 1.9826093E-08 2.0382721E-08 2.3270786E-08  276.0569 276.0713 276.4523 275.8125 272.8632 271.8547 272.4354 273.5610 268.6580 267.8416 268.8976 278.3985 266.6072 266.0550 266.7852 268.4247  38067.7
1979 2.0217795E-08 2.7289992E-08 3.7622026E-08 4.6988308E-08 1.4416132E-08 2.1325203E-08 2.8569888E-08 3.1356027E-08 1.5926137E-08 2.1335440E-08 2.3569637E-08 2.9789701E-08 1.7712825E-08 2.0240766E-08 2.1579339E-08 2.5011419E-08  275.7152 275.7000 276.1325 275.6313 272.6656 271.6352 272.2241 273.4142 268.4083 267.5226 268.5891 278.3986 266.2109 265.6494 266.4812 268.2392  32361.3
1980 2.2468759E-08 2.9975762E-08 3.8953928E-08 4.7737910E-08 1.6271899E-08 2.5538377E-08 3.5072752E-08 3.7740001E-08 1.6536042E-08 2.3321075E-08 2.7829795E-08 3.5611976E-08 1.8076781E-08 2.1204492E-08 2.3168997E-08 2.8225575E-08  275.2010 275.2288 275.6691 275.2106 271.8530 270.9998 271.7450 273.0025 267.2396 266.5426 267.9265 278.3985 264.9845 264.6621 265.6992 267.8146  48064.5
1981 2.2097900E-08 2.6851858E-08 3.5012249E-08 4.2396021E-08 1.8519222E-08 2.6631994E-08 3.3838582E-08 3.5185732E-08 1.7837268E-08 2.3867550E-08 2.6212046E-08 3.3690508E-08 1.8605309E-08 2.1412173E-08 2.2638341E-08 2.5908115E-08  275.0302 275.1115 275.5948 275.1682 271.7004 270.7971 271.4550 272.7326 267.2923 266.4899 267.7798 278.3985 264.9734 264.5567 265.5500 267.5881  47112.9
1982 2.1814801E-08 2.7555023E-08 3.5912812E-08 4.3112692E-08 1.4960660E-08 2.2080689E-08 2.9523726E-08 3.3156077E-08 1.4014819E-08 1.9257204E-08 2.2138646E-08 3.1263589E-08 1.5267382E-08 1.8698088E-08 2.0272386E-08 2.4445253E-08  273.9470 273.8817 274.4403 274.0972 271.4068 270.3822 271.0270 272.3329 267.4308 266.5557 267.7239 277.9890 265.4946 264.9269 265.6853 267.5262  61967.7
1983 2.1735103E-08 2.7912856E-08 3.6420730E-08 4.5897316E-08 1.6804414E-08 2.6103470E-08 3.3744346E-08 3.5105934E-08 1.6895829E-08 2.4161473E-08 2.7677707E-08 3.4552642E-08 1.8752294E-08 2.2816106E-08 2.4755305E-08 2.8468685E-08  275.0689 275.2794 276.0516 275.8496 272.0236 271.2006 271.9759 273.4075 267.8565 267.0734 268.3138 278.9411 265.7921 265.3445 266.2837 268.2775  53061.3
1984 2.1687658E-08 2.6410271E-08 3.3760319E-08 4.2852317E-08 1.5539914E-08 2.3292229E-08 3.0481498E-08 3.2303763E-08 1.4627745E-08 2.1179442E-08 2.3835673E-08 2.9719763E-08 1.6340236E-08 2.0192330E-08 2.1599238E-08 2.3551650E-08  275.6631 275.9432 276.5902 276.2231 272.3701 271.5985 272.2496 273.4918 267.9802 267.2171 268.4335 278.1398 265.8953 265.2826 266.1863 268.0039  51103.2
1985 1.9550244E-08 2.4397085E-08 3.2577059E-08 4.0967961E-08 1.4516834E-08 2.1255937E-08 2.7764191E-08 3.0116755E-08 1.4687252E-08 2.0411935E-08 2.2157796E-08 3.0103237E-08 1.6490663E-08 2.0680391E-08 2.2063315E-08 2.3987644E-08  274.3107 274.5197 275.0418 274.6136 271.3672 270.5466 271.2078 272.4540 267.2453 266.5161 267.6636 278.5451 265.1247 264.5865 265.3808 267.2443  89838.7
1986 1.8308391E-08 2.1542208E-08 2.8169968E-08 3.5393114E-08 1.5720264E-08 2.1204889E-08 2.6292557E-08 2.7216453E-08 1.6044453E-08 1.9694033E-08 2.0700302E-08 2.6739002E-08 1.6457328E-08 1.8868043E-08 1.9635765E-08 2.2177547E-08  275.6814 275.5255 275.8117 275.1710 272.6494 271.6085 271.9576 272.8991 268.4311 267.6096 268.5827 277.9230 266.2853 265.7969 266.4928 267.9649  149442
1987 2.2905628E-08 2.9095572E-08 3.8322067E-08 4.5229559E-08 1.8273454E-08 2.4662732E-08 3.1635739E-08 3.4216473E-08 1.8636179E-08 2.3524770E-08 2.5009205E-08 3.1494825E-08 1.9812495E-08 2.2230680E-08 2.2683238E-08 2.5331927E-08  274.9167 275.1389 275.7421 275.3284 272.1191 271.4203 272.2254 273.4467 268.2739 267.5561 268.7953 278.4296 266.1640 265.7511 266.6997 268.6223  22229
1988 1.7274722E-08 2.0985802E-08 2.6041421E-08 3.1925083E-08 1.6071384E-08 2.2596131E-08 2.7352135E-08 2.7977721E-08 1.6756342E-08 2.3268186E-08 2.4738354E-08 2.9883449E-08 1.9027341E-08 2.4575719E-08 2.5908008E-08 2.7422489E-08  276.8018 276.9282 277.1341 276.2870 273.4964 272.5831 272.8852 273.7903 269.0169 268.1433 269.1018 278.1050 266.3386 265.8012 266.6395 268.4887  21903.2
1989 1.9652587E-08 2.6498114E-08 3.4663380E-08 4.2800902E-08 1.4609377E-08 2.3993161E-08 3.3416431E-08 3.6712802E-08 1.4744957E-08 2.2148638E-08 2.7048943E-08 3.3405136E-08 1.7680600E-08 2.1434579E-08 2.2998442E-08 2.6543573E-08  276.7619 277.2057 277.9104 277.5219 273.2664 272.4940 273.2482 274.6340 268.6015 267.8650 269.1065 278.5602 265.9504 265.6078 266.5321 268.3015  17771
1990 2.0079575E-08 2.4993845E-08 2.9944125E-08 3.3579408E-08 1.7052459E-08 2.3020631E-08 2.8114147E-08 2.7402585E-08 1.7681746E-08 2.3763658E-08 2.5440110E-08 3.1612821E-08 1.8949708E-08 2.3291642E-08 2.4879045E-08 2.7546161E-08  275.0839 275.1295 275.5884 275.1001 272.0902 271.3654 272.0564 273.2677 267.9359 267.1166 268.3605 278.8230 265.8146 265.2894 266.1674 268.0882  37454.8
1991 2.1585766E-08 2.7870207E-08 3.7548951E-08 4.7854527E-08 1.9232312E-08 2.7944436E-08 3.5958760E-08 3.9013148E-08 1.8363965E-08 2.4755503E-08 2.9102683E-08 3.7146304E-08 1.9579666E-08 2.2927541E-08 2.4665571E-08 2.9031009E-08  275.2538 275.5078 276.1086 275.6418 272.0296 271.4232 272.1635 273.4691 267.7485 267.2240 268.5833 278.8515 265.3898 265.2213 266.2921 268.2860  37480.6
1992 2.1375781E-08 2.6500647E-08 3.2922934E-08 4.0391775E-08 1.6672770E-08 2.3271383E-08 2.9584060E-08 3.1394833E-08 1.5291045E-08 1.9637705E-08 2.1895112E-08 3.0348041E-08 1.4639588E-08 1.7753417E-08 1.9974912E-08 2.3646361E-08  274.0032 274.2239 274.8206 274.4164 270.9454 270.2230 270.9952 272.2160 267.0182 266.3277 267.5253 277.8459 265.1793 264.7237 265.4976 267.2863  43441.9
1993 1.3474388E-08 1.7198692E-08 2.4190308E-08 3.2508368E-08 1.0891583E-08 1.4151030E-08 1.8355978E-08 2.1998734E-08 1.2788688E-08 1.6302307E-08 1.7136788E-08 2.4522322E-08 1.4255586E-08 1.7109267E-08 1.8481359E-08 2.1176996E-08  274.8770 274.9155 275.3075 274.6773 272.3596 271.3970 271.9170 272.8878 268.7039 267.7567 268.6387 278.1306 266.7659 266.0351 266.5837 268.0617  55977.4
1994 1.9017296E-08 2.4296076E-08 3.3336374E-08 4.1064023E-08 1.2477870E-08 1.8756054E-08 2.6025036E-08 2.9781958E-08 1.3280875E-08 1.8511974E-08 2.0697474E-08 2.7338851E-08 1.6836092E-08 2.0062105E-08 2.0377685E-08 2.3679947E-08  275.7362 275.8371 276.2639 275.6518 273.4152 272.4812 272.8967 273.8233 269.7375 268.8023 269.6459 278.4093 267.5287 266.8424 267.4392 269.0154  59464.5
1995 2.4301066E-08 2.9625253E-08 3.5640820E-08 4.1305260E-08 1.7220151E-08 2.4592795E-08 3.0553569E-08 3.1273164E-08 1.5060063E-08 2.0936001E-08 2.3963500E-08 2.9916137E-08 1.5174031E-08 1.8734784E-08 2.0682814E-08 2.4656950E-08  275.6806 275.9965 276.6655 276.3256 272.4630 271.7075 272.4579 273.6766 268.0865 267.2840 268.4687 278.4952 266.1959 265.6666 266.4223 268.2256  63854.8
1996 1.9425272E-08 2.4611429E-08 3.1104292E-08 3.8409041E-08 1.5621550E-08 2.2679322E-08 2.9790250E-08 3.3469263E-08 1.8079515E-08 2.4444114E-08 2.6617217E-08 3.4152734E-08 1.9056904E-08 2.2280881E-08 2.3833836E-08 2.7234220E-08  274.9919 274.9401 275.4847 274.9507 271.3665 270.4151 271.3210 272.6981 266.6811 266.1078 267.5690 278.5371 264.5290 264.3143 265.4037 267.4265  30954.8
1997 2.4017808E-08 3.0737304E-08 4.0833470E-08 4.8306074E-08 1.8163254E-08 2.5708951E-08 3.3750240E-08 3.6277509E-08 1.8075601E-08 2.3385972E-08 2.6325802E-08 3.3010203E-08 1.6877731E-08 2.0504917E-08 2.2123009E-08 2.4912135E-08  273.8555 274.0155 274.6689 274.4087 271.1512 270.5737 271.5038 272.7885 267.5751 267.0102 268.3946 278.0677 265.7880 265.4801 266.5988 268.5733  43332.3
1998 1.5619756E-08 2.0819403E-08 3.1191302E-08 4.1984087E-08 1.4450465E-08 2.1577007E-08 3.0297983E-08 3.3494768E-08 1.6273153E-08 2.2235499E-08 2.5012898E-08 3.3190449E-08 1.7842314E-08 2.1230475E-08 2.2243180E-08 2.5254252E-08  276.4396 276.4610 277.0379 276.5267 272.6106 271.8104 272.5398 273.8989 267.9696 267.3457 268.7101 279.2155 265.5552 265.2790 266.4068 268.4264  36422.6
1999 2.0121629E-08 2.5172543E-08 3.2686984E-08 3.9910677E-08 1.6536495E-08 2.4665219E-08 3.1836350E-08 3.3798166E-08 1.7467196E-08 2.5292366E-08 2.7462903E-08 3.1647446E-08 2.0869466E-08 2.5534426E-08 2.6080899E-08 2.7235922E-08  277.7968 278.2210 278.7773 278.1217 274.2188 273.4395 274.0218 275.1571 269.1795 268.4062 269.5217 278.6479 266.2507 265.7465 266.6778 268.5864  34438.7
2000 2.2019938E-08 2.7500581E-08 3.6142076E-08 4.5496584E-08 1.7432679E-08 2.5915295E-08 3.3886487E-08 3.5473438E-08 1.6717074E-08 2.3259762E-08 2.6063127E-08 3.0984491E-08 1.6803671E-08 2.0396509E-08 2.1302720E-08 2.3352527E-08  275.9606 276.3783 277.2314 276.9995 272.1037 271.3951 272.2932 273.6273 267.0631 266.5316 267.9714 278.5428 264.7828 264.5371 265.7193 267.7292  25045.2
2001 1.4561684E-08 1.7102284E-08 2.1562618E-08 2.8277586E-08 1.2460924E-08 1.7195173E-08 2.2354286E-08 2.3872035E-08 1.5123289E-08 1.9697158E-08 2.1771941E-08 2.9143621E-08 1.6844661E-08 2.0821808E-08 2.1875449E-08 2.4266569E-08  275.8570 276.0385 276.4247 275.7120 272.7289 271.7908 272.3185 273.3808 268.0984 267.1942 268.2164 278.5073 265.6253 264.9384 265.7292 267.6042  30045.2
2002 2.2601530E-08 2.8509016E-08 3.8244458E-08 4.6504702E-08 1.6254928E-08 2.3856956E-08 3.2098008E-08 3.5280099E-08 1.6055498E-08 2.2096334E-08 2.5289397E-08 3.1828570E-08 1.6149434E-08 2.0445635E-08 2.2585436E-08 2.5563326E-08  275.5384 275.8882 276.7020 276.4026 272.8420 272.2215 272.9542 274.2075 268.6810 268.1512 269.3533 279.2068 266.4628 266.0821 266.8467 268.5820  74612.9
2003 1.9634436E-08 2.4219437E-08 3.0723108E-08 3.8046238E-08 1.5933221E-08 2.4661411E-08 3.3108524E-08 3.4493478E-08 1.7137888E-08 2.3948564E-08 2.6656762E-08 3.4903895E-08 1.9691225E-08 2.3674716E-08 2.4581945E-08 2.7098080E-08  275.8109 275.9864 276.6506 276.2287 272.2092 271.4726 272.2659 273.5804 267.4638 266.7957 268.1136 279.1110 265.3282 264.9291 265.8594 267.7670  19503.2
2004 1.9411969E-08 2.3873271E-08 3.0006895E-08 3.6265696E-08 1.5224137E-08 2.3361423E-08 3.0008060E-08 3.0755121E-08 1.5758976E-08 2.1512070E-08 2.4869468E-08 3.1798510E-08 1.5775765E-08 1.8977593E-08 2.0815095E-08 2.3932913E-08  275.1528 275.4308 275.9646 275.5011 272.2511 271.4897 272.0926 273.2679 268.1393 267.4496 268.5479 278.7968 266.1845 265.7112 266.4864 268.1497  40851.6
2005 1.9478952E-08 2.5396405E-08 3.4601609E-08 4.2139380E-08 1.3375859E-08 2.0222460E-08 2.8210048E-08 3.1365484E-08 1.4897964E-08 1.9743654E-08 2.1824345E-08 3.0495741E-08 1.6861605E-08 1.9510436E-08 2.0352134E-08 2.3384345E-08  274.9166 275.0634 275.5155 275.0889 271.9203 270.9834 271.5319 272.7717 267.6112 266.6787 267.7333 279.0895 265.4729 264.8777 265.7188 267.6751  61512.9
2006 2.6885969E-08 3.4144183E-08 4.3935660E-08 5.1790188E-08 1.9708127E-08 2.7714792E-08 3.5018576E-08 3.6614644E-08 1.6502145E-08 2.2745475E-08 2.5697252E-08 3.1505103E-08 1.6622263E-08 2.0364128E-08 2.2170539E-08 2.4971357E-08  275.9287 276.1838 276.7771 276.3183 272.7192 271.9002 272.5252 273.7546 268.4052 267.6879 268.7711 278.4962 266.3719 266.0023 266.9037 268.6573  26200
2007 1.9096188E-08 2.5333238E-08 3.4831995E-08 4.5190514E-08 1.5833422E-08 2.4439659E-08 3.2924600E-08 3.5069608E-08 1.9370701E-08 2.6443619E-08 2.9960759E-08 3.6799648E-08 2.2127974E-08 2.6429351E-08 2.8137780E-08 3.1231728E-08  275.0906 275.4161 276.2271 275.9972 271.7618 270.9668 271.7512 273.1422 267.2720 266.7198 267.9919 278.7837 265.0186 264.6440 265.6073 267.6031  69409.7
2008 2.3968541E-08 2.8295199E-08 3.6050452E-08 4.2465203E-08 1.9636621E-08 2.7684081E-08 3.5054150E-08 3.5760429E-08 1.7745975E-08 2.4123906E-08 2.7191618E-08 3.2998344E-08 1.9028986E-08 2.3399565E-08 2.5882191E-08 2.8960056E-08  275.6902 276.1644 276.8625 276.4245 272.5379 271.9563 272.8138 274.0696 268.3173 267.6934 269.0176 278.8307 265.8658 265.4486 266.4027 268.4129  29922.6
2009 2.2609919E-08 2.8354957E-08 3.7393754E-08 4.5350475E-08 1.8586492E-08 2.6081265E-08 3.2139571E-08 3.3733379E-08 1.7832672E-08 2.4774891E-08 2.7066685E-08 3.1951316E-08 1.8060920E-08 2.3511662E-08 2.6149870E-08 2.8653092E-08  276.0631 276.1014 276.5693 276.1190 272.9173 272.1318 272.7577 273.9489 268.4774 267.7392 269.0320 278.5902 265.9681 265.6290 266.6142 268.6884  40409.7
2010 1.6058260E-08 2.0815829E-08 2.7107607E-08 3.2516315E-08 1.3073751E-08 1.9066050E-08 2.5958590E-08 2.8955423E-08 1.4438594E-08 2.0539073E-08 2.3226841E-08 2.9658192E-08 1.5131228E-08 1.9734291E-08 2.2109118E-08 2.4975824E-08  276.9265 277.0702 277.4455 276.6562 273.6453 272.8937 273.4807 274.4918 269.2561 268.5477 269.7027 278.7802 267.1989 266.5200 267.1103 268.7445  122484
2011 1.8164132E-08 2.5748806E-08 3.7205776E-08 4.6294193E-08 1.4966556E-08 2.3179474E-08 3.3095066E-08 3.8124448E-08 1.7529564E-08 2.4390170E-08 2.7483834E-08 3.4218075E-08 2.0116254E-08 2.4549381E-08 2.6464436E-08 2.9634267E-08  275.9496 276.2924 277.1280 276.9386 272.0259 271.3322 272.3387 273.8333 266.7746 266.3633 267.9941 278.4582 264.3283 264.1695 265.4349 267.6928  31671
2012 2.0817676E-08 2.5318348E-08 3.4345582E-08 4.3466944E-08 1.8348507E-08 2.5952257E-08 3.3106851E-08 3.5668073E-08 1.8565622E-08 2.5469415E-08 2.8181129E-08 3.5087606E-08 2.0324675E-08 2.5345409E-08 2.7042441E-08 2.9783720E-08  275.1191 275.3100 275.8847 275.5135 271.7254 271.1902 272.0424 273.2867 267.0582 266.6143 268.2039 278.9697 264.6467 264.4821 265.5833 267.7023  18780.6
2013 1.7568329E-08 2.3836426E-08 3.3004760E-08 4.2771870E-08 1.2447719E-08 1.9588166E-08 2.8001571E-08 3.0902303E-08 1.3288530E-08 1.8377975E-08 2.1542034E-08 2.9643992E-08 1.5894905E-08 1.8845821E-08 2.0342144E-08 2.3897512E-08  275.7706 275.9035 276.4448 276.0417 272.5164 271.5387 272.1909 273.4866 268.1562 267.3763 268.4480 278.7594 265.9443 265.3972 266.1660 267.9911  37854.8
2014 1.6816374E-08 2.1198366E-08 2.8584790E-08 3.6430119E-08 1.3433085E-08 1.9414765E-08 2.5979528E-08 2.8870083E-08 1.4079072E-08 1.9427871E-08 2.1757769E-08 2.7740253E-08 1.4963707E-08 1.8256989E-08 1.9628141E-08 2.1892493E-08  275.8352 275.9816 276.5316 276.0121 272.9697 272.1209 272.7621 273.8742 268.7557 267.9077 268.9721 278.3083 266.6424 266.0292 266.6330 268.2257  48267.7
2015 2.5845106E-08 2.8723321E-08 3.5896985E-08 4.4071690E-08 2.1159366E-08 2.5540553E-08 2.8926014E-08 3.1313775E-08 1.7383394E-08 2.1544837E-08 2.2935570E-08 2.8171383E-08 1.6550711E-08 1.9137389E-08 1.9643302E-08 2.1647725E-08  274.5252 274.8250 275.6864 275.5697 271.8640 271.5806 272.5203 273.7748 268.3096 268.1064 269.5692 278.8097 266.2792 266.2965 267.4199 269.2419  30551.6
