STN,prec_1,prec_2,prec_3,prec_4,prec_5,prec_6,prec_7,prec_8,prec_9,prec_10,prec_11,prec_12,prec_13,prec_14,prec_15,prec_16,st_1,st_2,st_3,st_4,st_5,st_6,st_7,st_8,st_9,st_10,st_11,st_12,st_13,st_14,st_15,st_16,08.0
LAT,37.67308,37.67308,37.67308,37.67308,40.46365,40.46365,40.46365,40.46365,43.25420,43.25420,43.25420,43.25420,46.04472,46.04472,46.04472,46.04472,37.67308,37.67308,37.67308,37.67308,40.46365,40.46365,40.46365,40.46365,43.25420,43.25420,43.25420,43.25420,46.04472,46.04472,46.04472,46.04472,41.78058635
LON,-95.62500,-92.81250,-90.00000,-87.18750,-95.62500,-92.81250,-90.00000,-87.18750,-95.62500,-92.81250,-90.00000,-87.18750,-95.62500,-92.81250,-90.00000,-87.18750,-95.62500,-92.81250,-90.00000,-87.18750,-95.62500,-92.81250,-90.00000,-87.18750,-95.62500,-92.81250,-90.00000,-87.18750,-95.62500,-92.81250,-90.00000,-87.18750,-90.252073
1958 1.7923419E-08 1.9304878E-08 2.2741693E-08 3.3156550E-08 2.1392413E-08 2.7781772E-08 3.1464399E-08 3.0950577E-08 2.2313422E-08 3.1518386E-08 3.3102332E-08 1.9573054E-08 2.0752015E-08 2.8157878E-08 2.9893645E-08 2.3608887E-08  307.7924 306.6017 304.0570 301.2956 303.8453 301.4240 300.4024 300.7362 301.4182 299.4695 298.6910 292.9890 299.6440 297.5841 296.9803 297.6200  17303.2
1959 2.4981608E-08 2.8108525E-08 3.3779450E-08 4.4185395E-08 2.0239833E-08 2.7939102E-08 3.0967829E-08 3.1365420E-08 1.7926487E-08 2.7250620E-08 2.8155066E-08 1.3250216E-08 1.6541433E-08 2.2581899E-08 2.4936872E-08 2.0261568E-08  306.0688 304.5935 302.4299 300.0727 303.1348 301.0047 300.2001 300.3261 301.2864 299.5822 299.0677 292.9890 299.9197 298.1745 297.4840 298.1692  26367.7
1960 2.1006665E-08 2.4016355E-08 3.0955277E-08 4.2383039E-08 1.9344972E-08 2.5764516E-08 3.1972860E-08 3.1336864E-08 1.5882009E-08 2.5854360E-08 2.8266694E-08 1.3405113E-08 1.6311622E-08 2.3128457E-08 2.5287534E-08 1.9997369E-08  307.1933 305.6783 303.4079 300.7545 304.3403 301.8148 300.6583 300.9650 301.9955 300.0244 299.3003 292.9889 300.5519 298.6335 297.8586 298.4690  24616.1
1961 2.1199398E-08 2.4363059E-08 2.9976999E-08 4.0219216E-08 1.8533219E-08 2.6162951E-08 3.0970064E-08 2.9873881E-08 1.5239445E-08 2.1539659E-08 2.7019764E-08 1.3027410E-08 1.4530601E-08 2.0325494E-08 2.2923031E-08 1.8148221E-08  306.6952 305.2463 302.9207 300.2726 304.0565 301.5410 300.4023 300.5351 301.7315 299.8918 299.1089 292.9890 300.2640 298.3943 297.7083 298.4308  21700
1962 1.9803201E-08 2.2828665E-08 2.8128483E-08 4.3837296E-08 1.8145078E-08 2.5403985E-08 3.1091208E-08 2.8981187E-08 1.8122066E-08 2.5671142E-08 2.6893204E-08 1.4745140E-08 1.4470405E-08 2.1370216E-08 2.3098750E-08 1.8634902E-08  308.2372 306.7663 304.0396 301.2290 305.0143 302.5158 301.3807 301.5248 302.5434 300.6181 299.8939 292.9889 301.1404 299.0488 298.0871 298.6613  37638.7
1963 2.3405359E-08 2.6648388E-08 3.4073128E-08 4.4937661E-08 2.0391804E-08 2.9028962E-08 3.2989352E-08 3.1826950E-08 1.8959833E-08 2.7148390E-08 3.0183642E-08 1.6266592E-08 1.8276166E-08 2.4346294E-08 2.6501448E-08 2.0650534E-08  306.6490 305.0492 302.6643 300.2057 303.6356 301.2080 300.1450 300.2163 301.1469 299.5182 298.8274 292.9889 299.4485 297.5053 296.9502 297.7690  26274.2
1964 2.0876037E-08 2.4891634E-08 2.9044267E-08 4.0252381E-08 2.0928139E-08 2.7558071E-08 3.1951334E-08 2.9291657E-08 1.5409823E-08 2.4026932E-08 2.7700837E-08 1.2436262E-08 1.6777578E-08 2.2986555E-08 2.6788117E-08 2.0723389E-08  307.6581 306.0665 303.4671 300.7782 304.1434 301.7682 300.7362 300.8495 301.7373 299.9545 299.2516 292.9890 299.8942 298.1426 297.4275 298.1430  14616.1
1965 2.1711431E-08 2.4685434E-08 3.1302736E-08 4.4632042E-08 2.1782370E-08 3.0896924E-08 3.8352880E-08 3.5774629E-08 2.2440048E-08 3.2811485E-08 3.4324568E-08 1.6702341E-08 1.9486544E-08 2.5005681E-08 2.7906545E-08 2.2570083E-08  306.5883 305.3665 302.9886 300.1411 303.9635 301.5135 300.3755 300.4037 301.4010 299.5110 298.7681 292.9889 299.6541 297.7211 296.8390 297.5181  28190.3
1966 2.2451871E-08 2.6103494E-08 3.3771414E-08 4.8000636E-08 2.2651854E-08 3.3325435E-08 3.7524742E-08 3.5004962E-08 2.1601000E-08 2.9095373E-08 3.0461472E-08 1.4768299E-08 1.9398065E-08 2.6533980E-08 2.7424644E-08 1.9073026E-08  305.9469 304.2411 302.0084 299.6837 303.2227 300.9663 300.0807 300.0758 301.3161 299.6125 298.9691 292.9889 299.6766 297.7789 297.0537 297.8387  29671
1967 1.7694829E-08 2.2569097E-08 2.9267035E-08 3.8432674E-08 1.9626526E-08 2.7469849E-08 3.1288156E-08 2.9733867E-08 1.7662231E-08 2.7021354E-08 2.9114387E-08 1.5343783E-08 1.5763655E-08 2.1441963E-08 2.2568271E-08 1.8484313E-08  307.3971 305.6117 302.8712 300.2629 303.9132 301.4010 300.4451 300.4053 301.5320 299.7667 299.0645 292.9890 300.2630 298.2764 297.5733 298.1984  24419.4
1968 2.2301043E-08 2.4289585E-08 2.9859983E-08 4.1271626E-08 1.8408935E-08 2.4885109E-08 3.0208334E-08 3.1901024E-08 1.5038113E-08 2.1057636E-08 2.5175035E-08 1.2326236E-08 1.4307180E-08 2.1616222E-08 2.4290909E-08 2.0069049E-08  306.4681 305.1397 302.9691 300.3981 303.7715 301.5051 300.5894 300.7970 301.7642 300.0738 299.5361 292.9889 299.9359 297.9052 297.4316 298.2594  44829
1969 1.8718481E-08 2.2498131E-08 2.9062134E-08 4.1657533E-08 1.9975605E-08 2.9892547E-08 3.2994198E-08 3.1633519E-08 1.8827391E-08 2.8855050E-08 3.1253744E-08 1.5566819E-08 1.5474393E-08 2.0634058E-08 2.4639533E-08 1.9697820E-08  308.0487 306.8303 304.5739 301.4352 304.8745 302.4669 301.4475 301.6161 302.5206 300.6802 299.9007 292.9889 300.9403 299.0669 298.2455 298.9365  27887.1
1970 2.1610148E-08 2.5080098E-08 3.0115668E-08 4.0535586E-08 1.8234100E-08 2.6873584E-08 2.9728300E-08 2.8144861E-08 1.6056987E-08 2.3866249E-08 2.7028337E-08 1.2317430E-08 1.5952615E-08 2.1348095E-08 2.4154401E-08 1.9619556E-08  307.2103 305.8419 303.4526 300.7310 304.2357 301.9415 301.0808 301.2291 302.0993 300.4910 300.0037 292.9889 300.7441 299.1191 298.5778 299.3294  22400
1971 2.5278197E-08 2.8171007E-08 3.3149661E-08 4.2699693E-08 1.8992782E-08 2.6824894E-08 3.2358301E-08 3.0536935E-08 1.5407592E-08 2.4029092E-08 2.6984889E-08 1.2828758E-08 1.5536989E-08 2.3822365E-08 2.7034476E-08 2.0671951E-08  305.8627 304.5929 302.5879 300.0001 303.8319 301.3425 300.3472 300.6134 301.5848 299.7573 299.2399 292.9889 299.7549 297.8268 297.2202 298.0178  26112.9
1972 2.3092552E-08 2.7014991E-08 3.1562827E-08 4.3830902E-08 2.5795769E-08 3.5215340E-08 4.0727624E-08 3.9680160E-08 2.2610140E-08 3.0829156E-08 3.3001541E-08 1.7888224E-08 1.8170827E-08 2.4222421E-08 2.5983274E-08 2.1562329E-08  305.5164 303.9832 301.7895 299.4154 302.7675 300.5589 299.4868 299.5367 300.6799 298.9531 298.3101 292.9889 298.9186 297.0149 296.4729 297.0992  81906.5
1973 2.1141242E-08 2.4668124E-08 3.2408128E-08 4.5697835E-08 1.9841192E-08 2.8281898E-08 3.2758415E-08 3.1963026E-08 1.7188045E-08 2.5257000E-08 2.7506786E-08 1.2906651E-08 1.6552621E-08 2.4398416E-08 2.5259478E-08 1.8262996E-08  306.6335 305.2491 302.9771 300.5035 303.6273 301.5030 300.7103 301.0703 301.6659 300.0198 299.6577 292.9889 300.1554 298.3216 297.7864 298.7512  38132.3
1974 2.0512566E-08 2.6682951E-08 3.2994834E-08 4.1580421E-08 1.9919161E-08 3.1909188E-08 3.4450171E-08 3.2257027E-08 1.7262368E-08 2.7177794E-08 2.8981230E-08 1.2891946E-08 1.7969874E-08 2.5738615E-08 2.6017823E-08 2.0876312E-08  306.4765 304.8854 302.6913 300.1620 303.4695 301.2005 300.3628 300.6058 301.2796 299.4820 298.9760 292.9890 299.6407 297.7490 297.1703 297.8739  32712.9
1975 1.9774436E-08 2.2936890E-08 2.8713654E-08 3.7544869E-08 1.7516314E-08 2.6614041E-08 3.0423401E-08 2.5672332E-08 1.6280660E-08 2.4416378E-08 2.6118380E-08 1.1934039E-08 1.4863325E-08 1.9932004E-08 2.3734389E-08 1.8219872E-08  307.7026 306.5207 303.8034 300.7540 304.8955 302.1721 300.8862 301.2552 302.1624 300.2546 299.6693 292.9889 300.7089 298.9064 298.1083 298.8687  32406.5
1976 1.8780993E-08 2.2572957E-08 2.6013550E-08 3.2554212E-08 2.1998137E-08 2.8097752E-08 3.1072513E-08 3.0351739E-08 2.0578499E-08 3.0763090E-08 2.9929367E-08 1.8232875E-08 1.8082423E-08 2.2653598E-08 2.5003663E-08 2.1011736E-08  307.4149 305.7938 303.3416 300.6686 303.5882 301.2018 300.2398 300.3682 300.8589 299.0565 298.5606 292.9889 299.2263 297.4907 296.7574 297.4421  17148.4
1977 2.4154922E-08 2.8691121E-08 3.5554599E-08 4.4761578E-08 2.2872772E-08 3.3456686E-08 3.9178623E-08 3.6161413E-08 2.0510150E-08 3.1693901E-08 3.3825220E-08 1.5624671E-08 1.7813614E-08 2.4223459E-08 2.6872899E-08 2.0820135E-08  306.1991 304.4832 301.9814 299.6871 303.3241 300.9500 299.9822 300.0991 301.1786 299.3092 298.6922 292.9889 299.4704 297.4685 296.7606 297.5842  15360
1978 1.8779826E-08 2.3710227E-08 2.8113424E-08 4.1472585E-08 1.8223105E-08 2.4125356E-08 2.9468712E-08 2.7543818E-08 1.5874113E-08 2.4208688E-08 2.6725877E-08 1.3507193E-08 1.6590826E-08 2.1710276E-08 2.4462890E-08 1.8793608E-08  308.0651 306.4527 303.9356 300.9711 304.9696 302.4168 301.3040 301.4160 302.2885 300.5965 300.0753 292.9889 300.5874 298.8697 298.2392 298.9867  42287.1
1979 2.0412681E-08 2.3072706E-08 3.0139010E-08 4.3815167E-08 1.9096259E-08 2.8645086E-08 3.2469639E-08 3.2217020E-08 1.7326277E-08 2.6996419E-08 2.9826342E-08 1.3638559E-08 1.7294571E-08 2.2792168E-08 2.5681432E-08 1.7911198E-08  307.1953 305.8369 303.3085 300.6424 304.1565 301.6388 300.6188 300.5768 301.9780 300.0297 299.3313 292.9889 300.2204 298.3400 297.5987 298.4143  59093.5
1980 2.0806155E-08 2.4015659E-08 2.9299166E-08 4.1521250E-08 1.9252751E-08 2.8250126E-08 3.3668819E-08 3.1626300E-08 1.7631143E-08 2.7345754E-08 2.8310442E-08 1.3374969E-08 1.8074806E-08 2.5754742E-08 2.6856739E-08 2.0968603E-08  307.2838 305.7054 303.4341 300.6263 304.3959 301.7330 300.5964 300.8379 301.7547 299.8227 299.0797 292.9889 299.9950 297.8761 297.2252 297.9155  40064.5
1981 2.2693945E-08 2.6973343E-08 3.1124035E-08 4.1311420E-08 1.8796424E-08 2.8180262E-08 3.2008831E-08 3.2491023E-08 1.7106361E-08 2.6047077E-08 3.0230513E-08 1.3046656E-08 1.6832903E-08 2.2931687E-08 2.4902244E-08 2.0953507E-08  307.0595 305.5381 303.4152 300.8451 304.7353 302.0650 301.0493 301.4142 302.3455 300.4078 299.8219 292.9890 300.6256 298.7060 298.0708 298.7131  46458.1
1982 1.9180623E-08 2.2338432E-08 3.0900882E-08 4.2761364E-08 2.0176845E-08 2.9915409E-08 3.5823675E-08 3.3502101E-08 1.7122863E-08 2.6738793E-08 2.8760581E-08 1.4940523E-08 1.6288178E-08 2.4086793E-08 2.5789118E-08 1.9163620E-08  307.1722 305.6592 302.9843 300.3203 303.7276 301.2697 300.1510 300.1922 301.1995 299.2615 298.5280 289.7599 299.1224 297.2826 296.6357 297.3224  29741.9
1983 1.6848469E-08 1.9322608E-08 2.6825910E-08 4.4107928E-08 2.0028125E-08 2.9866843E-08 3.6604128E-08 3.7136378E-08 2.1920899E-08 3.2622680E-08 3.3002252E-08 1.7875912E-08 1.9077236E-08 2.6383354E-08 2.8417571E-08 2.2471806E-08  307.1045 305.7643 303.3243 300.7639 303.5345 301.5838 300.8217 300.9752 301.8727 300.0211 299.4668 295.2864 300.4210 298.6875 297.9188 298.6377  37448.4
1984 1.8775987E-08 2.3922222E-08 3.1452199E-08 4.2800401E-08 1.7259616E-08 2.4836767E-08 3.1063419E-08 3.0639459E-08 1.4238333E-08 2.3862105E-08 2.6001873E-08 1.0850780E-08 1.4300007E-08 2.0876803E-08 2.3840927E-08 1.8971763E-08  306.7623 305.4883 303.0617 300.2460 304.5566 301.9654 301.0009 301.4336 302.1477 300.4373 300.0612 292.2181 300.6363 299.1583 298.4595 299.2450  34709.7
1985 2.1430482E-08 2.5678867E-08 3.1741568E-08 4.3533184E-08 1.7874541E-08 2.5470561E-08 3.0158592E-08 2.9056689E-08 1.6133139E-08 2.7319640E-08 2.8813021E-08 1.1343558E-08 1.6812963E-08 2.3408795E-08 2.6231268E-08 2.1570079E-08  306.2307 304.6774 302.5360 299.9328 304.0589 301.5038 300.5698 300.6606 301.8889 299.9958 299.4123 293.3634 300.3276 298.3277 297.5110 298.1423  36287.1
1986 2.2019936E-08 2.5267379E-08 3.1455471E-08 4.1791029E-08 1.8786860E-08 2.7201493E-08 3.1768394E-08 2.9729286E-08 1.4879430E-08 2.3751117E-08 2.6717451E-08 1.0852901E-08 1.5718117E-08 2.0397747E-08 2.2555865E-08 1.8145300E-08  305.5816 304.2863 302.2718 299.9774 303.6038 301.2542 300.5219 300.8102 301.8040 300.0731 299.5609 292.5210 300.3091 298.7328 297.9275 298.4955  61480.6
1987 1.8565128E-08 2.1542247E-08 2.9709851E-08 4.1447908E-08 1.9283139E-08 2.8000668E-08 3.4012249E-08 3.1785213E-08 1.9981538E-08 3.0302012E-08 3.1152535E-08 1.4845918E-08 1.8127007E-08 2.4985148E-08 2.8068158E-08 2.3549884E-08  307.0367 305.4665 303.0699 300.7755 304.3196 301.9797 300.9499 301.3124 301.8825 300.0477 299.5148 295.1410 300.0361 298.1833 297.3608 298.0089  36587.1
1988 2.0877204E-08 2.3704629E-08 3.0614178E-08 4.0539096E-08 2.0821066E-08 2.7669708E-08 3.0556027E-08 3.0619020E-08 1.6389844E-08 2.6434794E-08 2.7003743E-08 1.1620363E-08 1.3267163E-08 1.8335644E-08 2.0629823E-08 1.4863583E-08  307.6198 306.5356 304.3908 301.4297 304.5404 302.2957 301.3520 301.6723 302.3968 300.7424 300.2906 293.7045 301.1104 299.4092 299.0034 299.8665  15154.8
1989 1.9173864E-08 2.0258684E-08 2.6291833E-08 3.6858353E-08 1.9650559E-08 2.6517235E-08 2.9230195E-08 2.6446905E-08 1.9748658E-08 2.8046211E-08 2.9222901E-08 1.6035914E-08 1.4520182E-08 2.0593335E-08 2.3495536E-08 1.8925450E-08  308.0092 306.9939 304.4884 301.1374 304.7753 302.0354 300.8457 301.2285 301.7858 299.7537 299.2656 293.1319 300.3307 298.4407 297.6553 298.2865  17912.9
1990 1.8379250E-08 2.2710994E-08 2.9367257E-08 4.0357413E-08 1.8575571E-08 2.8102543E-08 3.3301163E-08 3.3091084E-08 2.0212003E-08 3.0201406E-08 3.1377102E-08 1.6028141E-08 1.8443684E-08 2.5568863E-08 2.7339132E-08 1.9464386E-08  307.7287 305.8514 303.3994 300.7957 304.4710 301.9135 300.8355 300.7865 301.9021 299.9169 299.0922 291.4446 300.0739 298.0619 297.4358 298.2473  57138.7
1991 1.9932743E-08 2.4861528E-08 3.4866417E-08 4.5887823E-08 1.6948734E-08 2.7388452E-08 3.5485584E-08 3.7172263E-08 1.6111796E-08 2.8730367E-08 2.9700479E-08 1.2688958E-08 1.3407837E-08 2.0253301E-08 2.3757007E-08 1.9442739E-08  306.5772 304.5229 302.2204 300.0143 304.2952 301.8173 300.8670 300.8000 302.2332 300.5494 299.9954 295.5223 300.7990 298.9221 298.2513 298.9990  45325.8
1992 2.5213458E-08 3.3572093E-08 4.2482327E-08 5.2023211E-08 2.2152973E-08 3.4236869E-08 3.7868702E-08 3.8176591E-08 1.8437039E-08 2.7688031E-08 2.9198437E-08 1.0856252E-08 1.7001680E-08 2.3827910E-08 2.7537656E-08 2.1811532E-08  304.7750 303.0004 301.0535 299.0951 302.8599 300.9144 300.1467 300.1707 301.2941 299.7794 299.3804 291.8206 299.9293 298.2928 297.4670 298.1849  31158.1
1993 1.6855973E-08 1.9981284E-08 2.5765592E-08 3.9490985E-08 1.9684947E-08 2.6770177E-08 3.0861365E-08 2.9750350E-08 2.0111345E-08 2.8981461E-08 3.1805577E-08 1.6856152E-08 1.6501959E-08 2.5202390E-08 2.6366221E-08 2.1549470E-08  307.7286 306.1456 303.3692 300.8291 304.0306 301.7049 300.9045 301.1173 301.5084 299.9352 299.3801 292.8328 299.8357 297.9150 297.4576 298.2151  113419
1994 2.2718570E-08 2.7420429E-08 3.5193697E-08 4.6740404E-08 1.9631383E-08 3.2593668E-08 3.7943092E-08 3.8038660E-08 1.7551514E-08 2.7679913E-08 3.1135610E-08 1.3409062E-08 1.5378621E-08 2.1196554E-08 2.3524148E-08 1.9168477E-08  305.8900 304.4839 302.2115 299.7327 303.5593 301.2135 300.3285 300.3509 301.6881 300.0149 299.4984 292.0707 300.4367 298.7440 297.9959 298.6424  48271
1995 2.3495192E-08 2.7351547E-08 3.3591707E-08 4.4740368E-08 2.1174746E-08 3.0389508E-08 3.3652110E-08 3.2495699E-08 2.0319378E-08 2.8278576E-08 3.0391920E-08 1.5621175E-08 2.0102306E-08 2.7547884E-08 2.9592179E-08 2.3636220E-08  306.9659 305.5344 303.4025 300.9592 304.5110 302.0993 301.1338 301.3259 301.9623 300.1488 299.5069 294.1860 300.1046 298.2330 297.5643 298.3025  65061.3
1996 2.1036064E-08 2.4620192E-08 3.3017649E-08 4.1900236E-08 1.9935934E-08 2.9135213E-08 3.5106460E-08 3.1959164E-08 1.7646258E-08 2.5639839E-08 2.6672835E-08 1.3033754E-08 1.5380323E-08 2.2559776E-08 2.4374312E-08 1.8576028E-08  307.6533 306.0717 303.4265 300.5540 304.3989 301.7336 300.5829 300.6172 301.8373 299.9967 299.3099 290.5292 300.1788 298.2714 297.5493 298.3023  35951.6
1997 1.6766139E-08 2.0055442E-08 3.0521910E-08 4.2372289E-08 2.1715801E-08 3.2443172E-08 3.8446860E-08 3.7382861E-08 1.9971770E-08 3.2338058E-08 3.5878731E-08 2.0908521E-08 1.8191161E-08 2.5697499E-08 2.5145281E-08 1.9567510E-08  308.2706 306.5712 303.7443 300.7940 304.7165 301.9381 300.6272 300.5529 301.8206 299.7616 298.7925 292.3611 299.8316 297.7798 297.0547 297.6952  60974.2
1998 1.8186554E-08 2.3114048E-08 2.9796119E-08 4.5199364E-08 1.8682359E-08 2.7465306E-08 3.3155391E-08 3.0772618E-08 1.9516580E-08 2.9534968E-08 2.9998230E-08 1.3182929E-08 1.8573807E-08 2.5592566E-08 2.9364866E-08 2.2425050E-08  307.9998 306.6518 304.3457 301.7669 304.5403 302.7775 302.0124 302.3725 302.8350 301.2949 300.9566 296.0340 301.3131 299.8041 299.3183 300.2535  39796.8
1999 1.7065940E-08 1.9811262E-08 2.6537764E-08 3.8679737E-08 1.5741357E-08 2.3561341E-08 3.0511025E-08 2.9023925E-08 1.6144163E-08 2.3932376E-08 2.6001281E-08 1.1790450E-08 1.4098803E-08 2.0334124E-08 2.3043954E-08 1.9388242E-08  308.7434 307.7745 305.3584 301.8313 306.0409 303.1512 301.7236 302.1099 302.5990 300.6823 300.1860 295.2863 301.0949 299.3189 298.6929 299.4862  65629
2000 1.9241577E-08 2.1502361E-08 2.7075217E-08 3.8912940E-08 1.7591328E-08 2.6908323E-08 3.1384076E-08 2.8496469E-08 1.6224366E-08 2.4506861E-08 2.7053707E-08 1.2203103E-08 1.5423522E-08 2.2641069E-08 2.4560720E-08 1.9056104E-08  308.7299 307.4897 304.7962 301.4948 305.9559 303.1233 301.6465 301.8129 303.1113 300.9932 300.3324 293.8752 301.5031 299.6180 298.8769 299.6308  38251.6
2001 1.9320563E-08 2.3897940E-08 3.4184282E-08 4.8769476E-08 1.9570834E-08 2.9446026E-08 3.4676624E-08 3.3965406E-08 1.4549565E-08 2.4443590E-08 2.7337054E-08 1.1084344E-08 1.3649304E-08 1.9251763E-08 2.2449317E-08 1.7210077E-08  307.3994 305.9272 303.2070 300.6581 305.0959 302.3320 301.2348 301.5300 302.8771 300.8755 300.4479 294.6773 301.3279 299.4610 298.7917 299.5786  37041.9
2002 2.1741480E-08 2.4012548E-08 3.1575063E-08 4.3545370E-08 2.1534515E-08 2.9656068E-08 3.6507249E-08 3.6908716E-08 1.7014585E-08 2.7837041E-08 3.1573300E-08 1.3458595E-08 1.6824089E-08 2.3900517E-08 2.7524070E-08 2.1127036E-08  307.4305 305.8983 303.1639 300.6127 304.9345 302.2766 301.1382 301.1907 302.4994 300.4920 299.8138 295.4672 300.8430 298.8420 297.9601 298.7492  61880.6
2003 2.1068836E-08 2.5446584E-08 2.8617194E-08 4.0660254E-08 1.9908217E-08 2.7083161E-08 3.0691385E-08 2.7894801E-08 1.6362206E-08 2.3437973E-08 2.5303128E-08 1.3377981E-08 1.5186780E-08 2.2621739E-08 2.5300274E-08 2.1550585E-08  307.6588 306.1019 303.7931 300.9895 304.9992 302.4076 301.2943 301.6148 302.6955 300.7630 300.1361 292.3697 301.0899 299.0823 298.2925 298.9490  25838.7
2004 2.1559293E-08 2.4889191E-08 3.2065923E-08 4.3833037E-08 1.9332679E-08 2.7290358E-08 3.0983166E-08 3.0284994E-08 1.8131036E-08 2.7227408E-08 2.9509854E-08 1.3601656E-08 1.7187094E-08 2.4803988E-08 2.7933526E-08 2.2128498E-08  307.6416 306.1433 303.5193 300.8743 304.7714 302.2997 301.2762 301.2409 302.2289 300.4369 299.8673 293.6197 300.4640 298.5775 297.9342 298.8257  34900
2005 2.0584579E-08 2.2999881E-08 2.9284902E-08 3.7694029E-08 1.8382003E-08 2.5986527E-08 3.0231789E-08 2.8242466E-08 1.6979351E-08 2.4444923E-08 2.6521180E-08 1.1053136E-08 1.6104995E-08 2.3564446E-08 2.4481404E-08 1.9016641E-08  308.8528 307.5724 304.9920 301.9902 305.9227 303.2017 301.9576 302.5332 303.1619 301.1382 300.5735 295.7746 301.4059 299.4345 298.7611 299.6396  25683.9
2006 1.7712660E-08 2.2975522E-08 2.7113773E-08 3.4916440E-08 2.1946605E-08 3.2879925E-08 3.6043193E-08 3.3581642E-08 2.2146134E-08 3.2338452E-08 3.2623550E-08 1.8030848E-08 1.7055548E-08 2.5806036E-08 2.8638931E-08 2.3472150E-08  308.8376 307.4283 304.9507 301.9882 305.4395 302.5402 301.5023 301.9241 302.3625 300.5219 299.9051 295.2274 300.4797 298.4351 297.8515 298.6996  26735.5
2007 1.5933271E-08 2.0446500E-08 2.9600447E-08 4.1936172E-08 1.7799701E-08 2.7194268E-08 3.3092828E-08 3.3620534E-08 1.6352532E-08 2.5850387E-08 2.9043527E-08 1.5491153E-08 1.3154916E-08 2.0121309E-08 2.2345390E-08 1.8744124E-08  309.3489 308.0122 305.1830 301.8636 306.1125 303.0179 301.7808 301.8029 303.1207 301.1178 300.4473 293.5765 301.5714 299.6085 298.9763 299.6745  50719.4
2008 1.7026142E-08 1.9378106E-08 2.3768267E-08 3.2489933E-08 1.6504499E-08 2.4933797E-08 2.8023225E-08 2.6284106E-08 2.0376939E-08 2.8652240E-08 3.0420775E-08 1.6886460E-08 1.8026890E-08 2.5380745E-08 2.8108577E-08 2.1911871E-08  308.9375 307.8828 305.6570 302.3904 306.2419 303.1546 301.7075 302.1770 302.7544 300.5815 299.8422 293.0786 300.7599 298.7741 298.0732 298.7635  28748.4
2009 1.7132649E-08 2.1478451E-08 2.8885829E-08 3.9805709E-08 2.0255120E-08 2.8835069E-08 3.5150165E-08 3.4657692E-08 2.0592752E-08 2.9417812E-08 3.0313370E-08 1.8653282E-08 1.8904393E-08 2.5123647E-08 2.7928582E-08 2.1666997E-08  308.0690 306.5029 304.0435 301.4173 304.9703 302.3217 301.1901 301.3697 302.1638 300.2822 299.5510 292.7866 300.3018 298.3189 297.6073 298.3399  37419.4
2010 1.9161652E-08 2.1141441E-08 2.8815677E-08 3.9772342E-08 1.7917708E-08 2.7334048E-08 3.0129790E-08 2.8301757E-08 1.6330459E-08 2.5439030E-08 2.7584505E-08 1.1765037E-08 1.7901140E-08 2.6362585E-08 2.7181578E-08 2.0561583E-08  308.8421 307.5834 304.8756 302.0265 305.6051 303.2089 302.1818 302.4378 302.9768 301.2562 300.7033 296.6378 301.1339 299.0661 298.6145 299.7762  82545.2
2011 1.8055578E-08 2.1228061E-08 2.6661210E-08 3.6787533E-08 1.9976197E-08 2.6539661E-08 3.1870254E-08 2.7749227E-08 2.0336360E-08 2.7913137E-08 2.9702161E-08 1.5539372E-08 2.0354760E-08 2.7406141E-08 2.9387961E-08 2.2670664E-08  308.8238 307.5712 305.1398 302.0937 305.7515 302.8959 301.6533 302.1292 302.5822 300.6474 300.0443 294.3722 300.6482 298.5670 298.0333 298.9069  80025.8
2012 1.6941485E-08 1.8958579E-08 2.5569442E-08 3.6796941E-08 1.7753264E-08 2.6146576E-08 3.0168799E-08 2.9842280E-08 1.6521213E-08 2.6127623E-08 2.9719734E-08 1.6081561E-08 1.6153919E-08 2.4884857E-08 2.6788138E-08 2.2094149E-08  308.5537 307.5989 305.1275 302.0589 305.4032 302.8853 301.7701 302.1611 302.4117 300.6730 300.2157 296.7735 300.5113 298.4991 298.0518 298.9484  24209.7
2013 1.7962552E-08 2.1420288E-08 2.8429433E-08 3.9146688E-08 1.7903508E-08 2.7712000E-08 3.2390268E-08 3.1847669E-08 1.6341833E-08 2.5377206E-08 2.6663304E-08 1.2228385E-08 1.4104724E-08 1.9557486E-08 2.1648354E-08 1.6979689E-08  308.1863 306.9880 304.5043 301.3631 305.3762 302.6891 301.5183 301.6603 302.7141 300.9292 300.3150 294.3708 301.3376 299.4360 298.7930 299.6596  32545.2
2014 1.5552224E-08 1.9665526E-08 2.6897791E-08 3.6102200E-08 1.9219440E-08 2.6618981E-08 3.0672108E-08 2.8291893E-08 1.6437561E-08 2.5639254E-08 2.7338924E-08 1.2735969E-08 1.6986823E-08 2.2723754E-08 2.5480611E-08 1.9562183E-08  309.0045 308.0024 305.3846 302.0099 305.5013 302.9742 301.9986 302.4651 302.5647 300.9481 300.5729 290.4890 300.8528 299.1297 298.5637 299.4221  42109.7
2015 1.9271267E-08 2.3475259E-08 3.0553590E-08 4.1454278E-08 2.0019170E-08 2.9231851E-08 3.5529645E-08 3.4797733E-08 1.7148407E-08 2.6842596E-08 2.9038963E-08 1.5942934E-08 1.7355017E-08 2.3102650E-08 2.6270966E-08 2.1432767E-08  307.1888 305.6944 303.2593 300.5552 304.4365 301.9523 300.8501 300.8434 302.1905 300.3734 299.6625 292.1040 300.6369 298.8078 297.9759 298.4942  40116.1
