STN,01.0
LAT,41.78058635
LON,-90.252073
1958 21322.6
1959 14545.2
1960 42183.9
1961 18477.4
1962 20838.7
1963 20145.2
1964 17580.6
1965 20548.4
1966 36122.6
1967 24787.1
1968 19783.9
1969 33932.3
1970 25058.1
1971 25935.5
1972 28322.6
1973 54103.2
1974 31141.9
1975 20729
1976 25354.8
1977 11651.6
1978 29709.7
1979 17745.2
1980 28564.5
1981 20461.3
1982 20461.3
1983 45648.4
1984 36454.8
1985 37658.1
1986 35580.6
1987 42938.7
1988 23483.9
1989 22474.2
1990 19725.8
1991 22345.2
1992 48071
1993 38090.3
1994 37677.4
1995 36187.1
1996 36935.5
1997 41774.2
1998 31296.8
1999 34483.9
2000 29716.1
2001 30580.6
2002 29471
2003 28209.7
2004 16396.8
2005 33345.2
2006 41877.4
2007 30300
2008 35290.3
2009 29474.2
2010 29925.8
2011 50793.5
2012 26487.1
2013 18687.1
2014 25641.9
2015 34154.8
