STN,03.0
LAT,41.78058635
LON,-90.252073
1958 32200
1959 40954.8
1960 31058.1
1961 58112.9
1962 48067.7
1963 52541.9
1964 25280.6
1965 48703.2
1966 84638.7
1967 46232.3
1968 27754.8
1969 57264.5
1970 38522.6
1971 61158.1
1972 57767.7
1973 127510
1974 60241.9
1975 48754.8
1976 64600
1977 34658.1
1978 30183.9
1979 60506.5
1980 44977.4
1981 40554.8
1982 54296.8
1983 121035
1984 68693.5
1985 84016.1
1986 65422.6
1987 48854.8
1988 45125.8
1989 40416.1
1990 67587.1
1991 50419.4
1992 99048.4
1993 53093.5
1994 74529
1995 61774.2
1996 61574.2
1997 65722.6
1998 74071
1999 46464.5
2000 58632.3
2001 41158.1
2002 44661.3
2003 40519.4
2004 55871
2005 40200
2006 46593.5
2007 68316.1
2008 45764.5
2009 56019.4
2010 79829
2011 86187.1
2012 56638.7
2013 39825.8
2014 45454.8
2015 44222.6
