STN,05.0
LAT,41.78058635
LON,-90.252073
1958 29264.5
1959 41790.3
1960 117584
1961 63351.6
1962 84677.4
1963 56596.8
1964 68993.5
1965 157581
1966 73064.5
1967 56500
1968 57796.8
1969 119345
1970 67554.8
1971 69380.6
1972 98777.4
1973 128297
1974 88451.6
1975 149168
1976 50164.5
1977 23190.3
1978 59651.6
1979 132161
1980 31248.4
1981 58971
1982 111629
1983 100303
1984 110813
1985 86361.3
1986 128194
1987 39290.3
1988 33971
1989 45732.3
1990 65222.6
1991 106897
1992 80651.6
1993 138161
1994 105939
1995 103552
1996 125377
1997 96429
1998 58500
1999 109506
2000 50380.6
2001 185161
2002 97480.6
2003 113642
2004 73625.8
2005 62622.6
2006 86441.9
2007 53654.8
2008 128106
2009 60616.1
2010 60316.1
2011 131161
2012 72351.6
2013 133903
2014 152484
2015 53961.3
