STN,06.0
LAT,41.78058635
LON,-90.252073
1958 33576.7
1959 39063.3
1960 73010
1961 37796.7
1962 83146.7
1963 47170
1964 28940
1965 89766.7
1966 48733.3
1967 62373.3
1968 72153.3
1969 56343.3
1970 66223.3
1971 65326.7
1972 51146.7
1973 88663.3
1974 99990
1975 68553.3
1976 25643.3
1977 22726.7
1978 60866.7
1979 79620
1980 61640
1981 49953.3
1982 63990
1983 58310
1984 90203.3
1985 52526.7
1986 71500
1987 38036.7
1988 15420
1989 42656.7
1990 79743.3
1991 106623
1992 37653.3
1993 141067
1994 54430
1995 70260
1996 95753.3
1997 52006.7
1998 63423.3
1999 90166.7
2000 98136.7
2001 114107
2002 83880
2003 58593.3
2004 139200
2005 70000
2006 49666.7
2007 44503.3
2008 134467
2009 43526.7
2010 61830
2011 99496.7
2012 90500
2013 136863
2014 129933
2015 90580
